t = 60.000000, p = 191.000000
7212
7200
7212
7200
7212
7200
7187
7175
7162
7162
7162
7187
7200
7250
7262
7300
7337
7350
7362
7375
7387
7400
7412
7425
7462
7475
7487
7500
7512
7525
7537
7550
7562
7575
7562
7575
7587
7600
7612
7625
7637
7625
7637
7625
7637
7625
7637
7625
7637
7625
7637
7625
7637
7625
7637
7625
7637
7625
7637
7625
7637
7625
7637
7625
7637
7625
7637
7625
7612
7600
7587
7575
7562
7575
7562
7550
7537
7525
7512
7500
7487
7475
7462
7450
7437
7450
7437
7450
7437
7450
7425
7425
7400
7400
7375
7387
7375
7387
7375
7362
7350
7337
7325
7337
7350
7362
7375
7387
7375
7387
7375
7387
7375
7387
7375
7387
7375
7387
7375
7387
7375
7387
7375
7362
7350
7337
7337
7325
7337
7325
7337
7312
7325
7312
7300
7287
7275
7262
7250
7262
7250
7262
7250
7262
7250
7262
7250
7262
7250
7262
7250
7237
7225
7237
7225
7237
7250
7262
7250
7262
7250
7262
7237
7237
7212
7212
7187
7187
7162
7175
7162
7162
7162
7162
7150
7137
7150
7137
7150
7137
7150
7137
7150
7137
7150
7137
7150
7137
7150
7137
7150
7137
7150
7137
7150
7137
7150
7137
7150
7137
7162
7162
7187
7187
7212
7200
7212
7200
7187
7175
7162
7162
7162
7162
7162
7162
7150
7137
7150
7137
7150
7137
7125
7112
7100
7087
7075
7087
7100
7112
7125
7162
7175
7200
7225
7250
7237
7262
7275
7312
7325
7362
7400
7412
7425
7437
7450
7462
7475
7487
7500
7512
7500
7512
7500
7512
7525
7537
7525
7550
7537
7525
7512
7525
7500
7512
7500
7512
7500
7512
7500
7512
7500
7487
7475
7462
7450
7462
7475
7487
7500
7512
7500
7512
7500
7512
7500
7512
7500
7512
7500
7512
7500
7512
7500
7512
7500
7512
7500
7512
7500
7487
7475
7462
7450
7437
7450
7437
7450
7437
7450
7437
7425
7412
7400
7387
7400
7412
7400
7412
7425
7412
7425
7462
7475
7462
7475
7462
7462
7462
7487
7487
7512
7500
7512
7500
7487
7475
7462
7450
7437
7450
7437
7450
7437
7450
7437
7450
7437
7450
7437
7450
7437
7425
7412
7400
7387
7375
7362
7350
7337
7325
7312
7325
7312
7325
7312
7325
7312
7300
7287
7275
7262
7250
7262
7250
7237
7200
7187
7162
7125
7112
7100
7087
7075
7087
7075
7087
7075
7087
7075
7087
7075
7087
7075
7087
7075
7087
7075
7087
7075
7087
7075
7087
7075
7087
7075
7087
7075
7087
7075
7100
7100
7125
7125
7150
7137
7150
7137
7150
7137
7162
7162
7187
7200
7212
7212
7237
7225
7237
7250
7262
7237
7237
7237
7237
7237
7250
7262
7250
7262
7250
7275
7275
7300
7300
7325
7337
7350
7362
7400
7437
7450
7487
7500
7512
7500
7512
7500
7525
7525
7525
7525
7550
7537
7550
7562
7575
7587
7600
7612
7625
7637
7625
7637
7625
7637
7650
7662
7650
7675
7675
7675
7675
7700
7687
7700
7687
7700
7687
7700
7687
7700
7687
7675
7662
7650
7637
7625
7612
7600
7587
7575
7562
7550
7550
7550
7525
7500
7500
7462
7450
7437
7425
7412
7400
7387
7375
7387
7375
7387
7375
7387
7375
7387
7375
7362
7350
7362
7350
7337
7350
7337
7325
7312
7325
7312
7325
7312
7300
7287
7275
7262
7250
7237
7225
7212
7212
7200
7212
7212
7225
7237
7250
7237
7225
7212
7212
7200
7212
7200
7212
7200
7187
7175
7162
7150
7137
7150
7137
7150
7125
7137
7125
7112
7100
7125
7112
7100
7112
7100
7087
7075
7087
7075
7062
7050
7037
7025
7012
7025
7012
7025
7012
7025
7000
7000
6975
6975
6950
6937
6925
6912
6900
6887
6875
6862
6850
6812
6800
6787
6775
6762
6750
6737
6725
6725
6725
6725
6725
6712
6712
6700
6687
6675
6675
6662
6650
6662
6650
6662
6650
6662
6650
6637
6625
6612
6600
6587
6600
6587
6600
6587
6600
6612
6625
6612
6625
6612
6600
6587
6600
6612
6612
6612
6637
6637
6637
6650
6637
6625
6612
6612
6612
6612
6612
6637
6625
6637
6650
6662
6650
6662
6650
6662
6650
6662
6650
6662
6650
6662
6650
6662
6650
6662
6650
6662
6675
6687
6700
6712
6725
6725
6750
6750
6775
6787
6800
6812
6850
6862
6875
6887
6900
6887
6900
6887
6900
6875
6875
6850
6850
6825
6812
6800
6787
6775
6762
6775
6787
6800
6787
6800
6787
6775
6762
6775
6762
6775
6787
6800
6812
6825
6837
6825
6837
6825
6837
6825
6837
6812
6812
6812
6812
6812
6825
6812
6800
6787
6775
6762
6775
6762
6775
6762
6750
6737
6725
6700
6700
6700
6675
6675
6675
6637
6625
6637
6625
6612
6625
6600
6587
6575
6562
6550
6550
6537
6525
6537
6512
6512
6487
6487
6462
6475
6462
6475
6462
6450
6437
6425
6387
6375
6387
6375
6387
6400
6412
6400
6412
6400
6387
6375
6362
6350
6362
6375
6362
6375
6362
6362
6350
6362
6375
6387
6362
6375
6362
6325
6312
6300
6262
6250
6262
6250
6262
6300
6312
6325
6337
6350
6362
6375
6387
6400
6412
6400
6412
6400
6412
6400
6412
6400
6412
6400
6387
6375
6362
6350
6337
6350
6337
6350
6362
6375
6400
6425
6450
6450
6475
6487
6500
6512
6550
6562
6575
6587
6600
6587
6600
6612
6625
6650
6675
6700
6712
6737
6750
6762
6775
6762
6775
6750
6762
6750
6762
6750
6775
6762
6775
6762
6775
6762
6775
6762
6775
6750
6750
6750
6750
6725
6737
6750
6737
6750
6750
6762
6750
6762
6750
6775
6762
6775
6762
6775
6762
6775
6762
6750
6737
6725
6725
6712
6725
6712
6700
6700
6700
6700
6700
6700
6687
6675
6662
6650
6662
6650
6662
6650
6662
6650
6662
6650
6662
6650
6662
6650
6662
6650
6662
6650
6662
6650
6662
6650
6662
6650
6662
6650
6662
6650
6637
6637
6637
6637
6637
6637
6625
6612
6600
6587
6600
6587
6600
6587
6600
6612
6625
6612
6637
6637
6637
6637
6662
6650
6662
6650
6662
6650
6637
6625
6637
6625
6612
6625
6612
6575
6562
6550
6512
6500
6487
6475
6462
6450
6437
6425
6412
6400
6412
6400
6412
6400
6412
6400
6412
6400
6412
6400
6412
6400
6412
6400
6412
6425
6437
6450
6462
6475
6462
6475
6487
6500
6512
6525
6537
6525
6550
6537
6550
6537
6550
6525
6537
6525
6537
6525
6537
6525
6537
6525
6537
6525
6537
6550
6562
6575
6612
6650
6662
6700
6712
6725
6725
6737
6750
6762
6787
6787
6812
6812
6850
6850
6875
6875
6900
6887
6900
6887
6900
6887
6912
6900
6912
6925
6937
6912
6937
6937
6912
6912
6912
6900
6887
6875
6862
6850
6837
6825
6837
6825
6837
6825
6837
6825
6837
6825
6837
6825
6837
6825
6837
6825
6837
6825
6812
6800
6787
6750
6750
6750
6725
6725
6725
6700
6687
6675
6637
6600
6587
6550
6537
6525
6537
6525
6537
6525
6537
6525
6537
6525
6537
6525
6512
6512
6512
6512
6512
6537
6525
6537
6550
6562
6550
6562
6550
6537
6525
6537
6550
6562
6575
6587
6575
6562
6550
6537
6512
6525
6500
6500
6475
6487
6462
6475
6450
6450
6425
6425
6400
6412
6400
6412
6400
6412
6400
6387
6375
6387
6375
6387
6400
6412
6400
6412
6387
6400
6387
6400
6387
6412
6400
6412
6400
6412
6400
6412
6400
6412
6400
6412
6400
6412
6400
6412
6400
6412
6400
6412
6400
6412
6400
6412
6425
6437
6450
6462
6475
6462
6475
6462
6475
6462
6475
6487
6500
6512
6512
6525
6512
6525
6512
6537
6525
6537
6525
6537
6550
6562
6575
6587
6600
6587
6600
6587
6600
6587
6600
6587
6600
6587
6600
6587
6575
6562
6550
6537
6550
6562
6575
6587
6600
6587
6600
6587
6600
6587
6600
6587
6600
6587
6600
6587
6600
6587
6575
6562
6550
6537
6525
6537
6525
6512
6500
6487
6475
6462
6475
6462
6450
6437
6425
6412
6400
6412
6400
6387
6375
6362
6350
6337
6325
6312
6300
6287
6275
6287
6275
6287
6275
6287
6275
6287
6275
6287
6275
6262
6262
6250
6237
6225
6237
6212
6237
6237
6237
6237
6237
6200
6200
6200
6200
6200
6225
6212
6225
6212
6225
6212
6237
6237
6237
6237
6262
6250
6262
6275
6287
6275
6287
6275
6287
6275
6287
6300
6312
6337
6362
6362
6362
6387
6375
6387
6400
6412
6400
6412
6400
6412
6400
6412
6400
6412
6400
6412
6400
6387
6375
6362
6350
6362
6375
6362
6375
6387
6362
6375
6387
6400
6387
6412
6400
6412
6400
6387
6375
6362
6350
6337
6350
6337
6325
6312
6300
6287
6275
6287
6275
6287
6275
6262
6250
6237
6225
6200
6200
6200
6187
6175
6175
6175
6162
6175
6162
6150
6137
6125
6112
6100
6125
6112
6125
6112
6125
6100
6112
6100
6112
6100
6112
6125
6137
6150
6162
6175
6162
6150
6150
6150
6150
6150
6175
6175
6187
6200
6212
6225
6237
6250
6262
6275
6287
6275
6287
6300
6337
6350
6387
6425
6437
6450
6462
6475
6487
6500
6512
6550
6562
6575
6587
6600
6575
6575
6575
6575
6575
6587
6600
6587
6600
6587
6600
6587
6600
6587
6600
6587
6600
6587
6600
6587
6600
6587
6575
6575
6575
6575
6575
6600
6587
6600
6587
6600
6587
6600
6587
6600
6587
6600
6587
6600
6587
6600
6587
6600
6587
6600
6587
6575
6562
6550
6537
6525
6512
6500
6487
6475
6462
6475
6462
6475
6462
6475
6462
6475
6462
6475
6462
6450
6437
6450
6425
6425
6425
6425
6400
6412
6400
6412
6400
6412
6400
6412
6400
6412
6400
6412
6400
6412
6400
6412
6400
6412
6400
6412
6400
6412
6400
6387
6375
6362
6350
6337
6350
6325
6325
6325
6325
6325
6337
6350
6337
6350
6337
6350
6337
6350
6337
6325
6312
6325
6312
6300
6312
6300
6287
6275
6287
6275
6287
6275
6287
6275
6287
6275
6287
6275
6287
6275
6300
6287
6300
6312
6325
6325
6337
6350
6337
6350
6337
6350
6337
6350
6337
6350
6337
6350
6337
6350
6362
6375
6387
6400
6412
6400
6412
6400
6412
6400
6412
6400
6412
6400
6412
6400
6412
6400
6387
6375
6387
6375
6362
6375
6362
6350
6337
6350
6337
6325
6312
6300
6287
6275
6287
6300
6312
6325
6362
6400
6412
6450
6462
6475
6462
6475
6487
6500
6512
6525
6537
6525
6537
6525
6537
6525
6537
6550
6562
6550
6562
6575
6562
6550
6562
6575
6562
6550
6562
6550
6537
6525
6537
6525
6537
6525
6537
6525
6537
6525
6537
6525
6537
6525
6537
6525
6537
6525
6537
6525
6537
6525
6537
6512
6512
6487
6487
6462
6475
6462
6475
6462
6450
6437
6425
6412
6400
6412
6400
6387
6375
6362
6350
6362
6375
6387
6400
6412
6400
6387
6375
6387
6375
6362
6375
6362
6350
6337
6350
6337
6350
6337
6325
6325
6325
6325
6325
6350
6337
6350
6337
6350
6337
6350
6337
6350
6337
6350
6337
6325
6312
6300
6287
6275
6287
6275
6287
6275
6262
6250
6237
6225
6212
6200
6187
6175
6175
6162
6175
6162
6175
6162
6175
6162
6175
6162
6175
6162
6175
6162
6175
6162
6175
6162
6175
6162
6175
6162
6175
6162
6175
6162
6175
6162
6175
6162
6175
6162
6175
6175
6187
6175
6200
6200
6175
6175
6175
6175
6175
6187
6200
6212
6225
6212
6225
6212
6225
6212
6225
6212
6225
6237
6250
6262
6275
6287
6275
6287
6300
6312
6325
6337
6350
6337
6350
6337
6362
6350
6362
6350
6362
6337
6350
6337
6350
6337
6350
6337
6350
6325
6325
6300
6300
6300
6312
6300
6312
6300
6300
6300
6325
6325
6350
6362
6375
6387
6425
6437
6450
6462
6475
6487
6500
6512
6550
6562
6575
6587
6600
6587
6600
6587
6600
6587
6600
6587
6600
6587
6600
6587
6600
6587
6600
6587
6600
6587
6600
6587
6600
6587
6575
6562
6550
6537
6525
6537
6525
6512
6500
6487
6475
6462
6475
6462
6475
6462
6475
6462
6450
6437
6425
6412
6400
6412
6400
6412
6400
6412
6400
6412
6387
6387
6362
6362
6337
6350
6337
6350
6337
6350
6337
6350
6337
6350
6337
6350
6337
6350
6337
6350
6337
6350
6337
6350
6362
6375
6362
6375
6362
6350
6337
6350
6337
6362
6362
6362
6362
6362
6350
6325
6337
6325
6337
6325
6350
6325
6325
6325
6325
6325
6325
6337
6325
6337
6325
6350
6337
6350
6362
6362
6362
6362
6362
6337
6325
6312
6300
6287
6275
6287
6275
6287
6275
6287
6275
6287
6275
6287
6275
6287
6275
6287
6275
6287
6275
6262
6262
6250
6237
6250
6262
6237
6262
6262
6262
6262
6262
6250
6237
6237
6237
6237
6250
6250
6237
6225
6237
6212
6225
6237
6250
6262
6275
6262
6250
6237
6237
6237
6237
6237
6237
6225
6212
6225
6212
6225
6212
6225
6212
6225
6212
6225
6212
6225
6212
6225
6237
6250
6262
6300
6312
6325
6337
6350
6362
6375
6387
6425
6437
6450
6487
6500
6512
6525
6537
6525
6537
6525
6537
6525
6537
6525
6537
6525
6537
6525
6537
6525
6537
6525
6537
6525
6537
6525
6537
6525
6537
6525
6537
6525
6537
6525
6537
6525
6512
6500
6487
6475
6462
6475
6462
6475
6462
6475
6462
6475
6462
6475
6462
6475
6462
6475
6462
6475
6462
6487
6475
6487
6475
6487
6462
6475
6462
6475
6462
6475
6462
6475
6462
6475
6462
6475
6462
6450
6437
6425
6412
6425
6437
6450
6462
6475
6462
6475
6462
6475
6462
6475
6462
6475
6462
6450
6437
6450
6425
6425
6425
6425
6400
6412
6400
6412
6387
6400
6387
6400
6387
6387
6387
6387
6387
6387
6412
6400
6387
6375
6387
6375
6362
6375
6362
6350
6337
6350
6337
6325
6312
6325
6312
6300
6312
6300
6287
6275
6287
6275
6287
6275
6287
6275
6287
6275
6287
6275
6287
6275
6287
6275
6287
6275
6287
6275
6287
6275
6262
6250
6237
6225
6212
6225
6212
6225
6212
6225
6212
6225
6212
6225
6212
6225
6212
6225
6212
6225
6212
6225
6212
6225
6212
6225
6212
6200
6187
6175
6175
6162
6175
6175
6175
6175
6175
6175
6175
6200
6200
6200
6200
6200
6200
6225
6250
6262
6300
6337
6350
6387
6425
6437
6450
6462
6487
6487
6512
6512
6537
6525
6537
6550
6562
6575
6587
6600
6587
6600
6587
6612
6612
6612
6612
6612
6600
6587
6600
6587
6600
6587
6600
6587
6600
6587
6600
6587
6600
6587
6600
6587
6600
6587
6575
6562
6550
6537
6525
6537
6525
6537
6525
6537
6525
6537
6512
6512
6487
6487
6462
6475
6462
6475
6462
6475
6462
6475
6462
6475
6487
6487
6462
6462
6462
6437
6450
6462
6475
6487
6500
6487
6512
6500
6487
6475
6487
6462
6475
6462
6475
6487
6500
6487
6500
6487
6475
6462
6450
6437
6425
6412
6400
6412
6400
6387
6375
6362
6350
6362
6375
6387
6400
6412
6400
6412
6400
6387
6375
6362
6350
6337
6350
6337
6325
6325
6312
6300
6287
6300
6300
6312
6300
6312
6300
6287
6275
6287
6275
6262
6250
6237
6225
6212
6225
6212
6225
6212
6225
6212
6237
6237
6262
6262
6287
6275
6287
6275
6262
6262
6250
6237
6225
6237
6212
6225
6212
6225
6212
6225
6212
6225
6212
6225
6212
6225
6212
6225
6212
6200
6187
6175
6175
6175
6187
6200
6212
6225
6212
6225
6212
6225
6212
6225
6212
6225
6212
6225
6212
6225
6212
6225
6212
6237
6237
6237
6237
6237
6225
6212
6225
6212
6225
6212
6225
6212
6225
6237
6250
6262
6300
6312
6325
6337
6350
6362
6375
6387
6425
6437
6450
6462
6475
6462
6475
6462
6475
6487
6500
6512
6525
6537
6550
6562
6575
6587
6575
6562
6550
6537
6550
6562
6550
6562
6550
6537
6525
6537
6525
6537
6525
6537
6525
6537
6525
6537
6525
6537
6525
6537
6525
6512
6500
6512
6500
6512
6525
6537
6525
6537
6525
6512
6500
6487
6475
6462
6475
6462
6475
6462
6450
6437
6425
6412
6400
6412
6400
6412
6400
6412
6400
6412
6400
6412
6400
6412
6400
6412
6400
6412
6400
6412
6400
6387
6375
6362
6350
6337
6350
6337
6350
6337
6325
6312
6300
6287
6275
6287
6275
6287
6275
6287
6275
6287
6275
6287
6275
6287
6275
6287
6275
6262
6250
6237
6225
6212
6225
6212
6225
6212
6225
6212
6225
6212
6200
6187
6175
6175
6175
6175
6175
6175
6175
6162
6175
6162
6175
6175
6175
6175
6175
6187
6175
6200
6200
6225
6212
6225
6212
6225
6212
6225
6212
6225
6212
6225
6237
6250
6262
6275
6287
6275
6262
6250
6262
6250
6262
6275
6287
6275
6287
6275
6287
6300
6300
6300
6300
6300
6275
6287
6275
6287
6275
6287
6300
6312
6325
6337
6350
6362
6375
6387
6400
6412
6425
6425
6437
6450
6462
6475
6500
6512
6525
6537
6525
6537
6550
6550
6562
6575
6587
6575
6600
6587
6600
6587
6600
6587
6600
6587
6600
6587
6575
6562
6550
6537
6525
6537
6525
6537
6525
6537
6525
6537
6525
6512
6512
6512
6487
6487
6487
6475
6462
6475
6462
6450
6437
6425
6412
6400
6412
6400
6412
6387
6387
6387
6387
6387
6400
6412
6400
6387
6375
6362
6350
6337
6350
6337
6362
6362
6387
6387
6412
6400
6412
6400
6412
6400
6387
6375
6362
6350
6337
6350
6337
6350
6337
6350
6337
6350
6325
6337
6325
6337
6325
6350
6337
6350
6337
6350
6337
6350
6337
6350
6337
6350
6337
6350
6325
6337
6325
6312
6300
6300
6287
6275
6287
6275
6287
6275
6287
6300
6312
6300
6312
6300
6287
6275
6287
6300
6312
6300
6325
6325
6300
6300
6300
6287
6275
6287
6300
6300
6300
6300
6300
6275
6287
6275
6287
6275
6287
6275
6287
6275
6287
6275
6287
6275
6287
6275
6287
6275
6262
6262
6262
6262
6262
6287
6275
6287
6275
6287
6275
6287
6275
6287
6275
6287
6275
6287
6300
6312
6325
6362
6375
6387
6425
6437
6450
6462
6475
6462
6475
6462
6475
6462
6475
6462
6475
6487
6500
6512
6525
6537
6525
6537
6525
6537
6525
6537
6525
6537
6525
6537
6512
6512
6487
6487
6462
6475
6462
6475
6462
6475
6462
6475
6462
6475
6462
6475
6487
6500
6487
6512
6512
6512
6512
6537
6525
6537
6525
6537
6525
6537
6525
6512
6500
6487
6475
6462
6475
6462
6475
6462
6475
6462
6475
6462
6475
6462
6475
6462
6475
6487
6500
6512
6525
6537
6525
6512
6500
6487
6487
6487
6487
6487
6512
6500
6487
6500
6487
6475
6462
6475
6462
6487
6487
6487
6487
6487
6450
6437
6425
6412
6400
6387
6375
6362
6350
6337
6350
6337
6350
6337
6325
6312
6325
6312
6300
6312
6300
6287
6275
6287
6262
6275
6262
6275
6262
6287
6275
6287
6275
6262
6250
6262
6250
6237
6250
6237
6225
6212
6225
6212
6237
6237
6262
6262
6287
6275
6287
6300
6312
6325
6337
6350
6337
6350
6362
6375
6387
6400
6412
6400
6412
6400
6412
6425
6437
6450
6462
6475
6462
6475
6462
6475
6462
6475
6462
6450
6437
6425
6387
6375
6362
6325
6312
6325
6312
6325
6362
6362
6362
6387
6387
6387
6425
6437
6450
6487
6500
6487
6500
6512
6500
6512
6550
6562
6575
6587
6600
6587
6600
6612
6625
6637
6650
6662
6650
6662
6650
6662
6650
6662
6650
6662
6650
6662
6650
6662
6675
6687
6700
6712
6725
6712
6725
6712
6725
6712
6725
6712
6725
6725
6737
6750
6762
6750
6737
6725
6725
6725
6737
6750
6762
6775
6750
6750
6725
6725
6712
6725
6712
6725
6712
6725
6712
6700
6687
6675
6662
6650
6662
6650
6662
6650
6637
6625
6612
6600
6587
6600
6612
6625
6612
6625
6612
6600
6587
6575
6562
6550
6537
6525
6537
6525
6537
6525
6537
6525
6512
6500
6487
6475
6462
6475
6462
6475
6462
6475
6462
6475
6462
6475
6462
6475
6462
6475
6462
6475
6462
6475
6462
6450
6437
6425
6412
6425
6437
6425
6437
6412
6387
6362
6362
6337
6350
6337
6350
6337
6350
6337
6350
6337
6350
6337
6350
6337
6350
6337
6350
6337
6350
6337
6350
6362
6375
6362
6375
6362
6350
6337
6350
6337
6350
6337
6350
6337
6350
6337
6350
6337
6350
6337
6350
6337
6350
6337
6350
6337
6350
6337
6350
6337
6350
6337
6350
6337
6350
6337
6350
6337
6350
6337
6350
6337
6350
6337
6350
6337
6350
6337
6350
6337
6350
6337
6350
6337
6350
6337
6350
6362
6375
6387
6425
6437
6462
6475
6487
6500
6512
6512
6525
6537
6525
6537
6550
6562
6575
6587
6612
6600
6612
6600
6612
6587
6600
6587
6600
6587
6600
6587
6600
6587
6600
6587
6600
6587
6575
6562
6550
6537
6525
6537
6525
6537
6525
6537
6525
6537
6525
6537
6525
6537
6525
6537
6525
6537
6525
6537
6525
6512
6500
6487
6475
6462
6475
6462
6450
6437
6425
6412
6400
6425
6425
6425
6425
6425
6412
6400
6412
6400
6387
6375
6387
6375
6387
6387
6387
6387
6387
6387
6400
6412
6400
6412
6400
6412
6400
6412
6400
6412
6400
6412
6400
6412
6400
6412
6400
6412
6400
6412
6400
6412
6400
6412
6400
6412
6400
6412
6400
6387
6375
6362
6350
6337
6350
6337
6350
6337
6350
6337
6350
6337
6325
6312
6300
6287
6275
6287
6275
6262
6250
6237
6237
6225
6250
6250
6250
6237
6237
6225
6212
6225
6212
6200
6200
6200
6200
6200
6200
6187
6175
6175
6175
6175
6175
6200
6200
6200
6212
6200
6187
6175
6175
6162
6175
6187
6187
6175
6175
6175
6162
6175
6175
6187
6200
6212
6200
6187
6175
6175
6162
6175
6162
6175
6162
6175
6162
6175
6162
6175
6162
6175
6162
6175
6175
6187
6200
6212
6225
6237
6275
6287
6325
6362
6375
6387
6425
6437
6450
6487
6500
6512
6525
6537
6525
6537
6550
6562
6550
6562
6550
6537
6525
6537
6525
6537
6525
6537
6525
6537
6525
6537
6525
6537
6525
6537
6550
6562
6575
6612
6625
6637
6675
6700
6712
6750
6787
6825
6837
6875
6912
6950
6987
7025
7062
7075
7062
7050
7037
7025
7012
7000
7000
7000
7000
7000
7025
7037
7050
7062
7100
7137
7162
7200
7237
7275
7287
7300
7312
7325
7312
7300
7262
7225
7162
7137
7100
7062
7050
7037
7025
7037
7050
7062
7075
7087
7100
7112
7125
7162
7200
7225
7275
7300
7337
7325
7337
7350
7400
7437
7512
7562
7612
7650
7662
7687
7712
7712
7687
7687
7650
7637
7625
7637
7662
7687
7712
7775
7837
7887
7937
7950
7962
7950
7937
7925
7937
7950
8000
8025
8075
8100
8125
8137
8175
8200
8237
8250
8237
8187
8125
8050
7975
7900
7837
7775
7712
7662
7600
7537
7500
7462
7450
7437
7450
7462
7500
7512
7550
7562
7550
7537
7525
7512
7500
7512
7500
7512
7487
7487
7487
7487
7462
7475
7462
7425
7412
7425
7412
7400
7412
7400
7387
7375
7387
7375
7387
7400
7412
7425
7462
7500
7537
7575
7612
7625
7650
7637
7650
7675
7725
7787
7900
7987
8062
8125
8150
8175
8200
8200
8200
8200
8187
8175
8187
8200
8212
8225
8237
8250
8225
8225
8200
8200
8175
8187
8175
8200
8200
8225
8237
8300
8350
8425
8500
8587
8662
8737
8825
8887
8937
8962
8950
8937
8925
8887
8875
8887
8875
8887
8900
8887
8887
8912
8937
8987
9037
9075
9125
9175
9225
9287
9362
9400
9437
9450
9437
9387
9375
9337
9312
9300
9300
9262
9225
9187
9125
9062
8987
8912
8825
8762
8700
8662
8625
8600
8575
8562
8550
8562
8575
8587
8587
8587
8562
8537
8512
8500
8487
8475
8462
8450
8437
8425
8412
8425
8412
8425
8412
8425
8412
8425
8412
8425
8412
8425
8412
8425
8412
8425
8412
8425
8412
8400
8362
8350
8312
8300
8287
8300
8287
8275
8262
8250
8250
8237
8250
8237
8250
8237
8250
8237
8250
8237
8250
8225
8225
8225
8212
8200
8225
8225
8225
8237
8225
8187
8175
8137
8125
8137
8175
8187
8225
8250
8275
8275
8300
8287
8275
8262
8275
8262
8275
8287
8300
8287
8300
8287
8300
8287
8300
8287
8275
8262
8250
8250
8237
8250
8250
8262
8275
8312
8350
8362
8400
8437
8475
8512
8575
8637
8700
8737
8775
8800
8837
8850
8887
8900
8912
8900
8912
8887
8887
8887
8887
8887
8900
8912
8900
8912
8925
8962
8975
9012
9025
9037
9050
9062
9075
9087
9112
9112
9150
9162
9200
9225
9250
9262
9300
9312
9325
9337
9350
9350
9362
9375
9387
9375
9375
9375
9375
9375
9400
9412
9425
9437
9475
9512
9525
9562
9600
9612
9625
9625
9625
9625
9625
9625
9662
9675
9662
9650
9612
9575
9562
9550
9575
9600
9625
9650
9675
9687
9700
9687
9675
9662
9625
9612
9600
9587
9575
9587
9600
9612
9625
9662
9675
9687
9725
9737
9762
9787
9812
9825
9875
9912
9975
10012
10050
10087
10100
10112
10125
10137
10125
10112
10075
10062
10012
9962
9912
9862
9812
9775
9725
9675
9625
9550
9487
9425
9362
9300
9275
9225
9175
9125
9062
8975
8937
8900
8862
8862
8862
8850
8837
8850
8862
8875
8850
8862
8837
8812
8787
8800
8800
8812
8800
8787
8775
8750
8737
8725
8737
8725
8737
8725
8712
8700
8687
8675
8662
8675
8662
8675
8662
8675
8687
8687
8687
8712
8750
8800
8887
8975
9062
9137
9212
9275
9325
9375
9387
9412
9412
9412
9412
9437
9450
9462
9500
9537
9550
9562
9575
9587
9600
9612
9600
9612
9600
9587
9600
9637
9650
9700
9712
9725
9712
9725
9700
9712
9725
9762
9787
9837
9887
9937
9975
10037
10100
10162
10225
10287
10337
10400
10462
10537
10612
10687
10737
10800
10850
10912
10987
11087
11175
11225
11275
11312
11325
11312
11300
11287
11250
11212
11175
11137
11075
11012
10950
10887
10850
10825
10787
10750
10737
10687
10675
10662
10650
10612
10587
10525
10487
10450
10437
10425
10412
10362
10337
10300
10250
10225
10212
10175
10137
10125
10087
10075
10062
10075
10062
10050
10012
10000
9962
9925
9912
9900
9862
9850
9837
9837
9825
9837
9825
9837
9825
9837
9825
9837
9825
9837
9825
9837
9825
9837
9825
9837
9825
9837
9825
9837
9825
9837
9825
9837
9812
9812
9787
9787
9762
9775
9762
9775
9787
9812
9825
9875
9925
10000
10050
10137
10187
10250
10262
10300
10325
10350
10362
10387
10425
10462
10500
10537
10550
10562
10575
10587
10600
10612
10625
10612
10625
10612
10600
10587
10575
10575
10600
10625
10650
10675
10687
10675
10687
10700
10737
10775
10825
10862
10900
10912
10925
10937
10950
10937
10950
10937
10925
10912
10925
10912
10925
10912
10925
10912
10900
10887
10875
10850
10837
10825
10787
10775
10750
10725
10687
10687
10650
10625
10575
10562
10500
10450
10400
10350
10287
10250
10237
10250
10287
10325
10337
10325
10275
10225
10175
10150
10150
10187
10225
10287
10337
10375
10425
10475
10525
10587
10650
10700
10712
10737
10712
10712
10675
10650
10587
10562
10537
10550
10587
10650
10712
10775
10825
10875
10925
10950
10962
11000
11037
11050
11087
11100
11112
11137
11162
11200
11262
11325
11375
11475
11537
11612
11687
11750
11800
11862
11912
11937
11962
11950
11962
11950
11937
11925
11912
11887
11875
11862
11825
11787
11737
11662
11575
11487
11400
11350
11300
11275
11250
11250
11212
11175
11112
11037
10937
10850
10762
10687
10612
10562
10537
10550
10562
10612
10637
10637
10637
10637
10600
10587
10575
10537
10525
10512
10475
10437
10400
10362
10337
10300
10287
10262
10250
10237
10250
10225
10237
10212
10212
10187
10200
10187
10200
10187
10200
10187
10200
10187
10200
10187
10200
10187
10200
10187
10200
10187
10200
10187
10200
10187
10200
10187
10200
10187
10175
10175
10175
10150
10150
10150
10137
10125
10112
10100
10087
10050
10037
10025
10012
10000
10012
10000
10012
10000
10012
10000
9987
9975
9962
9950
9937
9950
9925
9925
9900
9900
9875
9887
9875
9887
9875
9862
9850
9837
9837
9825
9837
9825
9812
9812
9812
9812
9812
9837
9825
9837
9825
9837
9825
9837
9825
9812
9800
9812
9800
9787
9800
9812
9800
9787
9800
9812
9800
9787
9800
9812
9800
9812
9812
9825
9812
9825
9812
9837
9825
9837
9812
9825
9812
9825
9812
9812
9800
9787
9775
9762
9775
9762
9750
9737
9725
9712
9700
9712
9700
9687
9675
9700
9700
9725
9750
9775
9762
9775
9787
9800
9812
9837
9862
9887
9937
9975
10037
10100
10162
10200
10237
10250
10262
10275
10287
10300
10312
10325
10312
10325
10312
10325
10312
10325
10312
10300
10287
10275
10262
10250
10262
10237
10237
10212
10212
10187
10175
10175
10162
10150
10137
10150
10125
10112
10100
10087
10075
10062
10075
10062
10075
10062
10075
10062
10075
10062
10075
10062
10050
10037
10025
9987
9975
9962
9925
9912
9900
9887
9875
9887
9875
9887
9875
9887
9875
9887
9875
9887
9875
9887
9875
9887
9875
9887
9875
9887
9875
9862
9850
9862
9850
9837
9850
9862
9850
9837
9850
9837
9837
9825
9837
9825
9837
9812
9825
9812
9800
9787
9787
9775
9762
9750
9737
9750
9737
9750
9762
9775
9762
9750
9737
9725
9712
9700
9712
9700
9712
9700
9687
9675
9662
9650
9637
9650
9637
9650
9637
9625
9612
9600
9587
9575
9587
9575
9587
9575
9587
9575
9562
9550
9537
9525
9512
9525
9512
9525
9512
9525
9512
9525
9512
9525
9512
9525
9512
9500
9487
9475
9462
9450
9462
9450
9462
9450
9437
9425
9412
9400
9412
9425
9412
9425
9412
9412
9400
9412
9400
9412
9412
9412
9412
9412
9412
9387
9400
9387
9400
9387
9400
9387
9400
9387
9400
9387
9400
9387
9375
9362
9350
9350
9350
9362
9375
9425
9475
9525
9600
9650
9700
9725
9750
9775
9800
9812
9837
9875
9912
9975
10012
10050
10050
10062
10050
10062
10050
10075
10087
10100
10112
10125
10137
10125
10150
10137
10150
10137
10150
10125
10137
10125
10137
10125
10137
10125
10137
10125
10137
10125
10112
10100
10087
10075
10087
10100
10087
10100
10087
10075
10087
10100
10087
10100
10087
10075
10062
10075
10062
10050
10037
10012
9987
9962
9937
9912
9900
9887
9862
9862
9837
9837
9825
9837
9825
9837
9825
9812
9800
9787
9775
9762
9775
9762
9775
9762
9775
9762
9775
9762
9775
9762
9750
9737
9725
9712
9700
9712
9700
9712
9700
9712
9700
9687
9687
9675
9662
9650
9675
9650
9662
9650
9637
9612
9600
9587
9575
9587
9575
9587
9575
9562
9562
9550
9537
9550
9562
9562
9575
9562
9550
9537
9525
9512
9500
9487
9500
9487
9500
9500
9500
9475
9475
9450
9462
9450
9462
9437
9437
9412
9412
9387
9400
9387
9400
9387
9400
9387
9400
9387
9375
9362
9350
9350
9337
9350
9337
9350
9337
9350
9337
9350
9337
9350
9337
9350
9337
9350
9337
9350
9337
9350
9325
9325
9300
9300
9275
9287
9275
9287
9275
9287
9275
9287
9275
9287
9300
9300
9300
9300
9300
9275
9287
9275
9287
9275
9287
9275
9287
9275
9287
9275
9287
9275
9287
9275
9287
9262
9262
9262
9250
9237
9262
9262
9262
9275
9300
9312
9337
9362
9412
9450
9462
9500
9512
9525
9550
9575
9600
9625
9650
9662
9700
9712
9750
9787
9800
9812
9837
9862
9862
9887
9900
9912
9925
9937
9950
9937
9950
9937
9950
9962
9975
9962
9987
9975
9975
9975
9975
9962
9962
9950
9937
9950
9937
9950
9937
9925
9912
9900
9887
9875
9887
9875
9887
9875
9887
9900
9912
9900
9912
9925
9900
9900
9900
9875
9850
9837
9812
9800
9787
9750
9737
9712
9700
9687
9675
9662
9662
9650
9637
9625
9612
9600
9587
9575
9587
9575
9587
9575
9587
9575
9587
9575
9587
9575
9587
9575
9587
9575
9587
9575
9587
9575
9587
9600
9612
9600
9612
9600
9587
9562
9562
9537
9537
9512
9525
9512
9525
9512
9500
9487
9475
9462
9450
9462
9450
9475
9462
9487
9475
9487
9462
9475
9450
9462
9450
9437
9425
9412
9400
9387
9400
9412
9412
9412
9412
9412
9387
9400
9387
9375
9362
9350
9350
9337
9350
9337
9350
9350
9362
9375
9387
9400
9387
9375
9362
9350
9350
9337
9350
9325
9325
9300
9300
9275
9287
9275
9287
9275
9287
9275
9262
9250
9237
9225
9212
9225
9212
9225
9200
9212
9200
9212
9200
9225
9212
9225
9237
9250
9262
9300
9325
9337
9375
9412
9450
9487
9550
9612
9650
9700
9725
9762
9775
9812
9812
9837
9825
9837
9837
9850
9862
9875
9887
9875
9862
9850
9837
9812
9800
9787
9775
9762
9775
9762
9775
9762
9775
9762
9775
9762
9775
9762
9775
9762
9775
9762
9750
9737
9725
9687
9675
9650
9637
9625
9612
9600
9600
9587
9575
9587
9562
9562
9562
9562
9537
9550
9537
9525
9500
9500
9500
9500
9475
9487
9500
9487
9475
9500
9487
9487
9487
9512
9500
9525
9512
9525
9500
9500
9475
9475
9450
9462
9450
9437
9425
9400
9375
9375
9375
9350
9362
9350
9350
9337
9350
9337
9325
9312
9300
9287
9275
9287
9275
9287
9275
9287
9275
9287
9275
9287
9275
9262
9250
9237
9225
9200
9200
9175
9175
9150
9162
9150
9162
9150
9137
9125
9112
9100
9087
9100
9087
9100
9087
9075
9062
9050
9037
9025
9037
9025
9037
9025
9037
9025
9012
9000
8987
8975
8962
8975
8987
9000
9012
9025
9037
9050
9062
9075
9087
9100
9087
9100
9087
9075
9062
9050
9037
9025
9037
9025
9037
9025
9037
9025
9037
9012
9012
8987
9000
8987
9012
9037
9087
9125
9162
9200
9237
9275
9300
9362
9425
9462
9500
9537
9537
9550
9562
9575
9562
9587
9600
9612
9625
9637
9650
9637
9650
9662
9675
9687
9700
9712
9700
9712
9700
9712
9700
9712
9700
9712
9700
9712
9700
9712
9700
9712
9687
9687
9662
9662
9637
9650
9662
9675
9687
9700
9712
9700
9712
9700
9712
9700
9687
9675
9662
9625
9612
9600
9587
9575
9587
9575
9562
9550
9537
9525
9500
9500
9475
9475
9450
9462
9450
9462
9450
9462
9450
9462
9450
9462
9450
9462
9450
9462
9475
9487
9475
9487
9500
9487
9500
9512
9500
9500
9500
9475
9475
9475
9437
9425
9412
9375
9362
9350
9350
9337
9350
9337
9350
9337
9350
9337
9350
9337
9350
9337
9325
9312
9300
9287
9275
9287
9275
9287
9275
9262
9250
9237
9225
9200
9212
9200
9212
9187
9200
9200
9187
9175
9175
9175
9150
9162
9150
9162
9150
9162
9150
9162
9150
9162
9150
9162
9175
9175
9175
9175
9175
9150
9162
9150
9162
9150
9137
9125
9112
9100
9087
9100
9087
9100
9087
9100
9087
9100
9087
9100
9087
9100
9087
9075
9062
9050
9037
9025
9012
9000
9012
9000
8987
9000
8987
8975
8962
8975
8962
8950
8937
8925
8912
8900
8912
8925
8937
8950
8987
9000
9012
9050
9087
9125
9187
9225
9275
9300
9325
9337
9387
9400
9437
9475
9512
9525
9562
9575
9587
9575
9587
9575
9587
9600
9612
9625
9637
9662
9650
9662
9675
9687
9662
9675
9662
9650
9662
9675
9662
9675
9687
9675
9662
9675
9662
9650
9637
9625
9612
9600
9587
9575
9587
9575
9562
9550
9537
9525
9512
9525
9512
9525
9512
9525
9512
9525
9512
9525
9512
9525
9512
9525
9512
9500
9487
9475
9462
9450
9437
9400
9387
9350
9350
9325
9325
9300
9300
9275
9287
9300
9312
9325
9325
9325
9300
9300
9275
9287
9300
9300
9312
9325
9312
9300
9300
9287
9275
9287
9275
9287
9275
9287
9275
9262
9250
9262
9237
9237
9237
9237
9212
9225
9212
9225
9212
9225
9212
9200
9187
9175
9137
9125
9112
9100
9087
9100
9087
9100
9087
9100
9087
9075
9062
9050
9050
9037
9050
9037
9050
9025
9037
9025
9037
9025
9012
9000
9012
9000
9012
9025
9012
9012
9012
9012
9012
9037
9025
9012
9000
8987
8975
8962
8975
8962
8950
8937
8950
8937
8950
8962
8975
8962
8975
8962
8975
8962
8975
8962
8975
8962
8975
8962
8975
8962
8975
8962
8975
8987
9000
8987
9000
8987
8975
8962
8975
8962
8975
8962
8975
8962
8987
8987
9012
9037
9062
9075
9112
9125
9150
9175
9200
9225
9275
9300
9362
9400
9437
9475
9475
9475
9500
9500
9500
9537
9550
9562
9575
9587
9600
9612
9625
9637
9625
9612
9600
9587
9575
9587
9575
9587
9575
9562
9550
9537
9525
9512
9525
9512
9525
9512
9525
9512
9525
9512
9500
9487
9475
9462
9450
9437
9437
9425
9412
9400
9387
9362
9375
9362
9350
9362
9350
9325
9312
9300
9287
9275
9287
9275
9287
9275
9287
9275
9287
9275
9287
9275
9287
9275
9287
9275
9287
9275
9287
9275
9262
9250
9237
9200
9187
9175
9162
9150
9162
9150
9137
9125
9112
9100
9112
9112
9112
9112
9112
9087
9075
9062
9050
9037
9025
9037
9025
9037
9025
9037
9025
9012
9000
8987
8975
8962
8975
8962
8975
8962
8975
8962
8975
8962
8975
8962
8987
8987
9012
9012
9012
9000
8987
8975
8962
8975
8962
8975
8962
8975
8962
8975
8962
8975
8962
8975
8987
9000
8987
9000
9012
9000
8987
9000
8987
8975
8987
9000
9012
9025
9037
9025
9012
9000
8987
8975
8962
8975
8962
8975
8962
8975
8962
8950
8937
8925
8912
8900
8912
8887
8887
8887
8887
8887
8900
8912
8937
8962
8987
9037
9087
9125
9162
9200
9237
9275
9300
9350
9375
9400
9412
9450
9462
9500
9537
9550
9537
9562
9562
9562
9562
9587
9575
9587
9575
9587
9575
9587
9562
9562
9562
9562
9562
9575
9562
9550
9562
9550
9537
9550
9537
9525
9512
9525
9537
9550
9537
9550
9537
9525
9512
9525
9512
9525
9512
9525
9500
9500
9475
9450
9400
9387
9350
9350
9337
9350
9337
9350
9337
9325
9312
9325
9312
9325
9325
9325
9325
9325
9300
9312
9300
9287
9275
9287
9262
9262
9237
9237
9212
9225
9212
9225
9200
9200
9175
9175
9150
9175
9162
9175
9162
9187
9175
9175
9175
9175
9137
9137
9125
9112
9100
9112
9087
9100
9087
9100
9087
9100
9087
9075
9062
9050
9037
9025
9037
9025
9050
9050
9075
9075
9075
9062
9050
9037
9025
9037
9025
9037
9025
9037
9025
9037
9025
9037
9025
9050
9037
9050
9037
9050
9025
9037
9025
9012
9012
9000
8987
8975
8987
8962
8975
8962
8975
8962
8975
8962
8975
8987
9000
9012
9025
9037
9025
9037
9025
9012
8975
8962
8925
8912
8900
8912
8900
8912
8900
8912
8900
8912
8925
8962
9000
9062
9125
9187
9250
9287
9325
9350
9362
9375
9412
9450
9462
9500
9512
9525
9512
9525
9512
9537
9537
9562
9587
9612
9625
9637
9650
9637
9650
9637
9650
9637
9650
9637
9650
9637
9650
9637
9650
9637
9625
9612
9600
9587
9575
9587
9575
9587
9575
9587
9600
9612
9600
9612
9600
9587
9575
9562
9550
9537
9525
9512
9500
9487
9462
9437
9412
9412
9387
9400
9387
9400
9387
9375
9362
9350
9350
9337
9350
9337
9350
9337
9350
9350
9362
9375
9387
9400
9387
9400
9387
9375
9362
9350
9350
9337
9350
9325
9325
9300
9300
9275
9287
9275
9287
9275
9262
9250
9237
9225
9212
9225
9212
9225
9212
9225
9212
9225
9212
9200
9187
9200
9187
9200
9212
9225
9212
9200
9187
9175
9162
9150
9137
9125
9112
9100
9087
9100
9087
9100
9087
9100
9087
9100
9087
9100
9075
9075
9050
9050
9025
9037
9025
9037
9025
9037
9012
9025
9012
9025
9012
9037
9012
9025
9012
9000
8987
8987
8975
8962
8975
8962
8987
8987
8987
8987
8987
8975
8987
8987
8987
9012
9012
9012
9025
9037
9025
9037
9025
9012
9000
8987
8975
8987
9000
8987
9000
8987
8975
8950
8950
8925
8925
8900
8912
8900
8912
8900
8912
8900
8912
8900
8912
8900
8925
8925
8950
8950
8975
8987
9025
9062
9100
9150
9200
9250
9287
9337
9375
9387
9400
9412
9450
9487
9525
9562
9575
9587
9600
9600
9600
9600
9600
9575
9562
9550
9537
9525
9512
9525
9512
9525
9537
9550
9562
9575
9587
9575
9587
9575
9587
9575
9587
9575
9562
9550
9537
9500
9487
9475
9437
9425
9412
9400
9387
9375
9362
9350
9350
9337
9350
9337
9350
9337
9350
9337
9350
9337
9350
9337
9350
9337
9350
9337
9350
9337
9350
9337
9350
9337
9350
9337
9350
9337
9350
9337
9350
9337
9350
9337
9325
9312
9300
9287
9275
9287
9275
9262
9250
9237
9225
9212
9225
9212
9200
9187
9175
9162
9150
9162
9150
9162
9137
9150
9137
9150
9137
9137
9137
9137
9112
9112
9112
9100
9087
9075
9062
9075
9062
9050
9062
9075
9062
9075
9087
9100
9087
9100
9087
9100
9087
9075
9062
9050
9037
9025
9037
9025
9037
9025
9037
9025
9037
9025
9037
9025
9037
9025
9037
9025
9037
9025
9037
9025
9037
9025
9037
9025
9037
9025
9037
9025
9037
9025
9037
9025
9012
9000
8987
8975
8962
8975
8962
8975
8962
8975
8962
8975
8962
8975
8987
9000
9012
9025
9037
9025
9012
9000
8987
8975
8962
8975
8962
8950
8937
8925
8912
8900
8912
8900
8912
8900
8912
8887
8900
8887
8900
8887
8887
8875
8862
8850
8837
8850
8862
8862
8862
8862
8862
8837
8850
8837
8850
8837
8850
8837
8850
8837
8850
8837
8850
8837
8850
8837
8862
8850
8862
8850
8862
8837
8850
8837
8850
8837
8825
8812
8825
8812
8825
8837
8850
8837
8850
8825
8825
8800
8812
8800
8825
8825
8825
8812
8800
8800
8787
8800
8787
8800
8787
8800
8787
8800
8787
8800
8787
8800
8787
8800
8787
8800
8787
8800
8787
8800
8787
8800
8787
8800
8800
8812
8825
8837
8850
8837
8850
8837
8850
8837
8850
8837
8850
8837
8850
8837
8825
8812
8800
8800
8800
8812
8825
8837
8850
8862
8875
8900
8950
8975
9000
9050
9087
9125
9162
9200
9237
9275
9300
9362
9400
9437
9475
9487
9512
9537
9562
9587
9637
9650
9687
9700
9712
9700
9712
9700
9687
9675
9662
9650
9637
9650
9637
9625
9612
9600
9587
9575
9587
9575
9587
9575
9562
9550
9537
9500
9487
9475
9437
9425
9412
9400
9387
9400
9387
9375
9362
9350
9350
9337
9350
9337
9350
9337
9350
9337
9325
9312
9325
9312
9325
9337
9350
9337
9350
9337
9350
9337
9350
9337
9350
9337
9350
9337
9325
9312
9300
9287
9275
9287
9275
9287
9275
9287
9275
9262
9250
9237
9225
9212
9225
9212
9225
9212
9225
9200
9200
9175
9175
9150
9162
9150
9162
9150
9162
9150
9162
9150
9137
9125
9112
9100
9087
9100
9087
9075
9062
9050
9037
9025
9037
9025
9012
9000
8987
8975
8962
8975
8962
8975
8962
8975
8962
8975
8962
8975
8962
8975
8962
8975
8962
8975
8962
8975
8962
8950
8937
8950
8937
8950
8962
8975
8962
8975
8962
8975
8962
8975
8962
8975
8987
9000
9012
9025
9037
9025
9037
9012
9012
9012
9012
9012
9025
9037
9025
9012
9000
8987
8975
8962
8975
8962
8975
8962
8975
8962
8975
8962
8975
8987
9000
8987
9012
9037
9062
9112
9162
9200
9237
9275
9300
9362
9400
9437
9475
9487
9500
9512
9525
9537
9550
9562
9575
9587
9600
9612
9625
9637
9650
9637
9650
9637
9650
9637
9650
9662
9662
9662
9662
9637
9612
9600
9600
9600
9600
9600
9600
9587
9575
9587
9575
9587
9575
9587
9575
9587
9562
9562
9537
9537
9512
9525
9500
9500
9475
9475
9450
9437
9425
9412
9400
9387
9400
9387
9400
9387
9375
9362
9350
9350
9337
9350
9350
9362
9375
9387
9400
9387
9400
9387
9375
9362
9350
9350
9337
9350
9337
9325
9312
9300
9287
9275
9262
9250
9262
9250
9262
9275
9287
9275
9262
9250
9237
9225
9212
9225
9212
9225
9237
9250
9237
9250
9237
9225
9200
9212
9200
9187
9175
9162
9137
9112
9112
9087
9100
9087
9075
9062
9050
9037
9025
9037
9025
9037
9050
9062
9050
9062
9050
9012
9000
8987
8975
8962
8975
8987
9000
9012
9025
9037
9025
9037
9025
9037
9025
9037
9025
9037
9012
9012
8987
8987
8962
8975
8962
8975
8962
8950
8937
8950
8937
8950
8962
8975
8962
8975
8962
8987
8987
9012
9037
9062
9087
9112
9137
9162
9187
9200
9237
9250
9262
9300
9325
9362
9400
9437
9475
9487
9512
9537
9537
9537
9562
9550
9562
9600
9612
9625
9637
9650
9637
9650
9637
9650
9637
9625
9612
9600
9587
9575
9562
9550
9537
9525
9537
9550
9562
9575
9587
9575
9587
9575
9587
9575
9550
9525
9500
9475
9450
9437
9425
9412
9375
9362
9350
9325
9312
9300
9300
9300
9325
9325
9325
9312
9300
9287
9275
9287
9275
9287
9275
9287
9275
9287
9275
9287
9300
9312
9300
9312
9300
9287
9275
9287
9275
9287
9275
9287
9275
9287
9275
9262
9250
9237
9225
9212
9225
9212
9225
9212
9225
9212
9200
9187
9175
9162
9150
9162
9150
9175
9175
9175
9175
9175
9162
9150
9162
9150
9162
9150
9137
9125
9112
9100
9087
9100
9087
9075
9062
9050
9050
9050
9050
9050
9050
9037
9025
9037
9025
9037
9025
9037
9025
9037
9025
9037
9025
9037
9025
9037
9025
9012
9012
9012
9012
9012
9012
9000
9012
9000
9012
9025
9037
9025
9037
9025
9037
9025
9037
9025
9012
9000
8987
8975
8962
8975
8962
8975
8962
8975
8962
8975
8987
9025
9062
9125
9187
9250
9300
9362
9400
9450
9500
9525
9550
9600
9612
9600
9612
9625
9612
9625
9637
9650
9637
9650
9637
9650
9637
9650
9637
9625
9612
9600
9562
9550
9562
9550
9562
9575
9587
9575
9562
9550
9562
9550
9537
9550
9537
9525
9512
9500
9500
9500
9500
9500
9500
9462
9450
9412
9375
9362
9350
9350
9337
9350
9337
9350
9337
9350
9325
9325
9300
9300
9300
9312
9325
9325
9325
9325
9325
9300
9312
9300
9300
9287
9300
9287
9300
9275
9287
9275
9262
9250
9262
9250
9237
9250
9237
9225
9200
9200
9175
9175
9150
9162
9150
9162
9150
9162
9150
9162
9150
9137
9125
9112
9100
9087
9100
9087
9100
9087
9100
9087
9075
9075
9062
9050
9037
9050
9025
9037
9025
9037
9025
9037
9025
9037
9025
9037
9025
9037
9025
9037
9012
9025
9012
9025
9012
9012
9000
9012
9000
9012
9025
9012
9000
8987
8975
8962
8987
8987
8987
8987
8987
8987
8987
8987
8987
8987
8975
8962
8975
8962
8975
8962
8975
8962
8975
8962
8975
8962
8975
8962
8975
8962
8950
8937
8925
8912
8900
8912
8900
8887
8887
8887
8887
8912
8937
8962
8987
9025
9037
9075
9100
9150
9162
9200
9237
9275
9287
9325
9350
9362
9375
9412
9425
9437
9475
9487
9500
9512
9525
9512
9525
9512
9525
9537
9550
9562
9575
9587
9575
9587
9575
9587
9575
9587
9575
9587
9575
9587
9575
9562
9550
9537
9525
9512
9525
9537
9550
9562
9575
9587
9575
9587
9575
9587
9575
9587
9600
9612
9600
9612
9600
9562
9550
9525
9500
9475
9475
9450
9437
9425
9412
9400
9387
9375
9362
9350
9350
9337
9350
9337
9350
9337
9350
9337
9350
9337
9350
9337
9350
9337
9350
9337
9350
9337
9325
9312
9300
9287
9275
9287
9275
9287
9275
9262
9250
9237
9225
9212
9225
9212
9200
9187
9175
9162
9150
9162
9150
9162
9150
9162
9150
9162
9150
9162
9150
9137
9125
9112
9100
9087
9075
9062
9050
9037
9025
9037
9025
9037
9012
9025
9012
9000
8987
9012
9000
9012
9025
9037
9025
9037
9025
9037
9025
9037
9050
9062
9050
9062
9050
9037
9025
9037
9025
9037
9050
9062
9075
9087
9075
9062
9050
9037
9025
9037
9025
9037
9025
9037
9025
9037
9050
9062
9075
9087
9100
9087
9100
9075
9075
9050
9050
9050
9050
9050
9050
9050
9025
9037
9050
9087
9100
9150
9175
9212
9225
9262
9287
9325
9337
9387
9412
9450
9487
9550
9575
9625
9637
9650
9662
9675
9687
9700
9712
9700
9725
9725
9750
9750
9775
9762
9775
9762
9750
9737
9725
9712
9700
9712
9700
9712
9700
9712
9700
9712
9700
9712
9700
9712
9700
9712
9700
9725
9725
9725
9725
9725
9687
9675
9662
9650
9637
9625
9612
9600
9562
9550
9537
9500
9487
9475
9462
9450
9462
9450
9437
9425
9412
9400
9387
9400
9387
9375
9362
9350
9350
9337
9350
9337
9350
9337
9350
9337
9350
9337
9350
9337
9325
9312
9300
9287
9275
9287
9275
9287
9275
9287
9275
9287
9275
9287
9275
9262
9250
9237
9225
9212
9225
9212
9225
9200
9212
9200
9187
9175
9200
9187
9200
9212
9225
9212
9225
9212
9200
9187
9175
9162
9150
9162
9150
9162
9137
9150
9137
9150
9137
9162
9150
9162
9150
9162
9150
9162
9150
9162
9150
9162
9150
9162
9150
9162
9150
9162
9150
9162
9150
9162
9150
9137
9125
9112
9100
9087
9100
9112
9125
9112
9137
9125
9112
9100
9112
9087
9100
9087
9100
9087
9100
9087
9100
9087
9075
9062
9050
9037
9025
9012
9000
8987
8975
8962
8950
8937
8925
8912
8900
8912
8900
8925
8925
8950
8950
8987
8987
9025
9037
9075
9100
9150
9187
9250
9300
9362
9400
9437
9450
9475
9475
9500
9500
9525
9512
9525
9512
9525
9537
9550
9562
9575
9587
9575
9600
9600
9600
9600
9600
9587
9575
9587
9575
9587
9575
9587
9575
9587
9575
9587
9575
9587
9575
9587
9600
9612
9600
9612
9600
9587
9575
9562
9550
9525
9500
9475
9475
9450
9437
9425
9412
9375
9362
9350
9350
9337
9350
9337
9350
9337
9350
9337
9350
9337
9325
9312
9325
9312
9300
9312
9325
9300
9300
9300
9300
9300
9300
9300
9300
9300
9275
9287
9275
9300
9287
9300
9287
9300
9275
9287
9275
9287
9275
9300
9287
9300
9287
9300
9275
9287
9275
9287
9275
9287
9275
9287
9275
9262
9250
9237
9225
9212
9225
9212
9225
9212
9225
9212
9225
9212
9200
9187
9175
9162
9150
9162
9150
9162
9150
9137
9125
9112
9100
9087
9100
9087
9075
9075
9062
9050
9062
9075
9050
9062
9050
9037
9025
9037
9025
9037
9025
9037
9025
9037
9025
9037
9025
9037
9025
9037
9025
9037
9025
9037
9025
9012
9000
8987
8975
8987
9000
8987
9012
9012
8987
8987
8987
8975
8962
8975
8987
9000
8987
9000
8987
8975
8962
8975
8962
8975
8962
8975
8962
8975
8962
8975
8962
8975
8962
8975
8962
8975
8962
8975
8962
8975
8962
8975
8962
8975
8962
8975
8962
8975
8962
8950
8937
8925
8912
8900
8912
8900
8887
8875
8862
8850
8837
8850
8837
8850
8837
8850
8837
8850
8837
8862
8862
8862
8862
8862
8850
8837
8850
8837
8850
8837
8850
8837
8850
8837
8850
8837
8850
8837
8850
8837
8850
8837
8825
8812
8800
8800
8787
8800
8787
8800
8787
8800
8787
8800
8787
8800
8787
8775
8775
8775
8775
8775
8800
8787
8800
8787
8800
8787
8800
8787
8800
8800
8812
8825
8837
8850
8837
8850
8837
8850
8837
8850
8837
8850
8837
8850
8837
8850
8837
8850
8837
8850
8837
8850
8837
8850
8837
8850
8837
8862
8887
8912
8937
9000
9025
9050
9100
9150
9187
9250
9300
9362
9425
9487
9550
9587
9625
9637
9650
9662
9675
9687
9725
9737
9750
9762
9775
9762
9750
9737
9725
9712
9700
9712
9700
9687
9675
9662
9650
9637
9650
9637
9650
9637
9650
9637
9650
9637
9650
9637
9625
9612
9600
9600
9587
9600
9587
9600
9575
9562
9550
9537
9525
9512
9525
9512
9525
9512
9500
9487
9475
9462
9437
9450
9425
9425
9400
9412
9387
9400
9387
9400
9387
9375
9362
9350
9350
9337
9350
9337
9350
9337
9350
9337
9350
9337
9350
9350
9362
9375
9387
9400
9387
9375
9362
9375
9362
9350
9362
9350
9325
9312
9300
9287
9275
9262
9250
9237
9225
9212
9225
9212
9225
9212
9225
9212
9225
9212
9200
9187
9175
9137
9125
9112
9100
9087
9075
9062
9050
9037
9025
9037
9025
9037
9025
9037
9025
9012
9000
8987
8987
8987
8987
8987
8987
8987
8987
8987
8987
8987
8987
8987
9012
9012
9037
9025
9012
9000
8987
8975
8962
8975
8962
8975
8962
8975
8962
8975
8962
8975
8962
8975
8962
8975
8962
8975
8962
8950
8937
8950
8937
8925
8937
8925
8912
8900
8925
8912
8925
8912
8925
8900
8912
8900
8912
8900
8912
8900
8912
8925
8937
8950
8987
9025
9037
9087
9112
9137
9162
9187
9200
9237
9275
9300
9362
9425
9487
9525
9562
9600
9612
9625
9637
9650
9637
9650
9637
9650
9637
9650
9637
9650
9637
9650
9637
9650
9637
9650
9637
9625
9612
9600
9587
9575
9587
9575
9587
9575
9587
9575
9587
9575
9587
9575
9587
9575
9587
9562
9562
9562
9562
9537
9550
9537
9525
9512
9500
9487
9475
9437
9425
9412
9375
9362
9350
9350
9337
9350
9337
9325
9312
9300
9287
9300
9312
9300
9312
9300
9287
9275
9287
9300
9300
9300
9300
9300
9275
9287
9275
9287
9275
9287
9275
9287
9275
9262
9250
9237
9225
9212
9237
9225
9237
9225
9212
9187
9175
9162
9150
9162
9150
9162
9150
9137
9125
9137
9125
9112
9125
9112
9100
9087
9100
9087
9100
9087
9075
9062
9050
9012
9000
8987
8975
8962
8975
8962
8950
8937
8925
8912
8925
8937
8925
8937
8925
8925
8925
8925
8925
8925
8912
8925
8937
8925
8937
8950
8937
8925
8937
8925
8912
8900
8912
8925
8937
8950
8962
8950
8937
8925
8912
8900
8912
8900
8912
8900
8912
8900
8912
8925
8937
8925
8937
8925
8912
8900
8912
8900
8887
8875
8862
8850
8837
8850
8837
8850
8837
8825
8812
8800
8800
8800
8800
8800
8825
8812
8825
8862
8900
8937
8975
9012
9050
9087
9100
9137
9175
9187
9200
9237
9250
9262
9300
9325
9362
9425
9462
9500
9512
9525
9512
9525
9512
9525
9512
9525
9512
9500
9487
9475
9462
9450
9462
9450
9462
9450
9462
9475
9487
9500
9512
9500
9462
9425
9387
9350
9325
9312
9300
9262
9262
9262
9237
9237
9237
9225
9212
9225
9212
9225
9212
9225
9212
9225
9212
9225
9212
9225
9212
9200
9200
9200
9175
9175
9175
9162
9175
9187
9175
9187
9175
9162
9150
9162
9150
9137
9137
9137
9112
9112
9112
9100
9087
9100
9087
9100
9087
9100
9087
9100
9087
9100
9087
9100
9087
9100
9087
9075
9062
9050
9037
9025
9037
9025
9012
9000
8987
8975
8962
8975
8962
8975
8962
8975
8962
8975
8962
8975
8962
8975
8962
8975
8962
8975
8962
8975
8962
8950
8937
8950
8937
8925
8937
8925
8912
8900
8912
8900
8912
8900
8912
8900
8912
8900
8912
8900
8912
8900
8912
8900
8912
8900
8887
8875
8887
8875
8862
8875
8887
8875
8887
8925
8937
8950
8987
9025
9062
9100
9137
9175
9212
9250
9287
9325
9350
9387
9400
9437
9475
9487
9500
9537
9550
9562
9600
9612
9625
9637
9650
9637
9650
9637
9650
9637
9650
9637
9650
9637
9650
9637
9625
9612
9600
9587
9575
9587
9575
9587
9575
9587
9575
9587
9575
9562
9550
9537
9525
9512
9525
9512
9525
9512
9525
9512
9500
9487
9475
9462
9450
9437
9425
9412
9412
9400
9387
9375
9362
9350
9337
9350
9337
9350
9337
9350
9337
9350
9337
9350
9337
9350
9337
9350
9350
9362
9350
9362
9350
9350
9350
9350
9350
9375
9362
9375
9387
9375
9362
9350
9350
9337
9325
9312
9300
9300
9300
9300
9300
9300
9287
9275
9262
9250
9262
9250
9237
9262
9262
9262
9262
9287
9275
9262
9250
9237
9225
9212
9200
9187
9175
9162
9150
9162
9150
9162
9150
9137
9125
9112
9100
9087
9100
9087
9100
9087
9100
9087
9075
9062
9050
9037
9025
9012
9000
8987
8975
8962
8975
8962
8975
8962
8975
8962
8975
8962
8975
8962
8975
8962
8975
8962
8975
8962
8975
8962
8975
8962
8975
8962
8975
8962
8975
8962
8975
8962
8975
8962
8975
8962
8975
8962
8975
8962
8950
8937
8925
8912
8900
8912
8900
8912
8900
8912
8900
8912
8937
8962
8987
9037
9062
9075
9112
9150
9187
9225
9262
9275
9300
9300
9325
9337
9387
9400
9437
9450
9475
9475
9500
9525
9550
9562
9575
9587
9575
9587
9575
9587
9575
9587
9600
9612
9600
9612
9600
9587
9575
9562
9562
9562
9562
9550
9562
9537
9537
9512
9525
9537
9550
9562
9575
9587
9575
9587
9575
9587
9575
9562
9525
9512
9475
9462
9450
9437
9425
9412
9400
9387
9375
9362
9350
9350
9337
9350
9337
9325
9312
9325
9312
9300
9312
9300
9287
9275
9287
9275
9287
9275
9262
9250
9237
9237
9237
9225
9212
9200
9187
9175
9200
9187
9200
9175
9175
9150
9162
9150
9162
9150
9162
9150
9137
9137
9137
9112
9112
9137
9125
9112
9125
9112
9100
9087
9100
9087
9075
9062
9075
9062
9050
9062
9050
9037
9025
9037
9025
9037
9025
9037
9025
9037
9025
9037
9025
9037
9025
9037
9025
9037
9025
9012
9000
8987
8987
8987
9012
9000
9012
8987
9000
8987
9012
9012
9037
9025
9037
9025
9037
9025
9037
9025
9037
9025
9037
9025
9037
9025
9037
9025
9037
9025
9037
9012
9012
8987
8987
8950
8950
8925
8925
8925
8925
8925
8950
8950
8950
8987
9000
9025
9050
9087
9100
9137
9162
9212
9250
9287
9325
9350
9375
9375
9400
9412
9425
9437
9475
9487
9500
9512
9525
9512
9525
9537
9550
9575
9587
9600
9587
9600
9600
9612
9625
9637
9650
9637
9650
9637
9650
9637
9650
9637
9625
9612
9600
9587
9575
9587
9575
9587
9575
9587
9575
9587
9575
9587
9575
9587
9575
9600
9587
9600
9587
9600
9575
9587
9575
9562
9550
9537
9525
9512
9525
9512
9525
9512
9500
9487
9475
9437
9425
9412
9400
9387
9400
9387
9400
9387
9400
9387
9400
9387
9400
9387
9375
9362
9350
9350
9350
9362
9375
9387
9400
9387
9375
9362
9350
9350
9337
9350
9337
9350
9337
9350
9337
9325
9312
9300
9287
9275
9287
9275
9287
9275
9287
9275
9287
9275
9287
9275
9287
9275
9262
9250
9237
9225
9237
9250
9262
9275
9262
9262
9262
9237
9237
9237
9225
9212
9200
9187
9200
9187
9200
9212
9225
9212
9200
9187
9175
9162
9150
9162
9150
9137
9137
9137
9112
9112
9112
9100
9087
9075
9062
9050
9037
9050
9062
9075
9087
9100
9087
9100
9087
9100
9087
9100
9087
9075
9062
9075
9062
9050
9062
9050
9037
9025
9037
9025
9037
9025
9037
9025
9037
9050
9062
9087
9112
9150
9162
9200
9200
9225
9237
9275
9312
9362
9412
9462
9487
9500
9537
9575
9587
9637
9662
9687
9687
9712
9700
9712
9700
9712
9700
9712
9700
9712
9700
9712
9700
9712
9700
9687
9650
9637
9600
9587
9575
9587
9575
9587
9575
9600
9600
9600
9600
9600
9587
9575
9587
9575
9587
9575
9562
9550
9537
9525
9512
9500
9487
9462
9437
9412
9412
9387
9400
9387
9375
9362
9350
9350
9337
9350
9337
9350
9337
9350
9337
9350
9337
9350
9337
9350
9337
9350
9337
9350
9337
9350
9337
9350
9337
9350
9337
9325
9312
9300
9287
9275
9262
9250
9237
9200
9187
9175
9162
9150
9162
9150
9162
9150
9162
9150
9162
9175
9187
9175
9187
9175
9162
9137
9137
9137
9137
9112
9100
9100
9075
9050
9050
9050
9037
9025
9012
9000
9012
9000
9012
9025
9037
9025
9037
9025
9037
9025
9037
9025
9037
9025
9037
9025
9037
9025
9037
9025
9037
9025
9037
9025
9012
9012
9012
9012
9012
9012
9000
9012
9000
8987
9000
8987
8975
8962
8975
8962
8975
8962
8975
8962
8975
8962
8950
8937
8925
8912
8900
8912
8900
8912
8900
8912
8900
8912
8900
8912
8900
8912
8925
8937
8950
8987
9025
9062
9125
9162
9200
9237
9275
9287
9325
9337
9350
9350
9387
9400
9437
9450
9462
9475
9487
9500
9512
9525
9512
9525
9537
9550
9562
9575
9587
9575
9562
9550
9537
9525
9512
9525
9512
9525
9512
9525
9512
9525
9512
9525
9512
9525
9512
9525
9512
9525
9512
9525
9512
9525
9512
9525
9537
9550
9537
9550
9537
9525
9512
9500
9487
9475
9462
9450
9437
9425
9412
9375
9362
9350
9350
9337
9350
9350
9362
9375
9387
9400
9387
9400
9387
9400
9387
9375
9362
9350
9350
9337
9325
9312
9325
9312
9300
9312
9300
9262
9250
9237
9225
9212
9225
9212
9200
9187
9175
9162
9150
9162
9150
9162
9150
9162
9150
9162
9150
9162
9150
9137
9125
9112
9100
9087
9075
9062
9075
9062
9050
9062
9050
9037
9025
9037
9025
9037
9025
9037
9025
9012
9000
8987
8975
8962
8975
8962
8975
8962
8950
8937
8925
8925
8925
8925
8925
8925
8912
8900
8912
8900
8912
8900
8912
8900
8912
8900
8912
8900
8912
8900
8912
8900
8912
8900
8912
8900
8887
8887
8887
8887
8887
8912
8900
8912
8900
8887
8875
8887
8875
8862
8875
8887
8875
8887
8900
8912
8900
8912
8925
8962
9000
9062
9125
9187
9225
9262
9275
9287
9300
9325
9337
9375
9412
9450
9462
9500
9512
9525
9512
9525
9512
9525
9500
9512
9500
9512
9487
9512
9500
9512
9500
9525
9500
9500
9475
9450
9425
9412
9375
9362
9375
9362
9350
9362
9350
9350
9337
9350
9337
9350
9337
9350
9337
9325
9312
9300
9262
9250
9237
9225
9212
9200
9162
9150
9112
9100
9087
9100
9087
9100
9087
9100
9087
9100
9087
9112
9112
9112
9112
9112
9100
9087
9100
9087
9100
9112
9125
9112
9137
9137
9137
9137
9137
9125
9112
9075
9062
9050
9037
9025
9037
9025
9012
9000
8987
8975
8962
8975
8950
8950
8950
8950
8950
8962
8975
8962
8975
8962
8950
8950
8950
8925
8925
8925
8912
8900
8912
8900
8912
8900
8912
8900
8912
8900
8887
8887
8875
8862
8850
8862
8837
8850
8837
8850
8837
8850
8837
8850
8837
8850
8837
8850
8837
8850
8837
8850
8837
8850
8837
8850
8837
8850
8837
8825
8812
8825
8812
8825
8837
8825
8812
8825
8812
8825
8862
8862
8862
8862
8862
8862
8875
8862
8875
8887
8875
8862
8875
8887
8875
8887
8900
8925
8925
8950
8975
9000
9012
9050
9087
9125
9187
9250
9300
9337
9375
9412
9425
9437
9487
9512
9512
9537
9562
9550
9537
9550
9537
9525
9512
9525
9512
9525
9512
9525
9512
9500
9487
9500
9487
9475
9487
9500
9487
9500
9512
9525
9512
9525
9512
9525
9512
9525
9512
9525
9512
9525
9512
9525
9512
9500
9487
9475
9462
9450
9462
9437
9437
9412
9387
9362
9350
9350
9337
9350
9337
9350
9337
9350
9337
9350
9337
9350
9337
9325
9325
9325
9325
9325
9350
9337
9350
9337
9350
9337
9350
9337
9350
9337
9325
9312
9300
9287
9275
9287
9275
9287
9275
9287
9275
9262
9262
9262
9237
9237
9237
9225
9212
9200
9187
9175
9162
9150
9162
9150
9162
9150
9137
9125
9112
9100
9087
9100
9087
9075
9062
9075
9062
9075
9087
9075
9075
9062
9050
9037
9050
9025
9037
9025
9037
9025
9037
9025
9012
9000
8987
8975
8962
8975
8987
9000
9012
9025
9050
9050
9050
9050
9050
9037
9025
9037
9050
9062
9050
9062
9050
9037
9025
9037
9025
9037
9025
9037
9025
9037
9025
9037
9025
9012
9000
8987
8975
8962
8975
8962
8975
8962
8975
8987
9000
9025
9050
9075
9100
9125
9150
9175
9200
9225
9275
9300
9362
9400
9437
9475
9487
9500
9537
9550
9562
9600
9612
9625
9637
9650
9637
9650
9637
9650
9637
9650
9637
9650
9637
9650
9637
9625
9612
9625
9612
9625
9637
9650
9637
9650
9637
9650
9662
9675
9662
9675
9662
9650
9637
9625
9587
9550
9512
9475
9437
9425
9412
9412
9400
9412
9400
9412
9387
9375
9362
9350
9350
9337
9350
9337
9350
9337
9350
9337
9350
9337
9325
9312
9300
9287
9275
9262
9250
9237
9200
9187
9175
9162
9150
9162
9150
9162
9150
9162
9150
9162
9150
9137
9125
9112
9100
9087
9100
9087
9100
9087
9100
9087
9100
9087
9100
9087
9075
9062
9075
9062
9050
9062
9075
9062
9075
9087
9100
9087
9100
9087
9100
9087
9100
9087
9100
9087
9100
9087
9112
9100
9112
9125
9137
9137
9150
9162
9150
9162
9150
9162
9150
9137
9137
9137
9112
9112
9137
9125
9112
9125
9112
9100
9087
9100
9087
9100
9087
9100
9087
9100
9087
9100
9112
9125
9137
9175
9187
9200
9237
9275
9287
9325
9350
9375
9412
9450
9475
9525
9575
9587
9625
9662
9675
9687
9725
9737
9750
9762
9787
9787
9787
9787
9787
9775
9762
9775
9762
9775
9762
9775
9762
9750
9750
9750
9725
9725
9725
9712
9700
9712
9700
9712
9700
9712
9700
9712
9700
9712
9700
9712
9700
9712
9700
9712
9700
9687
9675
9662
9650
9637
9650
9637
9650
9637
9625
9587
9550
9512
9475
9462
9450
9462
9450
9462
9450
9462
9450
9462
9450
9462
9450
9462
9475
9487
9475
9487
9475
9462
9450
9462
9450
9462
9450
9437
9425
9412
9400
9387
9375
9362
9350
9350
9337
9350
9337
9325
9325
9312
9300
9287
9300
9275
9287
9275
9262
9250
9237
9225
9212
9200
9187
9175
9137
9125
9112
9100
9087
9075
9062
9050
9037
9025
9037
9025
9037
9025
9037
9025
9037
9025
9037
9025
9037
9025
9012
9000
8987
8975
8987
9000
8987
9000
8987
8975
8962
8975
8962
8975
8962
8950
8937
8925
8912
8900
8887
8875
8862
8850
8837
8850
8837
8850
8837
8850
8862
8875
8887
8925
8937
8950
8987
9025
9037
9075
9112
9150
9187
9225
9262
9300
9325
9362
9400
9437
9475
9487
9500
9512
9525
9537
9550
9537
9550
9537
9525
9512
9525
9512
9500
9487
9475
9462
9450
9462
9450
9462
9450
9462
9450
9462
9450
9462
9450
9437
9437
9437
9412
9387
9387
9350
9325
9312
9300
9287
9275
9262
9250
9237
9200
9187
9175
9162
9150
9162
9150
9162
9150
9162
9175
9187
9175
9187
9175
9162
9150
9162
9150
9137
9125
9112
9100
9087
9100
9087
9100
9087
9075
9075
9075
9050
9050
9075
9062
9050
9062
9050
9037
9025
9037
9025
9050
9037
9050
9037
9050
9025
9012
9000
8987
8975
8962
8975
8962
8975
8962
8975
8962
8950
8937
8925
8912
8900
8912
8900
8912
8900
8912
8900
8912
8900
8912
8900
8912
8900
8887
8875
8862
8850
8837
8850
8837
8850
8862
8875
8862
8875
8862
8850
8837
8850
8837
8862
8862
8862
8862
8862
8850
8837
8850
8837
8850
8837
8850
8837
8850
8862
8862
8875
8887
8875
8862
8862
8850
8837
8850
8837
8850
8837
8850
8837
8825
8825
8825
8837
8850
8887
8887
8912
8925
8937
8950
8987
9025
9062
9125
9162
9200
9237
9250
9262
9300
9300
9312
9325
9337
9337
9362
9375
9387
9400
9412
9425
9437
9450
9462
9475
9487
9500
9500
9512
9500
9487
9475
9475
9462
9450
9462
9450
9462
9450
9462
9450
9437
9425
9437
9412
9425
9437
9450
9437
9462
9475
9487
9475
9487
9475
9462
9450
9437
9425
9412
9400
9387
9375
9375
9375
9350
9350
9350
9350
9337
9350
9337
9350
9337
9350
9337
9325
9312
9325
9312
9325
9337
9350
9337
9350
9337
9350
9337
9350
9337
9350
9337
9350
9337
9350
9325
9325
9300
9300
9275
9287
9275
9262
9250
9262
9250
9237
9250
9237
9200
9187
9175
9162
9150
9162
9150
9162
9150
9162
9150
9137
9125
9112
9100
9087
9100
9087
9100
9087
9075
9062
9050
9037
9025
9037
9025
9037
9025
9037
9025
9037
9012
9012
8987
8987
8962
8975
8962
8950
8950
8937
8925
8912
8925
8900
8912
8900
8912
8900
8912
8900
8912
8900
8912
8900
8912
8900
8912
8900
8887
8875
8862
8850
8862
8875
8862
8875
8862
8850
8837
8850
8837
8850
8837
8850
8837
8850
8837
8850
8862
8900
8912
8962
8987
9012
9037
9087
9100
9137
9175
9187
9200
9237
9275
9300
9337
9375
9412
9425
9437
9475
9487
9500
9512
9537
9537
9562
9562
9562
9550
9537
9525
9512
9525
9512
9525
9512
9525
9512
9525
9537
9550
9562
9600
9612
9600
9625
9625
9600
9600
9600
9562
9550
9537
9500
9487
9475
9437
9400
9387
9350
9350
9337
9350
9337
9350
9337
9350
9337
9325
9312
9325
9312
9300
9312
9300
9287
9275
9287
9275
9287
9275
9262
9250
9262
9250
9237
9250
9237
9225
9212
9225
9212
9225
9212
9225
9212
9225
9212
9200
9187
9175
9137
9125
9137
9125
9112
9125
9112
9100
9087
9100
9087
9100
9087
9100
9087
9075
9075
9062
9050
9037
9050
9025
9037
9025
9037
9025
9037
9025
9037
9025
9012
9000
8987
8975
8987
9000
8987
9000
8987
8975
8987
9000
9012
9025
9037
9025
9037
9025
9037
9050
9062
9050
9062
9050
9037
9025
9037
9050
9062
9050
9075
9075
9075
9075
9100
9087
9100
9087
9100
9087
9100
9087
9075
9062
9075
9062
9075
9087
9100
9087
9112
9112
9150
9162
9200
9225
9275
9300
9362
9400
9437
9475
9512
9525
9562
9612
9625
9650
9675
9700
9687
9687
9675
9662
9650
9637
9650
9637
9650
9637
9650
9637
9650
9637
9650
9637
9650
9637
9650
9625
9637
9625
9637
9625
9650
9637
9650
9637
9650
9662
9675
9662
9675
9662
9650
9637
9625
9612
9600
9562
9550
9537
9500
9487
9475
9462
9450
9437
9425
9412
9400
9412
9425
9412
9425
9412
9412
9400
9412
9400
9412
9387
9412
9412
9412
9412
9412
9400
9387
9400
9387
9400
9387
9400
9387
9400
9387
9400
9387
9400
9387
9400
9387
9375
9362
9350
9350
9337
9350
9337
9350
9337
9350
9337
9350
9337
9325
9312
9300
9287
9275
9287
9275
9262
9262
9262
9262
9262
9262
9250
9237
9225
9212
9225
9212
9225
9212
9225
9212
9200
9187
9175
9162
9150
9162
9150
9137
9125
9112
9100
9087
9112
9112
9112
9112
9112
9075
9062
9075
9062
9050
9062
9075
9062
9075
9087
9075
9075
9075
9050
9050
9075
9062
9075
9087
9100
9087
9075
9075
9075
9050
9050
9050
9012
9000
9012
8987
8987
8987
8987
8962
8975
8962
8975
8962
8975
8962
8987
8987
9012
9037
9087
9125
9187
9250
9300
9337
9387
9437
9462
9487
9537
9550
9562
9575
9587
9575
9587
9600
9612
9637
9650
9662
9650
9662
9637
9650
9637
9650
9625
9625
9600
9612
9600
9600
9600
9600
9587
9575
9587
9575
9562
9550
9562
9550
9562
9575
9562
9550
9537
9525
9512
9525
9512
9500
9462
9450
9412
9375
9362
9350
9325
9312
9300
9262
9250
9237
9225
9212
9225
9212
9225
9212
9225
9212
9225
9212
9237
9225
9237
9250
9262
9237
9250
9237
9225
9212
9225
9212
9225
9212
9200
9187
9175
9162
9150
9162
9150
9137
9125
9112
9100
9087
9100
9087
9100
9087
9075
9062
9050
9037
9025
9037
9025
9037
9025
9012
9000
8987
8975
8962
8975
8962
8975
8962
8975
8962
8975
8962
8975
8950
8962
8950
8962
8950
8975
8962
8975
8962
8975
8962
8975
8962
8975
8962
8975
8962
8975
8962
8975
8962
8975
8987
9000
8987
9000
8987
8975
8962
8987
8987
8987
8987
8987
8975
8962
8975
8962
8975
8962
8975
8962
8975
8987
9000
9012
9025
9037
9050
9062
9075
9112
9150
9162
9200
9237
9275
9287
9325
9350
9362
9387
9412
9437
9462
9512
9525
9562
9575
9587
9575
9587
9600
9612
9625
9637
9650
9637
9650
9637
9625
9612
9600
9587
9562
9562
9537
9537
9537
9550
9562
9575
9587
9575
9587
9575
9587
9575
9562
9550
9537
9500
9487
9475
9437
9425
9412
9375
9362
9350
9350
9350
9362
9375
9387
9400
9387
9400
9387
9400
9387
9400
9387
9400
9387
9375
9375
9375
9350
9350
9350
9350
9337
9325
9312
9300
9262
9250
9237
9225
9212
9200
9187
9175
9137
9125
9112
9100
9087
9100
9087
9100
9087
9100
9087
9075
9075
9075
9050
9050
9075
9062
9050
9062
9050
9037
9025
9037
9025
9037
9025
9037
9025
9037
9025
9012
9000
9012
8987
8987
9012
9012
8987
9000
9012
9000
8987
9000
8987
8975
8962
8975
8962
8975
8962
8975
8962
8975
8962
8975
8962
8975
8962
8975
8962
8975
8962
8975
8962
8975
8962
8975
8962
8975
8962
8975
8987
9000
9012
9025
9050
9075
9100
9125
9175
9187
9200
9237
9250
9262
9300
9325
9337
9375
9412
9425
9437
9475
9487
9500
9512
9537
9537
9562
9562
9587
9575
9587
9575
9587
9575
9587
9575
9587
9600
9612
9600
9612
9600
9587
9575
9587
9575
9587
9575
9587
9575
9562
9550
9562
9550
9537
9550
9537
9525
9512
9525
9512
9525
9500
9512
9487
9487
9462
9475
9450
9462
9450
9437
9425
9412
9375
9362
9350
9350
9337
9350
9337
9350
9337
9325
9312
9300
9287
9275
9300
9287
9300
9287
9300
9275
9287
9275
9300
9300
9300
9300
9300
9287
9275
9287
9275
9287
9275
9287
9275
9287
9275
9287
9275
9262
9250
9237
9225
9212
9237
9237
9237
9237
9225
9200
9175
9175
9150
9162
9150
9162
9150
9162
9175
9187
9175
9187
9175
9175
9175
9175
9175
9175
9162
9150
9162
9150
9162
9150
9162
9150
9162
9150
9162
9150
9162
9150
9162
9150
9162
9150
9162
9150
9137
9125
9112
9112
9112
9112
9112
9112
9100
9087
9100
9087
9100
9087
9100
9087
9100
9087
9100
9087
9100
9087
9100
9075
9075
9050
9050
9050
9062
9050
9062
9050
9037
9050
9062
9075
9087
9075
9062
9050
9037
9025
9037
9025
9037
9025
9012
9000
8987
8975
8962
8987
8987
9012
9012
9037
9050
9087
9125
9187
9250
9300
9362
9400
9437
9475
9487
9500
9537
9575
9587
9625
9662
9675
9687
9725
9737
9750
9787
9800
9787
9812
9812
9787
9787
9812
9787
9787
9787
9787
9762
9775
9762
9775
9762
9775
9762
9750
9737
9750
9737
9750
9762
9775
9762
9775
9762
9775
9787
9800
9787
9800
9812
9800
9812
9825
9837
9825
9812
9800
9787
9750
9737
9725
9712
9700
9712
9700
9712
9700
9712
9700
9687
9675
9662
9650
9637
9625
9612
9600
9587
9575
9587
9575
9562
9550
9562
9550
9537
9550
9537
9525
9512
9525
9512
9525
9512
9525
9512
9525
9512
9500
9487
9475
9462
9450
9462
9450
9437
9425
9412
9400
9387
9375
9375
9375
9375
9375
9375
9362
9350
9350
9350
9350
9325
9325
9300
9287
9275
9287
9275
9287
9275
9262
9250
9237
9200
9187
9175
9162
9150
9162
9150
9162
9150
9162
9150
9162
9150
9162
9150
9162
9150
9162
9150
9162
9175
9187
9200
9212
9225
9212
9200
9187
9175
9162
9175
9175
9175
9175
9150
9125
9112
9100
9087
9100
9087
9100
9087
9100
9087
9100
9087
9100
9087
9100
9087
9100
9087
9100
9087
9075
9062
9050
9037
9025
9012
9000
8987
8975
8962
8975
8987
9000
8987
9000
8987
8975
8987
9000
9012
9050
9062
9075
9112
9150
9162
9212
9262
9287
9312
9337
9350
9350
9375
9400
9450
9487
9525
9575
9600
9600
9612
9625
9625
9650
9662
9675
9687
9700
9687
9725
9712
9737
9737
9762
9750
9775
9762
9775
9762
9775
9762
9775
9762
9750
9737
9725
9712
9700
9712
9700
9712
9700
9712
9700
9712
9700
9712
9700
9712
9700
9712
9700
9725
9725
9762
9775
9812
9812
9812
9800
9787
9775
9762
9787
9775
9787
9775
9787
9762
9750
9737
9725
9687
9650
9637
9600
9562
9550
9537
9525
9512
9525
9512
9500
9500
9500
9500
9500
9500
9487
9475
9462
9450
9462
9450
9462
9450
9437
9437
9437
9412
9412
9437
9425
9412
9425
9412
9375
9362
9350
9350
9337
9325
9312
9300
9287
9275
9287
9262
9262
9262
9250
9237
9237
9237
9212
9225
9212
9225
9212
9225
9212
9200
9200
9200
9200
9200
9200
9187
9175
9162
9150
9162
9150
9162
9150
9162
9150
9162
9150
9162
9150
9162
9150
9162
9150
9162
9150
9162
9150
9162
9175
9187
9200
9212
9225
9212
9200
9200
9200
9175
9175
9200
9187
9200
9237
9250
9237
9250
9237
9237
9237
9237
9237
9237
9225
9212
9225
9212
9225
9212
9225
9212
9225
9212
9225
9212
9225
9212
9225
9212
9225
9212
9225
9212
9225
9212
9225
9237
9250
9262
9300
9325
9362
9425
9487
9525
9562
9600
9637
9650
9687
9725
9737
9750
9762
9787
9787
9812
9812
9837
9825
9837
9825
9837
9825
9837
9825
9837
9850
9862
9837
9850
9862
9850
9862
9875
9862
9850
9837
9837
9825
9837
9825
9837
9825
9837
9825
9837
9825
9837
9825
9837
9825
9837
9825
9837
9825
9837
9825
9812
9775
9762
9725
9687
9675
9662
9625
9612
9600
9587
9575
9587
9575
9587
9575
9587
9575
9587
9575
9587
9575
9587
9575
9587
9575
9587
9575
9587
9575
9587
9575
9587
9575
9587
9575
9587
9575
9562
9550
9537
9525
9537
9550
9537
9550
9537
9525
9512
9500
9487
9475
9462
9450
9437
9425
9412
9400
9387
9400
9387
9400
9387
9375
9362
9350
9350
9337
9350
9337
9325
9312
9300
9287
9275
9287
9275
9287
9275
9287
9275
9287
9275
9287
9275
9262
9250
9237
9225
9212
9225
9237
9250
9262
9275
9262
9262
9250
9237
9225
9237
9212
9225
9212
9225
9200
9200
9175
9175
9150
9162
9150
9162
9175
9187
9200
9212
9225
9212
9225
9212
9225
9212
9225
9212
9225
9212
9225
9212
9225
9212
9225
9212
9225
9212
9200
9200
9200
9175
9175
9175
9162
9150
9162
9150
9137
9137
9137
9112
9112
9137
9125
9137
9175
9212
9225
9275
9312
9362
9412
9487
9550
9612
9650
9700
9725
9750
9750
9787
9787
9787
9787
9787
9775
9787
9800
9812
9825
9812
9800
9787
9775
9762
9775
9762
9750
9737
9750
9737
9750
9762
9750
9737
9725
9712
9700
9712
9700
9712
9700
9712
9700
9712
9700
9712
9700
9687
9650
9637
9600
9587
9575
9562
9525
9512
9475
9462
9450
9462
9450
9462
9450
9462
9450
9462
9450
9437
9425
9412
9400
9412
9425
9437
9450
9462
9450
9462
9450
9462
9450
9462
9450
9462
9450
9462
9450
9462
9450
9462
9450
9462
9450
9462
9450
9462
9450
9475
9475
9475
9475
9475
9462
9450
9437
9425
9412
9400
9387
9375
9362
9350
9350
9337
9350
9337
9350
9337
9350
9337
9350
9337
9350
9337
9350
9337
9350
9337
9350
9337
9350
9337
9325
9312
9300
9287
9275
9287
9275
9287
9275
9287
9275
9262
9250
9262
9250
9237
9250
9262
9250
9262
9275
9287
9275
9287
9275
9262
9250
9237
9225
9212
9225
9212
9225
9212
9225
9200
9200
9200
9200
9200
9212
9225
9212
9225
9212
9200
9187
9175
9162
9150
9162
9150
9162
9150
9162
9150
9162
9150
9162
9150
9162
9175
9187
9200
9237
9250
9262
9300
9325
9337
9375
9412
9450
9462
9500
9537
9575
9587
9625
9637
9650
9662
9700
9712
9750
9762
9775
9762
9775
9762
9775
9762
9775
9787
9800
9787
9800
9787
9775
9762
9775
9762
9750
9750
9737
9725
9712
9725
9700
9712
9687
9687
9662
9662
9637
9650
9637
9650
9637
9650
9637
9662
9662
9662
9637
9637
9600
9562
9550
9537
9500
9487
9462
9450
9437
9425
9412
9412
9400
9387
9400
9387
9400
9387
9400
9387
9400
9387
9400
9387
9400
9387
9375
9362
9375
9362
9375
9387
9400
9387
9400
9412
9425
9412
9437
9425
9412
9400
9412
9387
9400
9387
9400
9387
9400
9387
9375
9362
9350
9350
9337
9350
9337
9350
9337
9325
9312
9300
9287
9275
9287
9275
9262
9250
9237
9225
9212
9200
9187
9175
9162
9150
9162
9137
9150
9137
9150
9137
9162
9150
9137
9125
9112
9075
9062
9050
9037
9025
9037
9025
9037
9025
9037
9025
9037
9025
9037
9025
9037
9025
9037
9025
9037
9025
9037
9025
9037
9025
9037
9025
9037
9025
9012
9000
8987
8975
8962
8950
8950
8950
8950
8950
8975
8962
8975
8962
8975
8987
9025
9062
9125
9162
9200
9237
9250
9262
9300
9325
9337
9375
9387
9400
9412
9425
9437
9475
9487
9500
9537
9550
9562
9600
9612
9600
9612
9625
9612
9625
9637
9625
9612
9600
9587
9575
9587
9575
9587
9575
9562
9562
9562
9537
9537
9537
9525
9537
9550
9562
9575
9587
9575
9587
9575
9587
9575
9562
9550
9537
9525
9512
9500
9487
9475
9437
9437
9425
9412
9400
9412
9387
9375
9362
9375
9362
9375
9387
9375
9362
9350
9350
9350
9362
9350
9362
9350
9350
9337
9325
9312
9300
9287
9275
9262
9250
9237
9225
9212
9225
9212
9200
9187
9175
9162
9150
9162
9150
9162
9150
9137
9125
9112
9100
9087
9100
9087
9100
9087
9100
9087
9100
9087
9100
9087
9075
9062
9050
9037
9025
9037
9025
9037
9025
9037
9025
9037
9050
9062
9075
9087
9075
9062
9075
9062
9075
9087
9100
9087
9100
9087
9100
9087
9100
9087
9100
9087
9100
9087
9075
9062
9050
9037
9050
9062
9075
9087
9100
9112
9125
9112
9100
9087
9075
9062
9050
9062
9075
9062
9075
9075
9087
9075
9087
9100
9125
9137
9175
9187
9200
9237
9275
9300
9375
9425
9475
9500
9525
9537
9550
9562
9600
9637
9650
9687
9700
9712
9700
9712
9700
9712
9700
9687
9675
9662
9650
9637
9650
9625
9625
9600
9612
9600
9600
9600
9600
9587
9575
9587
9575
9587
9600
9612
9625
9637
9625
9612
9600
9562
9550
9525
9500
9500
9500
9475
9487
9475
9462
9450
9462
9450
9462
9450
9437
9437
9437
9437
9437
9462
9450
9462
9475
9475
9475
9500
9500
9500
9512
9525
9512
9525
9512
9525
9512
9500
9487
9475
9462
9450
9462
9450
9462
9450
9462
9450
9462
9450
9437
9425
9412
9400
9387
9400
9387
9375
9362
9350
9350
9337
9325
9312
9300
9287
9275
9287
9275
9287
9275
9287
9275
9287
9275
9287
9275
9287
9300
9312
9300
9312
9300
9262
9250
9237
9200
9187
9200
9187
9200
9212
9225
9212
9225
9212
9200
9187
9200
9175
9175
9175
9175
9150
9162
9150
9137
9137
9125
9112
9100
9087
9062
9050
9037
9050
9062
9075
9087
9075
9075
9075
9075
9075
9100
9087
9100
9087
9100
9087
9100
9087
9075
9062
9050
9037
9025
9037
9025
9037
9050
9087
9100
