t = 60.000000, p = 461.000000
14462
14487
14525
14562
14600
14637
14675
14737
14800
14862
14925
14975
15012
15062
15112
15162
15212
15287
15350
15412
15475
15512
15550
15562
15575
15562
15575
15562
15575
15562
15575
15562
15575
15562
15575
15562
15575
15562
15575
15575
15587
15575
15587
15562
15525
15475
15425
15350
15287
15250
15212
15175
15162
15150
15112
15075
15062
15025
15025
15012
15000
14987
14975
14937
14900
14862
14825
14812
14800
14812
14850
14862
14875
14887
14900
14912
14925
14937
14950
14962
14950
14937
14925
14912
14900
14875
14875
14850
14825
14800
14787
14775
14762
14775
14762
14775
14762
14775
14762
14775
14762
14750
14737
14725
14687
14675
14662
14650
14637
14625
14612
14600
14562
14550
14537
14537
14525
14537
14525
14537
14525
14537
14537
14550
14562
14575
14562
14550
14537
14537
14525
14512
14500
14487
14475
14487
14500
14487
14500
14487
14450
14437
14425
14387
14375
14362
14350
14337
14350
14362
14400
14437
14487
14550
14612
14675
14737
14800
14862
14925
14975
15037
15100
15162
15225
15287
15325
15362
15375
15387
15400
15437
15450
15487
15500
15512
15500
15512
15525
15537
15550
15562
15550
15537
15525
15487
15450
15412
15350
15287
15225
15162
15125
15087
15050
15037
15025
15000
14962
14950
14912
14900
14887
14900
14887
14900
14887
14900
14887
14875
14862
14850
14837
14825
14812
14775
14762
14750
14737
14725
14737
14725
14712
14700
14687
14675
14662
14650
14637
14650
14662
14675
14687
14700
14712
14700
14687
14675
14662
14625
14612
14600
14587
14575
14587
14562
14562
14537
14537
14525
14537
14537
14550
14562
14575
14562
14550
14537
14537
14525
14512
14500
14487
14475
14462
14475
14462
14475
14462
14450
14437
14425
14412
14400
14412
14400
14412
14400
14412
14425
14437
14450
14462
14475
14487
14512
14525
14562
14575
14562
14525
14512
14512
14500
14512
14537
14575
14612
14675
14737
14812
14887
14950
15025
15100
15162
15225
15287
15350
15412
15475
15512
15550
15575
15612
15625
15662
15675
15687
15675
15662
15625
15587
15550
15525
15512
15500
15512
15500
15512
15500
15487
15450
15412
15350
15287
15225
15162
15100
15037
15000
14975
14937
14925
14912
14900
14887
14900
14887
14875
14862
14850
14837
14825
14837
14825
14837
14825
14812
14800
14787
14750
14737
14725
14687
14650
14637
14600
14587
14575
14562
14550
14537
14512
14500
14487
14475
14487
14500
14512
14525
14537
14525
14512
14475
14462
14425
14412
14400
14412
14400
14412
14425
14437
14450
14462
14475
14462
14475
14462
14475
14462
14475
14462
14475
14462
14475
14462
14450
14412
14400
14362
14350
14362
14375
14387
14425
14437
14450
14462
14475
14462
14475
14487
14512
14525
14562
14575
14587
14575
14587
14562
14562
14537
14512
14500
14487
14475
14462
14475
14462
14475
14487
14500
14512
14537
14575
14612
14675
14737
14800
14862
14925
14975
15037
15100
15162
15225
15287
15350
15412
15475
15512
15550
15575
15587
15600
15637
15650
15637
15625
15612
15600
15587
15600
15612
15600
15587
15575
15575
15562
15550
15500
15475
15425
15375
15325
15287
15250
15212
15200
15187
15175
15162
15150
15112
15075
15062
15025
15000
14987
14975
14962
14975
15000
15012
15050
15062
15075
15062
15075
15062
15050
15012
14975
14925
14887
14850
14812
14800
14787
14775
14762
14775
14762
14775
14762
14775
14762
14775
14787
14800
14787
14800
14787
14750
14737
14725
14687
14675
14662
14650
14637
14650
14637
14650
14637
14650
14637
14625
14612
14600
14587
14600
14612
14625
14637
14650
14637
14650
14637
14625
14612
14600
14587
14575
14587
14575
14587
14575
14587
14575
14587
14575
14562
14550
14537
14537
14525
14537
14525
14537
14525
14537
14525
14537
14525
14512
14500
14512
14512
14562
14637
14712
14787
14862
14925
14975
15037
15100
15162
15225
15287
15350
15412
15450
15487
15525
15537
15550
15562
15575
15562
15575
15562
15550
15537
15525
15512
15500
15512
15500
15512
15500
15512
15500
15487
15450
15412
15350
15287
15225
15162
15100
15062
15025
15000
14987
14975
14962
14950
14962
14950
14937
14925
14912
14900
14887
14900
14887
14875
14862
14850
14812
14775
14737
14675
14637
14600
14562
14550
14562
14550
14562
14575
14587
14575
14587
14575
14587
14575
14587
14575
14562
14550
14537
14537
14525
14537
14525
14537
14525
14537
14525
14537
14525
14537
14525
14512
14500
14487
14475
14462
14450
14437
14425
14387
14375
14387
14375
14387
14400
14412
14400
14387
14375
14362
14350
14337
14325
14312
14300
14262
14250
14237
14225
14237
14275
14287
14325
14337
14325
14312
14300
14287
14300
14337
14375
14437
14487
14550
14612
14675
14737
14800
14862
14925
14975
15012
15050
15087
15125
15137
15175
15212
15250
15287
15325
15337
15350
15362
15375
15387
15425
15437
15450
15437
15450
15437
15450
15437
15425
15387
15350
15287
15225
15162
15100
15037
14975
14925
14862
14825
14787
14750
14737
14725
14712
14700
14712
14725
14737
14725
14737
14725
14687
14650
14612
14550
14487
14462
14425
14387
14387
14387
14362
14362
14362
14350
14337
14350
14337
14350
14337
14325
14312
14325
14312
14325
14337
14350
14337
14350
14337
14350
14337
14325
14312
14300
14262
14250
14237
14225
14212
14200
14187
14175
14137
14125
14137
14125
14137
14150
14162
14150
14162
14150
14162
14150
14137
14125
14112
14075
14037
14000
13962
13937
13925
13912
13925
13937
13950
13962
13975
13987
13975
13962
13950
13937
13925
13937
13950
13962
13987
14025
14075
14150
14225
14300
14375
14437
14487
14550
14612
14675
14737
14800
14862
14925
14975
15012
15050
15062
15075
15062
15075
15087
15100
15112
15150
15162
15150
15162
15150
15137
15150
15162
15175
15187
15200
15187
15175
15162
15175
15162
15150
15162
15150
15112
15075
15037
14975
14925
14862
14800
14737
14675
14637
14600
14587
14575
14587
14575
14587
14575
14587
14575
14562
14550
14537
14537
14525
14512
14500
14487
14475
14462
14450
14412
14400
14362
14350
14337
14350
14337
14325
14312
14325
14312
14325
14362
14375
14362
14375
14362
14350
14337
14325
14312
14300
14287
14275
14287
14275
14287
14275
14287
14275
14287
14275
14287
14275
14287
14275
14287
14275
14287
14275
14262
14250
14237
14225
14237
14250
14262
14275
14287
14275
14287
14275
14287
14275
14262
14250
14237
14225
14212
14225
14212
14225
14212
14225
14212
14225
14237
14275
14312
14375
14437
14487
14550
14587
14625
14637
14650
14662
14700
14737
14800
14862
14925
14975
15037
15075
15112
15150
15187
15225
15287
15325
15337
15350
15337
15325
15312
15325
15312
15325
15312
15325
15312
15300
15287
15275
15237
15225
15212
15175
15162
15150
15112
15075
15037
14975
14925
14862
14825
14787
14750
14737
14725
14687
14675
14662
14650
14637
14650
14637
14650
14637
14650
14637
14625
14612
14600
14587
14575
14587
14575
14562
14550
14537
14512
14475
14462
14425
14412
14400
14387
14375
14362
14350
14337
14362
14362
14387
14387
14412
14400
14412
14400
14412
14400
14387
14387
14387
14387
14387
14412
14400
14412
14425
14437
14450
14462
14450
14437
14425
14412
14400
14412
14400
14387
14375
14362
14350
14362
14375
14387
14425
14462
14475
14512
14537
14575
14612
14675
14737
14812
14887
14950
15025
15100
15162
15225
15287
15350
15387
15425
15437
15450
15437
15450
15437
15450
15437
15450
15437
15450
15437
15450
15437
15450
15437
15450
15437
15450
15437
15450
15437
15450
15437
15450
15437
15450
15437
15425
15387
15350
15287
15225
15162
15100
15025
14975
14937
14887
14862
14850
14812
14800
14812
14800
14812
14825
14837
14825
14837
14825
14837
14825
14812
14800
14787
14750
14712
14675
14637
14600
14562
14550
14537
14537
14525
14512
14500
14487
14450
14437
14425
14412
14400
14412
14400
14387
14375
14362
14325
14312
14300
14287
14275
14287
14275
14287
14275
14287
14275
14287
14275
14287
14275
14287
14275
14287
14275
14287
14300
14312
14325
14337
14325
14312
14300
14287
14275
14262
14250
14237
14225
14212
14225
14212
14225
14212
14225
14212
14225
14212
14225
14237
14250
14262
14300
14337
14375
14437
14487
14550
14612
14675
14737
14800
14862
14925
14975
15037
15100
15162
15225
15262
15300
15312
15325
15337
15350
15362
15375
15387
15375
15387
15375
15387
15375
15362
15325
15312
15275
15237
15225
15212
15175
15162
15150
15137
15125
15112
15075
15037
14975
14925
14862
14800
14762
14725
14687
14650
14637
14600
14562
14550
14537
14512
14500
14487
14450
14412
14400
14387
14375
14362
14375
14362
14325
14312
14300
14262
14250
14237
14225
14212
14225
14212
14225
14237
14250
14262
14275
14287
14275
14262
14250
14237
14225
14212
14225
14212
14200
14187
14175
14162
14150
14162
14150
14162
14150
14162
14150
14162
14150
14162
14175
14187
14200
14212
14225
14212
14200
14162
14150
14112
14100
14087
14100
14087
14100
14087
14075
14062
14050
14037
14025
14012
14000
13987
13987
13987
14000
14012
14050
14087
14125
14187
14250
14312
14387
14450
14525
14600
14675
14737
14800
14862
14925
14975
15037
15100
15162
15225
15262
15300
15312
15325
15312
15325
15312
15300
15287
15275
15262
15275
15312
15350
15412
15450
15462
15450
15437
15400
15362
15325
15287
15225
15162
15125
15075
15025
14975
14925
14887
14850
14812
14775
14737
14700
14662
14625
14612
14600
14587
14600
14612
14625
14637
14650
14637
14650
14637
14650
14637
14650
14637
14625
14612
14600
14562
14525
14512
14487
14475
14462
14475
14462
14450
14437
14425
14387
14375
14362
14350
14337
14350
14337
14350
14362
14375
14387
14400
14412
14400
14412
14400
14412
14400
14387
14375
14362
14350
14337
14325
14312
14300
14262
14250
14237
14225
14212
14225
14212
14225
14212
14200
14162
14125
14087
14050
14037
14050
14087
14125
14187
14250
14312
14375
14437
14487
14550
14612
14675
14737
14800
14862
14925
14975
15037
15100
15162
15225
15262
15300
15312
15325
15337
15350
15362
15375
15387
15375
15387
15375
15387
15375
15362
15350
15337
15325
15312
15300
15262
15250
15212
15175
15137
15125
15075
15025
14975
14925
14887
14850
14812
14775
14762
14725
14712
14700
14712
14700
14687
14675
14687
14675
14687
14700
14712
14700
14712
14700
14687
14675
14662
14650
14637
14650
14637
14625
14612
14625
14612
14625
14662
14675
14687
14700
14712
14700
14687
14650
14637
14625
14612
14625
14637
14650
14637
14650
14637
14650
14637
14650
14662
14675
14687
14700
14712
14700
14712
14700
14712
14700
14712
14700
14687
14650
14637
14600
14587
14575
14587
14600
14612
14625
14637
14650
14662
14675
14687
14700
14687
14675
14662
14625
14612
14600
14587
14575
14587
14600
14637
14675
14737
14800
14862
14925
14975
15037
15100
15162
15225
15287
15350
15412
15450
15487
15525
15537
15550
15575
15587
15600
15612
15625
15612
15625
15612
15600
15587
15600
15587
15600
15612
15625
15612
15625
15612
15625
15612
15600
15562
15525
15475
15412
15350
15275
15225
15175
15125
15100
15087
15075
15087
15100
15112
15125
15137
15125
15137
15125
15137
15125
15112
15100
15087
15075
15062
15050
15037
15050
15037
15025
15037
15025
15000
14962
14925
14887
14850
14837
14825
14837
14825
14837
14825
14837
14825
14837
14825
14837
14825
14812
14800
14787
14750
14737
14725
14712
14725
14737
14750
14762
14750
14712
14700
14662
14650
14637
14650
14637
14650
14637
14625
14612
14600
14587
14575
14562
14550
14537
14512
14500
14487
14475
14462
14475
14487
14512
14550
14612
14675
14737
14800
14862
14925
14987
15062
15137
15212
15287
15350
15412
15450
15487
15500
15512
15500
15512
15500
15512
15500
15512
15500
15512
15500
15512
15500
15512
15500
15512
15500
15512
15500
15487
15475
15462
15425
15412
15400
15362
15325
15287
15225
15162
15125
15087
15050
15012
15000
14975
14937
14925
14912
14875
14862
14850
14837
14825
14837
14825
14837
14825
14812
14800
14812
14800
14787
14800
14787
14750
14737
14725
14712
14700
14687
14675
14662
14650
14637
14650
14637
14650
14637
14625
14612
14600
14587
14575
14587
14575
14587
14575
14587
14575
14587
14600
14612
14625
14637
14650
14637
14625
14612
14600
14587
14600
14637
14650
14687
14700
14712
14725
14737
14750
14762
14750
14737
14725
14712
14700
14712
14700
14687
14650
14637
14600
14562
14550
14537
14537
14525
14512
14500
14487
14475
14462
14475
14462
14475
14462
14475
14487
14512
14550
14612
14687
14775
14862
14950
15025
15087
15137
15187
15200
15237
15275
15287
15300
15312
15325
15337
15350
15362
15400
15412
15425
15437
15450
15437
15425
15412
15400
15362
15350
15337
15300
15287
15275
15237
15200
15187
15150
15112
15075
15037
14975
14925
14862
14800
14737
14675
14637
14600
14587
14575
14562
14550
14537
14537
14525
14537
14525
14512
14500
14487
14450
14437
14425
14387
14350
14337
14300
14287
14275
14262
14250
14237
14225
14212
14225
14212
14225
14212
14225
14212
14225
14212
14225
14212
14200
14187
14175
14162
14150
14162
14150
14162
14150
14162
14150
14137
14125
14112
14100
14087
14100
14087
14100
14087
14100
14087
14100
14087
14075
14062
14050
14037
14025
14012
14000
13987
13987
13975
13987
13975
13987
13975
13987
13975
13987
13975
13987
13975
13987
13987
14000
14012
14025
14037
14050
14062
14075
14087
14075
14062
14050
14037
14050
14087
14125
14187
14250
14312
14375
14437
14487
14550
14612
14675
14750
14837
14912
15000
15062
15112
15125
15112
15100
15112
15125
15162
15225
15287
15350
15412
15475
15512
15525
15537
15525
15487
15450
15412
15350
15287
15225
15162
15100
15062
15025
15000
14962
14950
14937
14925
14937
14950
14962
14950
14962
14950
14962
14950
14962
14950
14962
14950
14937
14900
14887
14850
14812
14775
14762
14725
14712
14725
14737
14750
14762
14775
14762
14750
14737
14725
14712
14700
14712
14700
14712
14700
14712
14700
14712
14700
14712
14700
14712
14700
14712
14700
14712
14700
14712
14700
14712
14700
14712
14700
14712
14700
14712
14700
14712
14700
14712
14700
14712
14700
14687
14675
14662
14650
14637
14650
14637
14650
14662
14675
14687
14700
14712
14700
14687
14675
14687
14675
14687
14725
14737
14750
14762
14775
14787
14800
14812
14850
14887
14925
15000
15075
15150
15225
15287
15325
15362
15400
15412
15425
15437
15450
15462
15475
15487
15525
15537
15550
15575
15612
15625
15662
15675
15662
15650
15637
15600
15587
15575
15575
15562
15575
15562
15575
15562
15550
15512
15475
15412
15350
15287
15250
15212
15175
15162
15150
15137
15125
15137
15125
15137
15125
15112
15100
15087
15075
15062
15075
15087
15100
15125
15150
15175
15175
15175
15162
15150
15112
15100
15087
15075
15062
15050
15012
14975
14950
14912
14900
14887
14900
14912
14925
14937
14975
14987
15000
15012
15025
15012
15025
15012
15000
14962
14925
14900
14875
14875
14875
14900
14887
14900
14912
14925
14937
14950
14962
14950
14937
14900
14887
14875
14862
14875
14887
14875
14862
14850
14837
14850
14887
14925
14975
15012
15025
15037
15025
15000
14987
14975
14962
14950
14962
14950
14962
14975
15000
15012
15062
15112
15162
15212
15287
15350
15412
15475
15525
15587
15650
15712
15775
15812
15850
15887
15900
15912
15925
15937
15925
15912
15900
15887
15850
15837
15825
15812
15800
15812
15800
15787
15775
15762
15725
15687
15650
15587
15525
15475
15412
15375
15337
15325
15312
15325
15312
15300
15287
15275
15262
15250
15262
15250
15262
15275
15287
15275
15262
15250
15212
15200
15187
15200
15187
15175
15162
15150
15137
15125
15112
15100
15087
15075
15062
15050
15037
15025
15025
15025
15037
15050
15062
15050
15037
15025
15025
15025
15037
15050
15087
15100
15112
15125
15112
15075
15037
15000
14975
14962
14950
14962
14975
14987
14975
14962
14950
14912
14900
14887
14875
14875
14875
14875
14875
14900
14887
14875
14837
14800
14737
14700
14662
14650
14662
14675
14687
14700
14712
14725
14737
14750
14787
14825
14862
14925
14975
15037
15100
15162
15225
15287
15350
15412
15450
15487
15525
15550
15587
15625
15637
15650
15637
15625
15612
15625
15612
15625
15612
15600
15562
15525
15500
15462
15425
15387
15350
15287
15225
15162
15100
15037
15000
14975
14937
14900
14887
14850
14812
14775
14737
14675
14637
14600
14562
14550
14537
14537
14525
14537
14525
14537
14525
14537
14525
14512
14500
14487
14450
14437
14425
14412
14400
14387
14350
14312
14275
14237
14225
14212
14225
14212
14225
14212
14225
14212
14225
14212
14225
14212
14225
14212
14200
14187
14175
14162
14150
14162
14150
14162
14150
14162
14175
14187
14200
14212
14225
14237
14250
14262
14275
14287
14275
14287
14275
14287
14275
14287
14275
14262
14250
14237
14225
14212
14225
14212
14225
14212
14225
14237
14250
14262
14275
14287
14275
14287
14275
14287
14300
14312
14300
14312
14300
14287
14300
14337
14375
14437
14487
14550
14612
14675
14737
14800
14862
14925
14975
15037
15075
15112
15150
15162
15187
15237
15287
15337
15387
15425
15462
15475
15487
15500
15512
15500
15512
15500
15512
15500
15512
15500
15487
15475
15462
15450
15437
15425
15412
15400
15387
15375
15387
15375
15387
15375
15362
15325
15287
15225
15187
15137
15112
15087
15062
15012
15000
14975
14937
14925
14912
14900
14887
14900
14887
14900
14887
14900
14887
14875
14862
14850
14837
14825
14812
14800
14787
14775
14762
14775
14762
14775
14762
14775
14762
14750
14737
14725
14687
14675
14662
14650
14637
14650
14637
14650
14637
14650
14662
14675
14687
14725
14762
14775
14812
14825
14837
14825
14812
14775
14762
14725
14687
14675
14662
14625
14612
14600
14587
14600
14637
14650
14687
14700
14687
14675
14662
14650
14637
14650
14662
14675
14687
14725
14737
14725
14737
14725
14712
14700
14712
14700
14687
14675
14662
14650
14662
14700
14737
14800
14862
14925
14975
15037
15100
15162
15225
15287
15350
15412
15475
15512
15550
15575
15587
15600
15612
15625
15637
15650
15662
15700
15712
15725
15737
15725
15712
15700
15662
15650
15637
15600
15562
15512
15475
15412
15350
15287
15237
15150
15075
15025
14975
14937
14900
14887
14850
14812
14800
14787
14775
14762
14775
14762
14750
14737
14725
14687
14675
14687
14675
14662
14675
14662
14625
14587
14575
14537
14512
14500
14487
14450
14437
14425
14412
14400
14387
14375
14362
14350
14337
14350
14337
14325
14312
14300
14262
14250
14237
14225
14212
14200
14187
14175
14162
14150
14162
14150
14162
14150
14162
14150
14162
14150
14162
14150
14162
14150
14137
14125
14112
14100
14087
14075
14037
14025
14012
14000
14012
14025
14037
14025
14037
14025
14037
14050
14062
14075
14087
14075
14037
14025
14012
14025
14062
14125
14187
14250
14312
14375
14437
14487
14550
14612
14675
14737
14800
14862
14925
14975
15037
15075
15125
15150
15175
15175
15200
15187
15200
15212
15225
15250
15262
15287
15287
15287
15275
15275
15262
15275
15287
15300
15312
15325
15312
15300
15287
15275
15237
15200
15162
15100
15037
14975
14925
14862
14825
14787
14775
14762
14750
14737
14725
14712
14700
14712
14725
14737
14750
14762
14775
14762
14775
14762
14775
14762
14775
14762
14750
14737
14725
14687
14650
14612
14550
14512
14487
14475
14462
14475
14462
14475
14462
14475
14462
14475
14462
14475
14462
14475
14487
14500
14487
14500
14487
14475
14462
14475
14487
14500
14487
14500
14487
14450
14437
14425
14412
14400
14412
14400
14412
14400
14387
14375
14387
14375
14387
14400
14412
14400
14412
14400
14387
14350
14337
14300
14287
14300
14337
14375
14412
14425
14437
14450
14462
14487
14562
14637
14712
14787
14862
14925
14975
15037
15100
15162
15225
15287
15350
15412
15475
15512
15550
15562
15575
15575
15600
15600
15625
15612
15625
15612
15600
15587
15575
15575
15562
15575
15562
15550
15537
15525
15487
15450
15412
15350
15287
15225
15162
15100
15062
15012
15000
14975
14975
14950
14962
14950
14962
14950
14937
14925
14937
14925
14937
14950
14962
14950
14937
14925
14912
14875
14837
14825
14787
14750
14737
14725
14712
14700
14712
14700
14712
14700
14687
14675
14662
14650
14637
14650
14637
14650
14637
14625
14612
14600
14587
14600
14612
14600
14612
14600
14587
14575
14587
14575
14587
14575
14587
14575
14587
14600
14637
14650
14687
14700
14712
14700
14712
14700
14687
14675
14687
14700
14712
14750
14762
14775
14762
14750
14737
14725
14712
14725
14737
14750
14762
14775
14762
14775
14762
14750
14737
14725
14712
14700
14712
14700
14712
14725
14737
14750
14787
14825
14862
14925
14975
15037
15100
15162
15225
15287
15350
15412
15475
15512
15550
15575
15587
15575
15587
15575
15575
15575
15587
15600
15612
15625
15612
15625
15612
15625
15612
15625
15612
15600
15587
15575
15550
15537
15525
15487
15475
15462
15425
15412
15400
15362
15325
15312
15275
15237
15200
15162
15100
15062
15012
15000
14975
14975
14950
14962
14950
14937
14925
14912
14900
14887
14875
14837
14825
14775
14750
14725
14725
14700
14712
14700
14712
14725
14737
14750
14762
14775
14762
14775
14762
14750
14712
14675
14637
14600
14587
14575
14587
14575
14587
14575
14587
14575
14587
14575
14587
14575
14587
14575
14562
14550
14537
14537
14525
14537
14537
14550
14537
14550
14537
14537
14525
14512
14500
14487
14475
14487
14500
14512
14525
14537
14525
14537
14525
14512
14500
14487
14450
14437
14412
14387
14362
14362
14337
14350
14337
14350
14337
14350
14362
14375
14387
14425
14437
14450
14462
14475
14462
14475
14462
14450
14437
14425
14412
14425
14462
14487
14550
14612
14675
14750
14825
14900
14962
15037
15100
15162
15225
15287
15325
15337
15350
15337
15325
15312
15325
15312
15300
15287
15300
15287
15300
15312
15325
15312
15300
15262
15225
15162
15100
15037
14975
14925
14862
14825
14787
14775
14762
14750
14737
14725
14687
14675
14662
14650
14637
14625
14612
14600
14587
14575
14587
14575
14587
14575
14587
14575
14562
14550
14537
14537
14525
14512
14475
14462
14425
14387
14375
14362
14350
14337
14350
14337
14350
14362
14375
14387
14400
14412
14400
14412
14425
14462
14475
14512
14525
14537
14525
14537
14525
14512
14500
14487
14475
14487
14512
14525
14562
14600
14637
14650
14687
14700
14712
14700
14687
14675
14662
14650
14637
14625
14612
14600
14562
14525
14512
14512
14500
14487
14500
14487
14475
14462
14450
14437
14425
14387
14375
14362
14350
14362
14400
14437
14487
14550
14612
14675
14737
14800
14862
14925
14975
15037
15100
15162
15225
15262
15300
15337
15375
15412
15475
15512
15550
15562
15575
15562
15575
15562
15550
15537
15525
15487
15475
15462
15450
15425
15425
15400
15375
15350
15337
15300
15262
15225
15162
15100
15037
14975
14925
14862
14825
14787
14775
14762
14775
14762
14775
14762
14775
14762
14750
14737
14750
14737
14725
14737
14725
14687
14650
14612
14550
14512
14487
14475
14462
14475
14462
14475
14462
14475
14462
14475
14462
14475
14462
14475
14487
14500
14487
14500
14487
14475
14462
14475
14462
14475
14462
14450
14412
14400
14362
14325
14312
14300
14287
14275
14287
14275
14287
14275
14287
14300
14312
14300
14312
14300
14287
14275
14287
14275
14287
14275
14287
14275
14287
14275
14262
14250
14237
14225
14212
14225
14212
14200
14187
14175
14162
14150
14162
14175
14212
14225
14262
14300
14337
14375
14437
14487
14550
14612
14675
14737
14800
14862
14925
14975
15037
15100
15162
15225
15262
15300
15337
15350
15362
15375
15387
15375
15387
15375
15387
15375
15362
15350
15337
15325
15312
15300
15287
15275
15237
15200
15162
15100
15037
14975
14925
14862
14800
14737
14700
14662
14650
14662
14675
14662
14675
14662
14650
14637
14625
14587
14550
14512
14487
14475
14462
14475
14462
14475
14462
14475
14462
14475
14462
14450
14412
14400
14362
14350
14337
14350
14337
14350
14362
14375
14387
14400
14412
14400
14387
14350
14312
14275
14262
14250
14237
14250
14237
14225
14212
14225
14237
14275
14287
14300
14312
14300
14287
14275
14262
14225
14187
14150
14137
14125
14112
14125
14112
14100
14087
14100
14087
14100
14087
14100
14087
14075
14062
14050
14037
14025
14012
14000
13987
13987
13975
13987
13975
13987
13987
14012
14037
14087
14125
14187
14250
14312
14375
14437
14487
14550
14612
14675
14737
14800
14862
14925
14975
15037
15100
15137
15175
15187
15200
15187
15200
15187
15200
15187
15200
15187
15175
15137
15125
15087
15075
15062
15050
15012
14975
14925
14862
14825
14775
14725
14675
14625
14575
14537
14512
14500
14487
14475
14487
14500
14487
14500
14487
14475
14462
14475
14462
14475
14462
14450
14437
14425
14387
14375
14362
14350
14337
14362
14362
14362
14337
14312
14275
14237
14225
14237
14250
14262
14275
14287
14275
14287
14275
14287
14275
14287
14275
14287
14275
14262
14250
14237
14225
14212
14225
14212
14200
14162
14150
14112
14100
14112
14125
14112
14125
14112
14100
14087
14075
14062
14050
14037
14025
14037
14050
14062
14075
14087
14100
14087
14100
14087
14100
14112
14150
14187
14250
14312
14375
14437
14487
14550
14612
14675
14737
14800
14862
14925
14975
15012
15050
15062
15075
15087
15100
15112
15150
15187
15225
15262
15275
15287
15275
15262
15250
15262
15250
15237
15200
15187
15150
15137
15125
15112
15075
15037
14975
14925
14862
14800
14762
14725
14687
14650
14637
14587
14562
14537
14537
14525
14512
14500
14487
14450
14437
14425
14387
14375
14362
14350
14337
14325
14287
14250
14187
14150
14112
14100
14087
14100
14087
14100
14087
14075
14062
14050
14037
14050
14062
14075
14087
14100
14087
14075
14062
14050
14012
14000
13987
13962
13950
13937
13900
13862
13850
13812
13800
13787
13800
13787
13800
13787
13800
13812
13825
13812
13825
13812
13800
13787
13775
13762
13775
13787
13800
13837
13850
13862
13850
13837
13837
13837
13837
13862
13912
13937
14000
14062
14125
14187
14250
14312
14375
14437
14487
14550
14612
14675
14737
14800
14837
14875
14912
14950
14975
15012
15050
15087
15100
15112
15125
15137
15125
15137
15125
15137
15125
15137
15150
15162
15175
15187
15200
15187
15175
15162
15150
15137
15125
15137
15150
15162
15150
15137
15100
15037
14975
14925
14887
14850
14812
14800
14787
14750
14737
14725
14687
14675
14662
14650
14637
14650
14662
14675
14687
14700
14687
14675
14662
14625
14612
14600
14587
14575
14562
14550
14537
14537
14525
14537
14525
14512
14500
14487
14475
14462
14450
14437
14425
14412
14400
14412
14425
14462
14475
14512
14525
14512
14475
14437
14400
14387
14400
14437
14487
14525
14537
14525
14487
14437
14400
14387
14375
14387
14400
14387
14375
14362
14350
14337
14350
14337
14350
14362
14375
14362
14350
14337
14300
14287
14300
14312
14300
14312
14325
14312
14325
14362
14400
14437
14487
14550
14612
14675
14737
14800
14862
14925
14975
15037
15100
15162
15225
15287
15325
15362
15400
15412
15425
15437
15450
15437
15450
15437
15425
15387
15375
15337
15300
15262
15225
15187
15150
15112
15075
15037
14975
14925
14862
14800
14737
14675
14612
14575
14537
14512
14500
14487
14475
14462
14475
14462
14475
14462
14475
14462
14475
14462
14450
14412
14400
14387
14375
14387
14425
14437
14425
14412
14400
14387
14375
14387
14400
14387
14375
14362
14350
14337
14325
14312
14325
14312
14325
14337
14325
14312
14325
14312
14325
14337
14325
14312
14300
14287
14300
14312
14325
14362
14375
14362
14375
14362
14325
14312
14300
14262
14250
14237
14225
14212
14225
14212
14225
14237
14250
14262
14300
14312
14325
14362
14400
14412
14450
14487
14500
14512
14562
14612
14675
14762
14837
14912
14975
15012
15050
15087
15125
15162
15200
15237
15275
15287
15300
15312
15325
15312
15325
15337
15350
15362
15400
15412
15400
15387
15375
15337
15325
15312
15325
15312
15300
15262
15225
15162
15100
15062
15025
15025
15012
15025
15012
15025
15025
15037
15025
15037
15025
15000
14962
14925
14862
14825
14787
14750
14737
14725
14712
14700
14712
14700
14712
14700
14712
14700
14712
14700
14712
14700
14687
14675
14662
14625
14612
14600
14587
14575
14587
14575
14562
14550
14562
14550
14562
14575
14587
14575
14587
14600
14612
14625
14662
14675
14687
14700
14712
14700
14712
14700
14712
14700
14687
14650
14637
14600
14587
14575
14587
14575
14562
14550
14537
14537
14525
14537
14537
14550
14562
14575
14587
14575
14587
14600
14612
14625
14637
14625
14612
14600
14587
14575
14587
14575
14587
14575
14587
14575
14587
14575
14587
14600
14612
14625
14637
14650
14637
14650
14637
14650
14637
14625
14612
14625
14637
14675
14737
14800
14862
14925
14975
15037
15100
15137
15175
15212
15250
15262
15300
15337
15350
15362
15400
15412
15425
15437
15425
15412
15400
15362
15350
15337
15300
15262
15250
15212
15175
15162
15150
15112
15075
15037
14975
14950
14912
14875
14837
14800
14762
14725
14687
14675
14662
14625
14612
14600
14562
14550
14537
14512
14500
14487
14450
14437
14425
14412
14400
14387
14375
14362
14350
14337
14325
14312
14300
14287
14275
14287
14275
14287
14300
14312
14325
14337
14350
14337
14325
14312
14300
14262
14250
14237
14200
14187
14162
14150
14137
14125
14112
14112
14075
14037
14025
13987
13962
13950
13937
13925
13937
13950
13962
13987
14000
14012
14025
14037
14025
14012
14000
13987
13962
13925
13912
13875
13862
13850
13862
13850
13862
13875
13887
13875
13887
13875
13862
13850
13862
13875
13912
13937
14000
14062
14125
14187
14250
14312
14375
14437
14487
14550
14612
14675
14737
14775
14812
14825
14837
14825
14837
14850
14862
14875
14887
14900
14887
14900
14887
14900
14887
14900
14887
14875
14875
14875
14850
14850
14850
14812
14775
14762
14725
14712
14700
14687
14650
14612
14550
14487
14437
14375
14312
14250
14212
14175
14137
14100
14087
14050
14037
14025
14037
14025
14012
13975
13962
13937
13925
13912
13900
13887
13875
13862
13850
13837
13825
13812
13800
13787
13775
13762
13750
13737
13725
13737
13725
13737
13725
13737
13725
13737
13725
13737
13725
13712
13700
13687
13675
13662
13675
13662
13675
13662
13675
13662
13675
13687
13700
13712
13725
13737
13725
13737
13750
13762
13775
13787
13800
13787
13775
13762
13750
13712
13700
13712
13700
13712
13725
13737
13750
13762
13775
13812
13825
13837
13850
13837
13825
13812
13800
13787
13800
13812
13850
13887
13937
14012
14087
14162
14237
14312
14375
14437
14487
14550
14587
14625
14662
14700
14737
14775
14812
14850
14862
14875
14912
14925
14937
14950
14962
14950
14937
14925
14912
14875
14837
14825
14787
14750
14712
14700
14662
14625
14587
14550
14512
14487
14450
14437
14425
14387
14375
14362
14350
14337
14350
14337
14350
14337
14350
14337
14350
14337
14325
14312
14300
14287
14275
14262
14250
14237
14225
14212
14225
14212
14225
14212
14225
14212
14225
14212
14225
14212
14225
14212
14200
14187
14175
14162
14150
14162
14150
14162
14150
14162
14175
14187
14200
14212
14237
14237
14262
14262
14262
14250
14237
14200
14162
14150
14112
14075
14062
14050
14037
14050
14087
14125
14187
14225
14262
14275
14287
14275
14262
14250
14237
14225
14212
14200
14187
14175
14162
14150
14137
14125
14112
14100
14087
14100
14087
14100
14112
14150
14200
14250
14300
14350
14400
14437
14487
14550
14612
14675
14737
14800
14862
14925
14962
15000
15025
15062
15100
15162
15200
15237
15250
15262
15250
15237
15225
15212
15200
15187
15200
15187
15200
15187
15175
15162
15150
15112
15075
15037
15000
14962
14937
14912
14887
14837
14825
14775
14750
14725
14700
14675
14662
14625
14612
14600
14587
14575
14587
14575
14587
14575
14587
14575
14562
14550
14537
14512
14500
14487
14475
14487
14500
14512
14525
14537
14525
14512
14500
14512
14500
14512
14525
14512
14500
14487
14475
14462
14475
14487
14500
14512
14525
14512
14512
14512
14487
14487
14487
14450
14437
14425
14387
14375
14362
14350
14362
14375
14387
14400
14387
14387
14387
14387
14387
14387
14387
14387
14387
14387
14387
14375
14362
14350
14337
14325
14312
14300
14287
14275
14262
14250
14237
14225
14212
14200
14187
14175
14162
14175
14212
14225
14262
14300
14337
14375
14437
14487
14562
14637
14712
14787
14862
14925
14975
15037
15100
15137
15175
15187
15200
15187
15200
15187
15200
15187
15200
15187
15200
15187
15200
15187
15200
15187
15200
15187
15175
15137
15100
15062
15025
15000
14962
14925
14887
14850
14837
14825
14812
14800
14787
14775
14762
14750
14737
14725
14712
14725
14737
14750
14762
14750
14712
14700
14687
14700
14712
14750
14762
14750
14712
14675
14637
14600
14587
14600
14637
14650
14687
14725
14737
14750
14762
14750
14737
14725
14687
14675
14662
14650
14637
14650
14637
14650
14637
14650
14637
14650
14637
14650
14637
14650
14637
14625
14612
14600
14562
14550
14537
14537
14525
14537
14525
14537
14525
14512
14500
14487
14475
14462
14475
14462
14475
14462
14475
14462
14475
14462
14475
14462
14475
14462
14475
14462
14475
14462
14450
14437
14450
14462
14475
14512
14525
14537
14537
14575
14612
14675
14737
14800
14862
14925
14975
15037
15100
15162
15225
15287
15325
15362
15375
15387
15375
15387
15375
15387
15400
15437
15475
15512
15525
15537
15525
15512
15525
15537
15512
15512
15475
15437
15400
15375
15325
15312
15275
15237
15200
15162
15100
15037
15000
14975
14937
14900
14887
14850
14812
14800
14812
14800
14812
14825
14837
14825
14812
14800
14787
14775
14762
14750
14737
14725
14687
14675
14662
14625
14612
14600
14587
14600
14612
14625
14637
14650
14637
14625
14612
14600
14562
14525
14512
14487
14475
14462
14475
14462
14475
14462
14450
14437
14425
14387
14375
14387
14400
14412
14450
14462
14450
14437
14450
14437
14450
14462
14450
14412
14400
14387
14375
14387
14425
14437
14450
14462
14450
14437
14425
14387
14375
14362
14350
14362
14400
14412
14450
14487
14500
14512
14562
14612
14662
14737
14800
14862
14925
14975
15050
15125
15200
15275
15325
15362
15400
15437
15450
15487
15500
15487
15475
15487
15500
15512
15525
15537
15525
15512
15500
15487
15450
15412
15350
15287
15225
15162
15125
15087
15050
15037
15025
15000
14987
14975
14962
14975
15000
15012
15050
15062
15075
15062
15075
15062
15050
15037
15025
15025
15012
15000
14987
14975
14937
14925
14912
14900
14887
14875
14862
14850
14837
14825
14812
14800
14787
14775
14762
14775
14762
14775
14762
14750
14737
14725
14712
14700
14712
14700
14687
14675
14662
14625
14612
14600
14562
14550
14537
14537
14525
14537
14525
14537
14525
14537
14525
14512
14500
14487
14475
14462
14475
14462
14475
14487
14500
14512
14512
14512
14512
14512
14512
14525
14512
14512
14512
14487
14487
14487
14475
14462
14475
14487
14512
14550
14612
14675
14737
14800
14862
14925
14975
15037
15100
15162
15225
15287
15350
15412
15475
15525
15562
15575
15562
15550
15525
15487
15475
15487
15500
15512
15550
15562
15575
15562
15550
15512
15475
15412
15350
15287
15225
15162
15100
15037
14975
14950
14912
14900
14887
14900
14887
14900
14887
14900
14887
14875
14862
14850
14837
14825
14812
14775
14762
14725
14712
14700
14712
14700
14712
14700
14687
14675
14662
14650
14637
14650
14637
14650
14637
14650
14637
14625
14612
14600
14587
14575
14587
14600
14612
14625
14637
14650
14637
14625
14612
14625
14637
14650
14662
14675
14662
14650
14637
14625
14612
14600
14587
14575
14587
14575
14587
14600
14612
14625
14637
14650
14662
14675
14687
14725
14737
14725
14737
14725
14712
14700
14687
14675
14662
14650
14637
14625
14587
14550
14512
14512
14500
14512
14537
14575
14612
14675
14737
14800
14862
14925
14975
15037
15100
15162
15225
15300
15375
15450
15500
15550
15575
15587
15600
15637
15650
15662
15675
15687
15675
15687
15675
15687
15675
15687
15675
15662
15625
15587
15525
15500
15462
15412
15362
15312
15237
15187
15150
15137
15125
15112
15100
15087
15050
15037
15050
15037
15050
15087
15100
15112
15125
15112
15100
15087
15050
15037
15050
15037
15050
15062
15075
15062
15050
15012
15000
14975
14937
14925
14912
14900
14912
14925
14937
14950
14937
14925
14912
14875
14837
14800
14762
14725
14712
14700
14712
14700
14687
14675
14662
14650
14637
14650
14637
14650
14637
14650
14637
14650
14662
14675
14687
14700
14712
14700
14712
14700
14687
14675
14662
14650
14637
14625
14612
14600
14587
14575
14587
14575
14562
14550
14537
14537
14525
14512
14500
14487
14475
14487
14512
14550
14612
14650
14687
14737
14787
14837
14912
14975
15037
15100
15162
15200
15237
15275
15312
15325
15362
15375
15387
15375
15362
15350
15337
15300
15287
15275
15262
15250
15237
15200
15162
15125
15087
15050
15012
14975
14925
14887
14850
14812
14775
14737
14675
14612
14550
14487
14437
14375
14337
14300
14262
14225
14212
14175
14137
14125
14112
14100
14087
14075
14062
14050
14012
14000
13987
13962
13950
13937
13900
13887
13875
13837
13825
13812
13800
13787
13800
13787
13800
13787
13775
13762
13750
13737
13725
13737
13725
13737
13725
13712
13700
13687
13650
13637
13625
13587
13575
13562
13550
13537
13550
13537
13550
13537
13550
13562
13575
13587
13600
13612
13600
13587
13575
13562
13525
13512
13500
13475
13462
13450
13437
13425
13437
13425
13412
13400
13387
13375
13362
13375
13362
13375
13387
13425
13450
13512
13575
13650
13725
13800
13875
13937
14000
14062
14125
14187
14250
14312
14375
14412
14450
14487
14500
14512
14537
14575
14587
14637
14662
14687
14712
14737
14750
14762
14775
14762
14775
14762
14775
14762
14775
14762
14775
14762
14775
14762
14775
14787
14800
14812
14825
14812
14775
14737
14675
14612
14550
14487
14437
14400
14362
14325
14287
14275
14237
14200
14187
14175
14137
14125
14112
14075
14062
14050
14037
14025
14037
14025
14037
14025
14012
14000
13987
13962
13950
13937
13925
13912
13900
13862
13850
13812
13800
13787
13800
13787
13800
13787
13800
13787
13800
13787
13800
13812
13825
13837
13850
13862
13850
13837
13825
13812
13800
13787
13775
13762
13775
13762
13775
13812
13825
13837
13875
13912
13925
13962
13987
14012
14012
14012
14000
13987
13987
13975
13987
13975
13987
13975
13987
13987
14000
14012
14025
14012
14000
14012
14000
14012
14050
14062
14075
14087
14100
14112
14150
14187
14250
14312
14375
14437
14487
14562
14637
14712
14787
14862
14925
14975
15037
15100
15137
15175
15212
15250
15262
15300
15312
15325
15312
15300
15287
15275
15262
15250
15262
15250
15262
15250
15262
15250
15237
15225
15212
15175
15137
15100
15037
14975
14925
14862
14800
14762
14725
14712
14700
14712
14700
14712
14700
14712
14725
14737
14750
14762
14750
14712
14675
14612
14575
14537
14537
14525
14537
14525
14537
14537
14550
14562
14575
14587
14575
14587
14575
14562
14550
14537
14537
14525
14537
14525
14537
14525
14537
14525
14512
14500
14487
14475
14487
14500
14512
14525
14537
14525
14537
14525
14512
14475
14462
14425
14412
14425
14437
14450
14487
14512
14525
14562
14575
14587
14575
14562
14550
14537
14512
14500
14512
14500
14487
14500
14487
14450
14437
14425
14387
14350
14337
14300
14287
14275
14287
14300
14312
14337
14362
14387
14412
14462
14475
14512
14537
14575
14587
14637
14687
14737
14787
14862
14925
14975
15037
15075
15112
15150
15162
15175
15187
15200
15187
15175
15162
15150
15112
15100
15087
15075
15062
15075
15062
15050
15037
15025
15000
14962
14925
14887
14850
14812
14775
14737
14675
14612
14550
14487
14437
14400
14362
14325
14312
14300
14287
14275
14287
14275
14262
14250
14237
14200
14187
14175
14162
14150
14137
14125
14112
14100
14087
14075
14062
14050
14012
14000
13987
13987
13975
13987
13987
14000
14012
14050
14062
14075
14087
14100
14087
14075
14062
14050
14012
13975
13937
13912
13875
13862
13850
13862
13850
13862
13850
13862
13850
13862
13875
13887
13875
13887
13875
13862
13875
13887
13900
13912
13925
13912
13925
13912
13925
13937
13950
13937
13925
13912
13875
13862
13850
13862
13850
13862
13875
13912
13925
13962
13987
14025
14062
14125
14187
14250
14312
14375
14437
14512
14587
14662
14737
14800
14862
14925
14962
15000
15012
15025
15025
15037
15050
15062
15087
15087
15112
15112
15137
15125
15137
15125
15112
15100
15087
15050
15012
14975
14925
14862
14800
14737
14675
14612
14550
14512
14487
14450
14437
14425
14412
14400
14387
14375
14362
14350
14337
14325
14312
14300
14262
14225
14212
14175
14162
14150
14137
14125
14112
14075
14062
14037
14012
13987
13987
13975
13962
13950
13962
13950
13962
13987
14000
13987
14000
13987
13962
13950
13937
13900
13887
13875
13862
13850
13862
13850
13862
13850
13862
13850
13862
13850
13837
13825
13812
13800
13787
13800
13787
13800
13787
13800
13812
13825
13837
13850
13837
13825
13812
13775
13762
13775
13762
13775
13787
13800
13787
13775
13762
13750
13737
13750
13787
13825
13887
13937
14000
14062
14125
14187
14250
14312
14375
14437
14487
14550
14612
14675
14737
14800
14862
14925
14962
15000
15012
15025
15012
15025
15012
15025
15012
15025
15012
15025
15012
15025
15012
15000
14987
14975
14937
14925
14912
14875
14837
14800
14725
14675
14625
14575
14525
14487
14437
14400
14362
14325
14287
14275
14237
14225
14212
14200
14187
14200
14187
14200
14212
14225
14212
14225
14212
14225
14212
14225
14212
14200
14187
14175
14162
14150
14137
14125
14112
14075
14062
14050
14037
14050
14062
14050
14037
14025
13987
13962
13950
13962
13950
13962
13987
14000
14012
14025
14012
14000
13987
13962
13925
13925
13900
13900
13900
13925
13912
13925
13937
13962
13975
14012
14025
14037
14025
14012
14000
13987
13987
13975
13987
13975
13987
13987
14000
14012
14050
14087
14125
14200
14275
14350
14425
14475
14512
14537
14575
14612
14675
14737
14800
14862
14925
14975
15037
15075
15112
15125
15137
15125
15137
15150
15162
15175
15187
15200
15187
15200
15187
15200
15187
15200
15187
15200
15187
15200
15187
15175
15137
15100
15062
15025
15000
14962
14925
14862
14800
14737
14675
14637
14600
14587
14575
14562
14550
14537
14537
14525
14512
14500
14487
14475
14487
14500
14512
14525
14512
14500
14487
14475
14462
14450
14437
14425
14412
14400
14387
14375
14362
14325
14312
14300
14287
14275
14287
14275
14287
14275
14287
14275
14287
14275
14287
14275
14287
14275
14287
14275
14287
14275
14287
14275
14287
14275
14287
14275
14262
14250
14237
14225
14212
14225
14212
14225
14237
14275
14287
14325
14337
14350
14337
14350
14362
14375
14387
14400
14387
14375
14362
14325
14312
14300
14287
14300
14337
14375
14437
14487
14550
14612
14675
14737
14800
14862
14925
14975
15037
15100
15162
15225
15287
15350
15387
15425
15437
15450
15437
15450
15462
15500
15512
15550
15562
15575
15575
15587
15575
15587
15575
15575
15550
15550
15525
15500
15450
15412
15350
15287
15225
15162
15125
15087
15050
15012
14975
14950
14912
14900
14887
14900
14887
14900
14887
14900
14887
14900
14887
14875
14862
14850
14812
14800
14787
14775
14762
14750
14737
14725
14687
14675
14650
14625
14625
14625
14625
14637
14625
14612
14600
14587
14600
14612
14625
14637
14650
14637
14650
14637
14650
14637
14650
14637
14650
14662
14675
14687
14700
14712
14700
14687
14675
14662
14650
14637
14650
14637
14625
14612
14625
14612
14600
14612
14600
14562
14525
14512
14487
14475
14462
14475
14462
14450
14437
14450
14462
14487
14550
14612
14687
14737
14787
14837
14887
14925
14975
15037
15100
15162
15225
15287
15325
15362
15400
15437
15450
15487
15500
15512
15500
15512
15525
15537
15550
15575
15587
15600
15612
15625
15612
15625
15612
15625
15612
15625
15600
15575
15525
15475
15412
15350
15312
15275
15237
15225
15212
15175
15162
15175
15187
15200
15212
15200
15187
15150
15112
15075
15062
15025
15000
14987
14975
14937
14900
14887
14850
14837
14850
14862
14875
14887
14875
14837
14825
14787
14750
14737
14725
14712
14700
14687
14675
14662
14650
14637
14650
14637
14650
14637
14625
14587
14575
14525
14512
14487
14487
14462
14475
14462
14475
14462
14475
14462
14450
14437
14425
14412
14425
14437
14450
14462
14475
14462
14475
14462
14475
14462
14475
14462
14450
14437
14425
14412
14400
14412
14400
14412
14400
14387
14375
14387
14400
14437
14487
14562
14637
14725
14787
14850
14900
14950
14975
15037
15100
15162
15225
15287
15350
15412
15450
15487
15500
15525
15525
15550
15550
15575
15562
15575
15562
15575
15562
15575
15562
15575
15562
15575
15562
15550
15537
15525
15512
15500
15487
15475
15462
15425
15387
15350
15287
15250
15212
15175
15162
15150
15137
15125
15112
15100
15087
15050
15037
15025
15000
14987
14975
14962
14975
14987
15000
15025
15037
15050
15087
15100
15112
15125
15112
15075
15037
15000
14975
14962
14950
14962
14950
14937
14900
14887
14850
14812
14800
14812
14825
14837
14850
14862
14875
14862
14875
14887
14875
14862
14850
14837
14825
14837
14825
14837
14825
14837
14825
14837
14825
14837
14825
14837
14825
14812
14800
14787
14775
14762
14775
14762
14775
14762
14775
14762
14775
14762
14775
14762
14775
14762
14775
14787
14800
14787
14800
14787
14775
14762
14775
14762
14775
14762
14775
14762
14775
14787
14825
14862
14925
14975
15037
15100
15137
15175
15212
15250
15287
15350
15412
15475
15525
15587
15650
15712
15775
15812
15850
15862
15875
15862
15875
15862
15875
15862
15850
15812
15775
15737
15700
15662
15650
15637
15600
15587
15575
15550
15512
15500
15462
15425
15412
15400
15362
15350
15337
15325
15312
15325
15312
15300
15287
15275
15262
15250
15262
15250
15262
15250
15262
15250
15262
15250
15237
15225
15212
15200
15187
15200
15187
15175
15162
15150
15137
15150
15162
15175
15187
15175
15137
15100
15062
15025
15025
15025
15037
15050
15062
15075
15062
15075
15062
15075
15062
15050
15037
15025
15025
15012
15000
14987
14975
14962
14950
14962
14975
15000
15012
15050
15062
15075
15062
15075
15062
15075
15062
15075
15062
15050
15037
15025
15025
15012
15025
15012
15025
15012
15025
15025
15075
15125
15200
15275
15350
15412
15475
15512
15550
15575
15612
15650
15712
15750
15787
15800
15812
15800
15812
15800
15812
15825
15837
15850
15862
15875
15862
15875
15862
15875
15862
15850
15837
15825
15787
15750
15712
15650
15612
15575
15550
15512
15500
15462
15450
15437
15450
15437
15450
15437
15450
15437
15450
15437
15425
15412
15400
15387
15375
15362
15325
15312
15275
15262
15275
15287
15300
15312
15300
15287
15300
15287
15300
15312
15300
15262
15250
15212
15200
15212
15225
15237
15275
15287
15300
15312
15300
15287
15275
15237
15200
15187
15150
15137
15125
15137
15125
15137
15125
15137
15112
15112
15112
15112
15087
15100
15112
15100
15112
15125
15137
15125
15112
15100
15087
15075
15062
15075
15062
15075
15062
15050
15012
15012
15000
15000
15012
15037
15050
15087
15125
15162
15225
15287
15350
15412
15475
15525
15600
15650
15700
15750
15800
15812
15850
15887
15925
15937
15975
15987
16000
15987
16000
15987
16000
15987
16000
15987
16000
15987
15975
15962
15950
15912
15900
15887
15850
15837
15825
15787
15750
15712
15650
15587
15550
15525
15487
15475
15462
15450
15437
15450
15437
15450
15437
15425
15412
15400
15387
15375
15362
15350
15337
15300
15262
15225
15187
15150
15112
15100
15087
15075
15087
15100
15112
15150
15187
15200
15237
15275
15287
15300
15300
15300
15275
15250
15225
15212
15175
15162
15150
15112
15100
15112
15100
15112
15125
15137
15125
15137
15125
15137
15125
15137
15125
15137
15125
15137
15125
15137
15125
15112
15100
15087
15050
15037
15025
15025
15012
15025
15012
15025
15012
15000
14987
15000
14987
15000
15012
15025
15012
15025
15012
15025
15012
15025
15012
15000
14987
14975
14962
14975
14987
15000
15025
15062
15100
15162
15225
15287
15362
15437
15500
15575
15625
15662
15700
15712
15725
15762
15800
15812
15850
15862
15875
15862
15875
15862
15875
15862
15875
15862
15875
15862
15875
15862
15875
15862
15850
15837
15825
15787
15775
15762
15725
15687
15650
15587
15550
15525
15487
15450
15437
15400
15362
15350
15362
15350
15337
15350
15337
15300
15287
15300
15312
15325
15362
15375
15387
15375
15387
15375
15362
15325
15312
15275
15262
15250
15262
15250
15262
15250
15237
15225
15212
15175
15162
15150
15112
15100
15087
15050
15037
15025
15025
15025
15037
15050
15062
15050
15037
15050
15037
15025
15037
15025
15025
15012
15025
15012
15000
14987
14975
14962
14950
14962
14950
14937
14925
14912
14900
14887
14900
14887
14900
14912
14950
14975
15037
15075
15112
15150
15187
15225
15262
15300
15337
15375
15412
15450
15487
15525
15537
15550
15562
15575
15562
15575
15562
15575
15562
15575
15562
15550
15550
15550
15550
15550
15550
15512
15475
15412
15350
15287
15225
15162
15100
15037
15000
14975
14962
14950
14962
14950
14937
14925
14912
14875
14862
14850
14812
14775
14737
14700
14662
14650
14637
14650
14637
14625
14612
14600
14587
14575
14587
14575
14587
14600
14612
14625
14662
14675
14662
14675
14662
14650
14637
14625
14612
14600
14587
14575
14562
14550
14537
14512
14500
14512
14500
14512
14537
14550
14562
14575
14587
14575
14587
14575
14587
14575
14587
14575
14587
14575
14562
14550
14537
14512
14500
14487
14450
14437
14450
14437
14450
14462
14475
14462
14475
14462
14475
14462
14475
14462
14475
14462
14475
14487
14500
14512
14525
14537
14537
14575
14612
14687
14762
14837
14912
14975
15012
15050
15087
15100
15112
15125
15137
15150
15162
15175
15187
15200
15187
15200
15212
15225
15212
15200
15162
15125
15087
15075
15062
15075
15062
15075
15062
15050
15037
15025
15000
14962
14950
14912
14862
14837
14812
14787
14762
14775
14762
14775
14762
14775
14762
14775
14762
14775
14762
14775
14762
14750
14737
14725
14687
14675
14662
14625
14612
14600
14587
14575
14562
14550
14537
14537
14525
14537
14525
14537
14525
14537
14525
14537
14525
14537
14525
14537
14525
14537
14525
14537
14525
14537
14525
14537
14525
14537
14525
14537
14525
14512
14475
14462
14425
14412
14400
14412
14400
14412
14400
14412
14400
14412
14425
14437
14450
14462
14475
14462
14450
14437
14425
14387
14375
14362
14350
14337
14325
14312
14300
14287
14300
14312
14325
14337
14350
14362
14375
14387
14425
14462
14487
14550
14612
14675
14737
14800
14862
14925
14962
15000
15025
15062
15100
15162
15200
15237
15275
15287
15300
15312
15325
15312
15325
15312
15325
15312
15325
15312
15325
15312
15325
15312
15325
15312
15325
15312
15325
15312
15325
15312
15325
15312
15300
15287
15275
15237
15200
15162
15100
15037
14975
14925
14887
14850
14812
14800
14787
14775
14762
14775
14762
14750
14712
14700
14662
14650
14637
14625
14612
14600
14587
14575
14587
14575
14562
14525
14512
14487
14475
14487
14500
14512
14525
14537
14525
14537
14525
14537
14525
14512
14500
14487
14475
14462
14475
14462
14475
14462
14475
14462
14475
14462
14475
14462
14475
14462
14475
14462
14475
14462
14475
14462
14475
14487
14500
14512
14525
14512
14475
14462
14425
14412
14400
14412
14425
14437
14450
14487
14500
14512
14562
14612
14662
14737
14800
14862
14925
14975
15037
15100
15162
15225
15287
15325
15375
15425
15475
15512
15562
15600
15612
15625
15612
15600
15562
15550
15550
15537
15550
15562
15575
15575
15600
15600
15625
15612
15600
15562
15525
15475
15412
15350
15287
15225
15162
15125
15087
15050
15037
15025
15000
14987
14975
14962
14950
14962
14950
14962
14950
14962
14950
14962
14950
14937
14900
14887
14850
14837
14825
14837
14825
14837
14850
14850
14850
14875
14900
14900
14912
14925
14912
14900
14887
14900
14887
14875
14862
14875
14862
14875
14887
14900
14912
14925
14937
14950
14937
14925
14912
14900
14887
14900
14887
14900
14887
14900
14887
14875
14862
14850
14837
14825
14837
14825
14837
14825
14837
14825
14837
14825
14837
14825
14837
14825
14837
14825
14837
14825
14837
14825
14837
14825
14837
14825
14837
14850
14887
14925
14975
15037
15100
15137
15175
15212
15250
15287
15325
15375
15400
15425
15450
15475
15487
15525
15537
15550
15575
15612
15650
15712
15750
15787
15800
15812
15800
15812
15825
15825
15825
15825
15825
15800
15812
15800
15812
15800
15812
15800
15787
15750
15737
15700
15662
15625
15587
15550
15525
15487
15450
15412
15375
15325
15312
15300
15312
15300
15300
15287
15275
15262
15275
15287
15300
15312
15325
15312
15300
15262
15250
15212
15175
15162
15150
15137
15125
15112
15075
15062
15025
15025
15012
15025
15012
15025
15012
15000
14987
14975
14962
14950
14937
14925
14900
14875
14850
14850
14825
14837
14825
14837
14850
14862
14875
14887
14875
14862
14850
14837
14825
14812
14800
14787
14775
14762
14775
14762
14775
14762
14775
14762
14775
14762
14750
14737
14725
14712
14700
14712
14700
14712
14700
14712
14700
14712
14700
14712
14725
14762
14800
14862
14900
14937
14975
15000
15037
15100
15162
15225
15287
15350
15387
15425
15462
15500
15512
15550
15562
15575
15562
15575
15562
15575
15562
15575
15562
15550
15537
15525
15512
15500
15512
15500
15512
15500
15487
15475
15462
15425
15387
15350
15287
15225
15162
15100
15037
15000
14975
14937
14900
14887
14850
14837
14825
14837
14825
14837
14825
14837
14825
14837
14825
14837
14825
14812
14800
14787
14775
14762
14750
14737
14725
14687
14650
14637
14600
14562
14525
14512
14487
14475
14462
14475
14462
14475
14462
14475
14462
14475
14462
14475
14462
14450
14437
14425
14412
14400
14412
14400
14412
14400
14387
14375
14362
14350
14337
14325
14312
14300
14287
14275
14287
14275
14287
14275
14287
14275
14287
14275
14287
14300
14312
14325
14337
14350
14337
14325
14312
14300
14262
14250
14262
14250
14262
14300
14337
14375
14437
14487
14550
14587
14637
14687
14737
14787
14862
14925
14975
15037
15075
15112
15150
15187
15200
15237
15250
15262
15250
15262
15250
15262
15250
15262
15250
15262
15250
15262
15250
15262
15275
15287
15275
15287
15275
15237
15225
15212
15175
15162
15150
15112
15075
15037
14975
14950
14912
14875
14862
14850
14812
14775
14762
14725
14712
14700
14712
14700
14712
14725
14737
14725
14712
14700
14662
14625
14612
14600
14562
14550
14537
14512
14475
14462
14425
14412
14400
14412
14400
14412
14400
14412
14425
14437
14425
14412
14375
14337
14300
14262
14250
14237
14225
14212
14225
14212
14225
14212
14225
14212
14225
14212
14200
14162
14125
14087
14050
14037
14025
14037
14050
14062
14075
14112
14125
14137
14150
14162
14150
14162
14150
14137
14125
14112
14100
14087
14100
14087
14100
14112
14150
14162
14200
14237
14275
14312
14375
14437
14475
14512
14562
14612
14662
14737
14800
14862
14900
14950
14975
15000
15000
15025
15012
15025
15012
15025
15012
15025
15012
15000
14987
14975
14962
14950
14937
14900
14862
14800
14737
14675
14637
14600
14562
14525
14487
14437
14400
14362
14350
14337
14350
14337
14325
14312
14300
14287
14275
14262
14250
14237
14225
14212
14225
14212
14200
14162
14125
14087
14050
14037
14025
14037
14050
14062
14075
14087
14100
14087
14100
14087
14100
14087
14100
14087
14100
14087
14100
14087
14100
14087
14100
14087
14100
14112
14125
14137
14175
14187
14200
14212
14200
14162
14150
14112
14100
14087
14100
14087
14075
14062
14075
14062
14075
14112
14125
14137
14175
14187
14200
14237
14275
14312
14375
14437
14487
14550
14612
14650
14687
14725
14762
14800
14837
14875
14887
14900
14912
14925
14937
14950
14962
14975
14987
15000
15012
15025
15012
15025
15012
15000
14987
14975
14937
14900
14862
14800
14737
14700
14662
14650
14637
14650
14637
14625
14612
14600
14587
14575
14587
14575
14587
14575
14587
14575
14562
14550
14537
14537
14525
14537
14525
14537
14525
14537
14525
14512
14500
14487
14475
14462
14475
14487
14500
14487
14500
14487
14475
14462
14475
14462
14450
14437
14425
14412
14425
14462
14475
14512
14525
14512
14475
14437
14400
14362
14350
14337
14350
14337
14350
14362
14375
14387
14400
14387
14375
14362
14350
14362
14400
14412
14450
14462
14475
14462
14475
14462
14450
14412
14375
14337
14300
14262
14250
14237
14225
14212
14225
14237
14275
14287
14325
14362
14400
14437
14487
14550
14612
14675
14737
14800
14862
14900
14937
14975
14987
15000
15025
15037
15050
15087
15100
15112
15125
15137
15125
15137
15125
15112
15075
15062
15025
15000
14962
14925
14862
14800
14737
14675
14612
14575
14537
14512
14475
14462
14425
14387
14350
14337
14300
14262
14225
14212
14175
14162
14150
14162
14150
14162
14150
14162
14150
14137
14100
14062
14025
14012
14000
14012
14025
14012
14000
13987
13987
13987
14000
14012
14025
14037
14025
14012
14000
13987
13987
13975
13987
13975
13987
13975
13987
13975
13987
13975
13987
13975
13987
13987
14000
14012
14025
14037
14025
14037
14025
14037
14012
14025
14012
14000
13987
13987
13987
13975
13987
13975
13987
13975
13987
13975
13987
13975
13987
13975
13987
13975
13987
13987
14012
14012
14037
14025
14037
14025
14012
14000
13987
13987
13987
14025
14062
14125
14187
14250
14312
14375
14437
14487
14550
14612
14675
14712
14750
14787
14825
14862
14925
14975
15037
15100
15162
15225
15287
15325
15362
15375
15387
15375
15362
15350
15337
15300
15287
15275
15237
15200
15162
15125
15087
15050
15037
15025
15000
14962
14925
14862
14800
14737
14675
14612
14575
14537
14512
14500
14487
14450
14437
14425
14412
14400
14412
14400
14387
14350
14337
14300
14287
14275
14262
14225
14212
14200
14187
14200
14212
14225
14212
14200
14187
14175
14137
14125
14112
14100
14112
14125
14137
14150
14162
14150
14162
14150
14162
14150
14162
14150
14162
14175
14187
14200
14212
14225
14212
14225
14212
14200
14187
14175
14137
14125
14112
14100
14087
14075
14062
14050
14037
14025
14037
14025
14037
14025
14012
13975
13962
13937
13925
13937
13950
13962
13987
14025
14037
14050
14037
14025
13987
13987
13987
14025
14062
14125
14187
14250
14312
14375
14437
14487
14550
14612
14650
14700
14750
14800
14850
14925
14975
15037
15100
15162
15225
15287
15325
15362
15375
15362
15350
15337
15325
15312
15325
15312
15325
15312
15300
15287
15275
15237
15225
15212
15175
15137
15100
15025
14950
14887
14837
14787
14750
14712
14675
14612
14575
14537
14537
14525
14537
14525
14512
14500
14512
14500
14512
14525
14512
14500
14487
14475
14462
14450
14437
14425
14387
14375
14362
14325
14287
14275
14237
14225
14212
14225
14212
14200
14187
14175
14162
14150
14137
14125
14112
14075
14037
14025
13987
13987
13975
13962
13950
13937
13925
13912
13925
13912
13925
13912
13925
13912
13925
13912
13900
13887
13875
13837
13825
13812
13800
13787
13800
13787
13800
13787
13775
13737
13725
13687
13675
13687
13700
13712
13725
13712
13700
13687
13650
13637
13625
13612
13625
13637
13650
13687
13725
13762
13825
13887
13937
14000
14062
14125
14187
14250
14312
14375
14437
14475
14512
14537
14575
14612
14650
14687
14725
14762
14775
14812
14825
14837
14825
14837
14850
14862
14875
14887
14900
14887
14900
14887
14900
14887
14900
14887
14875
14862
14850
14812
14775
14762
14725
14687
14650
14612
14550
14512
14487
14450
14437
14425
14412
14400
14387
14350
14337
14300
14262
14250
14237
14225
14212
14225
14212
14225
14212
14225
14212
14225
14212
14225
14212
14200
14187
14175
14137
14100
14087
14050
14037
14025
14037
14025
14037
14025
14012
13975
13962
13937
13925
13912
13900
13887
13875
13862
13850
13837
13825
13837
13825
13837
13850
13862
13850
13862
13850
13862
13850
13862
13875
13912
13937
14000
14037
14050
14037
14025
13987
13987
13975
13962
13950
13937
13925
13937
13962
13975
13987
14000
13987
13962
13950
13937
13925
13912
13900
13862
13825
13787
13750
13737
13750
13762
13775
13812
13850
13862
13900
13937
13962
14000
14062
14125
14187
14250
14312
14375
14437
14487
14550
14612
14675
14737
14800
14862
14925
14975
15037
15075
15112
15125
15137
15125
15137
15125
15137
15125
15137
15125
15112
15100
15087
15050
15012
15000
14975
14937
14887
14862
14812
14762
14712
14675
14612
14550
14487
14462
14425
14387
14375
14362
14350
14337
14350
14337
14325
14312
14287
14262
14237
14212
14187
14175
14162
14150
14162
14150
14137
14125
14112
14100
14087
14100
14087
14100
14087
14075
14037
14025
13987
13962
13925
13887
13850
13837
13825
13837
13850
13862
13850
13862
13850
13862
13850
13862
13837
13837
13812
13812
13787
13775
13762
13750
13712
13700
13687
13650
13637
13625
13612
13600
13612
13600
13612
13600
13612
13600
13612
13625
13662
13675
13712
13762
13812
13862
13925
14012
14087
14162
14237
14312
14375
14437
14487
14525
14562
14600
14637
14650
14687
14725
14737
14750
14787
14825
14862
14925
14962
15000
15025
15037
15025
15037
15025
15000
14962
14925
14887
14850
14837
14825
14812
14775
14737
14675
14612
14550
14487
14437
14400
14362
14350
14337
14325
14312
14300
14262
14250
14237
14225
14212
14225
14200
14200
14175
14175
14150
14137
14125
14112
14075
14062
14050
14037
14025
14037
14025
14012
13975
13962
13937
13925
13912
13900
13862
13850
13812
13775
13762
13750
13737
13725
13712
13675
13662
13625
13612
13600
13612
13600
13612
13600
13587
13575
13562
13550
13537
13550
13562
13575
13562
13575
13562
13550
13537
13525
13487
13475
13450
13437
13425
13412
13400
13387
13350
13337
13325
13312
13300
13287
13275
13262
13250
13237
13250
13237
13225
13212
13200
13187
13200
13250
13275
13325
13375
13425
13450
13512
13575
13637
13700
13762
13825
13887
13937
14000
14062
14125
14187
14250
14312
14375
14437
14475
14512
14537
14575
14587
14625
14637
14650
14637
14650
14662
14675
14662
14675
14662
14650
14662
14675
14687
14700
14712
14700
14687
14650
14612
14575
14537
14512
14475
14437
14375
14312
14250
14187
14150
14112
14100
14112
14125
14137
14150
14162
14150
14137
14100
14062
14025
13987
13962
13950
13937
13925
13912
13925
13912
13900
13887
13875
13862
13850
13862
13850
13862
13850
13862
13875
13912
13925
13962
13975
13962
13950
13937
13900
13887
13875
13862
13875
13887
13900
13912
13925
13912
13900
13887
13875
13837
13800
13787
13750
13737
13725
13737
13725
13737
13725
13737
13725
13737
13725
13712
13700
13687
13650
13637
13625
13612
13600
13612
13625
13637
13650
13687
13700
13687
13700
13687
13675
13662
13675
13662
13675
13662
13675
13687
13700
13712
13750
13787
13825
13887
13937
14000
14075
14150
14225
14300
14375
14437
14487
14550
14612
14675
14712
14750
14787
14800
14812
14850
14862
14875
14912
14925
14937
14950
14962
14975
14987
15000
15025
15037
15050
15062
15075
15062
15050
15012
14975
14925
14862
14825
14787
14750
14712
14675
14612
14550
14487
14437
14400
14362
14325
14312
14300
14287
14275
14287
14300
14337
14350
14387
14400
14387
14350
14337
14300
14262
14225
14212
14175
14162
14150
14137
14125
14112
14100
14087
14075
14037
14025
14012
14000
14012
14025
14012
14000
13987
13962
13950
13937
13925
13912
13925
13912
13925
13912
13925
13912
13925
13912
13925
13912
13900
13887
13875
13862
13850
13862
13850
13862
13875
13887
13875
13887
13875
13837
13825
13812
13775
13762
13750
13737
13750
13787
13800
13837
13850
13862
13850
13862
13850
13837
13825
13812
13800
13787
13800
13787
13775
13762
13750
13737
13750
13787
13825
13887
13950
14025
14100
14175
14250
14312
14375
14437
14487
14550
14612
14675
14712
14750
14762
14775
14787
14825
14837
14875
14887
14900
14912
14925
14937
14950
14962
14950
14962
14975
14987
15000
15012
15025
15012
15025
15012
15025
15012
15000
14987
14975
14937
14900
14887
14837
14787
14737
14687
14612
14550
14487
14437
14375
14312
14275
14237
14225
14212
14200
14187
14175
14162
14150
14162
14150
14162
14175
14187
14175
14162
14125
14087
14050
14037
14025
14037
14025
14037
14025
14037
14025
14012
14000
13987
13987
13975
13987
13975
13987
13975
13962
13925
13912
13875
13862
13850
13862
13850
13837
13825
13812
13800
13787
13800
13787
13800
13812
13825
13812
13825
13812
13775
13737
13725
13687
13675
13662
13675
13662
13675
13662
13650
13637
13625
13612
13600
13612
13600
13612
13625
13637
13625
13637
13625
13612
13625
13637
13650
13687
13725
13762
13825
13887
13937
14000
14062
14125
14187
14250
14312
14375
14437
14487
14550
14612
14650
14687
14725
14762
14775
14812
14850
14887
14925
14962
15000
15012
15025
15012
15000
14987
14975
14937
14900
14862
14825
14787
14750
14737
14725
14687
14650
14612
14550
14487
14462
14425
14412
14400
14412
14400
14412
14425
14437
14450
14462
14475
14462
14450
14412
14400
14362
14350
14337
14325
14312
14300
14287
14275
14287
14275
14287
14275
14262
14250
14237
14225
14237
14250
14262
14275
14287
14275
14287
14275
14262
14225
14212
14175
14162
14150
14162
14150
14162
14150
14162
14150
14137
14125
14112
14075
14062
14050
14037
14025
14037
14050
14062
14075
14087
14100
14087
14075
14037
14000
13937
13912
13900
13887
13900
13937
13950
13962
13975
13962
13950
13937
13925
13937
13950
13962
13975
13962
13950
13937
13900
13862
13850
13812
13800
13812
13850
13887
13950
14037
14125
14212
14300
14375
14437
14500
14575
14650
14725
14800
14862
14925
14975
15012
15050
15062
15075
15087
15125
15162
