t = 60.000000, p = 651.000000
20037
20075
20087
20125
20162
20200
20212
20250
20275
20312
20325
20362
20375
20387
20375
20362
20325
20287
20262
20250
20225
20225
20225
20212
20200
20212
20200
20187
20175
20162
20125
20112
20100
20062
20050
20037
20000
19987
19975
19962
19950
19937
19925
19912
19900
19887
19900
19887
19875
19862
19850
19837
19825
19837
19850
19862
19875
19887
19900
19887
19900
19887
19900
19887
19900
19887
19900
19887
19875
19862
19850
19837
19825
19837
19825
19812
19800
19787
19775
19762
19775
19762
19775
19762
19775
19762
19775
19762
19750
19737
19725
19725
19712
19725
19700
19700
19675
19675
19675
19675
19675
19700
19700
19700
19712
19725
19712
19725
19712
19725
19712
19725
19700
19700
19675
19675
19650
19662
19650
19662
19650
19662
19675
19687
19700
19712
19725
19712
19725
19712
19725
19712
19725
19712
19725
19712
19700
19687
19700
19687
19675
19687
19675
19662
19650
19662
19650
19662
19650
19662
19650
19662
19650
19662
19650
19662
19650
19662
19650
19662
19650
19662
19675
19687
19700
19712
19725
19712
19725
19712
19700
19687
19700
19687
19700
19712
19725
19712
19725
19712
19725
19712
19725
19712
19700
19687
19675
19662
19650
19662
19650
19662
19650
19662
19675
19687
19700
19725
19737
19750
19787
19825
19837
19887
19912
19937
19962
20012
20050
20125
20187
20237
20287
20312
20300
20287
20275
20275
20262
20275
20262
20250
20212
20200
20162
20125
20112
20100
20087
20075
20062
20050
20037
20000
19987
19975
19937
19925
19900
19875
19850
19825
19800
19787
19750
19737
19725
19700
19687
19675
19662
19650
19662
19650
19662
19650
19662
19650
19675
19662
19675
19662
19675
19650
19662
19650
19662
19650
19662
19650
19662
19650
19662
19650
19662
19650
19662
19650
19662
19650
19637
19625
19612
19600
19587
19575
19562
19550
19537
19525
19537
19525
19537
19525
19537
19525
19512
19512
19512
19487
19487
19512
19500
19512
19550
19562
19575
19587
19575
19562
19550
19537
19525
19537
19525
19537
19525
19537
19525
19537
19525
19550
19550
19575
19600
19625
19637
19650
19637
19625
19612
19600
19587
19600
19587
19600
19587
19600
19587
19600
19587
19600
19587
19600
19612
19625
19637
19650
19662
19650
19662
19650
19662
19650
19662
19675
19687
19675
19687
19675
19662
19650
19662
19650
19662
19650
19662
19675
19675
19675
19675
19675
19650
19675
19675
19700
19712
19762
19800
19837
19875
19912
19950
19987
20025
20062
20100
20137
20175
20212
20250
20275
20287
20300
20312
20325
20337
20350
20337
20325
20312
20275
20250
20237
20225
20212
20200
20187
20150
20137
20100
20062
20050
20037
20025
20012
20000
19987
19975
19962
19950
19962
19950
19962
19950
19962
19950
19962
19950
19962
19950
19962
19950
19962
19950
19962
19950
19962
19950
19962
19950
19937
19925
19912
19900
19887
19900
19887
19900
19887
19900
19887
19900
19887
19900
19887
19900
19887
19900
19912
19925
19912
19925
19937
19925
19912
19925
19912
19900
19887
19875
19862
19850
19837
19825
19837
19825
19837
19825
19837
19825
19837
19825
19837
19825
19812
19800
19787
19775
19762
19775
19762
19775
19762
19775
19787
19800
19812
19825
19837
19812
19825
19812
19825
19812
19837
19825
19837
19825
19837
19825
19837
19825
19837
19825
19837
19825
19837
19825
19837
19825
19837
19825
19837
19825
19837
19825
19837
19825
19837
19825
19812
19800
19787
19775
19762
19775
19762
19775
19762
19775
19762
19750
19737
19750
19737
19725
19737
19750
19737
19750
19762
19775
19762
19750
19737
19750
19737
19750
19762
19775
19787
19825
19862
19925
19987
20050
20087
20137
20187
20225
20250
20300
20312
20325
20312
20325
20337
20350
20337
20350
20337
20325
20312
20300
20287
20275
20250
20212
20175
20137
20100
20062
20025
20012
19962
19950
19937
19925
19912
19912
19900
19887
19900
19887
19900
19887
19900
19912
19912
19912
19912
19912
19887
19900
19887
19900
19887
19900
19887
19900
19887
19875
19862
19850
19812
19775
19762
19725
19725
19712
19725
19712
19725
19712
19725
19712
19725
19712
19725
19712
19700
19687
19675
19662
19650
19662
19650
19662
19637
19637
19612
19612
19587
19600
19587
19575
19562
19575
19562
19575
19575
19575
19550
19550
19525
19537
19525
19537
19525
19537
19525
19512
19500
19512
19500
19512
19525
19537
19525
19537
19525
19537
19525
19537
19525
19537
19525
19537
19525
19512
19500
19512
19500
19487
19500
19512
19500
19487
19500
19487
19475
19462
19475
19462
19475
19462
19475
19462
19487
19487
19487
19487
19487
19487
19487
19512
19512
19537
19525
19537
19525
19537
19525
19512
19500
19487
19475
19462
19487
19487
19512
19537
19600
19625
19675
19737
19800
19850
19925
19962
20012
20062
20112
20162
20212
20250
20275
20300
20300
20300
20287
20275
20250
20237
20225
20212
20200
20187
20175
20162
20125
20112
20100
20087
20075
20087
20075
20062
20050
20037
20000
19987
19975
19937
19900
19887
19850
19812
19800
19787
19775
19762
19775
19762
19750
19737
19750
19737
19725
19737
19725
19725
19712
19725
19712
19725
19712
19725
19712
19725
19712
19725
19725
19737
19750
19787
19800
19812
19825
19837
19825
19837
19825
19812
19800
19787
19750
19737
19725
19700
19662
19662
19637
19637
19637
19662
19650
19662
19650
19662
19650
19662
19650
19662
19650
19637
19625
19612
19600
19587
19600
19587
19600
19587
19600
19587
19575
19562
19575
19562
19575
19587
19600
19587
19600
19612
19625
19637
19675
19687
19700
19712
19725
19712
19725
19725
19737
19725
19737
19725
19725
19712
19725
19712
19725
19712
19725
19712
19725
19725
19737
19750
19762
19750
19737
19725
19725
19712
19700
19687
19675
19662
19650
19637
19625
19612
19600
19587
19600
19587
19600
19587
19600
19587
19600
19587
19600
19612
19625
19650
19675
19700
19712
19762
19775
19825
19875
19925
19975
20025
20062
20075
20087
20100
20112
20100
20112
20125
20112
20100
20112
20100
20062
20050
20037
20000
19987
19975
19937
19925
19912
19875
19862
19850
19837
19825
19812
19800
19787
19775
19762
19775
19762
19775
19762
19750
19712
19700
19675
19662
19650
19662
19650
19637
19625
19612
19600
19587
19600
19612
19625
19637
19675
19687
19700
19712
19725
19712
19725
19712
19725
19712
19725
19712
19700
19687
19675
19662
19650
19662
19650
19662
19650
19662
19675
19687
19700
19725
19737
19750
19762
19775
19762
19775
19762
19775
19762
19775
19762
19750
19737
19725
19725
19712
19725
19712
19725
19712
19725
19712
19725
19712
19725
19725
19737
19750
19762
19775
19787
19800
19812
19825
19837
19825
19837
19825
19837
19825
19837
19825
19837
19825
19837
19825
19812
19800
19812
19800
19787
19800
19787
19775
19762
19775
19762
19775
19762
19750
19737
19750
19737
19762
19775
19787
19800
19812
19812
19825
19812
19800
19787
19775
19787
19800
19812
19850
19887
19925
19987
20025
20062
20100
20137
20150
20200
20225
20250
20262
20287
20300
20337
20350
20362
20400
20412
20425
20462
20475
20462
20475
20462
20425
20387
20350
20312
20275
20250
20237
20250
20237
20225
20237
20225
20212
20200
20212
20200
20187
20150
20137
20125
20100
20100
20100
20075
20050
20037
20025
20012
20025
20012
20025
20012
20025
20012
20025
20012
20025
20012
20025
20012
20025
20012
20025
20012
20025
20012
20025
20012
20025
20012
20025
20012
20025
20012
20025
20012
20025
20012
20000
19987
19975
19962
19950
19962
19950
19962
19950
19962
19950
19962
19950
19962
19975
19975
19975
19975
19975
19950
19962
19937
19937
19912
19887
19862
19850
19837
19825
19837
19825
19837
19850
19887
19900
19937
19950
19962
19950
19962
19950
19962
19950
19962
19950
19962
19950
19962
19950
19962
19950
19962
19975
19987
20000
20012
20025
20012
20025
20012
20025
20012
20025
20012
20025
20012
20025
20012
20025
20012
20000
19987
19975
19975
20000
20050
20075
20125
20162
20175
20187
20200
20212
20225
20250
20262
20312
20337
20362
20387
20412
20425
20437
20450
20437
20450
20462
20475
20487
20500
20512
20500
20512
20500
20512
20500
20512
20500
20512
20500
20487
20475
20462
20425
20412
20400
20362
20325
20287
20250
20225
20212
20225
20237
20250
20262
20250
20237
20225
20212
20200
20187
20175
20150
20125
20100
20100
20075
20062
20050
20037
20025
20012
20025
20037
20037
20050
20062
20075
20062
20087
20075
20087
20100
20112
20100
20112
20100
20087
20075
20062
20050
20037
20025
20012
20025
20012
20025
20012
20025
20012
20025
20037
20050
20062
20075
20087
20075
20087
20075
20087
20075
20087
20075
20062
20050
20037
20000
19987
19975
19962
19950
19962
19975
19987
20000
20012
20025
20037
20075
20087
20125
20137
20125
20112
20100
20087
20075
20087
20075
20087
20075
20087
20075
20087
20075
20087
20075
20087
20100
20112
20125
20162
20175
20187
20200
20212
20200
20212
20200
20187
20175
20187
20175
20187
20225
20250
20287
20350
20412
20450
20487
20525
20562
20575
20612
20650
20687
20700
20737
20762
20800
20812
20850
20862
20850
20837
20825
20812
20800
20812
20800
20787
20775
20762
20762
20750
20737
20725
20712
20675
20662
20650
20612
20600
20587
20575
20562
20575
20562
20575
20562
20550
20550
20550
20550
20550
20575
20562
20575
20550
20550
20525
20525
20500
20512
20525
20537
20550
20562
20575
20562
20575
20562
20575
20562
20575
20562
20550
20537
20525
20512
20500
20512
20500
20487
20487
20487
20487
20487
20487
20475
20462
20450
20462
20475
20487
20500
20512
20500
20487
20475
20462
20425
20412
20400
20387
20375
20387
20375
20387
20375
20387
20375
20387
20375
20387
20375
20387
20375
20387
20375
20387
20375
20387
20375
20387
20375
20387
20375
20387
20375
20387
20375
20387
20375
20387
20375
20387
20400
20412
20400
20412
20400
20387
20375
20387
20375
20387
20375
20362
20350
20362
20350
20362
20375
20400
20400
20425
20450
20475
20487
20525
20537
20550
20587
20625
20662
20700
20737
20762
20800
20837
20900
20937
20975
21012
21025
21037
21050
21062
21050
21062
21050
21037
21025
21012
20975
20962
20950
20912
20900
20887
20850
20837
20825
20812
20800
20787
20775
20762
20762
20750
20762
20750
20762
20750
20737
20725
20712
20700
20687
20700
20687
20700
20687
20700
20712
20725
20737
20750
20762
20762
20775
20762
20787
20787
20787
20787
20787
20775
20762
20737
20725
20712
20700
20687
20675
20662
20650
20637
20625
20637
20625
20637
20625
20637
20650
20662
20650
20662
20650
20637
20625
20612
20600
20587
20575
20562
20575
20562
20575
20562
20575
20562
20575
20562
20575
20562
20587
20587
20587
20587
20587
20575
20587
20600
20587
20600
20587
20575
20562
20575
20562
20575
20562
20575
20550
20550
20525
20525
20500
20512
20500
20512
20500
20512
20500
20512
20500
20512
20500
20512
20500
20512
20500
20512
20525
20537
20550
20562
20575
20587
20625
20637
20675
20712
20725
20737
20762
20775
20787
20837
20862
20887
20937
20987
21025
21062
21100
21137
21150
21162
21175
21187
21175
21187
21175
21162
21150
21137
21125
21112
21100
21087
21075
21037
21025
21012
21000
20987
20975
20962
20950
20937
20925
20912
20900
20912
20900
20887
20900
20887
20875
20862
20875
20862
20875
20862
20875
20887
20900
20912
20925
20937
20925
20937
20925
20937
20925
20937
20925
20912
20900
20887
20875
20862
20875
20862
20875
20862
20875
20862
20875
20862
20875
20862
20850
20837
20825
20812
20800
20812
20800
20812
20800
20787
20775
20787
20762
20762
20787
20787
20787
20800
20812
20800
20812
20800
20787
20775
20762
20762
20750
20762
20750
20762
20762
20800
20812
20850
20862
20875
20862
20875
20862
20850
20837
20825
20812
20800
20812
20800
20812
20825
20837
20850
20862
20875
20862
20875
20862
20875
20862
20875
20862
20875
20850
20850
20825
20825
20800
20812
20800
20812
20800
20812
20825
20837
20850
20887
20925
20937
20975
21012
21050
21087
21125
21162
21200
21212
21225
21262
21287
21300
21337
21350
21362
21375
21387
21400
21412
21425
21412
21425
21412
21425
21412
21425
21400
21400
21375
21350
21325
21312
21287
21250
21212
21175
21137
21125
21112
21125
21112
21125
21112
21125
21112
21125
21112
21137
21137
21162
21162
21162
21150
21137
21100
21087
21075
21062
21050
21062
21050
21062
21050
21062
21050
21062
21050
21062
21050
21062
21050
21062
21050
21062
21050
21062
21050
21062
21050
21062
21050
21037
21000
20987
20950
20912
20900
20887
20875
20862
20875
20862
20875
20887
20900
20887
20900
20887
20875
20862
20875
20862
20850
20837
20825
20812
20800
20812
20800
20812
20800
20812
20800
20812
20825
20837
20850
20887
20900
20912
20925
20912
20900
20887
20850
20837
20825
20812
20800
20812
20825
20837
20825
20837
20850
20862
20875
20912
20925
20912
20900
20887
20875
20862
20875
20900
20925
20950
20975
21000
20987
21000
20987
21012
21012
21037
21062
21087
21100
21137
21175
21187
21225
21262
21287
21300
21337
21350
21362
21375
21412
21425
21462
21475
21487
21500
21512
21525
21537
21550
21537
21550
21537
21525
21512
21525
21512
21525
21537
21525
21487
21450
21387
21350
21312
21312
21300
21287
21275
21262
21250
21262
21275
21287
21300
21312
21300
21312
21300
21287
21275
21262
21250
21225
21225
21187
21175
21137
21137
21112
21100
21087
21075
21062
21050
21062
21075
21087
21100
21112
21100
21087
21075
21062
21050
21037
21025
21000
20975
20950
20950
20925
20937
20925
20937
20912
20925
20912
20925
20912
20937
20925
20950
20950
20975
20975
21000
20987
20975
20962
20950
20912
20900
20887
20850
20837
20825
20812
20800
20812
20800
20812
20800
20812
20800
20812
20800
20812
20800
20812
20800
20812
20800
20812
20800
20812
20800
20812
20800
20812
20800
20812
20800
20812
20800
20812
20825
20837
20850
20862
20875
20862
20875
20862
20875
20862
20875
20862
20875
20862
20875
20862
20850
20837
20850
20837
20850
20862
20875
20862
20875
20862
20875
20862
20875
20887
20925
20962
21025
21087
21150
21187
21225
21262
21287
21325
21387
21450
21487
21525
21537
21550
21537
21525
21487
21475
21437
21400
21387
21375
21337
21300
21287
21262
21225
21212
21200
21187
21175
21162
21150
21137
21125
21112
21100
21087
21075
21037
21025
21012
21000
20987
21000
20987
21000
20987
20975
20962
20975
20962
20950
20962
20950
20912
20900
20887
20875
20862
20875
20862
20875
20862
20875
20862
20875
20862
20875
20887
20900
20912
20950
20962
20975
20987
21000
20987
21000
20987
21000
20975
20975
20950
20950
20925
20937
20925
20937
20925
20937
20925
20912
20900
20912
20925
20937
20975
20987
21000
20987
21000
20987
21000
20987
20975
20962
20950
20937
20925
20937
20925
20937
20925
20937
20925
20937
20925
20937
20950
20987
21000
21012
21025
21012
21000
20987
21000
20987
20975
20962
20975
20962
20975
21012
21050
21087
21150
21212
21250
21287
21312
21325
21337
21350
21362
21350
21362
21350
21362
21350
21362
21350
21362
21350
21362
21350
21337
21325
21312
21312
21300
21312
21300
21312
21300
21287
21250
21237
21200
21187
21175
21162
21150
21137
21125
21112
21125
21112
21125
21112
21125
21112
21125
21112
21100
21087
21075
21037
21025
21012
21012
21012
21037
21037
21062
21050
21062
21050
21062
21050
21062
21050
21062
21050
21037
21025
21012
21000
20987
20975
20962
20950
20937
20925
20937
20925
20937
20925
20937
20925
20937
20925
20937
20925
20937
20925
20937
20925
20937
20925
20937
20925
20912
20900
20887
20875
20862
20850
20837
20825
20812
20825
20837
20825
20837
20825
20812
20800
20812
20800
20812
20800
20812
20800
20812
20825
20825
20825
20825
20825
20800
20812
20800
20812
20800
20812
20800
20812
20825
20837
20850
20862
20875
20862
20875
20862
20850
20850
20850
20850
20850
20875
20862
20875
20887
20900
20912
20925
20937
20950
20962
20975
20987
21000
21012
21025
21037
21075
21112
21150
21187
21225
21262
21275
21287
21312
21350
21362
21400
21425
21450
21462
21475
21487
21475
21462
21450
21437
21425
21412
21400
21362
21350
21312
21312
21300
21312
21300
21312
21300
21287
21275
21262
21225
21212
21200
21162
21150
21137
21125
21112
21125
21112
21125
21112
21125
21137
21175
21187
21200
21212
21225
21212
21225
21237
21225
21212
21200
21162
21150
21137
21100
21087
21100
21087
21100
21112
21125
21112
21125
21137
21150
21162
21175
21187
21175
21187
21175
21187
21175
21187
21175
21162
21150
21137
21125
21112
21100
21087
21075
21062
21050
21062
21050
21062
21050
21062
21050
21062
21050
21062
21050
21062
21050
21062
21050
21062
21075
21075
21075
21075
21075
21075
21087
21100
21112
21125
21112
21125
21112
21125
21112
21125
21112
21125
21112
21125
21112
21125
21112
21125
21112
21100
21087
21075
21062
21050
21062
21050
21062
21050
21062
21075
21087
21100
21137
21150
21162
21200
21237
21250
21287
21312
21350
21387
21425
21462
21500
21537
21550
21587
21600
21612
21625
21637
21650
21662
21675
21650
21650
21625
21600
21575
21550
21537
21512
21512
21487
21475
21450
21437
21425
21412
21425
21412
21425
21412
21425
21400
21400
21375
21375
21350
21337
21325
21312
21312
21300
21312
21300
21312
21312
21325
21312
21325
21337
21325
21312
21325
21312
21312
21300
21312
21300
21312
21300
21312
21300
21312
21312
21325
21337
21350
21362
21350
21362
21350
21362
21350
21362
21350
21362
21375
21387
21375
21400
21400
21400
21400
21425
21412
21425
21412
21425
21412
21425
21412
21425
21437
21450
21437
21450
21437
21425
21412
21400
21387
21375
21362
21350
21362
21350
21362
21350
21362
21350
21362
21375
21387
21375
21387
21375
21362
21350
21362
21350
21362
21350
21337
21337
21337
21337
21337
21362
21375
21387
21375
21387
21375
21362
21350
21362
21375
21387
21400
21412
21400
21400
21400
21375
21387
21400
21375
21375
21400
21387
21400
21400
21400
21375
21375
21375
21387
21400
21437
21450
21462
21500
21537
21575
21612
21650
21687
21725
21750
21812
21875
21912
21950
21962
21975
21962
21975
21962
21975
21962
21975
21962
21950
21937
21925
21887
21875
21850
21825
21800
21775
21737
21725
21687
21675
21662
21650
21637
21625
21612
21600
21612
21600
21612
21600
21612
21600
21612
21600
21612
21625
21625
21637
21650
21637
21625
21612
21587
21587
21587
21562
21575
21587
21575
21562
21575
21562
21550
21537
21550
21537
21525
21512
21500
21487
21475
21487
21475
21487
21475
21487
21475
21487
21475
21487
21475
21487
21475
21487
21475
21487
21475
21487
21475
21462
21450
21462
21450
21462
21475
21487
21475
21462
21450
21437
21425
21412
21425
21412
21425
21412
21425
21412
21425
21412
21425
21412
21425
21412
21400
21387
21400
21387
21400
21412
21425
21412
21425
21437
21450
21462
21475
21487
21475
21487
21475
21487
21475
21487
21475
21487
21500
21537
21575
21612
21650
21687
21725
21750
21787
21825
21862
21875
21887
21900
21912
21900
21912
21925
21937
21950
21962
21975
21962
21975
21962
21975
21987
22000
21987
22000
21987
21950
21912
21900
21862
21850
21837
21825
21812
21800
21800
21787
21800
21787
21800
21787
21775
21762
21750
21737
21725
21737
21725
21737
21725
21737
21725
21737
21725
21737
21725
21737
21725
21737
21725
21737
21725
21737
21725
21737
21725
21737
21725
21737
21725
21737
21725
21712
21700
21687
21650
21637
21625
21587
21575
21550
21537
21525
21512
21512
21525
21525
21525
21550
21537
21550
21562
21575
21562
21575
21562
21550
21537
21525
21512
21500
21487
21475
21487
21475
21500
21500
21525
21525
21550
21537
21550
21537
21525
21512
21500
21487
21475
21487
21475
21487
21475
21462
21462
21462
21437
21437
21462
21450
21437
21450
21462
21437
21437
21437
21450
21437
21462
21462
21462
21450
21437
21437
21437
21437
21437
21437
21425
21412
21425
21412
21425
21412
21425
21437
21475
21487
21537
21562
21587
21612
21662
21700
21737
21775
21800
21837
21875
21937
21975
22012
22025
22037
22025
22037
22050
22062
22075
22087
22100
22087
22100
22087
22075
22062
22037
22012
21987
21962
21937
21925
21887
21875
21862
21850
21837
21850
21837
21850
21837
21850
21837
21850
21837
21850
21837
21825
21812
21800
21800
21787
21800
21787
21800
21787
21800
21787
21800
21787
21775
21762
21775
21762
21775
21787
21800
21800
21812
21825
21837
21850
21837
21850
21862
21875
21862
21875
21862
21825
21812
21800
21800
21787
21800
21787
21800
21787
21800
21787
21800
21787
21775
21762
21775
21762
21775
21787
21800
21787
21800
21787
21775
21762
21750
21712
21700
21687
21675
21662
21675
21662
21675
21662
21675
21662
21675
21662
21675
21662
21650
21637
21625
21612
21600
21612
21625
21637
21625
21637
21650
21637
21625
21637
21625
21612
21600
21587
21575
21562
21550
21537
21525
21512
21500
21487
21475
21487
21500
21512
21525
21562
21600
21612
21650
21687
21725
21737
21775
21825
21875
21925
21975
22012
22025
22037
22025
22037
22050
22062
22050
22062
22050
22037
22012
22012
21987
21987
21962
21975
21962
21950
21937
21925
21912
21900
21887
21875
21862
21850
21825
21825
21800
21800
21787
21775
21762
21775
21762
21750
21762
21750
21737
21725
21737
21725
21712
21700
21687
21650
21637
21625
21612
21600
21612
21600
21612
21600
21612
21600
21587
21575
21562
21550
21537
21550
21537
21525
21512
21500
21487
21475
21487
21475
21487
21500
21512
21525
21537
21550
21562
21575
21587
21600
21612
21625
21637
21625
21637
21625
21612
21625
21637
21625
21637
21625
21587
21575
21562
21550
21562
21575
21587
21625
21637
21662
21687
21712
21737
21775
21787
21825
21862
21875
21887
21925
21937
21950
21962
21975
21987
22000
22012
22025
22037
22025
22037
22025
22037
22025
22012
22000
21987
21975
21962
21950
21937
21925
21887
21875
21862
21850
21837
21850
21837
21850
21837
21850
21837
21850
21862
21875
21887
21900
21912
21925
21925
21925
21925
21925
21900
21912
21900
21887
21887
21887
21862
21862
21887
21875
21887
21900
21912
21900
21887
21875
21862
21850
21837
21850
21837
21850
21837
21850
21862
21875
21887
21900
21912
21900
21912
21900
21912
21900
21912
21900
21887
21875
21862
21850
21837
21850
21837
21825
21812
21825
21812
21825
21837
21850
21837
21850
21837
21850
21862
21875
21887
21900
21912
21900
21912
21900
21912
21900
21887
21875
21862
21850
21837
21850
21862
21875
21887
21900
21912
21887
21900
21887
21875
21862
21862
21850
21837
21825
21812
21800
21800
21800
21812
21800
21812
21800
21800
21787
21800
21787
21800
21800
21837
21850
21887
21925
21962
21975
22012
22050
22087
22125
22187
22250
22300
22362
22400
22437
22450
22462
22450
22462
22450
22462
22475
22487
22475
22487
22475
22437
22425
22412
22400
22387
22375
22362
22350
22325
22312
22300
22287
22275
22262
22250
22237
22225
22212
22200
22162
22150
22112
22100
22087
22075
22062
22050
22037
22025
22037
22025
22037
22012
22012
22012
22012
22012
22025
22037
22050
22062
22075
22087
22100
22087
22075
22062
22050
22037
22025
22037
22025
22037
22025
22012
22000
21987
21950
21937
21950
21937
21950
21962
21975
21962
21950
21937
21925
21912
21900
21912
21900
21912
21900
21912
21925
21937
21950
21962
21950
21937
21925
21912
21900
21887
21875
21862
21850
21837
21850
21837
21850
21862
21875
21887
21900
21887
21875
21862
21825
21812
21800
21775
21762
21750
21737
21725
21712
21700
21687
21675
21662
21675
21662
21675
21662
21675
21662
21675
21662
21675
21662
21650
21637
21625
21612
21600
21612
21600
21612
21600
21612
21600
21612
21625
21637
21650
21662
21675
21662
21675
21687
21700
21687
21700
21687
21687
21675
21687
21712
21737
21750
21775
21800
21800
21837
21875
21937
22000
22062
22125
22187
22225
22262
22275
22287
22275
22287
22275
22287
22275
22287
22275
22262
22250
22237
22200
22187
22175
22137
22125
22112
22100
22087
22100
22087
22100
22087
22100
22087
22100
22087
22100
22087
22100
22087
22075
22062
22050
22037
22025
22012
22000
22012
22000
22012
22025
22037
22025
22037
22025
22037
22025
22037
22025
22037
22025
22037
22025
22037
22025
22037
22025
22012
22000
22012
22000
22012
22025
22037
22025
22037
22025
22037
22025
22037
22025
22037
22025
22037
22025
22037
22025
22037
22025
22012
22000
21987
21975
21962
21975
21962
21950
21937
21925
21887
21875
21862
21850
21837
21850
21862
21900
21912
21962
21987
22012
22012
22037
22025
22012
22000
21987
21950
21937
21925
21912
21900
21912
21900
21912
21900
21912
21925
21937
21950
21962
21975
21962
21950
21937
21925
21912
21900
21912
21900
21912
21900
21912
21925
21937
21950
21987
22000
22012
22050
22087
22125
22187
22250
22300
22362
22425
22462
22500
22512
22525
22512
22525
22512
22525
22512
22525
22512
22525
22512
22525
22512
22525
22512
22500
22487
22475
22462
22450
22462
22450
22437
22425
22412
22400
22387
22375
22362
22350
22350
22337
22350
22337
22350
22337
22325
22312
22300
22262
22250
22237
22225
22212
22225
22212
22225
22212
22225
22212
22225
22237
22250
22262
22275
22287
22300
22312
22300
22312
22300
22287
22275
22287
22275
22287
22275
22262
22262
22250
22237
22225
22237
22237
22250
22237
22250
22237
22225
22212
22225
22212
22225
22212
22225
22212
22225
22212
22225
22212
22225
22212
22225
22212
22225
22212
22225
22212
22225
22212
22225
22212
22225
22212
22225
22212
22225
22212
22225
22212
22225
22237
22250
22262
22275
22287
22275
22287
22275
22287
22275
22287
22275
22287
22275
22262
22250
22237
22225
22212
22225
22212
22225
22212
22225
22212
22200
22187
22175
22162
22150
22162
22150
22162
22150
22162
22150
22162
22150
22162
22150
22137
22125
22137
22125
22137
22175
22212
22250
22287
22325
22375
22400
22425
22475
22512
22525
22562
22575
22587
22575
22562
22525
22512
22475
22462
22450
22462
22450
22462
22450
22462
22450
22462
22450
22437
22425
22412
22400
22387
22400
22375
22375
22375
22375
22350
22362
22337
22337
22312
22312
22312
22325
22325
22337
22350
22350
22362
22375
22387
22400
22387
22400
22387
22400
22387
22400
22387
22375
22362
22350
22350
22337
22325
22312
22300
22262
22250
22262
22250
22237
22250
22237
22225
22212
22225
22212
22225
22212
22225
22237
22250
22262
22275
22287
22275
22262
22250
22237
22225
22237
22250
22262
22275
22287
22300
22312
22325
22337
22350
22337
22350
22350
22375
22375
22400
22387
22400
22412
22425
22437
22450
22462
22450
22437
22425
22412
22400
22412
22425
22437
22450
22462
22450
22462
22450
22437
22425
22412
22400
22387
22400
22387
22400
22387
22375
22362
22350
22350
22350
22387
22425
22462
22500
22537
22575
22612
22650
22687
22725
22737
22750
22787
22800
22812
22825
22837
22837
22850
22837
22850
22837
22812
22800
22787
22750
22737
22725
22712
22700
22687
22675
22662
22650
22637
22650
22637
22650
22637
22650
22637
22625
22612
22600
22587
22575
22587
22575
22587
22575
22587
22575
22562
22550
22537
22525
22512
22525
22512
22500
22487
22475
22462
22450
22462
22450
22462
22450
22462
22450
22462
22450
22462
22450
22462
22450
22437
22425
22412
22400
22375
22375
22350
22325
22312
22300
22287
22275
22287
22275
22287
22275
22287
22275
22287
22275
22262
22250
22237
22225
22212
22200
22187
22162
22137
22112
22087
22062
22050
22012
22000
21987
21975
21962
21975
21962
21987
21987
22012
22012
22037
22025
22012
22000
21987
21950
21937
21925
21912
21900
21912
21900
21912
21900
21912
21900
21912
21900
21912
21900
21887
21875
21862
21850
21837
21850
21837
21850
21837
21850
21837
21850
21837
21862
21862
21862
21862
21887
21875
21887
21900
21912
21925
21962
22000
22062
22100
22137
22175
22187
22200
22212
22225
22212
22200
22187
22175
22162
22150
22162
22150
22162
22150
22162
22150
22162
22150
22162
22150
22162
22150
22137
22125
22112
22100
22087
22075
22062
22050
22037
22025
22037
22025
22037
22025
22037
22025
22012
22000
21987
21975
21962
21975
21962
21975
21962
21975
21962
21975
21987
22000
22012
22025
22012
22000
21987
21975
21962
21975
21962
21975
21962
21975
21962
21975
21962
21975
21962
21975
21962
21975
21962
21975
21962
21975
21962
21975
21962
21975
21962
21975
21962
21975
21962
21975
21962
21975
21962
21975
21962
21975
21962
21975
21962
21975
21962
21950
21937
21925
21912
21900
21912
21900
21912
21900
21912
21925
21937
21950
21962
21975
21962
21975
21962
21975
21962
21975
21962
21975
21962
21975
21962
21975
21962
21975
21962
21975
21987
21987
21987
21987
21987
21962
21975
21962
21950
21937
21950
21937
21950
21962
21950
21937
21925
21912
21925
21937
21950
21987
22025
22037
22075
22087
22100
22112
22150
22187
22250
22287
22325
22350
22375
22375
22400
22387
22412
22412
22437
22462
22487
22500
22512
22525
22537
22550
22537
22550
22537
22525
22512
22500
22487
22475
22437
22400
22387
22350
22325
22312
22300
22287
22275
22262
22250
22237
22225
22212
22225
22212
22200
22187
22200
22175
22175
22175
22150
22125
22137
22125
22137
22150
22175
22175
22200
22200
22225
22212
22225
22212
22225
22237
22250
22262
22275
22287
22275
22262
22250
22237
22225
22212
22225
22212
22200
22187
22200
22187
22200
22212
22225
22212
22225
22212
22225
22237
22250
22262
22275
22287
22275
22287
22275
22287
22275
22262
22262
22262
22262
22262
22262
22250
22237
22225
22212
22225
22237
22250
22237
22250
22262
22250
22262
22275
22262
22225
22212
22175
22162
22175
22187
22200
22212
22225
22212
22200
22187
22175
22162
22150
22137
22125
22112
22100
22087
22100
22087
22100
22087
22100
22087
22100
22087
22100
22087
22075
22062
22050
22037
22050
22062
22075
22087
22100
22087
22100
22087
22100
22087
22100
22087
22100
22087
22100
22087
22100
22112
22150
22187
22250
22300
22362
22425
22487
22550
22587
22625
22637
22650
22662
22675
22662
22675
22662
22650
22637
22650
22637
22650
22637
22650
22637
22650
22637
22650
22637
22650
22625
22625
22600
22600
22575
22587
22575
22587
22575
22562
22550
22537
22525
22512
22525
22512
22525
22512
22500
22487
22475
22462
22450
22462
22450
22462
22450
22462
22450
22462
22450
22462
22450
22462
22450
22462
22450
22462
22475
22512
22525
22562
22575
22587
22575
22587
22575
22587
22575
22587
22575
22562
22550
22537
22525
22512
22525
22512
22525
22512
22525
22537
22550
22562
22575
22600
22600
22625
22625
22650
22637
22650
22637
22650
22637
22650
22637
22650
22637
22625
22612
22600
22587
22575
22587
22575
22562
22550
22562
22550
22562
22575
22587
22575
22587
22575
22587
22575
22587
22575
22587
22575
22562
22550
22537
22525
22512
22525
22512
22525
22512
22525
22537
22550
22562
22575
22587
22600
22612
22625
22662
22675
22687
22700
22712
22700
22712
22700
22687
22675
22662
22650
22662
22700
22737
22775
22812
22837
22850
22862
22900
22937
22975
23012
23050
23062
23075
23087
23125
23137
23175
23212
23225
23237
23250
23262
23250
23262
23250
23237
23225
23212
23200
23187
23175
23137
23125
23087
23075
23062
23075
23062
23075
23062
23075
23062
23075
23062
23075
23062
23075
23062
23050
23037
23025
22987
22975
22962
22925
22912
22900
22887
22875
22862
22850
22837
22837
22825
22837
22825
22837
22825
22837
22825
22837
22825
22837
22825
22812
22800
22787
22750
22737
22725
22687
22675
22662
22650
22625
22625
22600
22575
22550
22537
22525
22512
22525
22512
22525
22500
22500
22500
22500
22475
22500
22500
22475
22475
22462
22437
22412
22412
22387
22400
22387
22375
22362
22350
22350
22337
22350
22337
22350
22337
22350
22337
22325
22312
22300
22262
22250
22237
22225
22212
22225
22212
22225
22212
22225
22237
22250
22237
22250
22237
22225
22212
22225
22212
22225
22212
22225
22212
22225
22237
22250
22262
22275
22287
22300
22325
22337
22387
22412
22437
22462
22512
22525
22562
22575
22600
22625
22675
22700
22750
22787
22800
22812
22825
22812
22775
22762
22725
22687
22675
22662
22650
22637
22650
22637
22650
22637
22650
22637
22625
22587
22587
22562
22537
22537
22537
22500
22500
22500
22500
22500
22500
22487
22475
22462
22450
22462
22450
22437
22425
22412
22400
22412
22425
22437
22475
22487
22500
22512
22525
22512
22525
22512
22525
22512
22525
22512
22500
22500
22487
22475
22450
22450
22412
22412
22375
22375
22350
22350
22337
22350
22337
22350
22337
22350
22337
22350
22337
22325
22312
22300
22287
22275
22287
22275
22287
22275
22262
22212
22162
22112
22062
22037
22025
22037
22025
22037
22025
22012
21975
21962
21925
21887
21875
21862
21850
21837
21850
21862
21875
21887
21925
21962
21975
22012
22025
22012
22012
22012
22012
22012
22037
22025
22037
22025
22012
21975
21962
21950
21937
21950
21962
21975
21962
21975
21962
21975
21962
21975
21962
21975
21962
21950
21912
21900
21887
21900
21912
21950
21962
21975
21987
22000
22012
22025
22037
22050
22062
22075
22112
22125
22137
22175
22187
22200
22212
22225
22237
22250
22262
22275
22300
22300
22300
22300
22300
22287
22275
22262
22250
22237
22225
22212
22200
22187
22175
22162
22150
22137
22125
22112
22100
22087
22100
22087
22100
22087
22075
22062
22050
22012
22000
21987
21950
21937
21925
21912
21900
21912
21900
21912
21900
21912
21900
21925
21925
21950
21975
22025
22062
22100
22112
22125
22112
22100
22087
22075
22062
22050
22012
22000
21987
21975
21962
21975
21962
21975
21962
21950
21937
21925
21887
21875
21862
21850
21837
21850
21862
21875
21862
21875
21862
21850
21837
21850
21837
21850
21837
21825
21787
21787
21775
21775
21775
21800
21787
21800
21787
21800
21787
21800
21787
21800
21787
21800
21787
21775
21762
21750
21737
21725
21737
21725
21737
21712
21712
21687
21687
21687
21700
21712
21750
21775
21787
21825
21862
21900
21937
21975
22012
22050
22062
22075
22112
22125
22137
22175
22187
22200
22212
22225
22237
22250
22262
22275
22287
22275
22262
22250
22237
22200
22187
22175
22137
22125
22112
22075
22062
22050
22037
22025
22037
22050
22062
22075
22087
22075
22062
22050
22037
22025
22037
22025
22037
22025
22037
22025
22037
22025
22037
22025
22037
22025
22037
22025
22037
22025
22037
22025
22037
22025
22037
22025
22037
22025
22037
22025
22037
22025
22037
22025
22037
22025
22037
22025
22037
22050
22062
22050
22062
22050
22037
22025
22037
22025
22037
22025
22037
22025
22037
22025
22037
22025
22037
22025
22037
22050
22050
22050
22075
22075
22075
22087
22100
22087
22100
22087
22100
22087
22100
22087
22100
22087
22100
22087
22100
22087
22100
22087
22100
22087
22100
22087
22100
22087
22100
22087
22100
22087
22100
22087
22100
22087
22075
22062
22050
22037
22025
22037
22050
22087
22100
22112
22125
22137
22150
22162
22200
22212
22225
22237
22275
22300
22362
22425
22462
22500
22537
22550
22562
22600
22612
22625
22662
22675
22687
22700
22687
22650
22637
22600
22562
22550
22537
22525
22500
22500
22500
22487
22475
22500
22500
22500
22512
22500
22487
22475
22462
22450
22437
22425
22412
22375
22337
22325
22300
22287
22275
22262
22250
22262
22250
22262
22275
22287
22300
22312
22325
22337
22325
22312
22300
22287
22275
22287
22275
22262
22250
22237
22225
22212
22200
22187
22175
22137
22125
22112
22075
22062
22075
22062
22075
22087
22100
22112
22125
22137
22150
22162
22150
22137
22125
22112
22100
22087
22100
22087
22100
22087
22100
22075
22075
22050
22050
22025
22037
22025
22037
22025
22037
22025
22037
22050
22062
22075
22112
22125
22137
22150
22162
22137
22137
22112
22112
22087
22100
22087
22100
22087
22100
22087
22100
22087
22100
22087
22100
22087
22100
22087
22100
22112
22125
22137
22150
22162
22150
22162
22150
22162
22150
22162
22150
22162
22150
22137
22125
22137
22125
22112
22125
22137
22125
22137
22150
22175
22200
22250
22262
22300
22325
22337
22362
22425
22487
22525
22562
22600
22637
22650
22687
22725
22737
22750
22762
22750
22737
22725
22687
22650
22637
22600
22562
22562
22562
22562
22550
22562
22537
22537
22512
22525
22512
22500
22487
22475
22462
22450
22462
22450
22462
22450
22462
22450
22462
22450
22462
22475
22487
22500
22512
22525
22512
22500
22462
22450
22412
22400
22387
22400
22387
22375
22362
22350
22350
22337
22350
22350
22375
22375
22400
22387
22400
22387
22400
22387
22400
22387
22400
22387
22400
22412
22425
22412
22425
22412
22400
22412
22425
22437
22450
22437
22425
22412
22400
22387
22400
22387
22375
22362
22350
22350
22337
22350
22337
22325
22312
22300
22287
22275
22287
22275
22287
22275
22287
22275
22287
22275
22287
22275
22287
22300
22312
22325
22337
22350
22350
22362
22375
22412
22425
22437
22475
22512
22550
22587
22625
22662
22675
22687
22725
22737
22750
22762
22750
22750
22750
22725
22725
22725
22712
22687
22687
22662
22637
22587
22575
22537
22525
22512
22525
22512
22525
22512
22525
22512
22500
22487
22475
22437
22425
22437
22425
22412
22425
22437
22425
22437
22475
22487
22475
22487
22475
22462
22450
22462
22450
22462
22450
22462
22450
22462
22475
22487
22475
22487
22475
22462
22450
22462
22450
22462
22450
22437
22425
22437
22425
22437
22450
22437
22425
22412
22400
22387
22400
22387
22400
22387
22400
22387
22400
22387
22400
22387
22375
22337
22325
22300
22262
22250
22237
22225
22212
22225
22200
22200
22175
22175
22150
22162
22150
22162
22175
22187
22200
22212
22225
22212
22200
22187
22175
22162
22175
22187
22200
22237
22275
22287
22325
22350
22387
22425
22462
22500
22512
22525
22512
22537
22537
22562
22587
22612
22600
22612
22600
22587
22575
22562
22550
22537
22500
22487
22475
22462
22450
22462
22450
22462
22450
22462
22450
22462
22450
22462
22450
22462
22450
22462
22450
22437
22400
22362
22325
22300
22287
22275
22287
22275
22287
22275
22287
22300
22312
22325
22337
22350
22337
22350
22337
22350
22337
22325
22312
22300
22287
22275
22287
22275
22287
22275
22287
22262
22262
22237
22237
22212
22225
22212
22225
22212
22225
22212
22225
22212
22225
22212
22225
22212
22225
22212
22200
22187
22175
22162
22150
22137
22125
22112
22100
22087
22100
22087
22100
22112
22125
22137
22175
22187
22200
22212
22225
22212
22225
22212
22225
22237
22250
22262
22275
22287
22275
22287
22300
22312
22325
22337
22350
22337
22350
22337
22350
22350
22375
22375
22400
22387
22400
22412
22425
22437
22475
22512
22550
22612
22650
22687
22700
22712
22700
22712
22700
22687
22650
22637
22600
22562
22525
22512
22475
22437
22425
22412
22400
22387
22375
22362
22350
22350
22337
22325
22312
22300
22262
22250
22237
22225
22200
22200
22200
22200
22200
22212
22225
22212
22225
22237
22250
22237
22250
22237
22225
22237
22275
22287
22325
22350
22362
22375
22387
22375
22362
22350
22350
22337
22350
22337
22325
22312
22300
22287
22300
22312
22300
22325
22325
22325
22325
22350
22337
22350
22337
22350
22337
22350
22337
22350
22337
22350
22337
22350
22337
22350
22350
22362
22350
22362
22350
22325
22312
22300
22287
22300
22312
22325
22337
22350
22350
22362
22350
22362
22350
22350
22337
22350
22337
22325
22312
22325
22325
22362
22400
22437
22475
22487
22500
22537
22575
22587
22625
22637
22650
22637
22650
22637
22650
22637
22625
22612
22600
22587
22575
22587
22575
22562
22550
22562
22550
22562
22600
22612
22625
22637
22650
22637
22625
22612
22600
22562
22550
22537
22525
22512
22525
22512
22500
22487
22475
22462
22450
22462
22475
22487
22500
22512
22500
22487
22475
22437
22425
22412
22400
22412
22425
22412
22425
22412
22400
22387
22400
22412
22425
22437
22450
22462
22450
22462
22450
22462
22450
22462
22475
22487
22500
22512
22525
22512
22500
22487
22475
22462
22450
22462
22450
22462
22450
22462
22450
22462
22475
22487
22500
22537
22550
22562
22575
22587
22575
22562
22550
22537
22525
22512
22525
22512
22525
22512
22525
22512
22525
22512
22525
22512
22500
22487
22475
22462
22450
22462
22450
22437
22437
22437
22437
22462
22487
22500
22537
22575
22612
22675
22712
22750
22787
22800
22812
22825
22812
22800
22812
22800
22812
22825
22837
22837
22850
22837
22850
22862
22850
22862
22875
22862
22850
22837
22837
22825
22837
22825
22837
22825
22837
22825
22837
22825
22837
22825
22812
22800
22787
22750
22737
22725
22712
22700
22712
22725
22737
22750
22762
22750
22737
22725
22712
22700
22712
22700
22712
22725
22737
22750
22762
22775
22762
22750
22737
22725
22687
22675
22687
22675
22687
22700
22712
22725
22762
22787
22825
22837
22825
22787
22762
22725
22712
22700
22712
22700
22712
22700
22712
22700
22712
22700
22712
22700
22687
22675
22662
22650
22637
22625
22612
22600
22587
22575
22562
22550
22537
22500
22462
22450
22437
22412
22412
22437
22462
22462
22500
22512
22525
22512
22525
22512
22500
22487
22475
22462
22450
22462
22450
22462
22475
22475
22475
22500
22500
22500
22512
22525
22537
22550
22562
22600
22637
22675
22712
22750
22762
22775
22787
22800
22812
22825
22837
22837
22850
22862
22875
22862
22862
22862
22862
22862
22862
22850
22837
22812
22775
22762
22725
22712
22700
22712
22700
22712
22700
22712
22687
22687
22662
22637
22612
22600
22587
22575
22587
22575
22587
22600
22612
22625
22637
22625
22612
22625
22612
22625
22637
22650
22662
22675
22687
22700
22712
22700
22712
22700
22687
22675
22662
22650
22637
22650
22637
22650
22662
22675
22687
22700
22712
22725
22737
22750
22762
22775
22762
22775
22762
22775
22762
22750
22737
22725
22687
22675
22662
22650
22637
22625
22612
22600
22562
22550
22537
22525
22512
22525
22537
22550
22562
22575
22587
22575
22587
22575
22587
22575
22562
22550
22562
22550
22575
22600
22625
22625
22650
22637
22650
22662
22675
22662
22675
22662
22650
22637
22625
22612
22600
22587
22575
22587
22575
22587
22600
22612
22625
22637
22650
22662
22700
22712
22750
22787
22800
22812
22862
22887
22912
22962
22975
22987
23025
23037
23050
23062
23075
23087
23100
23112
23125
23112
23100
23087
23075
23062
23075
23062
23075
23087
23100
23112
23125
23137
23125
23137
23125
23137
23125
23112
23100
23087
23075
23062
23075
23062
23087
23087
23087
23087
23112
23100
23112
23125
23137
23125
23137
23125
23137
23125
23137
23125
23112
23075
23062
23025
22987
22975
22962
22925
22912
22900
22887
22875
22862
22825
22787
22762
22725
22712
22700
22712
22700
22712
22700
22712
22700
22687
22675
22662
22650
22637
22650
22637
22625
22612
22600
22587
22575
22587
22600
22612
22625
22637
22650
22637
22650
22637
22625
22612
22600
22587
22575
22587
22562
22562
22537
22537
22512
22525
22512
22525
22537
22550
22562
22575
22587
22600
22612
22625
22637
22650
22637
22650
22662
22675
22687
22725
22762
22775
22812
22837
22875
22912
22975
23012
23050
23087
23100
23112
23112
23112
23087
23087
23062
23050
23037
23025
22987
22950
22937
22925
22912
22925
22962
22975
22962
22975
22962
22925
22912
22900
22887
22875
22887
22875
22887
22875
22887
22875
22887
22875
22887
22875
22887
22875
22887
22875
22887
22875
22862
22850
22837
22837
22825
22837
22825
22812
22800
22812
22787
22787
22787
22787
22762
22775
22787
22800
22787
22800
22812
22800
22812
22825
22837
22825
22812
22800
22787
22750
22737
22725
22712
22700
22712
22700
22712
22700
22712
22700
22712
22725
22737
22750
22762
22750
22737
22725
22712
22700
22712
22700
22712
22725
22737
22750
22762
22775
22787
22800
22787
22800
22787
22750
22737
22725
22712
22725
22762
22775
22812
22825
22837
22850
22900
22950
23025
23075
23125
23150
23175
23200
23250
23262
23300
23312
23300
23262
23250
23237
23212
23212
23212
23212
23187
23200
23212
23225
23237
23250
23262
23250
23237
23225
23212
23200
23187
23200
23187
23200
23187
23200
23187
23200
23187
23200
23187
23200
23212
23225
23237
23250
23237
23225
23212
23200
23187
23200
23187
23200
23187
23200
23187
23200
23187
23200
23187
23200
23187
23200
23187
23200
23187
23200
23212
23225
23212
23225
23212
23175
23162
23150
23137
23125
23137
23125
23137
23125
23137
23112
23112
23087
23087
23062
23075
23062
23075
23062
23075
23062
23050
23037
23025
23012
23000
23012
23000
23012
22987
22987
22987
22987
22987
23025
23037
23050
23087
23100
23087
23075
23037
23000
22962
22950
22937
22950
22937
22950
22937
22950
22937
22950
22937
22950
22937
22950
22937
22950
22937
22925
22912
22900
22887
22875
22887
22875
22887
22875
22887
22875
22887
22875
22887
22875
22887
22875
22887
22900
22937
22975
23037
23100
23137
23175
23212
23225
23237
23237
23250
23237
23250
23237
23262
23250
23262
23250
23262
23250
23262
23250
23262
23250
23237
23225
23212
23175
23137
23125
23087
23050
23037
23050
23062
23062
23087
23112
23112
23112
23125
23137
23112
23087
23062
23025
22962
22900
22837
22775
22737
22687
22675
22662
22650
22662
22700
22712
22725
22737
22725
22687
22650
22612
22550
22487
22425
22362
22325
22300
22287
22275
22287
22275
22287
22275
22287
22275
22262
22225
22212
22175
22137
22125
22112
22100
22087
22100
22087
22100
22112
22125
22137
22175
22187
22200
22212
22225
22212
22225
22212
22225
22212
22225
22212
22225
22212
22225
22212
22225
22212
22225
22212
22225
22212
22225
22212
22225
22212
22225
22212
22200
22187
22200
22187
22200
22212
22225
22212
22225
22212
22225
22237
22250
22262
22275
22287
22300
22325
22362
22425
22487
22525
22562
22600
22637
22650
22687
22700
22712
22725
22762
22775
22812
22825
22837
22825
22837
22825
22837
22825
22837
22825
22812
22800
22787
22775
22762
22775
22762
22775
22787
22800
22787
22800
22787
22775
22787
22800
22812
22812
22812
22787
22787
22762
22775
22762
22750
22737
22725
22687
22675
22662
22625
22612
22625
22612
22625
22637
22650
22637
22650
22637
22625
22612
22600
22587
22575
22562
22550
22537
22525
22537
22550
22562
22575
22587
22600
22612
22600
22612
22600
22562
22550
22525
22500
22475
22475
22450
22462
22450
22437
22425
22412
22400
22387
22375
22362
22350
22350
22337
22350
22362
22375
22350
22362
22350
22350
22337
22350
22337
22350
22337
22350
22337
22350
22350
22362
22375
22387
22400
22387
22400
22387
22400
22387
22400
22387
22400
22387
22400
22387
22400
22387
22400
22412
22425
22412
22425
22412
22400
22387
22375
22362
22350
22350
22350
22362
22375
22412
22450
22487
22550
22612
22650
22687
22725
22762
22787
22825
22862
22875
22887
22875
22862
22862
22862
22837
22837
22837
22837
22825
22837
22825
22812
22800
22787
22775
22762
22775
22762
22775
22762
22775
22762
22775
22762
22775
22762
22775
22762
22775
22762
22775
22750
22750
22725
22725
22700
22712
22687
22687
22687
22687
22687
22700
22712
22725
22737
22750
22762
22775
22762
22750
22737
22725
22712
22700
22687
22650
22637
22600
22587
22575
22587
22600
22612
22625
22637
22650
22637
22650
22637
22625
22612
22600
22587
22575
22587
22575
22587
22575
22587
22575
22587
22575
22587
22575
22587
22600
22612
22600
22612
22600
22562
22525
22512
22475
22437
22425
22412
22400
22412
22425
22412
22425
22412
22400
22387
22400
22387
22400
22412
22425
22437
22437
22437
22437
22425
22412
22412
22412
22412
22425
22437
22450
22462
22450
22462
22450
22462
22475
22512
22550
22612
22650
22687
22700
22725
22725
22750
22775
22812
22825
22862
22900
22912
22925
22937
22950
22937
22925
22925
22925
22900
22875
22875
22837
22837
22825
22812
22800
22787
22787
22775
22787
22775
22787
22787
22800
22787
22800
22787
22775
22762
22750
22737
22725
22712
22700
22687
22675
22662
22650
22637
22650
22637
22650
22662
22675
22687
22700
22712
22700
22712
22700
22712
22700
22712
22700
22712
22700
22712
22700
22712
22687
22687
22662
22662
22637
22650
22662
22675
22662
22675
22662
22650
22637
22625
22612
22625
22612
22625
22637
22650
22637
22650
22637
22625
22612
22600
22587
22575
22587
22575
22587
22575
22562
22550
22537
22525
22512
22525
22512
22525
22500
22500
22500
22500
22500
22512
22525
22537
22550
22562
22575
22587
22575
22587
22575
22587
22562
22562
22537
22537
22512
22500
22487
22475
22462
22450
22462
22450
22462
22450
22462
22450
22462
22450
22462
22450
22462
22450
22462
22450
22475
22475
22500
22500
22500
22462
22425
22350
22300
22262
22212
22162
22112
22062
22000
21962
21925
21900
21850
21850
21825
21825
21850
21900
21937
22000
22075
22150
22225
22287
22375
22450
22500
22550
22600
22637
22675
22712
22750
22787
22800
22812
22825
22812
22800
22787
22775
22762
22775
22762
22775
22762
22775
22762
22775
22787
22800
22812
22837
22850
22875
22900
22937
22975
23012
23050
23087
23125
23162
23200
23225
23250
23262
23250
23262
23250
23262
23250
23237
23225
23200
23175
23150
23125
23075
23062
23025
23012
23000
22987
22975
22962
22925
22912
22900
22887
22875
22887
22875
22862
22850
22837
22837
22825
22812
22800
22787
22775
22762
22775
22762
22750
22737
22725
22712
22700
22687
22675
22662
22625
22612
22600
22562
22550
22525
22500
22475
22475
22437
22437
22412
22375
22337
22312
22275
22250
22237
22200
22162
22125
22087
22050
22037
22025
22012
22000
21987
21950
21937
21925
21912
21900
21912
21925
21937
21950
21962
21950
21937
21950
21962
21975
22012
22050
22062
22075
22112
22125
22137
22150
22162
22150
22162
22150
22162
22150
22137
22125
22112
22075
22062
22050
22037
22025
22037
22025
22037
22050
22062
22075
22112
22125
22137
22175
22187
22200
22237
22250
22262
22275
22287
22300
22312
22325
22350
22362
22375
22387
22400
22387
22400
22387
22400
22387
22375
22375
22375
22375
22375
22400
22387
22400
22387
22400
22387
22375
22362
22350
22325
22287
22275
22237
22225
22212
22225
22212
22200
22187
22200
22212
22225
22262
22300
22300
22300
22300
22300
22275
22262
22250
22262
22250
22262
22300
22300
22300
22325
22325
22325
22337
22325
22287
22275
22237
22225
22212
22225
22212
22225
22212
22225
22212
22225
22212
22225
22212
22225
22212
22225
22212
22225
22237
22250
22262
22300
22312
22325
22337
22350
22337
22350
22337
22350
22337
22350
22325
22325
22325
22325
22300
22312
22300
22287
22275
22287
22275
22287
22275
22287
22275
22287
22275
22287
22275
22287
22275
22287
22275
22287
22275
22287
22275
22287
22275
22287
22275
22287
22275
22300
22300
22325
22337
22362
22375
22387
22375
22362
22350
22325
22312
22300
22287
22300
22312
22300
22312
22325
22312
22325
22350
22362
22387
22437
22487
22537
22612
22650
22687
22700
22712
22700
22712
22700
22712
22700
22712
22700
22712
22700
22712
22700
22687
22675
22662
22625
22612
22600
22587
22575
22587
22575
22587
22575
22587
22575
22562
22550
22537
22525
22500
22500
22475
22450
22425
22412
22375
22362
22350
22350
22337
22350
22337
22350
22337
22350
22337
22350
22337
22350
22337
22350
22337
22325
22312
22300
22287
22275
22287
22300
22312
22325
22337
22350
22337
22350
22337
22350
22337
22325
22312
22300
22287
22275
22262
22250
22237
22225
22212
22200
22162
22150
22112
22112
22112
22112
22112
22112
22100
22087
22075
22062
22050
22037
22025
22037
22025
22012
22000
21987
21975
21962
21975
21962
21975
21962
21950
21937
21925
21912
21900
21887
21887
21875
21875
21862
21875
21850
21862
21837
21850
21837
21850
21862
21875
21887
21900
21912
21900
21887
21875
21862
21850
21837
21850
21837
21850
21837
21825
21812
21800
21800
21787
21800
21775
21787
21775
21762
21750
21775
21762
21775
21787
21800
21787
21800
21787
21800
21787
21800
21800
21837
21850
21900
21950
22000
22025
22075
22087
22100
22087
22100
22087
22100
22087
22075
22062
22050
22037
22025
22037
22025
22037
22025
22037
22025
22037
22025
22037
22025
22012
21975
21962
21925
21887
21875
21862
21825
21812
21800
21800
21787
21775
21762
21750
21737
21725
21737
21725
21737
21725
21712
21700
21687
21650
21637
21612
21587
21562
21537
21512
21500
21462
21450
21437
21425
21412
21425
21412
21425
21412
21425
21412
21425
21437
21450
21462
21475
21487
21475
21487
21475
21487
21475
21462
21450
21437
21400
21362
21350
21312
21287
21275
21262
21250
21237
21250
21237
21250
21237
21250
21225
21237
21225
21237
21225
21250
21262
21287
21325
21362
21400
21437
21450
21462
21500
21512
21500
21512
21500
21462
21425
21412
21375
21362
21375
21387
21400
21412
21425
21412
21425
21437
21450
21462
21475
21487
21475
21487
21475
21462
21450
21437
21425
21412
21400
21362
21350
21312
21312
21300
21287
21275
21262
21250
21237
21250
21237
21250
21262
21287
21300
21337
21375
21387
21400
21412
21425
21412
21425
21412
21400
21387
21375
21362
21350
21362
21350
21337
21325
21312
21312
21300
21287
21287
21275
21275
21275
21300
21287
21312
21300
21312
21300
21312
21287
21287
21262
21237
21187
21150
21087
21050
21000
20975
20950
20950
20925
20912
20875
20875
20837
20825
20812
20800
20775
20762
20762
20750
20762
20750
20762
20737
20737
20712
20712
20675
20687
20675
20687
20675
20675
20662
20650
20612
20575
20537
20475
20412
20337
20287
20237
20200
20150
20112
20075
20037
20025
20012
20025
20012
20025
20037
20050
20062
20075
20087
20075
20087
20075
20062
20050
20037
20000
19962
19925
19887
19850
19812
19800
19787
19750
19712
19700
19675
19637
19600
19587
19550
19537
19525
19537
19525
19512
19500
19487
19475
19462
19475
19462
19475
19462
19475
19462
19450
19437
19425
19387
19350
19312
19275
19237
19212
19200
19187
19175
19162
19175
19162
19150
19137
19125
19112
19100
19112
19100
19112
19100
19112
19100
19112
19100
19112
19125
19137
19150
19162
19175
19187
19200
19212
19237
19250
19262
19300
19312
19325
19337
19350
19337
19350
19337
19350
19337
19350
19337
19325
19312
19300
19287
19275
19287
19275
19287
19275
19287
19275
19262
19250
19237
19237
19225
19237
19225
19237
19225
19237
19225
19237
19225
19237
19225
19212
19200
19187
19175
19162
19150
19137
19125
19112
19125
19137
19150
19162
19187
19187
19212
19212
19237
19225
19237
19225
19237
19225
19212
19200
19187
19150
19137
19125
19087
19075
19062
19025
19012
19000
18987
19000
19012
19025
19062
19075
19087
19100
19112
19100
19112
19087
19087
19062
19062
19025
19025
19000
19000
18975
18987
19000
19012
19025
19062
19075
19087
19100
19112
19100
19112
19100
19112
19100
19112
19100
19087
19075
19062
19050
19037
19050
19062
19075
19087
19100
19112
19125
19137
19150
19162
19175
19162
19175
19162
19150
19137
19125
19112
19100
19112
19100
19112
19125
19162
19187
19225
19262
19300
19337
19375
19437
19475
19512
19525
19537
19550
19562
19575
19587
19600
19587
19600
19587
19575
19562
19550
19537
19525
19537
19525
19537
19525
19537
19525
19537
19525
19537
19525
19537
19550
19562
19550
19562
19550
19537
19525
19512
19500
19512
19500
19487
19500
19487
19475
19462
19450
19437
19425
19412
19425
19437
19450
19462
19450
19450
19450
19450
19450
19475
19487
19500
19525
19550
19575
19575
19600
19587
19575
19537
19525
19487
19450
19437
19425
19412
19400
19412
19425
19437
19450
19487
19500
19512
19525
19512
19500
19487
19475
19462
19475
19462
19475
19462
19450
19437
19425
19412
19400
19412
19400
19412
19400
19412
19400
19412
19400
19412
19425
19462
19475
19512
19525
19537
19550
19562
19575
19587
19600
19587
19575
19562
19550
19512
19512
19500
19500
19500
19525
19512
19537
19525
19537
19525
19537
19525
19537
19525
19537
19525
19537
19525
19512
19512
19512
19512
19512
19537
19525
19537
19525
19512
19500
19512
19500
19512
19525
19537
19550
19562
19587
19612
19650
19662
19700
19712
19737
19750
19787
19800
19812
19850
19887
19900
19937
19975
19987
20000
20012
20025
20037
20050
20062
20075
20087
20075
20087
20075
20087
20075
20087
20075
20062
20050
20062
20050
20062
20075
20062
20050
20037
20000
19987
20000
19987
19975
19987
19975
19962
19975
19987
19975
19987
19975
19962
19950
19962
19950
19962
19950
19962
19950
19962
19950
19937
19925
19937
19925
19912
19937
19925
19925
19925
19950
19937
19962
19950
19962
19950
19962
19950
19962
19937
19937
19912
19912
19887
19900
19887
19900
19887
19900
19887
19900
19887
19900
19887
19900
19887
19900
19887
19900
19887
19900
19887
19900
19887
19875
19875
19875
19850
19850
19850
19837
19825
19837
19825
19837
19825
19812
19800
19812
19800
19812
19850
19862
19850
19862
19850
19812
19800
19787
19775
19762
19775
19787
19800
19812
19850
19862
19875
19912
19925
19937
19975
19987
19975
19962
19950
19912
19875
19862
19850
19837
19825
19812
19800
19812
19800
19812
19850
19862
19875
19912
19925
19937
19975
19987
20000
20037
20075
20087
20125
20137
20150
20137
20150
20137
20150
20137
20150
20137
20150
20137
20150
20162
20175
20187
20200
20212
20200
20187
20175
20162
20125
20112
20100
20087
20075
20087
20075
20062
20050
20037
20025
20037
20075
20112
20175
20212
20250
20275
20312
20325
20362
20375
20387
20400
20412
20425
20425
20425
20400
20400
20400
20412
20425
20437
20450
20437
20450
20437
20450
20425
20425
20425
20425
20425
20437
20450
20437
20450
20437
20425
20412
20400
20387
20375
20387
20375
20387
20375
20387
20375
20387
20375
20387
20375
20387
20375
20387
20375
20387
20375
20387
20375
20387
20375
20387
20375
20362
20350
20337
20300
20287
20300
20287
20300
20312
20325
20312
20325
20312
20325
20312
20325
20312
20325
20312
20300
20287
20275
20250
20237
20225
20212
20200
20212
20200
20212
20225
20237
20225
20237
20225
20212
20200
20212
20200
20212
20200
20212
20200
20212
20200
20212
20200
20212
20200
20212
20200
20187
20175
20162
20150
20137
20125
20112
20100
20087
20075
20087
20075
20087
20100
20137
20175
20225
20287
20325
20362
20400
20412
20425
20462
20475
20487
20525
20537
20550
20587
20600
20612
20625
20637
20625
20637
20625
20637
20625
20612
20600
20587
20550
20537
20525
20512
20500
20512
20525
20537
20550
20562
20575
20562
20550
20537
20525
20512
20500
20512
20500
20512
20500
20487
20475
20462
20450
20437
20450
20425
20425
20425
20425
20425
20462
20462
20462
20487
20487
20462
20475
20462
20425
20412
20400
20387
20375
20387
20375
20387
20400
20412
20425
20437
20450
20437
20450
20437
20450
20437
20450
20437
20450
20437
20450
20437
20450
20437
20450
20462
20500
20512
20550
20562
20575
20562
20575
20562
20550
20537
20525
20487
20487
20487
20462
20462
20462
20450
20437
20425
20412
20425
20412
20400
20425
20425
20400
20400
20400
20387
20400
20412
20400
20412
20400
20387
20400
20412
20425
20437
20450
20437
20450
20437
20450
20462
20500
20512
20550
20562
20575
20562
20575
20587
20625
20637
20675
20712
20725
20737
20762
20775
20787
20825
20837
20850
20862
20875
20862
20850
20837
20825
20812
20800
20787
20750
20737
20712
20675
20662
20675
20662
20675
20675
20675
20675
20675
20675
20687
20700
20687
20700
20687
20700
20687
20700
20687
20700
20687
20675
20662
20650
20612
20600
20587
20575
20562
20575
20562
20575
20562
20575
20562
20575
20562
20575
20562
20575
20562
20575
20562
20575
20562
20550
20537
20525
20512
20487
20487
20487
20487
20462
20475
20462
20450
20437
20450
20437
20450
20437
20450
20462
20475
20462
20475
20487
20475
20487
20500
20512
20500
20512
20500
20487
20475
20462
20425
20387
20375
20337
20325
20312
20325
20312
20300
20287
20275
20275
20275
20287
20300
20312
20325
20312
20300
20287
20275
20250
20237
20225
20187
20175
20162
20150
20137
20150
20137
20150
20137
20150
20137
20150
20162
20175
20162
20150
20137
20100
20087
20075
20087
20075
20087
20075
20087
20075
20087
20075
20087
20100
20137
20175
20225
20287
20325
20362
20375
20387
20400
20412
20425
20437
20450
20437
20425
20412
20400
20387
20375
20362
20350
20337
20325
20312
20300
20287
20275
20275
20262
20275
20262
20275
20262
20250
20237
20225
20212
20200
20212
20200
20212
20200
20212
20200
20212
20200
20187
20150
20137
20100
20087
20062
20062
20037
20012
19987
19975
19962
19950
19962
19975
19987
20000
20037
20050
20062
20075
20087
20075
20087
20075
20062
20025
19987
19950
19912
19900
19887
19875
19862
19875
19862
19875
19887
19900
19912
19925
19937
19950
19975
19975
19975
19950
19950
19912
19875
19862
19850
19837
19825
19837
19825
19837
19850
19850
19850
19875
19862
19850
19875
19875
19850
19862
19850
19837
19825
19837
19825
19837
19825
19837
19825
19837
19825
19837
19825
19837
19825
19850
19850
19875
19900
19925
19937
19950
19962
19950
19962
19975
19987
20000
20012
20025
20012
20037
20037
20062
20087
20112
20100
20112
20100
20062
20050
20037
20000
19987
19975
19937
19925
19912
19900
19912
19925
19937
19950
19962
19975
19987
20000
20037
20050
20062
20075
20087
20075
20087
20075
20087
20075
20062
20050
20037
20025
20012
20000
19987
19975
19962
19950
19962
19950
19962
19950
19962
19950
19962
19950
19962
19950
19962
19950
19962
19950
19962
19950
19937
19925
19912
19900
19887
19900
19887
19875
19862
19850
19837
19825
19837
19825
19837
19825
19837
19825
19837
19812
19812
19812
19812
19812
19825
19837
19825
19837
19825
19837
19825
19812
19800
19812
19800
19812
19825
19837
19825
19837
19825
19837
19825
19837
19825
19837
19825
19837
19825
19837
19825
19812
19800
19787
19775
19762
19775
19762
19775
19762
19775
19762
19775
19762
19775
19762
19775
19762
19775
19762
19775
19787
19800
19787
19800
19787
19775
19787
19800
19812
19850
19862
19850
19862
19850
19837
19825
19837
19825
19837
19825
19837
19850
19887
19900
19937
19975
20012
20050
20112
20175
20212
20250
20262
20275
20262
20275
20275
20287
20300
20312
20325
20312
20325
20312
20325
20312
20325
20312
20325
20312
20300
20287
20275
20275
20262
20275
20262
20250
20237
20250
20237
20250
20262
20275
20262
20275
20262
20275
20262
20250
20212
20200
20162
20125
20112
20125
20112
20125
20137
20150
20162
20175
20187
20200
20212
20225
20237
20250
20262
20275
20262
20275
20262
20275
20262
20250
20237
20225
20212
20200
20212
20200
20212
20200
20212
20200
20212
20200
20212
20225
20237
20250
20262
20275
20262
20275
20275
20287
20300
20312
20325
20312
20300
20287
20262
20262
20250
20262
20250
20275
20262
20275
20262
20275
20275
20287
20300
20312
20325
20312
20325
20312
20325
20312
20325
20312
20325
20312
20325
20312
20300
20287
20275
20275
20262
20275
20262
20275
20262
20275
20262
20275
20262
20275
20262
20275
20262
20275
20275
20287
20312
20337
20362
20362
20387
20400
20412
20425
20437
20450
20462
20475
20462
20475
20462
20450
20437
20450
20437
20450
20437
20450
20437
20425
20412
20400
20362
20350
20362
20337
20337
20337
20337
20312
20300
20287
20275
20275
20262
20250
20237
20225
20187
20150
20137
20100
20087
20075
20062
20050
20037
20025
20012
20037
20037
20037
20037
20062
20050
20062
20075
20087
20075
20087
20075
20062
20050
20037
20025
20012
20000
19987
20000
19987
20000
20012
20025
20012
20025
20012
20025
20012
20025
20012
20025
20012
20000
19987
19975
19962
19950
19962
19950
19937
19925
19912
19900
19887
19900
19887
19875
19875
19875
19875
19875
19900
19887
19875
19862
19850
19837
19825
19837
19825
19837
19825
19837
19825
19837
19825
19837
19825
19837
19825
19837
19825
19837
19825
19837
19825
19837
19825
19837
19825
19837
19825
19837
19825
19837
19825
19837
19825
19837
19825
19837
19825
19837
19825
19837
19825
19837
19825
19837
19850
19862
19875
19887
19900
19887
19912
19912
19937
19962
20012
20025
20062
20100
20137
20150
20187
20225
20237
20250
20275
20287
20300
20312
20300
20287
20275
20250
20237
20225
20212
20200
20212
20200
20187
20175
20162
20150
20137
20150
20162
20175
20187
20200
20212
20200
20212
20187
20187
20162
20162
20137
20125
20112
20125
20112
20100
20112
20100
20087
20100
20112
20125
20137
20150
20137
20150
20137
20125
20112
20100
20087
20075
20062
20050
20037
20025
20012
20000
19987
19975
19975
19975
20000
20000
20025
20012
20025
20012
20025
20012
20000
19962
19950
19900
19875
19875
19875
19875
19887
19900
19887
19900
19887
19900
19887
19900
19912
19925
19937
19975
19987
19975
19987
20000
19987
20000
20012
20025
20037
20050
20062
20075
20087
20100
20137
20150
20187
20200
20212
20225
20237
20250
20287
20337
20387
20437
20500
20550
20600
20650
20700
20737
20762
20800
20812
20850
20887
20900
20912
20925
20912
20900
20887
20850
20837
20825
20787
20775
20750
20737
20712
20687
20662
20650
20637
20625
20612
20600
20612
20600
20612
20625
20637
20650
20662
20675
20687
20700
20712
20725
20737
20750
20762
20750
20762
20750
20762
20750
20762
20750
20762
20737
20737
20737
20725
20712
20712
20712
20712
20725
20737
20750
20762
20750
20762
20750
20762
20750
20762
20750
20762
20762
20800
20812
20850
20862
20875
20862
20875
20887
20900
20912
20925
20937
20950
20962
20975
20987
21000
21012
21025
21037
21050
21062
21050
21062
21050
21062
21050
21062
21050
21037
21025
21012
21000
20987
21000
20987
20975
20962
20950
20937
20925
20912
20900
20912
20900
20912
20925
20937
20925
20937
20925
20937
20925
20937
20925
20912
20900
20887
20875
20862
20850
20837
20825
20812
20800
20787
20775
20762
20762
20750
20762
20750
20762
20750
20762
20750
20762
20750
20762
20750
20737
20725
20712
20700
20687
20675
20675
20675
20675
20675
20700
20687
20700
20687
20675
20662
20650
20637
20625
20637
20625
20612
20600
20612
20587
20587
20587
20587
20587
20600
20612
20650
20662
20675
20712
20725
20737
20750
20762
20750
20762
20762
20775
20787
20825
20862
20875
20912
20950
20987
21025
21062
21112
21137
21162
21187
21212
21225
21237
21250
21237
21250
21237
21225
21187
21175
21137
21125
21112
21125
21112
21125
21112
21125
21112
21137
21137
21137
21137
21137
21125
21112
21125
21112
21100
21087
21075
21062
21050
21062
21050
21062
21075
21087
21100
21112
21125
21112
21125
21112
21125
21137
21150
21137
21150
21137
21125
21112
21125
21112
21125
21112
21125
21112
21125
21112
21125
21112
21100
21087
21075
21062
21050
21062
21050
21062
21050
21062
21050
21062
21050
21037
21025
21012
21000
20987
21000
20987
21000
20987
21000
20987
21000
20987
21000
20987
21000
20987
21012
21000
21012
21000
21012
20987
21000
20987
21000
20987
20975
20962
20950
20937
20925
20937
20925
20937
20925
20912
20900
20912
20900
20912
20950
20962
20975
20987
21000
21012
21025
21037
21050
21037
21025
21012
21000
20987
20975
20975
20975
20975
20975
21000
20987
21000
20987
21000
20975
20975
20975
20975
20975
20987
21000
20987
21000
21012
21050
21087
21150
21187
21225
21262
21275
21287
21312
21325
21337
21350
21362
21350
21337
21325
21312
21312
21300
21287
21275
21262
21250
21237
21250
21262
21275
21262
21275
21262
21250
21237
21250
21237
21250
21225
21225
21225
21225
21200
21212
21200
21187
21175
21187
21175
21162
21150
21162
21150
21162
21175
21187
21200
21212
21225
21237
21225
21212
21200
21187
21175
21200
21200
21225
21225
21250
21262
21275
21287
21300
21287
21275
21287
21275
21262
21275
21262
21250
21237
21250
21237
21250
21237
21250
21237
21250
21237
21250
21237
21250
21262
21275
21287
21312
21325
21337
21350
21375
21375
21400
21400
21425
21412
21425
21437
21450
21462
21475
21487
21475
21487
21475
21487
21475
21500
21500
21525
21525
21525
21512
21525
21512
21525
21537
21550
21537
21550
21537
21550
21537
21550
21537
21525
21512
21500
21487
21475
21462
21450
21437
21437
21437
21462
21487
21512
21525
21537
21550
21562
21575
21587
21625
21662
21675
21712
21725
21737
21725
21750
21750
21775
21787
21812
21800
21812
21800
21775
21737
21737
21712
21687
21687
21687
21675
21662
21650
21637
21625
21612
21600
21612
21600
21587
21575
21562
21550
21537
21550
21562
21575
21587
21625
21637
21650
21662
21675
21662
21675
21662
21650
21637
21650
21637
21625
21637
21625
21587
21575
21562
21550
21537
21525
21512
21500
21487
21475
21487
21475
21487
21475
21487
21475
21487
21475
21487
21500
21512
21525
21537
21550
21537
21525
21487
21475
21462
21450
21462
21475
21487
21500
21537
21550
21587
21600
21612
21600
21612
21600
21612
21600
21587
21575
21562
21550
21537
21550
21537
21550
21537
21550
21537
21550
21537
21550
21537
21550
21537
21550
21537
21550
21537
21525
21512
21500
21487
21475
21487
21475
21487
21475
21487
21500
21512
21525
21562
21600
21612
21650
21687
21725
21750
21787
21825
21837
21850
21837
21850
21837
21862
21862
21887
21875
21887
21862
21837
21812
21800
21800
21787
21800
21787
21800
21787
21800
21787
21800
21800
21812
21825
21837
21850
21837
21850
21837
21850
21825
21800
21775
21750
21712
21700
21687
21675
21687
21700
21712
21725
21737
21725
21737
21750
21762
21775
21787
21800
21787
21800
21800
21800
21800
21800
21775
21775
21775
21750
21750
21750
21737
21725
21712
21700
21687
21675
21662
21675
21662
21675
21662
21650
21637
21625
21612
21600
21612
21587
21587
21562
21562
21537
21550
21537
21525
21512
21500
21487
21475
21487
21475
21487
21500
21512
21525
21525
21525
21500
21512
21500
21525
21525
21550
21537
21525
21512
21500
21487
21475
21487
21500
21512
21525
21537
21550
21537
21550
21537
21550
21537
21550
21537
21550
21537
21550
21537
21550
21537
21550
21537
21550
21537
21550
21537
21550
21537
21550
21537
21550
21537
21550
21537
21550
21562
21575
21587
21625
21637
21650
21687
21700
21712
21725
21737
21750
21775
21787
21825
21862
21875
21887
21925
21937
21950
21962
21987
21987
22012
22000
22012
22012
22012
21987
22000
21987
21975
21962
21975
21962
21975
21962
21975
21962
21950
21950
21950
21925
21925
21925
21912
21900
21887
21875
21887
21875
21862
21875
21862
21850
21837
21825
21812
21800
21800
21787
21800
21787
21800
21787
21800
21800
21812
21825
21837
21825
21812
21800
21800
21787
21775
21762
21750
21737
21725
21737
21725
21712
21700
21687
21675
21662
21675
21662
21650
21637
21625
21612
21600
21612
21600
21612
21600
21612
21600
21612
21625
21662
21675
21712
21725
21737
21725
21737
21725
21712
21700
21687
21675
21662
21675
21662
21675
21662
21675
21662
21650
21637
21650
21637
21650
21687
21700
21712
21725
21737
21725
21737
21712
21712
21687
21687
21662
21675
21662
21675
21662
21650
21637
21625
21612
21600
21612
21600
21612
21600
21612
21600
21612
21600
21612
21600
21612
21625
21637
21625
21637
21625
21612
21600
21612
21600
21612
21600
21612
21600
21625
21625
21650
21675
21725
21750
21812
21850
21887
21925
21937
21950
21987
21987
21987
21987
21987
21962
21975
21962
21975
21962
21950
21937
21925
21912
21900
21912
21900
21912
21900
21912
21900
21912
21900
21887
21875
21862
21825
21812
21800
21775
21762
21750
21737
21750
21762
21775
21787
21800
21787
21800
21800
21800
21812
21825
21837
21825
21825
21812
21800
21800
21787
21800
21787
21775
21762
21750
21737
21725
21737
21725
21737
21725
21737
21725
21737
21725
21737
21725
21737
21725
21712
21700
21687
21650
21612
21600
21550
21525
21500
21475
21450
21437
21400
21387
21375
21337
21325
21337
21350
21362
21400
21437
21450
21462
21500
21512
21525
21537
21550
21537
21525
21487
21475
21437
21425
21412
21425
21412
21425
21412
21425
21437
21450
21462
21500
21512
21525
21537
21550
21537
21550
21562
21575
21562
21550
21537
21500
21462
21425
21412
21375
21362
21375
21412
21450
21487
21525
21562
21600
21637
21700
21737
21775
21800
21812
21825
21837
21850
21837
21850
21837
21850
21837
21850
21837
21850
21837
21850
21837
21850
21837
21850
21837
21825
21787
21775
21750
21737
21725
21737
21725
21737
21725
21737
21725
21712
21700
21687
21675
21687
21700
21712
21725
21737
21750
21762
21775
21787
21800
21787
21800
21787
21800
21787
21800
21787
21800
21787
21800
21787
21775
21762
21775
21762
21775
21787
21800
21787
21800
21800
21812
21825
21837
21850
21837
21850
21837
21850
21837
21850
21837
21850
21837
21850
21837
21850
21837
21850
21837
21850
21837
21850
21837
21850
21837
21850
21862
21875
21887
21900
21887
21875
21862
21850
21837
21850
21862
21875
21887
21925
21937
21950
21962
21975
21987
22000
21987
22000
21987
21975
21987
22000
22012
22025
22037
22025
22037
22025
22037
22025
22037
22025
22037
22025
22037
22025
22037
22012
22025
22012
22025
22037
22062
22087
22112
22137
22162
22187
22200
22237
22250
22262
22300
22325
22337
22375
22387
22400
22412
22425
22437
22450
22462
22475
22487
22500
22512
22525
22512
22525
22512
22525
22512
22525
22512
22500
22487
22475
22462
22450
22462
22450
22462
22450
22462
22450
22462
22450
22437
22400
22387
22350
22325
22312
22300
22287
22275
22262
22250
22262
22250
22262
22275
22287
22275
22287
22275
22287
22275
22287
22275
22262
22250
22237
22225
22212
22200
22187
22175
22162
22150
22137
22125
22137
22125
22112
22125
22112
22100
22087
22100
22087
22075
22062
22050
22037
22025
22037
22025
22037
22025
22037
22025
22037
22025
22012
22000
21987
21987
21987
22012
22012
22037
22025
22037
22025
22037
22050
22062
22050
22062
22050
22012
22000
21987
21975
21962
21937
21925
21912
21875
21862
21862
21850
21837
21850
21837
21850
21837
21850
21837
21850
21837
21850
21837
21850
21862
21900
21912
21950
21987
22025
22037
22075
22112
22125
22137
22175
22212
22225
22237
22250
22262
22250
22237
22250
22237
22225
22212
22225
22237
22250
22262
22275
22287
22275
22287
22275
22262
22250
22237
22200
22187
22175
22137
22125
22112
22100
22087
22100
22087
22100
22087
22100
22112
22112
22125
22137
22125
22125
22137
22137
22137
22137
22125
22112
22100
22075
22075
22050
22050
22025
22037
22025
22037
22025
22037
22025
22037
22025
22037
22025
22037
22025
22037
22025
22012
22000
21987
21975
21962
21950
21937
21925
21887
21875
21862
21850
21862
21875
21887
21900
21912
21900
21912
21900
21912
21900
21887
21850
21837
21800
21800
21787
21800
21787
21800
21787
21800
21787
21800
21800
21812
21825
21837
21850
21837
21850
21837
21825
21812
21800
21775
21762
21750
21737
21725
21712
21700
21687
21675
21662
21675
21687
21725
21737
21775
21800
21837
21875
21912
21950
21987
22000
22012
22025
22037
22050
