t = 60.000000, p = 274.000000
10225
10162
10100
10037
9975
9912
9875
9837
9837
9837
9850
9837
9850
9837
9837
9825
9837
9825
9837
9825
9812
9800
9787
9775
9762
9750
9712
9700
9662
9650
9637
9650
9637
9650
9637
9625
9612
9600
9562
9550
9537
9525
9512
9500
9487
9475
9437
9425
9412
9400
9387
9375
9362
9350
9350
9337
9350
9337
9350
9337
9325
9312
9300
9287
9275
9287
9275
9262
9250
9237
9225
9212
9225
9212
9225
9200
9200
9200
9187
9175
9175
9150
9125
9112
9100
9087
9100
9112
9125
9112
9125
9112
9075
9062
9050
9012
9000
8987
8975
8962
8975
8962
8975
8962
8975
8962
8950
8937
8925
8912
8900
8912
8900
8912
8900
8912
8900
8912
8900
8912
8900
8912
8900
8887
8875
8862
8850
8837
8850
8825
8837
8825
8837
8825
8850
8837
8825
8812
8800
8800
8787
8800
8800
8837
8887
8962
9037
9125
9212
9275
9362
9462
9550
9637
9725
9800
9875
9962
10050
10137
10212
10287
10362
10437
10512
10587
10650
10712
10775
10825
10875
10900
10925
10912
10925
10912
10925
10912
10900
10862
10850
10825
10812
10800
10787
10775
10762
10725
10712
10700
10662
10650
10637
10600
10562
10512
10437
10387
10325
10275
10225
10175
10100
10062
10025
9987
9975
9962
9950
9937
9950
9937
9950
9937
9950
9937
9950
9937
9950
9937
9950
9937
9925
9912
9900
9862
9850
9837
9837
9825
9812
9800
9787
9750
9712
9700
9662
9625
9587
9550
9512
9475
9462
9450
9437
9425
9412
9400
9387
9375
9362
9350
9325
9312
9300
9287
9275
9287
9275
9287
9275
9287
9275
9262
9250
9237
9225
9212
9225
9212
9225
9212
9200
9187
9175
9162
9150
9162
9137
9137
9112
9112
9087
9100
9087
9075
9062
9050
9037
9025
9012
9000
8987
8975
8962
8950
8937
8925
8887
8875
8862
8862
8887
8937
8987
9062
9125
9187
9250
9300
9362
9425
9500
9575
9662
9737
9825
9900
9987
10062
10137
10225
10300
10375
10450
10525
10562
10612
10662
10687
10712
10762
10775
10787
10825
10837
10850
10862
10875
10862
10875
10862
10850
10837
10825
10787
10775
10762
10725
10712
10700
10662
10650
10637
10600
10562
10525
10462
10425
10387
10362
10325
10312
10275
10237
10200
10162
10100
10062
10025
9987
9950
9912
9850
9812
9787
9775
9762
9775
9762
9775
9762
9775
9762
9787
9787
9787
9787
9787
9775
9762
9750
9737
9725
9687
9675
9662
9625
9587
9575
9537
9500
9487
9475
9437
9425
9412
9375
9362
9350
9325
9312
9300
9287
9275
9287
9275
9287
9275
9262
9250
9237
9225
9212
9200
9187
9175
9162
9150
9162
9150
9137
9125
9112
9100
9087
9100
9087
9075
9062
9050
9012
9000
8987
8950
8937
8925
8912
8925
8937
8925
8937
8925
8887
8875
8862
8850
8837
8850
8837
8850
8837
8850
8837
8825
8812
8800
8800
8787
8775
8762
8750
8737
8725
8712
8700
8712
8700
8712
8725
8737
8750
8775
8812
8875
8950
9025
9112
9200
9287
9375
9475
9562
9650
9725
9800
9900
10000
10112
10225
10312
10387
10462
10525
10587
10650
10687
10725
10762
10775
10787
10800
10812
10800
10787
10775
10750
10725
10700
10700
10675
10662
10650
10625
10600
10575
10575
10537
10537
10512
10487
10425
10400
10337
10312
10275
10250
10200
10162
10100
10062
10012
9962
9912
9862
9787
9762
9725
9712
9700
9712
9700
9712
9700
9712
9700
9712
9700
9687
9650
9612
9575
9537
9525
9512
9500
9462
9450
9412
9375
9362
9350
9325
9312
9300
9287
9275
9262
9250
9237
9225
9212
9225
9212
9200
9187
9175
9137
9125
9112
9100
9087
9100
9087
9100
9087
9075
9062
9050
9037
9025
9012
9000
8987
8975
8950
8950
8925
8925
8900
8912
8900
8912
8900
8887
8875
8862
8825
8787
8787
8762
8750
8737
8750
8725
8737
8725
8737
8725
8737
8725
8737
8750
8775
8812
8850
8887
8900
8912
8900
8887
8887
8875
8862
8850
8862
8837
8850
8862
8900
8937
9000
9062
9125
9187
9250
9325
9412
9500
9587
9662
9737
9787
9850
9925
10000
10075
10150
10225
10287
10337
10400
10462
10525
10587
10650
10687
10737
10762
10787
10812
10837
10825
10837
10825
10812
10800
10812
10800
10787
10775
10762
10750
10737
10725
10687
10675
10637
10600
10562
10550
10512
10475
10437
10387
10337
10300
10250
10200
10162
10100
10062
10025
9987
9950
9912
9850
9812
9787
9775
9762
9775
9762
9775
9762
9775
9762
9775
9762
9775
9762
9775
9762
9775
9762
9750
9712
9712
9687
9662
9662
9662
9625
9612
9600
9587
9575
9562
9550
9537
9525
9512
9500
9487
9475
9462
9450
9462
9437
9437
9412
9412
9387
9375
9362
9350
9350
9325
9325
9300
9300
9275
9262
9250
9237
9225
9212
9225
9212
9225
9212
9200
9187
9175
9137
9125
9112
9100
9087
9100
9087
9075
9062
9050
9037
9025
9037
9025
9012
9000
8987
8975
8962
8975
8962
8950
8950
8950
8925
8900
8900
8887
8875
8887
8900
8912
8887
8887
8862
8862
8837
8850
8837
8850
8837
8850
8837
8825
8825
8812
8800
8787
8800
8787
8800
8787
8775
8762
8775
8762
8775
8825
8875
8937
9025
9100
9175
9250
9312
9387
9462
9537
9612
9675
9737
9812
9887
9962
10037
10100
10162
10225
10287
10337
10400
10475
10550
10625
10700
10750
10800
10825
10825
10825
10825
10812
10800
10812
10800
10812
10800
10812
10800
10787
10775
10762
10750
10737
10750
10737
10725
10712
10700
10662
10625
10587
10550
10512
10475
10437
10400
10325
10262
10187
10112
10037
9975
9912
9875
9837
9812
9800
9812
9800
9812
9825
9837
9825
9837
9825
9812
9812
9812
9787
9787
9787
9775
9762
9750
9737
9725
9687
9675
9662
9650
9625
9625
9600
9600
9575
9562
9550
9537
9500
9462
9450
9412
9400
9387
9375
9362
9350
9350
9337
9325
9312
9300
9287
9275
9287
9275
9262
9250
9262
9250
9237
9250
9237
9200
9187
9175
9162
9150
9162
9150
9137
9125
9112
9100
9087
9100
9087
9075
9062
9050
9037
9025
9037
9025
9037
9025
9012
9000
8987
8975
8962
8950
8937
8925
8912
8900
8887
8875
8862
8850
8837
8850
8825
8825
8825
8825
8800
8812
8800
8800
8787
8800
8787
8800
8787
8800
8787
8775
8762
8750
8737
8750
8762
8775
8800
8837
8875
8937
9000
9062
9125
9200
9262
9337
9412
9487
9550
9612
9675
9737
9812
9900
9987
10075
10150
10225
10287
10362
10437
10512
10587
10650
10712
10750
10787
10800
10787
10775
10762
10750
10737
10725
10712
10700
10662
10650
10637
10625
10612
10600
10562
10525
10487
10450
10412
10375
10337
10312
10275
10237
10200
10162
10100
10037
10000
9962
9925
9887
9850
9812
9787
9775
9762
9775
9762
9775
9762
9775
9762
9775
9762
9775
9787
9800
9787
9800
9787
9775
9762
9750
9737
9725
9712
9700
9687
9675
9662
9650
9637
9650
9637
9625
9587
9575
9537
9525
9512
9500
9487
9475
9437
9425
9412
9375
9362
9350
9350
9337
9350
9337
9350
9337
9350
9337
9350
9337
9350
9337
9350
9337
9350
9337
9350
9337
9325
9312
9300
9262
9250
9237
9225
9237
9250
9262
9275
9287
9275
9287
9275
9287
9275
9287
9275
9262
9250
9237
9225
9212
9225
9212
9200
9187
9175
9162
9150
9162
9150
9162
9137
9137
9137
9125
9112
9112
9112
9087
9075
9075
9075
9075
9075
9100
9075
9075
9050
9050
9025
9037
9025
9037
9025
9037
9025
9037
9025
9037
9025
9037
9050
9062
9087
9137
9187
9237
9337
9425
9512
9612
9700
9787
9887
9987
10087
10175
10262
10350
10437
10525
10612
10662
10712
10775
10812
10862
10937
10987
11025
11037
11050
11037
11025
11012
11000
10962
10950
10937
10925
10912
10925
10912
10900
10862
10825
10775
10737
10700
10687
10675
10662
10650
10637
10600
10562
10525
10462
10400
10337
10287
10225
10162
10125
10087
10075
10062
10050
10012
10000
9987
10000
10037
10075
10087
10100
10087
10075
10062
10075
10062
10050
10012
10000
9962
9925
9912
9900
9862
9850
9837
9837
9825
9812
9775
9762
9725
9712
9700
9712
9700
9712
9700
9712
9700
9712
9700
9687
9675
9662
9650
9662
9662
9662
9662
9662
9637
9650
9637
9650
9637
9650
9637
9650
9637
9650
9637
9650
9637
9625
9612
9600
9600
9600
9600
9600
9600
9587
9575
9562
9550
9537
9525
9512
9525
9512
9525
9512
9525
9512
9525
9512
9525
9512
9525
9512
9525
9512
9500
9500
9500
9475
9475
9475
9462
9450
9462
9450
9462
9450
9462
9475
9487
9500
9537
9575
9612
9675
9737
9800
9875
9962
10050
10137
10212
10287
10337
10400
10475
10550
10625
10700
10775
10825
10887
10950
11025
11100
11175
11250
11325
11362
11400
11412
11400
11362
11325
11287
11250
11212
11200
11187
11175
11162
11150
11137
11125
11087
11075
11062
11012
10987
10962
10912
10862
10825
10775
10712
10650
10587
10525
10487
10450
10412
10375
10337
10312
10275
10237
10237
10237
10212
10212
10237
10225
10212
10225
10237
10225
10237
10250
10237
10225
10212
10200
10187
10200
10187
10200
10187
10175
10137
10100
10062
10025
9987
9975
9962
9925
9887
9875
9837
9837
9825
9812
9775
9762
9725
9687
9675
9662
9650
9637
9650
9637
9625
9612
9600
9562
9550
9537
9525
9512
9500
9487
9475
9462
9450
9462
9450
9462
9450
9462
9450
9462
9450
9437
9425
9412
9400
9387
9375
9362
9350
9350
9337
9325
9312
9300
9287
9275
9287
9275
9287
9275
9287
9275
9287
9275
9262
9250
9237
9200
9187
9175
9162
9150
9137
9125
9137
9125
9112
9125
9100
9075
9075
9075
9075
9112
9150
9187
9250
9300
9362
9425
9500
9600
9687
9787
9887
9975
10050
10125
10200
10275
10362
10437
10512
10587
10650
10712
10775
10812
10850
10900
10950
10975
11025
11037
11025
11012
11000
10962
10950
10937
10900
10862
10850
10825
10812
10800
10787
10775
10762
10725
10687
10650
10587
10525
10462
10400
10337
10287
10225
10162
10125
10087
10050
10037
10025
9987
9975
9962
9950
9937
9950
9937
9950
9937
9950
9937
9950
9937
9950
9937
9950
9937
9950
9937
9950
9937
9950
9937
9925
9912
9900
9862
9850
9837
9837
9825
9812
9775
9762
9725
9712
9700
9687
9675
9662
9650
9637
9625
9587
9550
9512
9475
9437
9425
9412
9400
9387
9400
9387
9400
9387
9400
9387
9400
9387
9375
9362
9350
9350
9337
9325
9312
9300
9287
9275
9287
9275
9287
9275
9262
9250
9237
9225
9212
9200
9187
9175
9162
9150
9137
9125
9112
9075
9062
9050
9037
9025
9037
9025
9012
9000
8987
8975
8962
8975
8962
8975
8962
8975
8962
8975
8962
8975
8962
8950
8937
8925
8887
8875
8862
8850
8862
8875
8887
8925
8962
9000
9062
9125
9187
9250
9300
9362
9425
9487
9562
9637
9712
9775
9850
9912
10000
10087
10175
10262
10337
10400
10462
10525
10587
10650
10712
10775
10825
10887
10925
10962
10975
10987
10975
10962
10950
10937
10925
10912
10900
10887
10875
10875
10862
10850
10812
10775
10737
10700
10662
10650
10637
10600
10587
10575
10537
10500
10462
10400
10337
10287
10225
10162
10100
10037
9975
9937
9900
9887
9875
9887
9875
9862
9850
9837
9837
9837
9850
9862
9875
9862
9850
9837
9812
9812
9800
9787
9775
9762
9737
9725
9687
9675
9662
9625
9612
9600
9562
9525
9512
9475
9462
9450
9437
9400
9387
9350
9350
9337
9350
9337
9350
9337
9350
9337
9325
9312
9300
9287
9275
9262
9250
9237
9225
9212
9225
9212
9200
9162
9162
9137
9112
9112
9112
9100
9087
9075
9062
9050
9012
9000
8987
8975
8962
8975
8962
8975
8950
8950
8925
8925
8900
8912
8900
8912
8900
8887
8875
8862
8850
8837
8850
8837
8850
8825
8825
8800
8800
8787
8800
8787
8800
8787
8775
8762
8750
8737
8750
8762
8775
8800
8837
8875
8950
9025
9100
9175
9250
9325
9412
9500
9587
9675
9750
9825
9912
10000
10075
10150
10225
10287
10362
10437
10512
10587
10625
10662
10700
10737
10750
10787
10825
10837
10850
10862
10875
10862
10850
10837
10825
10787
10775
10762
10750
10737
10725
10712
10700
10687
10662
10662
10637
10612
10587
10562
10537
10512
10487
10437
10400
10337
10287
10225
10162
10100
10037
9975
9912
9850
9787
9762
9725
9712
9700
9712
9700
9712
9700
9712
9700
9712
9700
9712
9700
9687
9675
9662
9650
9637
9625
9587
9550
9487
9450
9412
9375
9337
9325
9300
9287
9275
9287
9275
9262
9250
9237
9225
9212
9225
9212
9200
9187
9175
9137
9100
9087
9050
9037
9025
9012
9000
8987
8975
8962
8975
8962
8950
8950
8950
8950
8950
8975
8962
8950
8937
8925
8912
8900
8912
8900
8887
8850
8837
8800
8800
8787
8800
8787
8775
8762
8750
8737
8725
8737
8725
8737
8725
8737
8725
8737
8725
8737
8725
8737
8750
8762
8775
8787
8800
8787
8800
8787
8800
8787
8800
8787
8800
8787
8800
8775
8775
8750
8750
8725
8737
8750
8762
8775
8787
8775
8762
8750
8737
8712
8725
8712
8700
8662
8637
8600
8587
8562
8562
8562
8562
8537
8550
8537
8550
8537
8525
8512
8500
8462
8450
8437
8425
8412
8400
8387
8375
8362
8350
8362
8350
8337
8325
8312
8300
8287
8275
8262
8250
8250
8237
8250
8237
8250
8237
8250
8225
8225
8225
8225
8225
8237
8250
8237
8250
8237
8250
8237
8250
8237
8225
8225
8225
8200
8200
8225
8212
8225
8237
8250
8237
8250
8237
8225
8212
8200
8162
8150
8137
8125
8112
8125
8112
8100
8087
8075
8062
8050
8062
8050
8062
8050
8062
8050
8062
8075
8087
8075
8087
8075
8062
8050
8062
8075
8112
8150
8200
8262
8337
8412
8500
8600
8687
8787
8887
8987
9075
9175
9250
9350
9450
9562
9662
9762
9862
9950
10025
10100
10175
10250
10312
10387
10462
10525
10587
10650
10712
10775
10825
10887
10925
10937
10950
10937
10925
10912
10900
10887
10875
10850
10837
10825
10787
10775
10762
10725
10687
10650
10587
10525
10487
10450
10412
10375
10337
10287
10225
10162
10100
10037
9975
9912
9850
9787
9762
9725
9687
9650
9612
9575
9537
9525
9512
9525
9512
9525
9512
9525
9512
9525
9512
9525
9512
9525
9512
9500
9487
9475
9462
9450
9462
9450
9437
9425
9412
9400
9387
9400
9387
9400
9387
9375
9362
9350
9325
9312
9300
9262
9250
9237
9225
9212
9200
9187
9175
9137
9125
9112
9075
9062
9050
9012
9000
8987
8975
8962
8950
8937
8925
8887
8875
8862
8850
8837
8850
8837
8850
8825
8825
8800
8800
8787
8800
8787
8800
8787
8775
8762
8750
8712
8700
8687
8675
8687
8700
8687
8700
8687
8650
8637
8625
8612
8600
8612
8600
8612
8600
8612
8600
8612
8600
8612
8600
8625
8625
8650
8650
8650
8637
8650
8637
8650
8650
8650
8650
8650
8650
8687
8725
8750
8812
8887
8962
9037
9112
9187
9250
9312
9400
9487
9575
9662
9737
9787
9850
9912
9975
10037
10100
10162
10225
10287
10337
10400
10437
10475
10512
10525
10512
10525
10512
10500
10487
10500
10487
10500
10487
10475
10462
10450
10412
10400
10387
10387
10375
10387
10375
10362
10325
10312
10275
10237
10200
10150
10075
10000
9925
9850
9787
9737
9675
9612
9550
9512
9475
9437
9400
9387
9350
9350
9337
9350
9337
9350
9337
9325
9312
9300
9287
9275
9262
9250
9237
9225
9212
9200
9187
9175
9137
9100
9087
9050
9012
9000
8987
8950
8937
8925
8887
8875
8862
8825
8812
8800
8775
8762
8750
8737
8750
8762
8750
8762
8750
8737
8725
8737
8725
8712
8700
8687
8675
8662
8650
8637
8625
8612
8600
8587
8575
8562
8550
8537
8525
8512
8500
8487
8475
8487
8475
8462
8425
8412
8375
8362
8350
8362
8350
8362
8350
8337
8325
8312
8300
8287
8300
8287
8300
8287
8300
8287
8300
8287
8300
8287
8300
8287
8300
8287
8300
8287
8300
8287
8275
8262
8250
8250
8237
8250
8237
8250
8237
8250
8237
8250
8250
8287
8325
8387
8450
8512
8587
8662
8737
8837
8937
9025
9112
9200
9262
9337
9412
9487
9562
9637
9712
9787
9875
9950
10025
10100
10137
10175
10212
10225
10237
10275
10287
10300
10312
10300
10287
10275
10237
10225
10212
10200
10187
10175
10162
10137
10087
10062
10025
9962
9912
9850
9787
9737
9675
9612
9562
9487
9425
9362
9325
9300
9287
9275
9287
9275
9262
9250
9262
9250
9262
9275
9287
9275
9287
9275
9262
9225
9212
9175
9162
9150
9137
9125
9112
9075
9062
9050
9037
9012
9012
8987
8987
8962
8950
8912
8900
8862
8850
8837
8825
8812
8800
8800
8787
8775
8737
8725
8687
8650
8612
8600
8562
8550
8537
8550
8537
8550
8537
8525
8512
8500
8487
8475
8487
8475
8487
8475
8487
8475
8462
8450
8437
8425
8412
8425
8412
8425
8412
8425
8412
8400
8387
8375
8362
8350
8362
8375
8387
8412
8437
8437
8437
8437
8425
8437
8475
8512
8575
8637
8700
8750
8812
8875
8937
9000
9075
9150
9225
9312
9400
9475
9550
9625
9700
9787
9875
9962
10037
10100
10162
10225
10287
10337
10375
10412
10450
10462
10450
10462
10450
10437
10425
10437
10425
10412
10400
10387
10387
10375
10362
10350
10337
10325
10312
10300
10287
10275
10262
10250
10237
10225
10212
10175
10137
10100
10025
9975
9925
9862
9800
9750
9687
9612
9575
9525
9500
9500
9500
9500
9512
9525
9512
9525
9512
9525
9512
9525
9537
9537
9537
9537
9537
9512
9525
9512
9500
9487
9475
9437
9400
9387
9350
9350
9337
9325
9312
9300
9262
9250
9262
9250
9237
9250
9262
9250
9262
9275
9287
9275
9287
9275
9287
9275
9287
9275
9287
9275
9262
9250
9237
9200
9187
9200
9187
9175
9200
9200
9200
9200
9225
9212
9225
9212
9225
9212
9200
9187
9175
9162
9150
9137
9125
9112
9100
9075
9075
9050
9050
9025
9037
9025
9037
9025
9037
9050
9062
9050
9062
9075
9062
9050
9062
9050
9037
9025
9037
9025
9037
9012
9012
8987
8962
8937
8925
8887
8875
8862
8862
8862
8862
8862
8887
8875
8887
8925
8962
9000
9075
9150
9225
9325
9425
9512
9612
9700
9762
9837
9925
10000
10075
10162
10250
10312
10400
10487
10562
10637
10712
10775
10825
10862
10900
10912
10925
10912
10925
10912
10900
10862
10850
10825
10787
10750
10737
10687
10662
10637
10612
10562
10525
10462
10400
10337
10287
10225
10162
10100
10037
10000
9962
9925
9887
9875
9837
9812
9800
9787
9775
9762
9775
9762
9775
9762
9775
9762
9775
9762
9775
9762
9787
9787
9787
9762
9762
9725
9712
9687
9662
9612
9587
9537
9500
9462
9425
9387
9350
9325
9312
9300
9262
9250
9262
9237
9237
9237
9212
9187
9175
9162
9150
9137
9125
9112
9100
9087
9100
9087
9100
9087
9100
9087
9100
9087
9075
9062
9050
9037
9025
9037
9025
9012
9000
8987
8975
8962
8975
8962
8950
8937
8925
8912
8900
8912
8900
8887
8875
8887
8875
8887
8900
8887
8875
8862
8825
8812
8787
8787
8775
8787
8775
8800
8787
8800
8787
8800
8787
8800
8787
8800
8800
8837
8875
8937
9000
9062
9125
9200
9262
9350
9437
9537
9625
9712
9775
9850
9912
9975
10037
10112
10187
10262
10325
10400
10462
10525
10587
10650
10687
10725
10762
10775
10762
10775
10762
10750
10737
10725
10712
10700
10662
10650
10637
10625
10612
10600
10587
10575
10537
10500
10487
10450
10437
10425
10412
10375
10337
10287
10225
10162
10100
10037
9975
9912
9850
9812
9787
9750
9737
9725
9687
9687
9687
9687
9687
9712
9700
9712
9700
9712
9700
9712
9700
9712
9700
9687
9675
9662
9650
9637
9650
9637
9650
9637
9625
9612
9600
9562
9525
9512
9475
9437
9425
9412
9400
9387
9400
9387
9375
9362
9350
9325
9312
9300
9262
9250
9237
9225
9212
9200
9187
9175
9137
9125
9112
9100
9087
9100
9087
9100
9087
9075
9062
9050
9012
9000
8987
8975
8987
9000
8987
9000
8987
8950
8937
8925
8887
8875
8887
8875
8862
8875
8862
8850
8837
8850
8837
8825
8812
8800
8800
8787
8800
8787
8800
8787
8800
8787
8800
8787
8800
8787
8775
8762
8750
8737
8725
8737
8725
8737
8725
8712
8700
8687
8650
8650
8650
8650
8675
8725
8750
8812
8875
8937
9000
9062
9125
9187
9250
9312
9387
9462
9550
9637
9712
9775
9850
9925
10000
10075
10150
10225
10287
10337
10400
10462
10525
10587
10650
10687
10700
10712
10700
10687
10675
10687
10675
10662
10650
10637
10600
10587
10575
10537
10525
10512
10475
10437
10400
10362
10337
10300
10262
10225
10162
10100
10037
9975
9912
9850
9775
9737
9712
9675
9662
9662
9637
9612
9625
9612
9625
9637
9650
9637
9650
9637
9625
9612
9600
9562
9525
9512
9475
9437
9425
9412
9400
9387
9400
9387
9375
9337
9325
9300
9262
9225
9212
9175
9162
9150
9137
9125
9112
9100
9087
9100
9087
9075
9062
9050
9012
9000
8987
8975
8962
8975
8950
8950
8925
8925
8900
8912
8900
8912
8900
8912
8900
8912
8900
8925
8925
8925
8925
8925
8912
8900
8912
8900
8912
8900
8887
8875
8862
8850
8837
8825
8812
8825
8812
8800
8812
8800
8800
8787
8775
8762
8750
8737
8725
8737
8725
8712
8712
8712
8687
8687
8687
8675
8662
8675
8662
8675
8662
8675
8662
8675
8662
8650
8637
8625
8612
8600
8612
8600
8587
8575
8562
8525
8512
8525
8512
8525
8575
8600
8637
8700
8762
8825
8912
8987
9062
9125
9187
9250
9325
9400
9475
9562
9612
9675
9737
9812
9875
9962
10037
10100
10162
10237
10300
10375
10425
10475
10512
10525
10537
10575
10587
10575
10587
10575
10537
10525
10512
10500
10487
10475
10462
10475
10462
10450
10462
10450
10412
10375
10362
10337
10300
10262
10250
10200
10150
10100
10050
9975
9912
9850
9787
9737
9675
9612
9575
9562
9550
9562
9575
9587
9575
9587
9575
9587
9575
9562
9550
9537
9525
9512
9525
9512
9500
9487
9475
9437
9425
9412
9375
9337
9325
9287
9262
9237
9237
9212
9225
9212
9225
9212
9200
9162
9150
9112
9100
9087
9075
9062
9050
9037
9025
9037
9025
9012
9000
8987
8950
8950
8950
8950
8950
8950
8937
8925
8912
8900
8912
8900
8912
8900
8887
8875
8862
8850
8837
8850
8837
8825
8812
8800
8800
8775
8775
8750
8750
8725
8737
8725
8737
8725
8712
8700
8687
8675
8662
8675
8662
8650
8650
8650
8650
8650
8650
8637
8625
8612
8600
8587
8575
8562
8550
8537
8525
8512
8500
8500
8525
8575
8625
8700
8750
8812
8875
8937
9012
9087
9162
9237
9300
9362
9437
9512
9587
9662
9737
9800
9875
9950
10025
10112
10187
10262
10325
10400
10462
10500
10537
10575
10587
10575
10587
10575
10562
10537
10537
10512
10512
10487
10475
10462
10450
10412
10375
10362
10337
10300
10262
10225
10187
10150
10112
10075
10037
9975
9912
9850
9787
9737
9675
9637
9600
9587
9575
9562
9550
9537
9525
9512
9525
9512
9500
9487
9500
9487
9475
9487
9462
9450
9437
9450
9437
9437
9425
9412
9375
9362
9325
9312
9287
9287
9262
9287
9275
9250
9225
9200
9175
9150
9162
9150
9137
9125
9112
9100
9087
9075
9062
9050
9012
9000
8987
8975
8950
8950
8925
8925
8900
8912
8900
8912
8900
8887
8875
8862
8850
8837
8850
8837
8825
8812
8800
8800
8787
8800
8775
8775
8750
8750
8725
8737
8725
8737
8725
8737
8725
8712
8700
8687
8675
8662
8650
8650
8650
8625
8625
8625
8612
8600
8625
8612
8625
8600
8600
8562
8562
8537
8550
8537
8550
8537
8525
8512
8500
8487
8475
8462
8450
8437
8425
8412
8425
8412
8425
8412
8425
8437
8450
8462
8500
8537
8575
8637
8700
8775
8862
8950
9050
9137
9225
9325
9400
9475
9550
9612
9662
9737
9787
9850
9912
9975
10037
10100
10162
10225
10287
10325
10362
10387
10400
10412
10425
10437
10425
10437
10425
10437
10425
10437
10425
10412
10375
10362
10337
10325
10312
10300
10287
10275
10237
10225
10212
10175
10137
10100
10037
9975
9937
9900
9862
9825
9787
9737
9700
9662
9625
9587
9550
9487
9450
9412
9400
9387
9400
9387
9375
9362
9350
9325
9312
9300
9262
9250
9237
9225
9212
9200
9187
9175
9137
9100
9087
9050
9037
9025
9037
9025
9012
9000
8987
8975
8962
8975
8962
8975
8962
8950
8937
8925
8912
8900
8887
8875
8862
8850
8837
8825
8812
8800
8775
8762
8750
8737
8725
8737
8725
8737
8725
8737
8725
8712
8700
8687
8675
8662
8675
8662
8675
8662
8675
8662
8650
8637
8625
8587
8575
8562
8550
8525
8525
8500
8500
8475
8462
8450
8437
8425
8412
8425
8412
8425
8412
8425
8412
8425
8412
8425
8437
8450
8462
8475
8487
8475
8487
8500
8512
8500
8512
8500
8487
8475
8487
8475
8487
8500
8550
8600
8675
8775
8875
8962
9050
9125
9187
9250
9325
9400
9475
9562
9637
9712
9800
9887
9962
10037
10100
10162
10225
10287
10337
10400
10462
10500
10537
10575
10587
10575
10587
10575
10562
10550
10537
10525
10512
10500
10487
10475
10462
10450
10412
10375
10337
10287
10225
10150
10075
10000
9925
9850
9787
9762
9725
9712
9700
9712
9700
9712
9687
9700
9687
9700
9687
9712
9700
9712
9700
9712
9700
9712
9700
9712
9700
9712
9700
9712
9700
9712
9700
9687
9675
9662
9650
9637
9650
9637
9650
9637
9625
9612
9600
9562
9550
9537
9500
9487
9475
9462
9450
9437
9400
9387
9350
9325
9312
9300
9287
9275
9287
9275
9287
9275
9287
9275
9287
9275
9262
9250
9237
9200
9187
9175
9162
9150
9162
9150
9162
9150
9162
9150
9137
9125
9112
9100
9087
9100
9087
9100
9087
9100
9087
9100
9087
9075
9062
9050
9012
9000
9012
9000
8987
9000
8987
8975
8962
8975
8950
8962
8950
8962
8950
8975
8962
8975
8962
8975
8950
8962
8950
8962
8975
9000
8987
9000
8987
8975
8962
8975
8962
8950
8937
8925
8912
8900
8912
8900
8912
8925
8962
9000
9062
9137
9212
9287
9375
9462
9537
9625
9700
9762
9837
9925
10000
10087
10175
10262
10325
10400
10462
10525
10587
10650
10712
10750
10787
10825
10837
10850
10862
10875
10862
10875
10862
10875
10850
10850
10825
10825
10800
10787
10750
10737
10700
10687
10675
10650
10625
10625
10587
10550
10550
10525
10475
10437
10387
10337
10300
10250
10200
10162
10100
10037
9975
9937
9900
9887
9862
9862
9862
9862
9862
9875
9887
9875
9887
9875
9887
9875
9887
9875
9862
9825
9812
9787
9750
9737
9712
9687
9662
9637
9587
9575
9537
9525
9512
9525
9512
9500
9487
9475
9462
9450
9437
9425
9400
9375
9350
9350
9337
9350
9337
9325
9312
9300
9287
9275
9287
9275
9262
9250
9237
9225
9212
9225
9212
9200
9187
9175
9162
9150
9162
9150
9162
9137
9137
9137
9125
9112
9112
9112
9087
9075
9062
9050
9037
9012
9012
8987
8987
8962
8975
8962
8975
8962
8950
8937
8925
8912
8900
8912
8900
8887
8875
8862
8850
8837
8825
8812
8800
8800
8787
8800
8800
8812
8825
8862
8900
8937
9012
9100
9187
9262
9362
9450
9525
9600
9675
9737
9812
9887
9962
10050
10125
10200
10275
10337
10412
10462
10512
10562
10612
10625
10675
10700
10725
10725
10725
10712
10700
10687
10675
10687
10675
10662
10650
10637
10600
10587
10575
10537
10525
10512
10475
10437
10425
10387
10362
10325
10287
10250
10212
10175
10137
10100
10037
9975
9912
9850
9812
9787
9750
9737
9725
9687
9675
9662
9650
9637
9650
9637
9650
9637
9625
9625
9625
9600
9612
9625
9600
9600
9600
9587
9575
9562
9550
9537
9525
9512
9500
9462
9450
9412
9375
9362
9350
9350
9337
9325
9312
9300
9262
9250
9237
9200
9187
9200
9187
9200
9200
9200
9175
9175
9150
9137
9125
9112
9100
9087
9075
9062
9050
9012
9000
8987
8975
8962
8975
8962
8975
8962
8975
8962
8975
8950
8950
8950
8950
8925
8950
8950
8925
8925
8925
8912
8900
8887
8875
8862
8850
8837
8850
8837
8850
8837
8825
8812
8800
8800
8787
8800
8787
8800
8787
8775
8762
8750
8712
8700
8712
8700
8687
8700
8687
8675
8662
8675
8687
8725
8762
8850
8937
9025
9112
9187
9250
9300
9362
9437
9512
9600
9687
9762
9850
9937
10025
10112
10200
10275
10337
10400
10462
10525
10587
10625
10662
10675
10687
10700
10712
10725
10737
10750
10737
10725
10712
10700
10662
10625
10587
10550
10512
10500
10487
10475
10437
10400
10325
10287
10237
10187
10137
10100
10037
9975
9912
9850
9787
9737
9700
9662
9650
9637
9650
9637
9650
9637
9650
9637
9625
9612
9600
9562
9525
9512
9475
9437
9425
9412
9400
9387
9375
9337
9300
9250
9212
9175
9162
9150
9137
9125
9112
9100
9087
9100
9087
9075
9037
9025
8987
8950
8937
8925
8912
8900
8912
8900
8912
8900
8912
8900
8887
8875
8862
8850
8837
8850
8837
8850
8837
8825
8812
8800
8800
8787
8800
8787
8800
8787
8775
8762
8750
8737
8725
8737
8725
8737
8725
8737
8725
8712
8700
8687
8650
8637
8625
8612
8600
8612
8600
8587
8575
8562
8550
8537
8550
8537
8550
8537
8550
8562
8612
8662
8725
8800
8875
8937
9000
9075
9150
9225
9312
9400
9475
9550
9612
9675
9737
9812
9900
9987
10087
10175
10262
10325
10400
10462
10525
10562
10600
10637
10650
10662
10675
10687
10675
10662
10650
10637
10625
10612
10600
10587
10575
10562
10550
10537
10500
10487
10450
10412
10375
10337
10287
10225
10162
10100
10037
9975
9912
9850
9812
9775
9725
9675
9650
9600
9562
9550
9537
9525
9512
9525
9512
9525
9537
9550
9537
9550
9537
9500
9487
9475
9462
9450
9437
9425
9412
9375
9362
9350
9350
9337
9325
9312
9300
9262
9250
9237
9225
9212
9200
9187
9175
9162
9150
9137
9125
9112
9075
9037
9025
8987
8975
8962
8975
8962
8950
8937
8925
8912
8900
8887
8875
8862
8825
8812
8800
8800
8787
8800
8787
8800
8787
8775
8762
8750
8737
8725
8712
8700
8675
8650
8625
8625
8587
8587
8562
8562
8537
8550
8537
8550
8537
8550
8537
8525
8512
8500
8487
8475
8487
8475
8487
8500
8512
8500
8512
8500
8487
8475
8487
8475
8487
8475
8487
8475
8462
8450
8462
8450
8462
8475
8487
8500
8537
8575
8637
8700
8750
8812
8887
8975
9062
9150
9237
9312
9387
9462
9537
9612
9687
9750
9825
9900
9975
10037
10100
10162
10225
10287
10337
10400
10437
10475
10487
10500
10487
10475
10437
10400
10337
10287
10250
10212
10175
10162
10150
10137
10125
10112
10100
10087
10050
10037
10025
9987
9950
9900
9850
9800
9762
9712
9675
9612
9550
9512
9475
9437
9400
9362
9300
9275
9237
9200
9162
9125
9062
9025
8987
8950
8937
8950
8925
8925
8925
8925
8900
8912
8900
8887
8875
8887
8875
8887
8900
8912
8900
8887
8850
8837
8800
8775
8762
8750
8737
8712
8687
8675
8650
8625
8612
8600
8575
8562
8525
8487
8487
8462
8462
8462
8462
8462
8450
8412
8400
8387
8337
8300
8287
8250
8225
8212
8200
8162
8150
8137
8100
8087
8075
8037
8025
8012
8000
7987
8000
7987
7975
7975
7975
7950
7950
7975
7962
7975
7987
8000
7987
8000
8012
8025
8012
8025
8037
8050
8050
8075
8100
8100
8100
8112
8125
8137
8150
8162
8175
8162
8150
8137
8125
8112
8125
8137
8150
8162
8175
8187
8175
8187
8200
8225
8237
8275
8312
8350
8400
8475
8550
8625
8700
8750
8812
8875
8950
9037
9125
9212
9287
9375
9450
9525
9600
9687
9762
9850
9937
10000
10050
10062
10050
10050
10050
10025
10000
10012
9987
9962
9962
9962
9950
9937
9925
9887
9875
9837
9812
9775
9762
9725
9687
9650
9612
9550
9487
9425
9362
9300
9250
9212
9175
9137
9100
9087
9050
9012
9000
8987
8975
8962
8975
8962
8975
8962
8950
8937
8925
8925
8925
8925
8925
8925
8912
8900
8912
8900
8887
8875
8862
8825
8812
8800
8800
8787
8775
8762
8750
8737
8725
8712
8700
8687
8675
8662
8675
8662
8675
8662
8675
8662
8675
8662
8675
8662
8675
8662
8650
8650
8650
8625
8625
8625
8612
8600
8612
8625
8637
8650
8662
8675
8662
8675
8662
8675
8662
8650
8637
8625
8612
8600
8612
8600
8612
8600
8612
8600
8587
8575
8562
8550
8537
8550
8537
8550
8537
8525
8512
8500
8462
8450
8437
8400
8362
8350
8312
8300
8287
8300
8312
8325
8337
8350
8362
8350
8362
8375
8412
8450
8512
8575
8650
8712
8787
8862
8950
9025
9112
9200
9287
9375
9462
9537
9612
9675
9737
9787
9850
9912
9975
10037
10075
10112
10150
10162
10150
10162
10150
10137
10150
10162
10175
10187
10200
10187
10200
10187
10200
10187
10200
10187
10200
10187
10175
10162
10150
10112
10075
10037
10000
9962
9925
9887
9850
9787
9737
9675
9612
9550
9512
9475
9437
9425
9412
9375
9362
9350
9350
9337
9350
9337
9350
9337
9350
9337
9350
9350
9362
9375
9387
9400
9387
9400
9387
9400
9387
9400
9387
9375
9362
9350
9350
9337
9350
9337
9350
9337
9325
9287
9275
9225
9200
9175
9175
9150
9137
9125
9112
9100
9087
9100
9087
9100
9087
9100
9087
9075
9062
9050
9037
9050
9062
9075
9087
9100
9087
9100
9087
9075
9037
9025
8987
8975
8987
9000
9012
9050
9100
9125
9150
9150
9150
9137
9125
9112
9100
9087
9050
9012
9000
9012
9000
8987
9000
8987
8975
8987
9000
9012
9025
9037
9025
9037
9025
9037
9025
9037
9025
9012
9000
9012
8987
8987
8987
8962
8912
8900
8862
8850
8837
8850
8837
8850
8837
8850
8837
8850
8862
8900
8937
9000
9062
9125
9187
9250
9325
9400
9487
9575
9650
9725
9787
9850
9912
9975
10050
10125
10200
10275
10337
10400
10437
10475
10487
10500
10487
10475
10462
10450
10437
10425
10437
10425
10412
10400
10387
10362
10350
10337
10300
10287
10275
10237
10200
10187
10150
10112
10075
10037
9975
9912
9850
9787
9737
9700
9650
9600
9550
9525
9475
9437
9425
9412
9400
9387
9375
9362
9375
9362
9350
9362
9350
9325
9312
9300
9287
9275
9287
9275
9262
9250
9237
9200
9187
9175
9162
9175
9187
9175
9187
9175
9162
9150
9137
9100
9087
9050
9037
9025
9037
9025
9012
9000
8987
8950
8937
8925
8887
8875
8862
8825
8812
8800
8775
8762
8750
8712
8700
8687
8675
8662
8675
8662
8675
8662
8650
8637
8625
8612
8600
8612
8600
8612
8600
8612
8600
8612
8600
8612
8587
8587
8562
8562
8537
8525
8512
8500
8487
8475
8487
8475
8487
8475
8487
8475
8487
8500
8537
8575
8637
8700
8750
8825
8900
8975
9062
9150
9225
9287
9362
9425
9487
9550
9612
9687
9750
9825
9900
9975
10037
10075
10112
10125
10137
10150
10162
10150
10137
10125
10075
10050
10025
10000
9975
9962
9950
9925
9925
9900
9875
9850
9837
9812
9775
9737
9675
9612
9550
9487
9425
9362
9300
9250
9212
9175
9137
9125
9112
9100
9087
9100
9087
9100
9087
9100
9087
9112
9112
9112
9112
9137
9125
9112
9100
9100
9100
9087
9100
9112
9112
9075
9075
9075
9075
9050
9037
9025
8987
8975
8950
8950
8925
8900
8875
8862
8850
8837
8850
8837
8825
8812
8800
8775
8762
8750
8712
8700
8687
8675
8650
8650
8625
8625
8600
8587
8575
8562
8525
8512
8500
8487
8475
8487
8475
8487
8475
8462
8450
8462
8450
8437
8450
8437
8425
8412
8425
8412
8400
8362
8350
8337
8325
8337
8350
8362
8350
8362
8350
8362
8350
8362
8350
8337
8325
8312
8275
8237
8237
8225
8225
8212
8225
8200
8200
8175
8187
8175
8187
8175
8162
8150
8162
8150
8162
8200
8225
8262
8325
8387
8450
8512
8575
8650
8712
8787
8862
8950
9025
9100
9187
9275
9362
9450
9537
9612
9675
9737
9787
9850
9912
9975
10012
10050
10062
10075
10087
10100
10087
10100
10087
10075
10062
10050
10037
10012
9987
9962
9962
9937
9925
9912
9900
9862
9825
9787
9737
9675
9612
9550
9487
9412
9362
9312
9275
9225
9187
9150
9112
9075
9037
9025
9012
9000
9012
9025
9037
9025
9037
9025
9037
9025
9012
9000
8987
8950
8937
8925
8887
8875
8850
8825
8800
8775
8762
8750
8737
8725
8712
8700
8687
8650
8637
8625
8612
8600
8612
8600
8587
8575
8562
8550
8537
8525
8512
8525
8512
8500
8512
8500
8487
8475
8462
8450
8437
8425
8412
8425
8412
8400
8387
8375
8362
8350
8362
8350
8337
8325
8312
8300
8287
8300
8287
8300
8287
8275
8262
8250
8250
8237
8250
8237
8225
8212
8200
8187
8175
8187
8175
8187
8175
8162
8150
8137
8125
8112
8100
8087
8100
8112
8150
8200
8262
8337
8425
8512
8612
8687
8750
8825
8900
8962
9050
9125
9187
9250
9300
9362
9425
9487
9550
9612
9675
9737
9787
9850
9912
9975
10012
10050
10087
10100
10112
10125
10137
10125
10137
10125
10112
10100
10087
10050
10037
10025
10012
10000
10012
10000
9987
9975
9962
9950
9937
9925
9912
9900
9862
9825
9787
9737
9675
9612
9537
9462
9387
9312
9250
9212
9175
9137
9100
9087
9050
9037
9025
9037
9025
9037
9025
9037
9025
9037
9025
9037
9025
9037
9025
9037
9025
9012
9000
8987
8975
8962
8950
8937
8925
8887
8875
8862
8825
8812
8800
8775
8762
8750
8737
8725
8712
8700
8687
8650
8637
8625
8587
8550
8537
8500
8462
8450
8437
8425
8412
8425
8412
8425
8412
8400
8387
8375
8362
8350
8362
8350
8362
8350
8362
8350
8362
8350
8337
8325
8312
8275
8262
8250
8250
8225
8225
8200
8200
8175
8187
8175
8187
8175
8162
8150
8137
8125
8112
8125
8112
8125
8112
8125
8112
8125
8112
8125
8112
8125
8112
8125
8112
8125
8112
8125
8112
8125
8112
8125
8112
8125
8112
8100
8087
8075
8062
8075
8087
8100
8137
8175
8212
8287
8362
8450
8537
8612
8687
8775
8850
8925
9012
9087
9162
9237
9300
9362
9425
9500
9575
9650
9725
9812
9887
9962
10012
10050
10062
10050
10037
10025
10012
10000
10012
10000
10012
10000
9987
9950
9912
9850
9787
9762
9712
9662
9612
9562
9487
9425
9362
9300
9275
9225
9200
9175
9150
9100
9087
9050
9037
9025
9037
9025
9037
9025
9037
9025
9037
9025
9037
9025
9012
9000
8987
8950
8912
8900
8862
8825
8812
8800
8775
8737
8737
8712
8687
8662
8662
8650
8637
8625
8612
8600
8562
8550
8525
8525
8525
8525
8500
8512
8500
8487
8475
8487
8475
8487
8462
8462
8462
8462
8437
8425
8412
8375
8337
8325
8312
8275
8275
8275
8250
8250
8250
8250
8237
8250
8237
8250
8237
8225
8212
8200
8187
8175
8187
8175
8187
8175
8162
8150
8137
8125
8137
8150
8137
8150
8137
8125
8100
8112
8100
8087
8087
8100
8075
8075
8075
8062
8050
8062
8050
8062
8050
8062
8050
8037
8025
8012
8000
7987
8000
7987
8000
7987
8000
8012
8050
8087
8150
8212
8287
8362
8437
8512
8575
8637
8700
8750
8812
8875
8937
9000
9062
9137
9187
9250
9300
9375
9437
9525
9612
9675
9725
9775
9812
9850
9887
9937
9962
9987
10012
10037
10025
10037
10025
10012
10000
10012
10000
9987
9975
9962
9950
9937
9925
9912
9900
9887
9875
9887
9875
9862
9825
9812
9787
9750
9737
9725
9687
9637
9587
9512
9437
9350
9300
9262
9212
9162
9125
9062
9000
8937
8900
8862
8850
8825
8825
8800
8800
8787
8775
8762
8750
8737
8712
8712
8712
8712
8712
8725
8712
8700
8687
8675
8650
8650
8650
8650
8650
8662
8650
8637
8625
8612
8600
8612
8587
8587
8562
8562
8537
8550
8537
8525
8512
8500
8462
8450
8437
8425
8412
8400
8387
8375
8362
8350
8337
8325
8312
8300
8287
8275
8262
8250
8250
8237
8250
8225
8225
8225
8225
8225
8225
8225
8225
8225
8200
8212
8200
8187
8175
8187
8175
8187
8175
8162
8150
8137
8125
8112
8125
8112
8125
8100
8100
8100
8100
8100
8112
8125
8112
8100
8062
8050
8037
8025
8037
8050
8062
8050
8062
8050
8037
8025
8012
7975
7962
7950
7912
7900
7887
7875
7862
7875
7887
7900
7912
7950
7987
8025
8087
8150
8200
8262
8325
8387
8450
8525
8600
8675
8737
8812
8875
8937
9000
9062
9125
9187
9250
9300
9375
9450
9525
9600
9675
9712
9762
9800
9825
9850
9900
9912
9900
9887
9875
9837
9837
9825
9837
9825
9812
9800
9787
9750
9712
9700
9662
9625
9612
9600
9562
9512
9462
9387
9312
9250
9187
9125
9062
9000
8962
8912
8900
8875
8875
8850
8862
8837
8850
8837
8850
8837
8850
8837
8850
8862
8875
8862
8875
8862
8850
8837
8825
8812
8800
8800
8787
8800
8787
8775
8762
8750
8712
8700
8687
8650
8637
8612
8587
8562
8562
8537
8550
8537
8525
8487
8475
8437
8400
8362
8350
8312
8300
8287
8262
8250
8225
8225
8212
8237
8225
8250
8237
8250
8237
8250
8237
8225
8212
8200
8187
8175
8187
8175
8162
8150
8137
8125
8112
8125
8112
8100
8087
8075
8062
8050
8037
8025
8012
8000
7987
8000
7987
8000
7987
7975
7962
7950
7937
7925
7937
7925
7937
7925
7937
7912
7912
7887
7887
7862
7875
7862
7850
7837
7825
7812
7800
7812
7800
7787
7775
7762
7762
7750
7762
7762
7800
7850
7900
7962
8025
8087
8137
8212
8300
8387
8475
8575
8662
8725
8800
8875
8937
9000
9062
9125
9187
9250
9300
9362
9425
9487
9525
9562
9600
9612
9625
9637
9650
9637
9625
9612
9600
9587
9575
9587
9575
9562
9550
9537
9500
9487
9475
9437
9400
9387
9350
9325
9287
9250
9187
9125
9062
9000
8962
8912
8862
8812
8762
8725
8687
8675
8662
8675
8687
8700
8712
8750
8762
8775
8787
8800
8787
8775
8762
8750
8737
8725
8737
8725
8737
8725
8712
8700
8687
8650
8637
8625
8612
8587
8587
8562
8562
8537
8525
8512
8487
8462
8437
8437
8412
8400
8387
8375
8362
8350
8362
8350
8362
8350
8362
8350
8362
8350
8362
8350
8362
8350
8362
8350
8337
8325
8312
8300
8287
8275
8262
8250
8250
8237
8250
8237
8250
8237
8225
8212
8200
8187
8175
8187
8175
8162
8150
8137
8125
8112
8125
8112
8125
8112
8100
8087
8075
8062
8050
8062
8050
8062
8050
8062
8050
8037
8025
8012
8000
7987
8000
7987
7975
7962
7975
7962
7950
7962
7950
7912
7900
7912
7925
7962
8025
8087
8150
8212
8287
8375
8462
8550
8637
8712
8787
8862
8937
9000
9062
9125
9200
9275
9362
9450
9537
9612
9675
9712
9750
9762
9787
9787
9787
9787
9787
9750
9737
9725
9712
9700
9712
9700
9687
9675
9662
9625
9587
9575
9537
9500
9462
9425
9362
9300
9250
9187
9125
9062
9025
8975
8925
8875
8825
8775
8750
8712
8700
8687
8675
8662
8675
8687
8700
8712
8725
8737
8725
8737
8725
8712
8700
8687
8675
8662
8650
8637
8625
8612
8600
8612
8600
8612
8600
8587
8575
8562
8525
8512
8500
8487
8475
8462
8450
8437
8425
8412
8400
8387
8375
8337
8325
8312
8300
8287
8300
8287
8300
8287
8300
8287
8275
8262
8250
8250
8237
8225
8225
8225
8200
8200
8200
8187
8175
8162
8150
8162
8150
8137
8162
8162
8162
8162
8162
8150
8137
8125
8112
8125
8112
8125
8137
8150
8137
8150
8137
8125
8112
8100
8087
8100
8087
8075
8087
8075
8037
8025
8037
8025
8012
8025
8012
7975
7962
7950
7937
7925
7912
7900
7887
7875
7862
7875
7862
7850
7837
7825
7812
7825
7862
7900
7962
8037
8112
8175
8262
8350
8425
8500
8575
8637
8700
8775
8850
8937
9025
9075
9137
9200
9250
9287
9362
9425
9462
9500
9537
9550
9562
9575
9587
9575
9587
9575
9562
9550
9537
9525
9512
9500
9487
9475
9462
9450
9437
9425
9412
9375
9337
9300
9237
9187
9137
9087
9037
9000
8937
8875
8812
8750
8700
8637
8600
8562
8550
8537
8550
8537
8550
8537
8550
8562
8575
8562
8575
8562
8550
8537
8550
8537
8550
8537
8550
8537
8525
8487
8475
8437
8425
8412
8400
8387
8375
8337
8325
8312
8300
8287
8275
8237
8225
8200
8162
8150
8137
8100
8062
8050
8012
8000
7987
8000
7975
7987
7975
7987
7975
7975
7962
7950
7937
7925
7937
7912
7912
7887
7887
7862
7850
7837
7850
7825
7825
7825
7825
7800
7812
7787
7787
7762
7762
7750
7762
7750
7762
7737
7737
7712
7712
7687
7700
7687
7700
7687
7700
7687
7700
7675
7675
7650
7650
7625
7637
7625
7637
7625
7637
7625
7637
7625
7637
7625
7637
7650
7687
7737
7812
7887
7962
8025
8087
8150
8200
8275
8350
8425
8500
8575
8637
8700
8762
8837
8912
8987
9062
9125
9187
9250
9300
9362
9400
9437
9450
9462
9450
9462
9450
9462
9450
9462
9450
9437
9400
9362
9300
9275
9237
9200
9187
9175
9137
9100
9062
9000
8937
8875
8800
8750
8712
8662
8612
8575
8537
8500
8462
8450
8462
8450
8437
8462
8462
8462
8462
8487
8462
8462
8437
8437
8412
8425
8412
8400
8387
8375
8337
8325
8312
8275
8275
8262
8250
8237
8225
8212
8200
8162
8150
8137
8125
8100
8112
8100
8087
8075
8075
8037
8000
7987
7950
7937
7925
7937
7925
7937
7925
7937
7925
7937
7925
7937
7925
7937
7925
7912
7900
7887
7875
7850
7850
7825
7825
7800
7812
7800
7812
7800
7812
7800
7787
7750
7750
7737
7712
7725
7737
7712
7712
7712
7700
7687
7700
7687
7675
7662
7650
7637
7625
7637
7625
7637
7625
7612
7600
7587
7575
7562
7575
7562
7550
7537
7525
7512
7500
7512
7500
7512
7525
7562
7600
7662
7725
7800
7887
7987
8087
8162
8250
8325
8400
8475
8550
8625
8700
8750
8812
8875
8937
9000
9062
9125
9162
9200
9237
9250
9262
9275
9287
9275
9287
9275
9287
9275
9262
9250
9237
9225
9212
9200
9187
9175
9162
9150
9162
9150
9137
9100
9062
9000
8937
8875
8812
8775
8750
8712
8675
8637
8575
8512
8475
8425
8400
8375
8375
8350
8362
8350
8362
8350
8362
8350
8362
8375
8412
8425
8437
8425
8412
8375
8337
8325
8312
8300
8287
8275
8262
8250
8225
8212
8200
8162
8150
8137
8125
8112
8100
8087
8075
8037
8025
8012
7975
7962
7975
7962
7950
7962
7950
7937
7925
7937
7925
7912
7900
7887
7875
7862
7875
7862
7875
7862
7875
7862
7850
7837
7825
7812
7800
7812
7800
7812
7800
7812
7800
7787
7775
7762
7762
7750
7737
7737
7725
7712
7700
7687
7675
7675
7675
7675
7700
7687
7700
7675
7675
7650
7650
7625
7612
7600
7612
7600
7612
7625
7612
7600
7587
7575
7562
7575
7562
7575
7562
7575
7587
7625
7662
7712
7787
7862
7937
8012
8087
8150
8200
8262
8325
8400
8475
8550
8637
8712
8787
8862
8950
9025
9100
9175
9225
9262
9300
9312
9325
9350
9362
9375
9387
9400
9387
9375
9362
9337
9325
9300
9275
9250
9237
9225
9212
9225
9212
9200
9187
9175
9162
9150
9137
9125
9112
9075
9037
9000
8937
8875
8812
8750
8700
8637
8575
8512
8450
8412
8375
8362
8350
8337
8325
8337
8325
8312
8337
8337
8337
8337
8337
8325
8312
8300
8287
8275
8262
8250
8225
8212
8200
8187
8175
8162
8150
8137
8125
8112
8087
8062
8062
8037
8012
8025
8012
8000
7987
7975
7962
7975
7950
7950
7950
7925
7900
7887
7850
7837
7825
7812
7800
7812
7800
7812
7800
7812
7800
7787
7787
7787
7787
7787
7787
7775
7762
7762
7750
7762
7750
7762
7750
7762
7750
7737
7700
7687
7675
7650
7650
7650
7650
7625
7637
7625
7612
7600
7587
7575
7562
7575
7562
7575
7562
7550
7537
7525
7512
7500
7512
7500
7487
7475
7462
7425
7425
7450
7450
7475
7537
7587
7637
7700
7775
7850
7925
8012
8100
8187
8275
8362
8437
8512
8575
8637
8675
8725
8787
8850
8912
9000
9062
9100
9150
9200
9225
9225
9225
9212
9200
9187
9175
9187
9175
9162
9150
9137
9125
9112
9075
9037
9025
8987
8950
8912
8875
8837
8787
8775
8750
8725
8675
8637
8575
8537
8487
8437
8387
8337
8287
8237
8225
8225
8212
8200
8225
8225
8225
8237
8250
8237
8250
8250
8262
8275
8275
8275
8250
8250
8225
8225
8200
8200
8175
8187
8175
8187
8175
8162
8150
8125
8100
8075
8050
8025
8012
7975
7962
7950
7912
7900
7887
7875
7862
7850
7850
7850
7825
7825
7825
7787
7775
7762
7762
7750
7762
7750
7737
7725
7712
7700
7687
7700
7687
7675
7662
7675
7662
7650
7662
7650
7637
7625
7637
7625
7637
7625
7637
7625
7612
7600
7612
7600
7587
7600
7587
7575
7562
7575
7562
7550
7550
7550
7550
7550
7550
7537
7550
7537
7550
7562
7575
7562
7550
7537
7525
7512
7500
7512
7500
7512
7487
7500
7487
7475
7462
7462
7450
7437
7450
7462
7500
7537
7600
7662
7712
7787
7862
7937
8012
8100
8162
8237
8312
8387
8450
8512
8575
8637
8700
8762
8837
8912
8987
9062
9125
9162
9200
9237
9250
9262
9300
9312
9325
9337
9350
9337
9350
9337
9325
9312
9300
9287
9275
9262
9225
9187
9125
9062
9025
8975
8925
8875
8825
8750
8700
8637
8600
8550
8525
8500
8475
8450
8437
8425
8412
8425
8412
8425
8412
8425
8412
8425
8412
8400
8387
8375
8362
8350
8362
8350
8362
8350
8337
8325
8312
8300
8287
8275
8262
8250
8225
8212
8200
8187
8175
8187
8175
8162
8150
8137
8125
8112
8125
8112
8125
8112
8100
8087
8075
8062
8050
8037
8025
8012
8000
7987
8000
7987
8000
7987
8000
7987
8000
7987
8000
7987
8000
7987
7975
7962
7950
7937
7925
7937
7925
7937
7925
7950
7950
7950
7950
7950
7937
7925
7912
7900
7887
7875
7862
7875
7862
7875
7862
7875
7862
7850
7837
7825
7812
7800
7812
7800
7812
7800
7787
7775
7787
7775
7762
7775
7762
7737
7700
7700
7675
7650
7650
7675
7662
7675
7712
7737
7775
7837
7900
7962
8025
8087
8150
8200
8275
8350
8425
8512
8600
8675
8750
8837
8912
9000
9087
9162
9237
9287
9325
9337
9350
9337
9325
9312
9300
9287
9275
9262
9250
9237
9225
9200
9212
9200
9187
9150
9125
9062
9000
8937
8875
8812
8750
8700
8662
8625
8587
8550
8512
8450
8412
8375
8337
8325
8337
8325
8337
8350
8362
8375
8375
8375
8375
8387
8375
8375
8375
8375
8362
8350
8337
8325
8312
8300
8287
8275
8237
8225
8200
8187
8175
8187
8175
8162
8150
8137
8100
8087
8075
8037
8025
8012
7975
7975
7975
7950
7950
7950
7937
7925
7937
7925
7912
7900
7887
7875
7862
7850
7837
7825
7812
7800
7812
7800
7812
7800
7787
7775
7762
7762
7750
7762
7750
7762
7750
7762
7750
7737
7725
7700
7675
7650
7650
7625
7612
7600
7587
7575
7562
7575
7562
7550
7550
7550
7525
7525
7550
7562
7600
7662
7712
7775
7837
7900
7975
8050
8125
8200
8287
8362
8437
8512
8575
8637
8700
8750
8812
8875
8950
9025
9100
9150
9200
9212
9225
9237
9250
9237
9250
9237
9225
9212
9225
9212
9200
9162
9125
9087
9050
9037
9012
9012
8987
8962
8912
8875
8812
8750
8700
8637
8575
8512
8450
8387
8325
8287
8250
8225
8212
8200
8187
8175
8187
8200
8212
8225
8237
8250
8237
8250
8237
8250
8237
8250
8237
8225
8212
8200
8187
8175
8187
8175
8162
8150
8137
8100
8087
8075
8037
8025
8012
8000
7987
7975
7962
7950
7937
7925
7912
7900
7887
7850
7837
7825
7812
7800
7787
7775
7762
7762
7750
7762
7750
7762
7750
7737
7725
7712
7700
7687
7675
7662
7650
7637
7625
7637
7625
7637
7625
7612
7600
7587
7575
7562
7575
7562
7575
7562
7575
7562
7550
7537
7525
7512
7500
7512
7500
7512
7500
7487
7475
7462
7450
7437
7450
7437
7450
7437
7450
7437
7425
7412
7400
7387
7375
7387
7375
7387
7375
7362
7350
7362
7350
7362
7400
7437
7475
7537
7600
7662
7712
7775
7837
7912
7987
8075
8150
8237
8312
8387
8450
8525
8600
8675
8737
8812
8875
8937
9000
9062
9100
9137
9175
9187
9200
9212
9225
9212
9225
9237
9237
9237
9237
9237
9212
9200
9187
9175
9137
9125
9112
9075
9037
9025
8987
8950
8912
8875
8812
8750
8700
8637
8600
8562
8525
8487
8450
8387
8350
8312
8275
8237
8225
8200
8187
8175
8187
8175
8187
8175
8187
8175
8187
8175
8187
8200
8212
8200
8212
8200
8187
8175
8162
8150
8137
8100
8087
8062
8012
7987
7962
7937
7925
7937
7912
7912
7912
7912
7887
7900
7887
7850
7837
7825
7812
7800
7787
7775
7762
7737
7725
7712
7700
7687
7700
7687
7675
7662
7675
7650
7662
7675
7662
7625
7625
7587
7575
7562
7575
7562
7575
7562
7575
7562
7575
7562
7575
7562
7575
7562
7575
7562
7550
7537
7525
7512
7500
7512
7500
7512
7500
7512
7500
7512
7500
7512
7500
7487
7487
7487
7487
7487
7512
7500
7512
7500
7512
7500
7487
7475
7487
7475
7462
7475
7462
7450
7437
7450
7437
7450
7462
7475
7487
7525
7562
7600
7662
7712
7775
7837
7900
7975
8050
8125
8212
8300
8375
8462
8537
8612
8687
8762
8837
8912
8987
9037
9087
9137
9187
9237
9287
9325
9337
9350
9350
9362
9375
9387
9375
9362
9350
9350
9337
9325
9312
9300
9262
9250
9237
9200
9187
9175
9162
9150
9137
9125
9112
9075
9062
9050
9012
8975
8925
8875
8825
8775
8737
8700
8637
8575
8512
8450
8412
8375
8337
8325
8312
8300
8287
8300
8287
8300
8287
8300
8287
8300
8287
8300
8287
8300
8287
8300
8287
8300
8275
8275
8250
8250
8237
8250
8237
8225
8212
8200
8187
8175
8187
8175
8162
8150
8137
8100
8087
8075
8037
8000
7987
7950
7912
7900
7887
7875
7862
7850
7837
7825
7812
7800
7812
7787
7787
7762
7762
7750
7762
7750
7762
7750
7737
7725
7712
7700
7687
7700
7687
7700
7687
7675
7662
7650
7612
7612
7612
7587
7587
7587
7575
7562
7575
7562
7575
7562
7575
7562
7550
7537
7525
7512
7500
7512
7500
7487
7475
7462
7450
7437
7450
7437
7450
7437
7425
7412
7400
7387
7375
7387
7375
7387
7400
7437
7475
7537
7600
7662
7725
7812
7900
7987
8075
8150
8200
8262
8325
8387
8450
8512
8575
8637
8700
8762
8837
8912
8987
9062
9125
9162
9200
9212
9225
9212
9225
9212
9225
9212
9225
9212
9225
9212
9200
9162
9150
9112
9100
9075
9075
9050
9050
9025
9012
8975
8975
8950
8925
8925
8925
8887
8875
8862
8825
8787
8750
8700
8637
8575
8512
8450
8412
8375
8337
8325
8312
8275
8262
8250
8250
8237
8250
8237
8250
8237
8250
8237
8250
8237
8225
8212
8200
8162
8150
8137
8125
8112
8100
8087
8075
8037
8025
8012
8000
7987
7975
7937
7925
7887
7875
7850
7850
7825
7825
7800
7787
7775
7762
7762
7750
7762
7750
7762
7750
7737
7725
7712
7700
7687
7700
7687
7675
7662
7650
7637
7625
7637
7625
7612
7600
7587
7575
7562
7575
7562
7575
7562
7550
7537
7525
7487
7487
7487
7462
7462
7462
7425
7412
7400
7387
7375
7387
7375
7387
7375
7387
7375
7362
7325
7325
7300
7275
7275
7275
7262
7275
7287
7312
7362
7412
7462
7537
7612
7675
7750
7825
7900
7975
8050
8125
8187
8262
8325
8387
8450
8512
8575
8637
8700
8750
8812
8875
8937
8975
9012
9050
9062
9075
9087
9075
9062
9050
9037
9025
9037
9025
9012
9000
8987
8950
8912
8900
8862
8850
8837
8825
8812
8800
8775
8762
8750
8712
8675
8637
8575
8512
8450
8387
8325
8262
8200
8175
8137
8100
8087
8075
8062
8075
8087
8075
8087
8100
8087
8075
8087
8075
8062
8050
8062
8050
8037
8025
8012
7975
7962
7950
7912
7875
7862
7825
7812
7800
7787
7775
7762
7762
7750
7737
7725
7712
7700
7687
7700
7687
7675
7662
7650
7612
7600
7612
7600
7587
7600
7587
7575
7562
7575
7562
7550
7537
7525
7512
7500
7487
7475
7462
7425
7425
7425
7400
7400
7400
7387
7375
7362
7350
7337
7325
7312
7325
7312
7325
7312
7300
7287
7275
7262
7250
7262
7250
7262
7250
7262
7250
7275
7275
7300
7325
7375
7412
7475
7537
7600
7662
7750
7837
7925
8012
8087
8150
8225
8300
8375
8450
8512
8575
8637
8700
8750
8812
8875
8937
8975
9012
9025
9012
9000
8987
8975
8962
8975
8962
8975
8962
8975
8962
8950
8937
8925
8912
8900
8887
8875
8862
8850
8837
8825
8787
8750
8700
8637
8575
8500
8450
8400
8350
8287
8237
8187
8150
8100
8062
8050
8012
8000
8012
8012
8012
8037
8037
8012
8025
8012
8000
7987
8000
7987
8000
7987
7975
7962
7950
7937
7912
7887
7862
7837
7812
7800
7812
7800
7812
7800
7787
7775
7762
7737
7700
7687
7650
7637
7625
7612
7600
7587
7575
7562
7550
7537
7525
7512
7500
7512
7500
7512
7500
7512
7500
7512
7500
7487
7475
7462
7450
7437
7450
7437
7450
7437
7425
7412
7400
7387
7375
7362
7350
7337
7325
7312
7300
7287
7275
7262
7250
7237
7225
7212
7212
7187
7187
7162
7162
7137
7150
7125
7125
7100
7100
7100
7137
7162
7225
7287
7350
7412
7475
7537
7600
7662
7737
7812
7887
7962
8025
8087
8150
8200
8262
8325
8387
8450
8512
8575
8637
8675
8712
8750
8762
8775
8787
8800
8787
8775
8762
8750
8737
8725
8712
8700
8687
8650
8637
8625
8587
8575
8562
8525
8512
8500
8462
8425
8412
8375
8337
8300
8287
8237
8200
8150
8125
8050
8012
7975
7937
7875
7862
7825
7787
7775
7762
7762
7750
7762
7750
7762
7762
7775
7787
7800
7787
7775
7762
7762
7762
7762
7762
7762
7737
7725
7712
7675
7662
7650
7612
7575
7562
7525
7512
7500
7512
7500
7512
7487
7500
7487
7475
7437
7437
7400
7362
7325
7312
7300
7287
7275
7287
7275
7275
7262
7275
7262
7275
7250
7262
7250
7237
7225
7212
7212
7200
7212
7200
7212
7200
7212
7200
7212
7200
7187
7175
7162
7150
7137
7150
7137
7150
7137
7125
7112
7100
7087
7075
7087
7075
7087
7075
7087
7075
7062
7062
7062
7062
7062
7062
7050
7037
7025
7012
7025
7012
7025
7012
7000
6987
6975
6962
6950
6962
6950
6962
6987
7012
7037
7087
7137
7162
7225
7300
7375
7462
7562
7650
7737
7825
7900
7975
8050
8125
8187
8262
8325
8387
8450
8487
8537
8562
8587
8587
8612
8625
8637
8625
8637
8625
8612
8600
8587
8575
8562
8550
8537
8525
8512
8500
8462
8450
8437
8400
8362
8325
8262
8225
8200
8162
8125
8087
8025
7987
7950
7912
7875
7837
7800
7762
7737
7725
7737
7725
7737
7750
7762
7750
7762
7750
7762
7750
7762
7750
7737
7725
7712
7700
7687
7675
7662
7650
7612
7600
7587
7575
7562
7550
7537
7525
7487
7475
7462
7450
7437
7425
7387
7375
7362
7350
7337
7350
7337
7325
7312
7300
7287
7275
7262
7237
7237
7212
7212
7200
7212
7200
7212
7200
7212
7200
7212
7200
7212
7200
7187
7175
7162
7125
7112
7100
7087
7075
7087
7075
7087
7075
7087
7075
7087
7075
7087
7075
7062
7050
7037
7025
7012
7025
7012
7025
7012
7025
7012
7025
7012
7000
7000
7000
7000
6987
7000
6975
6975
6950
6962
6950
6962
6950
6962
6975
7012
7050
7112
7162
7225
7287
7350
7412
7475
7550
7625
7687
7762
7837
7900
7962
8025
8087
8150
8200
8262
8300
8337
8375
8412
8450
8512
8575
8612
8650
8662
8675
8662
8650
8637
8625
8612
8600
8612
8600
8612
8600
8587
8575
8562
8525
8512
8500
8487
8475
8462
8450
8437
8400
8387
8375
8337
8300
8262
8200
8150
8087
8025
7962
7900
7862
7825
7787
7775
7762
7737
7725
7737
7725
7737
7750
7762
7750
7762
7750
7762
7750
7762
7750
7762
7750
7762
7750
7762
7750
7762
7750
7762
7750
7737
7725
7712
7700
7687
7700
7687
7700
7687
7675
7662
7650
7612
7575
7562
7525
7487
7475
7462
7450
7437
7450
7437
7450
7437
7425
7412
7400
7387
7375
7387
7375
7387
7375
7387
7375
7387
7375
7362
7350
7337
7325
7312
7325
7312
7325
7312
7325
7312
7325
7312
7300
7300
7300
7275
7275
7275
7262
7250
7262
7250
7237
7225
7212
7212
7200
7212
7212
7225
7212
7225
7237
7225
7212
7225
7212
7212
7200
7187
7175
7162
7150
7137
7125
7125
7125
7125
7150
7187
7225
7287
7350
7425
7500
7575
7650
7712
7775
7837
7900
7962
8025
8087
8150
8225
8312
8400
8487
8575
8637
8687
8737
8762
8775
8787
8800
8787
8800
8787
8775
8762
8775
8750
8750
8750
8725
8700
8712
8700
8687
8700
8675
8650
8625
8600
8587
8587
8562
8537
8512
8450
8387
8350
8312
8275
8237
8200
8150
8087
8025
7987
7950
7912
7900
7887
7875
7887
7900
7912
7925
7937
7925
7937
7925
7937
7925
7937
7925
7937
7925
7937
7925
7912
7900
7887
7850
7837
7825
7812
7800
7787
7775
7750
7737
7737
7737
7712
7700
7687
7650
7637
7625
7612
7600
7587
7575
7562
7575
7562
7575
7562
7550
7537
7525
7512
7500
7512
7500
7512
7500
7512
7487
7487
7487
7487
7462
7475
7462
7450
7437
7450
7437
7450
7437
7450
7437
7425
7412
7400
7387
7375
7387
7375
7387
7375
7387
7362
7362
7337
7337
7312
7325
7312
7300
7287
7300
7287
7300
7312
7300
7287
7275
7262
7250
7237
7225
7212
7212
7200
7212
7200
7212
7200
7212
7212
7250
7287
7350
7412
7475
7537
7600
7662
7712
7775
7850
7925
8000
8087
8162
8237
8312
8387
8450
8512
8550
8587
8625
8662
8675
8712
8725
8737
8725
8737
8725
8737
8725
8737
8725
8737
8712
8712
8687
8687
8662
8650
8637
8625
8587
8575
8562
8550
8537
8525
8512
8500
8462
8425
8387
8325
8250
8175
8112
8037
7962
7925
7887
7850
7812
7800
7762
7762
7750
7762
7750
7762
7750
7762
7750
7762
7750
7762
7750
7762
7750
7762
7750
7762
7750
7737
7725
7700
7687
7662
7662
7637
7650
7625
7637
7625
7612
7575
7562
7512
7487
7462
7437
7412
7400
7387
7362
7362
7337
7337
7312
7325
7312
7325
7312
7325
7312
7300
7287
7275
7262
7250
7262
7237
7237
7212
7212
7200
7212
7212
7225
7237
7237
7237
7212
7212
7200
7212
7200
7187
7175
7162
7150
7137
7150
7137
7150
7137
7150
7137
7125
7112
7100
7087
7075
7087
7075
7087
7075
7062
7050
7062
7050
7037
7050
7037
7025
7012
7025
7012
7025
7000
7000
7000
7000
6975
6987
6975
6962
6950
6962
6937
6937
6937
6962
6987
7025
7062
7100
7137
7162
7225
7287
7362
7437
7512
7600
7675
7750
7825
7900
7962
8037
8112
8175
8250
8325
8387
8425
8462
8500
8537
8575
8612
8650
8662
8675
8662
8675
8662
8675
8662
8675
8662
8650
8612
8575
8537
8500
8487
8475
8462
8425
8387
8325
8262
8200
8150
8112
8075
8037
8000
7962
7925
7875
7825
7775
7750
7712
7675
7662
7675
7650
7650
7675
7662
7650
7675
7650
7637
7637
7637
7612
7612
7600
7587
7575
7562
7575
7562
7550
7537
7525
7512
7487
7487
7462
7462
7437
7425
7387
7375
7337
7300
7262
7262
7237
7237
7237
7262
7250
7237
7225
7212
7187
7175
7162
7150
7137
7125
7112
7125
7112
7100
7112
7100
7087
7075
7087
7075
7062
7050
7037
7025
7012
7025
7012
7025
7012
7000
6987
6975
6962
6950
6962
6950
6962
6950
6962
6950
6962
6950
6937
6925
6912
6900
6887
6900
6887
6875
6862
6850
6837
6825
6837
6825
6812
6800
6787
6775
6787
6800
6812
6850
6887
6925
6987
7050
7112
7162
7225
7287
7350
7412
7475
7537
7600
7662
7712
7775
7837
7900
7962
8025
8087
8150
8200
8262
8325
8387
8450
8487
8525
8537
8525
8512
8500
8487
8475
8487
8475
8487
8475
8462
8450
8425
8400
8375
8375
8350
8325
8312
8300
8262
8225
8225
8200
8162
8125
8087
8025
7962
7900
7837
7800
7762
7737
7725
7712
7675
7662
7650
7637
7625
7637
7625
7637
7625
7637
7625
7637
7625
7637
7625
7637
7625
7637
7625
7612
7600
7587
7575
7562
7550
7550
7550
7525
7525
7525
7487
7475
7462
7425
7412
7400
7387
7375
7362
7350
7337
7300
7287
7275
7237
7225
7212
7212
7200
7187
7175
7162
7150
7137
7125
7112
7100
7087
7075
7062
7050
7037
7025
7012
7025
7012
7025
7012
7000
6987
6975
6962
6950
6962
6950
6962
6950
6937
6925
6937
6912
6912
6912
6912
6887
6900
6887
6900
6887
6875
6862
6850
6837
6825
6837
6825
6837
6850
6887
6925
6987
7050
7112
7162
7225
7300
7375
7450
7525
7600
7662
7725
7800
7875
7950
8025
8087
8150
8200
8262
8325
8387
8425
8462
8475
8487
8475
8487
8475
8487
8475
8487
8475
8487
8475
8462
8450
8437
8400
8387
8375
8362
8350
8337
8300
8287
8250
8225
8187
8150
8112
8075
8037
8000
7962
7900
7837
7775
7737
7712
7700
7675
7675
7650
7650
7625
7637
7625
7637
7625
7637
7625
7637
7625
7612
7600
7612
7600
7612
7625
7612
7600
7587
7575
7550
7550
7550
7550
7550
7550
7550
7525
7525
7500
7487
7450
7412
7375
7337
7325
7312
7300
7300
7300
7275
7287
7300
7275
7275
7262
7237
7237
7225
7212
7212
7212
7200
7187
7175
7162
7150
7137
7150
7137
7125
7112
7125
7112
7100
7112
7100
7087
7075
7087
7062
7075
7062
7050
7050
7062
7037
7037
7037
7025
7012
7025
7012
7000
6987
6975
6962
6950
6962
6950
6937
6925
6912
6900
6887
6900
6887
6900
6887
6900
6887
6900
6887
6900
6887
6900
6887
6875
6862
6850
6837
6825
6837
6825
6837
6812
6812
6787
6787
6762
6775
6762
6775
6762
6775
6787
6825
6862
6925
6987
7062
7125
7200
7275
7362
7437
7512
7587
7662
7737
7812
7887
7962
8025
8087
8150
8200
8262
8300
8337
8350
8362
8350
8362
8375
8387
8375
8387
8375
8337
8337
8337
8312
8312
8312
8275
8262
8250
8225
8212
8200
8162
8125
8075
8000
7925
7850
7800
7762
7737
7725
7712
7675
7662
7650
7637
7625
7637
7625
7637
7625
7637
7625
7612
7600
7587
7575
7587
7600
7587
7600
7587
7575
7562
7575
7562
7575
7562
7550
7537
7525
7512
7500
7487
7475
7462
7425
7412
7400
7387
7375
7362
7350
7337
7325
7312
7300
7287
7275
7262
7250
7262
7250
7262
7237
7250
7212
7212
7187
7200
7187
7212
7200
7187
7175
7162
7125
7087
7087
7062
7062
7062
7062
7050
7037
7025
7012
7025
7012
7025
7012
7025
7012
7000
6987
6975
6962
6950
6962
6950
6962
6950
6962
6950
6962
6950
6962
6950
6937
6925
6937
6925
6912
6925
6912
6900
6887
6875
6862
6850
6837
6825
6837
6825
6837
6825
6837
6825
6812
6800
6787
6775
6762
6750
6737
6725
6725
6725
6762
6800
6862
6925
6987
7050
7112
7162
7225
7287
7350
7425
7500
7575
7650
7737
7825
7887
7950
8000
8050
8087
8150
8200
8237
8275
8312
8325
8337
8350
8362
8350
8362
8350
8362
8350
8337
8325
8312
8300
8287
8262
8237
8237
8225
8225
8237
8225
8187
8150
8112
8075
8062
8050
8037
8000
7987
7950
7912
7875
7837
7775
7737
7700
7675
7650
7625
7600
7587
7575
7562
7575
7562
7575
7587
7600
7612
7625
7637
7625
7612
7600
7587
7550
7537
7512
7487
7462
7437
7412
7425
7412
7400
7412
7400
7387
7375
7362
7350
7337
7325
7312
7325
7312
7300
7287
7275
7262
7250
7262
7250
7262
7250
7262
7250
7237
7225
7212
7212
7200
7212
7200
7187
7175
7187
7150
7137
7150
7137
7125
7137
7150
7137
7150
7137
7150
7137
7150
7137
7125
7125
7125
7100
7100
7100
7087
7075
7062
7050
7037
7025
7012
7025
7012
7025
7012
7025
7012
7025
7012
7025
7012
7000
6987
6975
6937
6925
6912
6900
6887
6900
6887
6900
6887
6900
6887
6900
6887
6900
6912
6925
6962
7025
7087
7137
7225
7287
7350
7412
7475
7537
7600
7662
7712
7775
7837
7900
7975
8050
8125
8187
8262
8325
8387
8425
8462
8500
8512
8525
8537
8550
8537
8525
8512
8500
8487
8475
8462
8450
8437
8400
8362
8350
8312
8300
8287
8262
8212
8162
8100
8025
7962
7925
7887
7850
7837
7825
7787
7775
7762
7762
7762
7775
7787
7800
7812
7800
7812
7800
7812
7800
7812
7800
7812
7800
7812
7800
7787
7775
7762
7762
7750
7737
7725
7712
7700
7687
7675
7662
7650
7612
7600
7575
7550
7525
7525
7500
7487
7475
7462
7450
7437
7425
7412
7400
7387
7400
7412
7425
7437
7450
7437
7450
7437
7450
7437
7462
7462
7462
7462
7462
7462
7462
7462
7462
7462
7450
7462
7475
7487
7500
7512
7487
7500
7487
7500
7487
7512
7500
7512
7500
7512
7525
7537
7550
7562
7575
7562
7575
7562
7575
7562
7575
7562
7550
7537
7525
7487
7475
7487
7475
7487
7525
7562
7600
7662
7737
7812
7887
7975
8050
8125
8187
8262
8325
8387
8462
8537
8612
8662
8712
8750
8787
8837
8887
8937
8987
9025
9062
9125
9187
9225
9237
9250
9237
9225
9212
9200
9200
9200
9175
9175
9175
9137
9100
9062
9000
8962
8925
8887
8850
8812
8750
8700
8637
8600
8562
8525
8487
8450
8412
8375
8362
8350
8337
8325
8337
8325
8337
8350
8362
8350
8362
8375
8412
8425
8437
8425
8412
8375
8362
8350
8337
8325
8312
8275
8262
8250
8250
8237
8250
8237
8225
8212
8187
8175
8162
8175
8162
8187
8175
8162
8150
8137
8125
8112
8125
8112
8125
8112
8100
8087
8075
8037
8000
8000
7975
7975
7975
7975
7962
7950
7937
7925
7912
7900
7887
7875
7862
7850
7837
7825
7812
7800
7812
7800
7812
7800
7812
7800
7812
7800
7812
7800
7787
7775
7787
7775
7750
7762
7750
7750
7750
7775
7762
7775
7762
7762
7750
7762
7750
7762
7750
7762
7750
7762
7750
7762
7750
7762
7750
7762
7750
7762
7750
7762
7762
7800
7837
7900
7975
8050
8125
8187
8262
8325
8387
8450
8512
8575
8637
8700
8775
8850
8925
9000
9075
9125
9175
9225
9275
9300
9362
9400
9437
9450
9462
9450
9475
9475
9500
9500
9525
9512
9500
9462
9450
9412
9400
9387
9362
9337
9312
9275
9250
9237
9225
9212
9200
9162
9125
9062
9000
8937
8875
8812
8750
8700
8662
8625
8587
8550
8537
8500
8487
8475
8462
8450
8462
8450
8462
8475
8487
8475
8487
8500
8537
8575
8612
8625
8637
8625
8587
8575
8562
8525
8487
8450
8412
8375
8362
8350
8337
8325
8312
8275
8262
8250
8250
8237
8250
8225
8225
8200
8175
8125
8112
8075
8062
8037
8037
8012
8012
7987
8000
7987
8000
7987
8000
7987
7975
7962
7950
7912
7900
7887
7875
7850
7850
7825
7825
7800
7812
7800
7812
7800
7812
7800
7787
7775
7762
7762
7750
7762
7750
7762
7737
7750
7737
7750
7737
7737
7725
7712
7700
7687
7675
7662
7650
7637
7625
7637
7625
7612
7600
7587
7575
7562
7575
7562
7550
7537
7525
7512
7500
7512
7500
7512
7525
7537
7550
7587
7600
7625
7675
7712
7775
7862
7937
8012
8100
8162
8237
8312
8387
8462
8550
8637
8712
8800
8875
8937
9000
9037
9075
9112
9150
9187
9225
9262
9275
9287
9275
9287
9275
9262
9250
9237
9200
9187
9175
9137
9125
9112
9100
9087
9075
9037
9000
8937
8875
8800
8725
8662
8587
8512
8450
8387
8350
8312
8300
8287
8300
8287
8300
8287
8300
8287
8275
8237
8225
8200
8187
8175
8162
8150
8137
8125
8112
8100
8087
8075
8062
8050
8062
8050
8037
8025
8012
8000
7987
7975
7962
7950
7912
7900
7887
7850
7837
7825
7812
7800
7812
7800
7787
7775
7762
7762
7737
7737
7737
7737
7712
7737
7725
7712
7700
7712
7687
7700
7687
7700
7687
7700
7687
7675
7662
7637
7612
7587
7587
7562
7575
7562
7550
7537
7525
7512
7500
7487
7475
7462
7450
7437
7450
7437
7462
7450
7437
7425
7412
7387
7375
7387
7375
7387
7375
7387
7375
7362
7350
7337
7300
7287
7300
7287
7300
7337
7375
7412
7475
7537
7600
7662
7712
7775
7850
7925
8000
8075
8150
8200
8262
8325
8387
8450
8512
8575
8637
8700
8750
8812
8875
8937
8975
9012
9050
9062
9050
9062
9050
9037
9025
9037
9025
9012
8975
8962
8925
8887
8875
8862
8825
8812
8800
8775
8737
8700
8637
8575
8512
8450
8387
8325
8262
8200
8175
8137
8125
8112
8125
8112
8125
8112
8125
8112
8125
8112
8125
8112
8100
8087
8075
8037
8037
8025
8012
8000
8012
7987
8000
7987
7975
7962
7950
7937
7925
7912
7900
7887
7875
7862
