t = 60.000000, p = 565.000000
19650
19637
19625
19612
19575
19562
19550
19512
19500
19487
19450
19437
19425
19387
19375
19362
19325
19312
19300
19287
19275
19287
19275
19287
19275
19287
19275
19262
19250
19262
19250
19237
19250
19237
19237
19225
19237
19237
19250
19237
19250
19237
19237
19225
19237
19225
19237
19225
19212
19200
19187
19175
19162
19175
19162
19187
19187
19212
19212
19212
19200
19187
19175
19162
19175
19162
19175
19187
19212
19225
19275
19325
19375
19425
19500
19562
19625
19675
19737
19800
19862
19925
19987
20050
20112
20175
20225
20287
20350
20387
20425
20437
20450
20437
20425
20387
20350
20287
20225
20175
20137
20100
20062
20050
20037
20000
19987
19962
19937
19912
19887
19837
19800
19762
19725
19700
19687
19675
19662
19650
19662
19650
19637
19625
19612
19600
19587
19600
19587
19600
19587
19600
19612
19625
19637
19650
19662
19675
19687
19700
19712
19725
19712
19725
19712
19700
19687
19675
19637
19600
19587
19550
19537
19525
19512
19475
19437
19400
19362
19325
19312
19300
19287
19275
19287
19275
19287
19275
19287
19275
19287
19275
19262
19250
19237
19237
19225
19237
19225
19237
19225
19237
19225
19237
19225
19237
19225
19212
19200
19187
19175
19162
19175
19162
19175
19162
19175
19162
19150
19137
19125
19112
19100
19112
19100
19112
19100
19112
19100
19112
19100
19112
19100
19112
19125
19162
19200
19250
19300
19350
19400
19437
19500
19562
19625
19675
19737
19800
19862
19925
19987
20050
20112
20175
20225
20287
20350
20387
20425
20437
20450
20437
20425
20387
20350
20287
20225
20175
20137
20100
20062
20050
20037
20000
19962
19950
19912
19900
19887
19875
19837
19800
19737
19700
19675
19637
19600
19587
19550
19537
19525
19537
19525
19537
19525
19537
19525
19537
19550
19562
19575
19612
19625
19637
19650
19662
19675
19675
19675
19675
19650
19625
19612
19600
19575
19575
19550
19525
19500
19487
19475
19462
19475
19462
19450
19437
19425
19387
19375
19362
19350
19337
19325
19312
19300
19287
19275
19262
19250
19237
19212
19200
19187
19175
19162
19175
19162
19175
19162
19175
19162
19175
19162
19175
19162
19175
19162
19175
19162
19175
19162
19175
19162
19175
19162
19175
19162
19150
19137
19125
19112
19100
19112
19100
19112
19100
19112
19100
19112
19100
19112
19100
19112
19100
19112
19100
19087
19075
19087
19075
19062
19075
19062
19050
19037
19050
19062
19100
19137
19175
19212
19262
19312
19362
19437
19500
19562
19625
19700
19775
19850
19925
19987
20050
20112
20175
20225
20287
20325
20362
20375
20387
20375
20362
20325
20287
20225
20175
20112
20075
20037
20000
19962
19950
19912
19900
19887
19875
19837
19800
19762
19725
19700
19687
19675
19637
19625
19612
19575
19537
19525
19487
19475
19487
19500
19512
19525
19537
19550
19562
19575
19587
19600
19587
19600
19612
19625
19637
19650
19662
19650
19662
19650
19662
19650
19662
19650
19637
19600
19587
19550
19537
19525
19512
19475
19462
19425
19412
19400
19387
19375
19362
19325
19312
19300
19287
19275
19287
19275
19287
19275
19262
19250
19237
19237
19225
19237
19225
19237
19225
19212
19200
19187
19175
19162
19175
19162
19175
19162
19175
19162
19175
19162
19175
19162
19150
19137
19150
19137
19125
19137
19125
19112
19100
19112
19100
19087
19075
19062
19025
19012
19025
19037
19075
19112
19162
19200
19250
19300
19375
19437
19500
19562
19625
19675
19737
19800
19862
19925
19987
20050
20112
20175
20225
20262
20300
20312
20325
20312
20300
20287
20275
20250
20212
20175
20112
20050
19987
19925
19887
19837
19812
19775
19762
19725
19700
19662
19650
19612
19575
19562
19550
19512
19500
19475
19450
19450
19450
19450
19462
19475
19462
19475
19487
19500
19512
19550
19562
19575
19587
19575
19562
19550
19537
19525
19512
19475
19437
19400
19350
19325
19300
19300
19275
19287
19275
19262
19250
19237
19237
19225
19212
19200
19187
19175
19162
19175
19162
19175
19162
19175
19162
19175
19162
19175
19162
19175
19162
19150
19137
19125
19112
19100
19112
19100
19112
19100
19112
19100
19112
19100
19112
19100
19112
19100
19087
19075
19050
19037
19025
19037
19025
19025
19012
19000
18987
18975
18987
18975
18987
18975
18987
18962
18962
18962
18987
19012
19075
19137
19187
19250
19325
19400
19475
19562
19650
19737
19825
19912
19987
20050
20112
20175
20225
20262
20300
20312
20325
20312
20300
20262
20250
20225
20187
20150
20112
20050
19987
19950
19912
19875
19862
19850
19812
19775
19762
19725
19700
19662
19625
19562
19525
19487
19475
19462
19475
19462
19450
19437
19425
19412
19400
19412
19400
19412
19400
19412
19400
19412
19400
19425
19425
19450
19450
19475
19487
19500
19512
19525
19537
19550
19550
19550
19575
19575
19550
19562
19550
19537
19525
19512
19475
19462
19425
19412
19400
19412
19387
19387
19362
19362
19337
19325
19312
19300
19287
19275
19262
19250
19237
19237
19225
19212
19200
19187
19150
19137
19150
19125
19125
19125
19125
19100
19112
19100
19112
19100
19112
19100
19112
19100
19112
19100
19112
19100
19112
19100
19112
19100
19112
19100
19112
19100
19112
19100
19112
19100
19087
19075
19062
19050
19037
19050
19037
19050
19037
19025
19012
19000
18987
18975
18987
18975
18987
19000
19037
19075
19137
19187
19250
19312
19375
19437
19500
19562
19625
19675
19737
19800
19862
19925
19987
20050
20125
20200
20262
20325
20362
20362
20325
20287
20225
20175
20137
20100
20062
20025
20012
19975
19937
19900
19862
19800
19762
19725
19700
19687
19675
19637
19625
19612
19575
19562
19550
19512
19500
19487
19475
19462
19450
19437
19425
19412
19425
19437
19450
19462
19475
19487
19500
19512
19525
19537
19550
19562
19575
19587
19600
19587
19600
19587
19575
19562
19550
19537
19525
19512
19500
19487
19475
19462
19450
19437
19425
19387
19375
19362
19325
19312
19300
19262
19250
19237
19237
19225
19212
19200
19187
19175
19187
19200
19187
19200
19187
19175
19162
19175
19162
19175
19187
19200
19212
19225
19212
19200
19187
19175
19162
19175
19162
19175
19162
19150
19137
19125
19112
19100
19112
19100
19112
19100
19112
19100
19112
19100
19087
19075
19062
19050
19037
19050
19037
19050
19062
19100
19137
19187
19250
19312
19375
19437
19500
19562
19625
19675
19737
19800
19862
19925
19987
20050
20112
20175
20225
20262
20300
20337
20350
20362
20375
20387
20362
20362
20337
20337
20312
20300
20262
20225
20200
20162
20125
20087
20050
20012
19975
19937
19900
19887
19850
19812
19775
19762
19725
19700
19687
19675
19662
19637
19612
19587
19562
19512
19500
19487
19450
19437
19425
19412
19425
19437
19450
19487
19500
19512
19550
19562
19575
19587
19600
19587
19600
19587
19600
19587
19600
19587
19600
19587
19575
19537
19525
19487
19450
19437
19425
19387
19350
19337
19300
19287
19275
19262
19225
19212
19187
19175
19162
19175
19162
19175
19162
19175
19162
19150
19137
19125
19112
19125
19125
19125
19125
19125
19100
19112
19100
19112
19100
19112
19100
19112
19100
19112
19100
19112
19100
19112
19100
19112
19100
19087
19075
19062
19050
19037
19050
19037
19050
19037
19025
19012
19025
19012
19025
19025
19037
19025
19037
19025
19050
19062
19075
19087
19125
19162
19187
19250
19312
19375
19437
19500
19562
19625
19675
19737
19812
19887
19962
20037
20112
20175
20225
20262
20300
20337
20350
20362
20375
20362
20325
20312
20275
20250
20237
20225
20187
20150
20137
20100
20062
20050
20037
20000
19987
19975
19937
19900
19862
19825
19787
19750
19712
19700
19675
19637
19600
19587
19550
19512
19500
19487
19475
19462
19450
19437
19425
19412
19400
19412
19425
19462
19475
19512
19525
19537
19525
19537
19525
19537
19525
19537
19525
19537
19525
19537
19525
19512
19500
19487
19450
19437
19425
19387
19375
19362
19350
19337
19325
19312
19300
19262
19250
19237
19212
19175
19162
19125
19112
19100
19112
19100
19087
19075
19062
19050
19037
19050
19037
19025
19012
19000
18987
18975
18987
18975
18987
18975
18987
18975
18962
18950
18937
18900
18887
18875
18862
18850
18862
18850
18862
18850
18862
18850
18837
18825
18812
18800
18787
18800
18787
18800
18812
18850
18887
18950
18987
19037
19087
19137
19175
19250
19325
19400
19475
19550
19625
19675
19737
19800
19862
19925
19987
20050
20112
20137
20162
20162
20137
20087
20075
20025
20000
19975
19950
19900
19862
19825
19787
19750
19712
19675
19650
19612
19575
19537
19500
19462
19425
19387
19375
19362
19325
19287
19250
19212
19187
19175
19162
19175
19162
19175
19162
19187
19187
19212
19225
19250
19262
19275
19287
19300
19312
19325
19362
19375
19387
19400
19412
19400
19387
19375
19362
19350
19337
19325
19312
19300
19287
19275
19262
19250
19237
19237
19225
19212
19200
19187
19150
19137
19125
19112
19100
19087
19075
19062
19050
19037
19050
19037
19050
19037
19050
19037
19025
19012
19000
18987
18975
18987
18975
18987
18975
18987
18975
18987
18975
18987
18975
18987
18975
18987
18975
18987
18975
18987
18975
18987
18975
18987
18975
18987
18975
18987
18975
18987
18975
18962
18950
18937
18925
18912
18925
18912
18925
18912
18937
18937
18962
18987
19037
19075
19137
19187
19250
19325
19400
19475
19550
19625
19675
19737
19800
19862
19925
19987
20050
20112
20175
20212
20250
20262
20275
20262
20250
20212
20175
20112
20050
19987
19925
19862
19825
19775
19725
19675
19650
19600
19575
19550
19525
19475
19437
19400
19362
19350
19337
19325
19287
19275
19237
19237
19225
19237
19225
19237
19225
19237
19237
19250
19262
19300
19312
19325
19362
19375
19387
19400
19412
19400
19412
19400
19412
19400
19387
19350
19312
19275
19237
19237
19212
19212
19187
19187
19162
19150
19137
19112
19087
19087
19087
19062
19075
19062
19025
19012
19000
18987
18975
18987
18975
18987
18975
18987
18975
18987
18975
18987
18975
18987
18975
18987
18975
18987
18975
18962
18950
18937
18925
18912
18925
18912
18925
18912
18925
18912
18900
18887
18900
18887
18875
18887
18875
18862
18850
18862
18850
18875
18875
18900
18925
18975
19012
19075
19137
19187
19250
19312
19375
19437
19500
19575
19637
19712
19787
19862
19925
19987
20050
20112
20150
20187
20225
20250
20262
20300
20312
20325
20312
20325
20312
20325
20312
20300
20287
20275
20250
20212
20175
20137
20100
20062
20025
19975
19925
19875
19825
19800
19787
19750
19737
19725
19700
19687
19675
19637
19600
19562
19500
19437
19400
19362
19350
19337
19350
19362
19375
19387
19425
19437
19450
19462
19475
19462
19475
19462
19475
19462
19475
19462
19487
19475
19487
19475
19487
19462
19475
19462
19450
19437
19425
19412
19400
19387
19375
19362
19350
19337
19325
19287
19275
19237
19212
19200
19187
19150
19137
19125
19112
19100
19112
19100
19087
19075
19062
19050
19037
19050
19037
19050
19037
19050
19037
19050
19037
19050
19037
19050
19037
19050
19037
19025
19012
19000
18987
18975
18987
18975
18987
18975
18987
18975
18987
18975
18987
18975
18987
18975
18987
18975
18962
18950
18937
18925
18912
18925
18912
18900
18887
18875
18862
18850
18862
18850
18862
18850
18862
18875
18912
18950
19012
19075
19137
19187
19250
19312
19375
19437
19500
19562
19625
19712
19800
19900
20000
20087
20162
20225
20262
20300
20312
20300
20287
20275
20250
20212
20175
20137
20087
20037
20012
19987
19937
19900
19862
19825
19775
19750
19725
19725
19712
19700
19662
19625
19562
19500
19437
19400
19362
19325
19312
19300
19262
19250
19237
19237
19225
19237
19237
19250
19262
19275
19300
19300
19325
19325
19350
19362
19375
19387
19400
19412
19400
19412
19400
19387
19375
19362
19350
19337
19325
19312
19300
19262
19250
19237
19212
19200
19187
19150
19137
19125
19112
19100
19087
19075
19062
19050
19037
19050
19037
19025
19012
19000
18987
18975
18987
18975
18962
18950
18937
18925
18912
18925
18912
18925
18912
18925
18912
18925
18912
18925
18912
18925
18912
18925
18912
18925
18912
18925
18912
18925
18912
18900
18887
18875
18862
18850
18862
18850
18862
18850
18862
18850
18837
18825
18812
18800
18787
18775
18762
18750
18737
18725
18737
18725
18737
18725
18712
18700
18712
18700
18712
18750
18762
18775
18812
18850
18900
18975
19050
19125
19212
19300
19387
19475
19562
19625
19675
19737
19800
19850
19925
19987
20050
20112
20137
20162
20162
20162
20137
20150
20137
20125
20087
20050
19987
19950
19912
19875
19837
19800
19737
19675
19625
19562
19500
19462
19425
19387
19350
19312
19275
19237
19212
19175
19162
19125
19087
19075
19062
19025
19012
19000
18987
18975
18987
18975
18987
18975
19000
19000
19025
19050
19075
19087
19100
19112
19100
19112
19100
19112
19100
19087
19075
19062
19025
19012
19000
18962
18925
18912
18875
18837
18825
18812
18800
18787
18775
18762
18750
18737
18725
18712
18700
18687
18687
18675
18687
18675
18687
18675
18687
18675
18687
18675
18687
18675
18687
18675
18687
18675
18687
18675
18687
18675
18687
18675
18662
18650
18637
18625
18612
18625
18612
18625
18612
18600
18587
18575
18562
18575
18587
18600
18612
18625
18637
18662
18700
18762
18825
18887
18950
19012
19075
19137
19187
19250
19312
19375
19437
19512
19587
19650
19725
19800
19862
19900
19937
19975
19987
19975
19987
19975
19937
19900
19887
19850
19812
19800
19775
19750
19712
19675
19625
19575
19500
19437
19375
19312
19250
19187
19137
19100
19050
19025
19000
19000
18975
18987
18975
18987
18975
18987
19000
19012
19025
19037
19050
19062
19075
19087
19100
19112
19125
19137
19150
19162
19175
19187
19200
19187
19200
19175
19150
19125
19100
19075
19062
19025
19012
18987
18962
18937
18912
18887
18875
18862
18850
18837
18825
18812
18800
18787
18800
18787
18775
18762
18750
18737
18725
18737
18725
18737
18725
18737
18725
18737
18725
18737
18725
18737
18725
18737
18725
18737
18725
18712
18700
18687
18687
18675
18687
18675
18687
18675
18687
18675
18687
18687
18700
18712
18750
18787
18837
18912
18987
19062
19137
19187
19250
19312
19375
19437
19500
19562
19625
19700
19775
19850
19925
19962
20000
20037
20050
20062
20075
20062
20025
19987
19925
19862
19825
19775
19725
19675
19625
19562
19500
19437
19375
19312
19250
19212
19187
19150
19112
19100
19062
19025
19012
19000
18987
19000
19037
19075
19112
19150
19162
19175
19162
19175
19162
19150
19137
19125
19112
19100
19112
19100
19087
19075
19062
19025
18987
18950
18912
18875
18837
18800
18787
18750
18712
18700
18687
18687
18675
18687
18675
18687
18675
18687
18675
18662
18650
18637
18625
18612
18625
18612
18625
18612
18625
18612
18625
18612
18625
18612
18625
18612
18625
18612
18600
18587
18575
18562
18550
18562
18550
18562
18550
18537
18525
18512
18500
18487
18500
18512
18550
18587
18637
18700
18762
18825
18875
18962
19037
19112
19175
19250
19312
19375
19437
19500
19562
19625
19675
19737
19800
19837
19875
19912
19925
19937
19950
19962
19950
19937
19900
19862
19800
19737
19675
19625
19562
19500
19437
19375
19312
19250
19212
19187
19150
19137
19125
19087
19075
19062
19025
18987
18975
18937
18900
18887
18875
18862
18850
18862
18850
18862
18875
18887
18900
18912
18925
18937
18950
18962
19000
19012
19025
19037
19050
19037
19025
19012
19000
18962
18950
18937
18900
18887
18875
18837
18825
18812
18775
18762
18750
18712
18700
18687
18662
18650
18637
18625
18612
18625
18612
18625
18600
18600
18575
18575
18550
18562
18550
18562
18550
18562
18550
18562
18550
18537
18525
18512
18500
18487
18500
18487
18500
18487
18500
18487
18500
18487
18500
18475
18475
18450
18450
18425
18437
18425
18437
18425
18437
18425
18437
18425
18437
18412
18412
18387
18387
18362
18375
18362
18350
18337
18325
18312
18300
18312
18300
18312
18300
18312
18325
18337
18350
18387
18425
18462
18525
18587
18637
18712
18787
18862
18937
19012
19075
19137
19187
19250
19325
19375
19425
19475
19525
19562
19625
19675
19712
19750
19762
19775
19762
19750
19712
19700
19662
19637
19600
19562
19500
19450
19362
19312
19262
19212
19175
19137
19100
19062
19025
18987
18950
18912
18862
18837
18812
18812
18787
18775
18762
18750
18737
18725
18712
18700
18687
18687
18675
18687
18687
18725
18762
18800
18837
18875
18887
18875
18887
18875
18862
18850
18862
18850
18837
18825
18812
18800
18787
18775
18762
18750
18712
18700
18687
18662
18625
18587
18550
18512
18500
18487
18500
18487
18475
18462
18450
18437
18425
18437
18412
18425
18412
18425
18412
18437
18425
18412
18400
18387
18375
18362
18375
18362
18375
18362
18375
18362
18375
18362
18375
18362
18350
18337
18325
18312
18300
18312
18300
18312
18300
18287
18275
18287
18275
18287
18300
18312
18337
18362
18387
18437
18462
18487
18550
18587
18625
18675
18725
18762
18825
18887
18950
19012
19087
19150
19237
19325
19412
19487
19562
19600
19637
19675
19687
19700
19712
19725
19712
19700
19687
19675
19637
19600
19562
19525
19487
19450
19412
19375
19312
19250
19187
19137
19075
19012
18950
18912
18875
18837
18825
18812
18775
18762
18750
18712
18700
18687
18687
18675
18687
18675
18687
18675
18687
18687
18700
18712
18750
18762
18775
18787
18800
18812
18812
18812
18837
18837
18837
18850
18837
18825
18812
18800
18787
18775
18762
18750
18712
18700
18687
18662
18650
18637
18625
18612
18600
18587
18575
18537
18525
18512
18500
18487
18500
18487
18475
18462
18450
18437
18425
18412
18400
18412
18400
18387
18400
18387
18375
18362
18375
18362
18375
18362
18375
18362
18350
18350
18350
18350
18350
18350
18337
18325
18312
18300
18312
18300
18312
18300
18312
18300
18312
18300
18312
18300
18312
18300
18312
18300
18312
18300
18287
18275
18262
18250
18237
18250
18237
18250
18237
18250
18237
18250
18237
18225
18212
18225
18212
18225
18237
18250
18262
18300
18337
18400
18462
18525
18587
18650
18737
18825
18912
19000
19075
19137
19187
19250
19312
19375
19437
19512
19562
19625
19650
19675
19687
19700
19675
19687
19675
19637
19600
19562
19500
19437
19375
19337
19300
19262
19225
19187
19137
19100
19062
19025
19012
19000
18962
18925
18912
18875
18837
18800
18787
18750
18712
18700
18687
18662
18650
18637
18600
18587
18575
18562
18550
18562
18575
18587
18600
18637
18650
18662
18687
18700
18712
18725
18737
18725
18737
18725
18737
18725
18712
18700
18687
18662
18650
18637
18600
18562
18550
18512
18475
18475
18475
18450
18425
18400
18362
18325
18312
18300
18312
18300
18312
18300
18287
18275
18262
18250
18237
18250
18237
18250
18237
18250
18237
18225
18212
18200
18200
18187
18200
18187
18200
18187
18200
18187
18175
18162
18150
18137
18125
18137
18125
18112
18100
18087
18075
18062
18075
18062
18075
18062
18075
18062
18075
18050
18050
18025
18025
18000
18012
18025
18062
18100
18137
18175
18212
18262
18312
18387
18462
18537
18600
18675
18750
18825
18887
18950
19012
19075
19137
19187
19250
19287
19325
19362
19375
19387
19425
19437
19425
19412
19375
19312
19250
19187
19137
19100
19062
19025
18987
18950
18887
18850
18812
18775
18737
18700
18662
18637
18600
18562
18525
18487
18450
18412
18400
18387
18375
18362
18375
18362
18375
18387
18425
18437
18475
18512
18525
18537
18550
18562
18550
18562
18550
18562
18550
18562
18550
18562
18550
18537
18525
18500
18450
18425
18400
18375
18362
18375
18362
18350
18337
18325
18312
18287
18287
18262
18237
18212
18200
18200
18187
18175
18162
18150
18137
18125
18137
18125
18137
18125
18137
18125
18112
18100
18112
18100
18112
18125
18137
18125
18137
18125
18112
18100
18112
18100
18112
18125
18137
18125
18137
18112
18112
18087
18087
18062
18075
18062
18075
18062
18075
18062
18075
18062
18075
18062
18075
18062
18075
18087
18100
18112
18150
18175
18212
18275
18337
18400
18462
18525
18587
18637
18700
18762
18825
18887
18950
19012
19075
19137
19187
19250
19312
19350
19387
19400
19387
19375
19362
19325
19287
19250
19187
19137
19075
19012
18950
18887
18825
18787
18750
18712
18700
18687
18662
18625
18587
18550
18512
18475
18462
18450
18437
18425
18412
18400
18387
18375
18362
18375
18362
18375
18387
18400
18412
18425
18437
18450
18462
18475
18512
18525
18537
18550
18562
18550
18562
18550
18562
18550
18537
18525
18512
18475
18462
18450
18437
18425
18412
18400
18387
18350
18337
18325
18312
18300
18287
18275
18262
18225
18212
18200
18200
18187
18175
18162
18150
18137
18125
18137
18125
18137
18125
18137
18125
18112
18100
18087
18075
18062
18075
18062
18075
18062
18075
18062
18075
18062
18075
18062
18075
18062
18075
18062
18075
18062
18075
18062
18075
18062
18050
18037
18050
18037
18050
18050
18050
18025
18025
18000
18012
18025
18062
18100
18150
18212
18275
18337
18400
18475
18550
18625
18712
18812
18912
19012
19100
19175
19250
19312
19350
19387
19400
19412
19400
19387
19375
19350
19325
19300
19275
19225
19187
19137
19075
19012
18950
18912
18875
18837
18800
18762
18725
18687
18662
18650
18637
18600
18587
18575
18537
18525
18500
18475
18450
18425
18375
18362
18325
18312
18300
18287
18275
18262
18250
18237
18250
18262
18300
18312
18350
18362
18375
18387
18387
18400
18412
18437
18425
18450
18462
18475
18450
18462
18450
18412
18400
18387
18350
18337
18325
18287
18275
18262
18225
18212
18200
18175
18162
18150
18112
18100
18087
18075
18062
18075
18050
18050
18025
18025
18000
18012
18000
18012
18000
18012
18000
17987
17975
17962
17950
17937
17950
17937
17950
17937
17950
17937
17950
17937
17925
17912
17900
17887
17875
17887
17875
17887
17875
17887
17875
17887
17875
17887
17875
17887
17875
17862
17850
17837
17825
17812
17825
17812
17825
17812
17825
17812
17825
17812
17800
17787
17775
17762
17775
17812
17850
17912
17975
18037
18100
18150
18212
18275
18337
18412
18487
18562
18650
18737
18812
18887
18950
19012
19075
19112
19150
19162
19137
19112
19075
19012
18950
18900
18825
18750
18700
18650
18612
18587
18575
18537
18500
18487
18450
18412
18375
18337
18300
18262
18225
18187
18150
18125
18087
18075
18087
18100
18112
18125
18137
18125
18137
18150
18162
18175
18200
18212
18225
18237
18250
18237
18262
18262
18287
18287
18287
18275
18262
18250
18237
18250
18237
18225
18212
18200
18175
18162
18150
18112
18100
18087
18050
18037
18025
18012
18000
18012
17987
17987
17962
17962
17937
17950
17937
17925
17912
17900
17887
17875
17887
17875
17862
17850
17862
17837
17837
17837
17837
17812
17825
17837
17850
17837
17850
17837
17825
17812
17825
17812
17825
17812
17825
17812
17825
17812
17825
17812
17825
17812
17825
17812
17825
17837
17850
17862
17900
17912
17925
17962
18000
18050
18112
18187
18262
18337
18400
18462
18525
18587
18637
18700
18762
18825
18887
18950
19012
19050
19087
19125
19137
19150
19162
19175
19162
19150
19137
19125
19087
19050
19012
18937
18887
18837
18787
18737
18700
18637
18587
18525
18462
18400
18362
18325
18287
18250
18237
18200
18175
18162
18150
18137
18125
18137
18150
18175
18187
18225
18262
18275
18287
18325
18337
18350
18362
18375
18362
18375
18362
18375
18362
18375
18362
18375
18362
18350
18337
18325
18287
18275
18262
18225
18212
18200
18200
18187
18175
18162
18150
18112
18100
18087
18075
18062
18050
18037
18025
18012
18000
18012
18000
18012
18000
17987
17975
17962
17950
17937
17950
17937
17950
17937
17950
17937
17950
17937
17950
17937
17950
17937
17950
17937
17950
17937
17950
17937
17925
17912
17900
17887
17875
17887
17875
17887
17900
17912
17925
17937
17962
17987
18037
18087
18150
18212
18275
18337
18400
18462
18525
18587
18637
18700
18762
18825
18887
18950
19012
19075
19137
19187
19225
19237
19225
19187
19162
19125
19087
19050
19012
18950
18912
18875
18837
18800
18762
18700
18637
18587
18550
18512
18475
18437
18425
18387
18350
18337
18325
18287
18275
18287
18275
18287
18300
18312
18300
18312
18300
18312
18300
18312
18325
18337
18350
18362
18375
18387
18400
18412
18450
18462
18475
18487
18500
18487
18500
18487
18500
18487
18475
18462
18450
18412
18400
18387
18350
18337
18325
18287
18275
18262
18250
18237
18225
18212
18200
18200
18187
18175
18162
18150
18137
18125
18112
18100
18087
18075
18062
18075
18062
18075
18062
18050
18037
18025
18012
18000
18012
18000
18012
18000
18012
18000
18012
18000
18012
18000
18012
18000
18012
18000
18012
18000
17987
17975
17962
17950
17937
17950
17937
17925
17912
17900
17887
17900
17912
17900
17912
17900
17887
17900
17937
17975
18037
18100
18175
18250
18337
18425
18500
18575
18637
18700
18762
18825
18887
18950
19012
19075
19137
19187
19225
19262
19275
19262
19225
19187
19137
19062
19012
18962
18912
18862
18825
18787
18750
18712
18700
18687
18662
18650
18637
18600
18562
18525
18462
18437
18412
18387
18387
18387
18350
18337
18325
18312
18300
18312
18325
18337
18350
18362
18375
18387
18400
18412
18425
18437
18425
18437
18450
18462
18487
18512
18512
18512
18512
18500
18487
18500
18487
18475
18462
18450
18437
18412
18412
18387
18362
18337
18325
18312
18300
18312
18300
18287
18275
18262
18250
18237
18225
18212
18200
18200
18175
18175
18150
18150
18125
18137
18125
18137
18125
18112
18100
18087
18075
18062
18075
18062
18075
18062
18075
18062
18075
18062
18075
18062
18075
18062
18075
18062
18075
18062
18075
18062
18075
18062
18050
18037
18025
18012
18000
18012
18000
18012
18000
18012
18000
18012
18000
18012
18000
18012
18025
18037
18050
18087
18125
18137
18175
18225
18250
18275
18337
18387
18412
18475
18537
18587
18625
18700
18762
18825
18887
18950
19012
19075
19137
19187
19225
19262
19275
19262
19225
19187
19137
19100
19062
19025
19012
19000
18962
18925
18887
18850
18812
18775
18737
18725
18687
18662
18650
18637
18600
18562
18550
18512
18475
18437
18400
18362
18325
18312
18300
18312
18325
18337
18350
18362
18375
18387
18400
18412
18450
18462
18475
18487
18500
18512
18525
18537
18575
18587
18600
18612
18625
18612
18600
18587
18575
18562
18550
18537
18500
18487
18450
18412
18400
18387
18375
18362
18350
18337
18325
18312
18300
18287
18275
18250
18237
18225
18237
18225
18250
18237
18225
18212
18200
18200
18187
18200
18187
18200
18187
18200
18187
18200
18187
18175
18162
18150
18137
18125
18137
18125
18137
18125
18137
18125
18137
18125
18112
18100
18112
18100
18112
18150
18175
18212
18275
18337
18400
18462
18525
18587
18637
18712
18787
18875
18962
19050
19125
19200
19250
19300
19350
19400
19412
19425
19412
19375
19337
19287
19262
19237
19212
19175
19137
19075
19012
18950
18887
18850
18812
18775
18762
18750
18712
18675
18637
18612
18575
18537
18525
18512
18500
18487
18500
18487
18500
18512
18525
18537
18575
18587
18600
18637
18650
18662
18675
18687
18675
18687
18687
18700
18712
18725
18712
18700
18687
18687
18675
18662
18650
18637
18600
18562
18550
18512
18500
18487
18475
18462
18450
18437
18425
18437
18425
18412
18375
18362
18325
18312
18300
18312
18287
18287
18262
18262
18237
18250
18237
18250
18237
18250
18237
18250
18237
18250
18237
18250
18237
18250
18237
18250
18237
18250
18237
18250
18237
18250
18237
18250
18237
18250
18237
18225
18212
18225
18212
18200
18212
18200
18200
18187
18200
18187
18200
18187
18175
18162
18175
18175
18187
18225
18262
18300
18337
18400
18462
18525
18587
18650
18737
18825
18925
19025
19112
19212
19312
19400
19487
19562
19600
19637
19650
19637
19600
19562
19500
19437
19375
19312
19250
19212
19187
19150
19137
19125
19087
19050
19012
18975
18937
18900
18862
18825
18787
18750
18712
18675
18662
18637
18625
18612
18625
18612
18625
18612
18625
18612
18625
18637
18650
18662
18687
18700
18712
18750
18762
18775
18787
18800
18787
18800
18775
18775
18775
18775
18750
18762
18750
18712
18700
18687
18662
18650
18637
18600
18587
18575
18562
18550
18537
18525
18512
18500
18487
18475
18437
18425
18387
18350
18337
18325
18312
18300
18312
18300
18312
18300
18312
18300
18312
18300
18312
18300
18312
18300
18312
18300
18287
18275
18262
18250
18237
18250
18237
18250
18237
18250
18237
18225
18212
18200
18200
18187
18175
18162
18150
18137
18150
18162
18175
18187
18200
18225
18250
18287
18350
18400
18462
18550
18612
18687
18762
18825
18900
18975
19050
19125
19175
19212
19262
19312
19362
19437
19500
19537
19575
19587
19600
19587
19600
19587
19575
19525
19500
19450
19400
19375
19362
19325
19287
19250
19212
19187
19150
19112
19100
19050
19025
19000
18975
18925
18887
18850
18812
18775
18737
18725
18687
18662
18625
18612
18575
18562
18550
18562
18575
18587
18600
18637
18650
18662
18687
18700
18712
18725
18737
18750
18762
18775
18787
18800
18787
18775
18762
18750
18737
18725
18737
18725
18712
18700
18687
18662
18650
18637
18600
18587
18575
18562
18550
18537
18500
18487
18450
18437
18425
18437
18425
18412
18400
18412
18400
18387
18400
18387
18375
18362
18375
18362
18375
18362
18375
18362
18350
18337
18350
18337
18350
18362
18375
18362
18350
18337
18325
18312
18300
18312
18300
18312
18300
18312
18300
18312
18300
18312
18287
18287
18287
18287
18262
18275
18262
18250
18237
18250
18237
18250
18237
18250
18237
18250
18237
18250
18237
18250
18262
18300
18337
18400
18462
18525
18587
18650
18725
18800
18875
18950
19025
19100
19187
19275
19362
19437
19500
19562
19625
19675
19712
19725
19712
19700
19675
19637
19600
19562
19500
19437
19375
19312
19275
19237
19212
19200
19187
19150
19112
19075
19012
18950
18887
18825
18787
18750
18712
18700
18687
18687
18675
18687
18675
18687
18675
18687
18687
18700
18712
18750
18762
18775
18812
18850
18862
18875
18887
18875
18862
18837
18837
18812
18812
18787
18775
18737
18725
18687
18687
18675
18662
18650
18637
18625
18612
18600
18587
18575
18562
18550
18537
18525
18512
18500
18487
18475
18462
18450
18437
18412
18425
18412
18400
18387
18387
18375
18362
18375
18362
18375
18362
18375
18362
18375
18362
18375
18362
18375
18362
18350
18337
18325
18312
18300
18312
18300
18312
18300
18312
18300
18287
18275
18262
18250
18237
18225
18212
18200
18175
18162
18150
18137
18125
18137
18125
18137
18125
18137
18125
18137
18150
18175
18212
18275
18337
18412
18487
18562
18625
18700
18775
18850
18925
19000
19087
19150
19225
19300
19375
19437
19500
19537
19587
19637
19662
19687
19712
19725
19712
19700
19662
19625
19562
19525
19475
19450
19425
19400
19350
19312
19275
19237
19212
19175
19137
19100
19062
19025
18987
18950
18887
18825
18787
18750
18712
18700
18687
18662
18650
18637
18625
18612
18625
18612
18625
18612
18625
18637
18650
18662
18687
18700
18712
18750
18762
18775
18787
18800
18787
18800
18787
18775
18762
18750
18737
18725
18712
18700
18687
18662
18625
18612
18575
18562
18550
18537
18525
18512
18475
18462
18450
18437
18425
18412
18400
18387
18375
18362
18375
18362
18375
18362
18375
18350
18350
18325
18325
18300
18312
18300
18312
18300
18287
18287
18287
18287
18287
18312
18300
18287
18275
18262
18250
18237
18250
18237
18250
18237
18225
18225
18225
18200
18200
18200
18200
18187
18200
18187
18200
18187
18200
18187
18175
18162
18150
18137
18125
18112
18100
18087
18075
18062
18050
18037
18025
18012
18000
18012
18000
17987
17975
17962
17950
17962
18000
18012
18050
18087
18125
18162
18237
18312
18387
18462
18537
18600
18675
18750
18825
18887
18950
19012
19075
19137
19187
19250
19312
19375
19412
19450
19487
19487
19487
19487
19462
19412
19375
19312
19250
19187
19137
19075
19012
18950
18887
18850
18812
18775
18762
18750
18712
18675
18637
18587
18550
18500
18475
18437
18425
18375
18362
18325
18325
18300
18312
18325
18337
18350
18387
18425
18437
18475
18512
18525
18537
18550
18562
18550
18562
18550
18537
18525
18512
18475
18437
18425
18387
18350
18337
18325
18287
18250
18237
18200
18200
18187
18200
18187
18200
18187
18175
18162
18150
18137
18125
18137
18125
18137
18125
18137
18125
18137
18125
18137
18125
18137
18125
18137
18125
18137
18125
18137
18125
18137
18125
18112
18100
18087
18075
18062
18075
18062
18075
18062
18075
18062
18075
18062
18075
18062
18050
18037
18025
18012
18000
18012
18000
18012
18025
18037
18050
18087
18125
18150
18212
18275
18337
18400
18462
18537
18600
18675
18750
18837
18912
18987
19062
19137
19187
19250
19312
19375
19412
19450
19462
19475
19462
19450
19412
19375
19312
19250
19187
19162
19125
19087
19050
19037
19000
18962
18925
18912
18875
18837
18825
18812
18775
18762
18750
18712
18675
18637
18612
18575
18537
18500
18487
18450
18412
18400
18387
18375
18362
18375
18362
18375
18362
18375
18387
18400
18412
18425
18437
18450
18462
18475
18487
18500
18512
18525
18537
18550
18537
18525
18512
18500
18487
18475
18437
18400
18337
18300
18250
18225
18200
18200
18187
18175
18162
18150
18137
18125
18112
18100
18087
18075
18062
18075
18062
18075
18062
18075
18062
18050
18037
18025
18012
18000
18012
18000
18012
18000
18012
18000
18012
18000
18012
18000
18012
18000
17987
17975
17962
17950
17937
17950
17937
17950
17937
17950
17937
17925
17912
17900
17887
17875
17887
17875
17887
17875
17887
17900
17937
17975
18050
18100
18150
18212
18275
18325
18400
18462
18525
18587
18637
18700
18762
18825
18887
18950
19012
19075
19137
19187
19250
19287
19325
19337
19350
19337
19325
19312
19300
19262
19212
19187
19150
19100
19050
19012
18950
18887
18825
18762
18700
18662
18625
18600
18575
18550
18525
18512
18475
18437
18425
18387
18350
18337
18325
18287
18275
18262
18250
18237
18250
18262
18275
18287
18300
18325
18350
18375
18400
18425
18437
18425
18437
18425
18437
18425
18412
18400
18387
18375
18362
18350
18337
18312
18287
18250
18237
18200
18200
18187
18200
18187
18175
18162
18150
18112
18100
18087
18075
18062
18050
18037
18025
18012
18000
17987
17975
17962
17950
17937
17950
17937
17925
17912
17900
17887
17875
17887
17875
17862
17850
17862
17837
17837
17837
17837
17837
17850
17837
17850
17837
17825
17812
17825
17812
17800
17787
17775
17762
17750
17762
17750
17737
17725
17712
17700
17687
17700
17725
17750
17775
17825
17887
17912
17975
18050
18125
18200
18300
18400
18487
18562
18662
18762
18850
18937
19012
19075
19112
19150
19162
19150
19137
19112
19062
19012
18962
18887
18825
18762
18700
18662
18625
18575
18525
18475
18387
18337
18287
18237
18212
18200
18175
18137
18125
18087
18050
18037
18025
18012
18000
18012
18000
18012
18025
18037
18050
18087
18100
18112
18150
18162
18175
18200
18212
18225
18237
18250
18237
18250
18237
18225
18212
18200
18175
18137
18125
18087
18050
18037
18025
18012
18000
17987
17975
17950
17937
17912
17912
17887
17900
17875
17862
17850
17837
17825
17812
17825
17812
17825
17812
17825
17812
17825
17800
17800
17800
17800
17800
17812
17825
17812
17825
17812
17825
17812
17825
17812
17800
17787
17775
17762
17750
17762
17750
17762
17750
17762
17750
17762
17750
17762
17750
17762
17750
17762
17750
17737
17725
17712
17700
17687
17700
17687
17700
17687
17700
17687
17700
17712
17725
17737
17775
17787
17812
17862
17912
17962
18037
18100
18150
18212
18275
18350
18425
18500
18575
18662
18737
18812
18887
18950
19012
19050
19087
19100
19112
19100
19087
19050
19012
18950
18887
18825
18762
18700
18662
18637
18600
18587
18575
18537
18500
18462
18425
18387
18350
18337
18325
18287
18275
18262
18225
18187
18150
18125
18087
18075
18062
18075
18087
18100
18112
18125
18137
18150
18162
18175
18200
18212
18225
18237
18250
18262
18275
18262
18275
18262
18250
18237
18250
18237
18225
18212
18200
18200
18187
18175
18162
18150
18112
18100
18075
18050
18025
18025
18000
17987
17975
17962
17950
17937
17925
17912
17900
17862
17850
17837
17825
17812
17825
17812
17800
17787
17775
17762
17750
17762
17750
17762
17750
17762
17750
17762
17750
17762
17750
17762
17750
17762
17750
17762
17750
17762
17737
17737
17712
17712
17687
17700
17687
17700
17687
17675
17662
17650
17650
17637
17650
17637
17650
17637
17650
17650
17662
17675
17712
17762
17812
17887
17975
18062
18125
18212
18312
18400
18487
18575
18637
18700
18762
18825
18887
18950
19012
19050
19087
19100
19112
19087
19087
19062
19037
18987
18950
18887
18825
18762
18700
18637
18587
18525
18487
18450
18412
18375
18362
18325
18287
18250
18212
18175
18150
18112
18100
18087
18075
18062
18050
18037
18050
18037
18050
18062
18075
18062
18075
18087
18125
18137
18175
18187
18200
18200
18212
18225
18237
18250
18237
18250
18237
18250
18237
18225
18212
18200
18175
18137
18100
18062
18025
18012
18000
17987
17975
17962
17925
17912
17900
17862
17850
17837
17825
17812
17800
17787
17762
17737
17737
17737
17737
17737
17737
17712
17712
17687
17700
17687
17700
17687
17700
17687
17700
17687
17700
17687
17700
17687
17700
17687
17675
17662
17675
17662
17675
17687
17675
17662
17650
17650
17637
17650
17637
17650
17637
17650
17637
17650
17637
17625
17612
17600
17587
17575
17587
17575
17562
17550
17537
17525
17512
17525
17537
17575
17600
17662
17725
17787
17837
17912
17975
18037
18100
18175
18250
18337
18425
18500
18575
18637
18700
18762
18825
18900
18950
18975
18975
18950
18887
18825
18762
18700
18637
18587
18512
18462
18412
18362
18312
18275
18212
18150
18125
18087
18050
18012
18000
17962
17925
17912
17900
17887
17875
17887
17875
17887
17875
17887
17875
17887
17900
17912
17925
17937
17950
17962
17975
17987
18025
18037
18050
18087
18100
18112
18125
18137
18125
18137
18125
18137
18125
18137
18125
18137
18125
18112
18100
18087
18050
18037
18025
17987
17975
17962
17925
17912
17900
17862
17850
17825
17800
17775
17750
17725
17712
17675
17662
17650
17650
17637
17625
17612
17600
17587
17575
17587
17575
17587
17575
17587
17575
17587
17600
17612
17600
17612
17600
17587
17575
17587
17575
17587
17575
17587
17575
17587
17575
17587
17575
17562
17550
17537
17525
17512
17525
17512
17525
17537
17575
17600
17662
17725
17787
17850
17912
17975
18037
18100
18162
18237
18325
18425
18500
18575
18637
18700
18750
18800
18812
18825
18812
18762
18737
18700
18662
18637
18612
18562
18525
18462
18400
18362
18325
18287
18275
18262
18225
18187
18150
18100
18037
18000
17962
17925
17912
17900
17887
17862
17862
17837
17837
17812
17825
17837
17850
17862
17875
17887
17875
17887
17900
17912
17937
17962
17987
17987
18012
18025
18037
18050
18062
18075
18062
18075
18062
18075
18062
18050
18037
18025
18012
18000
17987
17975
17962
17950
17937
17925
17912
17900
17862
17850
17837
17800
17787
17775
17762
17750
17762
17737
17737
17712
17712
17687
17700
17687
17675
17662
17650
17650
17637
17650
17637
17625
17612
17600
17587
17575
17587
17575
17587
17575
17587
17575
17587
17575
17587
17575
17587
17575
17587
17575
17587
17575
17587
17575
17587
17575
17562
17550
17537
17525
17512
17525
17512
17525
17512
17525
17512
17525
17537
17550
17562
17600
17625
17662
17737
17812
17887
17962
18037
18100
18150
18212
18275
18350
18425
18500
18575
18637
18712
18762
18812
18862
18887
18900
18937
18950
18962
18975
18962
18925
18887
18850
18800
18775
18750
18725
18675
18637
18587
18550
18512
18475
18437
18425
18387
18350
18312
18275
18237
18200
18175
18137
18125
18087
18050
18037
18025
17987
17975
17962
17950
17937
17925
17912
17900
17887
17875
17887
17900
17912
17925
17962
17975
18000
18025
18050
18075
18100
18112
18125
18137
18150
18162
18150
18162
18150
18112
18075
18062
18025
17987
17975
17962
17925
17887
17875
17837
17825
17812
17800
17787
17775
17762
17750
17737
17725
17712
17700
17687
17700
17687
17675
17662
17650
17650
17637
17650
17637
17650
17637
17650
17637
17650
17637
17650
17637
17650
17637
17650
17637
17650
17637
17650
17637
17650
17637
17650
17637
17625
17612
17600
17587
17575
17587
17575
17587
17600
17612
17625
17650
17662
17675
17712
17750
17787
17850
17912
17975
18037
18100
18150
18212
18275
18337
18400
18475
18525
18575
18625
18662
18700
18762
18800
18837
18875
18912
18925
18962
18975
18987
18975
18987
18975
18962
18950
18937
18900
18862
18825
18762
18725
18687
18662
18625
18587
18525
18462
18400
18337
18300
18262
18225
18212
18200
18175
18162
18150
18112
18075
18062
18025
17987
17975
17962
17950
17937
17950
17937
17950
17937
17950
17962
17975
17987
18000
18025
18025
18050
18075
18100
18112
18150
18162
18175
18200
18212
18200
18212
18200
18200
18187
18200
18187
18200
18175
18175
18150
18150
18125
18137
18125
18112
18075
18062
18025
17987
17975
17962
17925
17887
17875
17837
17800
17787
17775
17762
17750
17737
17725
17712
17700
17687
17700
17687
17700
17687
17700
17687
17700
17687
17700
17687
17700
17687
17675
17662
17650
17650
17637
17650
17637
17650
17637
17650
17637
17650
17637
17625
17625
17625
17625
17625
17625
17612
17600
17587
17600
17612
17625
17650
17687
17737
17812
17887
17962
18050
18112
18187
18262
18337
18400
18462
18525
18587
18637
18700
18762
18825
18887
18925
18962
19000
19012
19025
19037
19025
18987
18950
18887
18825
18787
18750
18712
18675
18637
18587
18525
18487
18450
18412
18375
18362
18325
18287
18275
18250
18225
18200
18175
18162
18150
18137
18112
18112
18087
18062
18037
18025
18012
18000
18012
18000
18012
18000
18012
18025
18037
18050
18087
18100
18112
18150
18162
18175
18187
18200
18200
18212
18200
18212
18200
18200
18187
18200
18175
18175
18150
18125
18075
18062
18025
17987
17975
17962
17950
17925
17925
17900
17900
17875
17887
17875
17862
17850
17837
17825
17812
17800
17787
17775
17762
17750
17762
17750
17762
17750
17737
17737
17737
17737
17737
17762
17750
17762
17750
17762
17750
17762
17750
17762
17750
17762
17750
17762
17750
17762
17750
17762
17750
17737
17725
17712
17700
17687
17700
17687
17712
17700
17712
17725
17762
17787
17850
17912
17975
18037
18100
18150
18212
18287
18362
18450
18537
18612
18687
18762
18825
18887
18950
19012
19050
19087
19125
19137
19150
19162
19175
19150
19125
19075
19025
18950
18887
18825
18787
18750
18712
18675
18637
18587
18525
18462
18400
18337
18275
18212
18175
18150
18137
18125
18137
18125
18137
18125
18137
18125
18137
18150
18162
18175
18200
18212
18225
18237
18250
18262
18275
18262
18275
18262
18250
18237
18225
18187
18175
18150
18112
18100
18087
18050
18012
18000
17962
17925
17912
17900
17887
17875
17862
17850
17837
17825
17812
17825
17812
17825
17812
17825
17812
17825
17812
17825
17812
17825
17800
17800
17775
17775
17750
17762
17750
17762
17750
17762
17750
17762
17750
17762
17750
17737
17737
17725
17712
17700
17712
17687
17700
17687
17700
17712
17750
17787
17850
17912
17975
18037
18100
18150
18225
18300
18375
18450
18537
18612
18700
18787
18875
18950
19012
19075
19112
19125
19112
19100
19062
19025
19012
19000
18962
18925
18887
18825
18787
18750
18712
18675
18637
18612
18575
18537
18500
18462
18400
18325
18275
18225
18175
18162
18150
18112
18100
18087
18075
18062
18075
18062
18075
18087
18100
18112
18150
18162
18175
18187
18200
18200
18225
18225
18250
18262
18275
18287
18300
18312
18300
18312
18300
18287
18250
18212
18150
18125
18087
18050
18037
18025
18012
17987
17987
17962
17962
17937
17925
17912
17900
17862
17850
17837
17825
17812
17825
17812
17825
17812
17825
17812
17825
17812
17825
17812
17825
17812
17825
17812
17825
17812
17825
17812
17825
17812
17825
17812
17825
17812
17825
17812
17825
17812
17825
17812
17825
17812
17800
17787
17775
17762
17750
17737
17725
17712
17675
17662
17650
17650
17637
17650
17675
17725
17775
17850
17912
17975
18037
18100
18150
18212
18287
18362
18437
18512
18587
18637
18700
18762
18837
18887
18950
19012
19075
19100
19150
19187
19200
19187
19175
19137
19075
19000
18950
18900
18850
18800
18750
18700
18650
18612
18587
18575
18537
18525
18512
18475
18437
18400
18362
18325
18287
18250
18212
18175
18150
18137
18125
18112
18100
18087
18075
18062
18075
18062
18075
18062
18075
18087
18125
18137
18175
18187
18200
18200
18212
18225
18262
18275
18287
18300
18312
18300
18287
18275
18262
18250
18225
18225
18200
18175
18162
18150
18112
18100
18087
18050
18012
18000
17950
17925
17925
17925
17900
17912
17900
17887
17875
17887
17875
17887
17862
17862
17837
17837
17812
17825
17812
17825
17800
17800
17775
17775
17750
17762
17750
17762
17750
17762
17750
17762
17750
17762
17750
17762
17750
17762
17750
17762
17750
17762
17750
17762
17750
17762
17750
17762
17750
17737
17725
17712
17700
17687
17700
17687
17700
17687
17700
17687
17700
17687
17700
17687
17712
17712
17737
17762
17825
17875
17962
18050
18125
18212
18300
18375
18450
18525
18587
18637
18700
18762
18825
18887
18950
19012
19075
19137
19162
19187
19187
19187
19162
19150
19112
19100
19062
19025
18987
18950
18887
18850
18812
18775
18737
18700
18637
18587
18525
18487
18450
18412
18375
18337
18300
18262
18225
18187
18150
18125
18087
18075
18062
18075
18062
18075
18087
18100
18112
18150
18162
18175
18200
18237
18250
18287
18300
18312
18300
18312
18300
18312
18300
18312
18300
18312
18300
18287
18275
18262
18250
18225
18225
18200
18200
18187
18175
18162
18150
18112
18100
18087
18075
18062
18075
18062
18050
18037
18025
18012
17987
17987
17962
17962
17937
17925
17912
17900
17887
17875
17862
17850
17837
17825
17812
17825
17812
17825
17812
17825
17812
17825
17812
17825
17812
17825
17812
17825
17812
17825
17812
17825
17812
17825
17812
17825
17812
17825
17812
17800
17787
17800
17787
17775
17787
17800
17787
17775
17787
17775
17762
17750
17737
17725
17712
17700
17687
17675
17662
17675
17687
17725
17787
17850
17912
17987
18062
18125
18212
18300
18375
18462
18550
18612
18687
18762
18825
18887
18950
19012
19087
19137
19187
19225
19250
19262
19275
19262
19225
19187
19162
19125
19075
19025
18975
18900
18812
18762
18700
18662
18637
18612
18562
18550
18512
18475
18462
18450
18412
18375
18337
18275
18237
18200
18175
18162
18175
18162
18150
18162
18150
18137
18125
18137
18150
18162
18175
18187
18200
18200
18212
18225
18237
18250
18262
18275
18300
18325
18325
18325
18325
18312
18300
18287
18250
18237
18187
18150
18125
18100
18050
18037
18012
17987
17962
17937
17912
17925
17900
17900
17900
17900
17875
17862
17850
17862
17837
17837
17837
17837
17812
17825
17812
17825
17812
17825
17812
17825
17812
17825
17812
17825
17812
17825
17812
17825
17812
17825
17812
17825
17812
17800
17787
17775
17762
17750
17762
17750
17762
17750
17737
17725
17712
17700
17687
17700
17687
17675
17662
17650
17650
17637
17650
17637
17650
17637
17625
17612
17625
17612
17625
17650
17687
17725
17787
17862
17937
18025
18100
18187
18262
18337
18400
18462
18525
18587
18662
18737
18825
18912
18987
19062
19112
19150
19162
19175
19162
19150
19112
19062
19012
18962
18912
18862
18825
18762
18700
18637
18587
18525
18462
18400
18362
18325
18287
18275
18262
18225
18187
18150
18100
18062
18012
17987
17987
17987
17987
18025
18037
18050
18087
18125
18137
18175
18187
18200
18187
18200
18187
18175
18137
18100
18062
18025
18012
18000
17987
17950
17937
17900
17862
17850
17837
17825
17812
17825
17812
17825
17812
17800
17787
17775
17762
17750
17762
17750
17762
17750
17762
17750
17762
17750
17737
17725
17712
17700
17687
17700
17687
17700
17687
17700
17687
17675
17662
17650
17650
17637
17650
17637
17625
17612
17600
17587
17575
17587
17575
17587
17600
17625
17662
17725
17787
17862
17937
17987
18050
18112
18150
18200
18287
18362
18437
18512
18587
18637
18700
18762
18825
18887
18950
18987
19025
19062
19075
19062
19050
19012
18975
18937
18900
18862
18825
18762
18700
18637
18587
18525
18462
18400
18362
18325
18287
18275
18262
18225
18187
18175
18150
18112
18100
18087
18050
18037
18025
18012
17987
17987
17962
17962
17925
17937
17950
17987
18000
18050
18062
18075
18087
18100
18112
18125
18137
18125
18137
18125
18112
18075
18062
18025
17987
17975
17962
17925
17912
17900
17887
17875
17862
17850
17837
17800
17787
17775
17737
17725
17712
17700
17687
17700
17687
17675
17662
17650
17650
17637
17650
17637
17650
17637
17650
17637
17650
17625
17625
17600
17600
17575
17587
17600
17612
17600
17612
17600
17587
17575
17587
17575
17587
17575
17587
17575
17587
17575
17587
17575
17587
17575
17587
17575
17562
17550
17537
17525
17512
17525
17512
17525
17512
17525
17512
17525
17512
17500
17487
17475
17462
17450
17462
17450
17462
17450
17462
17475
17512
17550
17600
17662
17725
17787
17850
17912
17975
18037
18100
18175
18262
18350
18450
18537
18612
18687
18762
18825
18887
18925
18962
18975
18962
18950
18937
18900
18862
18825
18762
18700
18637
18587
18525
18462
18400
18337
18275
18212
18175
18150
18112
18075
18037
17975
17937
17900
17887
17875
17862
17850
17837
17825
17812
17825
17837
17850
17862
17900
17912
17925
17937
17950
17962
17975
17987
18000
18012
18000
18012
18000
17987
17975
17962
17925
17887
17875
17837
17800
17787
17775
17737
17725
17712
17675
17662
17650
17650
17637
17625
17587
17575
17537
17525
17512
17525
17512
17500
17487
17475
17462
17450
17462
17450
17462
17450
17462
17450
17462
17450
17462
17450
17462
17450
17462
17450
17462
17450
17437
17425
17437
17425
17437
17450
17437
17425
17437
17425
17412
17425
17412
17400
17387
17375
17362
17350
17337
17325
17337
17325
17312
17300
17312
17300
17287
17300
17287
17275
17262
17275
17262
17275
17287
17325
17362
17425
17500
17562
17650
17750
17862
17962
18062
18137
18212
18275
18337
18400
18462
18525
18587
18625
18662
18687
18712
18712
18737
18725
18712
18675
18637
18587
18512
18462
18412
18362
18312
18275
18212
18150
18100
18062
18012
17987
17962
17937
17887
17875
17837
17800
17762
17750
17712
17675
17637
17625
17600
17587
17575
17587
17600
17612
17625
17650
17687
17725
17762
17800
17812
17825
17812
17825
17812
17800
17787
17775
17762
17750
17737
17725
17712
17675
17662
17650
17625
17612
17600
17562
17550
17537
17525
17512
17500
17487
17475
17462
17450
17437
17425
17412
17400
17387
17400
17387
17400
17387
17375
17362
17375
17362
17350
17362
17350
17337
17350
17362
17350
17362
17350
17337
17325
17337
17325
17312
17300
17312
17300
17312
17325
17337
17325
17337
17325
17337
17350
17387
17425
17487
17550
17600
17662
17725
17787
17850
17925
18000
18075
18137
18212
18275
18337
18400
18462
18525
18587
18625
18662
18687
18687
18662
18637
18587
18525
18487
18437
18387
18337
18287
18212
18175
18150
18112
18075
18037
17975
17912
17875
17837
17800
17787
17775
17737
17725
17712
17675
17662
17650
17650
17637
17650
17637
17650
17637
17650
17650
17675
17700
17725
17737
17775
17787
17800
17812
17825
17837
17850
17862
17875
17887
17875
17862
17850
17837
17800
17787
17775
17737
17725
17712
17675
17662
17637
17625
17600
17600
17575
17562
17550
17537
17525
17512
17500
17487
17475
17462
17450
17462
17450
17437
17425
17412
17412
17400
17412
17400
17412
17387
17400
17387
17400
17387
17375
17362
17375
17362
17375
17387
17400
17387
17375
17362
17375
17362
17350
17362
17350
17337
17325
17337
17325
17337
17325
17337
17325
17337
17325
17337
17325
17312
17300
17312
17287
17287
17287
17287
17287
17300
17287
17300
17287
17275
17262
17275
17262
17275
17287
17325
17362
17425
17487
17550
17600
17662
17725
17800
17875
17950
18025
18100
18162
18237
18312
18387
18462
18525
18587
18637
18675
18712
18750
18762
18750
18737
18700
18637
18587
18525
18462
18400
18337
18275
18212
18150
18100
18062
18025
17987
17950
17937
17900
17862
17850
17837
17800
17762
17750
17712
17700
17687
17700
17687
17700
17687
17700
17712
17725
17737
17750
17775
17775
17800
17800
17825
17837
17850
17875
17900
17900
17900
17900
17887
17875
17862
17850
17837
17800
17787
17775
17737
17725
17712
17675
17662
17650
17625
17612
17600
17587
17575
17562
17550
17537
17500
17487
17475
17462
17450
17462
17450
17437
17425
17412
17400
17387
17400
17387
17400
17387
17400
17387
17400
17387
17375
17362
17350
17337
17325
17337
17325
17337
17325
17337
17325
17337
17325
17337
17325
17337
17325
17312
17300
17287
17275
17262
17275
17262
17250
17237
17225
17212
17200
17212
17200
17212
17225
17262
17300
17362
17425
17487
17550
17625
17700
17775
17850
17912
17987
18062
18150
18237
18325
18400
18462
18525
18587
18637
18675
18712
18725
18737
18750
18762
18775
18787
18775
18762
18750
18712
18675
18662
18625
18575
18525
18475
18400
18325
18275
18225
18175
18137
18100
18062
18025
17987
17950
17937
17900
17887
17875
17862
17825
17787
17725
17687
17650
17650
17637
17625
17612
17625
17612
17625
17637
17650
17650
17662
17675
17687
17700
17712
17725
17737
17775
17787
17800
17812
17825
17812
17800
17787
17775
17737
17725
17700
17675
17650
17625
17612
17600
17562
17562
17562
17537
17512
17512
17475
17462
17450
17437
17425
17412
17400
17387
17400
17387
17375
17362
17375
17362
17350
17362
17375
17362
17350
17362
17350
17337
17350
17362
17350
17362
17375
17362
17375
17387
17400
17387
17400
17387
17400
17387
17375
17362
17350
17337
17325
17337
17325
17337
17325
17312
17300
17312
17300
17312
17350
17387
17425
17487
17550
17612
17687
17762
17850
17937
18012
18087
18150
18212
18275
18337
18400
18462
18525
18562
18600
18612
18600
18562
18550
18512
18475
18437
18400
18337
18275
18212
18150
18125
18075
18050
18012
18000
17962
17937
17912
17887
17862
17837
17812
17762
17725
17662
17625
17600
17562
17550
17537
17525
17537
17550
17562
17575
17587
17600
17612
17625
17650
17662
17675
17687
17700
17712
17725
17737
17775
17787
17800
17812
17825
17812
17825
17812
17825
17812
17825
17812
17800
17787
17775
17762
17750
17762
17750
17737
17725
17712
17700
17687
17700
17675
17675
17650
17625
17612
17600
17587
17562
17562
17537
17537
17512
17525
17512
17500
17487
17475
17462
17450
17437
17425
17437
17425
17412
17425
17412
17400
17387
17400
17387
17400
17387
17400
17387
17400
17387
17400
17387
17400
17387
17400
17387
17400
17387
17400
17387
17400
17387
17400
17387
17400
17387
17400
17387
17375
17362
17350
17337
17350
17350
17350
17350
17350
17325
17337
17325
17337
17325
17337
17350
17387
17425
17487
17550
17625
17700
17775
17850
17912
17987
18062
18125
18200
18275
18337
18400
18462
18525
18587
18637
18675
18712
18725
18712
18700
18675
18662
18637
18612
18562
18525
18462
18425
18387
18350
18312
18275
18212
18150
18100
18062
18025
17987
17950
17912
17875
17837
17800
17762
17725
17687
17650
17625
17612
17625
17612
17625
17637
17650
17650
17675
17675
17700
17712
17725
17737
17775
17787
17800
17812
17825
17812
17825
17812
17825
17812
17800
17787
17775
17737
17700
17687
17650
17625
17612
17600
17587
17575
17562
17550
17537
17525
17512
17500
17487
17475
17462
17450
17462
17450
17437
17425
17412
17400
17387
17400
17387
17400
17387
17400
17387
17400
17387
17400
17387
17400
17387
17375
17362
17375
17362
17375
17387
17400
17387
17375
17362
17350
17337
17325
17337
17325
17337
17325
17337
17325
17337
17325
17337
17350
17387
17425
17462
17512
17562
17600
17650
17725
17800
17887
17975
18062
18137
18225
18300
18375
18462
18525
18587
18637
18700
18725
18775
18787
18775
18737
18700
18637
18612
18575
18537
18500
18462
18400
18337
18275
18212
18175
18137
18112
18087
18062
18037
18025
17987
17950
17937
17900
17862
17850
17837
17800
17787
17762
17737
17712
17712
17687
17675
17675
17675
17650
17650
17675
17662
17675
17687
17700
17712
17750
17787
17825
17862
17875
17887
17875
17887
17875
17887
17875
17887
17875
17887
17875
17862
17850
17837
17825
17812
17800
17787
17775
17762
17737
17737
17712
17712
17675
17650
17600
17575
17537
17525
17512
17500
17487
17475
17437
17425
17412
17400
17387
17400
17387
17400
17387
17375
17362
17375
17350
17350
17350
17350
17325
17337
17325
17337
17325
17337
17325
17337
17325
17337
17325
17337
17325
17337
17325
17337
17325
17337
17325
17337
17325
17337
17325
17337
17325
17337
17325
17337
17325
17337
17325
17337
17312
17312
17287
17287
17262
17275
17262
17275
17262
17275
17287
17300
17312
17350
17387
17425
17487
17550
17600
17662
17725
17800
17887
17975
18062
18162
18250
18337
18425
18500
18575
18637
18700
18762
18800
18837
18837
18837
18812
18787
18737
18700
18637
18587
18525
18462
18400
18337
18275
18212
18175
18150
18112
18075
18062
18012
17987
17962
17962
17937
17925
17912
17887
17837
17787
17762
17712
17700
17687
17700
17687
17700
17687
17712
17712
17737
17737
17762
17775
17787
17800
17837
17850
17862
17900
17912
17925
17937
17950
17962
17975
17962
17975
17962
17950
17937
17925
17887
17875
17837
17800
17762
17750
17712
17675
17662
17650
17650
17637
17625
17587
17575
17562
17550
17537
17550
17537
17525
17512
17525
17512
17525
17512
17500
17487
17500
17487
17500
17500
17500
17500
17500
17475
17487
17500
17487
17500
17512
17525
17512
17525
17512
17500
17487
17475
17462
17450
17462
17450
17462
17450
17462
17450
17462
17450
17462
17450
17462
17475
17512
17550
17600
17662
17725
17787
17850
17912
17987
18062
18125
18200
18275
18337
18400
18462
18537
18600
18675
18750
18800
18837
18875
18887
18875
18862
18825
18762
18700
18637
18587
18525
18462
18400
18362
18325
18287
18250
18212
18150
18125
18087
18050
18037
18025
17987
17950
17937
17900
17862
17850
17837
17825
17812
17825
17812
17825
17837
17850
17862
17875
17887
17900
17937
17950
17987
18000
18012
18000
18012
18025
18037
18050
18062
18075
18062
18075
18062
18075
18062
18050
18037
18025
17987
17950
17937
17900
17862
17825
17812
17775
17762
17750
17762
17737
17737
17712
17687
17662
17650
17650
17637
17625
17612
17600
17587
17575
17587
17575
17587
17575
17587
17575
17587
17575
17587
17575
17587
17575
17587
17575
17587
17575
17587
17575
17587
17575
17562
17550
17537
17525
17512
17525
17512
17525
17512
17525
17512
17525
17500
17500
17475
17475
17450
17437
17425
17412
17400
17387
17400
17387
17412
17412
17437
17462
17512
17550
17600
17662
17725
17787
17850
17925
18000
18075
18137
18212
18287
18362
18437
18512
18587
18637
18700
18762
18825
18887
18925
18962
18975
18962
18950
18937
18900
18887
18875
18837
18825
18812
18775
18737
18725
18687
18662
18650
18625
18575
18525
18475
18400
18362
18325
18287
18250
18212
18175
18150
18112
18100
18087
18050
18037
18025
18012
18000
17987
17950
17937
17900
17887
17875
17887
17875
17887
17875
17887
17900
17912
17925
17962
17975
17987
18000
18012
18025
18037
18050
18062
18075
18062
18075
18087
18100
18087
18100
18087
18050
18037
18025
17987
17975
17962
17925
17912
17900
17862
17825
17787
17750
17712
17675
17662
17650
17650
17637
17650
17637
17625
17612
17600
17587
17575
17587
17575
17587
17575
17587
17575
17587
17575
17587
17575
17587
17575
17587
17575
17587
17575
17587
17575
17587
17575
17587
17575
17587
17575
17587
17575
17587
17575
17587
17575
17562
17550
17537
17525
17512
17525
17512
17525
17512
17500
17487
17475
17462
17450
17462
17450
17462
17450
17437
17425
17412
17375
17375
17375
17350
17350
17375
17362
17375
17412
17450
17487
17550
17600
17662
17725
17787
17850
17925
18000
18075
18137
18225
18300
18375
18450
18525
18587
18662
18737
18812
18887
18925
18962
18975
18962
18925
18875
18800
18725
18650
18575
18525
18475
18425
18375
18337
18300
18262
18225
18187
18150
18100
18062
18025
17987
17975
17962
17925
17912
17900
17862
17850
17837
17825
17812
17825
17812
17825
17837
17850
17862
17900
17912
17925
17962
17975
18000
18025
18050
18050
18050
18012
17975
17937
17900
17862
17850
17837
17800
17762
17750
17712
17675
17637
17625
17600
17587
17575
17587
17575
17562
17550
17537
17525
17512
17525
17512
17500
17487
17475
17462
17450
17462
17450
17462
17450
17462
17450
17462
17475
17487
17500
17512
17500
17487
17475
17462
17450
17462
17450
17462
17450
17462
17450
17462
17450
17437
17425
17412
17400
17387
17400
17387
17400
17387
17375
17362
17350
17337
17325
17337
17325
17337
17350
17362
17375
17412
17450
17487
17550
17600
17662
17725
17800
17887
17975
18062
18162
18262
18362
18462
18550
18625
18700
18762
18800
18812
18800
18762
18700
18637
18612
18575
18537
18500
18462
18400
18337
18300
18262
18225
18187
18150
18125
18087
18050
18037
18025
17987
17975
17962
17925
17887
17875
17837
17800
17787
17775
17762
17750
17737
17725
17712
17675
17662
17675
17662
17675
17687
17700
17687
17700
17712
17725
17737
17775
17787
17800
17837
17850
17862
17875
17887
17875
17900
17900
17925
17925
17950
17962
17975
17987
18000
17987
17975
17962
17950
17937
17925
17912
17900
17862
17850
17837
17800
17787
17775
17737
17725
17712
17675
17662
17650
17625
17612
17600
17562
17550
17537
17525
17512
17525
17512
17525
17512
17525
17512
17500
17487
17475
17462
17475
17475
17475
17500
17500
17500
17512
17500
17487
17475
17462
17450
17462
17450
17462
17450
17462
17450
17462
17450
17462
17450
17462
17450
17437
17437
17437
17412
17412
17412
17400
17387
17400
17387
17375
17362
17350
17337
17325
17337
17325
17337
17325
17337
17325
17337
17362
17387
17425
17462
17512
17550
17600
17662
17762
17850
17950
18050
18125
18212
18300
18375
18450
18525
18587
18637
18700
18762
18825
18862
18875
18887
18875
18837
18800
18762
18700
18637
18587
18525
18462
18425
18387
18350
18312
18275
18237
18200
18175
18137
18125
18075
18050
18025
18000
17950
17937
17900
17862
17850
17837
17825
17812
17800
17787
17775
17762
17775
17787
17800
17837
17850
17862
17875
17887
17900
17937
17950
17987
18000
18012
18000
18012
18000
18012
18000
18012
18000
17987
17975
17962
17925
17912
17900
17887
17875
17862
17825
17812
17775
17737
17700
17687
17650
17625
17612
17600
17587
17575
17562
17550
17537
17525
17512
17525
17512
17525
17512
17525
17512
17500
17487
17500
17487
17500
17512
17525
17512
17500
17487
17475
17475
17462
17475
17462
17475
17450
17462
17450
17462
17450
17462
17450
17462
17450
17437
17425
17412
17375
17362
17350
17312
17300
17287
17275
17262
17275
17262
17275
17262
17250
17250
17275
17275
17312
17375
17425
17475
17550
17612
17687
17762
17837
17912
17975
18037
18100
18187
18275
18362
18450
18537
18600
18675
18750
18800
18837
18850
18862
18837
18837
18812
18787
18737
18700
18637
18587
18525
18462
18387
18337
18287
18237
18187
18150
18100
18062
18025
17987
17975
17962
17925
17887
17850
17787
17725
17687
17650
17650
17650
17662
17675
17712
17725
17737
17775
17812
17850
17887
17925
17937
17950
17937
17925
17912
17900
17862
17850
17837
17800
17787
17775
17737
17700
17687
17650
17650
17625
17625
17600
17600
17575
17562
17550
17537
17525
17512
17500
17487
17475
17462
17450
17462
17450
17437
17425
17412
17400
17387
17400
17387
17400
17387
17400
17412
17425
17412
17437
17437
17412
17412
17412
17400
17387
17400
17387
17400
17387
17375
17362
17350
17337
17325
17337
17325
17337
17312
17312
17312
17312
17312
17325
17337
17350
17387
17437
17487
17550
17587
17625
17662
17737
17800
17887
17962
18037
18100
18150
18212
18287
18337
18400
18462
18525
18575
18637
18675
18687
18675
18637
18612
18575
18537
18500
18462
18400
18337
18275
18212
18150
18125
18087
18050
18037
18012
17987
17962
17937
17912
17900
17862
17825
17812
17775
17737
17700
17687
17650
17625
17612
17600
17587
17600
17612
17625
17650
17662
17675
17712
17725
17737
17775
17787
17800
17812
17825
17812
17825
17812
17800
17787
17775
17737
17700
17662
17625
17600
17562
17550
17537
17500
17487
17475
17437
17425
17412
17400
17387
17400
17387
17375
17362
17350
17337
17325
17337
17325
17337
17325
17337
17325
17337
17325
17337
17325
17337
17325
17337
17325
17337
17325
17337
17325
17337
17325
17337
17325
17337
17325
17337
17325
17312
17300
17287
17275
17262
17275
17262
17250
17237
17225
17212
17200
17212
17200
17212
17200
17212
17200
17212
17225
17262
17300
17362
17425
17487
17550
17600
17662
17725
17787
17850
17912
17975
18037
18100
18150
18212
18287
18362
18437
18525
18600
18675
18725
18775
18787
18775
18737
18700
18637
18587
18525
18462
18400
18337
18275
18212
18175
18150
18112
18075
18062
18025
17987
17975
17950
17900
17850
17800
17750
17712
17675
17662
17650
17650
17625
17625
17600
17600
17575
17587
17600
17612
17625
17637
17650
17650
17662
17675
17712
17725
17737
17775
17787
17800
17812
17825
17812
17825
17812
17825
17812
17800
17787
17775
17737
17725
17712
17675
17662
17650
17625
17612
17600
17562
17550
17537
17500
17487
17475
17437
17425
17412
17400
17387
17400
17387
17375
17362
17350
17337
17325
17337
17325
17337
17325
17337
17325
17337
17325
17337
17325
17337
17325
17337
17325
17337
17325
17337
17350
17362
17350
17362
17350
17337
17325
17337
17325
17337
17325
17337
17325
17337
17325
17337
17325
17312
17300
17312
17287
17287
17287
17287
17262
17275
17287
17287
17287
17287
17287
17262
17250
17237
17225
17212
17200
17212
17200
17187
17175
17187
17200
17212
17262
17287
17312
17337
17400
17450
17525
17587
17675
17750
17837
17925
18012
18087
18150
18212
18287
18362
18437
18512
18587
18637
18687
18712
18737
18725
18712
18675
18637
18587
18550
18512
18475
18437
18400
18337
18275
18237
18200
18175
18137
18100
18037
17975
17912
17875
17837
17825
17800
17800
17775
17750
17700
17687
17650
17650
17625
17625
17625
17625
17625
17637
17650
17637
17650
17650
17687
17700
17737
17775
17812
17825
17862
17875
17887
17875
17887
17875
17862
17850
17837
17800
17787
17775
17737
17700
17662
17600
17550
17512
17475
17437
17425
17412
17400
17387
17400
17387
17400
17387
17400
17387
17400
17387
17400
17387
17375
17362
17350
17337
17325
17337
17325
17337
17325
17337
17325
17312
17300
17287
17275
17262
17275
17262
17275
17287
17325
17337
17387
17437
17487
17537
17600
17675
17750
17825
17900
17975
18037
18100
18150
18225
18275
18337
18400
18462
18512
18587
18625
18662
18687
18700
18712
18725
18737
18725
18712
18700
18675
18637
18612
18575
18537
18512
18487
18437
18425
18375
18325
18275
18250
18200
18175
18137
18100
18062
18025
17987
17950
17912
17850
17787
17725
17687
17650
17650
17637
17650
17637
17650
17637
17650
17637
17650
17650
17662
17675
17712
17725
17750
17775
17800
17800
17825
17837
17850
17862
17875
17887
17875
17887
17875
17862
17850
17837
17800
17787
17775
17737
17700
17687
17650
17625
17612
17600
17587
17575
17562
17550
17537
17525
17512
17500
17487
17475
17462
17450
17462
17450
17437
17425
17412
17400
17387
17375
17362
17350
17337
17325
17337
17325
17337
17325
17337
17325
17337
17325
17337
17325
17337
17325
17337
17312
17325
17312
17300
17287
17312
17300
17287
17300
17287
17275
17262
17275
17262
17275
17262
17250
17237
17225
17212
17200
17212
17200
17212
17200
17212
17225
17262
17300
17362
17425
17487
17550
17600
17662
17725
17787
17862
17937
18012
18087
18150
18212
18275
18337
18400
18462
18525
18587
18625
18662
18687
18700
18712
18725
18712
18675
18637
18587
18525
18487
18450
18412
18375
18337
18275
18237
18200
18175
18162
18137
18087
18062
18025
17987
17962
17937
17912
17900
17862
17825
17812
17775
17737
17725
17712
17675
17637
17625
17625
17612
17625
17637
17650
17637
17650
17650
17662
17675
17712
17750
17762
17800
17812
17825
17812
17825
17812
17825
17812
17800
17787
17775
17737
17725
17712
17675
17637
17625
17600
17562
17550
17537
17500
17487
17475
17462
17450
17462
17450
17437
17425
17412
17400
17387
17375
17362
17350
17337
17325
17337
17325
17312
17312
17312
17312
17312
17312
17300
17287
17275
17262
17275
17262
17275
17262
17275
17262
17275
17262
17275
17262
17275
17262
17275
17262
17275
17262
17275
17262
17275
17250
17250
17250
17250
17225
17237
17225
17212
17200
17212
17200
17187
17175
17162
17162
17150
17162
17150
17162
17150
17137
17125
17112
17100
17087
17100
17112
17137
17175
17237
17300
17362
17425
17500
17562
17637
17712
17787
17850
17912
17987
18062
18125
18200
18275
18337
18400
18462
18500
18537
18575
18587
18600
18612
18625
18612
18600
18562
18525
18462
18400
18337
18275
18212
18150
18100
18062
18025
17987
17950
17912
17850
17787
17750
17712
17675
17637
17600
17575
17537
17525
17512
17525
17512
17525
17512
17525
17537
17550
17562
17600
17612
17625
17650
17687
17725
17762
17800
17812
17800
17787
17775
17762
17737
17737
17712
17687
17662
17650
17650
17637
17625
17612
17600
17587
17575
17562
17550
17537
17500
17487
17475
17462
17450
17437
17425
17412
17400
17387
17375
17362
17350
17337
17325
17337
17312
17312
17312
17312
17287
17300
17312
17300
17287
17300
17287
17275
17262
17275
17262
17275
17262
17275
17262
17275
17262
17275
17262
17275
17262
17275
17262
17250
17237
17225
17212
17200
17212
17200
17212
17200
17212
17225
17262
17300
17362
17425
17487
17550
17600
17662
17725
17787
17862
17937
18025
18100
18187
18262
18337
18400
18462
18525
18587
18625
18637
18625
18587
18525
18462
18400
18337
18300
18262
18225
18187
18175
18150
18112
18075
18062
18012
17987
17962
17937
17912
17900
17862
17850
17837
17800
17762
17725
17687
17650
17625
17612
17600
17562
17550
17562
17550
17562
17600
17625
17637
17675
17712
17725
17750
17775
17800
17800
17825
17812
17825
17812
17825
17812
17825
17812
17800
17787
17775
17737
17725
17712
17700
17687
17675
17662
17650
17625
17612
17600
17587
17575
17562
17550
17537
17525
17512
17500
17487
17475
17462
17450
17437
17425
17412
17400
17387
17375
17362
17350
17337
17325
17337
17325
17337
17325
17337
17325
17337
17325
17337
17325
17337
17325
17337
17325
17337
17325
17337
17325
17337
17325
17337
17325
17337
17325
17337
17325
17312
17300
17287
17275
17262
17275
17262
17275
17262
17250
17237
17225
17212
17225
17237
17250
17287
17325
17362
17425
17487
17550
17625
17700
17775
17862
17950
18037
18112
18200
18275
18337
18400
18462
18525
18587
18637
18700
18737
18775
18787
18775
18737
18700
18637
18587
18550
18512
18475
18437
18400
18337
18275
18212
18150
18125
18087
18050
18012
17975
17937
17900
17887
17875
17862
17825
17787
17750
17712
17700
17675
17675
17675
17675
17675
17687
17700
17712
17750
17787
17825
17862
17900
17912
17925
17937
17925
17912
17900
17862
17850
17837
17825
17800
17800
17775
17750
17725
17712
17675
17662
17650
17650
17637
17625
17612
17600
17562
17550
17537
17525
17512
17500
17487
17475
17462
17450
17462
17450
17437
17425
17412
17400
17387
17400
17387
17400
17387
17400
17387
17400
17387
17400
17387
17400
17387
17400
17387
17400
17387
17400
17387
17400
17387
17400
17387
17400
17387
17400
17387
17400
17387
17400
17387
17400
17387
17400
17387
17375
17362
17350
17337
17325
17337
17325
17337
17312
17312
17287
17287
17262
17275
17262
17275
17262
17250
17250
17250
17250
17275
17325
17362
17425
17487
17550
17600
17662
17737
17812
17887
17962
18037
18100
18162
18237
18312
18387
18462
18525
18587
18637
18700
18762
18800
18837
18850
18862
18850
18837
18800
18762
18700
18637
18587
18525
18462
18400
18337
18275
18212
18150
18100
18062
18025
18012
17987
17962
17937
17912
17862
17825
17812
17775
17737
17725
17712
17700
17687
17700
17687
17700
17712
17750
17787
17825
17862
17900
17912
17925
17937
17950
17937
17950
17937
17950
17937
17925
17912
17887
17862
17837
17837
17812
17800
17787
17762
17737
17712
17687
17662
17650
17650
17637
17625
17612
17600
17587
17575
17562
17550
17537
17500
17487
17475
17462
17450
17462
17450
17462
17450
17437
17425
17412
17400
17387
17400
17387
17412
17412
17412
17412
17412
17400
17387
17400
17387
17400
17387
17400
17387
17412
17412
17412
17412
17412
17400
17387
17400
17387
17400
17387
17400
17387
17400
17387
17375
17362
17350
17337
17325
17337
17325
17312
17300
17287
17275
17262
17275
17262
17275
17262
17275
17262
17287
17312
17362
17412
17487
17550
17600
17662
17725
17787
17850
17912
17975
18037
18100
18162
18237
18312
18387
18462
18525
18587
18637
18675
18712
18725
18712
18675
18662
18637
18600
18562
18525
18462
18400
18337
18275
18212
18150
18125
18087
18050
18037
18012
17987
17962
17937
17912
17900
17862
17850
17825
17812
17800
17787
17750
17750
17712
17700
17687
17675
17662
17650
17650
17637
17650
17650
17662
17675
17712
17725
17737
17775
17787
17812
17837
17862
17862
17887
17875
17887
17875
17887
17875
17887
17875
17887
17875
17862
17850
17837
17825
17812
17787
17762
17737
17712
17687
17675
17637
17625
17600
17587
17562
17562
17537
17512
17487
17475
17462
17437
17437
17412
17412
17387
17400
17387
17400
17387
17400
17387
17400
17387
17400
17387
17400
17387
17400
17387
17400
17387
17400
17387
17400
17387
17400
17387
17375
17362
17350
17337
17325
17337
17325
17337
17325
17312
17300
17287
17275
17262
17275
17262
17275
17262
17250
17237
17250
17237
17225
17237
17250
17237
17262
17312
17337
17375
17412
17450
17500
17562
17637
17737
17825
17900
17975
18037
18100
18150
18225
18300
18375
18425
18487
18537
18587
18625
18700
18737
18775
18812
18825
18812
18825
18812
18775
18737
18700
18637
18587
18525
18462
18400
18337
18300
18262
18225
18212
18200
18175
18137
18100
18037
17975
17937
17900
17862
17850
17837
17800
17787
17775
17762
17737
17737
17712
17712
17712
17750
17787
17825
17862
17900
17912
17925
17937
17950
17937
17950
17937
17925
17912
17900
17887
17875
17862
17850
17837
17800
17762
17750
17712
17675
17662
17650
17625
17612
17600
17587
17575
17562
17550
17537
17525
17512
17500
17487
17475
17462
17450
17437
17437
17437
17412
17412
17412
17400
17412
17412
17412
17412
17412
17387
17400
17387
17400
17387
17400
17387
17400
17387
17400
17387
17400
17387
17400
17387
17375
17362
17350
17337
17325
17337
17325
17337
17325
17337
17325
17337
17325
17337
17325
17312
17300
17287
17275
17262
17275
17262
17250
17237
17225
17212
17200
17212
17200
17212
17200
17212
17200
17212
17200
17212
17200
17212
17200
17212
17225
17262
17275
17325
17375
17425
17475
17550
17612
17700
17787
17887
17987
18075
18150
18237
18312
18387
18462
18525
18587
18637
18700
18737
18775
18787
18800
18787
18775
18762
18750
18712
18675
18637
18587
18525
18462
18387
18312
18237
18162
18125
18075
18050
18025
18000
17950
17912
17850
17812
17775
17737
17725
17712
17700
17687
17675
17662
17650
17650
17637
17650
17637
17650
17637
17650
17650
17662
17675
17712
17725
17737
17750
17762
17775
17787
17800
17812
17825
17837
17850
17862
17875
17887
17875
17887
17875
17887
17875
17887
17862
17862
17837
17837
17812
17800
17762
17750
17712
17675
17662
17650
17625
17612
17600
17562
17550
17537
17525
17512
17500
17487
17475
17437
17425
17412
17400
17387
17400
17387
17375
17362
17350
17337
17325
17337
17325
17337
17325
17337
17325
17337
17325
17337
17325
17337
17325
17337
17325
17337
17325
17337
17325
17337
17325
17337
17325
17337
17325
17312
17300
17287
17275
17262
17275
17262
17275
17262
17275
17262
17250
17237
17225
17212
17200
17212
17225
17262
17300
17362
17425
17487
17550
17600
17662
17725
17787
17850
17912
17975
18037
18100
18150
18212
18287
18362
18437
18512
18587
18625
18662
18675
18687
18675
18662
18625
18587
18525
18462
18400
18337
18275
18212
18175
18137
18112
18087
18062
18037
18025
17987
17975
17962
17925
17887
17850
17787
17725
17687
17637
17625
17600
17600
17575
17587
17575
17587
17575
17587
17575
17587
17575
17587
17600
17625
17637
17675
17712
17725
17737
17775
17787
17800
17812
17825
17837
17850
17837
17850
17837
17800
17787
17775
17737
17725
17712
17675
17662
17650
17625
17612
17600
17562
17550
17537
17500
17487
17475
17462
17450
17462
17450
17437
17425
17412
17400
17387
17400
17387
17375
17362
17375
17362
17350
17362
17350
17337
17325
17337
17325
17337
17325
17337
17325
17337
17325
17337
17325
17337
17325
17337
17325
17337
17325
17337
17325
17312
17300
17287
17275
17262
17275
17262
17275
17262
17275
17250
17250
17225
17225
17200
17212
17200
17187
17175
17187
17200
17212
17262
17312
17362
17412
17500
17550
17600
17662
17725
17787
17887
17975
18062
18137
18212
18275
18337
18400
18475
18550
18612
18662
18712
18750
18762
18750
18762
18750
18700
18650
18600
18537
18462
18387
18312
18237
18162
18125
18087
18075
18062
18050
18012
17975
17912
17850
17812
17762
17737
17712
17687
17662
17650
17625
17612
17600
17587
17575
17587
17600
17612
17600
17612
17625
17612
17625
17637
17650
17650
17662
17675
17712
17725
17737
17750
17762
17775
17787
17800
17812
17825
17812
17800
17787
17775
17737
17700
17687
17650
17625
17587
17575
17537
17500
17487
17475
17437
17425
17412
17400
17387
17375
17362
17350
17337
17325
17312
17300
17287
17275
17262
17275
17262
17275
17262
17275
17250
17250
17250
17250
17250
17262
17275
17262
17275
17262
17275
17262
17275
17262
17250
17237
17225
17212
17200
17187
17175
17162
17162
17150
17162
17150
17162
17150
17137
17125
17112
17112
17112
17137
17150
17175
17187
17237
17287
17337
17412
17487
17550
17600
17675
17750
17825
17900
17975
18037
18100
18150
18225
18300
18375
18450
18525
18587
18625
18662
18675
18687
18675
18687
18675
18662
18625
18575
18525
18475
18425
18375
18337
18275
18212
18150
18125
18087
18050
18012
17975
17937
17900
17862
17825
17812
17775
17737
17700
17662
17625
17600
17562
17550
17562
17550
17562
17600
17625
17637
17675
17687
17700
17712
17725
17737
17750
17762
17775
17787
17800
17812
17825
17812
17825
17812
17800
17787
17775
17762
17750
17737
17725
17712
17675
17662
17650
17625
17612
17600
17562
17550
17537
17500
17487
17475
17462
17450
17462
17450
17437
17425
17412
17375
17362
17350
17337
17325
17337
17325
17337
17325
17312
17300
17287
17275
17262
17275
17262
17275
17262
17275
17262
17275
17262
17275
17262
17275
17262
17275
17262
17275
17262
17275
17262
17275
17262
17275
17262
17250
17237
17225
17212
17200
17212
17200
17187
17175
17162
17162
17150
17162
17150
17162
17150
17137
17125
17137
17137
17175
17237
17300
17362
17425
17487
17550
17625
17700
17787
17887
17987
18087
18200
18300
18387
18462
18525
18562
18600
18612
18600
18562
18525
18462
18400
18337
18275
18212
18150
18100
18037
17975
17912
17875
17837
17800
17762
17750
17712
17662
17637
17612
17575
17550
17537
17525
17512
17525
17512
17537
17562
17587
17612
17637
17650
17650
17662
17675
17687
17712
17712
17737
17737
17762
17750
17737
17737
17737
17712
17712
17712
17675
17662
17650
17650
17637
17625
17612
17600
17562
17550
17537
17500
17487
17475
17462
17450
17437
17425
17412
17400
17387
17375
17362
17350
17337
17325
17337
17325
17337
17325
17312
17300
17312
17300
17287
17300
17287
17275
17262
17275
17262
17275
17262
17275
17262
17275
17262
17275
17262
17275
17262
17275
17262
17275
17262
17275
17262
17275
17262
17275
17262
17275
17262
17250
17237
17225
17187
17175
17187
17200
17237
17300
17362
17425
17487
17550
17600
17662
17737
17812
17900
17987
18075
18137
18212
18275
18337
18400
18462
18525
18587
18637
18662
18687
18687
18662
18650
18637
18600
18562
18525
18462
18400
18337
18275
18212
18150
18100
18037
17975
17912
17850
17812
17762
17737
17712
17687
17662
17650
17650
17637
17650
17637
17650
17637
17650
17637
17650
17637
17650
17650
17687
17687
17712
17737
17737
17737
17750
17775
