t = 60.000000, p = 252.000000
7937
7887
7850
7812
7800
7762
7737
7725
7737
7725
7737
7750
7762
7750
7762
7750
7762
7750
7762
7762
7775
7762
7775
7762
7762
7750
7737
7725
7712
7675
7662
7650
7637
7625
7637
7625
7612
7600
7587
7575
7562
7575
7550
7550
7525
7525
7500
7487
7475
7462
7425
7412
7400
7387
7375
7387
7375
7362
7350
7337
7325
7312
7300
7287
7275
7262
7250
7262
7250
7262
7250
7262
7250
7262
7250
7262
7250
7262
7250
7262
7250
7262
7250
7237
7225
7212
7212
7200
7212
7200
7212
7200
7212
7200
7212
7200
7212
7200
7212
7200
7212
7200
7187
7175
7162
7150
7137
7150
7137
7150
7137
7125
7112
7100
7087
7075
7087
7075
7087
7075
7087
7075
7087
7075
7087
7075
7100
7125
7175
7237
7325
7400
7500
7587
7687
7812
7950
8062
8175
8287
8387
8475
8562
8650
8725
8812
8900
8975
9050
9100
9112
9100
9062
9025
8987
8950
8912
8900
8850
8837
8825
8800
8787
8787
8787
8775
8800
8787
8800
8787
8800
8800
8825
8825
8850
8837
8850
8837
8825
8812
8800
8775
8737
8700
8637
8575
8512
8450
8387
8325
8262
8200
8150
8087
8025
7962
7925
7875
7850
7825
7825
7800
7812
7800
7812
7825
7837
7850
7850
7850
7850
7837
7825
7825
7825
7800
7787
7775
7762
7762
7750
7737
7725
7712
7700
7687
7700
7687
7675
7637
7625
7587
7575
7562
7575
7550
7550
7525
7525
7487
7487
7487
7487
7487
7500
7512
7500
7487
7475
7462
7450
7425
7437
7425
7437
7425
7425
7412
7400
7387
7375
7387
7375
7387
7375
7387
7375
7387
7375
7387
7375
7387
7362
7375
7362
7375
7362
7387
7375
7387
7375
7387
7375
7362
7350
7337
7300
7287
7275
7262
7250
7262
7250
7262
7275
7287
7300
7337
7375
7387
7437
7500
7562
7625
7725
7812
7900
8000
8087
8187
8300
8412
8512
8612
8712
8825
8937
9050
9150
9237
9325
9412
9475
9537
9587
9612
9625
9625
9625
9600
9600
9575
9587
9575
9562
9550
9537
9525
9512
9500
9462
9425
9387
9350
9350
9337
9325
9312
9300
9300
9300
9300
9300
9300
9262
9250
9237
9187
9137
9087
9012
8925
8850
8800
8737
8712
8675
8637
8562
8500
8412
8337
8300
8275
8250
8262
8275
8250
8250
8250
8250
8250
8262
8250
8262
8250
8250
8237
8225
8187
8175
8137
8100
8062
8025
7987
7950
7937
7925
7937
7925
7937
7925
7937
7925
7937
7925
7937
7925
7937
7925
7937
7925
7912
7900
7887
7875
7862
7875
7862
7850
7837
7825
7812
7800
7812
7800
7787
7775
7762
7762
7750
7737
7725
7712
7700
7687
7675
7662
7650
7637
7625
7637
7625
7637
7625
7637
7625
7637
7625
7612
7600
7587
7575
7562
7550
7537
7525
7512
7500
7487
7475
7462
7450
7462
7500
7512
7525
7537
7525
7512
7500
7512
7500
7512
7537
7600
7662
7775
7887
8000
8100
8212
8325
8450
8562
8675
8800
8912
9012
9125
9212
9300
9387
9487
9575
9625
9675
9700
9712
9700
9687
9650
9612
9550
9512
9475
9462
9450
9462
9437
9437
9412
9412
9387
9400
9387
9400
9387
9400
9387
9375
9362
9350
9325
9312
9300
9262
9225
9187
9125
9087
9037
8987
8937
8887
8812
8750
8700
8637
8562
8487
8412
8325
8262
8212
8200
8175
8162
8150
8137
8125
8112
8125
8112
8125
8112
8125
8137
8175
8187
8225
8237
8250
8237
8250
8237
8250
8237
8250
8237
8250
8237
8225
8212
8200
8150
8125
8100
8050
8000
7987
7950
7912
7900
7887
7875
7862
7850
7837
7825
7812
7800
7812
7800
7812
7800
7812
7787
7787
7762
7737
7737
7725
7712
7700
7712
7687
7700
7687
7675
7662
7650
7637
7625
7650
7650
7650
7650
7650
7637
7625
7637
7625
7637
7625
7637
7625
7612
7600
7587
7575
7562
7575
7550
7550
7525
7525
7500
7512
7525
7537
7550
7562
7575
7562
7575
7562
7550
7537
7525
7512
7500
7487
7475
7462
7450
7437
7450
7437
7462
7487
7550
7612
7700
7787
7875
7962
8062
8150
8250
8375
8487
8600
8700
8825
8925
9037
9137
9225
9325
9425
9512
9600
9637
9637
9600
9562
9500
9450
9400
9362
9325
9300
9262
9250
9237
9200
9187
9175
9162
9150
9162
9150
9162
9150
9137
9125
9112
9075
9037
9000
8962
8925
8887
8837
8812
8750
8700
8637
8612
8550
8487
8425
8362
8275
8187
8150
8100
8050
8000
7987
7950
7912
7900
7887
7875
7887
7900
7912
7925
7937
7925
7937
7925
7937
7925
7950
7937
7950
7937
7950
7925
7900
7875
7875
7837
7825
7825
7800
7775
7762
7762
7750
7737
7725
7712
7700
7687
7675
7662
7650
7637
7625
7612
7600
7575
7550
7525
7525
7500
7487
7450
7437
7400
7387
7375
7387
7375
7387
7375
7387
7375
7387
7375
7387
7375
7387
7375
7387
7375
7387
7375
7387
7375
7387
7375
7387
7375
7387
7375
7387
7362
7362
7337
7337
7312
7325
7300
7300
7275
7275
7250
7262
7250
7262
7275
7312
7350
7412
7487
7562
7650
7750
7850
7950
8062
8150
8262
8375
8487
8600
8700
8800
8912
9012
9112
9175
9250
9300
9362
9412
9462
9500
9512
9500
9487
9475
9437
9400
9387
9350
9325
9312
9300
9287
9275
9262
9250
9237
9225
9200
9200
9175
9175
9150
9162
9150
9162
9150
9162
9137
9150
9137
9125
9112
9112
9075
9037
8987
8937
8875
8812
8750
8700
8637
8575
8512
8450
8387
8312
8237
8162
8125
8075
8062
8075
8087
8100
8112
8125
8112
8125
8112
8125
8112
8100
8087
8075
8062
8050
8037
8000
7987
7937
7912
7887
7862
7837
7825
7812
7800
7787
7775
7762
7737
7700
7687
7637
7612
7612
7612
7612
7612
7612
7587
7587
7562
7550
7537
7550
7537
7550
7550
7550
7550
7550
7550
7562
7575
7562
7575
7562
7575
7562
7575
7562
7550
7550
7537
7525
7512
7525
7500
7487
7475
7462
7450
7437
7450
7437
7450
7437
7425
7412
7400
7387
7375
7387
7375
7387
7375
7387
7375
7387
7375
7387
7375
7387
7375
7362
7362
7400
7450
7525
7625
7737
7837
7937
8050
8175
8287
8412
8525
8625
8700
8800
8900
9000
9100
9200
9312
9387
9475
9525
9562
9562
9587
9575
9587
9575
9562
9562
9562
9537
9512
9487
9450
9412
9375
9362
9350
9350
9337
9350
9337
9350
9337
9350
9337
9325
9312
9300
9287
9262
9262
9237
9237
9212
9200
9187
9175
9137
9100
9062
9000
8937
8875
8800
8725
8662
8587
8500
8450
8400
8337
8300
8275
8225
8212
8187
8162
8162
8162
8162
8175
8187
8175
8187
8175
8162
8150
8137
8125
8112
8125
8112
8125
8112
8125
8112
8100
8062
8050
8012
7975
7962
7950
7937
7925
7912
7900
7887
7875
7862
7850
7837
7825
7787
7775
7762
7737
7725
7712
7675
7637
7600
7562
7525
7512
7500
7487
7475
7462
7450
7437
7425
7412
7400
7387
7375
7387
7375
7400
7387
7400
7387
7400
7375
7387
7375
7387
7375
7387
7375
7387
7400
7412
7425
7437
7450
7437
7450
7437
7450
7437
7450
7425
7425
7400
7400
7362
7375
7350
7350
7350
7387
7412
7475
7550
7625
7712
7800
7900
8000
8087
8162
8275
8375
8475
8587
8687
8775
8875
8962
9037
9112
9187
9250
9287
9325
9350
9350
9350
9350
9325
9287
9250
9212
9175
9125
9100
9075
9012
8975
8950
8900
8875
8862
8850
8837
8850
8837
8850
8837
8850
8825
8825
8800
8800
8787
8800
8787
8775
8762
8737
8687
8662
8637
8587
8550
8512
8450
8387
8325
8262
8200
8150
8087
8025
7962
7900
7837
7800
7762
7762
7762
7775
7787
7800
7812
7825
7837
7825
7837
7825
7812
7800
7812
7800
7787
7750
7737
7712
7675
7662
7650
7637
7625
7612
7600
7587
7550
7537
7525
7487
7450
7437
7400
7362
7350
7337
7325
7312
7325
7312
7325
7337
7350
7337
7350
7337
7325
7312
7325
7312
7300
7262
7250
7237
7225
7212
7225
7212
7212
7200
7212
7200
7187
7175
7162
7125
7112
7087
7062
7037
7037
7012
7025
7012
7025
7012
7037
7037
7075
7087
7125
7150
7187
7225
7287
7350
7425
7500
7587
7675
7787
7900
8025
8137
8250
8375
8487
8600
8712
8825
8912
9012
9100
9187
9262
9325
9387
9412
9437
9437
9437
9400
9387
9350
9325
9287
9250
9212
9162
9137
9100
9087
9050
9025
9000
9012
9000
9012
9025
9037
9025
9037
9025
9037
9050
9062
9050
9075
9062
9050
9037
9050
9025
9012
9000
8987
8950
8912
8875
8812
8750
8700
8637
8575
8512
8450
8387
8325
8262
8200
8150
8087
8025
7962
7925
7875
7825
7812
7800
7787
7787
7812
7800
7812
7800
7825
7825
7850
7850
7850
7837
7825
7787
7775
7762
7762
7737
7737
7712
7712
7687
7700
7687
7675
7662
7637
7612
7587
7587
7562
7575
7562
7575
7562
7550
7537
7525
7487
7475
7462
7425
7412
7400
7387
7375
7362
7350
7337
7325
7312
7300
7287
7275
7262
7250
7237
7225
7212
7212
7200
7212
7200
7212
7200
7212
7200
7212
7200
7187
7175
7162
7150
7137
7125
7112
7100
7087
7075
7087
7075
7062
7062
7062
7075
7087
7137
7187
7262
7337
7437
7537
7637
7762
7875
8012
8125
8237
8362
8487
8600
8712
8850
8962
9075
9162
9250
9300
9337
9350
9362
9350
9325
9287
9275
9237
9187
9162
9137
9112
9087
9100
9087
9100
9087
9075
9062
9050
9037
9025
9037
9025
9037
9050
9062
9075
9087
9100
9087
9100
9075
9075
9075
9075
9050
9037
9000
8925
8850
8775
8675
8587
8500
8412
8350
8300
8237
8175
8112
8037
7962
7925
7887
7875
7850
7850
7825
7825
7800
7812
7800
7812
7825
7837
7850
7887
7887
7862
7862
7825
7787
7762
7737
7700
7687
7650
7637
7625
7637
7625
7612
7600
7587
7550
7537
7525
7487
7475
7462
7450
7437
7450
7437
7450
7437
7425
7412
7400
7387
7375
7387
7375
7387
7375
7387
7375
7387
7375
7387
7375
7362
7350
7337
7325
7312
7337
7325
7337
7325
7350
7325
7337
7350
7362
7337
7350
7337
7325
7312
7325
7312
7300
7287
7275
7262
7250
7262
7250
7262
7275
7287
7312
7375
7437
7512
7612
7687
7775
7875
7962
8062
8162
8275
8387
8500
8612
8737
8862
8975
9100
9200
9300
9387
9475
9525
9562
9575
9562
9550
9537
9525
9512
9500
9487
9475
9437
9400
9387
9350
9325
9287
9250
9212
9175
9162
9150
9162
9150
9162
9150
9162
9150
9137
9137
9137
9137
9137
9137
9125
9112
9075
9037
9000
8937
8875
8812
8750
8700
8637
8575
8500
8425
8337
8275
8212
8175
8125
8087
8025
7987
7950
7937
7950
7962
7975
8012
8025
8037
8075
8087
8100
8112
8100
8087
8075
8037
8000
7962
7900
7862
7825
7787
7750
7712
7687
7650
7612
7600
7587
7575
7562
7550
7537
7525
7487
7475
7487
7475
7487
7500
7512
7525
7537
7525
7537
7525
7512
7500
7512
7500
7512
7500
7512
7487
7487
7462
7462
7437
7425
7412
7400
7387
7375
7362
7350
7337
7325
7300
7300
7275
7275
7275
7312
7350
7425
7500
7587
7675
7775
7875
7975
8075
8162
8275
8387
8500
8612
8712
8812
8900
8987
9075
9150
9225
9275
9325
9337
9350
9350
9350
9350
9337
9325
9300
9275
9225
9187
9150
9112
9062
9037
9000
8962
8925
8925
8887
8887
8862
8862
8837
8850
8837
8850
8837
8825
8812
8800
8800
8775
8775
8750
8725
8675
8662
8625
8575
8525
8475
8387
8300
8225
8150
8087
8025
7962
7900
7862
7825
7787
7775
7762
7762
7762
7775
7787
7800
7812
7800
7812
7800
7812
7800
7787
7775
7762
7762
7750
7737
7725
7712
7675
7662
7650
7612
7600
7587
7550
7537
7525
7487
7475
7462
7450
7437
7425
7412
7425
7412
7400
7412
7400
7387
7400
7400
7400
7400
7400
7375
7387
7375
7387
7375
7387
7375
7387
7375
7387
7375
7387
7400
7400
7400
7400
7412
7387
7400
7387
7400
7375
7387
7375
7362
7350
7325
7300
7275
7275
7250
7262
7250
7262
7250
7262
7275
7312
7362
7437
7537
7625
7725
7825
7937
8037
8137
8262
8375
8500
8612
8725
8850
8987
9100
9212
9312
9400
9475
9525
9562
9575
9587
9575
9562
9525
9487
9450
9412
9400
9387
9375
9337
9325
9300
9287
9275
9262
9250
9237
9225
9212
9225
9212
9200
9187
9175
9137
9100
9062
9000
8962
8925
8887
8850
8812
8750
8700
8637
8575
8500
8425
8350
8275
8200
8150
8087
8025
7987
7950
7912
7900
7887
7875
7887
7887
7887
7912
7912
7887
7900
7887
7875
7850
7850
7825
7825
7800
7787
7775
7762
7762
7737
7737
7700
7687
7650
7625
7600
7587
7575
7550
7550
7550
7550
7525
7537
7525
7487
7475
7462
7425
7412
7400
7362
7350
7337
7300
7287
7275
7262
7275
7287
7300
7312
7325
7312
7325
7312
7300
7287
7275
7262
7250
7262
7250
7262
7250
7262
7237
7237
7212
7187
7175
7187
7175
7187
7212
7250
7300
7375
7462
7550
7637
7737
7850
7962
8075
8200
8325
8450
8562
8662
8775
8875
8975
9075
9162
9237
9300
9337
9387
9412
9437
9437
9437
9400
9362
9300
9287
9250
9212
9175
9175
9125
9112
9100
9112
9087
9100
9112
9150
9162
9200
9212
9225
9212
9200
9162
9125
9062
8987
8937
8887
8837
8775
8725
8662
8587
8512
8450
8387
8325
8250
8200
8162
8112
8062
8025
7987
7950
7937
7925
7937
7925
7937
7950
7950
7950
7975
7975
7975
7987
7975
7962
7950
7937
7925
7937
7912
7912
7887
7862
7837
7825
7787
7775
7762
7737
7725
7712
7700
7687
7700
7675
7675
7650
7625
7600
7587
7575
7562
7575
7562
7575
7562
7575
7587
7600
7587
7600
7587
7575
7587
7600
7587
7600
7587
7575
7562
7575
7550
7562
7550
7537
7525
7512
7487
7462
7462
7437
7450
7437
7425
7412
7387
7362
7337
7337
7300
7300
7300
7325
7350
7412
7487
7562
7637
7725
7812
7912
8012
8100
8200
8325
8425
8537
8650
8775
8900
9025
9150
9237
9337
9412
9487
9550
9587
9625
9637
9650
9637
9625
9587
9550
9512
9475
9462
9450
9437
9425
9412
9375
9362
9350
9350
9350
9362
9350
9375
9375
9350
9325
9325
9300
9262
9225
9187
9125
9062
9000
8925
8850
8762
8675
8600
8525
8450
8387
8325
8287
8250
8225
8212
8225
8212
8225
8237
8250
8250
8262
8275
8312
8325
8312
8325
8312
8300
8287
8275
8225
8200
8162
8112
8062
8050
8012
7975
7962
7950
7912
7875
7862
7825
7812
7800
7787
7775
7762
7762
7750
7737
7700
7700
7675
7650
7650
7650
7637
7625
7612
7600
7587
7575
7587
7600
7612
7625
7637
7625
7637
7625
7637
7625
7637
7625
7637
7625
7637
7625
7637
7625
7612
7575
7562
7525
7487
7475
7462
7425
7387
7375
7362
7350
7337
7350
7337
7325
7312
7300
7287
7275
7262
7250
7262
7250
7262
7250
7262
7250
7237
7225
7237
7225
7237
7275
7312
7362
7450
7537
7625
7725
7825
7937
8050
8150
8262
8375
8475
8587
8687
8800
8912
9012
9112
9200
9287
9350
9412
9462
9487
9475
9487
9462
9412
9362
9337
9300
9262
9250
9237
9200
9187
9175
9137
9125
9112
9100
9087
9075
9037
9025
9012
9000
9012
9025
9037
9025
9037
9025
9037
9025
9037
9025
9037
9025
9012
9000
8987
8950
8912
8862
8787
8712
8650
8575
8500
8400
8325
8237
8150
8087
8037
7962
7925
7887
7875
7887
7925
7937
7975
7987
7975
7962
7950
7937
7912
7887
7862
7837
7787
7775
7762
7737
7700
7687
7650
7637
7625
7612
7600
7587
7575
7550
7550
7525
7525
7500
7487
7475
7462
7450
7437
7425
7412
7400
7387
7375
7400
7400
7425
7425
7450
7437
7450
7437
7450
7437
7450
7437
7425
7412
7400
7387
7375
7387
7375
7387
7375
7387
7375
7387
7375
7387
7375
7387
7375
7362
7350
7337
7325
7312
7325
7312
7300
7287
7275
7262
7250
7237
7225
7212
7187
7175
7162
7150
7137
7125
7112
7100
7062
7050
7037
7025
7012
7025
7012
7025
7012
7025
7012
7025
7012
7025
7037
7075
7087
7125
7162
7212
7262
7350
7437
7525
7625
7750
7862
8000
8137
8262
8387
8537
8662
8787
8925
9062
9175
9275
9350
9425
9487
9525
9550
9575
9562
9525
9487
9450
9412
9375
9337
9300
9250
9212
9162
9137
9112
9112
9087
9100
9087
9075
9062
9050
9037
9025
9037
9025
9037
9025
9037
9025
9037
9012
9025
9012
9000
8987
8987
8950
8937
8925
8887
8850
8812
8750
8700
8637
8575
8500
8425
8350
8275
8200
8137
8087
8037
7987
7937
7900
7837
7800
7762
7762
7750
7762
7750
7762
7750
7762
7762
7775
7787
7800
7812
7800
7812
7800
7812
7800
7812
7800
7812
7800
7787
7775
7750
7737
7712
7712
7687
7675
7662
7650
7612
7600
7587
7550
7537
7525
7487
7475
7462
7450
7425
7437
7425
7412
7400
7400
7362
7350
7337
7325
7312
7325
7312
7300
7287
7275
7275
7275
7275
7275
7300
7287
7275
7287
7300
7287
7275
7287
7262
7250
7237
7250
7237
7237
7225
7212
7212
7200
7212
7200
7187
7175
7162
7150
7137
7125
7125
7125
7125
7125
7125
7112
7100
7087
7075
7087
7075
7087
7075
7062
7050
7037
7000
6987
7000
6987
7000
7012
7025
7037
7075
7112
7162
7237
7312
7387
7475
7575
7650
7750
7862
7987
8087
8225
8362
8500
8612
8750
8875
9000
9125
9225
9300
9362
9412
9425
9412
9425
9412
9375
9362
9350
9325
9312
9300
9262
9250
9237
9200
9187
9175
9137
9125
9112
9100
9087
9100
9087
9100
9087
9100
9112
9125
9112
9125
9137
9125
9112
9100
9050
8975
8925
8875
8825
8812
8787
8750
8687
8625
8537
8487
8425
8375
8325
8275
8187
8150
8100
8050
8025
8012
8000
8012
8025
8037
8050
8062
8075
8087
8112
8137
8137
8137
8137
8100
8087
8075
8062
8050
8062
8050
8062
8050
8037
8025
8012
8000
7987
7975
7962
7950
7912
7900
7887
7875
7862
7850
7837
7825
7787
7775
7762
7762
7762
7762
7762
7762
7762
7750
7737
7725
7712
7700
7687
7700
7687
7675
7662
7650
7637
7625
7612
7600
7587
7575
7562
7550
7537
7525
7512
7500
7512
7500
7512
7500
7512
7500
7512
7500
7512
7500
7475
7450
7450
7425
7400
7412
7400
7362
7350
7337
7325
7312
7325
7312
7325
7337
7375
7412
7475
7550
7625
7700
7787
7900
8012
8125
8250
8387
8525
8637
8762
8887
9000
9112
9237
9375
9500
9625
9700
9725
9737
9725
9687
9650
9637
9587
9562
9537
9512
9462
9450
9412
9400
9387
9375
9362
9350
9350
9337
9350
9337
9325
9312
9300
9262
9250
9237
9200
9187
9175
9137
9087
9062
9012
8962
8912
8875
8812
8750
8687
8612
8537
8462
8387
8350
8300
8250
8200
8175
8137
8137
8137
8162
8162
8187
8200
8212
8200
8212
8200
8187
8175
8162
8150
8137
8100
8087
8062
8037
8012
7987
7937
7900
7862
7825
7812
7787
7787
7750
7737
7712
7712
7687
7675
7662
7650
7637
7625
7637
7625
7637
7625
7637
7625
7612
7600
7587
7575
7562
7550
7537
7525
7512
7500
7512
7500
7512
7487
7487
7462
7462
7437
7450
7437
7450
7437
7425
7412
7400
7362
7362
7362
7337
7337
7337
7300
7287
7275
7262
7250
7262
7250
7237
7225
7212
7212
7187
7187
7162
7162
7137
7150
7137
7125
7112
7100
7087
7075
7087
7075
7087
7100
7137
7175
7250
7350
7450
7550
7637
7750
7850
7975
8112
8250
8400
8562
8687
8812
8937
9050
9112
9187
9212
9237
9225
9237
9200
9200
9175
9150
9125
9112
9075
9062
9037
9012
8987
8987
8962
8950
8937
8925
8887
8875
8862
8850
8837
8850
8837
8825
8825
8812
8800
8787
8812
8787
8800
8787
8800
8800
8800
8800
8800
8800
8787
8775
8762
8750
8712
8675
8637
8575
8512
8450
8387
8325
8250
8175
8112
8037
7962
7900
7837
7800
7762
7737
7725
7737
7737
7750
7800
7825
7850
7850
7887
7887
7912
7912
7937
7925
7937
7925
7937
7912
7925
7912
7900
7887
7887
7850
7812
7800
7762
7762
7750
7737
7700
7687
7650
7637
7625
7612
7600
7587
7550
7537
7525
7487
7475
7462
7425
7412
7425
7412
7425
7425
7425
7400
7400
7362
7362
7337
7337
7312
7325
7312
7325
7312
7325
7312
7325
7312
7325
7312
7325
7312
7325
7312
7300
7287
7275
7275
7275
7300
7300
7325
7312
7300
7287
7275
7262
7250
7262
7250
7262
7237
7237
7212
7212
7187
7187
7162
7162
7137
7125
7112
7100
7062
7050
7037
7000
6987
6975
6962
6950
6962
6975
7012
7050
7112
7162
7237
7325
7425
7525
7625
7750
7862
7987
8100
8237
8350
8487
8600
8712
8825
8950
9050
9150
9237
9300
9362
9425
9450
9475
9475
9475
9450
9437
9400
9387
9350
9312
9287
9262
9212
9187
9175
9137
9125
9112
9075
9075
9075
9050
9050
9050
9037
9025
9012
9000
8987
8975
8962
8975
8962
8975
8962
8950
8937
8925
8887
8875
8862
8812
8762
8712
8637
8537
8450
8362
8275
8200
8150
8087
8025
7962
7900
7825
7775
7725
7712
7687
7700
7687
7700
7687
7700
7712
7725
7737
7750
7762
7750
7762
7750
7762
7750
7762
7750
7762
7750
7762
7750
7762
7750
7737
7725
7712
7700
7687
7675
7637
7625
7587
7575
7562
7550
7537
7525
7487
7475
7462
7425
7412
7400
7362
7350
7337
7325
7312
7325
7312
7325
7312
7325
7312
7325
7312
7325
7312
7325
7312
7325
7312
7325
7312
7325
7312
7325
7312
7325
7312
7325
7312
7325
7312
7325
7312
7325
7312
7325
7312
7325
7312
7300
7287
7275
7262
7250
7262
7250
7262
7250
7237
7225
7237
7212
7212
7237
7237
7237
7250
7237
7225
7212
7212
7200
7212
7200
7212
7200
7212
7212
7250
7300
7400
7500
7600
7712
7837
7937
8050
8137
8250
8362
8475
8587
8725
8850
8950
9062
9150
9225
9287
9375
9450
9500
9550
9600
9612
9600
9612
9587
9562
9537
9512
9462
9425
9387
9350
9325
9312
9300
9262
9250
9237
9200
9187
9175
9137
9125
9112
9075
9062
9037
9012
8987
8962
8912
8900
8862
8825
8787
8737
8675
8600
8525
8450
8387
8325
8262
8200
8150
8087
8025
7987
7950
7937
7925
7950
7975
8000
8037
8075
8075
8075
8075
8062
8050
8037
8025
8012
8000
7975
7987
7975
7962
7950
7950
7912
7900
7875
7850
7825
7825
7800
7787
7775
7750
7737
7712
7712
7687
7700
7687
7700
7687
7700
7687
7700
7687
7700
7687
7700
7687
7675
7662
7650
7612
7600
7587
7575
7562
7575
7550
7550
7550
7550
7525
7537
7525
7512
7487
7487
7487
7487
7487
7500
7487
7475
7462
7450
7437
7450
7437
7450
7437
7450
7437
7450
7437
7450
7437
7450
7437
7450
7437
7425
7412
7400
7387
7375
7387
7375
7362
7350
7337
7325
7337
7350
7375
7437
7500
7575
7675
7787
7887
8000
8112
8225
8337
8462
8587
8687
8800
8912
9012
9100
9187
9262
9337
9412
9462
9500
9512
9500
9487
9475
9437
9425
9412
9375
9337
9325
9300
9287
9275
9287
9275
9262
9250
9237
9187
9162
9162
9137
9137
9150
9137
9125
9112
9100
9087
9100
9087
9075
9062
9050
9012
9000
8987
8950
8912
8875
8812
8750
8700
8662
8625
8575
8525
8475
8387
8287
8200
8137
8087
8062
8037
8012
7987
7962
7937
7925
7937
7925
7937
7925
7937
7925
7937
7950
7962
7950
7962
7950
7912
7900
7887
7850
7837
7825
7812
7787
7787
7762
7762
7750
7762
7750
7762
7750
7737
7700
7662
7625
7587
7575
7562
7575
7550
7550
7525
7525
7500
7487
7475
7462
7450
7437
7425
7425
7425
7425
7425
7425
7412
7425
7412
7425
7437
7450
7437
7425
7412
7400
7362
7350
7337
7325
7312
7300
7287
7275
7262
7250
7237
7225
7212
7212
7200
7187
7175
7187
7162
7162
7162
7162
7137
7150
7137
7150
7137
7150
7162
7187
7225
7287
7350
7425
7500
7587
7662
7762
7862
7987
8087
8212
8350
8487
8600
8737
8862
8962
9062
9150
9225
9287
9362
9400
9412
9425
9412
9375
9362
9337
9325
9300
9275
9225
9187
9150
9112
9075
9062
9050
9037
9025
9012
9000
9012
9000
8987
8975
8937
8900
8850
8800
8750
8725
8687
8650
8600
8537
8475
8412
8350
8287
8262
8212
8175
8112
8062
7987
7937
7887
7850
7837
7825
7787
7775
7762
7762
7750
7762
7750
7762
7750
7762
7750
7762
7750
7762
7750
7762
7762
7775
7762
7775
7762
7737
7725
7712
7700
7675
7675
7650
7650
7625
7612
7600
7587
7550
7537
7525
7487
7475
7462
7425
7412
7400
7362
7350
7337
7300
7287
7275
7262
7250
7262
7250
7237
7225
7212
7187
7187
7187
7187
7187
7212
7200
7212
7200
7212
7200
7187
7150
7137
7100
7087
7075
7062
7050
7037
7025
7012
7025
7012
7025
7012
7000
6987
6975
6962
6950
6962
6950
6962
6950
6962
6950
6962
6975
7012
7050
7112
7162
7237
7325
7412
7525
7625
7737
7837
7962
8062
8175
8287
8412
8525
8637
8725
8837
8937
9025
9112
9187
9225
9275
9300
9325
9337
9375
9375
9400
9387
9375
9362
9350
9350
9337
9325
9287
9275
9237
9200
9162
9150
9112
9100
9087
9100
9087
9100
9087
9100
9112
9125
9112
9125
9137
9125
9112
9125
9112
9100
9087
9075
9037
9025
8987
8950
8912
8875
8812
8750
8700
8625
8550
8475
8400
8325
8250
8175
8100
8037
7975
7950
7925
7937
7950
7962
7975
7987
7975
7975
7975
7975
7975
8000
7987
8000
7987
8000
7987
8000
7987
8000
7987
7975
7962
7950
7937
7925
7937
7925
7937
7925
7912
7875
7862
7825
7812
7800
7787
7750
7750
7737
7712
7687
7687
7650
7637
7625
7612
7600
7587
7575
7562
7575
7562
7575
7562
7550
7537
7525
7512
7500
7487
7475
7462
7425
7412
7400
7387
7375
7387
7375
7387
7375
7387
7400
7412
7425
7437
7450
7437
7450
7462
7475
7462
7475
7462
7450
7437
7450
7462
7500
7537
7600
7662
7725
7812
7925
8037
8137
8262
8387
8487
8587
8700
8812
8925
9037
9162
9287
9412
9525
9637
9700
9750
9762
9750
9737
9725
9687
9675
9662
9650
9637
9625
9575
9550
9487
9462
9425
9425
9400
9412
9387
9400
9387
9400
9387
9375
9362
9350
9350
9337
9325
9312
9300
9287
9275
9262
9250
9225
9175
9125
9075
9000
8937
8875
8800
8725
8662
8587
8537
8487
8437
8387
8362
8312
8275
8262
8250
8250
8237
8250
8237
8250
8250
8262
8275
8287
8300
8287
8275
8262
8250
8225
8225
8212
8200
8187
8200
8175
8187
8175
8187
8175
8162
8150
8137
8125
8112
8100
8062
8025
7962
7925
7875
7850
7825
7800
7775
7762
7737
7737
7737
7712
7712
7712
7675
7662
7687
7687
7712
7750
7775
7787
7800
7812
7800
7787
7750
7737
7712
7700
7687
7675
7662
7650
7637
7625
7637
7625
7612
7600
7587
7575
7562
7575
7562
7550
7537
7525
7512
7525
7562
7612
7675
7762
7862
7962
8062
8162
8275
8400
8537
8662
8800
8937
9050
9162
9262
9375
9475
9575
9675
9750
9825
9900
9937
9962
9962
9937
9912
9900
9862
9825
9787
9762
9725
9687
9650
9612
9575
9525
9500
9475
9475
9450
9437
9437
9437
9412
9412
9412
9375
9337
9325
9300
9262
9225
9187
9125
9062
9000
8937
8875
8800
8725
8687
8625
8562
8512
8487
8437
8400
8362
8325
8262
8225
8200
8187
8175
8187
8175
8162
8162
8162
8162
8162
8187
8175
8187
8162
8162
8137
8137
8112
8100
8087
8075
8062
8050
8037
8025
8012
7975
7962
7950
7937
7925
7937
7925
7912
7900
7887
7850
7850
7837
7825
7812
7825
7800
7787
7775
7762
7737
7725
7712
7700
7687
7700
7687
7675
7662
7650
7612
7600
7587
7537
7512
7512
7487
7487
7500
7487
7475
7487
7462
7462
7462
7462
7437
7425
7412
7400
7387
7375
7387
7375
7362
7350
7337
7325
7312
7325
7312
7300
7287
7275
7275
7262
7287
7325
7387
7437
7525
7612
7675
7775
7887
8012
8125
8262
8387
8512
8625
8750
8875
8987
9100
9200
9300
9400
9500
9587
9662
9712
9750
9787
9800
9787
9800
9787
9750
9712
9675
9637
9587
9537
9487
9462
9412
9400
9387
9375
9337
9325
9300
9262
9250
9237
9200
9187
9175
9137
9125
9112
9100
9087
9100
9075
9075
9075
9062
9025
9025
9000
8950
8937
8925
8887
8837
8812
8750
8687
8600
8525
8412
8312
8225
8150
8087
8025
7962
7925
7887
7887
7875
7887
7875
7887
7862
7875
7887
7925
7937
7950
7962
7975
7962
7950
7962
7950
7912
7900
7887
7875
7862
7875
7862
7850
7837
7825
7812
7800
7787
7775
7787
7775
7750
7750
7725
7687
7637
7625
7587
7537
7512
7487
7462
7425
7425
7400
7375
7350
7337
7300
7287
7300
7275
7275
7275
7275
7250
7262
7250
7262
7250
7237
7225
7237
7225
7212
7225
7212
7212
7200
7212
7200
7187
7175
7187
7162
7162
7162
7162
7137
7150
7137
7125
7112
7100
7087
7075
7087
7075
7087
7075
7087
7075
7087
7075
7087
7075
7087
7075
7087
7100
7137
7162
7225
7300
7375
7450
7550
7650
7762
7887
8025
8137
8262
8387
8500
8600
8700
8812
8912
9012
9112
9187
9250
9325
9375
9425
9450
9462
9450
9437
9425
9412
9375
9337
9325
9287
9262
9237
9212
9187
9175
9162
9150
9125
9100
9100
9075
9050
9075
9062
9050
9037
9050
9025
9037
9025
9012
8975
8937
8875
8812
8750
8700
8637
8600
8562
8525
8487
8450
8387
8325
8262
8200
8150
8087
8025
7962
7900
7862
7825
7812
7800
7812
7800
7812
7800
7812
7800
7812
7800
7825
7825
7825
7800
7800
7762
7737
7725
7712
7675
7662
7650
7637
7612
7612
7587
7587
7562
7575
7562
7550
7537
7525
7487
7475
7487
7475
7462
7475
7462
7425
7412
7400
7387
7375
7362
7350
7337
7300
7287
7275
7262
7250
7262
7250
7262
7250
7237
7225
7212
7212
7200
7212
7200
7187
7175
7187
7175
7162
7175
7162
7125
7112
7100
7087
7075
7087
7075
7062
7050
7037
7025
7012
7025
7012
7000
6987
6975
6962
6937
6937
6912
6912
6887
6912
6912
6937
6937
6937
6925
6937
6925
6950
7000
7050
7100
7175
7262
7350
7437
7537
7625
7725
7837
7962
8075
8212
8337
8462
8575
8675
8775
8875
8962
9050
9137
9212
9275
9325
9375
9387
9400
9375
9375
9350
9325
9312
9300
9262
9225
9187
9125
9087
9037
9012
8987
8987
8950
8950
8925
8900
8875
8850
8825
8800
8762
8737
8700
8662
8612
8575
8537
8512
8462
8450
8425
8375
8325
8262
8200
8150
8087
8025
7975
7900
7862
7825
7787
7750
7737
7712
7700
7712
7725
7737
7762
7775
7787
7800
7812
7800
7787
7775
7787
7775
7762
7750
7737
7712
7700
7687
7675
7637
7600
7562
7525
7487
7475
7462
7450
7425
7425
7400
7375
7350
7337
7300
7287
7275
7262
7237
7237
7212
7212
7187
7187
7187
7187
7187
7187
7187
7162
7162
7137
7150
7137
7125
7112
7100
7087
7075
7087
7075
7087
7100
7100
7112
7112
7112
7112
7125
7125
7137
7125
7087
7075
7037
7000
6987
6975
6962
6950
6937
6925
6912
6875
6862
6850
6812
6800
6787
6775
6762
6750
6737
6725
6725
6712
6725
6712
6725
6712
6700
6687
6675
6662
6650
6662
6650
6662
6675
6700
6750
6837
6925
7025
7150
7262
7387
7525
7637
7750
7887
8000
8100
8212
8337
8450
8575
8675
8787
8887
8975
9025
9075
9087
9075
9037
9025
8987
8950
8937
8925
8912
8900
8887
8850
8812
8775
8750
8737
8725
8737
8725
8712
8700
8687
8650
8612
8575
8512
8450
8387
8312
8237
8162
8100
8012
7937
7862
7787
7712
7687
7650
7637
7625
7637
7625
7637
7650
7662
7675
7687
7700
7687
7700
7687
7700
7687
7700
7687
7675
7662
7650
7612
7575
7562
7525
7512
7500
7487
7475
7462
7450
7437
7425
7412
7400
7350
7325
7325
7287
7275
7300
7300
7300
7312
7300
7287
7275
7262
7250
7262
7250
7237
7225
7200
7200
7187
7175
7162
7162
7150
7137
7150
7137
7150
7162
7175
7162
7175
7162
7150
7137
7150
7137
7150
7162
7175
7187
7200
7212
7200
7212
7200
7212
7200
7212
7200
7187
7175
7150
7100
7075
7050
7000
6987
6975
6962
6950
6937
6925
6912
6875
6862
6850
6837
6825
6837
6825
6837
6825
6837
6825
6837
6850
6862
6850
6862
6850
6837
6850
6900
6962
7050
7125
7237
7350
7462
7575
7675
7800
7912
8012
8125
8262
8375
8487
8600
8700
8812
8912
9012
9087
9137
9175
9187
9200
9212
9225
9212
9200
9187
9175
9137
9125
9112
9075
9025
9000
8950
8925
8887
8900
8887
8900
8887
8887
8875
8862
8850
8837
8825
8812
8800
8800
8787
8775
8762
8750
8712
8675
8637
8600
8550
8500
8475
8450
8400
8350
8300
8225
8150
8075
8000
7950
7887
7850
7825
7800
7750
7712
7687
7650
7612
7600
7587
7587
7587
7612
7637
7662
7675
7687
7700
7712
7725
7737
7750
7762
7750
7737
7700
7687
7650
7612
7600
7575
7550
7525
7500
7450
7437
7400
7387
7375
7362
7350
7337
7325
7312
7300
7287
7275
7262
7250
7262
7250
7262
7250
7262
7250
7262
7250
7262
7250
7262
7250
7262
7250
7262
7250
7262
7250
7262
7250
7262
7250
7237
7225
7212
7212
7187
7200
7187
7175
7162
7187
7175
7187
7200
7175
7162
7137
7125
7112
7112
7100
7100
7062
7050
7037
7000
6987
7000
6987
7000
7012
7025
7012
7025
7012
7025
7012
7025
7012
7025
7037
7075
7087
7137
7175
7225
7275
7362
7450
7537
7637
7750
7875
7987
8100
8225
8350
8462
8575
8687
8800
8925
9037
9150
9237
9300
9362
9425
9462
9500
9512
9500
9462
9450
9412
9400
9387
9375
9337
9300
9275
9237
9200
9162
9150
9112
9100
9087
9075
9062
9050
9012
8975
8937
8875
8812
8775
8750
8712
8662
8600
8500
8400
8300
8212
8150
8087
8025
7962
7900
7862
7825
7812
7800
7812
7800
7812
7800
7812
7800
7787
7775
7787
7775
7787
7800
7787
7775
7750
7737
7712
7712
7687
7662
7637
7612
7550
7512
7512
7475
7462
7462
7462
7437
7425
7412
7400
7362
7350
7337
7300
7287
7275
7262
7250
7262
7250
7262
7250
7237
7225
7212
7187
7175
7162
7150
7137
7125
7112
7100
7062
7050
7037
7025
7037
7037
7050
7062
7075
7062
7062
7050
7037
7000
6987
6975
6937
6925
6912
6900
6887
6900
6887
6900
6887
6875
6862
6850
6837
6825
6837
6825
6812
6800
6787
6750
6737
6725
6725
6700
6700
6700
6700
6700
6725
6737
6775
6850
6925
7012
7112
7212
7312
7425
7525
7625
7750
7862
7975
8087
8212
8312
8412
8512
8612
8687
8775
8862
8912
8950
8987
9000
9012
9025
9012
9000
8987
8950
8937
8925
8887
8875
8862
8850
8837
8825
8787
8775
8750
8712
8700
8687
8650
8637
8625
8587
8550
8537
8500
8462
8450
8437
8400
8362
8350
8312
8275
8237
8200
8137
8087
8037
7987
7937
7900
7825
7775
7725
7687
7637
7600
7537
7475
7412
7375
7337
7325
7312
7325
7312
7300
7287
7300
7287
7275
7287
7300
7287
7300
7312
7300
7287
7275
7262
7250
7237
7225
7212
7212
7200
7187
7175
7162
7125
7087
7075
7062
7050
7062
7075
7087
7075
7062
7050
7062
7050
7037
7050
7037
7000
6987
6975
6937
6900
6862
6825
6787
6775
6762
6775
6762
6775
6762
6775
6762
6775
6762
6775
6750
6750
6725
6725
6712
6725
6712
6725
6712
6700
6687
6675
6637
6625
6612
6600
6587
6600
6587
6575
6562
6550
6537
6525
6537
6525
6537
6525
6537
6525
6537
6525
6537
6525
6537
6525
6537
6525
6537
6525
6537
6525
6512
6500
6487
6475
6462
6475
6487
6537
6587
6675
6787
6912
7025
7137
7262
7362
7462
7575
7675
7787
7912
8037
8125
8225
8312
8387
8450
8512
8575
8612
8650
8662
8650
8612
8575
8537
8500
8487
8475
8487
8475
8487
8475
8487
8462
8462
8462
8450
8437
8437
8412
8400
8400
8375
8375
8375
8337
8325
8312
8275
8262
8250
8225
8187
8150
8087
8012
7937
7862
7787
7737
7700
7650
7600
7550
7475
7437
7387
7362
7337
7337
7312
7300
7287
7275
7262
7250
7262
7250
7262
7250
7237
7225
7212
7187
7150
7137
7100
7087
7075
7087
7075
7062
7050
7037
7000
7000
7000
6975
6975
6975
6962
6950
6937
6925
6912
6875
6862
6850
6837
6825
6837
6825
6812
6800
6787
6775
6762
6750
6737
6725
6725
6712
6725
6712
6725
6712
6700
6687
6675
6637
6625
6612
6600
6587
6600
6587
6600
6587
6600
6587
6600
6587
6600
6587
6600
6587
6575
6537
6525
6487
6475
6462
6475
6462
6475
6487
6500
6512
6525
6537
6525
6537
6525
6537
6525
6537
6550
6562
6587
6637
6675
6725
6812
6900
6987
7087
7200
7312
7412
7537
7637
7750
7850
7975
8075
8175
8287
8400
8487
8562
8637
8700
8750
8787
8825
8837
8850
8825
8825
8800
8775
8762
8750
8712
8675
8662
8625
8612
8600
8612
8587
8587
8562
8562
8537
8550
8537
8525
8512
8487
8462
8462
8462
8437
8425
8375
8325
8275
8225
8187
8150
8087
8025
7962
7887
7837
7787
7737
7700
7687
7637
7612
7587
7562
7537
7525
7512
7500
7512
7500
7512
7500
7512
7525
7537
7550
7587
7600
7612
7625
7612
7575
7562
7525
7512
7500
7487
7475
7462
7450
7437
7425
7387
7350
7312
7275
7237
7225
7212
7187
7175
7162
7125
7112
7100
7087
7075
7087
7075
7087
7075
7062
7050
7037
7025
7000
7012
7000
7012
7000
7025
7012
7000
6987
6962
6937
6912
6912
6875
6875
6875
6875
6875
6887
6900
6887
6900
6875
6875
6850
6850
6825
6837
6825
6837
6825
6837
6825
6837
6825
6837
6825
6812
6812
6812
6787
6787
6787
6750
6737
6725
6725
6712
6700
6687
6675
6662
6650
6662
6650
6675
6675
6700
6700
6725
6737
6762
6800
6875
6950
7012
7100
7187
7275
7375
7500
7612
7750
7875
8012
8112
8225
8337
8450
8550
8650
8725
8800
8850
8887
8925
8937
8950
8950
8950
8925
8925
8887
8862
8812
8750
8700
8650
8600
8550
8512
8475
8437
8425
8412
8425
8412
8400
8387
8375
8337
8325
8312
8300
8275
8275
8250
8225
8187
8150
8087
8025
7962
7900
7837
7775
7712
7662
7600
7562
7525
7487
7475
7462
7425
7412
7425
7412
7425
7437
7450
7437
7450
7437
7450
7437
7450
7437
7425
7412
7400
7387
7375
7362
7325
7287
7250
7212
7187
7175
7162
7125
7087
7050
7012
6975
6962
6950
6962
6950
6937
6925
6912
6875
6862
6850
6837
6825
6837
6825
6837
6825
6837
6825
6837
6825
6812
6800
6812
6800
6787
6800
6812
6800
6787
6800
6787
6775
6762
6775
6762
6750
6737
6725
6725
6712
6700
6700
6700
6675
6675
6675
6662
6650
6675
6675
6700
6700
6725
6750
6800
6850
6925
6987
7062
7125
7212
7325
7437
7550
7650
7750
7850
7962
8062
8200
8350
8475
8587
8687
8737
8775
8787
8800
8787
8800
8787
8800
8787
8775
8762
8737
8712
8687
8662
8612
8600
8562
8550
8537
8525
8512
8500
8462
8450
8437
8400
8362
8312
8262
8212
8175
8125
8087
8025
7962
7900
7837
7775
7712
7662
7600
7525
7475
7425
7400
7375
7362
7325
7287
7250
7212
7212
7212
7225
7237
7250
7262
7250
7275
7275
7300
7300
7325
7312
7287
7262
7237
7212
7200
7187
7150
7112
7075
7037
7025
7012
7000
6987
6975
6962
6950
6962
6950
6962
6950
6962
6950
6962
6950
6962
6950
6962
6950
6962
6950
6962
6950
6962
6950
6962
6950
6962
6950
6937
6937
6925
6912
6900
6912
6875
6875
6875
6875
6875
6887
6875
6875
6875
6850
6850
6850
6837
6825
6837
6825
6837
6825
6812
6800
6787
6775
6750
6750
6725
6725
6712
6725
6712
6725
6737
6762
6812
6862
6925
6975
7062
7137
7250
7362
7487
7587
7712
7825
7950
8062
8175
8287
8412
8512
8600
8687
8775
8862
8925
8962
8987
8987
8950
8937
8925
8887
8875
8862
8850
8837
8825
8787
8775
8750
8737
8725
8737
8725
8712
8700
8712
8687
8687
8687
8687
8662
8650
8637
8650
8625
8625
8625
8600
8575
8550
8525
8500
8462
8400
8350
8275
8200
8175
8137
8087
8037
7987
7912
7862
7812
7762
7712
7662
7625
7587
7550
7537
7550
7537
7550
7562
7575
7562
7575
7562
7575
7562
7575
7562
7550
7537
7525
7512
7487
7487
7462
7462
7437
7450
7437
7450
7437
7450
7437
7425
7412
7400
7362
7350
7325
7300
7275
7275
7250
7262
7275
7287
7275
7287
7275
7262
7250
7262
7250
7237
7225
7212
7212
7200
7212
7200
7187
7175
7162
7150
7137
7150
7137
7150
7137
7125
7112
7100
7087
7075
7062
7050
7037
7025
7012
7000
6987
6975
6962
6950
6962
6950
6962
6950
6962
6950
6962
6975
7012
7050
7112
7162
7225
7300
7387
7475
7575
7675
7775
7875
7975
8075
8162
8287
8400
8512
8625
8737
8837
8950
9037
9112
9162
9200
9200
9225
9212
9200
9162
9150
9112
9075
9062
9050
9012
8975
8937
8900
8862
8850
8837
8850
8837
8850
8837
8825
8812
8800
8800
8787
8800
8787
8800
8787
8775
8762
8750
8712
8675
8637
8575
8500
8450
8400
8350
8300
8262
8200
8150
8087
8025
7962
7900
7837
7775
7712
7662
7625
7587
7575
7562
7575
7587
7600
7612
7650
7662
7675
7675
7687
7675
7687
7675
7700
7675
7687
7662
7662
7637
7625
7575
7562
7525
7487
7475
7462
7450
7437
7425
7412
7400
7362
7350
7337
7325
7312
7300
7287
7275
7262
7250
7262
7250
7237
7225
7212
7187
7175
7162
7150
7162
7175
7187
7200
7212
7200
7212
7200
7212
7200
7212
7200
7212
7200
7187
7175
7162
7150
7137
7125
7112
7100
7062
7050
7037
7025
7012
7000
6987
6975
6962
6950
6962
6950
6962
6950
6937
6925
6912
6900
6887
6900
6887
6875
6862
6850
6837
6825
6837
6850
6887
6925
7000
7075
7150
7237
7337
7425
7537
7625
7737
7850
7975
8075
8187
8312
8425
8537
8650
8737
8837
8937
9000
9075
9112
9137
9137
9137
9100
9087
9050
9012
8975
8937
8875
8812
8775
8750
8712
8700
8687
8650
8637
8625
8587
8575
8562
8550
8537
8525
8512
8500
8462
8425
8387
8325
8262
8200
8175
8137
8087
8037
7987
7900
7800
7712
7612
7550
7487
7437
7387
7375
7337
7300
7287
7275
7262
7250
7262
7250
7262
7275
7287
7275
7300
7300
7300
7300
7325
7312
7300
7287
7275
7262
7250
7262
7250
7237
7200
7187
7162
7150
7125
7125
7100
7075
7050
7037
7000
6987
6975
6962
6950
6962
6950
6962
6950
6962
6950
6937
6925
6912
6875
6862
6850
6837
6825
6837
6825
6837
6825
6837
6825
6837
6825
6837
6825
6837
6825
6837
6812
6812
6787
6787
6762
6775
6762
6775
6762
6750
6737
6725
6725
6712
6700
6687
6675
6662
6650
6662
6650
6662
6650
6662
6650
6662
6650
6662
6650
6662
6650
6662
6650
6662
6650
6662
6675
6700
6712
6775
6850
6925
7012
7112
7212
7300
7387
7475
7575
7662
7787
7912
8050
8162
8287
8387
8487
8575
8662
8750
8837
8925
9000
9037
9075
9087
9075
9062
9050
9012
8975
8962
8900
8862
8825
8787
8737
8725
8687
8650
8637
8650
8637
8650
8650
8650
8625
8625
8587
8600
8575
8575
8550
8537
8512
8500
8462
8425
8387
8350
8312
8275
8237
8225
8200
8162
8125
8087
8025
7962
7900
7837
7762
7687
7625
7550
7500
7450
7425
7400
7400
7375
7400
7400
7425
7425
7450
7462
7500
7500
7525
7525
7525
7525
7525
7525
7525
7500
7475
7462
7425
7412
7400
7387
7375
7387
7375
7387
7375
7387
7375
7362
7350
7337
7300
7287
7275
7237
7225
7212
7187
7175
7162
7150
7137
7125
7112
7100
7087
7075
7087
7075
7087
7075
7087
7075
7062
7050
7062
7050
7037
7050
7037
7025
7012
7025
7012
7025
7037
7050
7062
7075
7087
7075
7087
7075
7087
7075
7087
7075
7062
7050
7037
7025
7012
7000
6987
6975
6962
6950
6962
6950
6962
6950
6962
6950
6937
6925
6912
6900
6912
6962
7012
7087
7175
7262
7362
7462
7550
7637
7762
7862
7975
8087
8212
8325
8450
8575
8675
8787
8887
8975
9050
9125
9187
9250
9287
9325
9337
9325
9312
9300
9262
9225
9187
9125
9062
9025
8987
8975
8962
8975
8962
8950
8937
8950
8937
8950
8962
8975
8962
8975
8962
8950
8937
8925
8887
8875
8862
8850
8825
8800
8750
8700
8637
8575
8512
8450
8387
8325
8262
8200
8150
8087
8025
7962
7900
7837
7775
7737
7712
7675
7662
7675
7650
7662
7675
7687
7675
7700
7712
7725
7737
7750
7762
7750
7762
7750
7737
7725
7712
7700
7687
7675
7662
7650
7612
7600
7587
7575
7562
7575
7562
7575
7550
7550
7525
7525
7500
7512
7500
7487
7450
7437
7400
7387
7375
7362
7350
7337
7325
7312
7325
7312
7325
7312
7325
7300
7300
7300
7300
7300
7312
7300
7287
7300
7287
7300
7312
7325
7312
7300
7287
7275
7237
7200
7187
7162
7125
7112
7100
7087
7075
7087
7075
7087
7075
7087
7075
7087
7075
7087
7075
7087
7100
7137
7162
7225
7287
7362
7437
7525
7612
7725
7825
7937
8050
8150
8262
8387
8525
8637
8750
8875
8987
9075
9175
9262
9337
9387
9437
9450
9437
9425
9412
9375
9337
9325
9300
9262
9225
9212
9175
9137
9100
9062
9025
8987
8975
8962
8975
8962
8950
8937
8925
8875
8825
8775
8687
8612
8537
8462
8387
8325
8250
8175
8112
8037
7962
7925
7887
7850
7837
7825
7787
7775
7762
7762
7750
7762
7750
7762
7750
7762
7750
7762
7762
7787
7787
7812
7800
7812
7800
7787
7775
7762
7737
7700
7662
7625
7587
7550
7512
7500
7462
7425
7412
7387
7362
7337
7337
7312
7300
7262
7250
7212
7212
7200
7212
7187
7187
7162
7162
7137
7150
7137
7125
7087
7075
7037
7025
7012
7025
7012
7025
7012
7025
7012
7025
7012
7025
7012
7025
7012
7025
7012
7000
6987
6975
6962
6950
6962
6950
6962
6950
6937
6925
6912
6900
6887
6912
6912
6912
6912
6912
6875
6862
6850
6837
6825
6837
6825
6812
6800
6787
6750
6737
6725
6725
6712
6725
6712
6700
6687
6675
6662
6650
6662
6650
6662
6650
6662
6650
6662
6675
6700
6737
6800
6862
6937
7012
7087
7175
7275
7387
7500
7600
7725
7837
7962
8075
8200
8312
8437
8525
8612
8687
8750
8812
8875
8912
8925
8937
8925
8887
8875
8862
8825
8812
8800
8775
8762
8750
8737
8725
8712
8700
8687
8650
8637
8625
8587
8575
8562
8550
8537
8525
8512
8500
8462
8425
8412
8375
8337
8325
8312
8275
8237
8200
8175
8125
8075
8025
7975
7900
7837
7775
7712
7662
7600
7537
7500
7462
7425
7387
7350
7312
7300
7275
7287
7300
7312
7300
7325
7312
7300
7287
7275
7237
7200
7162
7137
7100
7062
7050
7037
7000
6987
6975
6962
6950
6937
6925
6912
6900
6887
6875
6862
6850
6812
6800
6787
6775
6762
6775
6762
6750
6750
6750
6725
6725
6725
6725
6725
6737
6750
6762
6750
6737
6725
6725
6712
6725
6712
6700
6687
6675
6662
6650
6662
6637
6637
6637
6637
6612
6625
6612
6600
6587
6575
6575
6575
6537
6525
6512
6487
6462
6475
6462
6475
6462
6475
6462
6475
6462
6475
6487
6500
6487
6500
6512
6487
6487
6512
6537
6562
6625
6687
6762
6850
6950
7050
7137
7250
7362
7475
7600
7725
7837
7962
8075
8162
8262
8362
8437
8525
8612
8687
8750
8812
8837
8850
8837
8850
8837
8825
8787
8775
8750
8712
8700
8687
8637
8612
8587
8562
8537
8550
8525
8525
8500
8500
8475
8487
8462
8462
8437
8437
8412
8400
8387
8375
8337
8300
8262
8200
8150
8087
8025
7987
7950
7912
7862
7812
7737
7650
7600
7537
7500
7462
7437
7412
7400
7362
7350
7337
7325
7312
7325
7312
7325
7337
7350
7362
7375
7387
7375
7387
7375
7387
7375
7387
7375
7387
7375
7387
7375
7387
7375
7362
7350
7337
7300
7300
7287
7275
7262
7250
7225
7212
7212
7200
7212
7200
7212
7200
7187
7150
7137
7100
7062
7050
7025
7000
6975
6975
6975
6975
6975
6975
6975
6950
6937
6925
6912
6900
6887
6900
6887
6875
6875
6875
6850
6850
6875
6862
6875
6887
6900
6887
6900
6887
6900
6887
6875
6875
6862
6850
6837
6825
6800
6787
6775
6762
6775
6762
6750
6737
6725
6725
6712
6725
6712
6725
6712
6737
6737
6737
6725
6725
6725
6712
6725
6712
6725
6725
6762
6800
6875
6962
7050
7150
7262
7375
7487
7587
7687
7787
7887
8000
8112
8225
8350
8462
8550
8625
8700
8775
8825
8875
8900
8912
8900
8912
8900
8887
8875
8862
8825
8787
8775
8750
8712
8700
8687
8650
8637
8625
8612
8600
8612
8600
8587
8575
8562
8525
8512
8500
8462
8425
8387
8325
8250
8175
8137
8075
8012
7962
7912
7825
7775
7725
7675
7637
7612
7562
7537
7512
7487
7487
7487
7462
7475
7487
7462
7462
7462
7462
7437
7450
7437
7450
7437
7450
7437
7425
7412
7400
7387
7375
7362
7350
7337
7300
7287
7275
7262
7237
7237
7200
7187
7162
7137
7087
7075
7037
7025
7012
7000
6987
6975
6962
6950
6937
6900
6887
6850
6837
6825
6812
6800
6787
6775
6762
6775
6762
6750
6737
6750
6737
6750
6762
6775
6762
6775
6762
6775
6762
6775
6750
6750
6725
6725
6712
6700
6687
6675
6637
6625
6612
6575
6562
6550
6537
6525
6537
6525
6537
6525
6537
6525
6537
6525
6537
6525
6537
6525
6537
6525
6512
6512
6512
6512
6537
6587
6625
6675
6737
6812
6887
6975
7062
7162
7250
7350
7450
7550
7650
7787
7912
8025
8125
8225
8300
8375
8450
8512
8550
8587
8600
8612
8600
8587
8575
8550
8525
8500
8475
8425
8387
8350
8312
8275
8262
8250
8250
8237
8225
8212
8200
8187
8175
8187
8175
8187
8175
8187
8175
8162
8150
8137
8100
8062
8025
7962
7887
7812
7737
7662
7600
7537
7475
7412
7350
7312
7262
7237
7200
7187
7162
7162
7125
7125
7100
7100
7075
7087
7100
7112
7125
7137
7150
7137
7150
7162
7187
7200
7212
7200
7162
7137
7100
7062
7050
7037
7000
6987
6975
6937
6925
6912
6875
6862
6850
6837
6825
6837
6825
6812
6800
6787
6775
6762
6750
6750
6750
6725
6725
6725
6700
6687
6675
6637
6625
6612
6600
6587
6600
6587
6600
6612
6650
6662
6700
6712
6725
6712
6725
6712
6725
6712
6700
6662
6650
6612
6612
6612
6612
6612
6612
6600
6587
6600
6587
6600
6587
6600
6587
6600
6587
6600
6587
6600
6575
6575
6550
6550
6525
6512
6500
6487
6475
6450
6462
6450
6462
6450
6475
6462
6475
6462
6475
6487
6487
6500
6512
6525
6500
6525
6537
6575
6612
6712
6800
6900
7012
7125
7237
7362
7500
7612
7737
7862
7987
8100
8237
8350
8462
8562
8637
8700
8750
8787
8825
8837
8850
8837
8825
8812
8800
8775
8762
8737
8712
8687
8662
8637
8625
8612
8600
8587
8550
8537
8500
8487
8500
8512
8525
8537
8550
8537
8525
8512
8487
8425
8387
8350
8287
8237
8200
8137
8087
8025
7962
7887
7825
7737
7662
7625
7575
7550
7525
7500
7475
7487
7475
7487
7500
7525
7512
7537
7537
7562
7550
7575
7562
7575
7562
7575
7562
7550
7537
7525
7487
7475
7462
7425
7412
7400
7387
7375
7362
7350
7325
7300
7275
7250
7200
7162
7137
7125
7112
7100
7112
7100
7087
7075
7087
7075
7087
7075
7062
7050
7037
7025
7012
7025
7012
7000
6987
6975
6937
6925
6912
6875
6862
6850
6837
6825
6837
6825
6812
6800
6787
6775
6762
6750
6737
6725
6725
6712
6700
6687
6675
6662
6650
6637
6625
6612
6600
6587
6600
6587
6600
6587
6575
6575
6575
6550
6550
6550
6537
6525
6537
6550
6562
6587
6637
6675
6737
6825
6925
7025
7125
7237
7350
7462
7575
7675
7787
7912
8012
8112
8212
8312
8400
8487
8587
8662
8725
8775
8825
8837
8825
8787
8750
8700
8637
8600
8562
8550
8537
8550
8537
8550
8537
8525
8512
8500
8487
8475
8487
8475
8487
8475
8462
8450
8437
8425
8412
8425
8412
8400
8387
8375
8337
8300
8262
8200
8150
8087
8012
7937
7862
7787
7712
7650
7600
7550
7500
7450
7437
7400
7387
7375
7387
7375
7387
7375
7387
7375
7387
7375
7387
7375
7362
7350
7337
7325
7312
7300
7262
7225
7187
7162
7125
7112
7100
7087
7062
7075
7062
7075
7062
7087
7062
7062
7037
7050
7037
7037
7037
7037
7025
7012
7000
6987
6975
6937
6925
6912
6875
6862
6850
6812
6800
6775
6750
6725
6725
6712
6700
6700
6700
6700
6700
6700
6687
6675
6662
6650
6662
6650
6637
6625
6612
6600
6587
6575
6562
6550
6512
6500
6487
6450
6437
6425
6412
6400
6412
6400
6387
6387
6387
6362
6362
6362
6350
6337
6350
6362
6412
6462
6550
6625
6725
6825
6925
7025
7125
7225
7337
7450
7562
7662
7775
7875
7987
8087
8162
8250
8325
8387
8425
8462
8475
8462
8425
8375
8325
8275
8225
8187
8175
8137
8100
8087
8075
8062
8050
8062
8050
8037
8037
8037
8012
8012
8037
8025
8037
8050
8037
8000
7962
7925
7875
7825
7775
7725
7650
7575
7500
7425
7337
7287
7237
7187
7150
7112
7075
7037
7000
6987
6975
6962
6950
6962
6950
6962
6975
6987
7000
7012
7025
7012
7000
6987
6962
6937
6912
6887
6862
6850
6812
6800
6812
6800
6787
6800
6787
6775
6750
6750
6725
6725
6712
6725
6712
6725
6712
6700
6662
6650
6637
6625
6612
6625
6612
6600
6587
6600
6587
6575
6562
6550
6512
6500
6487
6450
6437
6425
6412
6400
6387
6375
6362
6350
6337
6350
6337
6350
6337
6350
6337
6350
6337
6350
6337
6350
6337
6350
6337
6325
6312
6300
6287
6275
6287
6262
6262
6237
6212
6187
6175
6150
6137
6125
6112
6100
6112
6125
6137
6150
6175
6212
6250
6312
6387
6462
6537
6612
6700
6800
6900
7000
7100
7225
7337
7450
7575
7687
7787
7887
8000
8087
8162
8250
8325
8387
8450
8487
8525
8537
8550
8525
8525
8500
8475
8425
8412
8375
8337
8325
8312
8275
8262
8237
8225
8200
8200
8175
8187
8175
8187
8175
8187
8175
8187
8175
8187
8200
8212
8225
8237
8250
8237
8225
8212
8200
8162
8150
8137
8087
8037
7987
7912
7837
7775
7712
7650
7575
7500
7412
7350
7287
7225
7162
7112
7075
7037
7000
6987
7000
6975
6975
7000
7000
7000
7012
7025
7037
7050
7075
7100
7125
7125
7150
7137
7150
7137
7150
7137
7125
7112
7100
7087
7075
7062
7025
7012
6975
6937
6925
6912
6900
6887
6875
6862
6837
6812
6787
6762
6737
6725
6725
6712
6725
6712
6700
6687
6675
6662
6650
6662
6650
6637
6625
6612
6600
6587
6600
6587
6600
6587
6612
6612
6637
6637
6662
6650
6662
6650
6662
6650
6637
6625
6612
6575
6575
6575
6550
6550
6550
6512
6475
6475
6450
6450
6450
6475
6487
6500
6512
6562
6625
6700
6800
6912
7025
7100
7200
7300
7400
7512
7625
7750
7887
8025
8137
8250
8350
8437
8512
8550
8587
8600
8587
8550
8512
8475
8437
8425
8412
8400
8387
8375
8337
8325
8312
8300
8275
8287
8262
8262
8237
8250
8250
8262
8275
8287
8300
8287
8300
8287
8300
8287
8300
8287
8300
8287
8300
8275
8275
8250
8225
8175
8150
8087
8012
7937
7862
7762
7662
7587
7500
7412
7350
7300
7250
7200
7187
7162
7150
7162
7175
7187
7200
7212
7200
7212
7200
7212
7187
7187
7162
7162
7162
7162
7162
7162
7162
7137
7125
7087
7075
7037
7000
6987
6975
6937
6900
6887
6850
6812
6775
6762
6712
6700
6675
6650
6600
6587
6550
6512
6500
6487
6450
6437
6425
6387
6375
6362
6350
6337
6350
6337
6350
6362
6375
6387
6400
6412
6400
6425
6425
6450
6450
6450
6437
6425
6412
6400
6387
6375
6362
6325
6312
6300
6287
6275
6287
6275
6250
6237
6225
6212
6237
6300
6350
6437
6525
6600
6675
6775
6875
6975
7087
7212
7350
7487
7612
7750
7875
7975
8062
8150
8200
8237
8275
8287
8275
8237
8200
8150
8112
8062
8037
8012
7987
7962
7950
7937
7925
7937
7925
7937
7925
7937
7925
7950
7950
7950
7950
7950
7912
7875
7862
7825
7787
7750
7712
7662
7600
7537
7475
7412
7350
7287
7225
7150
7112
7062
7012
6962
6950
6900
6875
6850
6850
6850
6862
6875
6912
6925
6937
6950
6937
6900
6887
6850
6812
6800
6787
6750
6737
6725
6700
6662
6650
6612
6575
6537
6525
6487
6450
6412
6400
6362
6350
6337
6350
6325
6325
6300
6300
6275
6287
6275
6262
6250
6237
6225
6212
6225
6212
6200
6187
6175
6150
6137
6125
6112
6100
6087
6075
6087
6075
6087
6100
6112
6100
6112
6100
6112
6100
6112
6087
6087
6062
6037
6012
6000
5987
5962
5962
5937
5937
5912
5937
5937
5962
5987
6037
6075
6150
6237
6325
6412
6500
6587
6675
6775
6887
7000
7100
7225
7350
7475
7587
7687
7787
7875
7950
8000
8037
8050
8062
8050
8037
8025
8012
7975
7937
7900
7837
7800
7762
7762
7750
7762
7750
7762
7762
7775
7787
7800
7812
7787
7787
7762
7762
7750
7737
7725
7712
7675
7637
7600
7562
7525
7487
7450
7412
7337
7262
7187
7112
7050
6987
6925
6850
6800
6750
6700
6687
6675
6662
6650
6662
6650
6662
6650
6662
6650
6662
6650
6662
6650
6662
6650
6662
6650
6637
6625
6612
6600
6587
6575
6562
6537
6512
6487
6462
6437
6450
6425
6425
6425
6425
6400
6412
6400
6387
6375
6362
6325
6312
6300
6262
6250
6237
6200
6187
6175
6150
6150
6150
6125
6125
6125
6112
6100
6087
6075
6062
6050
6037
6062
6062
6062
6062
6062
6050
6062
6075
6087
6100
6087
6075
6087
6075
6087
6100
6112
6100
6112
6125
6150
6187
6250
6312
6375
6462
6550
6650
6775
6912
7025
7137
7262
7362
7462
7562
7650
7737
7825
7900
7962
8025
8062
8100
8112
8100
8062
8050
8012
7975
7962
7950
7912
7900
7887
7875
7862
7837
7812
7812
7787
7762
7775
7762
7762
7750
7737
7725
7737
7725
7712
7725
7712
7700
7687
7675
7662
7650
7612
7575
7537
7475
7412
7337
7262
7187
7112
7050
6987
6925
6862
6825
6787
6775
6762
6750
6737
6750
6737
6750
6762
6775
6762
6775
6762
6787
6775
6787
6775
6787
6762
6775
6762
6750
6737
6725
6700
6662
6625
6587
6550
6537
6525
6537
6512
6512
6487
6487
6462
6475
6462
6475
6462
6450
6437
6425
6412
6400
6412
6400
6412
6400
6412
6400
6387
6375
6362
6350
6337
6325
6312
6300
6262
6250
6237
6200
6187
6175
6175
6162
6150
6137
6125
6112
6100
6112
6100
6112
6100
6087
6075
6062
6050
6037
6050
6037
6050
6062
6100
6125
6187
6250
6325
6400
6475
6562
6650
6737
6850
6962
7062
7175
7300
7400
7500
7587
7662
7750
7812
7875
7912
7912
7900
7875
7825
7800
7775
7737
7700
7662
7625
7587
7575
7562
7550
7537
7525
7512
7500
7487
7475
7462
7450
7437
7450
7437
7450
7437
7425
7412
7425
7412
7400
7387
7375
7337
7300
7262
7225
7162
7100
7025
6950
6875
6800
6737
6700
6675
6637
6625
6612
6575
6562
6550
6537
6525
6512
6500
6512
6500
6512
6550
6562
6575
6587
6600
6587
6600
6587
6575
6562
6550
6512
6500
6487
6450
6412
6375
6337
6300
6262
6250
6237
6200
6187
6162
6162
6150
6137
6125
6125
6087
6075
6062
6050
6037
6050
6037
6050
6037
6025
6012
6000
5987
5975
5987
6000
6012
6025
6037
6025
6012
6000
5987
5975
5987
5975
5987
5962
5962
5937
5912
5887
5875
5862
5850
5837
5825
5812
5800
5787
5800
5787
5800
5787
5800
5787
5800
5787
5800
5787
5775
5762
5750
5737
5725
5712
5700
5687
5662
5650
5662
5662
5700
5775
5850
5925
6012
6087
6175
6262
6350
6450
6550
6650
6762
6875
6975
7062
7162
7262
7362
7462
7525
7587
7612
7612
7600
7587
7550
7512
7500
7462
7425
7387
7350
7312
7275
7262
7250
7237
7200
7187
7162
7150
7137
7125
7112
7100
7087
7075
7087
7075
7062
7050
7037
7025
7012
7025
7000
7000
6975
6975
6937
6937
6912
6875
6837
6812
6750
6687
6637
6575
6500
6437
6375
6312
6275
6237
6225
6212
6225
6212
6225
6237
6250
6237
6250
6237
6200
6187
6175
6175
6162
6150
6137
6125
6112
6087
6087
6062
6037
6012
6000
5987
5975
5987
5975
5962
5950
5962
5950
5962
5975
5962
5950
5937
5925
5912
5925
5912
5925
5912
5925
5912
5925
5912
5900
5887
5875
5862
5850
5862
5850
5837
5825
5837
5825
5837
5850
5837
5825
5837
5825
5850
5875
5900
5900
5925
5912
5925
5912
5925
5912
5900
5900
5887
5875
5862
5875
5850
5862
5850
5837
5825
5812
5800
5787
5800
5787
5800
5787
5800
5787
5800
5787
5812
5837
5887
5937
6025
6087
6162
6250
6350
6437
6537
6625
6725
6825
6925
7025
7137
7237
7337
7450
7537
7625
7700
7737
7775
7787
7775
7762
7762
7762
7750
7737
7687
7675
7637
7600
7562
7562
7525
7487
7475
7462
7450
7425
7437
7425
7437
7425
7425
7412
7400
7362
7350
7337
7325
7312
7325
7312
7325
7312
7325
7312
7300
7287
7275
7237
7225
7212
7187
7150
7112
7050
6975
6900
6850
6800
6750
6712
6662
6600
6512
6450
6387
6362
6337
6350
6337
6350
6337
6350
6337
6350
6337
6350
6362
6375
6362
6375
6362
6325
6312
6300
6287
6275
6287
6262
6262
6237
6212
6187
6175
6150
6137
6125
6112
6100
6087
6075
6062
6050
6037
6050
6037
6050
6037
6025
6012
6000
5962
5950
5937
5925
5900
5912
5900
5887
5875
5875
5862
5837
5837
5812
5812
5787
5800
5787
5800
5787
5800
5787
5800
5787
5800
5787
5800
5787
5800
5787
5800
5775
5775
5750
5750
5725
5737
5725
5712
5700
5712
5687
5687
5687
5687
5675
5662
5650
5637
5625
5612
5600
5587
5575
5562
5550
5562
5550
5562
5550
5562
5550
5562
5550
5537
5525
5537
5525
5537
5550
5562
5550
5562
5550
5562
5575
5612
5625
5662
5712
5762
5825
5912
5987
6062
6150
6237
6325
6412
6512
6587
6687
6787
6887
6975
7050
7112
7187
7262
7337
7412
7450
7487
7500
7512
7500
7487
7450
7412
7350
7312
7275
7237
7200
7162
7137
7100
7062
7050
7037
7025
7012
7025
7012
7025
7012
7025
7012
7025
7012
7000
6962
6950
6900
6875
6850
6825
6775
6737
6675
6650
6612
6575
6537
6525
6475
6425
6375
6325
6250
6212
6175
6150
6112
6100
6062
6050
6037
6050
6062
6075
6062
6075
6062
6050
6037
6050
6025
6025
6000
5975
5950
5937
5900
5900
5887
5875
5862
5875
5850
5862
5837
5837
5812
5812
5787
5775
5762
5750
5737
5712
5712
5687
5662
5650
5637
5625
5612
5600
5587
5575
5562
5550
5562
5537
5537
5512
5512
5487
5475
5462
5450
5437
5425
5437
5425
5437
5425
5437
5425
5437
5425
5437
5425
5437
5425
5437
5425
5437
5425
5437
5425
5412
5400
5387
5350
5337
5325
5312
5325
5337
5325
5337
5325
5312
5300
5312
5300
5312
5300
5287
5275
5262
5250
5262
5300
5350
5425
5500
5575
5662
5750
5837
5937
6025
6100
6187
6275
6350
6437
6537
6612
6700
6787
6862
6925
6962
7000
7012
7025
7012
7000
6987
6975
6937
6900
6887
6837
6825
6812
6800
6787
6787
6750
6737
6725
6725
6725
6737
6750
6762
6775
6762
6775
6762
6775
6750
6750
6725
6700
6662
6625
6587
6550
6512
6475
6437
6362
6287
6200
6112
6062
6012
5962
5925
5912
5875
5837
5825
5812
5800
5787
5800
5787
5800
5787
5812
5812
5837
5837
5837
5825
5837
5825
5812
5825
5812
5800
5787
5775
5762
5750
5712
5700
5687
5662
5650
5637
5625
5612
5600
5587
5575
5562
5550
5537
5525
5512
5500
5487
5475
5462
5450
5437
5425
5412
5400
5375
5350
5325
5325
5300
5312
5300
5312
5300
5312
5287
5287
5262
5262
5237
5250
5237
5250
5237
5250
5237
5250
5237
5250
5237
5225
5225
5225
5200
5200
5200
5187
5175
5162
5150
5137
5137
5137
5150
5137
5150
5137
5137
5125
5112
5100
5112
5100
5112
5112
5125
5137
5187
5250
5350
5450
5537
5612
5712
5812
5912
6012
6112
6212
6312
6412
6512
6600
6687
6762
6837
6925
7012
7050
7112
7137
7150
7137
7125
7087
7075
7037
7000
6987
6975
6962
6950
6937
6937
6937
6912
6912
6912
6875
6862
6850
6837
6825
6812
6800
6787
6750
6737
6725
6725
6712
6725
6712
6700
6662
6625
6587
6537
6475
6437
6400
6325
6262
6212
6137
6075
6012
5950
5912
5875
5862
5850
5862
5875
5887
5900
5912
5925
5937
5950
5962
6000
6012
6037
6062
6062
6062
6087
6075
6062
6075
6062
6025
5987
5975
5937
5925
5912
5900
5887
5875
5862
5850
5837
5837
5837
5812
5812
5812
5775
5762
5750
5712
5700
5712
5700
5712
5725
5737
5725
5737
5725
5750
5737
5750
5737
5750
5725
5737
5750
5750
5750
5750
5750
5750
5762
5750
5775
5762
5750
5762
5775
5775
5787
5800
5812
5825
5812
5825
5837
5825
5837
5850
5862
5875
5887
5875
5862
5862
5837
5837
5837
5862
5850
5837
5825
5800
5775
5750
5750
5725
5737
5725
5737
5750
5762
5787
5837
5887
5950
6037
6137
6250
6362
6487
6587
6687
6775
6887
6987
7075
7187
7312
7425
7537
7637
7737
7800
7850
7862
7850
7812
7800
7762
7737
7700
7662
7600
7562
7525
7487
7450
7437
7387
7362
7337
7337
7312
7325
7312
7325
7312
7300
7287
7275
7262
7250
7262
7250
7237
7200
7187
7162
7125
7112
7100
7062
7025
6987
6925
6862
6800
6725
6675
6637
6587
6525
6462
6375
6287
6200
6150
6125
6087
6087
6112
6125
6150
6200
6237
6250
6262
6275
6287
6275
6262
6250
6225
6200
6162
6150
6125
6100
6075
6062
6025
5987
5950
5887
5850
5812
5775
5762
5750
5737
5725
5712
5700
5687
5687
5675
5687
5675
5687
5675
5687
5662
5662
5637
5637
5612
5625
5612
5625
5612
5600
5587
5575
5537
5525
5512
5500
5512
5525
5512
5525
5512
5475
5462
5450
5437
5425
5412
5400
5387
5375
5362
5375
5350
5350
5350
5350
5325
5337
5350
5337
5350
5362
5375
5362
5375
5362
5375
5362
5375
5362
5375
5387
5425
5462
5525
5587
5675
5775
5900
6012
6137
6262
6375
6475
6575
6650
6725
6812
6887
6962
7012
7062
7075
7087
7075
7050
7025
7000
6975
6950
6937
6900
6887
6837
6812
6787
6787
6762
6775
6750
6762
6750
6762
6750
6775
6762
6775
6762
6775
6762
6775
6787
6800
6787
6800
6787
6750
6737
6725
6700
6662
6650
6600
6550
6500
6437
6375
6325
6275
6225
6187
6125
6100
6062
6025
6012
6025
6012
6025
6037
6050
6062
6075
6087
6100
6087
6075
6062
6050
6037
6025
6012
6000
5987
5975
5987
5975
5962
5950
5937
5925
5912
5900
5887
5900
5875
5850
5850
5825
5800
5787
5775
5762
5750
5712
5700
5687
5687
5675
5662
5650
5637
5625
5600
5600
5575
5575
5550
5562
5537
5537
5512
5512
5487
5500
5487
5500
5475
5475
5475
5475
5475
5475
5487
5475
5487
5475
5500
5487
5500
5487
5500
5487
5475
5462
5450
5437
5425
5437
5425
5412
5400
5412
5400
5387
5400
5387
5375
5362
5375
5362
5375
5362
5350
5337
5325
5312
5325
5337
5350
5387
5437
5487
5562
5662
5775
5875
5987
6087
6200
6300
6412
6525
6625
6725
6825
6925
7012
7087
7150
7200
7237
7275
7287
7275
7287
7262
7237
7212
7187
7150
7137
7100
7062
7050
7037
7000
6987
6975
6937
6925
6912
6875
6862
6850
6812
6800
6787
6775
6762
6775
6762
6775
6762
6750
6737
6725
6700
6662
6625
6562
6500
6437
6375
6300
6225
6150
6075
6012
5950
5887
5850
5850
5850
5875
5900
5925
5937
5975
5975
6012
6025
6012
6000
6025
6012
6000
6012
6000
5987
5975
5962
5950
5937
5925
5900
5900
5875
5850
5825
5812
5800
5787
5812
5812
5812
5812
5812
5800
5787
5800
5787
5800
5787
5800
5787
5775
5762
5750
5737
5725
5712
5700
5687
5687
5675
5687
5675
5662
5650
5662
5650
5637
5650
5637
5625
5612
5625
5612
5625
5612
5625
5612
5625
5637
5650
5662
5675
5687
5675
5687
5675
5662
5650
5662
5650
5637
5650
5637
5600
5562
5550
5512
5500
5487
5475
5462
5450
5437
5425
5437
5425
5437
5425
5412
5400
5387
5375
5362
5375
5387
5425
5462
5537
5625
5737
5850
5975
6062
6175
6262
6375
6487
6587
6687
6800
6887
6962
7050
7137
7225
7312
7375
7425
7437
7425
7387
7375
7337
7300
7300
7287
7275
7250
7250
7212
7212
7200
7212
7200
7212
7200
7212
7212
7225
7237
7250
7262
7250
7262
7250
7237
7225
7212
7187
7175
7162
7125
7087
7050
6987
6925
6862
6787
6712
6637
6600
6537
6487
6462
6462
6437
6425
6437
6450
6437
6425
6437
6450
6437
6425
6437
6425
6387
6350
6337
6287
6262
6237
6212
6187
6175
6150
6112
6100
6062
6025
6012
6000
5962
5925
5912
5900
5887
5875
5887
5875
5862
5850
5862
5850
5862
5850
5862
5850
5862
5850
5862
5875
5887
5900
5912
5900
5887
5875
5875
5862
5875
5862
5875
5837
5850
5837
5825
5812
5812
5800
5787
5775
5762
5750
5712
5675
5662
5637
5600
5587
5575
5562
5550
5537
5525
5512
5475
5437
5425
5387
5350
5337
5325
5312
5300
5312
5300
5312
5300
5312
5300
5325
5325
5350
5375
5437
5487
5562
5637
5725
5812
5912
6012
6087
6187
6287
6387
6500
6625
6750
6862
6962
7037
7112
7150
7187
7200
7187
7175
7162
7125
7087
7050
7012
6962
6937
6912
6887
6837
6825
6787
6750
6737
6725
6700
6687
6675
6662
6650
6662
6650
6637
6625
6612
6575
6562
6550
6512
6475
6437
6375
6312
6250
6187
6125
6075
6012
5950
5912
5875
5837
5800
5787
5750
5712
5700
5687
5662
5650
5637
5625
5612
5625
5612
5625
5612
5625
5612
5625
5612
5600
5587
5575
5562
5550
5537
5525
5512
5500
5475
5475
5450
5450
5450
5450
5450
5450
5450
5425
5437
5425
5437
5425
5437
5425
5437
5425
5412
5400
5412
5400
5387
5412
5400
5387
5375
5387
5362
5375
5362
5350
5337
5325
5312
5300
5312
5287
5300
5287
5275
5262
5262
5250
5237
5250
5237
5250
5237
5250
5237
5250
5237
5225
5212
5200
5187
5175
5187
5175
5187
5162
5175
5162
5175
5162
5187
5175
5187
5175
5187
5175
5187
5175
5187
5200
5200
5200
5200
5200
5200
5237
5275
5337
5400
5475
5550
5637
5737
5837
5937
6025
6137
6250
6362
6475
6575
6662
6750
6850
6937
7025
7100
7162
7225
7262
7300
7312
7325
7300
7275
7225
7162
7087
7012
6962
6912
6875
6837
6825
6787
6775
6762
6775
6762
6775
6787
6800
6787
6800
6787
6775
6750
6750
6750
6750
6725
6712
6700
6675
6637
6600
6562
6500
6437
6375
6312
6275
6237
6200
6162
6125
6100
6062
6025
5987
5975
5937
5925
5912
5925
5912
5925
5912
5937
5937
5962
5962
5987
5975
5987
5975
5987
5975
5987
5975
5962
5950
5937
5900
5862
5850
5812
5775
5762
5750
5712
5700
5687
5687
5675
5687
5675
5687
5675
5662
5650
5662
5650
5637
5650
5637
5600
5587
5575
5537
5525
5512
5475
5462
5450
5437
5425
5412
5400
5387
5375
5362
5375
5362
5375
5362
5375
5350
5350
5350
5350
5350
5362
5375
5362
5350
5337
5325
5312
5300
5312
5300
5312
5300
5312
5300
5287
5287
5287
5262
5262
5262
5250
5237
5250
5237
5250
5237
5250
5237
5250
5237
5250
5275
5300
5325
5387
5450
5500
5575
5662
5762
5875
5987
6087
6212
6325
6437
6550
6650
6762
6875
6975
7050
7112
7137
7150
7125
7125
7100
7075
7050
7037
7000
6987
6975
6937
6925
6912
6875
6862
6837
6812
6812
6812
6787
6800
6787
6775
6762
6775
6762
6775
6762
6775
6762
6775
6762
6775
6762
6750
6737
6725
6700
6662
6612
6537
6462
6387
6312
6275
6237
6200
6162
6150
6112
6087
6062
6062
6037
6025
6012
6000
5987
5975
5987
6000
6012
6025
6037
6025
6012
6000
5987
5962
5962
5937
5937
5900
5900
5875
5875
5850
5862
5850
5837
5825
5812
5775
5762
5737
5712
5687
5662
5625
5612
5575
5562
5550
5562
5550
5537
5525
5512
5475
5462
5450
5437
5425
5412
5400
5387
5375
5362
5375
5362
5375
5362
5375
5362
5350
5337
5350
5325
5325
5350
5350
5350
5362
5375
5362
5375
5362
5375
5362
5350
5337
5325
5312
5300
5287
5275
5262
5250
5237
5262
5262
5287
5312
5362
5412
5487
5562
5650
5750
5837
5937
6025
6112
6212
6325
6425
6525
6625
6725
6812
6900
6962
7000
7012
7000
6962
6925
6862
6800
6737
6700
6675
6637
6625
6612
6562
6550
6537
6525
6512
6512
6500
6487
6475
6462
6475
6462
6475
6462
6450
6412
6375
6337
6300
6262
6225
6187
6125
6075
6012
5975
5937
5900
5862
5825
5750
5675
5600
5537
5462
5425
5412
5400
5412
5425
5437
5425
5437
5450
5462
5475
5487
5500
5487
5500
5487
5500
5512
5525
5512
5525
5537
5512
5512
5512
5512
5475
5475
5475
5475
5475
5475
5475
5450
5450
5425
5437
5425
5412
5400
5387
5375
5362
5375
5362
5375
5362
5375
5362
5375
5362
5375
5362
5375
5362
5375
5362
5375
5362
5375
5362
5375
5387
5400
5387
5412
5412
5412
5412
5437
5425
5437
5450
5462
5475
5487
5500
5487
5475
5462
5475
5462
5450
5462
5475
5462
5475
5487
5475
5462
5450
5437
5450
5487
5525
5587
5650
5725
5800
5900
6012
6137
6262
6400
6525
6612
6712
6825
6925
7025
7112
7175
7225
7275
7312
7325
7362
7400
7400
7400
7400
7400
7375
7362
7325
7312
7275
7237
7200
7187
7162
7125
7112
7100
7087
7075
7087
7075
7087
7075
7087
7075
7087
7075
7062
7050
7037
7025
7000
6975
6925
6875
6800
6737
6675
6625
6550
6500
6450
6400
6350
6312
6250
6212
6175
6150
6137
6125
6087
6087
6087
6062
6062
6087
6075
6087
6100
6087
6075
6087
6075
6087
6100
6112
6100
6112
6100
6112
6100
6112
6100
6087
6075
6062
6025
5987
5975
5962
5950
5962
5975
5962
5950
5937
5925
5912
5900
5887
5875
5862
5850
5862
5850
5862
5850
5862
5875
5912
5912
5937
5937
5937
5937
5975
5987
6000
6012
6025
6012
6025
6037
6050
6037
6050
6037
6025
6012
6000
5987
5975
5987
5975
5987
5975
5987
6000
6012
6025
6037
6025
6012
6000
5987
5975
5987
6000
6050
6087
6175
6262
6362
6450
6550
6625
6737
6850
6962
7062
7175
7275
7362
7450
7550
7625
7712
7775
7850
7887
7925
7937
7975
7975
7975
7937
7925
7887
7850
7812
7775
7712
7662
7600
7537
7500
7462
7450
7425
7425
7400
7400
7400
7412
7425
7437
7450
7437
7462
7462
7462
7462
7462
7425
7387
7350
7287
7225
7162
7112
7050
6987
6950
6912
6862
6812
6762
6687
6650
6612
6575
6562
6550
6512
6500
6512
6500
6512
6525
6537
6525
6537
6550
6562
6575
6587
6600
6587
6600
6587
6600
6587
6575
6562
6550
6537
6525
6512
6500
6487
6450
6437
6425
6412
6400
6412
6387
6400
6387
6375
6362
6387
6375
6387
6400
6412
6400
6412
6387
6400
6387
6375
6362
6362
6350
6337
6350
6337
6350
6337
6350
6337
6350
6337
6350
6337
6325
6325
6325
6325
6325
6350
6325
6337
6325
6337
6312
6337
6325
6312
6300
6300
6262
6250
6225
6200
6175
6150
6137
6125
6112
6100
6087
6087
6087
6087
6112
6150
6187
6250
6325
6400
6500
6587
6700
6812
6925
7025
7125
7237
7337
7450
7550
7637
7737
7837
7937
8037
8100
8150
8175
8187
8175
8162
8125
8087
8025
7962
7925
7887
7850
7837
7825
7787
7750
7737
7712
7700
7687
7700
7687
7700
7687
7700
7687
7675
7662
7675
7662
7650
7662
7650
7612
7575
7562
7512
7462
7437
7400
7337
7287
7237
7162
7112
7050
6987
6925
6862
6787
6737
6687
6675
6650
6662
6650
6662
6675
6687
6700
6712
6725
6725
6737
6725
6712
6675
6625
6562
6500
6462
6450
6425
6425
6425
6400
6350
6337
6300
6287
6300
6300
6300
6325
6312
6312
6325
6312
6300
6300
6287
6275
6287
6275
6262
6250
6237
6200
6187
6175
6175
6150
6150
6125
6100
6075
6062
6050
6037
6050
6025
6025
6000
6000
5975
5987
5975
5987
5975
5962
5950
5937
5925
5912
5925
5912
5925
5912
5925
5912
5925
5937
5975
6012
6075
6125
6187
6250
6337
6425
6525
6625
6750
6862
6987
7087
7212
7325
7437
7550
7662
7775
7887
8000
8100
8175
8225
8275
8312
8312
8312
8312
8312
8287
8275
8262
8250
8225
8187
8150
8112
8075
8062
8037
8037
8012
8012
8012
8025
8037
8050
8075
8075
8100
8087
8112
8100
8112
8100
8100
8087
8075
8062
8050
8062
8050
8037
8000
7962
7900
7825
7750
7662
7587
7487
7425
7362
7312
7262
7225
7187
7162
7125
7112
7100
7087
7100
7112
7125
7137
7150
7137
7150
7137
7162
7150
7162
7150
7137
7112
7100
7087
7075
7062
7025
7012
6962
6937
6912
6887
6837
6825
6787
6775
6762
6775
6762
6775
6762
6775
6762
6775
6762
6775
6762
6750
6737
6725
6725
6712
6700
6687
6662
6637
6612
6612
6587
6600
6587
6600
6587
6575
6562
6550
6537
6525
6537
6525
6537
6525
6537
6525
6537
6525
6537
6525
6537
6525
6537
6525
6512
6500
6487
6450
6412
6400
6350
6337
6325
6337
6325
6350
6337
6350
6362
6375
6387
6425
6462
6512
6587
6662
6762
6862
6950
7050
7137
7237
7337
7462
7575
7687
7800
7912
8012
8100
8175
8262
8350
8400
8462
8500
8525
8525
8525
8487
8450
8387
8325
8287
8250
8250
8237
8225
8212
8200
8162
8150
8137
8100
8087
8075
8062
8050
8037
8025
8012
8000
7987
7975
7962
7950
7912
7900
7887
7850
7812
7775
7737
7712
7675
7637
7587
7512
7425
7362
7287
7225
7162
7112
7075
7037
7000
6987
6975
6962
6950
6962
6950
6962
6975
6987
7000
7012
7025
7012
7000
6987
6975
6937
6900
6862
6825
6787
6750
6737
6725
6725
6700
6700
6675
6675
6650
6637
6625
6612
6600
6587
6575
6562
6550
6537
6525
6512
6500
6487
6475
6462
6475
6462
6475
6462
6475
6487
6500
6512
6525
6537
6525
6537
6525
6537
6525
6537
6525
6537
6525
6537
6525
6537
6525
6537
6525
6512
6512
6512
6512
6512
6512
6500
6487
6475
6462
6450
6437
6425
6412
6400
6387
6375
6362
6325
6312
6300
6287
6275
6262
6250
6237
6225
6212
6225
6212
6225
6212
6225
6212
6225
6237
6250
6262
6275
6287
6300
6337
6375
6437
6512
6587
6687
6812
6937
7050
7175
7287
7387
7500
7612
7725
7862
7987
8100
8212
8325
8425
8525
8612
8687
8737
8775
8787
8762
8737
8712
8662
8612
8575
8512
8450
8387
8350
8312
8275
8262
8250
8250
8237
8250
8237
8250
8237
8250
8237
8225
8212
8200
8162
8125
8087
8025
7987
7937
7887
7825
7750
7650
7575
7487
7412
7350
7287
7225
7187
7162
7125
7112
7125
7112
7125
7137
7150
7162
7187
7200
7237
7250
7262
7250
7237
7225
7212
7187
7150
7112
7075
7025
7000
6975
6975
6950
6937
6925
6912
6875
6862
6850
6812
6800
6787
6775
6762
6750
6737
6725
6700
6662
6650
6612
6575
6562
6550
6537
6525
6550
6550
6550
6550
6550
6512
6500
6487
6475
6462
6450
6437
6425
6387
6375
6362
6350
6337
6350
6337
6350
6337
6350
6337
6350
6337
6325
6312
6300
6287
6275
6262
6250
6237
6200
6187
6175
6175
6162
6175
6162
6175
6150
6150
6150
6150
6150
6162
6175
6175
6212
6250
6325
6412
6500
6600
6712
6837
6950
7062
7162
7275
7375
7487
7600
7700
7812
7912
8000
8087
8150
8225
8300
8350
8375
8362
8325
8262
8200
8150
8087
8025
7987
7950
7900
7875
7850
7800
7775
7762
7762
7750
7737
7725
7712
7700
7687
7700
7687
7700
7687
7700
7675
7687
7662
7662
7637
7625
7575
7562
7525
7487
7450
7437
7400
7362
7325
7287
7250
7212
7187
7150
7112
7075
7025
6962
6900
6837
6775
6725
6700
6687
6662
6650
6637
6650
6662
6687
6700
6712
6725
6725
6750
6750
6775
6762
6750
6737
6725
6700
6687
6675
6637
6625
6612
6600
6587
6575
6537
6525
6487
6475
6462
6475
6450
6450
6425
6425
6400
6387
6375
6362
6350
6337
6350
6337
6325
6312
6287
6275
6262
6250
6237
6237
6200
6187
6175
6175
6162
6175
6162
6175
6162
6175
6162
6175
6162
6175
6162
6175
6175
6187
6200
6212
6200
6200
6200
6175
6175
6175
6150
6137
6125
6112
6087
6100
6087
6075
6062
6062
6050
6037
6050
6037
6050
6037
6050
6037
6050
6037
6050
6037
6050
6037
6050
6037
6050
6037
6050
6037
6050
6062
6075
6062
6075
6062
6050
6037
6050
6062
6100
6150
6225
6300
6375
6450
6537
6625
6725
6837
6950
7050
7137
7250
7362
7462
7575
7662
7750
7837
7925
8000
8075
8125
8162
8200
8212
8200
8187
8175
8137
8125
8112
8100
8062
8050
8012
7975
7962
7950
7937
7925
7937
7925
7937
7925
7937
7925
7937
7925
7912
7900
7887
7875
7862
7850
7812
7800
7762
7725
7675
7625
7537
7475
7425
7362
7300
7250
7175
7112
7075
7037
7000
6987
6975
6962
6950
6962
6950
6962
6950
6962
6975
6987
7000
7012
7025
7012
7025
7012
7025
7012
7000
6987
6975
6937
6925
6912
6900
6887
6875
6862
6875
6850
6850
6875
6862
6850
6850
6850
6825
6837
6825
6812
6800
6775
6762
6750
6737
6725
6725
6700
6687
6675
6662
6650
6662
6650
6637
6625
6637
6625
6612
6625
6612
6600
6587
6600
6575
6575
6575
6575
6575
6587
6600
6587
6600
6587
6600
6612
6625
6637
6675
6687
6675
6687
6675
6662
6650
6637
6600
6587
6550
6512
6500
6475
6425
6400
6375
6350
6337
6325
6312
6300
6287
6275
6287
6275
6287
6275
6300
6287
6300
6287
6300
6300
6312
6325
6362
6412
6462
6550
6637
6737
6825
6925
7025
7112
7212
7325
7437
7550
7637
7762
7875
7987
8087
8200
8300
8400
8487
8562
8612
8650
8662
8650
8612
8575
8512
8475
8437
8400
8387
8375
8337
8300
8287
8250
8225
8212
8200
8162
8150
8137
8100
8062
8050
8012
7975
7937
7925
7887
7850
7812
7775
7737
7712
7675
7637
7587
7500
7400
7300
7200
7100
7025
6950
6875
6800
6762
6725
6725
6725
6737
6750
6762
6775
6762
6775
6762
6750
6712
6675
6650
6612
6575
6562
6550
6512
6475
6462
6425
6387
6375
6387
6375
6362
6375
6362
6350
6337
6325
6312
6300
6287
6275
6262
6250
6237
6225
6212
6225
6212
6225
6212
6225
6212
6200
6187
6175
6150
6112
6075
6012
5975
5937
5900
5887
5875
5862
5850
5862
5850
5862
5850
5862
5875
5875
5875
5875
5875
5850
5862
5850
5862
5850
5837
5825
5812
5775
5775
5775
5775
5775
5800
5787
5800
5787
5800
5787
5800
5787
5800
5787
5800
5812
5825
5837
5850
5875
5900
5962
6025
6100
6187
6275
6362
6462
6562
6675
6787
6912
7025
7137
7237
7362
7462
7562
7650
7750
7837
7925
7975
8025
8037
8037
8012
7987
7962
7950
7912
7900
7887
7850
7837
7825
7812
7800
7812
7800
7812
7800
7812
7825
7837
7850
7862
7875
7862
7875
7862
7887
7875
7887
7875
7862
7837
7825
7812
7800
7787
7750
7700
7662
7612
7562
7500
7475
7425
7375
7325
7287
7225
7187
7162
7125
7075
7025
6975
6925
6875
6862
6850
6837
6850
6862
6875
6887
6900
6887
6912
6912
6937
6962
6987
7000
7012
7025
7012
7025
7012
7025
7012
7000
6987
6975
6937
6925
6912
6900
6887
6900
6887
6875
6862
6850
6837
6825
6837
6825
6837
6825
6812
6812
6787
6775
6762
6750
6725
6725
6725
6712
6700
6687
6700
6675
6650
6650
6625
6600
6587
6575
6562
6550
6537
6525
6512
6500
6487
6475
6462
6475
6462
6475
6462
6475
6462
6475
6462
6475
6462
6487
6487
6487
6487
6487
6475
6462
6475
6462
6450
6437
6425
6412
6400
6412
6400
6412
6400
6412
6425
6425
6425
6425
6425
6400
6412
6400
6412
6400
6412
6400
6387
6375
6362
6350
6337
6350
6337
6350
6362
6400
6437
6500
6575
6650
6750
6862
6987
7112
7237
7362
7475
7587
7700
7812
7912
8037
8137
8250
8362
8450
8512
8537
8525
8512
8500
8487
8475
8462
8425
8375
8300
8250
8200
8187
8175
8187
8175
8187
8175
8200
8200
8225
8237
8262
8275
8287
8300
8287
8300
8287
8300
8275
8275
8250
8225
8212
8200
8150
8100
8075
8025
7975
7937
7900
7837
7775
7712
7662
7600
7537
7475
7437
7400
7362
7350
7337
7337
7337
7362
7362
7387
7400
7412
7425
7437
7425
7412
7387
7362
7337
7337
7312
7325
7312
7300
7287
7262
7237
7200
7200
7175
7175
7137
7137
7100
7075
7025
6987
6950
6912
6875
6862
6850
6837
6825
6812
6800
6787
6775
6762
6775
6762
6775
6762
6750
6737
6725
6725
6712
6700
6687
6675
6662
6650
6662
6675
6675
6675
6675
6675
6650
6662
6650
6662
6650
6662
6650
6662
6650
6662
6650
6637
6625
6612
6600
6587
6600
6587
6600
6587
6575
6562
6550
6537
6512
6512
6487
6487
6462
6475
6462
6475
6462
6475
6462
6475
6462
6450
6450
6450
6425
6425
6425
6412
6425
6462
6500
6562
6625
6700
6775
6862
6962
7050
7150
7262
7375
7475
7575
7687
7800
7912
8025
8112
8212
8312
8412
8487
8550
8587
8587
8575
8550
8500
8475
8450
8400
8362
8325
8262
8225
8200
8162
8125
8112
8075
8062
8050
8062
8050
8037
8025
8012
8000
7987
8000
7987
7975
7962
7950
7912
7875
7862
7812
7787
7750
7712
7662
7612
7537
7475
7412
7375
7337
7300
7262
7250
7212
7187
7150
7137
7087
7062
7062
7062
7037
7050
7037
7025
7012
7025
7012
7000
7000
7000
6975
6975
6975
6962
6950
6937
6925
6912
6900
6875
6875
6850
6850
6812
6812
6787
6762
6737
6712
6700
6675
6675
6650
6662
6650
6637
6625
6612
6600
6587
6600
6587
6575
6562
6537
6525
6512
6525
6512
6512
6500
6487
6450
6437
6425
6412
6400
6412
6387
6387
6387
6387
6387
6400
6412
6400
6412
6400
6412
6400
6412
6400
6412
6400
6412
6400
6412
6400
6412
6400
6412
6400
6412
6400
6387
6350
6337
6300
6262
6225
6212
6175
6175
6162
6150
6137
6112
6087
6062
6037
6025
6025
6000
6000
6000
5987
6000
6012
6037
6062
6100
6125
6200
6262
6362
6450
6550
6650
6787
6912
7050
7162
7275
7362
7462
7550
7637
7700
7775
7837
7875
7925
7950
7975
7975
8000
7987
7975
7962
7950
7912
7875
7837
7775
7737
7712
7675
7637
7625
7587
7575
7562
7575
7562
7575
7562
7575
7562
7575
7550
7550
7550
7550
7550
7562
7575
7562
7575
7562
7550
7512
7462
7387
7312
7237
7162
7100
7050
6987
6925
6850
6812
6750
6700
6662
6625
6587
6550
6537
6550
6562
6575
6587
6600
6587
6600
6612
6625
6637
6650
6662
6650
6662
6650
6662
6650
6662
6650
6662
6637
6637
6612
6612
6587
6600
6587
6600
6587
6600
6587
6600
6612
6625
6637
6650
6662
6650
6637
6625
6612
6575
6562
6550
6537
6525
6512
6500
6487
6475
6462
6475
6462
6475
6462
6475
6462
6450
6437
6425
6412
6425
6437
6425
6437
6425
6412
6400
6412
6400
6412
6425
6425
6425
6425
6400
6375
6362
6350
6337
6350
6337
6325
6312
6300
6287
6275
6262
6250
6237
6200
6200
6200
6200
6200
6225
6212
6200
6187
6175
6175
6162
6175
6162
6150
6137
6150
6137
6150
6150
6150
6150
6175
6212
6300
6387
6500
6587
6700
6812
6925
7025
7137
7250
7362
7487
7587
7725
7850
7962
8062
8150
8225
8275
8325
8350
8337
8300
8287
8250
8225
8187
8150
8112
8075
8062
8050
8037
8025
8012
8000
7975
7975
7950
7950
7925
7937
7925
7912
7900
7912
7900
7887
7875
7837
7800
7762
7737
7700
7662
7600
7537
7475
7412
7350
7287
7225
7187
7150
7100
7075
7075
7050
7062
7100
7112
7125
7137
7150
7137
7150
7137
7150
7137
7150
7137
7150
7125
7125
7100
7100
7075
7062
7050
7037
7025
7012
7025
7012
7000
6987
6975
6962
6950
6937
6925
6912
6900
6887
6875
6862
6850
6837
6825
