t = 60.000000, p = 185.000000
7162
7150
7162
7150
7162
7137
7162
7162
7162
7162
7162
7125
7112
7100
7062
7025
7012
6975
6937
6925
6912
6900
6887
6900
6887
6900
6912
6925
6937
6950
6937
6900
6862
6825
6787
6750
6737
6725
6725
6725
6737
6750
6762
6775
6762
6775
6762
6750
6737
6725
6725
6712
6700
6687
6700
6687
6700
6712
6725
6725
6750
6750
6775
6750
6725
6700
6675
6637
6625
6612
6575
6562
6550
6537
6550
6562
6575
6587
6600
6587
6600
6587
6575
6562
6550
6512
6500
6487
6450
6437
6425
6412
6400
6412
6425
6462
6512
6587
6650
6725
6812
6900
6987
7075
7150
7225
7287
7350
7412
7450
7487
7525
7537
7525
7537
7525
7525
7525
7525
7525
7525
7512
7500
7512
7500
7512
7500
7512
7500
7512
7500
7487
7475
7487
7475
7462
7475
7462
7425
7412
7400
7387
7375
7362
7350
7337
7287
7262
7237
7187
7150
7137
7100
7062
7050
7037
7025
7037
7050
7062
7075
7087
7075
7062
7050
7062
7037
7037
7037
7012
6987
6975
6962
6950
6937
6925
6912
6875
6862
6850
6837
6825
6812
6800
6787
6775
6762
6750
6737
6725
6725
6712
6725
6712
6725
6712
6700
6687
6675
6662
6650
6662
6637
6637
6612
6612
6587
6612
6612
6637
6637
6662
6637
6637
6612
6612
6587
6600
6587
6600
6587
6600
6587
6600
6587
6575
6562
6575
6562
6550
6562
6550
6537
6525
6537
6525
6512
6500
6487
6450
6437
6425
6412
6400
6412
6400
6387
6375
6362
6350
6337
6325
6312
6300
6287
6275
6262
6250
6237
6225
6200
6200
6175
6175
6162
6175
6175
6187
6175
6187
6175
6150
6137
6125
6112
6100
6112
6100
6112
6100
6112
6125
6125
6137
6162
6212
6237
6312
6375
6450
6512
6600
6662
6750
6825
6900
6975
7050
7112
7162
7225
7287
7350
7387
7425
7462
7475
7487
7525
7537
7550
7587
7600
7612
7625
7612
7600
7587
7550
7537
7525
7512
7500
7487
7487
7487
7462
7475
7487
7487
7487
7487
7475
7462
7450
7437
7425
7387
7375
7337
7300
7262
7225
7187
7162
7125
7075
7050
7000
6950
6900
6887
6850
6812
6800
6775
6750
6725
6725
6712
6725
6712
6725
6725
6737
6750
6762
6775
6787
6800
6787
6800
6812
6800
6812
6825
6812
6800
6787
6775
6762
6775
6762
6750
6737
6725
6700
6687
6675
6637
6625
6612
6600
6587
6612
6600
6612
6600
6612
6587
6575
6562
6550
6537
6525
6537
6525
6537
6525
6537
6525
6537
6525
6537
6525
6512
6500
6487
6450
6437
6425
6412
6400
6412
6400
6387
6375
6387
6375
6362
6375
6362
6350
6362
6362
6362
6362
6337
6312
6325
6312
6325
6337
6350
6337
6350
6337
6350
6337
6350
6337
6350
6362
6375
6362
6375
6362
6350
6337
6325
6312
6300
6287
6275
6287
6275
6287
6275
6287
6275
6287
6275
6287
6275
6287
6275
6287
6262
6262
6262
6262
6237
6262
6262
6262
6262
6287
6275
6262
6225
6212
6162
6150
6125
6125
6125
6150
6187
6225
6262
6312
6375
6437
6537
6625
6712
6787
6875
6950
7037
7112
7200
7275
7350
7387
7400
7387
7350
7287
7225
7200
7187
7162
7162
7162
7150
7137
7150
7137
7150
7137
7150
7137
7150
7137
7150
7137
7125
7087
7050
7012
6975
6937
6900
6887
6850
6812
6800
6787
6750
6712
6675
6650
6612
6575
6562
6550
6537
6550
6562
6550
6575
6575
6575
6575
6600
6587
6600
6587
6575
6562
6537
6512
6487
6487
6462
6475
6462
6475
6462
6475
6462
6475
6462
6450
6437
6425
6387
6375
6362
6350
6337
6325
6287
6275
6262
6250
6237
6225
6212
6175
6150
6137
6125
6112
6125
6125
6137
6150
6137
6125
6125
6112
6100
6112
6100
6112
6100
6112
6100
6112
6100
6087
6075
6062
6050
6025
6025
6025
6025
6000
6012
6000
5987
5975
5987
5975
5987
5975
5987
5975
5987
5975
5987
5975
5987
5975
5962
5950
5937
5937
5937
5962
5962
5987
5975
5987
5975
5987
5975
5987
5975
5962
5950
5937
5925
5912
5925
5912
5900
5887
5900
5887
5875
5887
5875
5875
5862
5875
5862
5875
5850
5875
5875
5900
5900
5925
5937
5975
6012
6075
6125
6187
6262
6337
6412
6487
6562
6625
6700
6775
6850
6937
6987
7050
7112
7162
7187
7237
7275
7287
7300
7337
7350
7362
7375
7362
7350
7337
7300
7287
7275
7262
7250
7262
7250
7262
7250
7262
7275
7287
7275
7287
7275
7262
7250
7262
7250
7262
7250
7237
7225
7212
7212
7200
7187
7175
7162
7125
7087
7075
7025
7000
6975
6950
6925
6912
6900
6887
6875
6837
6800
6762
6725
6725
6712
6725
6712
6725
6712
6725
6712
6725
6712
6725
6712
6725
6712
6725
6712
6700
6687
6675
6637
6625
6600
6587
6575
6587
6575
6575
6562
6550
6512
6500
6487
6450
6412
6400
6362
6325
6312
6300
6287
6300
6312
6300
6312
6300
6287
6275
6287
6262
6262
6237
6212
6187
6175
6150
6137
6125
6112
6100
6112
6100
6112
6100
6125
6125
6125
6125
6125
6112
6100
6087
6075
6062
6050
6037
6050
6037
6025
6012
6000
5987
5975
5987
5975
5987
5975
5962
5962
5950
5937
5925
5937
5912
5925
5912
5900
5887
5875
5862
5850
5862
5850
5837
5837
5837
5837
5837
5862
5850
5862
5837
5837
5812
5812
5787
5775
5762
5750
5712
5700
5687
5687
5675
5687
5675
5687
5675
5662
5650
5637
5625
5612
5600
5587
5600
5612
5637
5712
5787
5862
5937
6012
6075
6150
6237
6337
6437
6537
6612
6675
6737
6775
6812
6850
6862
6875
6887
6900
6887
6900
6887
6900
6887
6900
6887
6875
6862
6875
6862
6875
6887
6900
6887
6875
6875
6875
6850
6850
6850
6837
6825
6850
6850
6850
6850
6850
6837
6825
6812
6800
6787
6775
6762
6750
6737
6725
6700
6687
6662
6637
6612
6587
6537
6525
6512
6500
6512
6550
6562
6575
6612
6625
6637
6650
6662
6650
6662
6650
6662
6650
6662
6650
6662
6650
6662
6650
6675
6675
6700
6700
6700
6687
6675
6662
6650
6662
6650
6675
6675
6675
6675
6675
6662
6650
6662
6675
6687
6662
6675
6662
6625
6612
6612
6600
6587
6600
6587
6575
6562
6550
6537
6525
6537
6525
6537
6525
6537
6525
6537
6525
6537
6525
6537
6525
6537
6525
6512
6500
6487
6450
6437
6425
6412
6400
6412
6400
6412
6400
6412
6400
6387
6375
6387
6375
6362
6375
6362
6350
6337
6350
6337
6325
6312
6325
6300
6300
6300
6300
6275
6287
6262
6262
6262
6262
6237
6250
6237
6225
6212
6225
6212
6225
6212
6200
6162
6162
6150
6125
6125
6125
6112
6100
6112
6100
6112
6100
6112
6100
6112
6100
6112
6100
6112
6100
6125
6125
6150
6162
6212
6250
6312
6375
6437
6500
6562
6625
6675
6737
6800
6862
6937
6987
7050
7112
7162
7212
7300
7350
7400
7425
7450
7437
7425
7412
7400
7362
7325
7312
7275
7237
7200
7187
7162
7150
7137
7150
7137
7125
7112
7100
7062
7050
7037
7000
6962
6950
6912
6875
6837
6800
6762
6725
6700
6687
6675
6662
6650
6637
6625
6612
6600
6587
6575
6562
6550
6512
6500
6487
6450
6437
6425
6412
6400
6412
6400
6412
6400
6412
6400
6412
6400
6412
6400
6425
6412
6425
6412
6400
6350
6337
6300
6262
6250
6237
6200
6162
6150
6125
6112
6125
6137
6150
6162
6150
6137
6125
6087
6075
6087
6075
6062
6075
6062
6050
6025
6025
6000
6000
5975
5987
5975
5987
5975
5987
5975
5962
5950
5962
5950
5937
5950
5937
5925
5912
5925
5912
5925
5912
5925
5912
5925
5912
5925
5912
5925
5912
5925
5912
5925
5912
5900
5887
5875
5862
5850
5862
5850
5862
5850
5862
5875
5887
5900
5912
5925
5912
5900
5900
5900
5875
5875
5875
5862
5837
5837
5837
5837
5812
5825
5812
5775
5762
5750
5737
5725
5737
5725
5737
5750
5787
5825
5887
5950
6025
6087
6162
6237
6312
6387
6462
6550
6625
6712
6787
6837
6900
6962
7025
7087
7150
7187
7212
7225
7237
7275
7287
7300
7312
7325
7312
7325
7312
7300
7287
7275
7237
7225
7237
7225
7237
7250
7262
7250
7275
7275
7275
7275
7275
7237
7225
7212
7187
7137
7125
7075
7025
7000
6987
6937
6900
6862
6825
6787
6750
6737
6725
6700
6662
6650
6612
6600
6587
6600
6587
6600
6587
6600
6587
6575
6537
6525
6487
6475
6462
6475
6487
6500
6512
6512
6512
6487
6487
6462
6450
6437
6425
6412
6400
6387
6375
6362
6350
6325
6325
6300
6300
6262
6262
6237
6212
6200
6200
6200
6200
6225
6212
6225
6212
6200
6187
6175
6150
6112
6100
6062
6050
6037
6050
6037
6050
6037
6050
6037
6050
6037
6025
6012
6000
5987
5975
5987
5975
5962
5950
5962
5950
5937
5950
5937
5925
5912
5925
5912
5925
5912
5925
5912
5925
5912
5925
5912
5900
5887
5875
5862
5875
5875
5875
5875
5850
5837
5837
5837
5837
5862
5850
5862
5850
5862
5850
5862
5875
5887
5900
5912
5900
5887
5875
5825
5800
5775
5750
5725
5712
5675
5675
5662
5662
5662
5687
5687
5700
5712
5750
5787
5825
5862
5912
5962
6025
6075
6162
6250
6337
6387
6437
6487
6525
6575
6637
6712
6787
6837
6850
6862
6850
6837
6825
6812
6800
6787
6775
6762
6750
6712
6712
6700
6700
6712
6725
6737
6750
6762
6750
6775
6787
6800
6812
6812
6825
6812
6800
6787
6787
6750
6737
6725
6700
6662
6625
6562
6525
6487
6450
6437
6425
6387
6375
6362
6325
6312
6300
6262
6250
6237
6225
6212
6200
6187
6175
6175
6175
6187
6200
6212
6225
6212
6225
6200
6200
6175
6150
6137
6125
6112
6100
6087
6075
6062
6025
6012
6000
5987
5975
5987
5975
5987
5975
5987
5975
5987
5975
5987
5975
5987
5975
5962
5950
5962
5950
5937
5950
5937
5925
5912
5925
5912
5900
5887
5900
5887
5900
5912
5925
5912
5925
5912
5925
5900
5900
5875
5875
5850
5837
5825
5812
5800
5787
5800
5775
5775
5750
5750
5725
5737
5725
5737
5725
5712
5700
5687
5687
5675
5662
5650
5637
5625
5612
5600
5600
5600
5600
5600
5600
5587
5575
5537
5525
5512
5500
5487
5475
5462
5475
5462
5450
5462
5450
5437
5425
5437
5425
5412
5400
5387
5375
5350
5350
5325
5325
5287
5287
5262
5262
5237
5225
5212
5200
5187
5175
5187
5175
5200
5200
5225
5250
5300
5350
5425
5512
5600
5700
5787
5875
5950
6012
6075
6125
6187
6225
6262
6312
6362
6387
6437
6487
6500
6512
6550
6562
6575
6587
6600
6575
6575
6550
6525
6500
6487
6475
6487
6500
6512
6525
6537
6525
6512
6500
6487
6450
6437
6425
6412
6400
6387
6375
6362
6325
6287
6275
6237
6225
6212
6200
6162
6150
6125
6087
6050
6037
6000
5987
5975
5987
5975
5987
6000
6037
6050
6087
6100
6112
6100
6087
6075
6087
6062
6062
6062
6062
6037
6050
6037
6025
6012
6000
5987
5975
5962
5962
5950
5937
5925
5912
5887
5875
5862
5850
5862
5850
5862
5850
5862
5850
5862
5875
5875
5875
5875
5875
5850
5862
5850
5837
5825
5812
5775
5762
5750
5737
5725
5737
5725
5737
5725
5712
5700
5687
5687
5687
5700
5712
5725
5737
5725
5737
5725
5737
5725
5737
5750
5762
5750
5762
5750
5737
5725
5712
5700
5687
5662
5650
5637
5625
5612
5625
5612
5625
5612
5625
5612
5625
5612
5625
5612
5625
5612
5625
5612
5625
5612
5600
5587
5575
5537
5525
5512
5475
5462
5450
5412
5412
5412
5412
5412
5412
5400
5412
5400
5412
5425
5437
5450
5487
5525
5562
5600
5637
5662
5700
5775
5850
5900
5950
6000
6037
6075
6125
6187
6250
6312
6375
6437
6475
6512
6550
6562
6587
6612
6637
6637
6662
6650
6662
6650
6662
6650
6662
6650
6662
6637
6637
6612
6612
6587
6600
6587
6575
6562
6550
6512
6475
6437
6375
6337
6300
6262
6250
6237
6200
6187
6175
6150
6137
6125
6112
6100
6112
6100
6112
6100
6087
6075
6062
6050
6037
6050
6037
6025
6012
6000
5987
5975
5987
5975
5987
5975
5987
5975
5962
5950
5962
5950
5962
5975
5962
5950
5937
5900
5887
5875
5862
5850
5862
5850
5825
5812
5800
5762
5750
5750
5737
5725
5737
5725
5737
5725
5737
5725
5712
5700
5675
5662
5637
5612
5587
5575
5562
5550
5562
5550
5575
5562
5575
5562
5550
5525
5512
5500
5487
5500
5487
5500
5487
5475
5462
5450
5412
5400
5375
5350
5350
5350
5350
5362
5375
5362
5375
5362
5375
5362
5375
5362
5387
5387
5387
5387
5412
5400
5387
5400
5387
5375
5362
5375
5387
5400
5412
5425
5437
5412
5412
5387
5387
5362
5350
5337
5312
5287
5262
5262
5262
5300
5337
5400
5437
5487
5537
5587
5625
5700
5775
5850
5925
6012
6075
6125
6162
6212
6225
6262
6300
6337
6350
6387
6400
6412
6400
6412
6400
6425
6425
6450
6450
6450
6437
6425
6412
6400
6387
6387
6387
6362
6362
6362
6350
6337
6325
6312
6300
6287
6275
6287
6275
6287
6275
6262
6250
6262
6237
6237
6237
6200
6162
6125
6062
6012
5975
5912
5887
5875
5862
5850
5862
5837
5837
5837
5837
5837
5850
5862
5850
5862
5850
5862
5850
5862
5850
5862
5850
5862
5850
5862
5850
5837
5825
5812
5800
5787
5775
5762
5750
5737
5725
5737
5725
5737
5725
5737
5725
5737
5725
5737
5725
5712
5675
5637
5612
5600
5587
5562
5562
5537
5512
5512
5525
5537
5550
5562
5550
5562
5550
5562
5550
5562
5550
5562
5550
5562
5550
5537
5537
5537
5512
5512
5512
5500
5487
5500
5512
5525
5512
5525
5512
5475
5437
5425
5387
5375
5362
5375
5362
5375
5362
5375
5362
5375
5387
5400
5412
5425
5437
5425
5412
5375
5362
5325
5287
5275
5262
5250
5225
5225
5200
5200
5175
5187
5175
5187
5175
5187
5175
5187
5175
5162
5162
5162
5137
5137
5162
5175
5212
5275
5337
5400
5462
5525
5587
5637
5700
5762
5837
5925
5987
6062
6112
6150
6162
6212
6225
6262
6300
6312
6337
6362
6387
6412
6437
6450
6462
6475
6462
6475
6487
6487
6487
6487
6462
6437
6425
6412
6400
6387
6375
6362
6350
6337
6350
6337
6350
6337
6350
6337
6325
6312
6300
6262
6250
6225
6162
6125
6087
6062
6037
6025
6012
6025
6012
6025
6037
6050
6062
6075
6087
6100
6112
6100
6112
6100
6087
6075
6062
6050
6037
6050
6037
6050
6037
6050
6037
6050
6037
6025
5987
5975
5937
5900
5862
5850
5812
5800
5787
5800
5787
5800
5775
5775
5750
5725
5700
5687
5687
5675
5662
5650
5637
5625
5612
5600
5587
5575
5562
5550
5562
5550
5562
5550
5562
5550
5537
5525
5512
5475
5462
5450
5437
5425
5437
5425
5412
5400
5387
5375
5387
5387
5387
5375
5362
5325
5325
5300
5312
5300
5312
5300
5312
5300
5312
5300
5312
5300
5312
5300
5287
5275
5262
5250
5237
5225
5212
5187
5162
5137
5137
5125
5137
5125
5137
5112
5125
5112
5125
5112
5112
5100
5087
5075
5087
5100
5112
5137
5175
5187
5237
5275
5337
5387
5462
5525
5587
5637
5700
5762
5837
5925
5987
6050
6112
6150
6162
6200
6212
6200
6187
6175
6150
6137
6125
6112
6100
6112
6100
6112
6125
6137
6150
6162
6175
6162
6175
6162
6150
6137
6125
6112
6100
6087
6075
6062
6025
5987
5975
5937
5900
5887
5875
5837
5825
5812
5800
5787
5775
5762
5775
5762
5775
5812
5825
5837
5837
5837
5812
5812
5787
5800
5775
5775
5750
5725
5675
5662
5637
5625
5612
5600
5587
5575
5562
5550
5525
5512
5500
5462
5450
5450
5437
5425
5412
5400
5387
5375
5362
5375
5362
5375
5362
5350
5337
5325
5312
5300
5312
5300
5312
5300
5287
5275
5262
5250
5237
5250
5225
5225
5200
5200
5175
5187
5175
5162
5150
5137
5137
5125
5137
5125
5137
5125
5137
5125
5112
5075
5062
5025
5012
5000
5012
5000
5012
5025
5037
5050
5062
5075
5062
5075
5062
5050
5012
5000
4987
4962
4962
4987
4987
4987
5000
4987
4975
4962
4950
4937
4950
4937
4950
4937
4950
4962
5000
5037
5087
5162
5237
5312
5387
5462
5525
5587
5637
5700
5762
5825
5862
5912
5937
5962
5962
5987
6000
6012
6025
6062
6075
6087
6100
6087
6075
6062
6025
6012
6000
5987
5975
5987
5975
5987
5975
5987
5962
5962
5937
5912
5862
5825
5787
5750
5712
5675
5662
5637
5600
5587
5575
5562
5550
5562
5550
5562
5550
5537
5525
5512
5500
5487
5500
5487
5475
5462
5450
5437
5425
5412
5400
5387
5375
5362
5350
5337
5350
5337
5325
5337
5325
5287
5275
5262
5250
5237
5225
5212
5200
5187
5175
5187
5175
5187
5175
5187
5175
5187
5200
5212
5200
5187
5175
5137
5137
5125
5137
5125
5137
5137
5137
5137
5162
5187
5175
5200
5225
5225
5200
5212
5200
5187
5175
5187
5175
5162
5150
5162
5150
5162
5162
5175
5162
5150
5137
5137
5137
5125
5137
5125
5137
5125
5137
5125
5137
5125
5137
5125
5137
5125
5112
5100
5112
5100
5087
5100
5087
5075
5062
5075
5062
5075
5062
5075
5062
5075
5050
5062
5050
5037
5025
5025
4987
4975
4962
4925
4912
4925
4912
4925
4937
4950
4937
4950
4937
4950
4925
4937
4925
4950
4975
5012
5050
5100
5162
5225
5312
5400
5487
5562
5625
5700
5762
5825
5887
5950
5987
6025
6037
6025
6012
6000
5962
5950
5937
5900
5887
5875
5862
5850
5862
5875
5887
5875
5887
5875
5875
5862
5875
5862
5850
5825
5812
5775
5762
5750
5712
5675
5662
5637
5625
5612
5625
5612
5600
5587
5575
5537
5525
5512
5475
5462
5450
5437
5425
5412
5412
5412
5387
5387
5387
5350
5337
5350
5337
5350
5362
5375
5362
5375
5350
5350
5350
5350
5350
5362
5350
5337
5325
5312
5300
5312
5287
5287
5262
5262
5262
5275
5262
5275
5262
5250
5237
5250
5237
5250
5237
5225
5212
5200
5200
5200
5200
5200
5200
5187
5162
5162
5137
5137
5125
5137
5125
5137
5125
5137
5125
5137
5125
5112
5100
5112
5100
5087
5100
5112
5100
5087
5100
5087
5075
5062
5050
5037
5012
4987
4987
4987
4987
5000
5012
5000
5012
5000
5012
5000
5025
5025
5025
5037
5050
5025
5025
5025
4987
4975
4987
4962
4962
4950
4937
4900
4912
4900
4925
4925
4925
4925
4925
4937
4950
4987
4987
4987
4975
4962
4950
4937
4925
4912
4925
4912
4925
4975
5000
5037
5087
5150
5200
5275
5337
5400
5462
5537
5600
5675
5750
5825
5862
5912
5937
5962
5962
5987
5975
5987
5975
5987
6000
6012
6025
6062
6075
6087
6100
6087
6075
6062
6050
6037
6050
6037
6050
6037
6050
6037
6050
6037
6050
6037
6050
6037
6025
6012
6000
5962
5950
5937
5900
5887
5862
5837
5812
5812
5787
5800
5787
5775
5762
5750
5712
5700
5687
5687
5675
5687
5675
5687
5675
5662
5650
5637
5625
5612
5625
5600
5600
5575
5575
5550
5537
5525
5512
5475
5462
5450
5437
5425
5412
5400
5387
5375
5362
5350
5337
5325
5312
5300
5312
5300
5312
5300
5312
5287
5300
5287
5275
5262
5262
5250
5225
5225
5225
5225
5200
5187
5175
5137
5137
5125
5112
5100
5075
5050
5050
5050
5050
5062
5075
5087
5100
5112
5125
5137
5125
5137
5125
5137
5125
5112
5100
5087
5050
5037
5050
5037
5050
5062
5050
5037
5025
5012
5000
5012
5025
5037
5050
5062
5075
5062
5087
5087
5087
5087
5112
5100
5112
5112
5112
5087
5087
5062
5075
5062
5075
5062
5050
5037
5025
4987
4975
4962
4950
4937
4950
4937
4950
4962
5000
5037
5100
5187
5275
5375
5475
5562
5650
5750
5837
5925
5987
6025
6037
6050
6037
6050
6062
6075
6087
6100
6112
6125
6137
6150
6175
6187
6200
6212
6225
6212
6225
6212
6225
6212
6200
6187
6175
6150
6112
6075
6037
6000
5987
5975
5987
5975
5987
5975
5962
5925
5912
5875
5837
5825
5800
5775
5737
5725
5687
5662
5625
5612
5575
5562
5550
5562
5550
5537
5537
5537
5537
5537
5562
5575
5587
5575
5587
5575
5562
5537
5537
5537
5537
5512
5525
5512
5500
5487
5500
5487
5475
5462
5450
5437
5425
5437
5412
5412
5387
5400
5387
5387
5387
5387
5375
5362
5375
5362
5375
5362
5375
5362
5375
5362
5375
5362
5375
5362
5375
5362
5375
5362
5375
5387
5400
5412
5425
5437
5425
5437
5425
5437
5412
5412
5387
5387
5362
5350
5337
5350
5337
5350
5362
5375
5362
5375
5362
5375
5362
5375
5362
5375
5362
5375
5362
5375
5362
5375
5362
5350
5337
5325
5287
5275
5262
5250
5237
5250
5262
5275
5287
5325
5325
5325
5325
5325
5300
5287
5275
5262
5250
5237
5225
5212
5200
5162
5162
5162
5175
5187
5225
5250
5300
5337
5412
5487
5562
5625
5700
5762
5825
5887
5950
5987
6025
6062
6075
6087
6100
6112
6100
6112
6100
6112
6125
6137
6125
6112
6100
6062
6050
6037
6025
6012
6000
5987
5975
5987
5975
5987
5975
5962
5950
5937
5925
5912
5900
5887
5875
5837
5825
5812
5775
5737
5700
5662
5637
5600
5562
5550
5512
5500
5487
5475
5462
5450
5412
5400
5412
5400
5387
5400
5387
5375
5362
5375
5362
5350
5337
5325
5312
5300
5312
5300
5312
5300
5312
5300
5312
5300
5312
5300
5287
5275
5262
5225
5212
5187
5162
5162
5150
5137
5137
5137
5125
5137
5137
5137
5137
5137
5137
5125
5112
5100
5087
5075
5087
5100
5112
5137
5150
5162
5175
5162
5125
5087
5062
5025
4987
4975
4987
4975
4987
5000
5012
5025
5037
5025
5037
5025
4987
4975
4962
4950
4937
4925
4912
4925
4900
4900
4900
4900
4875
4887
4900
4912
4925
4937
4950
4937
4925
4912
4900
4887
4875
4887
4875
4862
4862
4862
4837
4837
4837
4825
4837
4875
4912
4975
5037
5087
5150
5212
5275
5337
5400
5475
5525
5575
5625
5662
5700
5737
5775
5787
5800
5787
5800
5787
5800
5775
5775
5750
5762
5750
5775
5775
5800
5787
5800
5787
5800
5787
5775
5762
5750
5737
5725
5737
5725
5737
5725
5737
5725
5737
5725
5737
5725
5737
5725
5712
5675
5662
5637
5625
5612
5600
5587
5562
5537
5512
5487
5462
5450
5437
5425
5437
5425
5437
5425
5437
5425
5437
5425
5437
5425
5437
5425
5412
5400
5375
5350
5350
5350
5350
5362
5375
5362
5350
5337
5350
5337
5362
5387
5387
5387
5387
5375
5387
5400
5387
5412
5412
5412
5412
5412
5400
5387
5350
5337
5325
5287
5275
5262
5225
5212
5200
5187
5162
5162
5162
5162
5162
5175
5187
5175
5187
5175
5162
5150
5137
5137
5137
5150
5162
5175
5187
5175
5162
5150
5125
5112
5087
5062
5037
5012
4987
4987
4987
4987
5000
5012
5000
5012
5025
5037
5050
5062
5050
5050
5050
5025
5025
5025
5012
4987
4987
4987
4987
4987
5000
5012
5000
5012
5000
5012
4987
4987
4962
4962
4937
4925
4912
4925
4912
4925
4937
4950
4962
4975
4987
5025
5037
5025
5037
5025
5012
4987
4987
4962
4937
4912
4900
4887
4900
4937
4975
5037
5087
5150
5212
5275
5337
5400
5462
5525
5587
5650
5700
5750
5800
5850
5887
5925
5962
6000
6012
6025
6037
6050
6037
6025
6012
6025
6012
6025
6037
6050
6037
6050
6037
6025
6012
6000
5987
6000
6012
6000
6012
6000
5987
6000
6012
6025
6025
6037
6012
6012
5987
5975
5950
5937
5900
5862
5825
5762
5700
5662
5637
5625
5612
5625
5612
5625
5612
5625
5612
5625
5612
5600
5562
5550
5512
5500
5487
5500
5487
5500
5487
5500
5487
5500
5487
5500
5487
5475
5462
5450
5437
5425
5437
5425
5437
5425
5412
5400
5387
5375
5362
5375
5362
5350
5337
5325
5287
5275
5262
5250
5225
5225
5200
5200
5200
5200
5200
5200
5200
5200
5212
5225
5237
5250
5237
5225
5212
5187
5175
5162
5150
5137
5137
5137
5125
5112
5100
5087
5087
5075
5087
5075
5087
5062
5075
5062
5075
5062
5075
5062
5075
5062
5050
5037
5012
4987
4962
4962
4937
4950
4937
4950
4937
4950
4962
4975
4987
5000
5025
5025
5025
5025
5025
4987
4975
4962
4925
4912
4900
4887
4875
4887
4875
4887
4912
4962
4987
5037
5087
5112
5150
5212
5275
5337
5400
5462
5525
5587
5637
5675
5712
5725
5737
5725
5737
5725
5737
5725
5737
5750
5762
5775
5812
5825
5837
5850
5837
5800
5787
5750
5737
5725
5712
5700
5687
5662
5650
5662
5637
5637
5637
5637
5612
5625
5612
5625
5612
5625
5612
5600
5587
5575
5537
5525
5500
5450
5425
5400
5350
5337
5325
5312
5300
5287
5275
5262
5250
5237
5250
5237
5250
5237
5250
5225
5225
5225
5225
5200
5175
5150
5100
5087
5062
5075
5062
5075
5062
5075
5062
5075
5062
5050
5037
5025
5012
5000
4987
4975
4962
4950
4937
4925
4912
4925
4912
4900
4925
4912
4900
4887
4900
4875
4887
4875
4887
4875
4887
4875
4887
4875
4887
4875
4862
4850
4837
4825
4812
4825
4837
4850
4862
4900
4912
4925
4962
4975
4987
5000
5012
5000
4987
4975
4962
4950
4937
4950
4937
4962
4962
4962
4962
4962
4950
4962
4962
4962
4962
4975
4962
4962
4962
4987
4962
4962
4962
4962
4962
4975
4962
4950
4937
4925
4912
4900
4912
4900
4887
4875
4862
4850
4837
4800
4787
4800
4787
4800
4812
4825
4837
4850
4862
4912
4962
4987
5050
5087
5112
5125
5175
5212
5275
5337
5400
5462
5525
5562
5612
5650
5700
5725
5775
5787
5800
5787
5800
5812
5812
5812
5812
5812
5787
5775
5762
5775
5762
5750
5762
5750
5737
5725
5712
5700
5687
5687
5675
5662
5650
5637
5625
5612
5600
5587
5575
5537
5525
5512
5475
5462
5450
5400
5387
5375
5362
5337
5350
5325
5325
5300
5312
5325
5337
5350
5362
5375
5362
5375
5362
5375
5362
5350
5312
5300
5262
5250
5237
5250
5237
5250
5237
5250
5262
5275
5287
5325
5337
5350
5362
5350
5337
5325
5312
5287
5287
5262
5262
5237
5250
5237
5250
5237
5250
5237
5225
5212
5200
5162
5125
5112
5087
5075
5062
5075
5087
5087
5087
5112
5112
5112
5125
5112
5100
5087
5075
5062
5075
5062
5075
5062
5075
5062
5075
5062
5050
5037
5025
5012
5000
4987
4975
4987
4975
4987
5000
5012
4987
4987
4962
4962
4962
4962
4962
4987
4987
4987
5000
5012
5000
5012
5000
5012
5000
5012
5000
5012
5000
5025
5012
5025
5037
5050
5050
5062
5075
5062
5050
5037
5025
5012
4987
4987
4962
4962
4937
4925
4912
4900
4887
4875
4900
4900
4937
4937
4975
5000
5050
5075
5162
5212
5275
5337
5400
5450
5525
5587
5637
5700
5737
5775
5812
5825
5837
5875
5887
5900
5912
5900
5900
5900
5900
5900
5925
5912
5900
5887
5875
5862
5850
5837
5825
5812
5800
5787
5800
5787
5800
5812
5825
5812
5825
5812
5775
5762
5750
5712
5700
5687
5662
5625
5612
5575
5537
5525
5512
5500
5487
5512
5512
5512
5512
5512
5500
5487
5475
5462
5450
5437
5425
5437
5425
5437
5450
5462
5475
5475
5475
5450
5425
5400
5387
5375
5362
5350
5337
5325
5312
5300
5312
5300
5312
5300
5312
5300
5312
5300
5312
5300
5312
5300
5312
5300
5287
5275
5250
5225
5200
5200
5175
5162
5150
5137
5137
5125
5112
5100
5112
5087
5087
5112
5100
5087
5112
5100
5100
5112
5125
5112
5137
5125
5137
5125
5137
5125
5137
5125
5137
5125
5112
5100
5075
5050
5025
5025
5000
5012
5000
5012
5000
5012
5025
5037
5050
5062
5075
5062
5050
5037
5050
5037
5025
5037
5050
5025
5025
5025
5025
5000
4987
4975
4962
4950
4937
4950
4925
4925
4925
4925
4900
4925
4950
4975
5025
5087
5162
5237
5312
5387
5462
5525
5587
5637
5700
5762
5800
5837
5850
5862
5850
5862
5875
5887
5900
5912
5925
5937
5950
5962
6000
6012
6025
6062
6062
6062
6062
6037
6012
5987
5962
5937
5912
5862
5850
5812
5800
5787
5800
5787
5800
5787
5775
5762
5750
5712
5675
5637
5587
5525
5487
5450
5412
5400
5387
5375
5362
5375
5362
5375
5362
5375
5387
5400
5387
5400
5387
5375
5362
5350
5337
5325
5287
5275
5262
5250
5237
5225
5212
5225
5212
5200
5212
5200
5187
5175
5187
5175
5162
5150
5137
5137
5125
5137
5125
5137
5125
5137
5125
5137
5125
5137
5125
5137
5125
5112
5100
5087
5075
5062
5075
5062
5075
5087
5100
5112
5137
5162
5162
5187
5175
5162
5150
5137
5137
5125
5112
5100
5087
5075
5062
5075
5062
5075
5087
5100
5112
5125
5137
5137
5137
5137
5137
5112
5100
5087
5075
5062
5075
5087
5100
5112
5125
5137
5125
5137
5125
5137
5125
5137
5125
5137
5125
5137
5125
5137
5125
5112
5100
5087
5075
5062
5075
5062
5050
5037
5025
5012
5000
5012
5000
4987
4975
4987
5000
5037
5087
5150
5225
5300
5375
5450
5525
5562
5612
5650
5675
5700
5725
5737
5725
5737
5725
5712
5700
5687
5687
5675
5662
5650
5637
5625
5612
5600
5587
5600
5587
5600
5612
5625
5612
5600
5587
5600
5587
5575
5587
5575
5562
5550
5562
5550
5562
5550
5537
5500
5487
5450
5412
5375
5362
5325
5287
5237
5212
5162
5137
5137
5150
5162
5200
5212
5225
5237
5250
5237
5250
5237
5225
5187
5150
5112
5087
5050
5037
5050
5062
5075
5112
5125
5137
5137
5150
5162
5175
5187
5175
5200
5200
5225
5225
5250
5237
5225
5212
5200
5187
5175
5187
5175
5162
5150
5125
5112
5087
5087
5062
5050
5037
5025
5012
5000
5012
5000
5012
5000
5012
5000
5012
5000
5012
5000
5012
5000
5012
5000
5012
5000
5012
5000
5012
4987
4962
4937
4937
4900
4900
4900
4875
4850
4862
4837
4837
4825
4825
4800
4812
4800
4825
4812
4825
4812
4825
4812
4800
4800
4787
4775
4762
4787
4762
4775
4750
4750
4712
4712
4687
4700
4687
4700
4687
4700
4687
4700
4687
4675
4662
4650
4650
4637
4625
4625
4625
4625
4625
4650
4637
4650
4650
4687
4725
4787
4862
4937
5012
5075
5162
5237
5312
5387
5437
5487
5512
5537
5537
5562
5550
5562
5550
5562
5550
5562
5550
5562
5550
5562
5575
5587
5600
5637
5650
5662
5687
5700
5712
5725
5737
5750
5762
5750
5762
5750
5737
5725
5712
5700
5687
5687
5675
5687
5675
5662
5650
5637
5625
5612
5600
5562
5525
5487
5450
5412
5400
5387
5350
5312
5300
5287
5275
5287
5300
5312
5300
5312
5325
5337
5350
5362
5375
5362
5375
5362
5350
5337
5325
5287
5275
5262
5250
5225
5225
5225
5225
5200
5212
5200
5187
5175
5162
5125
5112
5087
5050
5037
5025
5012
5000
5012
5000
5012
4987
4987
4962
4962
4937
4950
4937
4925
4912
4925
4900
4900
4900
4900
4875
4887
4875
4862
4862
4862
4837
4837
4837
4800
4787
4775
4737
4700
4687
4650
4650
4637
4625
4625
4612
4600
4587
4600
4575
4587
4600
4612
4600
4612
4600
4587
4562
4562
4537
4512
4462
4450
4412
4400
4375
4375
4350
4350
4325
4337
4350
4362
4350
4362
4350
4337
4325
4337
4325
4337
4325
4337
4350
4387
4425
4462
4500
4537
4575
4600
4662
4725
4787
4850
4912
4950
4987
5037
5062
5087
5125
5150
5162
5175
5187
5175
5187
5175
5187
5175
5187
5175
5187
5200
5212
5225
5237
5250
5262
5275
5287
5300
5312
5300
5312
5300
5312
5325
5325
5325
5325
5300
5275
5262
5225
5187
5175
5137
5112
5075
5062
5025
4987
4975
4962
4950
4937
4950
4937
4950
4962
4975
4987
5000
5012
5025
5037
5025
5037
5025
5012
4987
4987
4962
4962
4937
4925
4912
4900
4887
4900
4912
4900
4912
4900
4887
4875
4887
4875
4862
4850
4837
4825
4812
4825
4812
4800
4787
4775
4737
4725
4712
4700
4687
4662
4612
4562
4525
4475
4462
4450
4462
4450
4437
4425
4412
4400
4387
4375
4362
4350
4312
4300
4287
4275
4262
4275
4262
4275
4262
4275
4262
4275
4262
4275
4262
4275
4262
4275
4262
4275
4262
4275
4262
4275
4287
4300
4312
4325
4350
4350
4375
4375
4375
4362
4350
4337
4350
4362
4375
4387
4400
4387
4400
4387
4375
4362
4375
4362
4375
4387
4375
4375
4375
4375
4375
4400
4387
4400
4412
4462
4512
4575
4662
4725
4775
4825
4875
4912
4950
5000
5050
5087
5137
5212
5250
5287
5325
5337
5350
5362
5350
5337
5350
5337
5350
5362
5375
5362
5375
5362
5375
5362
5350
5337
5350
5337
5325
5350
5350
5350
5350
5375
5387
5400
5412
5425
5437
5425
5412
5400
5375
5350
5325
5300
5275
5250
5225
5200
5200
5162
5162
5137
5137
5137
5150
5137
5150
5162
5150
5162
5162
5175
5150
5150
5125
5137
5125
5112
5100
5087
5075
5062
5050
5037
5025
4987
4950
4937
4900
4887
4862
4837
4812
4787
4737
4725
4712
4700
4687
4700
4712
4725
4712
4725
4712
4675
4662
4650
4625
4612
4600
4587
4575
4587
4575
4587
4575
4562
4550
4537
4500
4487
4500
4487
4500
4512
4500
4487
4500
4487
4500
4512
4525
4512
4525
4512
4525
4512
4525
4512
4500
4487
4475
4462
4450
4462
4450
4462
4475
4487
4500
4512
4525
4512
4525
4512
4525
4512
4525
4537
4537
4537
4562
4550
4537
4562
4562
4562
4575
4587
4575
4587
4575
4587
4575
4587
4575
4587
4600
4612
4625
4650
4687
4725
4787
4850
4912
4975
5037
5087
5150
5212
5250
5287
5325
5337
5350
5362
5375
5362
5375
5362
5375
5387
5400
5412
5425
5412
5412
5412
5387
5387
5375
5350
5350
5350
5350
5362
5375
5362
5350
5337
5325
5312
5300
5312
5300
5287
5275
5262
5250
5237
5250
5237
5225
5212
5200
5162
5150
5137
5137
5112
5087
5062
5062
5037
5025
5050
5050
5050
5050
5075
5062
5075
5062
5075
5062
5075
5062
5075
5062
5075
5062
5075
5062
5050
5037
5025
4987
4975
4962
4950
4937
4950
4937
4950
4937
4950
4937
4950
4937
4950
4937
4925
4912
4900
4887
4875
4887
4875
4887
4900
4900
4900
4900
4900
4875
4887
4875
4862
4850
4837
4825
4812
4800
4787
4775
4762
4750
4762
4750
4762
4750
4762
4750
4762
4750
4762
4750
4737
4725
4712
4675
4675
4662
4650
4637
4650
4637
4650
4625
4625
4625
4625
4625
4637
4650
4637
4650
4637
4650
4637
4625
4612
4600
4562
4550
4537
4525
4512
4525
4537
4550
4537
4550
4562
4550
4537
4550
4537
4525
4537
4550
4562
4600
4625
4650
4700
4750
4762
4812
4862
4912
4962
5037
5087
5150
5212
5275
5312
5350
5387
5400
5412
5425
5437
5425
5437
5450
5462
5475
5487
5500
5512
5525
5537
5550
5562
5550
5562
5550
5537
5525
5500
5475
5450
5450
5425
5412
5400
5387
5350
5337
5325
5312
5300
5312
5300
5312
5300
5287
5275
5262
5225
5212
5200
5162
5150
5137
5112
5100
5112
5100
5112
5125
5112
5100
5087
5050
5037
5025
4987
4975
4962
4925
4912
4900
4887
4875
4887
4875
4900
4900
4925
4925
4950
4937
4950
4925
4925
4900
4900
4875
4862
4850
4837
4800
4787
4775
4762
4750
4762
4750
4762
4775
4775
4775
4800
4800
4800
4812
4825
4812
4825
4812
4825
4812
4800
4800
4800
4775
4775
4775
4737
4725
4712
4675
4662
4650
4650
4650
4662
4675
4687
4700
4712
4750
4762
4800
4812
4800
4787
4800
4787
4775
4787
4775
4737
4725
4712
4712
4712
4750
4750
4775
4787
4800
4800
4812
4825
4812
4800
4787
4762
4737
4712
4712
4712
4750
4762
4800
4837
4875
4912
4975
5037
5087
5150
5212
5275
5337
5375
5412
5450
5487
5500
5537
5575
5587
5600
5612
5625
5612
5625
5612
5625
5612
5625
5612
5625
5612
5625
5612
5625
5612
5625
5612
5600
5587
5600
5575
5575
5575
5575
5550
5537
5537
5537
5550
5550
5575
5562
5575
5550
5562
5550
5537
5525
5512
5475
5437
5400
5325
5275
5225
5200
5175
5162
5150
5125
5112
5087
5087
5062
5050
5037
5025
5012
5025
5037
5050
5062
5075
5087
5100
5112
5125
5112
5100
5087
5075
5062
5075
5062
5050
5012
4975
4912
4875
4837
4825
4812
4825
4812
4825
4837
4850
4837
4850
4837
4800
4787
4775
4737
4700
4662
4625
4600
4587
4575
4587
4562
4562
4562
4550
4550
4562
4587
4587
4625
4625
4650
4637
4650
4637
4650
4650
4650
4650
4650
4650
4637
4625
4612
4600
4587
4562
4575
4562
4550
4537
4537
4525
4512
4525
4512
4525
4537
4550
4562
4575
4587
4600
4612
4625
4637
4650
4637
4650
4637
4650
4637
4650
4637
4625
4612
4625
4612
4625
4637
4650
4637
4650
4637
4625
4612
4625
4600
4600
4600
4600
4575
4587
4600
4600
4612
4637
4650
4662
4712
4750
4787
4850
4912
4975
5037
5075
5112
5175
5237
5300
5362
5412
5450
5487
5525
5562
5600
5637
5650
5637
5650
5637
5625
5612
5600
5587
5600
5587
5600
5600
5600
5600
5600
5575
5562
5550
5512
5500
5487
5475
5462
5450
5412
5400
5387
5375
5362
5350
5337
5325
5287
5275
5262
5250
5237
5250
5225
5225
5200
5200
5200
5200
5200
5200
5200
5175
5162
5150
5137
5112
5100
5087
5075
5062
5075
5062
5075
5062
5075
5062
5075
5062
5050
5037
5025
4987
4975
4962
4950
4937
4925
4912
4925
4912
4900
4912
4900
4887
4875
4887
4875
4862
4850
4837
4800
4787
4775
4775
4775
4775
4775
4775
4775
4775
4775
4775
4775
4762
4750
4762
4737
4737
4712
4712
4687
4700
4687
4700
4687
4700
4687
4700
4687
4700
4687
4700
4687
4675
4662
4650
4625
4612
4625
4612
4625
4637
4650
4637
4650
4637
4650
4637
4625
4612
4600
4587
4575
4587
4575
4587
4575
4587
4575
4587
4575
4562
4550
4537
4525
4512
4525
4512
4525
4512
4525
4512
4500
4487
4500
4487
4500
4512
4500
4487
4475
4462
4450
4462
4475
4487
4500
4550
4587
4637
4712
4800
4850
4912
4987
5037
5075
5150
5212
5262
5312
5350
5387
5400
5412
5425
5437
5425
5437
5425
5437
5450
5462
5475
5512
5525
5512
5525
5512
5475
5437
5400
5362
5325
5287
5275
5262
5250
5237
5250
5237
5250
5262
5275
5287
5287
5287
5287
5275
5262
5250
5212
5150
5100
5037
4975
4912
4875
4837
4800
4762
4750
4712
4700
4712
4712
4712
4737
4737
4737
4750
4762
4750
4762
4750
4762
4737
4737
4712
4687
4662
4650
4625
4612
4625
4612
4600
4612
4625
4600
4600
4625
4625
4625
4625
4625
4600
4600
4600
4612
4625
4637
4625
4612
4625
4612
4625
4637
4650
4637
4650
4650
4662
4675
4687
4675
4662
4650
4650
4637
4650
4637
4650
4637
4650
4637
4650
4637
4650
4650
4687
4700
4737
4775
4787
4800
4812
4800
4762
4750
4712
4675
4662
4650
4650
4637
4650
4637
4650
4637
4650
4650
4675
4675
4712
4712
4737
4737
4737
4725
4712
4700
4687
4700
4687
4700
4687
4700
4712
4725
4737
4750
4762
4750
4762
4750
4737
4725
4712
4675
4662
4650
4650
4637
4650
4650
4662
4675
4687
4700
4712
4762
4787
4837
4887
4937
4975
5037
5087
5150
5225
5275
5325
5350
5375
5387
5400
5412
5425
5450
5437
5450
5462
5475
5450
5462
5450
5437
5425
5437
5425
5437
5425
5437
5425
5437
5425
5437
5425
5450
5437
5450
5437
5450
5425
5412
5400
5387
5350
5337
5325
5312
5300
5287
5275
5250
5225
5200
5200
5175
5187
5175
5187
5175
5187
5175
5162
5150
5137
5137
5125
5112
5100
5087
5050
5037
5050
5037
5050
5062
5075
5087
5100
5112
5125
5137
5125
5112
5075
5062
5025
4987
4975
4962
4925
4912
4925
4912
4925
4962
4975
4987
5025
5037
5050
5087
5100
5112
5125
5112
5075
5062
5025
4987
4975
4962
4925
4912
4887
4862
4862
4862
4862
4900
4912
4925
4962
4975
4962
4975
4962
4925
4887
4875
4837
4800
4787
4775
4762
4750
4762
4750
4775
4775
4775
4775
4800
4787
4800
4812
4825
4812
4825
4812
4800
4762
4750
4712
4700
4687
4675
4662
4675
4662
4675
4687
4675
4662
4675
4662
4675
4687
4675
4662
4650
4650
4637
4650
4637
4650
4650
4662
4675
4687
4700
4687
4675
4637
4625
4600
4562
4562
4562
4562
4562
4562
4550
4537
4537
4537
4562
4587
4637
4662
4725
4800
4875
4937
5025
5100
5150
5200
5250
5275
5287
5300
5312
5325
5337
5325
5337
5325
5312
5325
5337
5325
5337
5325
5287
5275
5262
5250
5225
5237
5225
5237
5225
5250
5262
5262
5262
5262
5262
5237
5225
5212
5200
5162
5150
5137
5137
5125
5137
5125
5137
5125
5112
5100
5087
5075
5062
5050
5037
5025
5012
5000
5012
5000
4987
4975
4962
4950
4937
4950
4937
4950
4937
4950
4937
4950
4937
4950
4937
4925
4912
4900
4887
4900
4900
4900
4900
4900
4900
4912
4900
4912
4900
4887
4875
4887
4875
4862
4862
4862
4862
4862
4887
4875
4862
4850
4837
4800
4800
4800
4775
4775
4775
4737
4725
4712
4700
4687
4700
4687
4700
4687
4700
4687
4700
4687
4700
4687
4700
4712
4712
4712
4712
4687
4675
4675
4650
4650
4650
4650
4625
4637
4625
4612
4600
4600
4587
4562
4562
4562
4550
4537
4537
4537
4537
4550
4537
4550
4537
4525
4512
4500
4487
4475
4462
4450
4462
4450
4437
4425
4412
4400
4387
4400
4387
4400
4387
4400
4387
4400
4387
4375
4362
4350
4337
4325
4337
4350
4362
4375
4387
4400
4387
4400
4387
4400
4387
4400
4387
4400
4387
4400
4387
4400
4412
4450
4500
4550
4600
4637
4700
4750
4825
4900
4975
5037
5087
5150
5212
5275
5337
5400
5462
5525
5562
5600
5637
5650
5637
5650
5637
5625
5612
5625
5612
5625
5637
5650
5662
5675
5687
5675
5687
5675
5687
5675
5687
5675
5687
5687
5700
5687
5700
5687
5687
5687
5700
5687
5700
5687
5662
5650
5625
5600
5600
5600
5600
5612
5625
5637
5650
5662
5675
5687
5675
5662
5650
5637
5625
5612
5625
5612
5625
5612
5625
5612
5625
5612
5625
5612
5625
5600
5600
5575
5575
5550
5562
5550
5562
5550
5537
5525
5512
5500
5487
5475
5462
5450
5412
5400
5375
5362
5350
5337
5325
5325
5312
5300
5312
5300
5312
5300
5312
5300
5312
5300
5312
5300
5287
5275
5262
5250
5237
5250
5237
5250
5237
5250
5225
5225
5200
5212
5200
5225
5225
5250
5237
5250
5237
5250
5237
5225
5212
5200
5187
5175
5187
5175
5187
5175
5187
5175
5162
5150
5137
5137
5125
5137
5125
5137
5125
5137
5125
5137
5125
5137
5125
5137
5137
5150
5162
5175
5162
5150
5162
5150
5162
5175
5187
5175
5187
5175
5162
5150
5137
5137
5125
5137
5125
5112
5100
5087
5075
5062
5075
5062
5050
5037
5025
5012
5025
5037
5050
5087
5100
5112
5162
5212
5262
5350
5425
5500
5575
5637
5712
5787
5862
5937
6012
6075
6150
6200
6250
6300
6312
6325
6362
6375
6387
6400
6412
6400
6412
6400
6412
6400
6412
6400
6387
6375
6362
6350
6337
6350
6337
6350
6337
6350
6337
6325
6312
6300
6287
6275
6262
6250
6237
6200
6187
6175
6150
6137
6125
6087
6050
6012
5975
5937
5900
5887
5875
5862
5850
5837
5825
5812
5800
5787
5775
5762
5750
5712
5700
5712
5700
5712
5725
5712
5700
5712
5700
5712
5725
5737
5725
5712
5675
5662
5637
5625
5612
5600
5587
5575
5562
5537
5537
5537
5525
5512
5537
5537
5512
5525
5512
5500
5487
5475
5462
5450
5437
5425
5412
5400
5387
5375
5362
5375
5362
5375
5362
5375
5362
5350
5337
5350
5337
5350
5362
5375
5362
5375
5362
5375
5362
5375
5362
5350
5337
5325
5312
5300
5287
5275
5262
5250
5237
5225
5212
5200
5187
5175
5187
5175
5187
5175
5162
5150
5125
5112
5087
5087
5062
5075
5062
5075
5062
5075
5062
5075
5087
5100
5112
5125
5137
5125
5137
5125
5137
5125
5112
5075
5062
5025
5012
5000
5012
5000
5012
5000
5012
5000
5012
5000
4987
4975
4962
4925
4912
4925
4937
4950
4987
5037
5087
5150
5237
5325
5412
5487
5537
5600
5650
5700
5750
5800
5837
5850
5875
5875
5900
5900
5925
5912
5925
5912
5925
5937
5950
5962
5975
5987
5975
5987
5975
5962
5950
5937
5925
5900
5900
5875
5850
5825
5812
5775
5775
5775
5775
5775
5775
5762
5737
5687
5662
5637
5625
5612
5600
5562
5550
5512
5500
5475
5475
5475
5475
5475
5487
5475
5462
5475
5462
5475
5487
5500
5487
5500
5487
5475
5462
5450
5437
5425
5437
5425
5412
5400
5387
5375
5350
5362
5350
5362
5350
5350
5337
5325
5312
5300
5287
5275
5262
5225
5212
5225
5212
5225
5237
5250
5237
5250
5237
5250
5237
5250
5237
5250
5225
5225
5200
5200
5175
5187
5175
5187
5175
5187
5175
5187
5175
5162
5150
5125
5112
5087
5087
5062
5075
5062
5075
5062
5075
5062
5050
5037
5025
5012
5000
5012
5000
4987
4975
4962
4950
4937
4950
4937
4950
4937
4950
4925
4925
4900
4875
4850
4837
4825
4812
4825
4812
4825
4812
4825
4812
4825
4812
4800
4787
4775
4762
4750
4762
4750
4762
4750
4737
4725
4712
4675
4662
4650
4650
4650
4687
4725
4787
4850
4912
4987
5050
5100
5150
5200
5250
5300
5375
5425
5487
5537
5587
5625
5700
5737
5775
5787
5775
5762
5750
5737
5725
5737
5725
5737
5750
5762
5775
5787
5812
5812
5837
5825
5850
5837
5850
5837
5862
5850
5837
5837
5837
5812
5787
5787
5750
5712
5712
5712
5712
5712
5712
5675
5637
5612
5575
5537
5525
5512
5475
5462
5475
5462
5475
5512
5525
5537
5575
5587
5600
5612
5600
5587
5575
5562
5575
5587
5575
5562
5550
5512
5475
5437
5425
5387
5350
5337
5325
5312
5300
5312
5287
5300
5287
5300
5312
5337
5350
5362
5375
5350
5350
5325
5325
5300
5312
5300
5287
5275
5262
5250
5237
5225
5212
5225
5212
5237
5262
5287
5287
5312
5300
5312
5300
5287
5275
5262
5225
5212
5200
5187
5175
5187
5175
5187
5200
5212
5200
5212
5200
5187
5175
5162
5150
5137
5137
5125
5137
5125
5137
5125
5137
5125
5137
5125
5137
5125
5137
5125
5112
5100
5087
5075
5062
5075
5062
5075
5062
5075
5062
5050
5037
5025
5012
5000
5025
5025
5050
5050
5075
5062
5075
5062
5075
5062
5075
5050
5050
5050
5050
5050
5050
5062
5050
5037
5025
5025
5012
5025
5037
5012
5025
5012
5000
4987
4987
4975
4962
4950
4937
4962
4950
4975
4975
5000
5012
5062
5087
5162
5237
5312
5387
5462
5525
5587
5637
5700
5737
5775
5812
5850
5887
5950
6012
6075
6112
6150
6175
6187
6175
6187
6175
6175
6162
6175
6162
6150
6137
6150
6137
6125
6137
6125
6112
6100
6112
6100
6112
6100
6087
6075
6062
6050
6037
6050
6037
6050
6037
6025
6012
6000
5987
5975
5962
5950
5925
5900
5900
5900
5875
5862
5850
5812
5775
5737
5700
5637
5612
5575
5537
5500
5487
5450
5437
5425
5437
5425
5437
5425
5437
5450
5462
5450
5462
5450
5437
5425
5437
5425
5412
5400
5387
5375
5362
5350
5337
5325
5287
5275
5262
5250
5237
5225
5212
5200
5187
5175
5187
5162
5175
5162
5150
5137
5137
5137
5125
5137
5137
5150
5162
5162
5162
5162
5162
5162
5175
5162
5150
5137
5112
5100
5087
5075
5062
5075
5062
5075
5062
5087
5087
5112
5112
5137
5125
5112
5100
5087
5075
5062
5075
5062
5050
5037
5025
5012
5000
5012
5000
5012
5000
5012
5000
5012
5000
5012
5000
5012
4987
4987
4962
4962
4937
4950
4937
4950
4937
4950
4937
4925
4912
4900
4887
4875
4887
4875
4887
4875
4862
4850
4862
4850
4862
4875
4862
4850
4862
4850
4862
4875
4887
4900
4912
4900
4912
4925
4912
4925
4937
4950
4937
4950
4937
4950
4937
4950
4937
4925
4912
4900
4887
4875
4887
4875
4862
4850
4837
4825
4837
4887
4937
5012
5087
5175
5262
5350
5437
5512
5587
5637
5687
5750
5787
5812
5837
5862
5875
5875
5875
5875
5850
5825
5812
5775
5775
5775
5775
5775
5800
5787
5800
5787
5800
5787
5800
5787
5800
5787
5800
5787
5775
5762
5750
5737
5725
5737
5725
5737
5725
5737
5725
5712
5700
5687
5687
5675
5662
5650
5637
5625
5612
5600
5562
5525
5462
5400
5362
5325
5312
5300
5312
5325
5337
5325
5337
5350
5337
5350
5387
5400
5412
5425
5412
5400
5387
5375
5362
5375
5362
5375
5362
5375
5362
5350
5350
5337
5325
5312
5325
5300
5287
5275
5262
5225
5212
5225
5212
5225
5237
5250
5237
5250
5237
5250
5262
5262
5262
5262
5262
5237
5225
5212
5200
5187
5175
5187
5175
5187
5175
5187
5175
5162
5150
5137
5137
5125
5112
5100
5112
5100
5112
5125
5137
5137
5162
5162
5187
5175
5187
5175
5162
5150
5125
5112
5087
5062
5037
5025
5012
5025
5037
5050
5062
5050
5037
5025
5012
5000
5012
5000
4987
4975
4962
4950
4937
4950
4937
4925
4912
4900
4887
4875
4887
4875
4887
4875
4862
4850
4837
4800
4787
4775
4762
4750
4762
4750
4762
4750
4762
4750
4762
4750
4737
4725
4712
4675
4662
4650
4650
4650
4675
4700
4762
4812
4887
4962
5037
5087
5150
5212
5275
5337
5412
5487
5562
5637
5725
5775
5825
5850
5875
5875
5900
5900
5900
5887
5875
5862
5875
5887
5875
5887
5875
5862
5850
5862
5850
5837
5825
5837
5825
5837
5850
5862
5875
5912
5950
5987
6025
6037
6050
6037
6050
6037
6025
5987
5950
5887
5825
5787
5750
5712
5675
5662
5662
5650
5662
5675
5687
5687
5712
5737
5762
5775
5787
5800
5787
5800
5787
5775
5737
5725
5687
5662
5650
5637
5625
5612
5600
5587
5575
5562
5550
5562
5550
5537
5525
5512
5475
5462
5450
5437
5425
5437
5425
5412
5412
5400
5387
5400
5412
5412
5425
5437
5425
5412
5375
5337
5300
5262
5250
5237
5250
5237
5250
5237
5250
5237
5250
5237
5225
5225
5212
5175
5162
5150
5137
5125
5112
5100
5087
5075
5062
5075
5062
5075
5062
5075
5062
5075
5062
5075
5062
5075
5062
5075
5062
5050
5037
5025
5012
5025
5037
5025
5037
5025
5012
5000
5012
5000
5012
5025
5037
5050
5062
5075
5062
5050
5037
5025
5012
4987
5000
4975
4975
4950
4975
4950
4962
4950
4962
4937
4950
4937
4950
4937
4950
4937
4950
4937
4950
4962
4962
4962
4962
4962
4937
4950
4937
4925
4912
4900
4887
4875
4887
4875
4887
4875
4887
4875
4887
4875
4887
4875
4887
4875
4887
4875
4887
4875
4887
4900
4937
4975
5037
5087
5150
5225
5300
5375
5450
5525
5587
5637
5700
5762
5825
5862
5900
5937
5950
5975
6000
6025
6025
6050
6062
6075
6087
6100
6112
6100
6112
6100
6112
6100
6112
6100
6112
6100
6112
6100
6087
6075
6062
6050
6037
6050
6062
6075
6062
6087
6087
6087
6087
6087
6075
6062
6025
5987
5950
5912
5875
5837
5800
5787
5750
5712
5700
5687
5687
5687
5687
5687
5712
5712
5687
5700
5687
5662
5650
5637
5625
5612
5625
5612
5625
5612
5625
5612
5625
5612
5600
5562
5550
5512
5475
5462
5450
5437
5425
5437
5425
5437
5450
5462
5475
5487
5500
5487
5500
5487
5475
5462
5450
5412
5400
5387
5350
5337
5350
5337
5350
5362
5375
5362
5387
5375
5387
5375
5387
5362
5375
5362
5375
5362
5350
5337
5325
5312
5300
5312
5300
5312
5300
5312
5300
5287
5275
5262
5250
5237
5225
5212
5200
5187
5175
5187
5175
5187
5175
5187
5175
5187
5200
5212
5225
5237
5250
5237
5250
5237
5225
5212
5200
5187
5175
5187
5175
5162
5150
5137
5112
5100
5087
5075
5062
5075
5062
5075
5062
5050
5050
5050
5050
5050
5050
5037
5025
5012
5000
5012
5000
5012
5025
5037
5050
5087
5112
5150
5212
5287
5375
5462
5550
5625
5700
5775
5825
5875
5900
5937
5937
5962
5987
6037
6050
6087
6100
6125
6125
6150
6150
6175
6162
6175
6162
6150
6137
6125
6087
6075
6062
6025
6012
6000
5962
5950
5937
5925
5912
5925
5912
5925
5937
5950
5962
5975
5962
5925
5887
5850
5812
5775
5737
5700
5637
5612
5562
5537
5512
5512
5487
5500
5512
5525
5537
5550
5575
5575
5575
5575
5600
5587
5575
5562
5550
5512
5500
5487
5475
5462
5450
5437
5425
5437
5425
5437
5450
5450
5450
5450
5425
5400
5387
5387
5375
5387
5400
5412
5387
5400
5387
5375
5362
5375
5362
5387
5375
5387
5375
5387
5350
5350
5325
5325
5300
5287
5275
5262
5262
5262
5262
5275
5287
5287
5287
5312
5300
5312
5300
5325
5312
5337
5337
5337
5325
5325
5287
5275
5262
5225
5212
5200
5187
5200
5237
5250
5287
5300
5312
5300
5287
5275
5262
5225
5212
5200
5187
5162
5162
5162
5162
5162
5175
5187
5175
5187
5175
5200
5225
5250
5275
5300
5287
5275
5262
5250
5237
5250
5225
5225
5200
5200
5200
5212
5225
5237
5250
5237
5250
5237
5250
5237
5225
5212
5200
5162
5150
5137
5137
5137
5175
5187
5225
5275
5300
5350
5425
5512
5575
5675
5750
5825
5887
5950
6012
6075
6125
6187
6250
6287
6325
6337
6350
6337
6350
6337
6350
6337
6350
6337
6350
6337
6350
6337
6350
6337
6350
6337
6350
6337
6350
6337
6325
6312
6300
6262
6250
6237
6225
6212
6225
6212
6225
6212
6225
6212
6200
6187
6175
6175
6162
6175
6162
6150
6137
6125
6087
6075
6050
6025
6000
6000
5962
5962
5937
5912
5887
5875
5837
5825
5812
5800
5812
5825
5812
5825
5837
5825
5837
5850
5862
5850
5862
5850
5837
5825
5812
5800
5787
5775
5762
5750
5712
5700
5712
5687
5687
5687
5687
5675
5687
5675
5687
5675
5662
5650
5637
5625
5612
5625
5612
5625
5612
5625
5612
5625
5612
5625
5612
5625
5637
5650
5637
5650
5637
5625
5612
5600
5587
5575
5562
5550
5537
5525
5512
5500
5487
5500
5487
5500
5487
5500
5487
5500
5487
5475
5437
5425
5387
5375
5362
5375
5362
5375
5362
5375
5387
5400
5387
5400
5387
5375
5362
5350
5337
5325
5312
5300
5287
5275
5262
5250
5237
5250
5237
5250
5237
5250
5237
5250
5237
5250
5237
5250
5237
5250
5237
5250
5237
5250
5237
5225
5212
5200
5187
5175
5162
5150
5162
5137
5137
5162
5162
5162
5200
5200
5200
5200
5200
5175
5187
5175
5187
5175
5187
5175
5187
5200
5212
5225
5262
5300
5350
5425
5500
5575
5650
5725
5800
5887
5975
6025
6075
6125
6150
6187
6225
6275
6300
6325
6325
6350
6337
6350
6337
6350
6362
6375
6362
6375
6362
6350
6337
6350
6337
6350
6337
6350
6337
6350
6362
6375
6387
6400
6412
6400
6387
6350
6312
6250
6187
6150
6125
6087
6075
6062
6050
6037
6050
6062
6075
6062
6075
6087
6075
6087
6125
6137
6150
6162
6175
6162
6175
6150
6150
6125
6125
6100
6087
6075
6062
6050
6037
6050
6037
6050
6062
6075
6087
6100
6112
6100
6112
6100
6112
6100
6087
6075
6062
6025
5987
5975
5962
5950
5937
5950
5937
5925
5912
5925
5912
5925
5900
5912
5900
5912
5900
5925
5912
5925
5912
5925
5900
5900
5900
5900
5875
5887
5875
5837
5800
5787
5750
5712
5700
5687
5687
5675
5687
5675
5687
5687
5700
5687
5700
5687
5687
5675
5687
5675
5662
5650
5637
5600
5587
5575
5537
5525
5512
5500
5487
5500
5512
5512
5512
5512
5512
5487
5500
5487
5500
5487
5512
5500
5512
5500
5512
5487
5475
5462
5450
5437
5425
5437
5425
5437
5425
5412
5400
5387
5350
5337
5325
5325
5312
5325
5337
5337
5325
5350
5350
5350
5387
5425
5462
5525
5587
5637
5700
5762
5837
5912
5987
6062
6125
6162
6200
6237
6275
6287
6325
6337
6350
6362
6375
6387
6400
6412
6425
6437
6462
6487
6512
6512
6550
6550
6575
6575
6600
6575
6575
6550
6550
6512
6512
6487
6462
6437
6425
6387
6375
6362
6350
6337
6350
6325
6325
6300
6300
6275
6287
6275
6262
6250
6237
6225
6212
6200
6187
6162
6150
6125
6125
6100
6087
6087
6087
6062
6037
6037
6000
5987
5962
5962
5937
5937
5912
5900
5887
5900
5887
5900
5912
5925
5912
5937
5937
5962
5962
5987
5975
5962
5950
5937
5900
5862
5850
5800
5787
5762
5762
5737
5750
5725
5737
5725
5712
5675
5662
5637
5600
5587
5600
5587
5600
5612
5637
5637
5662
5675
5700
5712
5750
5750
5750
5750
5750
5725
5737
5712
5712
5687
5687
5675
5687
5675
5687
5675
5687
5675
5687
5675
5687
5675
5687
5675
5687
5675
5687
5687
5700
5712
5725
5712
5700
5687
5687
5675
5687
5675
5687
5675
5687
5675
5662
5650
5662
5637
5637
5637
5637
5612
5625
5612
5600
5562
5550
5512
5500
5487
5475
5462
5450
5437
5425
5437
5425
5437
5450
5462
5475
5487
5500
5487
5500
5487
5500
5487
5475
5462
5475
5462
5487
5512
5537
5575
5612
5637
5675
5725
5762
5825
5900
5987
6050
6112
6187
6250
6300
6375
6412
6462
6512
6537
6562
6612
6625
6637
6650
6662
6650
6662
6650
6637
6600
6587
6550
6512
6500
6487
6450
6437
6425
6412
6400
6412
6400
6412
6400
6412
6400
6412
6400
6412
6400
6412
6387
6387
6362
6362
6337
6325
6287
6275
6237
6200
6187
6175
6150
6112
6075
6037
6000
5962
5925
5912
5875
5862
5850
5862
5850
5862
5850
5862
5850
5862
5850
5875
5862
5887
5875
5887
5887
5900
5900
5912
5925
5912
5900
5900
5887
5850
5812
5800
5750
5737
5725
5737
5725
5737
5725
5737
5725
5737
5725
5737
5725
5712
5700
5675
5662
5637
5637
5612
5625
5637
5650
5662
5675
5687
5675
5687
5675
5687
5675
5687
5675
5687
5675
5687
5675
5662
5650
5637
5587
5562
5537
5512
5512
5525
5537
5575
5587
5600
5612
5625
5600
5600
5600
5600
5600
5612
5625
5612
5625
5612
5625
5612
5625
5612
5600
5587
5575
5562
5550
5562
5550
5562
5537
5537
5512
5512
5487
5500
5487
5475
5462
5450
5437
5425
5412
5412
5412
5412
5437
5487
5525
5587
5637
5700
5762
5825
5887
5950
6012
6075
6150
6225
6275
6325
6362
6362
6362
6362
6362
6337
6350
6337
6350
6337
6350
6337
6350
6337
6350
6325
6325
6300
6275
6250
6237
6200
6187
6175
6150
6137
6112
6100
6087
6075
6075
6087
6062
6062
6062
6050
6037
6050
6037
6025
5987
5950
5887
5825
5787
5750
5737
5725
5737
5725
5737
5750
5762
5750
5762
5750
5737
5712
5712
5687
5687
5675
5687
5687
5700
5712
5725
5737
5725
5737
5725
5737
5725
5712
5700
5687
5662
5650
5662
5637
5637
5662
5662
5637
5650
5637
5625
5612
5600
5587
5575
5562
5550
5537
5525
5512
5500
5512
5525
5537
5550
5562
5550
5562
5550
5562
5550
5562
5575
5587
5575
5587
5575
5562
5550
5562
5550
5562
5537
5537
5512
5512
5487
5500
5487
5475
5462
5450
5450
5450
5450
5450
5475
5462
5475
5487
5500
5487
5500
5487
5500
5487
5475
5462
5450
5437
5425
5437
5425
5437
5425
5437
5425
5412
5400
5412
5400
5412
5425
5437
5425
5437
5425
5437
5425
5412
5400
5387
5375
5362
5375
5362
5375
5362
5375
5387
5425
5462
5525
5587
5650
5725
5800
5875
5950
6012
6075
6125
6162
6200
6237
6275
6312
6375
6412
6450
6487
6500
6512
6525
6537
6525
6537
6525
6512
6475
6462
6425
6412
6400
6412
6400
6412
6400
6412
6400
6412
6387
6387
6362
6362
6337
6350
6337
6350
6337
6325
6312
6300
6287
6275
6262
6225
6212
6175
6150
6112
6100
6062
6050
6037
6025
5987
5975
5937
5925
5912
5925
5912
5925
5937
5950
5937
5950
5962
5937
5937
5937
5912
5887
5875
5862
5850
5837
5825
5812
5800
5812
5825
5812
5825
5812
5800
5812
5825
5812
5825
5812
5800
5787
5800
5787
5775
5762
5750
5712
5700
5687
5687
5675
5687
5675
5687
5687
5700
5712
5725
5712
5700
5687
5662
5650
5637
5600
5587
5575
5562
5550
5562
5550
5537
5525
5512
5500
5487
5475
5462
5450
5412
5400
5412
5400
5412
5450
5462
5475
5487
5475
5462
5450
5437
5425
5412
5400
5387
5375
5362
5375
5362
5375
5362
5375
5362
5375
5362
5375
5362
5350
5337
5325
5287
5275
5262
5262
5262
5287
5287
5287
5287
5287
5287
5312
5362
5400
5462
5525
5587
5637
5700
5762
5837
5912
5987
6062
6125
6187
6250
6287
6325
6362
6375
6387
6400
6412
6425
6437
6450
6462
6475
6462
6450
6437
6425
6412
6400
6412
6400
6412
6400
6412
6400
6412
6400
6412
6387
6400
6387
6375
6325
6312
6262
6212
6187
6175
6150
6137
6125
6112
6100
6112
6087
6087
6087
6087
6062
6075
6062
6050
6037
6025
6025
6012
6000
5987
6000
5975
5987
5975
5987
6000
6012
6000
5987
5975
5937
5925
5912
5900
5887
5875
5837
5825
5812
5775
5762
5750
5737
5725
5737
5725
5737
5725
5712
5700
5687
5687
5675
5662
5650
5637
5625
5612
5625
5612
5600
5587
5575
5562
5550
5562
5550
5537
5525
5512
5500
5487
5475
5462
5475
5462
5475
5475
5475
5475
5475
5475
5487
5475
5462
5450
5437
5425
5437
5425
5437
5425
5412
5400
5387
5375
5362
5375
5362
5375
5362
5375
5362
5375
5362
5375
5362
5375
5362
5375
5362
5375
5350
5350
5325
5325
5300
5312
5300
5312
5300
5287
5275
5262
5250
5237
5262
5287
5337
5387
5462
5525
5587
5637
5700
5762
5825
5887
5950
6012
6075
6150
6200
6250
6300
6312
6325
6337
6350
6337
6350
6337
6350
6337
6350
6337
6350
6337
6350
6362
6375
6387
6400
6412
6400
6412
6400
6387
6375
6362
6350
6337
6350
6337
6325
6287
6275
6225
6200
6175
6150
6100
6075
6025
5975
5950
5937
5925
5912
5900
5887
5875
5862
5850
5862
5850
5862
5875
5887
5875
5887
5875
5862
5850
5837
5800
5787
5750
5712
5700
5687
5662
5650
5637
5625
5612
5600
5587
5575
5562
5550
5537
5525
5512
5512
5500
5512
5500
5487
5462
5450
5437
5425
5412
5400
5387
5375
5362
5375
5362
5375
5350
5350
5325
5325
5300
5312
5300
5312
5300
5287
5275
5262
5250
5262
5275
5287
5300
5325
5325
5325
5325
5350
5337
5325
5337
5325
5287
5275
5262
5250
5237
5250
5262
5262
5262
5287
5287
5287
5300
5287
5275
5262
5225
5212
5200
5162
5150
5137
5137
5125
5137
5125
5137
5125
5112
5100
5075
5050
5025
5037
5025
5025
5025
5025
5012
5000
5012
5000
5025
5025
5050
5075
5112
5125
5175
5225
5275
5337
5437
5525
5600
5687
5737
5775
5825
5875
5925
6000
6050
6100
6125
6150
6187
6225
6250
6275
6262
6250
6237
6225
6212
6200
6187
6175
6175
6150
6150
6150
6150
6125
6150
6150
6125
6100
6100
6062
6025
6012
6000
5962
5950
5937
5900
5887
5862
5812
5787
5762
5712
5700
5687
5662
5650
5637
5625
5612
5625
5612
5625
5637
5650
5637
5625
5612
5562
5537
5512
5512
5487
5500
5487
5475
5462
5450
5412
5375
5362
5350
5337
5350
5362
5350
5350
5350
5350
5350
5375
5362
5375
5362
5375
5362
5350
5337
5325
5312
5300
5287
5275
5262
5225
5212
5200
5187
5175
5187
5175
5187
5175
5187
5200
5237
5237
5262
5262
5262
5262
5275
5287
5287
5287
5262
5262
5237
5225
5212
5200
5187
5175
5162
5150
5162
5150
5137
5150
5137
5137
5125
5137
5137
5150
5162
5175
5187
5175
5187
5175
5187
5175
5162
5150
5162
5137
5150
5162
5175
5162
5187
5175
5162
5150
5137
5137
5125
5137
5125
5112
5100
5087
5075
5062
5050
5037
5025
5012
5000
5012
5025
5062
5087
5150
5212
5287
5337
5387
5437
5500
5550
5637
5725
5812
5862
5900
5912
5925
5912
5900
5887
5875
5862
5850
5862
5875
5887
5900
5912
5925
5912
5900
5862
5850
5812
5800
5787
5775
5762
5750
5737
5712
5712
5687
5687
5675
5687
5675
5662
5625
5587
5525
5462
5425
5387
5350
5337
5350
5362
5400
5462
5500
5512
5525
5512
5500
5487
5475
5462
5450
5437
5425
5412
5400
5387
5375
5387
5400
5412
5425
5437
5425
5437
5425
5437
5425
5412
5400
5387
5350
5337
5325
5312
5287
5287
5262
5262
5237
5250
5237
5250
5225
5225
5225
5225
5225
5262
5262
5262
5287
5287
5287
5300
5287
5250
5237
5200
5187
5175
5187
5175
5187
5175
5187
5200
5237
5250
5262
5250
5237
5200
5162
5150
5137
5112
5100
5087
5050
5037
5025
5012
5000
5012
5000
5012
5000
5025
5012
5025
5037
5050
5050
5050
5050
5050
5037
5025
5025
5025
5000
4987
4975
4962
4950
4937
4950
4937
4925
4912
4925
4912
4937
4962
4987
5012
5062
5087
5150
5212
5275
5337
5400
5462
5537
5600
5675
5750
5825
5862
5900
5937
5975
5987
6025
6037
6025
6012
6000
5962
5950
5937
5925
5912
5900
5887
5875
5862
5850
5862
5875
5887
5900
5912
5925
5912
5925
5937
5950
5937
5950
5937
5900
5900
5887
5875
5862
5850
5800
5787
5737
5712
5687
5687
5675
5687
5675
5687
5675
5662
5650
5637
5625
5612
5625
5612
5625
5612
5625
5612
5625
5637
5650
5662
5675
5687
5675
5687
5675
5662
5625
5612
5600
5575
5575
5575
5575
5550
5537
5525
5537
5525
5537
5550
5562
5550
5562
5550
5562
5550
5562
5550
5537
5525
5512
5500
5487
5475
5462
5475
5462
5475
5487
5500
5487
5475
5462
5450
5412
5400
5387
5375
5362
5375
5362
5387
5375
5387
5400
5412
5387
5400
5387
5375
5362
5375
5362
5350
5337
5325
5312
5300
5312
5300
5312
5300
5312
5325
5337
5325
5350
5350
5350
5350
5375
5362
5375
5350
5325
5300
5275
5250
5237
5250
5237
5250
5237
5250
5237
5250
5262
5262
5262
5262
5237
5212
5200
5162
5150
5137
5112
5100
5087
5087
5087
5112
5125
5175
5225
5300
5387
5475
5562
5625
5712
5787
5862
5937
5987
6025
6037
6025
6012
6000
5987
5975
6000
6000
6000
6000
6025
6037
6050
6062
6075
6062
6050
6037
6050
6037
6025
5987
5975
5937
5925
5912
5900
5887
5875
5862
5850
5837
5800
5787
5750
5712
5700
5675
5662
5637
5612
5587
5575
5562
5550
5562
5575
5587
5600
5637
5650
5662
5675
5687
5675
5662
5650
5637
5600
5587
5575
5537
5525
5512
5500
5487
5500
5512
5525
5512
5525
5512
5500
5487
5475
5462
5450
5437
5450
5462
5475
5487
5500
5487
5500
5487
5500
5487
5475
5437
5425
5387
5375
5350
5350
5350
5350
5350
5362
5350
5337
5350
5337
5325
5350
5350
5350
5350
5375
5362
5375
5362
5350
5337
5325
5287
5250
5237
5225
5212
5225
5237
5250
5225
5237
5212
5212
5212
5225
5225
5225
5225
5225
5225
5225
5237
5225
5225
5225
5200
5200
5200
5187
5175
5187
5175
5187
5175
5162
5150
5137
5137
5125
5137
5125
5137
5137
5150
5162
5200
5237
5250
5287
5325
5362
5400
5462
5525
5587
5662
5712
5762
5825
5850
5875
5925
5975
6012
6050
6087
6125
6137
6150
6162
6175
6162
6175
6162
6175
6162
6175
6162
6175
6150
6162
6150
6162
6150
6175
6162
6175
6162
6175
6162
6175
6175
6187
6200
6237
6250
6237
6250
6237
6225
6212
6200
6162
6150
6125
6112
6100
6087
6050
6037
6000
5987
5962
5962
5937
5912
5887
5875
5862
5850
5837
5825
5812
5775
5762
5775
5762
5750
5762
5750
5737
5725
5737
5725
5737
5725
5737
5725
5737
5725
5737
5725
5712
5700
5687
5687
5662
5662
5637
5637
5612
5625
5612
5600
5587
5575
5537
5525
5500
5487
5475
5462
5450
5450
5412
5400
5387
5375
5362
5350
5337
5325
5312
5300
5312
5300
5312
5300
5287
5275
5262
5225
5212
5200
5187
5175
5162
5150
5137
5137
5125
5137
5125
5137
5125
5137
5125
5137
5137
5150
5162
5175
5162
5150
5125
5112
5087
5087
5062
5050
5037
5025
5012
5000
5025
5025
5025
5025
5050
5037
5050
5062
5075
5087
5100
5087
5100
5112
5100
5112
5112
5112
5087
5087
5062
5075
5062
5050
5037
5025
5012
5000
5012
5025
5062
5087
5150
5212
5275
5337
5400
5475
5525
5587
5637
5700
5750
5825
5887
5925
5962
5975
5987
6000
6037
6050
6087
6100
6112
6125
6137
6150
6175
6187
6200
6212
6225
6212
6200
6187
6162
6150
6125
6125
6087
6087
6087
6087
6087
6100
6112
6125
6137
6150
6162
6175
6162
6150
6112
6100
6062
6025
6012
6000
5962
5925
5912
5875
5862
5850
5862
5850
5875
5875
5875
5875
5875
5862
5850
5862
5850
5837
5825
5812
5775
5762
5775
5762
5775
5812
5825
5837
5850
5837
5825
5837
5812
5787
5787
5762
5737
5725
5737
5725
5737
5725
5712
5700
5687
5687
5675
5687
5675
5687
5675
5687
5675
5687
5675
5687
5675
5662
5650
5625
5600
5575
5575
5550
5562
5550
5562
5550
5537
5525
5512
5500
5487
5500
5487
5500
5487
5475
5462
5450
5437
5425
5437
5425
5412
5400
5387
5375
5362
5350
5337
5325
5312
5300
5312
5300
5312
5300
5312
5325
5337
5350
5362
5375
5362
5375
5362
5375
5362
5350
5337
5312
5287
5262
5262
5237
5225
5212
5200
5162
5150
5162
5150
5137
5150
5137
5137
5137
5175
5187
5237
5262
5287
5325
5362
5387
5437
5487
5525
5587
5650
5737
5800
5862
5900
5925
5937
5950
5962
6000
6012
6025
6037
6050
6037
6050
6037
6050
6025
6025
6000
6000
5975
5962
5950
5937
5900
5887
5875
5837
5825
5812
5800
5787
5800
5787
5775
5762
5750
5737
5725
5737
5725
5712
5700
5687
5687
5662
5662
5637
5612
5587
5575
5562
5550
5537
5525
5512
5500
5487
5500
5487
5500
5487
5500
5487
5475
5475
5475
5475
5475
5500
5487
5500
5487
5500
5487
5475
5462
5475
5462
5450
5462
5475
5450
5450
5437
5425
5387
5387
5362
5375
5350
5362
5350
5337
5325
5325
5312
5300
5312
5300
5312
5300
5312
5300
5312
5300
5312
5300
5312
5300
5312
5300
5312
5300
5312
5300
5312
5300
5312
5300
5312
5300
5312
5300
5312
5300
5312
5300
5312
5300
5312
5300
5287
5275
5262
5250
5237
5225
5212
5225
5212
5225
5237
5250
5237
5250
5237
5250
5237
5250
5237
5250
5237
5250
5237
5250
5237
5250
5225
5225
5225
5225
5225
5237
5250
5237
5250
5237
5250
5237
5250
5237
5250
5237
5250
5237
5225
5212
5200
5187
5175
5187
5175
5187
5175
5187
5175
5162
5125
5112
5087
5075
5087
5112
5125
5162
5200
5237
5275
5337
5400
5462
5525
5587
5662
5737
5812
5887
5925
5962
6000
6012
6000
6012
6025
6000
6000
6025
6025
6025
6062
6100
6112
6150
6162
6175
6162
6150
6137
6125
6112
6100
6112
6100
6087
6075
6062
6050
6037
6025
6012
6000
5987
5975
5987
5962
5937
5912
5887
5837
5825
5812
5800
5787
5775
5762
5750
5712
5700
5687
5662
5650
5662
5650
5662
5675
5687
5675
5687
5675
5662
5650
5637
5625
5612
5600
5587
5600
5575
5575
5600
5600
5575
5587
5575
5537
5500
5487
5450
5412
5400
5387
5350
5337
5325
5312
5325
5337
5350
5362
5375
5362
5375
5362
5375
5362
5350
5337
5325
5287
5275
5262
5250
5237
5250
5237
5262
5262
5287
5287
5312
5300
5312
5300
5312
5300
5287
5275
5262
5225
5212
5200
5187
5175
5187
5175
5187
5200
5212
5225
5237
5250
5237
5250
5237
5250
5237
5250
5237
5225
5212
5200
5187
5175
5162
5150
5137
5137
5125
5137
5125
5137
5125
5137
5125
5137
5125
5112
5100
5087
5075
5062
5075
5062
5050
5037
5025
4987
4975
4962
4950
4962
5000
5037
5100
5175
5225
5275
5325
5362
5400
5462
5525
5587
5625
5662
5687
5725
5737
5775
5787
5800
5812
5812
5825
5837
5850
5837
5837
5825
5812
5800
5787
5800
5775
5775
5750
5750
5725
5737
5725
5737
5725
5712
5700
5687
5687
5675
5687
5675
5687
5675
5687
5675
5687
5675
5662
5650
5637
5625
5600
5600
5562
5562
5537
5525
5512
5500
5475
5450
5450
5425
5437
5450
5462
5475
5487
5500
5487
5475
5462
5450
5412
5400
5375
5350
5325
5325
5300
5312
5300
5312
5300
5312
5325
5337
5350
5362
5375
5362
5375
5362
5375
5362
5375
5387
5400
5387
5400
5387
5375
5362
5350
5337
5325
5312
5300
5287
5275
5262
5225
5187
5175
5137
5137
5137
5150
5162
5175
5187
5175
5187
5175
5187
5175
5162
5150
5137
5137
5125
5137
5125
5112
5100
5087
5075
5062
5050
5037
5025
5012
5025
5037
5050
5062
5075
5062
5037
5025
5012
5000
4987
5012
5025
5037
5050
5062
5075
5087
5100
5112
5137
5175
5212
5275
5337
5375
5412
5450
5462
5475
5512
5525
5537
5575
5587
5600
5612
5600
5562
5525
5487
5450
5437
5450
5487
5525
5587
5637
5712
5787
5862
5937
6012
6075
6125
6187
6250
6312
6350
6387
6400
6412
6400
6412
6400
6412
6400
6412
6400
6412
6425
6437
6450
6462
6475
6462
6450
6437
6425
6412
6400
6387
6350
6312
6275
6237
6225
6212
6225
6212
6200
6187
6175
6150
6137
6125
6112
6100
6087
6050
6012
5975
5937
5925
5912
5925
5912
5900
5887
5900
5875
5875
5875
5850
5825
5812
5800
5787
5775
5762
5750
5737
5725
5737
5725
5712
5700
5687
5687
5675
5687
5675
5687
5675
5687
5675
5662
5650
5637
5625
5612
5625
5600
5600
5575
5575
5550
5575
5575
5575
5575
5575
5562
5550
5562
5537
5537
5512
5512
5487
5475
5462
5450
5437
5412
5412
5412
5412
5412
5425
5437
5450
5462
5475
5487
5500
5475
5475
5450
5450
5425
5437
5450
5450
5450
5450
5450
5450
5462
5475
5487
5500
5487
5500
5487
5500
5487
5500
5487
5500
5487
5475
5462
5450
5437
5425
5437
5425
5412
5400
5387
5375
5362
5350
5337
5325
5312
5300
5312
5325
5337
5350
5387
5425
5462
5525
5587
5637
5700
5762
5825
5887
5950
6012
6075
6125
6187
6250
6287
6337
6362
6387
6387
6412
6387
6387
6362
6362
6362
6375
6387
6400
6412
6425
6437
6450
6462
6475
6487
6500
6512
6525
6500
6475
6450
6425
6400
6387
6375
6350
6325
6325
6325
6300
6312
6287
6262
6237
6237
6212
6200
6187
6175
6150
6137
6125
6087
6050
6012
5975
5937
5925
5912
5925
5912
5925
5937
5975
5987
6025
6037
6050
6037
6025
6012
6000
5962
5950
5937
5900
5887
5875
5862
5850
5862
5850
5862
5850
5862
5850
5862
5850
5862
5837
5837
5837
5825
5812
5812
5812
5787
5800
5787
5800
5787
5800
5787
5800
5787
5800
5787
5800
5775
5775
5775
5775
5750
5762
5750
5737
5725
5737
5725
5737
5725
5737
5725
5737
5725
5737
5725
5712
5700
5687
5687
5675
5687
5687
5700
5687
5700
5712
5700
5712
5712
5712
5687
5662
5650
5637
5600
5587
5575
5537
5525
5512
5500
5487
5500
5487
5475
5462
5475
5462
5475
5487
5500
5487
5500
5487
5500
5487
5500
5475
5475
5450
5450
5425
5437
5425
5437
5425
5437
5425
5412
5412
5412
5412
5412
5437
5450
5462
5475
5487
5500
5512
5550
5587
5637
5700
5762
5825
5900
5975
6050
6112
6162
6200
6237
6275
6312
6350
6387
6387
6387
6362
6362
6337
6350
6337
6325
6312
6300
6262
6250
6237
6200
6187
6175
6175
6162
6150
6137
6125
6112
6100
6112
6100
6112
6100
6087
6050
6037
6000
5987
5975
5962
5950
5937
5925
5912
5925
5912
5900
5862
5850
5812
5800
5787
5800
5787
5800
5787
5775
5762
5775
5762
5750
5762
5750
5737
5725
5712
5700
5687
5662
5625
5612
5575
5537
5525
5500
5475
5475
5475
5450
5462
5450
5437
5425
5437
5425
5450
5437
5450
5437
5450
5425
5437
5425
5437
5425
5412
5400
5387
5337
5312
5287
5237
5212
5225
5212
5200
5212
5225
5212
5225
5237
5250
5237
5225
5212
5200
5187
5175
5187
5175
5187
5200
5212
5200
5212
5200
5187
5175
5162
5150
5137
5137
5137
5162
5162
5187
5175
5187
5175
5187
5175
5162
5150
5137
5137
5125
5112
5100
5112
5087
5087
5087
5087
5062
5075
5062
5075
5087
5112
5150
5212
5250
5312
5375
5437
5475
5550
5600
5637
5687
5762
5825
5887
5925
5962
6000
6037
6050
6087
6100
6112
6100
6112
6100
6112
6087
6087
6062
6062
6037
6025
6012
6000
5987
6000
6000
6000
6000
6000
5975
5987
5975
5987
5975
5987
5975
6000
6000
6025
6025
6050
6037
6025
6012
6000
5962
5925
5887
5850
5812
5775
5762
5750
5737
5725
5737
5725
5737
5725
5737
5725
5737
5725
5737
5725
5737
5725
5712
5700
5687
5687
5675
5687
5675
5662
5650
5637
5625
5612
5625
5612
5600
5587
5600
5587
5600
5612
5600
5587
5575
5562
5537
5537
5512
5512
5487
5500
5487
5500
5487
5500
5487
5475
5462
5450
5412
5400
5387
5375
5362
5350
5337
5325
5287
5275
5262
5250
5237
5250
5225
5225
5200
5200
5175
5187
5175
5187
5175
5187
5175
5162
5150
5137
5137
5125
5137
5125
5112
5100
5112
5087
5087
5087
5087
5062
5075
5062
5075
5062
5050
5037
5025
5012
5000
5012
5025
5025
5025
5050
5050
5050
5062
5075
5062
5075
5062
5075
5062
5075
5062
5050
5037
5025
4987
4987
4987
4962
4975
4975
4962
4975
4987
4987
5037
5062
5087
5137
5200
5250
5325
5400
5437
5487
5537
5587
5625
5700
5762
5800
5837
5875
5887
5900
5937
5950
5962
5975
5987
5975
5987
5975
5962
5950
5937
5925
5912
5900
5887
5875
5862
5837
5837
5812
5812
5775
5775
5750
5750
5725
5712
5675
5637
5612
5575
5562
5550
5562
5550
5562
5550
5562
5550
5537
5525
5512
5475
5462
5450
5412
5400
5387
5375
5362
5350
5337
5325
5287
5275
5262
5250
5237
5212
5200
5187
5150
5137
5137
5112
5100
5087
5075
5062
5050
5037
5025
5012
4987
4987
4987
4987
4987
5000
4987
4950
4937
4900
4862
4850
4837
4825
4812
4825
4812
4825
4812
4825
4812
4825
4812
4825
4800
4800
4800
4787
4775
4775
4775
4750
4762
4750
4737
4725
4712
4700
4687
4700
4712
4725
4737
4750
4762
4750
4762
4775
4775
4775
4775
4775
4750
4737
4700
4700
4675
4650
4650
4650
4650
4650
4662
4675
4687
4700
4712
4725
4712
4725
4712
4700
4687
4675
4662
4650
4625
4612
4600
4587
4575
4587
4575
4587
4600
4612
4625
4650
4687
4725
4762
4800
4837
4875
4925
5000
5075
5162
5262
5350
5437
5487
5537
5575
5587
5600
5612
5600
5562
5550
5512
5475
5462
5450
5412
5400
5387
5375
5362
5375
5362
5350
5337
5325
5287
5250
5212
5150
5087
5062
5025
5012
5000
4987
4987
4975
4962
4950
4962
4937
4950
4937
4925
4887
4875
4837
4800
4762
4750
4712
4675
4662
4650
4650
4637
4650
4650
4662
4675
4687
4700
4687
4700
4687
4675
4662
4650
4650
4637
4650
4637
4650
4650
4662
4650
4675
4675
4650
4625
4600
4575
4537
4525
4512
4525
4512
4525
4512
4525
4537
4550
4562
4575
4587
4575
4587
4575
4600
4587
4600
4587
4575
4550
4562
4550
4537
4550
4537
4525
4512
4525
4512
4500
4487
4500
4487
4500
4512
4525
4512
4525
4512
4525
4512
4525
4512
4525
4512
4525
4512
4525
4550
4562
4575
4612
4625
4625
4637
4650
4650
4662
4675
4687
4700
4687
4700
4687
4700
4687
4675
4662
4650
4650
4637
4650
4637
4650
4637
4650
4637
4625
4612
4625
4612
4625
4650
4687
4725
4787
4850
4912
4975
5037
5087
5150
5212
5275
5312
5362
5387
5412
5412
5437
5425
5437
5425
5437
5450
5450
5450
5475
5475
5475
5487
5500
5487
5500
5512
5525
5537
5550
5562
5575
5587
5600
5612
5625
5637
5650
5662
5675
5662
5625
5612
5575
5562
5550
5537
5500
5487
5450
5437
5425
5437
5425
5437
5450
5487
5500
5537
5550
5562
5550
5537
5525
5512
5500
5487
5500
5512
5550
5550
5575
5600
5600
5575
5587
5575
5537
5537
5537
5512
5512
5537
5525
5537
5550
5562
5550
5562
5550
5562
5550
5562
5550
5537
5500
5462
5425
5387
5375
5362
5375
5387
5400
5412
5425
5437
5425
5437
5425
5437
5425
5412
5400
5387
5375
5362
5350
