t = 60.000000, p = 245.000000
7175
7187
7162
7162
7162
7137
7112
7100
7087
7075
7062
7050
7037
7025
7012
7025
7012
7000
6987
6975
6975
6962
6975
6962
6975
6950
6962
6975
6987
6975
6987
6975
6937
6925
6912
6912
6912
6937
6937
6937
6925
6912
6900
6887
6900
6887
6900
6887
6900
6912
6925
6937
6975
7012
7062
7137
7225
7312
7412
7500
7587
7662
7750
7837
7925
8000
8087
8175
8262
8350
8412
8462
8500
8537
8575
8612
8650
8662
8650
8650
8650
8625
8625
8625
8612
8600
8587
8575
8562
8525
8512
8500
8462
8450
8437
8400
8387
8375
8362
8350
8337
8325
8312
8300
8287
8275
8237
8225
8187
8137
8087
8037
7962
7900
7837
7800
7750
7737
7712
7687
7662
7650
7637
7625
7612
7612
7612
7587
7587
7587
7575
7562
7575
7562
7575
7562
7575
7562
7575
7562
7575
7562
7550
7512
7500
7462
7425
7412
7400
7362
7350
7337
7325
7312
7325
7312
7300
7262
7250
7237
7225
7212
7200
7187
7162
7150
7137
7150
7137
7125
7112
7100
7087
7075
7087
7062
7062
7037
7037
7012
7000
6987
6975
6962
6950
6962
6950
6962
6975
6987
7000
7012
7025
7037
7075
7087
7125
7162
7200
7250
7337
7425
7512
7587
7662
7737
7825
7925
8025
8112
8200
8287
8375
8462
8550
8625
8700
8737
8775
8787
8800
8787
8762
8737
8700
8662
8650
8650
8625
8612
8600
8562
8525
8512
8500
8487
8475
8462
8450
8437
8425
8412
8400
8387
8362
8312
8287
8262
8225
8187
8150
8087
8025
7962
7900
7862
7825
7787
7775
7787
7775
7787
7800
7825
7825
7850
7850
7875
7862
7875
7862
7850
7837
7825
7787
7775
7787
7775
7787
7800
7812
7800
7787
7787
7787
7787
7787
7812
7800
7787
7775
7762
7737
7737
7725
7712
7700
7712
7675
7675
7650
7625
7600
7587
7575
7562
7550
7537
7525
7512
7487
7487
7462
7462
7437
7425
7412
7400
7387
7375
7387
7362
7362
7337
7337
7312
7325
7312
7325
7312
7300
7287
7275
7262
7250
7262
7250
7237
7200
7187
7162
7150
7137
7125
7112
7100
7062
7050
7037
7025
7012
7000
6987
6975
6962
6950
6962
6950
6962
6987
7012
7037
7087
7137
7175
7250
7325
7400
7475
7537
7612
7675
7762
7850
7950
8037
8125
8187
8262
8325
8387
8450
8487
8525
8562
8575
8587
8625
8637
8650
8662
8650
8612
8575
8537
8500
8487
8475
8462
8450
8437
8425
8412
8400
8387
8375
8362
8375
8375
8375
8375
8375
8350
8337
8287
8275
8237
8212
8175
8150
8087
8012
7937
7862
7787
7737
7712
7700
7687
7700
7687
7675
7662
7650
7612
7600
7587
7575
7587
7600
7612
7625
7612
7575
7562
7525
7487
7475
7462
7425
7412
7400
7387
7375
7362
7350
7337
7325
7312
7300
7250
7225
7175
7162
7125
7125
7100
7100
7075
7062
7062
7062
7037
7037
7037
7025
7037
7037
7037
7037
7037
7012
7025
7012
7025
7000
7000
6975
6950
6937
6937
6912
6912
6912
6912
6912
6937
6937
6937
6900
6887
6850
6837
6825
6812
6800
6787
6775
6762
6775
6762
6775
6787
6800
6812
6850
6887
6925
6987
7050
7112
7162
7225
7287
7362
7437
7512
7587
7662
7737
7812
7887
7962
8037
8112
8175
8250
8325
8362
8400
8437
8450
8462
8475
8487
8475
8487
8462
8462
8437
8412
8387
8362
8312
8287
8262
8225
8187
8150
8087
8012
7962
7912
7887
7862
7850
7837
7825
7787
7750
7712
7662
7600
7537
7500
7450
7400
7350
7325
7275
7237
7225
7237
7225
7212
7225
7237
7250
7262
7300
7312
7325
7312
7300
7287
7275
7262
7237
7237
7212
7212
7200
7212
7200
7212
7200
7187
7150
7112
7050
7012
6975
6937
6925
6912
6900
6887
6900
6887
6900
6887
6875
6862
6850
6837
6825
6837
6825
6812
6800
6787
6775
6787
6800
6787
6800
6787
6750
6737
6725
6725
6712
6725
6712
6725
6712
6700
6687
6675
6662
6650
6637
6625
6612
6600
6587
6600
6587
6600
6612
6650
6700
6775
6862
6950
7025
7100
7175
7250
7325
7400
7475
7550
7625
7700
7787
7875
7950
8025
8062
8112
8162
8200
8225
8275
8287
8300
8287
8300
8287
8300
8287
8275
8262
8250
8225
8212
8200
8187
8175
8187
8175
8187
8175
8162
8125
8087
8050
8000
7975
7950
7950
7912
7912
7887
7862
7837
7825
7787
7775
7762
7737
7725
7712
7675
7662
7675
7662
7675
7712
7725
7737
7750
7762
7762
7775
7787
7800
7812
7800
7812
7800
7787
7775
7762
7762
7737
7737
7712
7712
7687
7675
7662
7637
7612
7587
7587
7562
7575
7550
7550
7525
7500
7475
7462
7450
7437
7450
7437
7425
7412
7425
7412
7425
7437
7450
7437
7425
7412
7400
7387
7375
7387
7375
7387
7375
7362
7350
7337
7325
7312
7300
7287
7275
7262
7237
7237
7237
7225
7212
7212
7212
7200
7212
7212
7225
7237
7275
7312
7362
7437
7512
7587
7662
7737
7812
7887
7962
8050
8112
8175
8262
8362
8437
8550
8650
8725
8787
8850
8900
8912
8950
8987
9000
9012
9025
9037
9025
9012
8975
8975
8937
8925
8912
8925
8900
8887
8875
8862
8850
8837
8825
8812
8800
8775
8762
8750
8737
8725
8737
8725
8737
8712
8687
8662
8637
8587
8550
8512
8450
8412
8362
8312
8287
8262
8225
8212
8200
8162
8150
8162
8137
8137
8137
8137
8112
8125
8112
8125
8100
8100
8100
8100
8100
8112
8125
8100
8100
8100
8100
8100
8112
8100
8087
8075
8062
8037
8037
8012
7987
7962
7937
7912
7887
7862
7837
7825
7787
7775
7762
7737
7700
7687
7650
7637
7625
7612
7575
7562
7512
7487
7462
7462
7437
7450
7437
7450
7437
7425
7412
7400
7362
7350
7325
7300
7275
7275
7250
7262
7250
7262
7250
7262
7237
7212
7200
7175
7137
7100
7087
7037
7025
7012
7025
7012
7025
7037
7050
7062
7100
7137
7162
7225
7287
7362
7437
7512
7600
7675
7750
7837
7937
8025
8112
8187
8262
8325
8400
8475
8550
8625
8700
8737
8775
8787
8800
8787
8775
8737
8725
8712
8700
8712
8725
8712
8700
8687
8675
8662
8675
8662
8650
8637
8612
8587
8562
8537
8487
8450
8412
8362
8337
8337
8325
8287
8262
8212
8150
8087
8025
7962
7925
7875
7825
7800
7775
7737
7700
7687
7650
7612
7600
7587
7587
7587
7612
7612
7637
7625
7612
7600
7612
7600
7587
7600
7587
7550
7537
7525
7512
7500
7512
7500
7487
7475
7462
7450
7437
7425
7412
7400
7362
7350
7337
7300
7262
7250
7212
7187
7175
7162
7150
7137
7125
7112
7100
7062
7062
7062
7062
7062
7087
7075
7087
7075
7087
7075
7087
7075
7087
7075
7062
7025
7012
6975
6962
6950
6962
6950
6937
6937
6937
6912
6912
6912
6900
6887
6900
6887
6900
6887
6900
6887
6900
6887
6900
6887
6900
6912
6950
6987
7025
7087
7125
7162
7212
7287
7362
7475
7550
7637
7712
7787
7850
7950
8012
8075
8137
8200
8262
8350
8437
8512
8550
8587
8600
8587
8575
8562
8550
8537
8525
8512
8500
8462
8450
8437
8425
8412
8387
8362
8337
8287
8262
8250
8225
8187
8175
8137
8125
8112
8100
8100
8100
8075
8050
8025
7987
7950
7912
7875
7837
7775
7712
7687
7637
7587
7562
7537
7512
7500
7512
7525
7537
7550
7562
7575
7562
7575
7562
7575
7562
7550
7537
7525
7487
7475
7462
7450
7437
7425
7412
7400
7362
7350
7337
7325
7312
7300
7262
7250
7212
7212
7200
7187
7175
7162
7150
7137
7125
7087
7075
7037
7025
7012
7025
7012
7000
7000
7000
7000
7000
7000
6987
7000
6987
7000
7012
7025
7012
7000
6987
6975
6937
6925
6912
6900
6887
6875
6862
6850
6812
6800
6787
6750
6737
6750
6737
6725
6737
6725
6725
6712
6725
6712
6700
6687
6675
6662
6650
6637
6625
6637
6625
6612
6625
6637
6650
6687
6762
6837
6912
7000
7075
7162
7250
7337
7425
7500
7587
7662
7750
7825
7900
7962
8025
8100
8162
8212
8262
8312
8350
8362
8400
8412
8425
8437
8450
8462
8475
8487
8475
8462
8450
8437
8400
8362
8350
8312
8300
8312
8325
8337
8337
8337
8312
8287
8262
8250
8225
8187
8175
8137
8100
8062
8025
7962
7925
7875
7850
7825
7800
7775
7762
7725
7700
7675
7650
7625
7637
7625
7637
7625
7637
7650
7662
7675
7687
7700
7687
7700
7687
7700
7687
7675
7662
7650
7637
7625
7637
7625
7637
7612
7612
7587
7562
7537
7525
7487
7475
7462
7450
7425
7425
7400
7400
7375
7387
7375
7387
7362
7362
7337
7337
7300
7300
7275
7275
7250
7262
7250
7275
7275
7275
7275
7300
7287
7300
7312
7325
7312
7325
7312
7300
7287
7275
7262
7250
7262
7250
7262
7250
7262
7250
7262
7250
7262
7250
7262
7250
7262
7250
7262
7250
7262
7250
7262
7250
7262
7250
7262
7287
7312
7337
7400
7462
7512
7600
7687
7787
7887
7987
8075
8150
8200
8262
8325
8400
8475
8550
8625
8700
8775
8850
8925
8975
9012
9050
9062
9075
9087
9100
9087
9100
9087
9100
9087
9075
9037
9025
8987
8975
8962
8975
8962
8950
8937
8925
8912
8900
8912
8900
8912
8887
8887
8887
8875
8862
8862
8862
8825
8825
8800
8775
8737
8700
8637
8575
8512
8450
8387
8325
8287
8250
8225
8212
8200
8187
8175
8162
8150
8137
8125
8112
8100
8087
8075
8062
8050
8062
8050
8062
8050
8037
8025
8012
8000
7987
7975
7962
7950
7912
7900
7887
7850
7850
7850
7825
7800
7800
7762
7762
7750
7762
7750
7737
7725
7712
7675
7662
7650
7612
7575
7562
7525
7512
7500
7512
7500
7512
7500
7487
7475
7462
7425
7412
7400
7387
7400
7412
7425
7437
7450
7437
7425
7412
7400
7362
7325
7312
7275
7262
7237
7237
7212
7212
7200
7212
7212
7225
7237
7250
7262
7250
7262
7275
7287
7312
7362
7412
7475
7562
7637
7712
7800
7875
7950
8037
8112
8175
8250
8325
8387
8450
8512
8575
8650
8712
8787
8862
8937
8975
9025
9050
9075
9075
9100
9075
9075
9050
9062
9050
9075
9075
9100
9087
9075
9062
9050
9012
8975
8962
8925
8887
8875
8862
8850
8837
8850
8837
8850
8825
8825
8787
8750
8725
8700
8650
8612
8600
8562
8525
8487
8450
8387
8325
8262
8200
8150
8112
8075
8037
8025
8012
7975
7975
7975
7975
7975
8000
7987
8000
7987
8000
7987
8000
7987
7975
7962
7950
7912
7900
7887
7850
7812
7800
7762
7762
7750
7737
7737
7725
7712
7700
7712
7687
7675
7662
7650
7637
7625
7612
7575
7562
7525
7487
7475
7462
7450
7437
7450
7437
7450
7437
7425
7412
7400
7387
7375
7387
7375
7362
7350
7362
7350
7362
7375
7387
7375
7387
7375
7362
7350
7337
7325
7300
7300
7275
7275
7250
7237
7237
7237
7237
7237
7262
7250
7262
7250
7262
7250
7262
7275
7312
7350
7412
7475
7537
7612
7675
7762
7850
7950
8037
8125
8200
8287
8375
8462
8550
8637
8712
8800
8887
8975
9025
9075
9112
9125
9137
9150
9175
9175
9175
9175
9175
9137
9125
9100
9075
9050
9050
9025
9012
9000
8987
8950
8912
8900
8862
8825
8812
8800
8775
8762
8750
8700
8675
8637
8600
8562
8537
8487
8450
8387
8325
8287
8250
8225
8212
8187
8162
8137
8112
8087
8100
8087
8075
8087
8075
8062
8050
8062
8050
8062
8050
8037
8000
7962
7925
7887
7850
7837
7825
7787
7775
7762
7762
7750
7737
7725
7712
7675
7675
7662
7625
7587
7550
7500
7462
7450
7437
7425
7412
7400
7387
7375
7387
7375
7362
7362
7362
7362
7350
7362
7337
7337
7312
7300
7287
7275
7262
7250
7237
7225
7212
7187
7175
7162
7125
7112
7100
7087
7075
7087
7075
7062
7050
7037
7025
7012
7025
7012
7025
7037
7050
7062
7100
7137
7175
7250
7325
7400
7475
7550
7625
7687
7775
7875
7962
8050
8137
8200
8275
8350
8425
8500
8575
8650
8712
8787
8862
8912
8925
8937
8950
8937
8925
8937
8925
8887
8850
8837
8800
8800
8787
8775
8762
8750
8737
8725
8737
8712
8712
8687
8662
8612
8600
8562
8525
8487
8475
8437
8425
8412
8425
8412
8400
8387
8375
8337
8325
8312
8275
8225
8175
8112
8037
7987
7950
7912
7875
7837
7800
7762
7762
7750
7762
7750
7762
7750
7737
7725
7737
7725
7712
7725
7712
7700
7712
7712
7712
7712
7687
7662
7650
7637
7625
7612
7600
7587
7575
7562
7550
7537
7525
7487
7475
7462
7450
7437
7450
7437
7425
7412
7400
7387
7362
7362
7337
7312
7287
7275
7237
7225
7212
7187
7175
7162
7150
7137
7150
7137
7150
7137
7150
7137
7150
7137
7125
7112
7125
7100
7100
7100
7100
7075
7062
7050
7037
7025
7012
7025
7012
7025
7012
7000
6987
6975
6962
6950
6962
6950
6962
6950
6962
6950
6975
6975
6975
6975
7000
6987
7000
7012
7025
7037
7075
7112
7162
7225
7300
7375
7450
7525
7600
7662
7712
7775
7837
7912
7987
8075
8150
8237
8312
8387
8450
8512
8575
8637
8700
8750
8800
8825
8850
8837
8825
8812
8787
8775
8750
8750
8725
8737
8725
8737
8725
8712
8700
8687
8650
8612
8575
8537
8500
8462
8425
8412
8375
8337
8325
8312
8262
8237
8212
8175
8125
8087
8050
8012
7975
7937
7925
7887
7850
7837
7825
7812
7800
7787
7775
7762
7762
7750
7762
7762
7775
7787
7800
7812
7787
7787
7762
7737
7725
7712
7700
7687
7700
7687
7700
7687
7700
7687
7675
7662
7650
7637
7625
7637
7625
7612
7600
7587
7550
7537
7525
7512
7500
7512
7500
7512
7500
7512
7500
7487
7475
7462
7450
7437
7425
7412
7400
7387
7375
7387
7375
7387
7375
7387
7375
7387
7400
7400
7400
7400
7400
7375
7362
7350
7337
7325
7312
7300
7287
7275
7262
7250
7237
7225
7212
7212
7200
7212
7200
7212
7200
7212
7200
7212
7200
7212
7212
7262
7312
7387
7462
7550
7637
7750
7862
7975
8075
8162
8250
8350
8462
8575
8662
8750
8812
8862
8912
8962
9000
9037
9075
9087
9100
9112
9125
9112
9125
9112
9075
9062
9050
9012
8975
8962
8925
8912
8900
8887
8875
8862
8850
8837
8850
8837
8825
8787
8775
8750
8712
8675
8637
8575
8537
8500
8450
8425
8400
8350
8300
8262
8200
8150
8112
8075
8037
8025
8012
7975
7962
7950
7912
7912
7912
7912
7912
7937
7950
7962
7950
7962
7950
7937
7925
7937
7925
7912
7900
7887
7850
7837
7825
7812
7800
7787
7775
7762
7762
7750
7737
7725
7712
7675
7637
7625
7587
7575
7562
7575
7562
7550
7537
7525
7512
7500
7512
7500
7487
7475
7462
7450
7437
7450
7437
7450
7437
7425
7412
7400
7387
7375
7387
7375
7387
7375
7387
7400
7412
7425
7437
7450
7462
7500
7537
7600
7675
7762
7862
7962
8075
8150
8250
8337
8437
8537
8637
8725
8837
8937
9025
9112
9187
9250
9287
9325
9337
9350
9337
9350
9337
9325
9312
9300
9262
9225
9187
9150
9100
9075
9050
9050
9025
9037
9025
9012
9000
8975
8962
8937
8937
8912
8900
8850
8812
8750
8700
8637
8575
8512
8450
8387
8325
8287
8250
8225
8212
8200
8162
8150
8162
8150
8162
8175
8187
8175
8187
8175
8162
8150
8162
8150
8162
8175
8162
8150
8137
8100
8087
8075
8062
8050
8062
8050
8062
8050
8062
8050
8062
8050
8062
8050
8037
8025
8012
8000
7987
8000
7987
7975
7937
7937
7912
7887
7862
7837
7800
7762
7762
7750
7737
7725
7712
7675
7662
7650
7637
7625
7612
7600
7587
7575
7562
7587
7575
7587
7575
7587
7562
7575
7562
7575
7562
7550
7537
7525
7512
7500
7487
7475
7462
7450
7437
7425
7412
7400
7387
7375
7387
7375
7387
7400
7412
7425
7437
7450
7437
7450
7437
7462
7487
7537
7587
7662
7750
7837
7937
8050
8150
8250
8362
8462
8562
8650
8725
8800
8887
8975
9062
9150
9237
9287
9325
9350
9362
9375
9387
9400
9387
9375
9362
9350
9350
9337
9350
9337
9325
9275
9250
9187
9150
9112
9087
9062
9050
9012
9000
8975
8950
8925
8900
8850
8837
8800
8775
8737
8700
8637
8575
8512
8450
8387
8350
8312
8275
8237
8200
8175
8137
8125
8112
8100
8087
8075
8062
8050
8037
8025
8012
7975
7962
7950
7937
7912
7912
7887
7887
7862
7850
7837
7825
7787
7750
7737
7712
7700
7687
7675
7662
7650
7600
7575
7575
7550
7525
7537
7525
7512
7487
7487
7462
7462
7437
7450
7437
7425
7387
7350
7312
7275
7262
7250
7237
7225
7212
7212
7200
7212
7200
7212
7200
7212
7200
7187
7175
7187
7162
7162
7162
7162
7137
7150
7137
7150
7137
7150
7137
7150
7137
7125
7112
7100
7087
7075
7087
7075
7087
7100
7137
7150
7187
7212
7250
7287
7350
7412
7487
7562
7637
7700
7787
7862
7937
8012
8100
8162
8250
8337
8425
8500
8575
8637
8700
8750
8812
8875
8937
8975
8987
9000
9012
9000
8987
9000
8987
8950
8937
8925
8912
8900
8912
8900
8912
8900
8887
8875
8862
8850
8837
8825
8787
8775
8737
8687
8637
8587
8512
8450
8387
8325
8287
8250
8225
8187
8150
8112
8075
8037
8025
8012
8000
8012
8012
8012
8037
8025
8012
8037
8037
8037
8050
8062
8050
8062
8050
8037
8025
8012
7975
7962
7950
7912
7900
7887
7875
7862
7875
7862
7850
7812
7800
7750
7737
7737
7737
7712
7700
7687
7650
7637
7625
7637
7625
7612
7600
7587
7550
7537
7525
7512
7500
7512
7500
7512
7500
7512
7500
7512
7500
7487
7475
7487
7475
7487
7500
7512
7500
7487
7487
7487
7462
7462
7487
7475
7462
7475
7462
7450
7437
7450
7437
7450
7437
7450
7437
7450
7437
7450
7437
7450
7462
7475
7500
7550
7600
7650
7712
7775
7850
7925
8000
8087
8162
8237
8312
8400
8475
8550
8625
8700
8775
8850
8925
9000
9062
9125
9187
9250
9287
9325
9337
9350
9337
9350
9337
9325
9312
9325
9312
9300
9312
9300
9287
9275
9262
9225
9187
9150
9112
9075
9062
9050
9012
9000
8987
8975
8962
8950
8937
8925
8875
8850
8825
8775
8737
8725
8687
8637
8612
8587
8537
8487
8450
8412
8375
8337
8300
8287
8250
8250
8237
8250
8250
8250
8250
8250
8250
8237
8250
8237
8225
8225
8225
8200
8200
8200
8187
8175
8162
8150
8125
8100
8062
8050
8012
8012
7987
7975
7962
7950
7912
7875
7862
7825
7787
7775
7762
7762
7750
7737
7700
7687
7650
7637
7625
7612
7600
7587
7575
7562
7575
7562
7575
7562
7575
7562
7575
7562
7575
7562
7575
7562
7575
7562
7575
7562
7550
7537
7525
7487
7475
7462
7450
7462
7500
7550
7625
7687
7775
7862
7937
8025
8112
8200
8287
8387
8475
8550
8625
8700
8750
8812
8875
8937
9000
9075
9150
9200
9250
9275
9287
9300
9312
9325
9337
9350
9337
9350
9337
9350
9337
9325
9312
9300
9262
9250
9237
9200
9187
9175
9137
9100
9087
9037
9012
8987
8962
8937
8925
8887
8850
8812
8750
8725
8687
8650
8612
8575
8512
8450
8387
8325
8262
8225
8200
8187
8175
8162
8150
8137
8125
8112
8100
8087
8100
8087
8100
8112
8137
8137
8137
8137
8137
8100
8100
8087
8075
8062
8050
8025
8012
7975
7962
7950
7912
7875
7837
7812
7775
7762
7750
7737
7725
7712
7700
7687
7675
7637
7625
7575
7550
7525
7525
7500
7512
7500
7487
7475
7487
7475
7487
7500
7512
7500
7512
7500
7512
7487
7487
7487
7487
7487
7500
7512
7500
7512
7500
7487
7487
7487
7487
7487
7487
7475
7462
7450
7437
7425
7387
7387
7362
7362
7387
7437
7475
7537
7600
7675
7762
7850
7937
8025
8087
8150
8225
8300
8375
8462
8537
8625
8700
8800
8887
8950
9000
9050
9087
9100
9150
9162
9175
9187
9200
9175
9187
9175
9137
9100
9062
9025
8987
8950
8937
8925
8887
8887
8887
8887
8875
8887
8862
8837
8787
8750
8725
8687
8650
8612
8575
8512
8450
8412
8375
8325
8300
8275
8212
8162
8137
8087
8037
8000
8000
7975
7950
7950
7950
7950
7950
7987
8000
8037
8025
8037
8012
7987
7962
7950
7937
7925
7937
7925
7937
7925
7912
7900
7887
7875
7862
7850
7837
7825
7787
7750
7737
7712
7675
7662
7650
7612
7600
7575
7550
7512
7500
7487
7487
7462
7475
7462
7425
7387
7375
7337
7300
7287
7275
7262
7250
7262
7250
7237
7225
7237
7250
7262
7300
7312
7300
7287
7275
7275
7262
7275
7262
7275
7237
7237
7212
7187
7175
7150
7125
7125
7125
7125
7137
7150
7137
7150
7137
7150
7137
7125
7112
7125
7112
7125
7137
7150
7162
7175
7187
7237
7287
7350
7437
7512
7587
7662
7712
7787
7862
7937
8012
8087
8150
8200
8275
8325
8375
8425
8475
8512
8575
8612
8650
8662
8650
8650
8650
8625
8625
8625
8587
8575
8562
8525
8487
8475
8437
8400
8387
8375
8337
8325
8312
8275
8262
8250
8225
8212
8200
8162
8125
8087
8050
8000
7950
7900
7850
7775
7712
7662
7625
7575
7550
7550
7550
7550
7562
7550
7537
7550
7525
7525
7550
7537
7525
7550
7550
7550
7562
7550
7537
7525
7487
7450
7450
7412
7400
7387
7400
7375
7387
7375
7362
7350
7337
7325
7312
7325
7312
7300
7262
7250
7212
7212
7200
7212
7212
7225
7237
7250
7262
7250
7262
7250
7262
7250
7237
7200
7187
7187
7175
7187
7200
7212
7200
7187
7175
7162
7125
7112
7100
7087
7075
7087
7100
7112
7125
7137
7162
7162
7187
7200
7250
7287
7350
7412
7487
7575
7662
7762
7862
7950
8025
8087
8150
8225
8300
8375
8450
8512
8575
8637
8700
8750
8812
8837
8862
8862
8862
8837
8850
8837
8825
8812
8800
8775
8762
8750
8712
8675
8662
8612
8587
8562
8562
8537
8525
8512
8500
8462
8450
8425
8375
8325
8300
8250
8250
8237
8225
8187
8150
8087
8025
7987
7950
7912
7875
7862
7825
7787
7775
7762
7762
7750
7762
7750
7762
7750
7762
7750
7762
7750
7762
7750
7762
7750
7762
7750
7737
7725
7737
7725
7712
7725
7712
7675
7625
7600
7575
7550
7550
7562
7550
7537
7525
7512
7500
7487
7475
7487
7475
7462
7475
7462
7425
7425
7412
7400
7387
7400
7375
7387
7375
7387
7375
7387
7375
7387
7375
7362
7350
7337
7325
7312
7325
7312
7325
7312
7325
7312
7325
7312
7325
7312
7325
7312
7300
7287
7275
7237
7225
7212
7212
7200
7187
7175
7162
7150
7137
7150
7137
7150
7137
7150
7137
7150
7162
7187
7237
7312
7400
7500
7600
7700
7800
7900
7987
8062
8137
8225
8312
8400
8487
8575
8637
8700
8737
8775
8787
8812
8825
8837
8850
8837
8825
8787
8775
8750
8712
8700
8687
8675
8662
8650
8637
8625
8587
8575
8550
8525
8500
8475
8450
8437
8425
8412
8400
8362
8325
8262
8200
8150
8087
8025
7962
7900
7862
7825
7787
7775
7762
7762
7750
7737
7725
7712
7700
7687
7700
7687
7700
7712
7725
7712
7725
7712
7700
7687
7675
7662
7650
7637
7625
7637
7612
7612
7587
7562
7512
7500
7462
7450
7437
7425
7425
7412
7400
7387
7400
7375
7387
7375
7387
7362
7362
7337
7337
7312
7325
7312
7325
7312
7325
7312
7325
7312
7300
7287
7300
7275
7275
7275
7275
7250
7262
7250
7262
7250
7262
7250
7262
7250
7262
7250
7237
7225
7212
7212
7200
7187
7187
7187
7187
7187
7212
7212
7250
7300
7375
7450
7537
7625
7712
7812
7912
8012
8100
8200
8287
8375
8450
8512
8575
8637
8700
8750
8787
8837
8862
8887
8912
8937
8950
8962
8950
8937
8925
8912
8900
8912
8900
8887
8850
8837
8800
8775
8737
8725
8687
8675
8662
8675
8662
8650
8637
8625
8587
8550
8512
8475
8437
8400
8362
8325
8262
8200
8150
8087
8025
7962
7925
7887
7850
7837
7850
7837
7850
7862
7875
7862
7875
7862
7850
7837
7825
7812
7800
7812
7800
7787
7775
7762
7762
7750
7762
7750
7762
7750
7737
7725
7712
7700
7687
7675
7662
7650
7637
7625
7612
7600
7587
7550
7537
7512
7487
7462
7437
7412
7400
7387
7375
7362
7350
7337
7325
7312
7325
7300
7300
7275
7250
7237
7237
7237
7237
7262
7250
7262
7250
7237
7225
7212
7187
7175
7162
7150
7137
7125
7087
7075
7037
7000
6987
6975
6937
6925
6912
6875
6862
6850
6837
6850
6862
6887
6937
6962
7000
7062
7112
7150
7225
7287
7350
7425
7500
7575
7650
7712
7775
7837
7900
7962
8025
8087
8150
8200
8275
8325
8375
8400
8425
8412
8425
8412
8425
8412
8400
8387
8375
8337
8325
8312
8300
8287
8275
8262
8250
8250
8237
8225
8212
8200
8162
8150
8137
8100
8062
8025
7987
7950
7912
7875
7837
7800
7750
7712
7662
7600
7512
7462
7412
7387
7375
7387
7375
7387
7375
7400
7400
7400
7400
7400
7362
7350
7337
7300
7287
7275
7262
7250
7262
7250
7262
7250
7237
7200
7187
7162
7150
7137
7125
7112
7087
7062
7037
7037
7012
7037
7025
7012
7000
6987
6937
6925
6912
6900
6887
6875
6875
6875
6875
6875
6900
6887
6900
6887
6900
6887
6900
6887
6875
6862
6875
6850
6850
6850
6850
6825
6837
6825
6812
6800
6787
6775
6762
6775
6762
6775
6762
6750
6737
6750
6737
6750
6762
6775
6787
6837
6887
6975
7062
7162
7250
7350
7437
7512
7600
7675
7762
7850
7937
8012
8087
8150
8200
8262
8325
8362
8412
8437
8462
8462
8462
8450
8437
8425
8412
8425
8412
8425
8412
8425
8412
8400
8387
8375
8337
8325
8312
8275
8275
8275
8250
8225
8200
8175
8137
8100
8062
8025
7962
7900
7862
7825
7812
7800
7787
7775
7787
7775
7787
7800
7812
7800
7812
7825
7837
7850
7862
7875
7862
7875
7862
7875
7862
7850
7812
7800
7762
7762
7750
7762
7750
7737
7725
7712
7700
7687
7712
7700
7712
7700
7687
7662
7650
7612
7575
7562
7550
7537
7550
7562
7575
7562
7550
7537
7525
7487
7475
7462
7450
7437
7450
7437
7450
7437
7450
7437
7425
7412
7400
7387
7375
7362
7325
7287
7250
7212
7212
7200
7212
7200
7187
7175
7150
7125
7125
7125
7100
7112
7125
7112
7125
7162
7187
7225
7287
7362
7437
7525
7612
7700
7800
7900
7987
8087
8162
8250
8337
8425
8475
8525
8575
8600
8625
8675
8700
8725
8750
8750
8750
8775
8762
8750
8762
8750
8737
8725
8712
8700
8687
8650
8637
8625
8587
8550
8537
8500
8462
8450
8437
8387
8362
8337
8287
8262
8237
8200
8150
8100
8050
8012
7975
7937
7925
7912
7887
7862
7862
7837
7812
7800
7812
7825
7837
7850
7862
7875
7862
7875
7862
7850
7812
7800
7762
7737
7725
7712
7700
7687
7700
7687
7675
7662
7650
7637
7625
7637
7625
7612
7600
7587
7575
7562
7575
7562
7575
7562
7550
7537
7550
7525
7537
7550
7537
7525
7525
7512
7525
7525
7525
7525
7525
7487
7487
7462
7462
7437
7450
7437
7450
7437
7425
7412
7400
7387
7375
7362
7350
7337
7300
7287
7275
7262
7250
7262
7250
7262
7250
7237
7225
7212
7212
7212
7250
7287
7350
7412
7475
7537
7612
7687
7775
7862
7962
8050
8125
8200
8287
8375
8462
8550
8625
8700
8750
8787
8825
8837
8825
8812
8800
8800
8787
8775
8762
8737
8712
8687
8687
8662
8650
8612
8600
8562
8550
8537
8525
8512
8500
8462
8425
8387
8325
8287
8250
8225
8187
8150
8087
8025
7962
7925
7875
7850
7825
7825
7800
7812
7800
7812
7825
7837
7825
7837
7825
7787
7775
7787
7775
7762
7775
7762
7737
7725
7712
7700
7687
7700
7687
7675
7662
7650
7637
7625
7637
7612
7612
7587
7587
7562
7575
7562
7550
7537
7525
7512
7500
7487
7475
7462
7425
7412
7400
7387
7375
7387
7375
7387
7375
7387
7375
7362
7350
7337
7325
7312
7325
7312
7300
7287
7300
7287
7275
7287
7262
7237
7212
7187
7150
7137
7100
7087
7075
7087
7075
7062
7012
6987
6937
6912
6887
6900
6912
6950
6987
7050
7112
7162
7237
7312
7387
7462
7537
7600
7662
7737
7825
7912
8000
8075
8150
8200
8237
8275
8312
8325
8337
8350
8362
8350
8337
8300
8287
8250
8225
8187
8175
8162
8137
8137
8137
8112
8087
8075
8037
8000
7962
7925
7887
7875
7862
7850
7812
7800
7762
7737
7700
7662
7600
7537
7475
7437
7400
7387
7375
7387
7362
7362
7337
7337
7312
7325
7312
7300
7287
7275
7262
7250
7262
7250
7262
7250
7262
7250
7262
7250
7237
7225
7212
7212
7200
7187
7175
7150
7125
7100
7100
7075
7062
7062
7050
7037
7025
7037
7012
7000
6987
6975
6962
6950
6962
6950
6962
6950
6937
6925
6912
6900
6887
6900
6887
6900
6887
6875
6862
6850
6837
6825
6837
6825
6837
6825
6837
6825
6837
6825
6812
6800
6787
6775
6787
6800
6812
6825
6837
6850
6887
6925
6987
7050
7112
7187
7262
7337
7412
7475
7537
7600
7662
7737
7812
7887
7962
8037
8112
8175
8250
8300
8337
8350
8375
8375
8400
8400
8400
8387
8375
8337
8300
8287
8237
8225
8200
8200
8175
8200
8200
8200
8200
8200
8162
8150
8137
8125
8112
8100
8087
8075
8037
8025
8012
7975
7962
7950
7912
7875
7837
7775
7712
7687
7650
7637
7650
7687
7700
7737
7750
7762
7750
7762
7762
7800
7812
7850
7862
7875
7862
7875
7862
7875
7862
7875
7862
7850
7837
7825
7812
7800
7812
7800
7812
7825
7837
7825
7837
7825
7812
7800
7787
7775
7762
7762
7750
7737
7725
7712
7675
7662
7650
7637
7625
7637
7625
7637
7625
7637
7625
7637
7625
7612
7575
7562
7525
7512
7500
7512
7500
7487
7475
7462
7450
7437
7450
7437
7425
7412
7387
7362
7337
7337
7312
7325
7312
7325
7337
7350
7362
7400
7437
7475
7550
7625
7737
7850
7962
8075
8162
8237
8312
8400
8475
8550
8625
8700
8737
8775
8787
8800
8787
8800
8775
8775
8750
8750
8725
8712
8675
8637
8600
8562
8525
8512
8500
8487
8462
8462
8437
8437
8412
8400
8350
8325
8275
8250
8237
8225
8187
8175
8125
8100
8075
8050
8000
7987
7950
7912
7900
7887
7850
7837
7850
7825
7825
7850
7850
7850
7862
7875
7887
7900
7912
7925
7912
7900
7887
7875
7862
7875
7862
7887
7875
7900
7900
7900
7887
7887
7850
7837
7825
7812
7787
7787
7762
7737
7725
7712
7700
7687
7675
7662
7650
7637
7625
7637
7625
7600
7575
7575
7550
7525
7537
7525
7512
7500
7512
7500
7512
7500
7487
7475
7487
7475
7462
7475
7487
7475
7462
7475
7462
7450
7437
7450
7437
7450
7437
7425
7412
7400
7362
7350
7337
7300
7287
7275
7262
7250
7262
7275
7312
7350
7412
7475
7537
7600
7662
7712
7787
7862
7937
8012
8087
8150
8200
8262
8325
8387
8450
8525
8575
8625
8650
8675
8687
8725
8737
8775
8787
8800
8787
8775
8762
8750
8712
8700
8687
8675
8662
8675
8662
8675
8662
8650
8650
8637
8625
8612
8625
8587
8587
8562
8537
8487
8450
8387
8350
8300
8275
8250
8225
8212
8200
8162
8125
8112
8075
8037
8000
7987
7950
7937
7925
7937
7925
7937
7950
7962
7975
7987
8000
7987
8000
7987
8000
7987
7975
7962
7950
7937
7925
7937
7925
7937
7925
7937
7925
7937
7925
7912
7900
7887
7875
7862
7850
7837
7825
7787
7775
7762
7762
7750
7762
7750
7737
7725
7712
7675
7675
7675
7650
7650
7650
7612
7600
7587
7550
7537
7525
7512
7500
7487
7475
7487
7475
7462
7475
7462
7450
7437
7425
7412
7400
7362
7350
7337
7300
7287
7275
7262
7250
7237
7225
7212
7187
7175
7162
7125
7112
7125
7137
7187
7262
7337
7412
7475
7537
7600
7662
7712
7775
7850
7925
8000
8075
8150
8237
8325
8412
8500
8587
8637
8662
8687
8687
8675
8662
8675
8650
8650
8625
8625
8600
8587
8575
8562
8525
8487
8475
8462
8437
8450
8450
8450
8425
8412
8387
8375
8362
8350
8362
8350
8337
8325
8312
8300
8287
8275
8237
8200
8150
8112
8075
8037
8025
8012
7962
7937
7900
7862
7825
7800
7775
7762
7737
7725
7712
7700
7687
7700
7687
7700
7687
7675
7675
7675
7650
7650
7650
7637
7612
7612
7587
7587
7562
7550
7512
7500
7462
7425
7412
7400
7362
7350
7337
7300
7262
7250
7212
7212
7200
7212
7200
7212
7200
7212
7200
7212
7200
7212
7200
7212
7200
7212
7200
7187
7175
7162
7150
7162
7162
7162
7162
7162
7137
7125
7112
7100
7087
7075
7087
7075
7087
7075
7087
7100
7137
7162
7225
7287
7350
7412
7475
7537
7600
7662
7737
7812
7887
7962
8037
8112
8175
8250
8325
8387
8450
8512
8550
8600
8625
8650
8650
8675
8662
8675
8662
8650
8637
8625
8612
8600
8587
8575
8562
8525
8512
8500
8487
8475
8462
8425
8412
8375
8362
8350
8337
8300
8262
8200
8150
8112
8075
8037
8025
8012
8000
7987
8000
8012
8025
8037
8050
8062
8050
8062
8050
8062
8050
8062
8050
8062
8050
8062
8050
8062
8050
8062
8050
8062
8050
8037
8025
8012
8000
7987
8000
7987
8000
7987
8000
7987
7975
7962
7950
7912
7900
7887
7875
7862
7850
7812
7800
7762
7737
7725
7712
7700
7687
7700
7687
7675
7662
7650
7637
7625
7637
7625
7637
7625
7612
7600
7612
7600
7587
7600
7587
7575
7562
7575
7562
7575
7562
7550
7537
7512
7487
7462
7437
7412
7400
7362
7350
7337
7325
7312
7325
7312
7325
7337
7375
7425
7500
7575
7650
7737
7812
7900
7987
8075
8162
8262
8350
8450
8537
8612
8687
8750
8800
8850
8875
8887
8900
8912
8925
8937
8950
8962
8975
8962
8950
8937
8925
8887
8887
8887
8862
8862
8862
8825
8812
8800
8800
8787
8800
8787
8775
8737
8700
8662
8625
8587
8550
8512
8475
8437
8400
8362
8325
8287
8250
8225
8187
8175
8137
8125
8112
8125
8112
8125
8100
8100
8075
8075
8050
8062
8075
8087
8100
8112
8125
8112
8100
8087
8075
8037
8025
8012
8000
7987
7975
7962
7950
7937
7925
7912
7875
7862
7825
7812
7800
7787
7775
7762
7762
7750
7737
7725
7712
7700
7687
7700
7687
7700
7687
7675
7662
7650
7637
7625
7637
7625
7637
7625
7637
7625
7612
7600
7587
7575
7562
7550
7537
7525
7487
7475
7462
7450
7437
7425
7412
7400
7387
7375
7362
7350
7337
7325
7312
7325
7350
7375
7400
7462
7525
7575
7650
7725
7800
7875
7950
8037
8112
8175
8250
8325
8387
8450
8512
8575
8637
8700
8750
8800
8850
8875
8887
8900
8887
8875
8862
8825
8787
8775
8750
8712
8700
8687
8650
8637
8625
8587
8575
8562
8525
8512
8500
8462
8425
8412
8375
8337
8300
8287
8250
8225
8187
8175
8137
8100
8062
8050
8012
7975
7937
7900
7862
7825
7787
7750
7737
7712
7700
7712
7712
7712
7737
7725
7712
7712
7712
7687
7675
7675
7662
7650
7637
7625
7600
7587
7550
7537
7525
7487
7450
7437
7400
7362
7350
7337
7300
7287
7275
7262
7250
7262
7250
7237
7225
7212
7212
7200
7187
7175
7162
7125
7112
7100
7087
7075
7087
7075
7087
7075
7087
7075
7087
7075
7087
7075
7087
7075
7087
7075
7087
7075
7062
7050
7037
7025
7012
7025
7037
7050
7037
7050
7037
7025
7012
7000
6987
7000
6987
6975
6987
6975
6962
6975
6987
6975
7000
7000
7012
7062
7125
7187
7275
7350
7425
7512
7600
7700
7800
7887
7962
8025
8087
8150
8200
8262
8337
8387
8437
8487
8512
8525
8537
8550
8562
8575
8587
8600
8612
8600
8612
8600
8612
8600
8587
8550
8537
8500
8487
8475
8462
8425
8412
8400
8387
8375
8387
8375
8362
8375
8387
8375
8362
8350
8312
8275
8237
8200
8175
8125
8100
8075
8050
8025
8000
7975
7950
7925
7900
7887
7875
7862
7875
7862
7875
7862
7875
7862
7875
7862
7875
7862
7875
7862
7875
7862
7875
7862
7850
7837
7825
7787
7775
7762
7762
7750
7737
7725
7712
7700
7687
7700
7687
7675
7662
7650
7637
7612
7612
7587
7587
7587
7600
7587
7600
7612
7587
7587
7612
7612
7612
7625
7637
7625
7637
7650
7662
7650
7662
7650
7637
7625
7612
7612
7612
7612
7612
7637
7625
7637
7625
7637
7625
7637
7625
7637
7612
7612
7612
7637
7662
7712
7775
7837
7900
7962
8025
8087
8150
8200
8275
8350
8437
8525
8625
8700
8787
8875
8937
8987
9037
9062
9075
9087
9100
9087
9100
9112
9125
9137
9150
9137
9125
9112
9075
9037
9000
8962
8925
8887
8875
8862
8850
8837
8850
8837
8825
8787
8775
8750
8712
8700
8687
8650
8612
8600
8562
8525
8512
8500
8462
8450
8437
8400
8362
8350
8312
8275
8262
8250
8250
8237
8250
8250
8250
8262
8275
8275
8275
8300
8287
8300
8287
8275
8262
8250
8225
8212
8200
8162
8125
8112
8075
8037
8000
7987
7975
7962
7950
7962
7950
7937
7912
7912
7887
7887
7862
7850
7812
7800
7787
7762
7762
7762
7762
7750
7762
7750
7737
7725
7712
7700
7687
7700
7687
7700
7687
7700
7687
7700
7675
7675
7650
7650
7625
7637
7625
7637
7625
7637
7625
7612
7600
7587
7550
7537
7525
7512
7487
7487
7462
7462
7437
7450
7437
7450
7437
7450
7462
7475
7487
7537
7587
7637
7700
7775
7837
7912
7987
8062
8137
8212
8287
8375
8462
8562
8650
8725
8800
8887
8962
9037
9087
9137
9137
9137
9112
9125
9112
9112
9112
9112
9100
9087
9075
9062
9050
9012
9000
8987
8950
8937
8925
8887
8850
8812
8775
8750
8737
8725
8737
8725
8737
8725
8712
8675
8662
8625
8587
8550
8512
8450
8387
8350
8312
8275
8237
8200
8175
8137
8125
8137
8150
8162
8175
8187
8175
8187
8175
8187
8175
8187
8175
8162
8150
8137
8125
8112
8100
8087
8075
8062
8075
8087
8100
8112
8100
8062
8050
8000
7950
7900
7875
7825
7812
7800
7812
7800
7812
7800
7787
7775
7762
7737
7725
7712
7700
7687
7700
7712
7725
7712
7725
7737
7725
7737
7750
7737
7725
7712
7675
7662
7650
7637
7625
7637
7625
7637
7625
7637
7625
7612
7600
7587
7575
7550
7562
7537
7537
7512
7525
7500
7487
7475
7487
7475
7487
7525
7562
7612
7675
7750
7825
7900
7962
8037
8112
8200
8287
8375
8462
8550
8637
8737
8837
8925
9000
9037
9075
9112
9125
9112
9125
9112
9100
9087
9075
9062
9050
9037
9025
9012
9000
8987
8975
8962
8950
8937
8925
8887
8875
8862
8825
8812
8800
8775
8762
8750
8712
8700
8687
8675
8662
8650
8612
8575
8512
8450
8375
8300
8225
8150
8125
8100
8100
8125
8150
8162
8175
8187
8175
8187
8175
8162
8150
8162
8150
8137
8125
8112
8075
8037
8000
7987
7950
7912
7900
7887
7875
7862
7875
7862
7850
7837
7825
7812
7800
7787
7775
7762
7762
7750
7737
7725
7712
7700
7687
7712
7712
7737
7737
7762
7750
7762
7762
7762
7762
7762
7762
7750
7762
7750
7737
7725
7712
7700
7687
7700
7687
7700
7687
7675
7662
7650
7612
7600
7587
7575
7562
7575
7562
7575
7562
7575
7587
7600
7612
7650
7687
7712
7800
7862
7937
8012
8100
8150
8237
8312
8387
8450
8525
8612
8687
8775
8862
8937
9000
9062
9137
9187
9237
9287
9312
9325
9337
9350
9325
9300
9275
9250
9225
9212
9200
9187
9175
9162
9150
9137
9100
9087
9050
9012
9000
8987
8950
8937
8925
8887
8875
8862
8825
8787
8750
8700
8637
8562
8512
8462
8412
8387
8375
8362
8337
8337
8312
8312
8287
8300
8287
8300
8287
8300
8312
8325
8312
8325
8312
8300
8287
8275
8262
8250
8225
8187
8175
8137
8125
8112
8125
8112
8100
8062
8050
8012
7975
7962
7950
7912
7900
7887
7850
7837
7825
7812
7800
7787
7775
7762
7762
7737
7737
7712
7712
7687
7700
7687
7700
7712
7725
7712
7725
7712
7675
7637
7625
7587
7550
7550
7550
7550
7550
7550
7537
7525
7512
7500
7487
7475
7462
7450
7437
7450
7437
7450
7462
7500
7537
7600
7662
7712
7775
7850
7925
8012
8100
8212
8312
8412
8500
8587
8662
8725
8800
8875
8937
8975
9012
9025
9037
9025
9012
9000
8987
8975
8962
8950
8937
8925
8887
8875
8862
8850
8862
8862
8862
8850
8837
8800
8800
8787
8775
8762
8750
8712
8675
8662
8625
8587
8575
8562
8525
8487
8450
8412
8375
8337
8300
8287
8250
8225
8187
8150
8112
8075
8062
8037
8037
8037
8037
8037
8050
8062
8050
8062
8050
8062
8050
8062
8050
8062
8050
8037
8025
8012
7975
7962
7950
7937
7925
7912
7900
7887
7875
7850
7850
7825
7825
7787
7787
7762
7762
7750
7762
7750
7737
7725
7712
7700
7687
7700
7687
7700
7687
7675
7662
7675
7662
7675
7687
7700
7687
7700
7687
7700
7687
7675
7662
7650
7637
7625
7637
7625
7612
7612
7612
7587
7587
7587
7575
7562
7550
7537
7550
7525
7525
7525
7525
7500
7512
7500
7512
7500
7512
7525
7537
7550
7587
7625
7662
7712
7787
7862
7950
8037
8125
8187
8262
8350
8412
8475
8537
8612
8662
8750
8837
8937
9037
9100
9162
9200
9237
9237
9262
9262
9262
9250
9262
9250
9237
9225
9212
9175
9162
9150
9162
9150
9162
9150
9137
9125
9112
9100
9087
9075
9062
9037
9025
9000
9000
8975
8962
8937
8925
8887
8875
8850
8800
8750
8700
8637
8575
8512
8475
8437
8425
8412
8425
8412
8425
8412
8425
8412
8425
8412
8425
8412
8400
8387
8375
8362
8350
8362
8350
8362
8350
8337
8300
8287
8250
8225
8212
8200
8187
8175
8187
8162
8162
8162
8162
8137
8150
8137
8100
8087
8075
8062
8050
8037
8025
8000
7975
7975
7975
7975
7975
7975
7950
7925
7900
7887
7875
7862
7875
7850
7850
7825
7825
7800
7812
7800
7812
7800
7812
7800
7787
7775
7750
7712
7687
7700
7675
7687
7700
7712
7712
7725
7712
7725
7712
7700
7687
7700
7687
7700
7687
7700
7712
7737
7775
7850
7900
7962
8025
8100
8150
8237
8325
8412
8487
8562
8637
8700
8750
8812
8875
8937
9012
9087
9162
9237
9300
9337
9375
9412
9425
9437
9437
9437
9400
9387
9350
9350
9337
9325
9312
9300
9287
9275
9287
9275
9287
9275
9262
9250
9262
9250
9237
9225
9187
9125
9087
9050
9012
8975
8962
8925
8887
8850
8812
8775
8737
8712
8687
8662
8637
8625
8587
8575
8562
8562
8562
8587
8587
8612
8600
8612
8600
8612
8600
8612
8600
8612
8587
8587
8562
8562
8537
8550
8537
8550
8562
8562
8537
8512
8487
8437
8400
8362
8350
8312
8300
8287
8275
8262
8275
8262
8275
8287
8300
8287
8300
8287
8275
8262
8250
8250
8237
8250
8237
8225
8212
8200
8162
8150
8137
8125
8112
8100
8087
8100
8087
8075
8087
8075
8062
8050
8062
8050
8062
8050
8062
8050
8062
8050
8062
8050
8062
8037
8037
8037
8037
8012
8025
8037
8025
8037
8075
8112
8150
8200
8262
8325
8387
8450
8512
8575
8637
8700
8750
8825
8900
8975
9050
9137
9187
9237
9287
9350
9375
9425
9475
9512
9525
9562
9575
9587
9575
9562
9550
9537
9500
9487
9475
9437
9425
9412
9375
9362
9350
9325
9287
9250
9212
9175
9162
9137
9137
9112
9087
9062
9050
9012
8975
8962
8925
8887
8850
8812
8775
8750
8712
8700
8687
8650
8612
8600
8587
8575
8587
8600
8587
8575
8562
8550
8562
8575
8587
8600
8612
8600
8612
8600
8612
8600
8612
8600
8612
8600
8587
8575
8562
8550
8537
8550
8537
8550
8537
8525
8512
8500
8487
8475
8487
8475
8462
8450
8462
8450
8437
8450
8437
8400
8387
8375
8362
8350
8337
8325
8312
8300
8287
8300
8287
8300
8287
8275
8262
8275
8262
8275
8287
8300
8287
8300
8287
8275
8262
8275
8262
8275
8287
8300
8287
8300
8287
8275
8262
8237
8200
8187
8175
8162
8162
8187
8175
8187
8200
8212
8225
8275
8325
8375
8450
8525
8575
8637
8700
8775
8837
8937
9025
9100
9175
9250
9312
9387
9462
9537
9587
9637
9662
9662
9662
9687
9675
9687
9700
9687
9675
9662
9650
9637
9650
9637
9650
9637
9650
9637
9625
9612
9600
9562
9550
9537
9500
9487
9475
9437
9400
9362
9300
9275
9237
9200
9162
9125
9050
8975
8900
8825
8775
8737
8712
8687
8687
8650
8650
8625
8625
8600
8612
8600
8612
8600
8612
8600
8612
8600
8587
8575
8562
8550
8537
8550
8537
8525
8512
8500
8462
8450
8437
8400
8387
8375
8362
8350
8337
8337
8337
8312
8312
8312
8300
8287
8275
8262
8250
8225
8212
8187
8162
8137
8112
8087
8075
8062
8050
8062
8050
8062
8050
8062
8050
8062
8050
8037
8025
8012
8000
7987
8000
7987
8000
7987
8000
7987
8000
7987
8000
7987
8000
7987
8000
7987
8000
7987
8000
8012
8025
8037
8075
8112
8150
8225
8300
8375
8450
8512
8575
8650
8712
8787
8862
8937
9000
9062
9137
9212
9275
9337
9375
9412
9437
9462
9487
9512
9525
9512
9525
9512
9500
9487
9475
9437
9425
9412
9375
9362
9350
9350
9325
9325
9300
9275
9250
9237
9225
9212
9200
9162
9150
9112
9075
9062
9050
9012
8975
8937
8875
8837
8800
8775
8737
8700
8662
8625
8587
8575
8562
8525
8512
8500
8462
8462
8462
8462
8487
8512
8525
8537
8525
8512
8500
8487
8475
8487
8475
8462
8462
8462
8437
8437
8437
8400
8387
8375
8362
8350
8337
8325
8312
8300
8287
8275
8262
8250
8250
8237
8250
8237
8225
8225
8225
8200
8200
8200
8162
8150
8162
8137
8137
8137
8137
8112
8125
8112
8125
8112
8125
8112
8125
8112
8125
8112
8125
8112
8100
8087
8075
8062
8050
8062
8050
8062
8050
8062
8050
8062
8050
8037
8037
8025
8012
8000
8012
7987
8000
7987
8000
8012
8025
8037
8075
8112
8150
8225
8300
8375
8462
8537
8612
8687
8787
8875
8962
9050
9137
9212
9275
9350
9400
9437
9475
9512
9550
9587
9625
9662
9675
9687
9700
9712
9700
9712
9700
9687
9675
9662
9625
9587
9575
9537
9500
9500
9500
9475
9450
9450
9437
9412
9412
9412
9425
9412
9412
9412
9412
9375
9362
9350
9350
9337
9325
9287
9250
9212
9175
9137
9100
9062
9000
8937
8875
8837
8800
8800
8787
8775
8737
8737
8712
8712
8712
8712
8700
8687
8675
8687
8700
8712
8725
8750
8750
8750
8750
8750
8712
8700
8687
8687
8687
8687
8662
8662
8625
8612
8600
8612
8600
8587
8587
8575
8537
8525
8512
8462
8450
8437
8425
8412
8400
8387
8375
8362
8337
8337
8312
8312
8287
8275
8262
8250
8250
8237
8250
8237
8250
8237
8250
8237
8225
8212
8200
8187
8175
8187
8175
8187
8175
8187
8162
8162
8137
8112
8087
8075
8062
8050
8037
8025
8037
8025
8012
8037
8025
8012
8025
8037
8050
8075
8100
8125
8175
8225
8300
8375
8450
8512
8575
8650
8725
8812
8900
8987
9062
9125
9200
9262
9337
9412
9487
9525
9562
9575
9587
9575
9587
9575
9562
9550
9537
9500
9487
9475
9437
9400
9387
9337
9325
9300
9300
9275
9287
9275
9262
9250
9237
9200
9187
9175
9137
9100
9087
9050
9012
8975
8937
8900
8850
8800
8750
8725
8687
8650
8612
8600
8550
8525
8500
8500
8475
8487
8500
8500
8500
8500
8500
8462
8462
8462
8450
8437
8437
8437
8412
8400
8387
8375
8337
8325
8312
8275
8262
8250
8225
8187
8175
8125
8100
8075
8075
8050
8062
8075
8087
8075
8087
8100
8075
8075
8075
8075
8050
8062
8050
8062
8037
8037
8012
8012
7987
8000
7987
8000
7987
8000
7987
7975
7962
7950
7950
7937
7950
7937
7950
7925
7937
7925
7937
7912
7912
7887
7887
7887
7925
7975
8050
8125
8200
8300
8387
8475
8575
8662
8725
8812
8900
8975
9050
9125
9200
9250
9300
9362
9425
9475
9525
9562
9600
9612
9625
9637
9650
9637
9650
9637
9650
9637
9625
9612
9600
9587
9562
9562
9537
9537
9512
9500
9487
9475
9462
9450
9437
9425
9400
9375
9350
9350
9337
9325
9312
9300
9262
9225
9212
9175
9137
9100
9062
9000
8937
8900
8862
8825
8787
8775
8750
8712
8700
8687
8675
8662
8675
8662
8675
8662
8675
8662
8675
8662
8675
8662
8675
8662
8675
8650
8650
8650
8650
8650
8662
8675
8662
8650
8637
8625
8587
8575
8562
8525
8512
8500
8487
8462
8462
8437
8437
8412
8425
8412
8400
8387
8362
8337
8312
8312
8312
8325
8312
8300
8287
8250
8250
8237
8250
8237
8250
8237
8250
8237
8250
8237
8250
8237
8225
8187
8175
8137
8125
8112
8125
8112
8125
8112
8125
8112
8100
8087
8100
8087
8100
8112
8125
8112
8100
8087
8075
8062
8050
8062
8050
8062
8050
8062
8075
8112
8150
8212
8287
8362
8450
8537
8612
8687
8787
8875
8975
9075
9175
9250
9337
9412
9500
9575
9650
9725
9775
9812
9837
9850
9862
9875
9887
9875
9887
9900
9912
9925
9937
9925
9912
9887
9862
9837
9812
9775
9775
9737
9725
9712
9700
9650
9650
9625
9600
9600
9600
9562
9525
9512
9475
9437
9400
9362
9300
9275
9237
9187
9162
9137
9087
9037
9000
8962
8925
8887
8887
8887
8862
8862
8850
8825
8800
8800
8800
8800
8800
8825
8825
8825
8837
8850
8837
8850
8837
8850
8837
8850
8837
8825
8825
8825
8800
8800
8800
8800
8787
8775
8762
8750
8737
8725
8712
8700
8712
8700
8687
8700
8687
8675
8662
8650
8612
8600
8562
8525
8512
8500
8487
8475
8487
8475
8462
8450
8437
8425
8412
8425
8437
8450
8462
8475
8462
8450
8437
8425
8412
8425
8412
8425
8412
8425
8412
8400
8387
8400
8387
8400
8412
8425
8437
8475
8512
8575
8650
8737
8837
8937
9050
9150
9225
9287
9375
9462
9562
9662
9750
9812
9862
9900
9937
9975
10037
10075
10112
10125
10137
10150
10162
10175
10187
10200
10175
10175
10150
10125
10100
10087
10050
10037
10025
9987
9975
9962
9950
9937
9925
9912
9900
9862
9850
9825
9812
9787
9762
9712
9675
9637
9600
9562
9525
9512
9462
9437
9412
9375
9337
9312
9275
9225
9187
9125
9087
9050
9012
9000
8975
8950
8925
8925
8900
8912
8900
8912
8900
8912
8900
8887
8875
8862
8850
8825
8825
8800
8775
8775
8775
8750
8750
8750
8737
8725
8712
8700
8687
8650
8612
8600
8562
8525
8512
8500
8462
8450
8437
8400
8387
8375
8362
8350
8362
8337
8350
8337
8350
8337
8362
8350
8362
8350
8362
8350
8362
8350
8362
8350
8337
8325
8312
8300
8275
8275
8250
8250
8237
8250
8237
8250
8237
8225
8212
8225
8212
8225
8237
8250
8250
8287
8300
8337
8375
8412
8450
8512
8587
8662
8725
8812
8900
8975
9062
9150
9225
9300
9387
9462
9537
9612
9675
9737
9787
9850
9887
9925
9937
9950
9962
9975
9987
10000
10012
10000
10012
10000
10012
10000
9987
9950
9937
9900
9887
9875
9862
9825
9812
9787
9775
9762
9750
9737
9725
9687
9675
9662
9625
9612
9600
9562
9525
9487
9425
9362
9300
9250
9187
9125
9087
9050
9012
9012
9012
9012
9012
9037
9025
9037
9025
9012
9000
8987
8950
8950
8950
8925
8925
8925
8912
8900
8912
8900
8887
8875
8862
8825
8787
8775
8750
8737
8725
8712
8700
8687
8675
8662
8650
8637
8625
8587
8550
8537
8500
8462
8450
8437
8400
8387
8375
8362
8350
8362
8350
8337
8325
8337
8325
8337
8350
8362
8350
8362
8350
8362
8350
8337
8300
8287
8250
8250
8237
8250
8237
8250
8237
8250
8237
8250
8237
8250
8237
8250
8237
8250
8237
8225
8225
8225
8225
8237
8262
8287
8337
8387
8450
8537
8612
8687
8750
8825
8900
8975
9062
9162
9237
9325
9425
9525
9612
9700
9775
9850
9887
9925
9962
9975
9962
9975
9962
9962
9962
9962
9937
9912
9875
9837
9837
9825
9812
9775
9762
9712
9687
9662
9637
9575
9550
9500
9475
9450
9437
9387
9362
9300
9275
9225
9187
9125
9100
9050
9012
8975
8937
8900
8862
8825
8812
8800
8775
8762
8750
8712
8675
8662
8625
8612
8600
8612
8625
8625
8625
8650
8650
8625
8637
8650
8637
8650
8662
8675
8662
8675
8662
8675
8662
8650
8637
8625
8612
8600
8625
8625
8625
8625
8625
8612
8587
8600
8587
8575
8562
8562
8550
8537
8550
8537
8550
8537
8550
8525
8525
8500
8500
8475
8487
8475
8487
8475
8487
8500
8512
8525
8537
8550
8537
8525
8512
8500
8487
8475
8487
8475
8500
8500
8525
8525
8550
8537
8550
8537
8550
8537
8525
8512
8500
8487
8475
8487
8475
8487
8475
8487
8500
8512
8525
8562
8600
8637
8700
8750
8812
8875
8950
9037
9125
9212
9300
9387
9462
9550
9650
9725
9812
9900
9975
10037
10100
10162
10200
10237
10250
10262
10250
10262
10250
10262
10250
10237
10225
10212
10175
10162
10175
10162
10150
10162
10175
10162
10150
10162
10150
10137
10125
10112
10075
10062
10025
10012
10000
10012
10000
9975
9950
9925
9900
9875
9862
9825
9787
9737
9675
9612
9550
9487
9450
9412
9375
9337
9325
9300
9287
9275
9287
9275
9287
9275
9287
9275
9287
9300
9312
9325
9337
9350
9337
9325
9287
9287
9262
9262
9262
9262
9250
9237
9225
9212
9200
9162
9150
9112
9075
9037
9025
8987
8975
8962
8950
8937
8925
8887
8887
8875
8862
8850
8862
8837
8825
8812
8800
8800
8775
8775
8750
8750
8725
8737
8725
8737
8725
8712
8700
8687
8675
8662
8650
8637
8625
8587
8575
8562
8550
8537
8550
8537
8550
8562
8600
8650
8712
8800
8887
8975
9062
9150
9225
9287
9362
9425
9500
9575
9650
9725
9800
9875
9962
10025
10087
10137
10187
10200
10237
10250
10262
10250
10237
10225
10237
10225
10237
10250
10237
10225
10212
10175
10162
10150
10112
10100
10087
10050
10037
10025
9987
9975
9962
9950
9937
9925
9912
9900
9887
9875
9862
9825
9787
9737
9675
9612
9550
9512
9475
9437
9400
9387
9337
9325
9300
9275
9225
9212
9175
9137
9100
9087
9050
9037
9025
9037
9025
9037
9025
9037
9050
9062
9050
9062
9050
9012
9000
8987
8950
8937
8925
8912
8900
8887
8875
8862
8850
8837
8850
8837
8825
8812
8800
8775
8762
8750
8712
8700
8687
8650
8612
8600
8562
8550
8537
8550
8562
8575
8587
8600
8612
8600
8587
8575
8562
8525
8512
8500
8487
8475
8500
8500
8500
8500
8500
8487
8475
8487
8462
8462
8437
8437
8412
8425
8412
8425
8437
8475
8512
8550
8587
8625
8662
8700
8775
8850
8937
9025
9100
9187
9275
9362
9462
9562
9650
9725
9787
9850
9912
9975
10037
10075
10112
10150
10162
10150
10162
10150
10137
10125
10112
10112
10112
10112
10100
10112
10087
10062
10037
10025
9987
9975
9962
9950
9937
9925
9887
9850
9787
9762
9725
9687
9650
9612
9575
9537
9500
9462
9450
9412
9375
9362
9350
9325
9287
9275
9237
9225
9237
9250
9262
9262
9262
9237
9237
9212
9200
9187
9175
9162
9150
9162
9150
9162
9150
9137
9100
9062
9025
8987
8975
8962
8950
8912
8912
8875
8862
8850
8837
8787
8775
8750
8737
8725
8737
8725
8737
8725
8737
8725
8737
8725
8737
8725
8712
8700
8687
8675
8662
8650
8637
8625
8612
8600
8612
8625
8637
8650
8662
8650
8637
8625
8587
8575
8562
8550
8537
8525
8512
8500
8487
8475
8487
8500
8512
8525
8562
8575
8587
8637
8687
8725
8800
8875
8937
9000
9062
9137
9212
9300
9387
9475
9562
9637
9712
9787
9850
9900
9962
10025
10075
10125
10175
10212
10225
10212
10225
10212
10175
10162
10150
10137
10125
10137
10125
10112
10075
10062
10025
9987
9950
9912
9875
9837
9837
9825
9837
9825
9812
9775
9762
9725
9687
9650
9612
9550
9487
9425
9362
9300
9250
9187
9125
9062
9037
9000
8987
8975
8987
8962
8975
8962
8975
8962
8950
8937
8925
8912
8900
8912
8900
8912
8900
8912
8900
8912
8900
8912
8925
8937
8950
8950
8950
8925
8925
8900
8887
8875
8850
8825
8800
8800
8787
8800
8787
8800
8787
8800
8787
8775
8762
8750
8712
8700
8687
8675
8662
8675
8662
8675
8662
8675
8662
8675
8662
8675
8662
8675
8662
8675
8662
8675
8662
8650
8637
8625
8612
8600
8612
8600
8612
8625
8637
8625
8650
8650
8650
8650
8675
8687
8725
8750
8812
8875
8937
9012
9100
9187
9275
9375
9462
9537
9612
9687
9750
9825
9900
9975
10037
10100
10162
10225
10287
10325
10362
10375
10387
10375
10387
10375
10387
10375
10362
10325
10312
10275
10262
10250
10237
10225
10212
10162
10137
10137
10100
10087
10087
10087
10062
10050
10012
10012
9975
9962
9950
9937
9887
9875
9837
9812
9762
9712
9637
9562
9487
9450
9412
9375
9362
9350
9350
9337
9325
9312
9300
9287
9275
9287
9275
9287
9275
9287
9275
9287
9275
9287
9262
9262
9237
9237
9212
9225
9212
9225
9200
9200
9175
9175
9137
9137
9112
9112
9087
9100
9087
9075
9062
9050
9037
9012
9012
8987
8987
8962
8975
8950
8950
8925
8925
8900
8912
8887
8887
8862
8862
8837
8850
8837
8850
8837
8825
8787
8775
8750
8737
8725
8737
8725
8737
8725
8712
8712
8712
8687
8662
8662
8625
8587
8575
8562
8550
8562
8575
8587
8625
8662
8675
8725
8762
8812
8875
8975
9062
9150
9250
9350
9437
9537
9637
9712
9775
9850
9912
9975
10037
10100
10162
10225
10262
10300
10337
10350
10362
10375
10387
10375
10387
10375
10387
10375
10362
10350
10337
10325
10312
10325
10312
10325
10300
10275
10262
10250
10212
10212
10212
10200
10187
10175
10162
10150
10137
10125
10137
10125
10112
10100
10087
10050
10012
9975
9912
9875
9825
9812
9787
9762
9712
9662
9587
9512
9437
9387
9350
9350
9337
9350
9337
9350
9337
9325
9325
9325
9325
9325
9350
9325
9325
9300
9300
9275
9287
9275
9287
9275
9287
9275
9262
9250
9237
9225
9212
9200
9187
9175
9162
9150
9162
9150
9162
9137
9137
9112
9087
9037
9025
8987
8975
8962
8950
8937
8950
8937
8962
8975
8987
8975
8987
8962
8950
8937
8925
8887
8875
8862
8850
8837
8850
8837
8850
8837
8850
8837
8825
8812
8800
8800
8787
8800
8800
8812
8825
8862
8900
8937
9000
9062
9125
9187
9250
9300
9375
9462
9550
9650
9750
9850
9937
10025
10100
10162
10225
10287
10337
10400
10437
10475
10487
10500
10487
10500
10487
10475
10462
10450
10437
10425
10412
10375
10362
10337
10300
10262
10250
10212
10200
10175
10175
10150
10125
10075
10062
10012
9987
9962
9937
9912
9900
9862
9825
9787
9737
9675
9637
9587
9562
9537
9512
9487
9462
9437
9412
9412
9387
9400
9387
9400
9412
9425
9437
9450
9462
9450
9462
9450
9462
9450
9462
9450
9462
9437
9437
9437
9425
9412
9412
9412
9387
9400
9412
9412
9412
9412
9412
9387
9400
9387
9400
9387
9400
9387
9375
9337
9325
9300
9262
9250
9237
9225
9212
9200
9187
9175
9162
9150
9137
9125
9137
9125
9137
9150
9162
9150
9162
9137
9137
9112
9112
9087
9075
9062
9050
9037
9025
9012
9000
8987
8950
8937
8925
8912
8900
8912
8900
8912
8900
8912
8900
8912
8900
8887
8875
8887
8875
8887
8900
8912
8900
8912
8900
8912
8900
8925
8925
8950
8975
9025
9062
9125
9200
9262
9350
9450
9550
9637
9725
9825
9912
10012
10112
10212
10287
10375
10425
10475
10512
10525
10537
10550
10562
10550
10537
10525
10512
10500
10475
10450
10425
10400
10362
10350
10362
10337
10337
10337
10312
10262
10225
10162
10137
10100
10062
10025
9987
9900
9825
9750
9687
9612
9575
9537
9500
9462
9450
9412
9375
9362
9350
9350
9350
9362
9375
9387
9400
9387
9400
9387
9400
9387
9400
9387
9400
9387
9400
9387
9375
9337
9325
9287
9262
9237
9237
9212
9200
9187
9175
9137
9125
9112
9100
9087
9075
9062
9050
9012
9000
8987
8950
8937
8925
8887
8875
8862
8850
8837
8850
8837
8850
8837
8850
8837
8850
8837
8825
8812
8800
8800
8787
8800
8787
8775
8762
8737
8712
8687
8662
8637
8625
8612
8587
8587
8562
8575
8562
8587
8587
8612
8625
8637
8662
8712
8750
8800
8875
8937
9000
9075
9162
9237
9325
9412
9500
9575
9662
9725
9787
9850
9925
9962
10025
10075
10125
10162
10200
10237
10250
10262
10250
10262
10250
10262
10250
10262
10250
10237
10200
10162
10137
10100
10087
10075
10087
10062
10075
10062
10050
10012
10000
9962
9925
9887
9875
9837
9837
9825
9812
9775
9737
9700
9650
9600
9550
9500
9425
9362
9325
9287
9262
9262
9250
9237
9237
9237
9212
9225
9212
9237
9237
9262
9262
9287
9300
9312
9325
9325
9325
9325
9325
9325
9337
9325
9325
9325
9300
9300
9300
9262
9250
9237
9200
9187
9175
9162
9137
9137
9112
9112
9087
9100
9087
9100
9087
9075
9037
9025
8987
8987
8987
8975
8962
8950
8925
8900
8912
8900
8912
8925
8937
8925
8937
8925
8912
8900
8912
8900
8912
8900
8912
8900
8887
8875
8862
8850
8837
8850
8837
8825
8812
8800
8800
8787
8800
8800
8812
8825
8837
8850
8862
8900
8937
9012
9100
9187
9262
9362
9450
9537
9637
9725
9825
9937
10037
10137
10212
10275
10325
10362
10400
10462
10500
10537
10575
10587
10600
10612
10625
10612
10625
10612
10600
10587
10575
10562
10550
10562
10550
10537
10500
10487
10450
10412
10400
10412
10400
10412
10425
10437
10425
10437
10425
10412
10400
10387
10362
10325
10287
10225
10162
10100
10037
9975
9937
9900
9862
9825
9812
9787
9750
9737
9725
9712
9700
9712
9700
9712
9700
9712
9700
9712
9725
9737
9725
9737
9725
9687
9675
9662
9625
9612
9600
9562
9550
9537
9500
9462
9450
9412
9375
9362
9350
9325
9312
9300
9262
9225
9212
9175
9162
9150
9162
9150
9162
9150
9137
9125
9112
9100
9087
9100
9087
9100
9087
9100
9087
9075
9062
9037
9012
9012
9012
8987
9000
8987
8950
8937
8925
8887
8875
8862
8850
8837
8825
8812
8800
8800
8787
8800
8787
8800
8800
8837
8875
8937
9000
9062
9125
9187
9250
9300
9375
9450
9525
9600
9675
9737
9812
9887
9962
10050
10125
10200
10275
10337
10362
10387
10412
10412
10387
10400
10387
10362
10350
10362
10350
10362
10375
10387
10375
10362
10350
10337
10300
10262
10250
10200
10175
10150
10150
10112
10112
10087
10062
10012
9975
9937
9900
9850
9825
9787
9737
9700
9675
9625
9612
9587
9537
9512
9487
9437
9425
9412
9400
9387
9400
9412
9425
9437
9450
9462
9450
9462
9450
9462
9450
9462
9450
9462
9450
9462
9475
9475
9475
9475
9450
9425
9412
9375
9362
9350
9350
9337
9350
9337
9350
9337
9350
9325
9325
9300
9300
9262
9237
9212
9187
9137
9125
9112
9075
9062
9050
9037
9025
9012
9000
8987
8975
8987
9000
9012
9025
9037
9025
9012
9000
8987
8950
8937
8925
8912
8925
8937
8925
8937
8925
8912
8900
8912
8900
8912
8900
8912
8900
8887
8875
8862
8825
8825
8812
8800
8787
8800
8787
8800
8787
8800
8787
8800
8787
8800
8800
8825
8850
8900
8937
9000
9075
9162
9237
9337
9450
9550
9650
9737
9837
9925
10012
10100
10187
10262
10325
10412
10462
10512
10537
10562
10550
10537
10525
10512
10500
10487
10475
10437
10425
10387
10362
10325
10287
10225
10162
10100
10037
9975
9937
9900
9850
9800
9750
9687
9612
9575
9537
9500
9487
9475
9437
9425
9412
9400
9412
9425
9437
9450
9462
9450
9437
9425
9412
9400
9387
9400
9387
9400
9387
9375
9362
9350
9325
9312
9300
9262
9250
9237
9200
9162
9150
9112
9100
9087
9075
9062
9050
9012
9000
8987
8975
8962
8950
8912
8900
8862
8825
8812
8800
8800
8787
8800
8787
8800
8787
8800
8787
8800
8787
8775
8762
8750
8737
8725
8737
8725
8712
8700
8687
8675
8662
8675
8662
8675
8662
8675
8662
8650
8637
8625
8587
8575
8562
8550
8537
8550
8537
8550
8537
8550
8525
8525
8525
8550
8575
8650
8712
8787
8862
8950
9025
9100
9187
9275
9362
9462
9562
9662
9737
9837
9925
10025
10087
10162
10225
10262
10287
10312
10325
10312
10300
10287
10275
10262
10237
10237
10212
10187
10162
10150
10112
10075
10062
10025
10012
10000
9987
9975
9962
9950
9937
9925
9912
9887
9862
9837
9812
9812
9800
9787
9775
9762
9737
9712
9662
9637
9612
9562
9525
9512
9475
9437
9400
9362
9325
9300
9287
9275
9262
9250
9237
9200
9187
9175
9137
9125
9112
9112
9112
9112
9112
9112
9100
9087
9075
9062
9075
9062
9075
9087
9100
9087
9100
9087
9100
9087
9100
9087
9075
9062
9050
9012
9000
8987
8975
8962
8950
8937
8925
8887
8875
8862
8825
8812
8800
8775
8762
8750
8737
8725
8737
8725
8737
8725
8737
8725
8737
8725
8737
8725
8737
8725
8712
8700
8687
8675
8662
8650
8637
8625
8612
8600
8612
8600
8612
8600
8587
8575
8562
8550
8537
8525
8512
8487
8475
8462
8475
8487
8537
8575
8650
8712
8800
8887
8975
9050
9137
9212
9287
9375
9462
9550
9637
9712
9775
9850
9912
9987
10062
10150
10212
10275
10325
10350
10362
10375
10362
10350
10325
10300
10262
10250
10237
10237
10212
10225
10212
10200
10187
10200
10187
10175
10162
10150
10137
10125
10112
10100
10087
10050
10037
10025
9987
9950
9912
9850
9787
9737
9675
9637
9600
9562
9525
9512
9475
9437
9400
9362
9325
9300
9287
9275
9287
9275
9287
9262
9262
9237
9250
9237
9262
9262
9287
9275
9287
9275
9287
9275
9287
9275
9262
9250
9237
9225
9212
9200
9187
9162
9137
9137
9137
9112
9125
9137
9112
9112
9112
9087
9062
9050
9012
9000
8987
8950
8937
8925
8887
8850
8850
8825
8800
8800
8825
8800
8812
8825
8812
8800
8800
8800
8787
8800
8787
8800
8787
8800
8787
8775
8762
8775
8762
8750
8762
8750
8737
8725
8712
8700
8687
8675
8662
8650
8637
8650
8637
8650
8650
8650
8650
8650
8650
8662
8675
8687
8725
8762
8837
8925
9025
9125
9212
9300
9387
9462
9537
9625
9700
9800
9900
10000
10087
10162
10225
10287
10337
10400
10462
10500
10537
10550
10562
10550
10562
10550
10537
10525
10512
10475
10462
10450
10437
10425
10437
10425
10437
10425
10412
10400
10387
10362
10325
10312
10275
10262
10250
10237
10225
10212
10162
10137
10112
10062
10037
10025
9987
9950
9912
9850
9812
9775
9725
9700
9675
9625
9587
9550
9487
9450
9437
9425
9412
9425
9412
9400
9387
9400
9412
9425
9437
9450
9462
9450
9437
9400
9387
9350
9325
9312
9300
9287
9275
9262
9250
9237
9225
9212
9200
9187
9175
9137
9100
9087
9050
9012
9000
8987
8975
8962
8975
8962
8975
8950
8950
8925
8925
8900
8912
8900
8912
8900
8912
8900
8912
8900
8912
8900
8912
8900
8912
8887
8887
8887
8875
8862
8862
8862
8837
8850
8837
8850
8837
8850
8837
8825
8812
8825
8812
8800
8812
8800
8800
8787
8800
8787
8775
8775
8787
8812
8862
8937
9012
9087
9162
9237
9300
9362
9425
9500
9575
9662
9750
9850
9937
10025
10100
10162
10237
10287
10337
10375
10425
10462
10500
10537
10550
10562
10550
10537
10500
10487
10450
10450
10450
10475
10462
10475
10450
10450
10425
10437
10425
10412
10400
10387
10362
10350
10337
10300
10262
10250
10212
10175
10137
10100
10037
9975
9912
9875
9825
9787
9737
9687
9612
9575
9537
9525
9512
9525
9500
9500
9500
9500
9500
9512
9500
9487
9500
9487
9475
9487
9475
9462
9450
9437
9425
9412
9400
9387
9375
9362
9350
9312
9287
9287
9262
9237
9225
9212
9175
9125
9100
9075
9050
9012
9012
8987
8962
8950
8937
8925
8912
8900
8875
8862
8825
8787
8775
8750
8737
8725
8737
8725
8737
8725
8712
8700
8687
8675
8662
8650
8612
8600
8562
8550
8537
8550
8537
8525
8512
8500
8487
8475
8487
8475
8487
8475
8487
8475
8487
8500
8537
8575
8612
8662
8712
8787
8862
8975
9075
9162
9237
9300
9375
9450
9525
9612
9700
9762
9837
9912
9975
10037
10075
10112
10150
10187
10200
10237
10250
10262
10250
10262
10250
10262
10250
10262
10250
10262
10250
10262
10250
10237
10225
10212
10175
10162
10150
10112
10100
10087
10050
10037
10025
10012
10000
9987
9975
9962
9925
9887
9850
9787
9737
9675
9637
9600
9562
9525
9512
9475
9437
9425
9400
9375
9350
9350
9350
9362
9375
9412
9425
9412
9425
9437
9425
9412
9437
9437
9437
9437
9437
9425
9412
9400
9387
9375
9362
9350
9350
9337
9325
9312
9300
9262
9250
9262
9250
9262
9275
9262
9225
9187
9150
9112
9075
9062
9050
9037
9012
9012
8987
8987
8962
8975
8962
8975
8962
8975
8987
8987
8987
8987
8987
8962
8975
8962
8950
8937
8925
8912
8900
8912
8900
8912
8900
8912
8900
8887
8875
8862
8850
8825
8825
8800
8800
8787
8800
8787
8775
8775
8762
8750
8737
8750
8725
8737
8725
8712
8700
8687
8687
8687
8687
8687
8712
8700
8712
8750
8775
8812
8875
8950
9025
9112
9200
9287
9387
9487
9575
9675
9750
9837
9925
10012
10087
10162
10225
10287
10337
10400
10437
10475
10512
10525
10537
10575
10587
10600
10612
10625
10612
10625
10612
10625
10612
10600
10562
10550
10512
10475
10462
10450
10412
10400
10387
10387
10375
10362
10325
10287
10225
10162
10100
10037
9975
9912
9850
9787
9762
9725
9687
9675
9662
9650
9637
9650
9637
9650
9662
9675
9687
9700
9712
9700
9687
9675
9662
9650
9637
9625
9612
9600
9587
9575
9587
9562
9562
9537
9537
9512
9500
9462
9450
9412
9375
9362
9350
9325
9312
9300
9262
9250
9225
9200
9175
9175
9137
9137
9112
9087
9075
9075
9050
9050
9050
9037
9025
9037
9025
9012
9000
8987
8975
8962
8975
8962
8950
8937
8925
8887
8887
8887
8862
8875
8887
8887
8887
8887
8875
8862
8825
8812
8800
8800
8787
8800
8800
8837
8887
8962
9037
9112
9187
9250
9300
9375
9450
9537
9625
9712
9800
9887
9975
10062
10137
10212
10287
10337
10400
10462
10525
10587
10650
10687
10725
10737
10750
10737
10750
10737
10725
10712
10700
10687
10675
10662
10650
10637
10600
10587
10575
10537
10525
10512
10475
10462
10450
10412
10375
10337
10312
10275
10225
10175
10112
10025
9937
9887
9837
9812
9775
9762
9725
9712
9700
9712
9700
9725
9725
9725
9725
9725
9712
9700
9712
9700
9712
9700
9687
9675
9662
9650
9637
9625
9625
9612
9600
9587
9575
9550
9525
9500
9475
9450
9425
9412
9400
9387
9375
9362
9350
9325
9312
9300
9287
9275
9262
9250
9237
9200
9187
9175
9137
9125
9112
9100
9087
9100
9087
9100
9087
9075
9062
9050
9012
9000
8987
8950
8937
8925
8912
8887
8887
8862
8837
8812
8800
8800
8775
8775
8750
8750
8725
8737
8725
8737
8725
8750
8762
8825
8862
8937
9000
9062
9125
9212
9275
9362
9450
9537
9625
9712
9800
9887
9962
10037
10112
10187
10237
10287
10337
10362
10375
10412
10425
10437
10425
10412
10400
10387
10362
10350
10337
10325
10312
10300
10287
10275
10262
10237
10212
10187
10162
10112
10075
10062
10025
10012
10000
9987
9950
9912
9850
9787
9737
9675
9637
9587
9562
9537
9512
9450
9425
9362
9325
9287
9275
9262
9262
9262
9275
9287
9275
9287
9300
9312
9300
9312
9300
9262
9250
9237
9225
9212
9200
9187
9175
9162
9150
9137
9125
9112
9100
9087
9075
9062
9050
9012
9000
8987
8975
8962
8975
8962
8950
8937
8925
8887
8875
8862
8850
8837
8850
8837
8850
8837
8850
8837
8850
8837
8825
8812
8787
8775
8750
8750
8725
8737
8725
8712
8712
8700
8687
8675
8687
8662
8650
8637
8625
8612
8600
8587
8575
8587
8575
8562
8575
8562
8550
8537
8550
8537
8562
8550
8562
8575
8612
8637
8700
8762
8850
8937
9025
9112
9200
9275
9362
9462
9562
9650
9725
9812
9900
9987
10075
10162
10250
10312
10362
10412
10425
10437
10450
10450
10450
10475
10475
10450
10462
10450
10437
10425
10437
10425
10412
10400
10387
10362
10350
10337
10300
10287
10275
10262
10250
10237
10200
10187
10150
10112
10075
10037
9975
9912
9850
9787
9762
9725
9687
9650
9612
9587
9562
9562
9562
9587
9575
9587
9575
9587
9575
9587
9575
9587
9575
9562
9525
9512
9475
9437
9400
9387
9350
9350
9337
9325
9312
9300
9262
9250
9237
9200
9187
9175
9162
9150
9162
9150
9162
9150
9137
9125
9112
9100
9087
9100
9087
9075
9062
9050
9037
9025
9012
9000
8987
8950
8937
8925
8912
8900
8912
8900
8912
8900
8912
8900
8912
8900
8887
8875
8862
8850
8837
8850
8837
8850
8862
8900
8950
9025
9100
9187
9262
9337
9412
9500
9587
9675
9775
9887
10000
10112
10212
10312
10412
10500
10575
10650
10712
10750
10787
10825
10837
10850
10862
10850
10837
10825
10812
10800
10812
10800
10812
10800
10812
10800
10787
10775
10762
10750
10725
10737
10712
10712
10687
10675
10625
10587
10525
10462
10400
10337
10275
10225
10162
10125
10087
10062
10037
10025
9987
9950
9950
9912
9900
9887
9900
9875
9887
9900
9912
9925
9937
9925
9912
9900
9887
9900
9900
9900
9887
9850
9812
9787
9750
9737
9725
9712
9700
9712
9700
9687
9675
9662
9625
9612
9600
9562
9525
9487
9450
9412
9400
9387
9400
9387
9375
9362
9350
9350
9325
9325
9325
9325
9300
9312
9300
9287
9275
9262
9262
9262
9237
9237
9237
9200
9162
9150
9112
9075
9062
9050
9012
9000
8987
8975
8962
8975
8962
8975
8962
8950
8937
8950
8937
8950
8987
9025
9062
9125
9187
9250
9300
9362
9425
9512
9600
9687
9762
9862
9937
10012
10100
10187
10262
10350
10412
10475
10512
10550
10587
10650
10700
10775
10812
10850
10862
10850
10837
10825
10787
10775
10762
10725
10712
10700
10687
10675
10687
10675
10662
10650
10637
10600
10587
10575
10562
10550
10537
10525
10512
10500
10487
10475
10462
10437
10425
10400
10375
10325
10287
10225
10162
10100
10037
9975
9912
9875
9862
9850
9862
9862
9862
9862
9862
9862
9875
9887
9875
9887
9875
9887
9875
9887
9875
9887
9875
9862
9825
9812
9787
9750
9737
9725
9687
9675
9662
9625
9612
9600
9562
9525
9512
9475
9462
9450
9437
9400
9387
9350
9325
9312
9300
9262
9250
9237
9225
9212
9200
9187
9162
9137
9112
9087
9037
9025
8987
8975
8962
8975
8962
8975
8962
8950
8937
8912
8887
8862
8837
8812
8800
8800
8787
8775
8762
8750
8737
8725
8737
8750
8775
8812
8887
8962
9037
9137
9237
9337
9450
9562
9662
9737
9837
9925
10025
10125
10225
10325
10437
10512
10575
10625
10675
10687
10725
10762
10775
10787
10800
10812
10800
10812
10787
10787
10762
10762
10737
10725
10712
10700
10662
10662
10650
10637
10625
10637
10612
10600
10587
10575
10562
10537
10537
10512
10487
10437
10425
10387
10362
10325
10287
10225
10162
10100
10037
9975
9912
9850
9787
9737
9700
9662
9650
9637
9650
9637
9625
9612
9625
9612
9625
9637
9625
9612
9600
9587
9575
9562
9550
9537
9525
9512
9500
9487
9475
9437
9425
9412
9375
9362
9350
9325
9312
9300
9262
9225
9212
9175
9162
9150
9137
9125
9112
9100
9087
9100
9087
9075
9062
9050
9037
9025
9037
9025
9012
9000
8987
8975
8962
8950
8950
8950
8925
8925
8925
8912
8900
8912
8900
8887
8850
8837
8800
8775
8737
8725
8687
8675
8662
8687
8675
8700
8700
8725
8737
8762
8775
8787
8800
8837
8900
8975
9075
9162
9237
9337
9425
9525
9625
9712
9800
9900
9987
10075
10150
10237
10300
10350
10400
10450
10487
10525
10587
10625
10662
10675
10687
10700
10700
10700
10700
10700
10675
10687
10675
10687
10675
10687
10675
10662
10650
10637
10600
10562
10525
10487
10450
10412
10375
10337
10312
10275
10237
10200
10187
10150
10112
10075
10037
9975
9937
9900
9862
9850
9862
9850
9862
9875
9887
9875
9862
9862
9862
9862
9862
9887
9875
9887
9875
9862
9825
9812
9787
9775
9762
9775
9762
9775
9762
9750
9737
9725
9712
9700
9687
9675
9662
9625
9612
9600
9562
9550
9537
9525
9512
9500
9487
9475
9462
9450
9462
9450
9462
9450
9462
9450
9462
9450
9437
9437
9425
9412
9400
9425
9412
9412
9412
9412
9400
9387
9375
9362
9350
9350
9337
9350
9337
9350
9337
9350
9337
9325
9312
9325
9312
9300
9325
9325
9325
9325
9350
9362
9425
9487
9575
9662
9737
9812
9887
9975
10062
10150
10237
10312
10400
10487
10562
10650
10737
10800
10875
10950
11012
11050
11087
11125
11162
11175
11212
11225
11237
11225
11237
11225
11212
11200
11187
11175
11162
11150
11112
11100
11062
11025
11012
11000
10987
10975
10962
10925
10912
10875
10875
10862
10850
10812
10775
10712
10650
10612
10575
10537
10500
10462
10400
10337
10287
10250
10200
10175
10150
10150
10125
10137
10125
10137
10150
10162
10150
10162
10150
10137
10112
10112
10087
10087
10062
10050
10037
10025
10012
10000
9987
9975
9962
9950
9937
9950
9937
9925
9912
9900
9887
9875
9862
9825
9787
9737
9675
9637
9600
9587
9575
9562
9550
9537
9525
9512
9525
9512
9525
9512
9525
9512
9525
9512
9525
9512
9525
9512
9525
9512
9525
9512
9525
9512
9525
9512
9525
9512
9525
9512
9525
9512
9525
9512
9525
9537
9575
9612
9675
9712
9750
9787
9837
9900
9987
10075
10150
10237
10300
10375
10462
10562
10650
10737
10812
10887
10962
11037
11087
11137
11200
11262
11312
11375
11437
11462
11437
11412
11387
11375
11350
11337
11325
11312
11275
11262
11250
11212
11175
11137
11075
11012
10975
10937
10900
10887
10862
10825
10775
10750
10700
10662
10612
10587
10537
10487
10437
10400
10337
10287
10225
10162
10100
10062
10025
9987
9975
9950
9925
9900
9875
9850
9862
9850
9862
9875
9887
9875
9862
9862
9862
9862
9862
9887
9875
9887
9875
9862
9850
9837
9837
9825
9812
9775
9762
9725
9712
9700
9687
9675
9662
9625
9587
9550
9487
9450
9412
9375
9362
9350
9350
9337
9350
9337
9350
9337
9350
9337
9325
9287
9287
9250
9237
9225
9212
9187
9175
9162
9150
9162
9150
9162
9150
9162
9150
9137
9125
9112
9100
9087
9100
9087
9100
9087
9100
9112
9150
9187
9250
9312
9387
9475
9562
9662
9737
9837
9925
10012
10087
10162
10237
10312
10412
10512
10612
10700
10737
10762
10800
10812
10825
10837
10850
10825
10825
10800
10812
10800
10787
10775
10762
10725
10712
10700
10662
10625
10612
10575
10562
10550
10537
10525
10512
10475
10462
10450
10412
10400
10387
10362
10350
10337
10300
10287
10275
10237
10200
10187
10150
10112
10075
10025
9950
9875
9825
9775
9725
9700
9675
9625
9612
9600
9562
9550
9537
9525
9512
9500
9487
9500
9487
9500
9512
9525
9512
9525
9512
9525
9512
9500
9487
9475
9437
9400
9400
9362
9350
9337
9350
9337
9325
9287
9250
9187
9150
9112
9075
9062
9050
9037
9025
9012
8975
8937
8900
8862
8825
8812
8800
8800
8787
8800
8787
8800
8787
8800
8787
8800
8787
8775
8762
8750
8737
8725
8737
8725
8737
8712
8712
8712
8712
8712
8725
8737
8725
8737
8725
8737
8750
8762
8775
8800
8837
8875
8937
9012
9100
9187
9262
9350
9425
9500
9575
9650
9725
9825
9925
10025
10125
10212
10287
10337
10375
10412
10450
10487
10500
10537
10550
10562
10537
10537
10512
10512
10487
10500
10487
10475
10437
10425
10387
10362
10325
10312
10262
10212
10187
10162
10112
10075
10062
10025
9987
9950
9912
9875
9825
9787
9762
9725
9662
9612
9587
9537
9500
9462
9450
9437
9425
9437
9450
9462
9450
9462
9450
9462
9437
9437
9412
9412
9387
9400
9387
9400
9387
9375
9362
9350
9350
9325
9325
9300
9300
9275
9262
9250
9237
9225
9212
9200
9187
9200
9187
9200
9212
9225
9212
9225
9212
9200
9187
9175
9162
9150
9137
9125
9112
9075
9062
9075
9062
9075
9087
9075
9062
9050
9037
9050
9050
9050
9075
9075
9050
9062
9050
9012
9000
8987
8975
8987
9025
9037
9075
9112
9162
9212
9275
9350
9437
9525
9612
9700
9787
9875
9950
10025
10112
10187
10262
10325
10400
10462
10537
10612
10662
10712
10775
10800
10825
10862
10875
10875
10900
10887
10875
10887
10900
10875
10875
10875
10875
10862
10850
10837
10825
10812
10800
10812
10800
10812
10800
10812
10800
10787
10775
10762
10725
10712
10700
10662
10650
10637
10600
10562
10550
10512
10475
10462
10450
10412
10375
10362
10337
10300
10262
10225
10162
10100
10037
9975
9912
9875
9837
9837
9825
9812
9800
9787
9775
9762
9750
9750
9737
9725
9737
9750
9750
9762
9775
9762
9775
9762
9750
9737
9725
9712
9700
9687
9675
9662
9625
9612
9600
9587
9575
9562
9550
9537
9525
9500
9500
9475
9475
9450
9437
9400
9400
9375
9350
9350
9350
9325
9312
9300
9287
9275
9287
9275
9262
9250
9237
9225
9212
9225
9237
9250
9262
9275
9262
9250
9262
9250
9237
9250
9237
9225
9212
9225
9212
9225
9212
9200
9187
9175
9162
9150
9162
9150
9162
9150
9162
9175
9212
9250
9300
9362
9425
9500
9575
9662
9737
9837
9937
10037
10125
10212
10287
10375
10462
10550
10637
10725
10800
10887
10950
11012
11062
11100
11112
11150
11162
11175
11162
11150
11112
11075
11037
10987
10937
10912
10887
10850
10837
10825
10812
10800
10812
10800
10787
10775
10762
10750
10725
10725
10687
10675
10637
10612
10562
10525
10462
10425
10375
10337
10287
10237
10162
10125
10087
10050
10037
10012
9987
9962
9937
9912
9900
9887
9875
9887
9900
9912
9925
9937
9950
9937
9925
9912
9900
9862
9850
9837
9837
9825
9812
9800
9775
9750
9725
9725
9687
9687
9662
9637
9612
9600
9562
9525
9512
9475
9437
9425
9412
9400
9387
9400
9387
9375
9337
9325
9300
9262
9250
9237
9225
9212
9200
9187
9200
9187
9175
9187
9175
9162
9150
9162
9150
9162
9150
9162
9150
9162
9150
9162
9150
9137
9125
9112
9075
9062
9050
9037
9025
9037
9050
9062
9075
9112
9150
9187
9250
9312
9387
9462
9537
9625
9700
9762
9837
9925
10012
10100
10200
