t = 60.000000, p = 266.000000
7050
7112
7162
7225
7287
7350
7412
7450
7487
7525
7562
7575
7612
7650
7662
7675
7687
7700
7687
7675
7662
7650
7637
7625
7612
7575
7562
7525
7512
7525
7525
7525
7512
7475
7412
7387
7337
7300
7262
7225
7187
7150
7125
7100
7100
7075
7087
7075
7062
7050
7037
7025
7012
7025
7012
7000
6987
6975
6962
6950
6962
6950
6962
6950
6962
6950
6962
6975
6987
7000
7012
7025
7012
7025
7012
7025
7012
7025
7000
7012
7000
7012
7000
7025
7012
7025
7012
7000
6987
6975
6962
6950
6962
6950
6962
6950
6937
6925
6937
6925
6937
6950
6962
6950
6962
6950
6962
6975
6987
7000
7012
7000
6987
7000
6987
7000
7012
7025
7037
7050
7037
7062
7050
7037
7050
7062
7075
7100
7100
7100
7100
7087
7075
7087
7075
7087
7075
7087
7100
7112
7100
7125
7125
7125
7150
7187
7225
7287
7350
7412
7475
7537
7612
7675
7750
7825
7900
7962
8000
8037
8050
8062
8050
8062
8037
8037
8012
8025
8012
8037
8025
8050
8037
8050
8037
8062
8050
8037
8025
8012
7975
7962
7937
7912
7887
7862
7812
7775
7712
7662
7625
7587
7575
7562
7575
7562
7550
7550
7537
7537
7537
7562
7550
7575
7562
7575
7562
7575
7562
7550
7537
7550
7537
7562
7587
7612
7612
7637
7612
7612
7612
7612
7612
7625
7637
7625
7612
7600
7587
7575
7562
7550
7537
7525
7512
7525
7537
7550
7550
7550
7550
7550
7525
7537
7525
7487
7475
7487
7475
7487
7500
7512
7487
7487
7487
7487
7487
7500
7512
7487
7487
7487
7487
7487
7500
7512
7500
7525
7512
7525
7512
7525
7500
7487
7475
7487
7475
7487
7500
7512
7500
7512
7500
7512
7525
7562
7600
7662
7700
7737
7787
7812
7837
7887
7925
7962
8000
8037
8075
8112
8150
8187
8225
8250
8275
8275
8300
8287
8275
8237
8200
8175
8137
8100
8087
8075
8037
8025
8000
7975
7950
7925
7900
7887
7850
7837
7825
7787
7775
7762
7762
7750
7762
7750
7762
7750
7762
7737
7737
7712
7712
7687
7700
7687
7700
7687
7712
7700
7712
7725
7737
7737
7750
7762
7750
7737
7725
7712
7675
7662
7650
7650
7637
7650
7662
7662
7662
7662
7662
7637
7650
7625
7612
7600
7587
7550
7550
7537
7525
7512
7525
7500
7512
7500
7512
7500
7487
7475
7462
7450
7437
7450
7437
7450
7437
7425
7412
7400
7387
7400
7412
7400
7412
7400
7387
7375
7362
7350
7337
7325
7300
7312
7287
7300
7287
7312
7300
7300
7287
7275
7262
7250
7262
7250
7262
7275
7287
7300
7337
7350
7362
7400
7450
7500
7575
7650
7712
7750
7787
7825
7862
7900
7937
7975
8012
8025
8037
8075
8087
8100
8112
8100
8062
8050
8012
7975
7962
7950
7937
7925
7937
7925
7937
7925
7912
7900
7887
7875
7862
7850
7837
7825
7787
7750
7737
7700
7675
7650
7650
7625
7612
7600
7587
7575
7562
7575
7587
7600
7587
7600
7612
7600
7612
7625
7637
7650
7662
7675
7687
7675
7662
7650
7612
7600
7587
7575
7562
7575
7562
7575
7562
7550
7537
7550
7537
7550
7562
7550
7537
7512
7487
7462
7462
7437
7462
7450
7462
7450
7462
7437
7450
7437
7450
7437
7450
7437
7450
7437
7450
7437
7450
7437
7450
7437
7450
7437
7450
7437
7450
7462
7475
7487
7500
7512
7487
7487
7462
7462
7437
7450
7462
7475
7487
7500
7512
7500
7512
7500
7512
7487
7487
7462
7462
7437
7450
7462
7500
7512
7550
7587
7625
7662
7712
7775
7837
7900
7962
8025
8087
8125
8162
8200
8225
8237
8275
8312
8325
8337
8375
8387
8400
8412
8425
8412
8425
8412
8400
8387
8375
8362
8350
8337
8325
8312
8275
8237
8225
8200
8162
8150
8137
8100
8087
8075
8062
8050
8062
8050
8037
8025
8012
8000
7987
7975
7962
7950
7937
7925
7937
7925
7937
7950
7962
7950
7962
7950
7937
7925
7912
7900
7887
7875
7862
7875
7862
7850
7837
7825
7787
7775
7762
7762
7750
7737
7725
7712
7700
7687
7700
7687
7700
7712
7712
7712
7712
7712
7687
7700
7687
7675
7662
7650
7637
7625
7637
7625
7637
7625
7612
7600
7587
7575
7587
7600
7612
7650
7662
7675
7687
7712
7700
7712
7700
7712
7687
7700
7712
7712
7725
7737
7725
7712
7737
7725
7737
7750
7762
7750
7762
7750
7762
7750
7762
7750
7762
7750
7762
7750
7737
7725
7712
7700
7687
7700
7712
7737
7775
7837
7900
7962
8025
8087
8150
8212
8262
8312
8362
8387
8412
8437
8437
8437
8462
8450
8437
8450
8437
8425
8412
8425
8412
8400
8387
8375
8337
8300
8287
8250
8250
8237
8250
8237
8250
8237
8250
8237
8225
8212
8200
8162
8125
8087
8050
8012
8000
7987
8000
7987
8000
7987
7975
7962
7975
7962
7975
7987
8000
7987
8000
7987
8012
8000
8012
8000
8012
7987
8000
8012
8025
8012
8025
8012
8000
7987
7975
7962
7975
7950
7950
7950
7950
7925
7937
7925
7937
7925
7937
7925
7937
7925
7912
7912
7912
7912
7900
7912
7887
7887
7862
7875
7887
7900
7887
7900
7912
7900
7912
7925
7937
7925
7912
7900
7912
7900
7912
7925
7937
7950
7962
7975
7987
8000
8012
8025
8012
8025
8012
8000
8012
8012
7987
7987
7962
7937
7925
7937
7950
7950
7950
7950
7950
7925
7937
7925
7937
7925
7937
7925
7912
7900
7887
7875
7887
7900
7912
7925
7937
7950
8000
8050
8125
8200
8262
8312
8362
8412
8450
8487
8525
8537
8562
8587
8612
8637
8662
8675
8662
8675
8662
8650
8600
8587
8550
8512
8500
8487
8462
8437
8437
8412
8425
8400
8400
8375
8375
8350
8337
8300
8287
8250
8225
8187
8175
8137
8125
8112
8100
8087
8100
8112
8125
8162
8175
8187
8175
8187
8175
8187
8175
8187
8162
8162
8137
8150
8125
8150
8150
8150
8137
8137
8125
8112
8125
8112
8125
8112
8125
8112
8125
8112
8100
8100
8100
8100
8100
8100
8087
8100
8087
8100
8112
8125
8112
8137
8137
8162
8162
8187
8175
8187
8200
8225
8237
8275
8287
8300
8287
8300
8287
8300
8287
8300
8287
8300
8287
8300
8287
8312
8312
8337
8337
8362
8350
8362
8375
8387
8400
8437
8450
8462
8475
8487
8475
8487
8475
8487
8475
8487
8500
8512
8525
8562
8600
8637
8700
8737
8775
8800
8837
8875
8937
8975
9025
9050
9075
9100
9150
9187
9225
9262
9275
9287
9275
9262
9250
9237
9187
9162
9137
9112
9075
9050
9000
8975
8925
8887
8850
8812
8750
8725
8687
8650
8612
8575
8537
8500
8462
8450
8437
8400
8387
8375
8337
8325
8337
8325
8337
8350
8337
8325
8312
8300
8287
8300
8287
8275
8262
8250
8250
8237
8250
8237
8250
8237
8250
8237
8250
8237
8225
8225
8225
8187
8175
8162
8137
8112
8100
8087
8075
8062
8050
8062
8050
8062
8050
8037
8025
8012
8000
7987
8000
7987
8000
7975
7975
7950
7950
7925
7937
7925
7937
7925
7937
7925
7937
7925
7912
7900
7887
7875
7862
7875
7862
7875
7862
7875
7862
7875
7862
7875
7862
7875
7862
7875
7862
7850
7837
7825
7812
7800
7812
7800
7812
7800
7812
7825
7837
7850
7887
7925
7962
8025
8087
8125
8162
8200
8225
8262
8325
8387
8450
8512
8550
8587
8625
8637
8650
8662
8675
8662
8675
8662
8675
8662
8650
8637
8625
8587
8575
8562
8550
8537
8550
8537
8525
8512
8500
8462
8450
8425
8375
8325
8300
8250
8225
8212
8200
8187
8175
8187
8175
8187
8175
8187
8175
8187
8175
8187
8175
8187
8175
8187
8200
8212
8225
8237
8250
8250
8262
8275
8287
8300
8287
8300
8287
8300
8287
8300
8287
8300
8287
8300
8287
8300
8287
8275
8262
8250
8250
8237
8225
8212
8200
8187
8175
8187
8200
8212
8225
8225
8225
8225
8225
8225
8237
8225
8212
8200
8187
8175
8187
8175
8187
8200
8212
8225
8237
8250
8250
8262
8250
8262
8275
8262
8275
8287
8300
8287
8275
8262
8250
8250
8237
8225
8212
8200
8187
8175
8187
8175
8187
8175
8187
8200
8212
8225
8250
8287
8325
8387
8450
8512
8575
8637
8700
8750
8812
8850
8887
8925
8937
8950
8962
8950
8937
8925
8912
8900
8912
8900
8912
8900
8887
8850
8837
8800
8775
8762
8750
8712
8675
8662
8625
8612
8600
8587
8575
8562
8525
8512
8500
8462
8425
8412
8375
8337
8300
8287
8250
8250
8237
8250
8237
8250
8237
8250
8237
8250
8237
8250
8237
8250
8225
8225
8225
8225
8225
8237
8250
8237
8250
8237
8250
8237
8250
8225
8225
8200
8200
8175
8162
8150
8137
8125
8112
8125
8112
8100
8062
8050
8012
7975
7975
7975
7975
7975
8000
7987
8000
7987
8000
7987
7975
7962
7950
7937
7925
7937
7950
7962
7975
7987
8000
7987
8000
7987
8000
7987
7975
7962
7950
7937
7925
7937
7925
7912
7900
7887
7875
7887
7900
7912
7925
7937
7925
7937
7925
7937
7925
7937
7950
7987
8025
8087
8150
8200
8262
8325
8387
8450
8512
8550
8587
8600
8612
8600
8612
8600
8587
8575
8562
8550
8537
8550
8537
8525
8525
8512
8475
8462
8450
8425
8412
8400
8387
8375
8337
8300
8262
8225
8200
8162
8150
8137
8125
8112
8125
8112
8100
8087
8075
8062
8050
8062
8050
8062
8050
8075
8075
8100
8100
8125
8112
8125
8112
8125
8112
8125
8137
8150
8137
8162
8162
8162
8162
8162
8162
8162
8137
8137
8137
8125
8112
8125
8112
8125
8112
8100
8087
8075
8062
8050
8062
8050
8062
8050
8062
8050
8062
8050
8062
8050
8062
8050
8062
8050
8062
8037
8037
8012
8012
7987
8000
7987
7975
7962
7950
7937
7925
7937
7925
7937
7925
7937
7925
7950
7950
7975
7975
8000
8012
8050
8087
8125
8162
8200
8237
8287
8337
8400
8437
8475
8487
8537
8550
8587
8612
8637
8650
8662
8675
8687
8700
8712
8750
8762
8775
8787
8800
8787
8775
8762
8737
8712
8687
8687
8662
8650
8612
8600
8562
8525
8512
8500
8487
8462
8462
8437
8437
8412
8425
8412
8400
8387
8375
8375
8362
8375
8362
8387
8362
8375
8362
8375
8375
8412
8450
8487
8525
8562
8575
8587
8600
8612
8600
8587
8575
8562
8550
8537
8550
8537
8550
8562
8575
8587
8600
8612
8600
8612
8600
8587
8575
8587
8575
8587
8600
8612
8600
8612
8600
8612
8600
8612
8600
8587
8575
8562
8550
8537
8550
8537
8550
8562
8575
8587
8625
8637
8650
8662
8675
8687
8700
8712
8725
8712
8700
8687
8675
8662
8675
8662
8675
8662
8675
8662
8687
8687
8712
8712
8737
8725
8737
8750
8762
8775
8787
8800
8787
8800
8787
8800
8787
8800
8800
8837
8875
8937
9012
9087
9162
9237
9300
9362
9425
9487
9550
9612
9675
9737
9775
9812
9825
9837
9825
9837
9825
9837
9825
9812
9800
9787
9775
9762
9750
9712
9675
9612
9575
9525
9500
9462
9450
9412
9412
9387
9375
9362
9350
9325
9312
9300
9262
9250
9237
9225
9212
9225
9212
9225
9212
9225
9237
9250
9262
9275
9262
9250
9262
9250
9262
9275
9287
9275
9262
9250
9237
9225
9212
9225
9212
9200
9187
9175
9162
9150
9162
9150
9162
9137
9137
9137
9137
9137
9150
9162
9150
9162
9137
9137
9112
9087
9062
9050
9012
9000
8975
8950
8925
8925
8900
8912
8900
8887
8875
8862
8850
8837
8825
8812
8800
8775
8762
8775
8750
8750
8750
8750
8725
8737
8725
8712
8700
8687
8675
8662
8650
8637
8625
8612
8600
8587
8550
8537
8500
8487
8475
8487
8475
8487
8475
8487
8462
8462
8462
8462
8462
8500
8537
8550
8600
8650
8700
8737
8812
8875
8912
8950
8987
9025
9062
9100
9150
9175
9200
9200
9225
9212
9225
9212
9200
9187
9175
9162
9150
9137
9125
9112
9100
9087
9075
9062
9050
9037
9025
9012
9000
8975
8962
8937
8937
8912
8925
8887
8887
8862
8862
8837
8850
8862
8875
8887
8900
8887
8875
8887
8875
8887
8900
8887
8875
8887
8875
8887
8900
8887
8875
8887
8875
8862
8875
8862
8850
8837
8850
8837
8850
8837
8825
8812
8800
8800
8787
8800
8787
8800
8800
8812
8825
8837
8850
8837
8850
8837
8850
8837
8850
8837
8850
8825
8825
8800
8812
8787
8800
8787
8775
8762
8750
8737
8725
8737
8725
8737
8725
8737
8725
8737
8725
8737
8750
8762
8775
8787
8800
8787
8800
8800
8812
8825
8862
8900
8937
9000
9062
9125
9187
9250
9300
9362
9400
9437
9450
9475
9475
9500
9525
9550
9562
9575
9562
9550
9537
9500
9487
9475
9462
9450
9462
9450
9437
9425
9412
9400
9387
9375
9337
9300
9275
9237
9200
9187
9175
9162
9150
9162
9150
9162
9150
9162
9150
9162
9150
9175
9162
9175
9162
9175
9150
9162
9150
9162
9150
9162
9150
9162
9150
9162
9150
9162
9150
9162
9175
9187
9200
9212
9225
9212
9225
9212
9225
9212
9225
9212
9200
9187
9175
9137
9137
9137
9112
9112
9112
9100
9087
9100
9087
9075
9062
9050
9012
9000
9012
9000
9012
9025
9037
9025
9037
9050
9062
9050
9075
9075
9075
9062
9075
9050
9050
9025
9037
9025
9012
9000
8987
8975
8962
8975
8987
9000
9012
9025
9012
9012
9000
8987
8975
8987
8962
8975
8987
9025
9062
9125
9187
9250
9300
9337
9375
9425
9475
9525
9600
9675
9737
9775
9812
9825
9837
9837
9837
9850
9862
9875
9862
9862
9850
9837
9812
9775
9737
9700
9662
9625
9587
9550
9512
9475
9437
9425
9412
9375
9362
9350
9350
9337
9350
9337
9350
9337
9350
9337
9350
9337
9350
9337
9350
9337
9350
9337
9350
9350
9362
9375
9412
9425
9437
9450
9462
9475
9487
9475
9487
9475
9462
9450
9462
9450
9437
9425
9412
9400
9387
9400
9412
9425
9437
9450
9462
9450
9437
9425
9412
9375
9362
9350
9350
9350
9350
9350
9375
9362
9375
9387
9400
9387
9400
9387
9375
9362
9350
9350
9337
9350
9337
9350
9337
9350
9337
9325
9312
9300
9287
9275
9287
9275
9287
9275
9287
9275
9287
9275
9287
9275
9262
9262
9287
9287
9312
9350
9387
9437
9512
9587
9662
9737
9775
9812
9837
9850
9875
9900
9925
9925
9950
9962
10000
10037
10100
10137
10150
10162
10150
10112
10100
10087
10075
10062
10050
10037
10025
9987
9975
9962
9925
9912
9900
9862
9850
9837
9812
9775
9762
9725
9675
9650
9625
9600
9575
9562
9525
9512
9475
9437
9425
9412
9400
9387
9400
9387
9400
9387
9375
9362
9350
9350
9337
9350
9325
9337
9325
9337
9337
9362
9375
9387
9400
9387
9400
9387
9400
9387
9375
9362
9350
9350
9337
9350
9337
9325
9312
9300
9287
9275
9287
9275
9262
9250
9237
9200
9187
9175
9137
9125
9112
9100
9087
9100
9087
9100
9087
9100
9087
9100
9087
9075
9062
9050
9037
9025
9037
9025
9012
9000
9012
9000
9012
9025
9037
9025
9037
9025
9037
9025
9037
9025
9037
9025
9037
9025
9037
9025
9012
9012
9012
8987
8987
8987
8975
8962
8975
8987
9000
9012
9025
9037
9025
9037
9025
9050
9050
9087
9100
9137
9137
9162
9187
9237
9262
9312
9362
9412
9462
9537
9587
9625
9662
9675
9687
9700
9712
9700
9725
9725
9725
9725
9725
9687
9675
9662
9650
9637
9650
9637
9650
9637
9650
9637
9625
9587
9537
9487
9437
9387
9337
9300
9250
9187
9150
9100
9075
9050
9050
9025
9037
9025
9037
9025
9037
9025
9037
9025
9037
9025
9037
9025
9037
9050
9062
9087
9112
9137
9137
9162
9150
9162
9150
9162
9150
9162
9150
9162
9150
9137
9125
9112
9100
9087
9112
9112
9137
9162
9187
9175
9187
9175
9137
9137
9125
9112
9100
9112
9087
9100
9087
9100
9087
9100
9087
9112
9100
9112
9125
9125
9112
9137
9137
9137
9150
9137
9125
9137
9125
9137
9150
9162
9175
9187
9200
9212
9225
9212
9225
9212
9200
9187
9175
9162
9150
9137
9125
9112
9075
9062
9075
9100
9125
9175
9225
9275
9287
9325
9350
9362
9375
9412
9450
9462
9512
9537
9562
9562
9587
9575
9587
9600
9612
9625
9637
9650
9662
9675
9662
9650
9612
9575
9525
9500
9475
9475
9450
9462
9450
9462
9450
9437
9425
9412
9400
9387
9400
9387
9400
9387
9375
9362
9350
9325
9312
9300
9262
9250
9237
9200
9187
9175
9162
9150
9162
9150
9162
9175
9187
9200
9212
9225
9212
9237
9225
9237
9212
9212
9175
9175
9150
9175
9162
9187
9187
9187
9175
9200
9187
9200
9212
9225
9212
9225
9200
9212
9187
9187
9162
9175
9150
9162
9150
9137
9125
9112
9075
9062
9050
9037
9025
9037
9050
9050
9050
9050
9050
9025
9012
8975
8962
8925
8912
8900
8887
8887
8875
8862
8850
8862
8837
8850
8837
8862
8862
8887
8887
8912
8900
8887
8875
8887
8862
8875
8887
8875
8862
8850
8825
8800
8800
8787
8800
8787
8800
8800
8837
8850
8887
8925
8962
8975
9025
9075
9125
9175
9250
9287
9325
9350
9387
9400
9437
9450
9475
9475
9500
9500
9525
9512
9525
9512
9525
9512
9525
9512
9525
9512
9525
9512
9500
9487
9462
9437
9412
9412
9375
9375
9350
9350
9337
9325
9287
9275
9237
9225
9212
9200
9187
9162
9150
9137
9150
9137
9162
9175
9187
9200
9237
9275
9287
9325
9337
9350
9337
9350
9337
9325
9312
9300
9262
9250
9237
9187
9175
9162
9150
9137
9162
9175
9187
9200
9237
9250
9262
9275
9262
9250
9237
9200
9162
9150
9112
9100
9087
9100
9087
9100
9087
9100
9112
9125
9137
9150
9162
9150
9162
9137
9137
9112
9112
9087
9075
9062
9075
9062
9075
9112
9125
9137
9150
9162
9150
9175
9162
9175
9162
9150
9125
9112
9075
9062
9050
9037
9025
9012
9000
9012
9000
9012
9025
9012
8975
8937
8900
8862
8850
8862
8900
8937
8975
9012
9050
9062
9075
9087
9100
9112
9125
9137
9175
9187
9200
9212
9225
9212
9225
9212
9225
9212
9225
9212
9225
9212
9200
9162
9162
9137
9112
9087
9087
9050
9037
9025
9037
9025
9012
9000
8987
8975
8962
8950
8937
8925
8887
8850
8837
8800
8775
8737
8725
8687
8675
8662
8675
8687
8700
8712
8725
8737
8725
8712
8700
8687
8675
8662
8675
8650
8650
8625
8625
8600
8612
8600
8612
8587
8587
8587
8587
8587
8600
8612
8600
8612
8600
8612
8600
8612
8600
8587
8575
8562
8550
8537
8550
8537
8550
8537
8550
8537
8525
8525
8512
8500
8487
8500
8475
8487
8475
8487
8475
8462
8450
8437
8400
8387
8375
8362
8350
8337
8325
8337
8325
8337
8350
8337
8325
8312
8275
8262
8250
8250
8237
8250
8237
8250
8237
8250
8250
8262
8250
8262
8250
8225
8212
8200
8187
8200
8225
8237
8275
8312
8350
8387
8425
8462
8500
8512
8525
8537
8525
8512
8500
8462
8450
8437
8400
8387
8362
8337
8312
8287
8262
8237
8200
8175
8150
8100
8062
8025
7987
7937
7912
7862
7837
7775
7712
7662
7625
7587
7562
7550
7537
7525
7487
7450
7437
7400
7362
7325
7312
7262
7237
7212
7187
7175
7187
7175
7187
7200
7212
7212
7225
7237
7250
7237
7200
7187
7162
7150
7137
7150
7137
7150
7137
7125
7112
7100
7087
7075
7087
7075
7087
7100
7112
7125
7137
7125
7112
7100
7087
7100
7112
7100
7112
7100
7087
7075
7100
7100
7125
7125
7150
7162
7162
7175
7187
7200
7187
7212
7200
7212
7200
7212
7212
7250
7262
7300
7337
7350
7362
7400
7437
7450
7487
7525
7537
7550
7562
7575
7562
7575
7587
7600
7612
7625
7637
7625
7637
7650
7662
7675
7687
7700
7687
7700
7712
7725
7737
7750
7737
7725
7737
7725
7737
7762
7800
7837
7875
7925
7975
8025
8075
8150
8200
8262
8325
8362
8400
8437
8450
8462
8500
8512
8525
8537
8525
8512
8500
8462
8450
8437
8437
8437
8437
8437
8437
8425
8412
8425
8412
8400
8387
8375
8337
8325
8312
8275
8262
8250
8250
8237
8250
8237
8250
8250
8262
8250
8262
8250
8250
8237
8250
8250
8262
8275
8287
8300
8312
8325
8312
8325
8312
8300
8287
8300
8287
8300
8287
8300
8287
8300
8287
8300
8287
8300
8275
8275
8250
8225
8212
8200
8162
8125
8112
8100
8075
8075
8075
8075
8050
8062
8050
8062
8050
8062
8050
8062
8050
8062
8050
8062
8050
8062
8050
8062
8050
8062
8050
8062
8050
8062
8050
8062
8050
8062
8050
8037
8025
8012
8000
7987
8000
7987
8000
7987
8000
7987
7975
7962
7950
7937
7925
7937
7925
7937
7950
7987
8000
8037
8075
8112
8150
8200
8262
8325
8387
8450
8475
8500
8525
8550
8575
8637
8675
8712
8750
8762
8750
8762
8737
8712
8687
8687
8662
8650
8637
8625
8612
8600
8587
8575
8562
8525
8512
8500
8462
8450
8462
8450
8462
8475
8487
8475
8487
8500
8512
8525
8537
8550
8537
8550
8537
8550
8537
8550
8537
8550
8537
8525
8512
8525
8512
8525
8537
8550
8537
8525
8525
8525
8525
8525
8525
8512
8525
8512
8525
8537
8550
8537
8550
8537
8550
8537
8550
8537
8550
8537
8550
8537
8550
8562
8575
8587
8587
8587
8562
8562
8562
8600
8600
8625
8625
8637
8625
8650
8650
8675
8687
8700
8712
8725
8737
8725
8737
8725
8737
8750
8775
8787
8825
8837
8850
8837
8850
8837
8850
8862
8875
8887
8900
8912
8925
8937
8950
8962
8975
8987
9025
9062
9125
9162
9212
9262
9287
9312
9350
9387
9400
9450
9500
9525
9550
9600
9612
9625
9662
9675
9662
9675
9662
9650
9662
9675
9687
9700
9687
9675
9662
9650
9625
9625
9600
9575
9525
9487
9425
9362
9325
9287
9262
9237
9237
9212
9200
9162
9125
9062
9025
8987
8950
8912
8900
8862
8850
8837
8825
8812
8800
8800
8800
8812
8825
8837
8850
8825
8825
8800
8800
8787
8800
8787
8800
8787
8800
8787
8775
8762
8750
8737
8712
8712
8687
8687
8662
8675
8662
8675
8662
8675
8662
8650
8650
8650
8625
8625
8625
8612
8600
8587
8587
8587
8562
8562
8562
8562
8550
8562
8550
8562
8537
8550
8537
8550
8537
8562
8562
8587
8587
8612
8600
8612
8600
8612
8600
8612
8600
8612
8625
8625
8625
8625
8625
8600
8587
8575
8587
8575
8587
8637
8662
8700
8737
8775
8787
8837
8875
8937
8975
9012
9050
9087
9125
9187
9225
9275
9300
9325
9337
9387
9400
9437
9437
9450
9437
9425
9412
9412
9400
9387
9375
9362
9350
9325
9312
9300
9287
9275
9262
9250
9237
9225
9212
9200
9162
9125
9087
9050
9037
9025
9037
9025
9037
9025
9037
9050
9062
9075
9087
9100
9112
9125
9137
9150
9162
9150
9162
9150
9162
9150
9162
9150
9137
9125
9112
9100
9087
9100
9087
9100
9087
9100
9087
9075
9062
9050
9037
9025
9037
9025
9037
9025
9037
9025
9037
9025
9037
9025
9037
9025
9037
9025
9037
9025
9037
9025
9037
9025
9012
9000
8987
8975
8962
8975
8987
9000
9012
9025
9037
9050
9050
9050
9050
9050
9025
9012
9000
8987
8975
8987
9000
9012
9025
9037
9025
9037
9025
9037
9025
9012
9000
8987
8975
8962
8987
8987
9012
9012
9037
9025
9037
9050
9062
9075
9112
9150
9187
9250
9300
9337
9375
9412
9450
9487
9550
9612
9650
9687
9700
9712
9700
9712
9700
9712
9700
9712
9700
9712
9700
9687
9650
9637
9600
9562
9525
9512
9475
9462
9450
9437
9400
9387
9350
9350
9337
9325
9312
9300
9287
9275
9287
9275
9262
9250
9237
9200
9187
9175
9162
9150
9162
9150
9162
9150
9175
9175
9200
9200
9225
9212
9225
9212
9225
9212
9225
9212
9225
9212
9225
9212
9225
9212
9225
9212
9237
9237
9237
9237
9237
9237
9237
9237
9237
9237
9200
9187
9175
9162
9150
9162
9150
9137
9125
9112
9100
9087
9100
9087
9100
9087
9075
9062
9050
9037
9050
9062
9075
9087
9100
9087
9100
9087
9075
9062
9050
9037
9025
9037
9025
9037
9025
9037
9025
9037
9025
9037
9025
9012
9000
9012
9000
8987
9000
8987
8975
8962
8975
8962
8975
8962
8950
8937
8950
8937
8950
8987
9000
9012
9050
9087
9137
9187
9237
9287
9325
9337
9375
9412
9450
9462
9512
9537
9562
9587
9612
9625
9662
9700
9737
9762
9800
9812
9825
9812
9837
9837
9837
9837
9837
9837
9825
9837
9825
9812
9800
9775
9750
9725
9700
9675
9687
9675
9687
9687
9687
9662
9662
9637
9625
9612
9600
9587
9575
9562
9550
9537
9500
9487
9475
9437
9425
9412
9400
9387
9412
9412
9437
9437
9437
9425
9412
9400
9387
9375
9375
9375
9387
9400
9437
9437
9462
9475
9487
9500
9512
9525
9512
9500
9487
9475
9462
9450
9462
9450
9462
9475
9487
9500
9512
9525
9512
9525
9512
9525
9512
9500
9462
9450
9412
9400
9387
9400
9375
9375
9375
9375
9350
9362
9350
9350
9337
9350
9337
9350
9337
9325
9312
9300
9287
9275
9287
9275
9287
9275
9287
9275
9287
9275
9287
9275
9287
9275
9300
9300
9300
9300
9325
9300
9312
9325
9337
9312
9337
9325
9337
9325
9350
9337
9350
9337
9350
9337
9350
9337
9350
9337
9325
9325
9325
9325
9325
9350
9337
9350
9337
9350
9337
9350
9325
9325
9300
9300
9275
9287
9275
9287
9275
9287
9300
9312
9325
9362
9387
9412
9462
9512
9550
9612
9675
9737
9775
9812
9837
9875
9912
9950
9962
9987
10012
10012
10037
10062
10075
10087
10100
10112
10125
10137
10125
10137
10125
10137
10125
10137
10125
10112
10100
10087
10075
10062
10075
10062
10050
10037
10025
10012
9987
9987
9962
9962
9937
9950
9937
9925
9912
9900
9862
9825
9812
9787
9750
9737
9725
9712
9700
9712
9700
9725
9725
9750
9750
9775
9762
9775
9762
9750
9737
9712
9700
9687
9700
9687
9712
9700
9712
9700
9712
9700
9712
9700
9712
9700
9687
9675
9662
9650
9637
9650
9637
9650
9637
9650
9637
9650
9637
9625
9612
9625
9612
9625
9637
9650
9637
9650
9637
9625
9612
9600
9587
9575
9600
9587
9600
9612
9625
9625
9637
9650
9637
9650
9637
9650
9637
9625
9612
9600
9587
9575
9587
9575
9587
9600
9612
9600
9612
9600
9587
9575
9587
9575
9600
9600
9625
9625
9650
9637
9625
9612
9600
9587
9575
9587
9575
9587
9575
9587
9575
9587
9575
9587
9575
9587
9575
9562
9550
9537
9525
9512
9525
9512
9525
9512
9525
9512
9525
9512
9525
9537
9550
9562
9600
9637
9675
9712
9750
9787
9812
9850
9887
9925
9962
10000
10012
10062
10087
10112
10137
10162
10175
10212
10225
10212
10225
10212
10175
10162
10150
10112
10100
10087
10075
10062
10050
10037
10012
9987
9962
9937
9912
9900
9887
9875
9862
9825
9787
9762
9750
9737
9725
9737
9750
9725
9700
9700
9675
9650
9637
9650
9637
9650
9637
9650
9675
9700
9725
9750
9775
9762
9750
9737
9725
9712
9700
9712
9700
9687
9675
9662
9650
9637
9650
9637
9650
9637
9650
9637
9650
9637
9650
9637
9625
9587
9575
9537
9525
9512
9525
9537
9550
9562
9575
9562
9550
9562
9550
9562
9575
9587
9562
9562
9537
9537
9512
9525
9512
9500
9487
9475
9462
9450
9462
9450
9462
9450
9462
9450
9437
9425
9412
9400
9387
9400
9387
9400
9387
9400
9387
9400
9387
9400
9387
9375
9362
9375
9362
9350
9362
9350
9350
9337
9350
9337
9350
9337
9350
9350
9362
9350
9375
9375
9350
9350
9375
9387
9400
9437
9475
9512
9550
9587
9625
9662
9675
9687
9725
9737
9750
9787
9800
9812
9837
9862
9887
9937
9950
9987
10000
9987
9975
9987
9975
9962
9975
9962
9925
9912
9900
9862
9850
9837
9837
9837
9837
9812
9812
9787
9750
9737
9725
9712
9700
9687
9687
9687
9662
9662
9662
9650
9662
9700
9712
9750
9762
9775
9787
9800
9812
9825
9837
9837
9850
9862
9875
9887
9875
9887
9875
9887
9875
9887
9875
9887
9875
9887
9875
9862
9862
9862
9837
9837
9837
9837
9825
9837
9825
9837
9825
9837
9825
9837
9825
9837
9825
9837
9837
9850
9862
9875
9887
9875
9887
9875
9862
9850
9862
9850
9862
9875
9887
9875
9862
9850
9862
9837
9837
9837
9837
9825
9837
9825
9837
9825
9837
9837
9850
9862
9875
9862
9862
9862
9837
9837
9837
9837
9825
9837
9812
9812
9787
9800
9787
9812
9825
9850
9837
9850
9862
9850
9862
9900
9937
9975
10012
10050
10087
10137
10187
10262
10325
10400
10437
10475
10512
10525
10537
10550
10562
10550
10562
10550
10562
10550
10537
10525
10512
10500
10487
10475
10462
10450
10437
10425
10437
10425
10437
10425
10412
10400
10387
10362
10350
10337
10300
10287
10275
10237
10225
10200
10175
10150
10125
10100
10087
10050
10037
10025
10012
10000
10012
10000
10012
10000
10012
10000
10012
10000
10012
10000
9987
9975
9987
9975
9962
9975
9987
9975
9987
10000
9987
9975
9962
9950
9937
9950
9937
9925
9912
9900
9887
9875
9887
9875
9862
9850
9837
9837
9825
9812
9800
9787
9775
9762
9775
9787
9787
9787
9787
9787
9787
9800
9812
9825
9837
9837
9850
9862
9875
9887
9875
9887
9875
9887
9875
9887
9875
9887
9875
9887
9875
9887
9875
9887
9875
9887
9900
9912
9925
9937
9950
9937
9950
9937
9950
9937
9925
9912
9900
9887
9875
9887
9875
9862
9850
9837
9837
9825
9837
9837
9850
9875
9900
9925
9950
10012
10037
10087
10137
10187
10200
10250
10275
10300
10300
10325
10337
10362
10375
10412
10425
10437
10450
10462
10475
10487
10500
10487
10500
10487
10475
10462
10450
10412
10400
10387
10362
10350
10337
10325
10312
10300
10262
10250
10200
10175
10150
10150
10125
10112
10100
10087
10087
10075
10100
10100
10100
10087
10087
10075
10062
10075
10062
10075
10087
10087
10087
10087
10087
10062
10050
10037
10025
10012
10000
10012
10000
10012
10000
10012
10000
10012
10000
10012
10000
9987
9975
9962
9925
9912
9900
9887
9875
9887
9875
9887
9875
9887
9875
9887
9875
9887
9875
9887
9900
9900
9912
9925
9912
9900
9900
9887
9875
9887
9875
9887
9875
9862
9850
9862
9850
9862
9862
9862
9862
9862
9862
9875
9900
9900
9925
9925
9950
9937
9950
9937
9950
9937
9950
9937
9950
9937
9925
9912
9900
9887
9875
9887
9875
9887
9875
9887
9875
9862
9850
9837
9837
9825
9812
9800
9787
9775
9787
9787
9787
9812
9812
9812
9825
9837
9837
9875
9912
9975
10012
10050
10087
10125
10162
10187
10225
10262
10275
10287
10312
10325
10337
10350
10362
10387
10400
10412
10425
10437
10425
10412
10400
10387
10362
10325
10312
10275
10262
10250
10262
10250
10237
10225
10212
10200
10187
10175
10162
10137
10087
10062
10037
10012
10000
10012
10025
10037
10050
10062
10075
10062
10075
10062
10050
10037
10025
10012
10000
9987
9975
9962
9950
9937
9950
9925
9925
9925
9925
9925
9937
9950
9937
9950
9937
9950
9937
9950
9962
9975
9987
10000
10012
10000
10012
10000
9987
9975
9962
9950
9937
9950
9962
9962
9975
9987
10000
9987
10025
10025
10025
10025
10025
10025
10012
10025
10012
10025
10025
10037
10050
10062
10075
10050
10050
10050
10050
10050
10062
10075
10087
10087
10087
10087
10087
10062
10075
10062
10050
10037
10050
10025
10025
10050
10050
10050
10062
10075
10087
10087
10087
10112
10112
10112
10150
10187
10225
10262
10300
10337
10362
10375
10412
10450
10487
10500
10537
10537
10537
10537
10537
10512
10525
10500
10475
10450
10450
10425
10437
10425
10412
10400
10387
10387
10375
10387
10375
10387
10375
10362
10350
10337
10325
10312
10300
10287
10275
10237
10200
10187
10150
10137
10125
10137
10125
10137
10125
10137
10150
10162
10150
10162
10150
10137
10125
10137
10125
10137
10150
10162
10175
10187
10200
10212
10212
10212
10212
10212
10187
10175
10137
10100
10062
10025
10012
10000
10012
10025
10025
10025
10050
10050
10025
10012
10000
9962
9925
9912
9900
9887
9875
9887
9875
9900
9887
9900
9887
9900
9900
9912
9900
9912
9887
9862
9837
9837
9825
9837
9825
9837
9825
9837
9837
9850
9862
9875
9887
9875
9862
9825
9812
9787
9775
9762
9750
9737
9725
9687
9675
9662
9650
9637
9650
9662
9675
9687
9725
9762
9775
9812
9825
9837
9837
9875
9912
9950
9987
10025
10037
10050
10087
10125
10162
10200
10237
10250
10275
10275
10300
10300
10325
10312
10337
10337
10362
10350
10362
10337
10312
10287
10275
10237
10225
10212
10175
10162
10150
10137
10112
10112
10087
10062
10037
10025
10012
9987
9987
9962
9937
9912
9900
9862
9825
9812
9787
9750
9737
9750
9737
9750
9787
9800
9787
9800
9787
9775
9762
9775
9787
9800
9787
9800
9787
9775
9762
9750
9737
9750
9725
9725
9725
9725
9725
9737
9750
9762
9775
9762
9775
9762
9750
9737
9725
9712
9700
9687
9675
9662
9650
9637
9625
9625
9625
9625
9625
9650
9662
9675
9687
9700
9712
9700
9712
9700
9712
9700
9712
9700
9687
9675
9662
9650
9637
9650
9637
9650
9662
9675
9687
9725
9737
9750
9787
9800
9787
9812
9800
9800
9787
9800
9762
9762
9725
9725
9725
9737
9750
9787
9800
9812
9825
9837
9825
9837
9825
9812
9800
9787
9775
9787
9800
9812
9837
9850
9862
9900
9912
9937
9987
10012
10050
10087
10112
10137
10162
10175
10212
10250
10262
10300
10337
10362
10375
10412
10425
10412
10400
10387
10362
10350
10337
10300
10287
10275
10262
10250
10237
10225
10212
10200
10187
10200
10187
10200
10175
10175
10150
10125
10100
10087
10075
10062
10050
10037
10025
10012
10000
10012
10000
9987
9975
9962
9950
9937
9950
9937
9962
9962
9987
9987
10012
10000
9987
9975
9987
9975
9987
10000
10012
10000
9987
9975
9962
9950
9937
9950
9937
9950
9937
9925
9912
9925
9912
9925
9937
9925
9912
9925
9912
9925
9937
9950
9937
9925
9912
9900
9887
9875
9887
9875
9887
9875
9900
9900
9925
9925
9950
9937
9950
9937
9925
9912
9900
9862
9850
9837
9837
9825
9812
9812
9812
9812
9825
9837
9837
9837
9850
9837
9862
9862
9887
9875
9887
9875
9862
9850
9862
9850
9862
9875
9887
9875
9887
9875
9887
9900
9912
9925
9937
9950
9937
9950
9962
9975
9987
10000
10012
10000
10012
10000
10012
10025
10062
10100
10137
10187
10237
10287
10312
10362
10387
10425
10437
10475
10512
10525
10537
10550
10562
10550
10575
10562
10575
10562
10575
10550
10537
10525
10512
10475
10462
10450
10412
10412
10412
10387
10362
10362
10337
10325
10312
10325
10312
10325
10312
10300
10287
10275
10237
10225
10212
10200
10187
10200
10187
10200
10187
10200
10212
10225
10237
10250
10262
10250
10262
10250
10262
10250
10262
10250
10262
10250
10262
10250
10262
10275
10287
10300
10312
10325
10312
10325
10312
10325
10312
10325
10312
10300
10287
10300
10287
10300
10312
10337
10337
10337
10337
10337
10325
10337
10350
10337
10350
10362
10350
10362
10387
10387
10387
10387
10387
10375
10387
10375
10387
10375
10387
10387
10400
10412
10425
10437
10425
10437
10425
10412
10400
10387
10387
10375
10387
10375
10387
10375
10387
10375
10387
10375
10362
10350
10337
10325
10312
10300
10287
10275
10262
10250
10262
10250
10262
10250
10262
10250
10275
10275
10300
10300
10337
10350
10375
10412
10450
10475
10500
10550
10550
10575
10600
10625
10625
10662
10675
10687
10675
10687
10700
10712
10725
10737
10725
10712
10700
10687
10675
10662
10650
10637
10625
10612
10625
10612
10625
10612
10600
10587
10575
10562
10550
10562
10550
10537
10525
10512
10500
10487
10500
10487
10500
10487
10500
10487
10475
10475
10475
10475
10475
10475
10462
10475
10462
10450
10475
10475
10475
10462
10475
10450
10462
10450
10475
10475
10475
10462
10450
10437
10425
10412
10400
10412
10400
10387
10400
10387
10387
10362
10362
10337
10337
10312
10325
10337
10350
10362
10375
10387
10375
10387
10375
10387
10375
10362
10350
10337
10325
10312
10325
10337
10350
10362
10375
10362
10350
10325
10312
10287
10300
10287
10312
10325
10350
10362
10375
10387
10375
10387
10362
10362
10337
10337
10312
10325
10337
10350
10362
10375
10387
10375
10387
10375
10387
10387
10425
10462
10525
10587
10650
10712
10750
10800
10825
10850
10862
10887
10900
10937
10937
10937
10937
10937
10912
10925
10912
10925
10912
10925
10912
10925
10912
10925
10912
10925
10937
10950
10962
10975
10987
10962
10937
10887
10862
10825
10787
10750
10712
10650
10587
10525
10462
10400
10362
10337
10300
10287
10275
10237
10225
10212
10200
10187
10175
10162
10175
10162
10175
10187
10175
10162
10150
10112
10075
10062
10025
10012
9987
9987
9962
9962
9937
9950
9937
9925
9912
9900
9900
9900
9900
9900
9900
9900
9900
9925
9912
9925
9900
9900
9875
9887
9862
9862
9837
9812
9800
9787
9750
9737
9725
9712
9700
9687
9675
9662
9625
9612
9600
9587
9575
9562
9550
9537
9525
9512
9525
9512
9525
9512
9500
9462
9450
9412
9375
9362
9350
9325
9312
9287
9262
9237
9200
9162
9137
9087
9037
9037
9012
9012
9000
8987
8937
8875
8812
8762
8725
8700
8687
8650
8612
8575
8537
8500
8487
8475
8462
8425
8375
8325
8275
8225
8212
8200
8162
8125
8087
8025
7962
7900
7862
7825
7787
7750
7737
7712
7675
7662
7650
7612
7600
7587
7575
7562
7550
7512
7475
7412
7350
7287
7225
7162
7112
7075
7037
7000
6962
6925
6862
6825
6775
6750
6712
6700
6675
6650
6600
6562
6500
6462
6412
6387
6362
6337
6312
6300
6262
6250
6237
6225
6212
6200
6187
6175
6150
6137
6125
6087
6075
6062
6025
6012
6000
5987
5975
5987
5962
5962
5937
5937
5912
5900
5887
5875
5862
5837
5837
5812
5812
5787
5775
5762
5750
5737
5725
5737
5712
5712
5687
5687
5662
5662
5637
5637
5612
5625
5612
5600
5587
5575
5537
5525
5512
5500
5487
5500
5487
5500
5487
5475
5475
5475
5437
5400
5350
5262
5200
5137
5112
5087
5062
5037
5025
4987
4950
4937
4900
4887
4900
4912
4900
4887
4875
4837
4825
4837
4850
4862
4900
4912
4925
4937
4950
4962
5000
5012
5050
5087
5112
5150
5187
5225
5262
5275
5300
5350
5375
5400
5450
5487
5525
5562
5600
5637
5650
5662
5675
5687
5675
5687
5687
5700
5712
5725
5737
5725
5737
5750
5750
5725
5725
5700
5687
5662
5662
5662
5662
5662
5675
5687
5675
5687
5675
5687
5675
5687
5675
5687
5675
5687
5712
5762
5812
5862
5900
5912
5925
5912
5925
5912
5925
5937
5975
5987
6025
6062
6100
6112
6125
6137
6150
6125
6137
6150
6162
6150
6175
6162
6175
6150
6162
6150
6162
6150
6150
6112
6100
6062
6050
6062
6075
6062
6075
6062
6025
6012
6000
5962
5925
5912
5875
5862
5837
5850
5837
5825
5812
5812
5800
5787
5800
5812
5825
5837
5850
5862
5850
5862
5850
5862
5850
5837
5837
5837
5837
5837
5837
5837
5837
5837
5837
5862
5875
5887
5900
5912
5937
5937
5962
5962
5987
5975
5987
5975
5987
5975
5962
5962
5950
5937
5925
5937
5912
5925
5937
5950
5962
6000
6012
6000
6025
6025
6025
6025
6050
6037
6050
6037
6050
6037
6025
5987
5975
5937
5925
5912
5925
5937
5950
5962
5975
5987
5975
5987
5975
5962
5950
5962
5937
5937
5962
5962
5962
6000
6012
6025
6037
6050
6037
6050
6037
6050
6025
6025
6000
6000
5962
5962
5937
5937
5937
5950
5962
5975
5962
5950
5937
5925
5900
5900
5900
5900
5900
5912
5925
5912
5925
5937
5975
6012
6050
6100
6125
6150
6162
6212
6250
6312
6375
6437
6475
6512
6550
6562
6575
6587
6600
6612
6625
6637
6675
6700
6737
6800
6837
6875
6887
6900
6875
6875
6875
6875
6850
6862
6850
6837
6825
6837
6825
6812
6800
6775
6750
6725
6725
6712
6725
6712
6725
6712
6725
6712
6725
6712
6725
6725
6750
6750
6775
6762
6775
6750
6750
6725
6700
6662
6650
6637
6625
6637
6650
6662
6675
6687
6700
6712
6725
6712
6700
6687
6675
6637
6625
6612
6575
6562
6550
6512
6500
6512
6500
6487
6500
6487
6475
6462
6450
6437
6425
6412
6387
6362
6312
6287
6237
6225
6212
6200
6187
6175
6175
6162
6175
6175
6187
6200
6212
6225
6212
6225
6237
6250
6262
6262
6262
6237
6250
6237
6237
6237
6237
6225
6212
6225
6237
6237
6237
6262
6287
6287
6325
6337
6350
6325
6325
6300
6275
6250
6237
6200
6187
6175
6175
6162
6175
6162
6175
6162
6175
6162
6150
6150
6150
6150
6150
6175
6175
6212
6250
6312
6375
6437
6475
6512
6550
6587
6600
6637
6650
6662
6675
6687
6700
6712
6725
6725
6725
6725
6725
6725
6700
6700
6675
6675
6650
6662
6650
6637
6625
6612
6575
6562
6550
6512
6500
6487
6475
6450
6450
6425
6425
6400
6412
6425
6437
6425
6437
6450
6425
6425
6450
6450
6425
6437
6425
6412
6400
6412
6400
6412
6400
6412
6400
6412
6400
6387
6375
6362
6350
6337
6350
6337
6350
6337
6325
6287
6250
6187
6162
6137
6125
6137
6162
6150
6187
6200
6212
6200
6225
6212
6225
6200
6200
6175
6175
6175
6187
6175
6187
6200
6175
6175
6175
6175
6175
6212
6225
6262
6275
6287
6275
6287
6275
6287
6275
6287
6275
6287
6275
6287
6300
6300
6300
6325
6325
6300
6287
6275
6237
6200
6162
6162
6150
6125
6125
6125
6087
6075
6062
6025
6012
6000
5962
5950
5937
5925
5900
5900
5875
5850
5800
5762
5700
5662
5637
5600
5587
5600
5587
5600
5612
5625
5612
5625
5612
5625
5612
5625
5612
5600
5587
5575
5562
5575
5587
5600
5637
5650
5662
5687
5725
5762
5825
5887
5925
5962
6000
6037
6075
6112
6150
6162
6175
6175
6187
6200
6212
6225
6237
6250
6262
6275
6287
6275
6287
6275
6287
6275
6262
6225
6212
6175
6175
6175
6175
6175
6175
6150
6137
6150
6137
6150
6162
6175
6162
6150
6137
6125
6087
6037
6012
5962
5912
5887
5875
5862
5837
5837
5812
5787
5762
5750
5712
5700
5687
5687
5675
5687
5675
5687
5675
5687
5675
5687
5687
5712
5712
5737
5725
5712
5700
5712
5700
5687
5700
5687
5662
5650
5637
5625
5612
5625
5600
5600
5575
5575
5575
5612
5625
5662
5687
5700
5712
5725
5737
5725
5737
5725
5737
5750
5762
5775
5812
5825
5812
5825
5837
5812
5825
5837
5850
5837
5862
5875
5887
5875
5887
5875
5862
5850
5862
5875
5887
5900
5912
5925
5912
5925
5937
5950
5962
6000
6012
6000
6012
6025
6012
6025
6037
6050
6037
6050
6037
6050
6062
6075
6062
6075
6062
6050
6037
6050
6037
6025
6012
6000
5987
5962
5962
5937
5937
5912
5925
5912
5925
5912
5900
5887
5875
5837
5825
5812
5800
5787
5800
5812
5812
5812
5837
5837
5837
5875
5887
5912
5937
5962
6000
6062
6087
6137
6175
6212
6250
6287
6325
6337
6350
6362
6375
6387
6400
6412
6425
6462
6500
6537
6575
6587
6600
6575
6575
6550
6550
6525
6537
6525
6537
6525
6512
6500
6512
6500
6512
6525
6537
6525
6537
6525
6537
6525
6537
6550
6562
6575
6587
6600
6612
6625
6637
6675
6700
6737
6775
6812
6850
6887
6925
6962
6975
6987
7000
6987
7000
7000
7000
6975
6975
6950
6937
6925
6900
6875
6875
6862
6850
6850
6850
6825
6812
6800
6787
6775
6762
6750
6737
6725
6725
6712
6725
6700
6712
6700
6687
6675
6675
6675
6662
6675
6662
6675
6650
6662
6675
6687
6700
6712
6725
6712
6725
6712
6700
6687
6700
6687
6700
6712
6725
6712
6725
6712
6725
6712
6725
6712
6725
6712
6725
6712
6725
6712
6725
6700
6700
6700
6700
6700
6712
6700
6687
6700
6675
6675
6675
6675
6650
6662
6650
6662
6650
6662
6650
6662
6675
6687
6700
6750
6775
6812
6850
6875
6900
6950
6987
7050
7112
7162
7225
7287
7350
7387
7425
7462
7475
7487
7500
7512
7500
7512
7500
7512
7525
7537
7550
7562
7575
7562
7575
7562
7575
7562
7575
7562
7575
7562
7550
7537
7525
7512
7525
7537
7550
7562
7575
7562
7575
7562
7575
7562
7575
7562
7550
7537
7525
7487
7450
7437
7400
7362
7325
7312
7275
7262
7250
7262
7250
7262
7237
7237
7212
7212
7200
7212
7212
7225
7212
7237
7237
7237
7237
7262
7250
7262
7250
7262
7250
7262
7250
7237
7225
7212
7212
7212
7225
7237
7250
7262
7275
7287
7300
7337
7375
7387
7400
7412
7400
7387
7375
7387
7375
7387
7375
7362
7350
7337
7325
7312
7325
7312
7325
7312
7300
7300
7287
7275
7262
7250
7225
7212
7187
7175
7162
7150
7137
7162
7162
7187
7187
7212
7200
7212
7200
7212
7212
7250
7287
7350
7412
7475
7512
7550
7562
7575
7587
7600
7587
7600
7587
7575
7562
7575
7562
7575
7562
7575
7562
7550
7537
7550
7537
7525
7537
7525
7512
7500
7487
7475
7462
7450
7437
7450
7437
7425
7412
7400
7387
7375
7362
7350
7325
7300
7275
7275
7250
7262
7250
7237
7225
7212
7212
7200
7212
7200
7212
7200
7212
7187
7187
7187
7175
7175
7187
7200
7187
7212
7200
7212
7200
7212
7187
7187
7187
7187
7187
7200
7212
7200
7212
7200
7212
7200
7187
7175
7162
7150
7125
7125
7100
7100
7075
7062
7050
7037
7000
6962
6950
6900
6887
6862
6862
6862
6875
6875
6875
6875
6850
6850
6825
6812
6775
6737
6700
6675
6637
6625
6612
6600
6587
6575
6537
6525
6487
6475
6462
6475
6462
6475
6462
6475
6462
6475
6462
6475
6462
6450
6437
6425
6412
6400
6387
6375
6362
6350
6337
6350
6337
6350
6337
6325
6312
6300
6287
6275
6287
6262
6275
6250
6225
6200
6187
6175
6162
6175
6175
6187
6200
6212
6225
6212
6225
6237
6250
6262
6300
6312
6325
6337
6350
6362
6375
6400
6425
6450
6475
6500
6525
6550
6575
6575
6600
6587
6600
6587
6575
6525
6500
6450
6400
6350
6337
6300
6262
6250
6237
6200
6162
6150
6125
6112
6100
6112
6100
6087
6075
6062
6025
6012
6000
5962
5950
5937
5900
5887
5900
5887
5900
5937
5950
5937
5950
5937
5925
5912
5925
5912
5900
5887
5875
5862
5850
5862
5875
5887
5900
5912
5925
5912
5900
5900
5900
5875
5875
5875
5862
5850
5862
5850
5862
5850
5837
5825
5837
5825
5812
5825
5812
5800
5812
5825
5837
5850
5837
5825
5812
5800
5812
5825
5812
5825
5812
5775
5762
5750
5737
5725
5737
5725
5737
5725
5737
5725
5737
5750
5750
5750
5750
5750
5725
5737
5725
5737
5725
5712
5712
5712
5687
5687
5687
5687
5675
5687
5675
5687
5675
5687
5675
5687
5675
5687
5675
5662
5650
5637
5625
5612
5625
5637
5650
5662
5675
5687
5675
5687
5675
5687
5675
5687
5675
5687
5687
5700
5712
5725
5737
5750
5787
5825
5887
5925
5962
6000
6037
6050
6087
6125
6150
6162
6200
6212
6225
6212
6225
6237
6250
6262
6275
6287
6275
6262
6250
6237
6225
6200
6200
6175
6175
6162
6150
6137
6125
6112
6100
6112
6100
6087
6075
6062
6050
6037
6050
6037
6025
6012
6000
5987
6000
6012
6025
6062
6075
6087
6100
6112
6100
6087
6087
6087
6062
6062
6062
6050
6037
6050
6037
6050
6037
6050
6037
6050
6037
6050
6025
6025
6000
6000
5975
5987
5975
5987
5975
5987
6000
6012
6025
6025
6025
6000
6000
6000
6012
6025
6037
6050
6037
6025
6012
6025
6012
6025
6037
6050
6062
6075
6087
6100
6112
6100
6112
6100
6112
6100
6112
6125
6137
6150
6162
6175
6162
6175
6162
6175
6162
6175
6162
6175
6162
6175
6162
6175
6175
6187
6200
6212
6237
6237
6262
6262
6287
6275
6287
6300
6312
6325
6362
6400
6412
6450
6462
6475
6462
6475
6462
6475
6462
6450
6437
6425
6387
6350
6312
6275
6237
6200
6187
6175
6150
6112
6075
6037
6000
5962
5950
5925
5875
5825
5800
5750
5737
5725
5737
5725
5712
5675
5662
5637
5625
5612
5625
5612
5625
5612
5625
5612
5625
5612
5625
5612
5625
5612
5625
5600
5600
5575
5575
5550
5537
5525
5512
5500
5487
5500
5487
5500
5487
5500
5487
5500
5512
5525
5537
5550
5537
5525
5537
5525
5537
5575
5587
5600
5612
5625
5612
5625
5612
5637
5637
5662
5675
5712
5712
5712
5700
5712
5725
5762
5800
5837
5850
5862
5875
5912
5950
6012
6050
6087
6100
6112
6100
6112
6100
6112
6125
6137
6150
6162
6175
6175
6187
6200
6237
6250
6262
6275
6287
6275
6287
6275
6287
6275
6287
6300
6312
6325
6337
6350
6362
6400
6412
6450
6500
6550
6600
6650
6700
6737
6762
6787
6837
6862
6875
6912
6950
6962
7000
7037
7050
7062
7075
7087
7075
7087
7075
7087
7075
7087
7062
7062
7062
7062
7062
7062
7075
7062
7075
7062
7087
7075
7087
7075
7087
7075
7062
7050
7037
7025
7012
7025
7037
7050
7037
7050
7062
7050
7062
7075
7087
7075
7087
7075
7087
7075
7087
7075
7100
7100
7125
7125
7150
7137
7150
7137
7150
7137
7150
7137
7150
7137
7150
7137
7125
7112
7125
7112
7125
7137
7150
7137
7150
7137
7150
7137
7125
7125
7125
7100
7100
7100
7087
7075
7087
7062
7062
7062
7062
7037
7025
7012
7000
6987
7000
7012
7025
7012
7025
7012
7025
7012
7000
6987
6975
6962
6937
6937
6937
6937
6912
6937
6925
6912
6900
6912
6887
6900
6887
6875
6862
6850
6837
6825
6837
6825
6837
6825
6837
6825
6837
6825
6837
6825
6837
6825
6812
6800
6787
6775
6762
6775
6750
6750
6750
6750
6725
6737
6712
6712
6700
6687
6675
6700
6700
6737
6775
6812
6850
6887
6900
6950
6975
7000
7025
7075
7087
7137
7162
7187
7187
7212
7212
7225
7237
7250
7262
7275
7287
7300
7312
7325
7312
7325
7300
7300
7275
7275
7250
7262
7250
7237
7225
7212
7187
7175
7150
7125
7100
7100
7075
7062
7025
7012
7000
6975
6975
6975
6950
6925
6912
6900
6887
6875
6862
6875
6862
6850
6862
6875
6862
6875
6887
6900
6912
6925
6912
6925
6912
6900
6887
6912
6912
6912
6912
6912
6900
6912
6925
6937
6950
6962
6950
6962
6950
6962
6950
6962
6950
6962
6950
6937
6937
6937
6937
6937
6962
6950
6962
6950
6962
6950
6962
6950
6962
6950
6962
6950
6962
6950
6962
6937
6950
6937
6950
6937
6962
6950
6962
6950
6962
6975
6975
6975
7000
7000
7000
7037
7050
7062
7075
7087
7075
7087
7075
7087
7075
7087
7075
7062
7062
7050
7037
7050
7062
7062
7075
7087
7075
7087
7075
7087
7075
7087
7075
7087
7075
7087
7075
7087
7075
7087
7075
7087
7100
7137
7162
7200
7237
7275
7287
7300
7337
7375
7387
7425
7437
7462
7462
7487
7475
7487
7487
7487
7487
7500
7512
7500
7487
7475
7487
7475
7487
7487
7487
7462
7462
7437
7450
7437
7425
7412
7400
7387
7375
7362
7350
7337
7300
7262
7262
7237
7237
7237
7262
7250
7262
7250
7262
7250
7262
7275
7312
7312
7337
7337
7350
7337
7362
7362
7387
7375
7387
7375
7387
7375
7362
7350
7337
7325
7312
7325
7312
7325
7312
7337
7337
7362
7362
7362
7350
7362
7350
7362
7375
7362
7350
7337
7325
7312
7325
7312
7325
7312
7325
7312
7325
7312
7325
7312
7325
7312
7325
7312
7325
7337
7350
7362
7375
7387
7375
7387
7375
7387
7375
7362
7350
7337
7325
7312
7325
7312
7325
7312
7325
7312
7325
7312
7325
7312
7325
7312
7325
7312
7325
7312
7325
7337
7350
7362
7375
7387
7400
7437
7475
7512
7562
7587
7612
7637
7687
7712
7775
7812
7850
7887
7900
7887
7900
7912
7925
7937
7975
7987
8000
7987
8000
7987
8000
7987
8000
7987
8000
7987
8000
7987
8000
7987
8000
7987
8000
7987
7975
7937
7925
7887
7850
7850
7837
7825
7812
7825
7800
7787
7775
7750
7737
7737
7737
7737
7750
7762
7762
7775
7787
7800
7812
7800
7812
7825
7837
7850
7862
7875
7862
7875
7862
7875
7862
7887
7887
7887
7887
7887
7875
7862
7875
7862
7850
7837
7825
7812
7800
7812
7800
7812
7800
7812
7800
7787
7750
7737
7712
7700
7687
7700
7687
7700
7687
7700
7687
7675
7662
7650
7612
7600
7587
7575
7562
7550
7537
7525
7487
7475
7462
7450
7437
7450
7437
7450
7425
7425
7400
7375
7350
7362
7375
7387
7425
7437
7450
7437
7450
7437
7450
7462
7475
7462
7475
7462
7450
7437
7450
7437
7450
7462
7475
7487
7500
7512
7525
7537
7550
7562
7575
7587
7600
7587
7600
7587
7575
7562
7575
7562
7575
7587
7600
7612
7625
7637
7650
7687
7712
7750
7787
7825
7862
7875
7912
7925
7937
7950
7962
7975
8012
8050
8062
8100
8112
8137
8137
8137
8137
8137
8100
8087
8075
8062
8050
8062
8050
8075
8075
8100
8100
8125
8112
8125
8112
8100
8087
8075
8062
8050
8062
8050
8062
8050
8062
8050
8037
8025
8012
7975
7962
7950
7937
7912
7912
7887
7887
7862
7875
7862
7875
7862
7875
7862
7875
7862
7875
7862
7875
7862
7875
7887
7900
7912
7925
7937
7925
7937
7925
7912
7900
7912
7900
7912
7925
7937
7925
7937
7925
7937
7925
7937
7950
7962
7950
7962
7950
7937
7925
7937
7950
7962
7975
7987
7975
7962
7950
7937
7925
7937
7925
7912
7900
7887
7875
7862
7875
7850
7850
7850
7850
7850
7862
7850
7837
7825
7812
7800
7825
7825
7850
7837
7850
7825
7825
7800
7812
7800
7812
7800
7812
7800
7812
7800
7812
7800
7812
7800
7812
7800
7787
7775
7762
7762
7750
7762
7750
7762
7750
7762
7750
7762
7750
7762
7750
7762
7750
7762
7762
7800
7837
7900
7962
8025
8087
8112
8150
8162
8175
8162
8187
8175
8187
8175
8162
8162
8162
8137
8137
8137
8100
8087
8075
8062
8050
8037
8025
8012
8000
7987
8000
7987
7975
7962
7950
7912
7875
7862
7825
7787
7775
7762
7762
7750
7762
7750
7762
7750
7762
7750
7762
7750
7762
7762
7775
7787
7800
7812
7800
7812
7800
7812
7800
7812
7800
7812
7800
7812
7800
7812
7800
7787
7775
7762
7762
7750
7737
7737
7725
7712
7700
7712
7687
7700
7687
7700
7687
7700
7675
7675
7675
7675
7675
7687
7700
7687
7700
7687
7700
7687
7700
7687
7700
7687
7700
7687
7700
7687
7700
7687
7700
7687
7700
7687
7700
7687
7700
7687
7675
7662
7650
7637
7625
7637
7625
7612
7600
7587
7550
7537
7525
7512
7525
7537
7550
7587
7600
7612
7625
7650
7650
7675
7700
7737
7750
7800
7825
7850
7875
7925
7937
7975
8012
8050
8062
8100
8137
8137
8137
8162
8162
8137
8150
8137
8125
8100
8100
8100
8100
8100
8112
8125
8112
8125
8112
8125
8112
8100
8087
8075
8037
8025
8012
8000
7987
8000
7987
7975
7937
7925
7887
7850
7837
7825
7812
7800
7812
7800
7812
7800
7812
7800
7812
7800
7825
7812
7837
7837
7837
7825
7825
7812
7800
7812
7800
7812
7800
7812
7800
7812
7800
7812
7800
7812
7800
7812
7800
7787
7775
7762
7762
7750
7762
7762
7775
7787
7800
7812
7800
7812
7800
7812
7800
7812
7787
7800
7787
7800
7787
7812
7825
7837
7825
7837
7850
7837
7825
7837
7825
7812
7825
7837
7850
7862
7875
7862
7850
7837
7825
7812
7800
7787
7775
7762
7762
7750
7762
7750
7762
7750
7762
7762
7775
7787
7825
7837
7850
7862
7850
7812
7800
7762
7762
7750
7762
7750
7762
7750
7762
7762
7775
7762
7775
7762
7762
7750
7762
7750
7737
7725
7712
7700
7687
7700
7687
7700
7687
7700
7712
7737
7775
7812
7862
7912
7962
8012
8062
8100
8137
8150
8162
8175
8187
8200
8212
8200
8212
8200
8187
8175
8187
8175
8187
8175
8200
8200
8200
8200
8200
8162
8150
8137
8125
8112
8125
8112
8125
8112
8125
8112
8125
8112
8125
8112
8100
8087
8075
8062
8050
8037
8037
8037
8012
8012
8012
8000
7987
7975
7962
7950
7937
7925
7937
7912
7912
7887
7887
7862
7875
7887
7887
7900
7912
7925
7912
7937
7912
7912
7887
7887
7887
7900
7887
7900
7887
7875
7887
7900
7912
7950
7962
7975
7987
8000
7987
8000
7987
7975
7962
7950
7912
7900
7887
7875
7887
7887
7887
7912
7912
7912
7925
7937
7950
7962
7975
7987
7975
7962
7950
7937
7925
7937
7925
7937
7912
7912
7912
7912
7912
7925
7937
7925
7937
7925
7912
7900
7887
7875
7862
7875
7862
7875
7862
7887
7887
7912
7912
7937
7925
7937
7950
7962
7975
7987
8000
8012
8025
8037
8075
8112
8150
8200
8262
8325
8362
8400
8437
8450
8462
8475
8487
8475
8487
8475
8500
8500
8525
8512
8525
8525
8525
8525
8537
8525
8512
8525
8512
8500
8512
8500
8487
8475
8462
8450
8437
8425
8400
8400
8400
8400
8375
8387
8375
8337
8325
8312
8275
8262
8250
8225
8212
8200
8187
8175
8187
8162
8137
8112
8087
8062
8050
8062
8050
8062
8075
8087
8100
8112
8125
8112
8125
8112
8125
8112
8100
8087
8075
8062
8050
8075
8075
8100
8100
8125
8112
8125
8112
8125
8112
8100
8087
8100
8087
8100
8137
8150
8137
8150
8137
8125
8112
8125
8112
8125
8112
8125
8112
8125
8112
8125
8112
8125
8112
8125
8112
8125
8112
8125
8112
8125
8112
8125
8112
8125
8112
8125
8112
8125
8100
8100
8100
8100
8100
8112
8125
8112
8125
8112
8125
8112
8125
8112
8100
8087
8075
8037
8025
8012
8000
7987
8000
7987
8000
7987
8000
7987
8012
8012
8037
8062
8087
8100
8150
8187
8237
8287
8337
8350
8362
8387
8412
8450
8487
8525
8550
8575
8562
8587
8587
8562
8562
8562
8525
8512
8500
8487
8475
8487
8462
8462
8437
8437
8412
8425
8412
8425
8412
8425
8412
8400
8387
8375
8362
8350
8362
8375
8387
8400
8412
8437
8437
8437
8437
8437
8425
8412
8425
8412
8425
8412
8425
8412
8425
8412
8425
8412
8425
8437
8450
8462
8462
8462
8437
8437
8412
8400
8387
8375
8362
8350
8362
8350
8362
8350
8362
8350
8362
8350
8362
8350
8362
8350
8337
8325
8312
8300
8312
8325
8337
8350
8362
8350
8337
8325
8312
8275
8262
8250
8250
8237
8250
8237
8250
8237
8225
8212
8200
8187
8175
8187
8175
8162
8150
8162
8150
8162
8175
8187
8175
8187
8200
8212
8225
8237
8250
8237
8250
8250
8262
8287
8312
8337
8362
8412
8450
8487
8525
8562
8575
8587
8625
8637
8650
8662
8675
8662
8675
8662
8675
8662
8650
8612
8600
8562
8525
8512
8500
8487
8475
8462
8450
8437
8425
8412
8400
8387
8375
8362
8350
8337
8325
8312
8275
8262
8250
8225
8212
8200
8187
8175
8187
8175
8187
8175
8187
8175
8187
8200
8212
8225
8237
8250
8237
8250
8237
8250
8237
8250
8237
8250
8237
8250
8250
8262
8275
8287
8300
8287
8300
8287
8300
8287
8300
8287
8300
8287
8275
8262
8250
8250
8237
8250
8237
8225
8212
8225
8212
8225
8237
8250
8237
8250
8237
8250
8237
8250
8237
8225
8212
8225
8212
8200
8212
8225
8212
8225
8237
8250
8250
8262
8275
8275
8287
8275
8262
8262
8275
8275
8275
8300
8287
8300
8287
8312
8300
8312
8300
8312
8287
8275
8262
8250
8250
8250
8287
8300
8350
8375
8400
8425
8475
8512
8575
8612
8650
8687
8725
8737
8775
8800
8812
8825
8862
8875
8887
8900
8912
8900
8912
8900
8912
8900
8912
8900
8887
8875
8862
8850
8837
8825
8812
8800
8800
8787
8800
8787
8775
8762
8750
8737
8725
8737
8712
8712
8712
8700
8687
8687
8687
8662
8650
8637
8625
8612
8600
8587
8575
8562
8525
8512
8500
8462
8450
8437
8425
8412
8425
8412
8425
8412
8425
8412
8400
8387
8375
8362
8350
8362
8350
8362
8350
8362
8350
8362
8350
8362
8350
8362
8350
8362
8350
8375
8375
8400
8400
8425
8412
8425
8412
8425
8437
8450
8437
8450
8437
8425
8412
8400
8387
8375
8362
8350
8362
8350
8337
8325
8312
8300
8287
8275
8262
8250
8250
8237
8225
8212
8200
8187
8175
8162
8150
8137
8137
8137
8137
8137
8137
8125
8112
8100
8087
8075
8075
8075
8100
8100
8125
8112
8100
8087
8075
8062
8050
8037
8000
7987
7975
7962
7975
7987
8000
7987
8000
7987
7975
7962
7950
7937
7925
7937
7925
7937
7925
7937
7950
7962
7975
7987
7975
7962
7950
7912
7900
7887
7875
7862
7875
7887
7937
7962
8012
8037
8075
8075
8112
8125
8162
8162
8187
8200
8200
8212
8225
8237
8225
8250
8237
8250
8237
8250
8237
8250
8237
8225
8212
8200
8187
8175
8187
8175
8162
8150
8137
8125
8112
8100
8087
8075
8062
8050
8062
8050
8037
8000
7987
7950
7937
7925
7912
7900
7887
7875
7850
7850
7825
7825
7825
7837
7850
7887
7900
7912
7925
7937
7925
7937
7925
7937
7925
7937
7925
7937
7925
7937
7950
7962
7975
7987
8000
7987
8000
7987
7975
7975
7975
7975
8000
8025
8012
8025
8012
8000
8012
8025
8037
8050
8075
8075
8100
8100
8125
8112
8125
8137
8137
8137
8137
8137
8137
8150
8162
8175
8187
8175
8187
8175
8187
8200
8212
8225
8237
8250
8250
8262
8250
8262
8250
8250
8237
8225
8212
8200
8187
8175
8187
8162
8162
8162
8162
8162
8175
8200
8200
8200
8200
8200
8187
8175
8187
8175
8187
8175
8187
8175
8187
8200
8225
8237
8275
8312
8325
8337
8375
8387
8400
8450
8475
8500
8550
8575
8587
8625
8637
8625
8650
8675
8675
8700
8725
8712
8700
8687
8675
8662
8650
8637
8625
8587
8575
8550
8537
8525
8537
8525
8525
8512
8500
8487
8475
8487
8475
8462
8450
8437
8425
8412
8425
8412
8425
8412
8425
8437
8450
8462
8500
8512
8525
8562
8562
8562
8562
8562
8537
8550
8537
8550
8525
8537
8525
8537
8525
8550
8562
8575
8587
8600
8612
8625
8637
8625
8637
8650
8637
8650
8662
8675
8662
8675
8687
8700
8712
8750
8762
8775
8775
8775
8775
8775
8775
8800
8812
8800
8812
8787
8775
8775
8787
8775
8800
8825
8850
8850
8862
8875
8887
8875
8887
8900
8912
8900
8912
8900
8912
8900
8912
8900
8912
8925
8937
8950
8962
8975
8962
8950
8937
8925
8912
8900
8912
8900
8912
8900
8912
8900
8912
8925
8937
8950
8962
8975
8987
9025
9062
9100
9137
9175
9225
9237
9275
9312
9337
9337
9375
9412
9425
9437
9450
9462
9450
9462
9450
9462
9450
9437
9425
9412
9400
9387
9375
9362
9350
9350
9337
9350
9337
9350
9337
9350
9337
9325
9312
9300
9262
9250
9225
9200
9175
9150
9125
9100
9075
9075
9075
9075
9087
9100
9087
9100
9087
9075
9062
9037
9012
8975
8962
8912
8900
8887
8875
8875
8887
8900
8887
8912
8925
8937
8950
8962
8950
8937
8925
8912
8887
8900
8875
8875
8850
8862
8837
8850
8837
8850
8837
8850
8862
8875
8887
8900
8912
8900
8887
8875
8862
8850
8837
8850
8862
8875
8862
8887
8875
8862
8875
8912
8912
8950
8962
8975
8987
9000
9012
9025
9037
9025
9037
9012
9012
9012
9012
9012
9050
9062
9050
9075
9075
9075
9075
9100
9087
9075
9062
9050
9037
9025
9037
9025
9012
9000
9012
9000
9012
9025
9037
9050
9087
9100
9137
9175
9187
9200
9237
9275
9300
9362
9425
9487
9525
9587
9625
9662
9700
9762
9775
9812
9825
9837
9837
9850
9862
9862
9862
9837
9837
9825
9837
9825
9837
9825
9837
9825
9812
9800
9787
9775
9762
9750
9737
9725
9687
9675
9662
9625
9612
9600
9587
9575
9562
9550
9537
9500
9462
9425
9387
9350
9325
9312
9300
9300
9287
9312
9312
9312
9275
9275
9237
9225
9212
9225
9212
9200
9187
9200
9187
9200
9212
9200
9187
9200
9187
9200
9237
9250
9237
9250
9237
9225
9212
9200
9187
9175
9137
9125
9112
9075
9062
9050
9037
9025
9037
9025
9037
9025
9037
9050
9062
9075
9075
9075
9050
9025
8975
8962
8925
8887
8875
8862
8850
8862
8875
8862
8875
8887
8875
8887
8900
8912
8900
8887
8875
8887
8875
8887
8900
8887
8850
8812
8750
8725
8687
8675
8662
8650
8637
8625
8612
8600
8612
8600
8612
8600
8612
8600
8612
8625
8637
8650
8662
8675
8687
8700
8712
8725
8750
8750
8775
8787
8837
8875
8912
8950
8987
8987
9000
9012
9025
9012
9037
9025
9012
9000
8987
8950
8937
8925
8887
8875
8862
8850
8837
8812
8787
8762
8750
8725
8712
8700
8687
8650
8612
8600
8562
8550
8537
8550
8537
8525
8512
8500
8462
8425
8412
8362
8337
8312
8312
8287
8300
8287
8300
8312
8325
8312
8325
8312
8300
8275
8275
8250
8250
8237
8225
8212
8200
8187
8175
8187
8175
8187
8175
8200
8200
8200
8200
8200
8162
8150
8125
8100
8075
8075
8050
8062
8050
8062
8050
8062
8050
8062
8050
8075
8062
8075
8062
8075
8050
8062
8050
8037
8025
8037
8025
8037
8050
8062
8050
8062
8050
8062
8050
8062
8050
8062
8050
8062
8037
8037
8037
8025
8012
8037
8062
8062
8100
8112
8125
8112
8125
8112
8125
8112
8100
8087
8075
8062
8050
8062
8050
8075
8075
8100
8087
8100
8075
8075
8075
8075
8087
8100
8087
8075
8075
8062
8075
8112
8150
8187
8225
8250
8287
8300
8337
8375
8412
8450
8487
8525
8525
8525
8500
8500
8475
8487
8500
8512
8500
8512
8500
8487
8475
8462
8450
8437
8400
8387
8375
8337
8325
8312
8275
8262
8250
8250
8237
8225
8212
8200
8187
8175
8187
8200
8212
8225
8237
8250
8237
8250
8237
8250
8237
8225
8225
8212
8200
8187
8200
8175
8187
8175
8187
8162
8162
8137
8137
8112
8100
8087
8100
8087
8112
8137
8162
8187
8212
8225
8237
8250
8237
8250
8237
8225
8212
8225
8212
8225
8237
8250
8250
8262
8275
8287
8312
8312
8337
8337
8362
8337
8337
8312
8312
8287
8300
8287
8300
8287
8275
8262
8250
8250
8250
8262
8275
8287
8300
8287
8300
8312
8312
8325
8337
8325
8312
8312
8300
8287
8275
8262
8237
8225
8200
8200
8175
8187
8175
8162
8150
8137
8100
8087
8075
8037
8025
8012
8000
7987
8000
7987
8000
8012
8025
8037
8075
8087
8100
8137
8150
8162
8200
8225
8237
8275
8287
8300
8287
8275
8237
8225
8200
8162
8125
8112
8062
8037
8012
7975
7937
7912
7862
7837
7825
7787
7750
7712
7662
7600
7537
7475
7412
7350
7312
7275
7237
7200
7162
7112
7050
6975
6925
6875
6825
6775
6762
6725
6700
6662
6625
6562
6525
6475
6450
6425
6400
6350
6312
6275
6225
6200
6175
6150
6137
6112
6062
6050
6025
5975
5937
5900
5812
5762
5712
5662
5625
5587
5525
5462
5400
5337
5275
5212
5175
5137
5137
5125
5137
5125
5087
5050
5012
4950
4887
4875
4837
4800
4787
4775
4737
4725
4712
4675
4662
4675
4662
4675
4687
4712
4737
4762
4762
4762
4725
4662
4600
4575
4537
4537
4537
4537
4537
4562
4550
4537
4525
4487
4425
4362
4325
4287
4275
4262
4275
4262
4275
4262
4237
4187
4137
4100
4087
4087
4125
4187
4212
4237
4262
4275
4262
4275
4287
4300
4287
4300
4287
4275
4262
4275
4262
4275
4287
4300
4287
4312
4312
4312
4312
4337
4350
4362
4350
4362
4350
4312
4275
4262
4225
4187
4175
4162
4112
4087
4050
4025
3975
3962
3925
3925
3925
3937
3925
3912
3875
3800
3712
3587
3450
3300
3187
3125
3125
3187
3275
3337
3387
3412
3400
3362
3325
3287
3275
3262
3275
3287
3300
3287
3300
3287
3300
3312
3325
3337
3375
3412
3425
3462
3500
3512
3525
3537
3550
3562
3575
3587
3612
3650
3687
3750
3812
3875
3937
4000
4050
4112
4175
4237
4300
4375
4450
4525
4587
4662
4725
4787
4825
4862
4900
4937
4975
5037
5087
5150
5212
5250
5287
5337
5362
5387
5437
5500
5525
5587
5637
5700
5750
5825
5887
5950
6025
6075
6125
6150
6175
6175
6187
6175
6187
6175
6175
6162
6175
6162
6175
6162
6150
6137
6125
6112
6100
6112
6125
6137
6125
6137
6150
6150
6162
6200
6237
6275
6312
6375
6412
6462
6487
6512
6537
6562
6575
6612
6650
6662
6700
6712
6725
6725
6762
6775
6812
6825
6837
6825
6850
6837
6862
6887
6912
6900
6925
6912
6900
6875
6875
6875
6875
6850
6837
6825
6787
6750
6712
6675
6625
6562
6525
6475
6450
6425
6400
6350
6337
6300
6287
6275
6287
6262
6262
6237
6200
6162
6137
6087
6050
6025
5975
5950
5937
5925
5912
5925
5912
5925
5912
5925
5937
5950
5962
5975
5987
6000
6012
6000
5987
5950
5925
5900
5900
5887
5900
5875
5875
5850
5862
5875
5887
5900
5937
5975
5987
6025
6037
6025
6012
6000
5962
5950
5962
5975
5987
6025
6037
6050
6062
6075
6087
6100
6112
6100
6087
6075
6062
6025
6012
6000
5987
6000
6012
6025
6062
6075
6100
6125
6150
6150
6175
6175
6212
6250
6287
6325
6337
6350
6337
6350
6362
6375
6400
6425
6450
6475
6500
6512
6550
6562
6575
6587
6600
6612
6625
6637
6675
6700
6737
6775
6812
6862
6912
6962
7012
7062
7100
7137
7162
7212
7237
7262
7250
7237
7225
7212
7212
7200
7212
7212
7225
7237
7250
7262
7250
7237
7225
7200
7187
7162
7137
7087
7075
7037
7000
6987
6975
6962
6950
6937
6925
6912
6875
6862
6850
6812
6800
6787
6750
6712
6675
6650
6612
6575
6562
6550
6537
6525
6512
6500
6487
6450
6412
6400
6362
6325
6312
6300
6250
6225
6200
6175
6162
6175
6162
6150
6112
6100
6062
6025
6012
6000
5987
5975
5987
5975
5987
5975
5962
5950
5937
5925
5912
5925
5912
5925
5937
5950
5937
5950
5937
5925
5937
5950
5962
5975
5987
5975
5987
6000
6012
6025
6037
6062
6062
6062
6075
6087
6087
6087
6112
6100
6125
6125
6150
6150
6175
6175
6187
6200
6237
6250
6262
6275
6287
6300
6312
6325
6337
6350
6337
6350
6337
6350
6362
6375
6387
6425
6437
6450
6462
6475
6487
6525
6537
6575
6612
6625
6650
6675
6700
6737
6800
6850
6925
6962
7000
7037
7050
7062
7100
7112
7125
7162
7175
7187
7237
7262
7287
7337
7350
7362
7375
7362
7350
7362
7350
7362
7375
7387
7375
7387
7375
7387
7375
7387
7375
7350
7337
7325
7287
7275
7275
7262
7250
7237
7237
7237
7212
7212
7212
7212
7200
7212
7200
7212
7200
7212
7200
7212
7200
7212
7212
7237
7237
7262
7250
7262
7275
7287
7300
7312
7325
7312
7325
7312
7325
7337
7350
7362
7400
7412
7425
7437
7450
7437
7450
7437
7450
7437
7450
7437
7450
7437
7450
7437
7450
7437
7450
7437
7450
7437
7450
7437
7450
7437
7450
7437
7462
7462
7487
7487
7512
7500
7512
7525
7537
7550
7562
7575
7562
7575
7562
7575
7587
7600
7612
7650
7662
7675
7687
7700
7712
7725
7737
7750
7762
7750
7762
7750
7737
7737
7737
7737
7737
7762
7750
7737
7725
7737
7725
7737
7762
7775
7787
7825
7875
7900
7950
8000
8050
8087
8125
8162
8200
8225
8237
8275
8287
8300
8312
8350
8362
8400
8412
8425
8412
8425
8412
8425
8400
8400
8362
8350
8312
8312
8287
8275
8237
8225
8187
8137
8112
8087
8037
8025
8000
7975
7950
7925
7900
7887
7875
7862
7850
7837
7825
7787
7750
7737
7712
7700
7687
7700
7687
7675
7662
7637
7612
7612
7612
7625
7650
7675
7675
7700
7687
7700
7687
7700
7687
7700
7687
7700
7687
7700
7687
7700
7687
7700
7687
7700
7687
7700
7687
7700
7712
7725
7737
7750
7762
7750
7762
7750
7762
7750
7762
7750
7762
7750
7762
7750
7762
7750
7737
7725
7712
7700
7687
7700
7687
7675
7662
7675
7662
7675
7687
7700
7687
7700
7687
7700
7687
7700
7687
7675
7662
7675
7662
7650
7662
7650
7637
7625
7637
7625
7637
7625
7637
7625
7637
7650
7662
7675
7687
7700
7687
7700
7687
7700
7687
7700
7687
7700
7687
7712
7700
7712
7725
7737
7737
7750
7762
7762
7800
7837
7900
7937
7975
8012
8025
8037
8050
8062
8050
8062
8075
8112
8125
8162
8175
8187
8175
8162
8150
8125
8100
8075
8075
8050
8037
8000
7987
7950
7912
7900
7887
7875
7850
7850
7825
7825
7800
7787
7775
7762
7737
7725
7712
7675
7637
7600
7537
7475
7437
7400
7362
7350
7337
7325
7312
7325
7300
7300
7275
7275
7250
7237
7225
7212
7187
7175
7162
7150
7137
7150
7137
7150
7137
7150
7125
7125
7125
7125
7125
7137
7150
7137
7150
7137
7125
7087
7087
7062
7037
7037
7037
7025
7012
7025
7012
7000
6987
6975
6937
6925
6912
6875
6862
6850
6837
6812
6812
6787
6787
6762
6775
6762
6775
6787
6800
6787
6800
6787
6737
6712
6712
6700
6700
6712
6700
6687
6675
6662
6650
6662
6650
6662
6650
6637
6625
6612
6600
6575
6575
6575
6575
6550
6562
6575
6562
6575
6575
6575
6550
6550
6550
6587
6600
6637
6675
6700
6712
6750
6762
6775
6787
6800
6812
6850
6862
6875
6887
6900
6887
6900
6887
6875
6837
6825
6787
6775
6762
6750
6737
6725
6700
6687
6675
6662
6637
6637
6612
6612
6587
6600
6587
6575
6562
6550
6537
6525
6537
6525
6537
6525
6537
6525
6537
6525
6537
6525
6512
6500
6487
6450
6437
6425
6387
6375
6362
6350
6362
6375
6362
6375
6362
6350
6362
6375
6362
6375
6362
6350
6337
6350
6337
6350
6337
6350
6325
6325
6300
6312
6300
6300
6300
6300
6262
6250
6262
6275
6275
6300
6300
6312
6287
6300
6312
6325
6300
6312
6300
6287
6275
6287
6275
6287
6275
6287
6300
6300
6312
6325
6337
6325
6350
6337
6350
6362
6375
6387
6400
6387
6387
6387
6387
6387
6387
6375
6362
6350
6337
6325
6312
6300
6287
6275
6287
6275
6287
6275
6287
6275
6300
6300
6300
6300
6300
6287
6275
6287
6275
6287
6275
6287
6300
6312
6325
6362
6400
6437
6475
6512
6525
6537
6550
6562
6550
6575
6575
6575
6575
6600
6612
6625
6637
6637
6637
6612
6612
6587
6600
6587
6600
6587
6575
6562
6550
6512
6475
6462
6425
6387
6375
6362
6350
6337
6350
6337
6325
6312
6300
6262
6250
6237
6225
6212
6225
6212
6225
6212
6225
6212
6200
6187
6175
6175
6162
6175
6162
6175
6162
6175
6162
6175
6162
6150
6137
6125
6087
6075
6087
6075
6087
6100
6112
6100
6112
6100
6112
6100
6112
6100
6087
6075
6062
6050
6037
6050
6025
6037
6025
6037
6025
6050
6037
6025
6012
6000
5987
5975
5987
5975
5987
5975
5987
5975
5987
5975
5987
5975
5987
5975
5987
5975
5987
5975
5987
5975
5987
5975
5987
5975
5987
5975
5987
5962
5975
5950
5950
5925
5937
5912
5925
5912
5900
5887
5875
5862
5850
5862
5837
5837
5812
5812
5787
5800
5787
5800
5787
5775
5762
5750
5750
5737
5750
5762
5775
5775
5787
5800
5812
5850
5862
5900
5937
5975
5987
6025
6062
6100
6112
6150
6175
6175
6175
6175
6175
6162
6175
6162
6175
6162
6175
6162
6175
6162
6175
6162
6175
6162
6175
6162
6150
6112
6100
6062
6050
6037
6025
6012
6000
5962
5950
5937
5925
5912
5900
5887
5875
5862
5837
5837
5812
5812
5787
5775
5737
5725
5687
5662
5650
5637
5625
5612
5625
5612
5600
5600
5600
5600
5587
5600
5575
5587
5575
5600
5600
5625
5612
5625
5600
5600
5600
5600
5600
5612
5625
5612
5600
5587
5575
5562
5550
5562
5550
5537
5525
5512
5500
5487
5500
5487
5475
5462
5450
5412
5400
5387
5375
5362
5375
5362
5375
5362
5375
5362
5375
5362
5375
5362
5350
5337
5325
5312
5300
5312
5300
5312
5300
5312
5300
5312
5300
5287
5275
5262
5250
5237
5250
5237
5225
5212
5200
5187
5175
5187
5175
5187
5175
5187
5175
5187
5175
5187
5175
5187
5175
5187
5175
5187
5175
5187
5200
5237
5250
5287
5325
5362
5375
5425
5450
5475
5475
5500
5512
5525
5537
5550
5562
5550
5562
5550
5562
5575
5575
5587
5600
5612
5600
5625
5612
5625
5612
5600
5562
5550
5512
5500
5487
5500
5487
5500
5487
5500
5487
5475
5462
5450
5437
5425
5412
5400
5387
5375
5350
5362
5350
5362
5350
5375
5362
5375
5362
5375
5362
5387
5375
5387
5375
5387
5387
5387
5387
5412
5412
5412
5425
5437
5450
5450
5450
5475
5475
5475
5487
5500
5487
5475
5462
5475
5450
5450
5475
5475
5475
5487
5500
5475
5487
5475
5487
5475
5500
5487
5475
5462
5450
5437
5425
5437
5425
5437
5425
5412
5400
5412
5400
5412
5425
5437
5425
5437
5425
5437
5425
5437
5425
5437
5425
5437
5425
5437
5425
5412
5400
5412
5400
5412
5425
5437
5425
5412
5412
5412
5412
5412
5437
5425
5437
5425
5437
5425
5437
5450
5462
5450
5475
5475
5475
5500
5525
5537
5575
5612
5625
5662
5687
5725
5737
5775
5812
5850
5862
5900
5950
5975
6000
6025
6050
6037
6050
6037
6050
6062
6075
6062
6075
6062
6050
6037
6050
6037
6050
6037
6050
6037
6012
5987
5987
5962
5962
5975
5987
5975
5962
5950
5925
5900
5875
5875
5850
5862
5850
5862
5875
5887
5900
5912
5925
5912
5925
5912
5925
5912
5900
5900
5900
5900
5900
5925
5937
5950
5962
5975
5987
5975
5987
5975
5987
5975
5987
5975
5987
5975
5987
5975
5987
5975
5987
5962
5962
5937
5937
5912
5925
5912
5925
5937
5950
5962
6000
6012
6025
6037
6050
6025
6025
6025
6025
6025
6037
6050
6037
6050
6062
6075
6087
6100
6112
6100
6112
6100
6112
6100
6112
6100
6112
6100
6112
6100
6112
6100
6112
6100
6112
6100
6112
6100
6112
6100
6112
6100
6112
6100
6087
6075
6062
6050
6037
6050
6037
6050
6062
6075
6087
6125
6150
6187
6250
6312
6375
6412
6450
6487
6525
6537
6575
6587
6612
6612
6637
6637
6662
6650
6662
6650
6662
6650
6662
6650
6662
6650
6637
6600
6587
6550
6537
6525
6537
6525
6537
6525
6537
6525
6512
6500
6487
6450
6437
6425
6387
6375
6350
6325
6300
6300
6275
6287
6275
6287
6275
6287
6275
6287
6275
6287
6275
6287
6262
6275
6262
6275
6262
6287
6300
6312
6325
6337
6350
6337
6350
6337
6350
6325
6325
6325
6325
6325
6337
6350
6337
6350
6325
6325
6325
6325
6325
6337
6350
6337
6350
6325
6325
6325
6325
6325
6337
6325
6312
6325
6312
6325
6337
6350
6362
6375
6387
6425
6437
6450
6462
6475
6462
6475
6462
6475
6462
6475
6487
6500
6512
6525
6537
6550
6562
6575
6587
6600
6587
6600
6587
6600
6587
6600
6587
6600
6587
6600
6587
6575
6562
6537
6512
6512
6512
6512
6525
6537
6525
6537
6550
6587
6587
6612
6637
6662
6675
6712
6750
6787
6825
6862
6900
6937
6950
6962
6975
6987
7000
7012
7000
6987
6975
6937
6925
6912
6900
6887
6900
6887
6875
6862
6850
6812
6800
6787
6750
6750
6737
6725
6712
6700
6687
6675
6662
6650
6662
6650
6662
6675
6687
6700
6712
6725
6712
6725
6712
6700
6687
6675
6662
6650
6662
6650
6662
6675
6687
6700
6725
6737
6750
6762
6775
6762
6775
6787
6800
6787
6800
6787
6775
6762
6775
6762
6775
6762
6775
6750
6762
6737
6750
6737
6762
6750
6775
6787
6800
6812
6850
6862
6850
6862
6850
6837
6825
6837
6825
6837
6825
6837
6850
6887
6900
6937
6950
6962
6950
6962
6975
6987
6975
6987
6975
6937
6925
6937
6925
6937
6950
6937
6925
6912
6900
6887
6900
6887
6900
6887
6900
6887
6900
6887
6900
6887
6900
6887
6900
6912
6950
6962
7000
7037
7075
7087
7137
7175
7225
7250
7300
7312
7325
7312
7325
7312
7325
7337
7350
7362
7375
7387
7375
7387
7375
7387
7375
7362
7325
7287
7250
7200
7187
7162
7162
7137
7150
7137
7150
7125
7125
7100
7112
7100
7125
7125
7125
7112
7100
7087
7075
7087
7075
7087
7075
7100
7100
7100
7100
7100
7087
7075
7087
7075
7087
7075
7087
7100
7112
7125
7137
7150
7137
7150
7137
7150
7125
7125
7100
7100
7075
7087
7075
7087
7075
7087
7100
7112
7125
7137
7125
7112
7125
7112
7100
7112
7125
7112
7100
7125
7150
7150
7150
7175
7162
7150
7137
7150
7137
7150
7137
7150
7137
7150
7137
7150
7137
7150
7137
7150
7137
7125
7112
7100
7087
7075
7087
7075
7087
7075
7087
7075
7087
7075
7087
7075
7062
7062
7062
7062
7062
7100
7100
7125
7150
7187
7200
7237
7275
7312
7350
7412
7475
7512
7525
7550
7550
7550
7575
7600
7612
7625
7637
7625
7637
7625
7612
7600
7587
7575
7550
7550
7525
7525
7500
7487
7475
7462
7425
7387
7375
7337
7300
7262
7250
7237
7225
7212
7225
7212
7212
7200
7212
7200
7187
7187
7187
7162
7162
7162
7150
7162
7162
7162
7187
7187
7187
7200
7212
7200
7212
7200
7212
7200
7187
7175
7162
7150
7162
7162
7162
7162
7162
7162
7175
7187
7200
7212
7200
7212
7200
7212
7200
7212
7200
7187
7175
7162
7125
7112
7100
7087
7075
7087
7062
7075
7062
7075
7062
7087
7100
7112
7100
7125
7112
7075
7075
7075
7062
7062
7087
7075
7062
7050
7062
7050
7037
7050
7062
7050
7037
7050
7037
7025
7012
7025
7000
7000
6975
6987
6975
7000
7000
7025
7012
7025
7012
7000
6987
6975
6975
6975
6975
6975
6975
6962
6950
6962
6950
6937
6925
6912
6900
6887
6900
6887
6875
6862
6875
6862
6875
6912
6950
6987
7025
7062
7100
7137
7162
7200
7237
7275
7312
7325
7362
7400
7412
7425
7437
7450
7462
7500
7512
7550
7562
7575
7562
7575
7562
7550
7537
7525
7512
7500
7512
7500
7487
7475
7462
7450
7425
7425
7400
7400
7375
7400
7387
7400
7387
7400
7375
7387
7375
7362
7350
7337
7325
7312
7300
7287
7275
7237
7225
7212
7212
7200
7212
7200
7212
7200
7212
7200
7212
7200
7212
7200
7212
7200
7212
7200
7212
7200
7212
7200
7212
7200
7212
7200
7212
7187
7187
7162
7175
7162
7162
7162
7187
7175
7187
7200
7212
7200
7212
7200
7212
7200
7187
7175
7187
7162
7175
7187
7200
7187
7212
7200
7212
7200
7212
7200
7187
7175
7150
7125
7100
7100
7075
7087
7100
7100
7100
7125
7125
7125
7162
7175
7162
7175
7162
7150
7137
7150
7137
7150
7137
7125
7112
7100
7087
7075
7087
7075
7087
7075
7087
7075
7087
7100
7112
7125
7137
7150
7162
7175
7187
7200
7212
7212
7250
7287
7325
7362
7375
7387
7400
7412
7425
7437
7450
7437
7450
7437
7450
7462
7500
7537
7600
7662
7712
7762
7812
7862
7900
7962
8025
8062
8100
8137
8150
8162
8175
8187
8200
8212
8225
8250
8250
8250
8250
8250
8237
8250
8237
8250
8237
8250
8237
8250
8237
8250
8237
8250
8237
8250
8237
8225
8187
8175
8137
8125
8112
8100
8087
8075
8062
8050
8062
8050
8062
8050
8062
8050
8062
8050
8062
8037
8037
8012
7987
7962
7950
7912
7900
7887
7875
7862
7875
7850
7850
7825
7825
7800
7812
7825
7837
7850
7862
7875
7862
7875
7862
7875
7862
7875
7862
7850
7837
7850
7825
7825
7825
7825
7825
7837
7850
7862
7875
7887
7900
7912
