t = 60.000000, p = 409.000000
13450
13400
13362
13325
13287
13250
13212
13175
13137
13125
13137
13137
13162
13187
13187
13187
13200
13187
13200
13200
13212
13225
13212
13200
13225
13212
13225
13237
13250
13237
13225
13212
13200
13187
13175
13162
13150
13137
13100
13062
13050
13012
12975
12962
12950
12925
12912
12900
12862
12850
12837
12800
12787
12775
12762
12750
12762
12750
12762
12750
12762
12750
12762
12750
12737
12725
12712
12700
12712
12750
12762
12775
12787
12800
12787
12775
12787
12775
12762
12775
12787
12800
12812
12800
12787
12775
12762
12750
12762
12775
12787
12800
12812
12825
12812
12825
12812
12825
12812
12825
12812
12825
12812
12800
12800
12800
12800
12800
12825
12837
12850
12837
12850
12837
12825
12812
12800
12762
12762
12737
12712
12712
12712
12700
12687
12675
12662
12650
12612
12600
12587
12550
12537
12550
12562
12600
12662
12725
12787
12862
12950
13037
13125
13212
13275
13337
13400
13450
13512
13575
13637
13700
13762
13825
13887
13937
14000
14062
14125
14187
14250
14325
14400
14475
14562
14650
14725
14800
14862
14900
14937
14975
15000
15012
15025
15050
15037
15025
15012
15025
15012
15025
15012
15000
14987
14962
14912
14862
14812
14737
14675
14637
14600
14562
14525
14487
14437
14375
14312
14237
14187
14137
14087
14037
14000
13937
13887
13825
13750
13675
13637
13587
13562
13550
13537
13512
13500
13500
13487
13475
13462
13450
13437
13425
13412
13400
13387
13375
13362
13375
13362
13375
13362
13375
13362
13375
13362
13375
13362
13375
13362
13375
13362
13337
13312
13312
13287
13262
13275
13262
13225
13212
13200
13187
13175
13162
13150
13137
13100
13062
13050
13012
13000
12987
12975
12962
12975
12962
12950
12962
12950
12925
12887
12875
12837
12825
12837
12850
12862
12875
12862
12862
12862
12862
12862
12862
12850
12825
12800
12775
12775
12750
12762
12750
12762
12750
12762
12750
12737
12725
12712
12700
12712
12725
12737
12750
12737
12725
12712
12700
12687
12700
12687
12662
12637
12637
12612
12612
12612
12612
12587
12562
12512
12500
12462
12462
12450
12462
12450
12462
12450
12462
12450
12437
12425
12412
12400
12412
12462
12487
12562
12637
12700
12762
12850
12925
13000
13075
13150
13225
13300
13375
13450
13512
13575
13637
13700
13750
13837
13900
13975
14062
14150
14225
14300
14375
14437
14487
14550
14612
14675
14737
14800
14862
14925
14962
15000
15012
15025
15012
15000
14962
14950
14912
14900
14887
14875
14837
14825
14787
14750
14712
14675
14612
14550
14487
14437
14375
14337
14287
14237
14187
14137
14062
14000
13937
13887
13825
13787
13750
13712
13675
13662
13625
13612
13600
13587
13587
13587
13587
13587
13612
13600
13612
13600
13587
13587
13587
13587
13587
13612
13587
13587
13562
13562
13537
13550
13537
13525
13512
13500
13500
13487
13475
13462
13450
13437
13425
13400
13375
13350
13325
13300
13287
13250
13212
13150
13112
13075
13037
13025
13012
13000
12987
13000
12987
13000
12987
12975
12937
12925
12887
12862
12837
12837
12800
12800
12775
12775
12750
12737
12737
12737
12737
12737
12737
12725
12712
12700
12687
12675
12675
12675
12650
12650
12637
12612
12612
12612
12587
12600
12587
12575
12550
12550
12525
12525
12500
12512
12500
12487
12475
12462
12437
12425
12412
12400
12387
12400
12387
12400
12387
12400
12387
12400
12375
12375
12375
12375
12350
12362
12350
12337
12350
12387
12400
12437
12462
12500
12550
12625
12700
12775
12850
12925
13000
13075
13162
13237
13312
13387
13450
13525
13600
13675
13750
13837
13900
13975
14062
14150
14225
14300
14375
14437
14512
14587
14662
14737
14800
14837
14875
14912
14925
14937
14975
14987
14975
14987
15000
14987
14975
14987
14975
14962
14950
14937
14925
14912
14875
14862
14850
14837
14825
14837
14825
14812
14800
14787
14750
14712
14675
14612
14550
14487
14437
14375
14312
14250
14187
14125
14062
14000
13962
13937
13900
13862
13825
13762
13700
13662
13625
13587
13575
13562
13550
13537
13525
13512
13500
13500
13487
13500
13487
13500
13487
13475
13462
13450
13437
13425
13412
13400
13387
13350
13337
13325
13287
13250
13212
13175
13137
13125
13112
13100
13087
13075
13062
13050
13037
13025
13012
12975
12962
12950
12925
12912
12900
12862
12825
12812
12775
12737
12725
12712
12700
12687
12675
12662
12650
12612
12612
12612
12612
12612
12612
12600
12587
12550
12537
12525
12512
12500
12487
12475
12487
12475
12462
12487
12487
12462
12475
12475
12462
12450
12462
12450
12437
12425
12412
12400
12387
12400
12412
12437
12450
12462
12475
12462
12437
12425
12412
12400
12412
12425
12412
12425
12412
12375
12362
12350
12312
12300
12287
12250
12237
12225
12212
12225
12237
12225
12237
12225
12212
12200
12212
12225
12237
12250
12287
12325
12362
12400
12437
12487
12550
12612
12712
12800
12887
12975
13062
13137
13212
13287
13362
13437
13525
13625
13725
13825
13900
13987
14075
14150
14225
14300
14375
14437
14487
14550
14612
14675
14712
14750
14787
14800
14812
14825
14837
14850
14862
14850
14862
14850
14812
14800
14787
14750
14712
14675
14612
14575
14537
14512
14475
14437
14375
14337
14300
14262
14225
14187
14125
14062
14000
13937
13887
13825
13787
13750
13712
13675
13662
13625
13587
13550
13550
13525
13500
13500
13500
13475
13462
13450
13437
13412
13425
13412
13400
13387
13412
13400
13387
13400
13387
13375
13362
13375
13362
13375
13362
13375
13362
13375
13362
13350
13337
13325
13287
13275
13262
13225
13187
13150
13112
13075
13037
13000
12962
12925
12900
12887
12875
12862
12862
12862
12862
12862
12862
12825
12812
12775
12737
12700
12687
12650
12612
12600
12587
12575
12562
12575
12562
12575
12562
12550
12512
12500
12487
12475
12462
12475
12462
12437
12425
12412
12400
12387
12400
12387
12400
12387
12375
12362
12350
12337
12325
12337
12325
12337
12325
12337
12325
12337
12325
12337
12325
12337
12325
12337
12325
12337
12350
12362
12350
12362
12350
12350
12350
12350
12350
12350
12337
12325
12337
12350
12362
12375
12387
12400
12412
12437
12475
12537
12612
12700
12787
12862
12962
13050
13125
13200
13275
13337
13400
13450
13512
13575
13637
13700
13762
13825
13887
13937
14000
14062
14125
14187
14250
14312
14375
14437
14487
14562
14612
14675
14737
14800
14850
14925
14975
15012
15050
15062
15037
15025
15000
14987
14962
14950
14925
14912
14875
14862
14850
14812
14775
14737
14700
14662
14625
14587
14550
14487
14437
14375
14312
14250
14187
14125
14062
14000
13937
13887
13825
13762
13725
13687
13675
13662
13650
13637
13625
13612
13600
13587
13575
13562
13550
13537
13525
13525
13550
13550
13550
13575
13562
13550
13537
13550
13537
13525
13512
13500
13475
13462
13450
13412
13375
13362
13350
13337
13350
13350
13350
13325
13325
13300
13287
13250
13237
13200
13187
13175
13162
13150
13137
13125
13112
13100
13087
13075
13037
13025
13000
12975
12950
12925
12912
12900
12887
12875
12887
12875
12887
12875
12887
12875
12862
12850
12837
12825
12812
12825
12812
12825
12812
12825
12812
12825
12812
12837
12837
12862
12862
12862
12825
12812
12762
12737
12737
12737
12712
12737
12762
12762
12787
12812
12800
12800
12800
12800
12800
12800
12787
12800
12812
12825
12875
12912
12975
13037
13125
13200
13275
13350
13412
13487
13587
13687
13787
13875
13975
14050
14125
14187
14250
14312
14387
14450
14525
14600
14675
14737
14812
14887
14950
15025
15075
15125
15150
15150
15150
15137
15112
15087
15087
15062
15075
15062
15075
15062
15050
15012
14975
14950
14900
14850
14800
14750
14675
14612
14537
14487
14450
14400
14350
14312
14250
14187
14125
14062
14000
13937
13912
13875
13837
13800
13762
13700
13637
13600
13562
13550
13537
13525
13512
13500
13475
13462
13475
13462
13450
13462
13450
13450
13437
13450
13437
13425
13400
13387
13350
13337
13325
13287
13275
13262
13250
13237
13225
13212
13200
13187
13175
13162
13125
13112
13075
13062
13037
13037
13012
13012
12987
12975
12937
12900
12850
12812
12775
12762
12737
12737
12712
12712
12687
12700
12687
12700
12687
12675
12662
12650
12612
12600
12587
12575
12562
12575
12562
12575
12562
12575
12562
12575
12550
12550
12525
12525
12500
12512
12525
12525
12525
12525
12537
12525
12525
12525
12525
12512
12500
12512
12500
12512
12500
12487
12475
12462
12462
12450
12437
12425
12412
12375
12362
12350
12337
12325
12312
12300
12287
12275
12262
12250
12237
12212
12187
12162
12137
12112
12087
12062
12062
12062
12062
12075
12087
12100
12137
12175
12237
12300
12362
12437
12512
12587
12662
12725
12787
12850
12900
12962
13025
13087
13150
13212
13275
13337
13400
13450
13512
13575
13650
13725
13800
13875
13937
14000
14062
14125
14187
14225
14237
14250
14237
14237
14237
14262
14262
14287
14275
14287
14262
14275
14250
14250
14225
14237
14200
14175
14125
14100
14050
14012
13975
13937
13912
13875
13837
13800
13787
13737
13712
13687
13662
13612
13575
13512
13450
13400
13337
13275
13212
13175
13137
13087
13037
13025
12975
12925
12925
12925
12887
12875
12862
12800
12762
12737
12687
12662
12637
12625
12600
12612
12587
12612
12600
12625
12612
12612
12600
12612
12600
12612
12612
12612
12625
12625
12625
12637
12625
12600
12612
12600
12587
12600
12587
12550
12537
12525
12487
12475
12450
12450
12437
12425
12412
12412
12375
12362
12350
12337
12325
12337
12325
12337
12325
12312
12300
12287
12275
12262
12250
12237
12225
12212
12200
12212
12200
12187
12175
12162
12150
12137
12150
12125
12125
12100
12100
12075
12087
12075
12062
12050
12037
12025
12012
12025
12012
12037
12025
12037
12025
12037
12012
12025
12012
12025
12012
12025
12012
12025
12012
12025
12000
12000
11975
11975
11950
11962
11950
11937
11925
11912
11887
11875
11862
11850
11837
11850
11825
11825
11800
11800
11775
11787
11800
11837
11862
11925
11987
12050
12112
12175
12237
12275
12337
12387
12450
12525
12625
12700
12775
12850
12900
12975
13050
13125
13212
13300
13375
13450
13537
13587
13650
13725
13787
13850
13925
14000
14062
14125
14162
14200
14250
14275
14300
14325
14350
14337
14350
14337
14325
14312
14300
14262
14250
14237
14200
14162
14150
14112
14075
14037
14000
13937
13887
13825
13762
13725
13687
13650
13612
13562
13487
13412
13350
13300
13262
13225
13212
13200
13162
13150
13137
13125
13112
13100
13087
13062
13050
13037
13050
13037
13062
13050
13062
13075
13075
13075
13075
13075
13050
13037
13025
13037
13025
13012
13025
13012
13000
13012
13025
13012
13000
12987
12950
12950
12937
12950
12925
12900
12875
12850
12825
12800
12800
12775
12775
12750
12737
12725
12712
12700
12687
12675
12662
12650
12637
12625
12637
12625
12612
12600
12587
12575
12550
12550
12512
12500
12462
12462
12450
12462
12450
12462
12450
12462
12450
12462
12450
12462
12450
12462
12450
12437
12425
12412
12400
12412
12437
12437
12437
12437
12412
12400
12387
12375
12362
12350
12312
12300
12287
12275
12262
12250
12237
12225
12212
12187
12187
12162
12162
12162
12175
12162
12175
12162
12150
12137
12125
12112
12100
12087
12075
12087
12075
12087
12100
12150
12175
12225
12275
12325
12362
12412
12475
12550
12650
12750
12837
12937
13025
13087
13150
13212
13275
13337
13400
13450
13525
13600
13650
13712
13787
13850
13925
14025
14112
14187
14250
14312
14375
14437
14487
14525
14562
14575
14587
14575
14587
14575
14587
14575
14562
14525
14487
14462
14425
14412
14400
14387
14375
14362
14325
14287
14250
14212
14162
14112
14062
14012
13925
13887
13837
13787
13737
13700
13637
13600
13562
13525
13487
13450
13400
13337
13300
13262
13225
13187
13175
13137
13100
13087
13075
13062
13050
13062
13050
13062
13050
13062
13075
13087
13100
13112
13125
13112
13125
13112
13100
13087
13075
13062
13050
13062
13050
13062
13050
13037
13037
13037
13012
13012
13012
13000
12987
12975
12962
12950
12925
12912
12900
12862
12850
12837
12800
12787
12775
12762
12750
12737
12700
12687
12650
12612
12575
12562
12525
12512
12500
12487
12475
12462
12437
12425
12412
12400
12387
12375
12362
12350
12337
12325
12312
12300
12287
12275
12262
12275
12262
12275
12250
12262
12250
12237
12200
12200
12162
12125
12112
12100
12087
12075
12087
12075
12062
12050
12037
12025
12012
12000
11987
12000
11987
12000
12012
12000
11987
11975
11962
11950
11937
11925
11912
11912
11900
11887
11887
11887
11862
11862
11862
11850
11837
11850
11837
11850
11862
11887
11912
11975
12012
12050
12112
12175
12237
12325
12387
12462
12537
12612
12687
12762
12837
12925
13000
13087
13187
13275
13362
13437
13525
13600
13675
13750
13825
13887
13950
14025
14100
14175
14262
14312
14362
14412
14462
14487
14525
14562
14600
14612
14625
14637
14650
14637
14625
14625
14625
14600
14575
14575
14537
14512
14475
14462
14425
14387
14350
14337
14325
14312
14300
14287
14275
14237
14200
14187
14175
14137
14100
14062
14000
13937
13887
13825
13762
13700
13637
13575
13512
13475
13450
13412
13375
13337
13275
13237
13200
13187
13175
13150
13125
13100
13050
13025
13037
13050
13062
13100
13100
13100
13075
13087
13075
13075
13075
13075
13062
13050
13062
13050
13062
13050
13062
13050
13037
13025
13012
12975
12937
12925
12900
12862
12862
12862
12837
12837
12825
12800
12775
12775
12750
12737
12725
12712
12700
12687
12675
12662
12650
12612
12600
12587
12550
12537
12512
12487
12450
12437
12412
12412
12387
12400
12387
12400
12387
12375
12362
12350
12337
12325
12312
12300
12275
12262
12250
12237
12225
12225
12212
12187
12187
12187
12187
12162
12150
12150
12125
12100
12075
12075
12062
12050
12062
12075
12087
12062
12062
12037
12037
12012
12025
12012
12000
11987
11975
11937
11925
11912
11887
11875
11862
11850
11837
11850
11837
11850
11837
11850
11837
11850
11825
11825
11800
11800
11800
11812
11837
11862
11887
11900
11962
12025
12087
12162
12237
12300
12350
12412
12487
12575
12662
12750
12837
12900
12975
13062
13150
13237
13325
13400
13450
13512
13587
13662
13737
13812
13887
13937
14000
14062
14137
14187
14237
14287
14312
14325
14337
14325
14287
14275
14237
14225
14200
14200
14175
14175
14150
14137
14125
14112
14100
14075
14075
14050
14025
13975
13937
13912
13875
13837
13800
13762
13700
13637
13575
13512
13450
13425
13387
13350
13312
13275
13237
13200
13187
13175
13187
13175
13162
13150
13137
13125
13137
13150
13162
13175
13187
13175
13162
13150
13137
13100
13087
13075
13062
13050
13037
13025
13012
13000
12987
13000
12987
12975
12925
12900
12887
12862
12837
12825
12812
12775
12762
12750
12737
12700
12687
12650
12612
12600
12587
12575
12562
12550
12537
12512
12487
12462
12462
12450
12437
12425
12412
12375
12362
12375
12350
12350
12350
12325
12300
12287
12275
12262
12275
12262
12275
12262
12275
12262
12275
12262
12275
12262
12250
12212
12212
12187
12162
12162
12187
12175
12162
12175
12162
12150
12137
12150
12137
12150
12137
12125
12112
12100
12062
12062
12062
12062
12062
12087
12075
12087
12075
12062
12050
12062
12050
12062
12100
12150
12212
12300
12375
12475
12562
12637
12712
12787
12850
12925
13000
13075
13150
13212
13287
13362
13475
13587
13700
13800
13887
13975
14062
14150
14237
14312
14375
14437
14512
14587
14637
14687
14725
14737
14750
14762
14750
14737
14725
14687
14675
14650
14625
14625
14625
14600
14612
14600
14562
14525
14512
14487
14450
14437
14425
14387
14350
14312
14275
14225
14200
14175
14150
14100
14050
13975
13900
13837
13762
13700
13637
13575
13512
13450
13425
13387
13350
13337
13325
13312
13287
13300
13287
13275
13262
13262
13250
13237
13225
13212
13200
13162
13162
13162
13137
13112
13087
13025
12987
12950
12925
12887
12850
12812
12775
12762
12737
12737
12712
12687
12637
12625
12575
12550
12525
12525
12487
12487
12462
12437
12425
12412
12400
12387
12375
12337
12325
12287
12250
12237
12225
12187
12175
12162
12150
12137
12125
12112
12100
12087
12075
12087
12075
12062
12050
12037
12025
12012
12000
11987
11975
11962
11950
11937
11925
11937
11925
11912
11900
11887
11862
11850
11837
11850
11837
11850
11837
11850
11837
11850
11837
11850
11837
11850
11837
11825
11812
11800
11787
11775
11787
11775
11787
11800
11837
11887
11962
12050
12137
12225
12312
12400
12487
12587
12687
12787
12862
12950
13037
13112
13187
13275
13362
13425
13500
13575
13650
13725
13812
13887
13987
14075
14162
14237
14287
14325
14362
14375
14387
14400
14387
14375
14362
14325
14287
14275
14237
14225
14212
14200
14187
14175
14137
14125
14112
14100
14087
14075
14062
14050
14012
13975
13937
13912
13875
13825
13775
13725
13637
13575
13525
13475
13437
13400
13337
13275
13237
13200
13162
13150
13137
13100
13087
13075
13037
13025
13012
13000
12987
13012
13000
13012
13000
13012
12987
12975
12937
12925
12900
12887
12875
12887
12875
12862
12862
12862
12837
12837
12837
12800
12787
12775
12737
12725
12712
12700
12687
12675
12662
12637
12612
12587
12562
12537
12525
12487
12450
12437
12412
12400
12387
12400
12387
12400
12387
12375
12362
12375
12362
12375
12387
12375
12362
12350
12337
12325
12312
12300
12287
12275
12262
12275
12262
12275
12262
12275
12262
12275
12287
12300
12287
12300
12287
12275
12262
12275
12262
12275
12262
12275
12262
12275
12262
12275
12262
12275
12262
12275
12262
12250
12250
12250
12250
12250
12250
12237
12225
12187
12175
12162
12125
12125
12125
12125
12125
12150
12137
12150
12137
12125
12112
12125
12137
12175
12250
12325
12387
12462
12550
12625
12700
12787
12862
12937
13012
13087
13150
13212
13275
13337
13400
13475
13550
13637
13725
13812
13887
13975
14050
14125
14200
14275
14350
14425
14462
14487
14487
14487
14462
14450
14437
14425
14412
14400
14412
14400
14387
14375
14362
14350
14337
14325
14312
14300
14287
14275
14262
14250
14237
14200
14187
14175
14137
14087
14062
14012
13962
13925
13887
13825
13762
13725
13687
13650
13612
13575
13512
13475
13450
13412
13375
13325
13275
13250
13225
13200
13212
13200
13200
13200
13200
13200
13200
13187
13200
13237
13250
13262
13275
13262
13225
13212
13225
13212
13200
13187
13175
13137
13125
13112
13125
13112
13100
13087
13075
13062
13050
13062
13050
13037
13037
13037
13012
13012
13012
12975
12962
12950
12925
12912
12900
12887
12875
12862
12850
12837
12825
12812
12800
12787
12775
12737
12737
12737
12712
12712
12737
12725
12712
12700
12687
12650
12637
12625
12637
12625
12612
12600
12587
12575
12562
12550
12537
12525
12512
12500
12512
12500
12512
12500
12512
12500
12512
12500
12512
12500
12512
12500
12487
12450
12437
12412
12375
12362
12350
12337
12325
12337
12325
12337
12325
12337
12350
12387
12412
12450
12487
12500
12512
12525
12562
12600
12675
12750
12825
12912
13000
13075
13150
13212
13275
13350
13412
13487
13562
13637
13700
13775
13850
13912
13987
14062
14125
14187
14250
14312
14375
14437
14487
14562
14650
14737
14825
14887
14912
14925
14912
14875
14837
14800
14762
14725
14687
14675
14662
14650
14625
14625
14600
14575
14525
14512
14487
14450
14412
14362
14287
14212
14137
14062
14000
13937
13887
13825
13762
13700
13637
13600
13550
13525
13500
13475
13462
13450
13412
13400
13387
13350
13312
13300
13287
13275
13287
13300
13312
13300
13287
13275
13262
13250
13225
13225
13200
13175
13150
13137
13100
13087
13075
13062
13050
13037
13025
13012
12975
12962
12950
12925
12912
12900
12862
12850
12837
12825
12812
12825
12812
12800
12787
12775
12737
12700
12662
12600
12562
12525
12512
12500
12512
12500
12487
12475
12462
12462
12450
12437
12425
12400
12350
12300
12275
12250
12237
12250
12262
12275
12287
12300
12287
12300
12287
12250
12212
12200
12187
12175
12162
12175
12162
12150
12137
12125
12112
12125
12112
12100
12112
12100
12062
12025
12012
11975
11962
11950
11937
11925
11912
11912
11900
11912
11925
11975
12000
12050
12100
12150
12200
12275
12350
12425
12475
12525
12587
12650
12712
12800
12887
12975
13062
13137
13225
13300
13375
13437
13512
13587
13662
13737
13812
13887
13937
14012
14087
14162
14237
14312
14387
14437
14462
14487
14512
14500
14512
14525
14537
14525
14512
14500
14487
14475
14462
14450
14412
14400
14362
14312
14262
14212
14137
14062
14000
13937
13887
13825
13750
13662
13575
13487
13400
13362
13325
13312
13300
13312
13300
13312
13300
13287
13250
13237
13200
13187
13175
13187
13175
13187
13175
13187
13200
13212
13225
13237
13250
13237
13225
13187
13150
13087
13025
12987
12950
12950
12925
12900
12875
12850
12800
12787
12775
12737
12700
12687
12650
12612
12612
12612
12587
12587
12587
12550
12537
12525
12487
12475
12462
12437
12425
12412
12400
12412
12425
12412
12425
12412
12400
12387
12375
12362
12350
12337
12325
12337
12325
12337
12325
12337
12325
12312
12275
12262
12225
12212
12200
12187
12150
12137
12100
12087
12075
12062
12062
12062
12062
12087
12137
12175
12237
12300
12362
12412
12475
12537
12600
12662
12725
12800
12862
12937
13012
13087
13150
13212
13275
13337
13400
13450
13512
13575
13637
13700
13762
13825
13887
13950
14025
14100
14187
14250
14300
14362
14425
14462
14512
14537
14562
14562
14537
14512
14512
14487
14475
14462
14475
14462
14450
14437
14425
14412
14400
14412
14400
14387
14350
14312
14275
14237
14200
14187
14175
14137
14100
14062
14000
13937
13887
13825
13762
13700
13637
13575
13512
13475
13450
13412
13375
13362
13325
13312
13300
13287
13275
13262
13225
13212
13200
13187
13175
13187
13175
13162
13150
13137
13100
13087
13062
13050
13025
13025
13000
13012
12987
12975
12962
12950
12925
12912
12900
12862
12850
12837
12825
12812
12800
12787
12775
12762
12750
12762
12750
12737
12725
12712
12675
12637
12600
12562
12525
12487
12475
12462
12462
12450
12437
12400
12400
12375
12375
12375
12375
12362
12375
12362
12375
12387
12375
12362
12350
12337
12325
12337
12325
12337
12325
12312
12300
12287
12275
12262
12250
12212
12200
12187
12175
12162
12175
12162
12125
12112
12100
12087
12075
12087
12100
12112
12125
12137
12150
12162
12200
12237
12275
12325
12375
12412
12475
12575
12662
12762
12850
12937
13012
13100
13150
13212
13275
13337
13387
13462
13562
13662
13762
13862
13937
14012
14087
14162
14237
14312
14375
14437
14487
14525
14562
14600
14637
14650
14662
14650
14637
14600
14587
14575
14587
14575
14562
14550
14537
14537
14525
14512
14475
14462
14412
14387
14362
14337
14287
14275
14237
14200
14162
14125
14087
14050
14000
13975
13937
13887
13825
13762
13700
13650
13600
13550
13500
13425
13387
13337
13275
13250
13225
13200
13175
13187
13175
13162
13150
13137
13125
13112
13100
13087
13075
13037
13025
13012
12975
12962
12950
12925
12912
12900
12887
12875
12862
12862
12862
12837
12837
12837
12825
12800
12800
12775
12750
12725
12712
12700
12687
12675
12637
12625
12587
12575
12562
12550
12537
12525
12512
12500
12487
12475
12462
12462
12450
12437
12425
12412
12375
12337
12325
12287
12250
12237
12225
12212
12200
12187
12175
12187
12175
12162
12175
12162
12150
12137
12125
12112
12100
12062
12062
12062
12062
12062
12100
12100
12100
12112
12125
12125
12125
12150
12137
12125
12087
12075
12062
12037
12037
12037
12037
12012
12025
12012
12025
12012
12025
12012
12025
12012
12025
12012
12000
11987
12000
11987
11975
11987
11975
11962
11950
11937
11937
11937
11937
11937
11962
11950
11962
11975
12012
12050
12125
12200
12275
12350
12412
12487
12562
12637
12712
12787
12850
12900
12962
13037
13112
13200
13287
13375
13462
13562
13650
13737
13812
13887
13937
14012
14087
14162
14212
14275
14300
14325
14325
14350
14362
14375
14362
14375
14362
14350
14337
14325
14312
14300
14262
14250
14237
14225
14212
14200
14162
14125
14087
14050
14012
13975
13937
13887
13825
13762
13700
13637
13575
13537
13487
13450
13400
13350
13275
13237
13200
13162
13125
13112
13075
13062
13050
13037
13025
13012
13000
12987
12975
12962
12950
12950
12937
12950
12950
12962
12975
12987
13000
12987
12975
12962
12950
12950
12925
12900
12875
12875
12850
12825
12825
12800
12750
12700
12687
12650
12612
12600
12587
12575
12562
12550
12537
12525
12512
12500
12512
12500
12512
12500
12487
12475
12462
12462
12450
12437
12425
12412
12375
12362
12350
12337
12325
12350
12350
12350
12350
12350
12337
12325
12337
12325
12312
12312
12312
12287
12287
12287
12275
12262
12275
12262
12275
12262
12275
12262
12275
12262
12250
12237
12225
12212
12200
12212
12200
12212
12187
12187
12162
12162
12137
12150
12137
12150
12137
12125
12112
12100
12087
12075
12062
12050
12037
12025
12037
12075
12087
12137
12187
12237
12300
12375
12450
12525
12612
12687
12762
12837
12900
12975
13050
13125
13212
13300
13375
13450
13537
13625
13712
13800
13875
13937
14000
14062
14125
14187
14250
14312
14350
14387
14400
14412
14400
14412
14400
14412
14400
14387
14375
14350
14325
14300
14275
14250
14237
14200
14162
14125
14062
14000
13937
13887
13825
13762
13687
13612
13537
13462
13400
13337
13275
13237
13187
13162
13137
13112
13087
13075
13062
13050
13062
13075
13087
13075
13087
13100
13087
13100
13112
13125
13112
13100
13087
13075
13037
13025
13012
13000
12975
12975
12950
12950
12937
12950
12937
12950
12937
12925
12887
12887
12862
12837
12812
12812
12775
12762
12750
12762
12750
12762
12750
12762
12750
12762
12737
12737
12712
12687
12637
12625
12587
12575
12562
12550
12537
12512
12487
12462
12462
12450
12462
12450
12462
12437
12437
12412
12412
12387
12375
12362
12350
12337
12325
12312
12300
12287
12275
12262
12250
12237
12225
12187
12175
12162
12150
12137
12150
12137
12125
12087
12075
12037
12025
12012
12025
12012
12000
11987
11975
11962
11975
12012
12050
12112
12175
12237
12300
12362
12412
12475
12550
12625
12700
12775
12850
12900
12962
13025
13087
13162
13237
13312
13387
13475
13550
13625
13700
13775
13850
13912
13987
14062
14125
14187
14225
14262
14300
14312
14325
14337
14350
14362
14375
14362
14375
14362
14325
14287
14275
14237
14200
14162
14150
14112
14075
14062
14037
14012
13987
13962
13925
13912
13875
13837
13825
13812
13775
13737
13700
13637
13575
13537
13487
13450
13425
13400
13350
13312
13275
13212
13150
13087
13025
12987
12950
12950
12937
12950
12950
12962
12975
12987
13000
13012
13025
13037
13037
13050
13037
13025
12987
13000
12975
12975
12975
12975
12962
12950
12925
12887
12875
12837
12800
12787
12775
12737
12725
12700
12675
12650
12625
12600
12587
12575
12562
12575
12562
12550
12537
12525
12487
12475
12462
12437
12400
12387
12350
12337
12325
12337
12325
12337
12325
12337
12325
12312
12300
12287
12250
12237
12225
12212
12200
12212
12187
12187
12162
12162
12137
12125
12112
12125
12112
12100
12112
12100
12087
12075
12087
12075
12062
12050
12037
12025
12012
12000
11987
11975
11937
11925
11912
11912
11900
11887
11875
11862
11850
11837
11850
11837
11850
11837
11850
11862
11875
11887
11925
11975
12037
12125
12225
12312
12412
12500
12600
12700
12787
12900
13012
13112
13212
13300
13375
13450
13537
13612
13700
13787
13862
13925
13975
14025
14050
14075
14100
14125
14137
14175
14187
14200
14237
14250
14262
14300
14312
14300
14287
14275
14237
14200
14162
14150
14112
14100
14087
14075
14062
14050
14037
14025
14037
14025
14012
14000
13987
13962
13925
13887
13825
13762
13700
13637
13575
13512
13450
13400
13337
13275
13212
13175
13137
13100
13087
13075
13037
13025
13012
13000
12987
13000
12975
12975
12950
12950
12937
12950
12950
12975
12975
13000
12987
12975
12962
12950
12950
12937
12950
12937
12950
12937
12925
12912
12900
12862
12850
12837
12837
12837
12837
12837
12837
12800
12762
12750
12712
12675
12662
12650
12612
12600
12587
12550
12537
12525
12487
12475
12462
12437
12400
12387
12350
12312
12300
12287
12250
12237
12250
12237
12250
12262
12250
12212
12200
12162
12125
12112
12100
12087
12062
12075
12062
12050
12037
12037
12025
12037
12050
12062
12075
12062
12050
12037
12000
11987
11975
11962
11937
11937
11937
11937
11937
11975
11987
12000
12012
12025
12012
12000
11987
11975
11962
11950
11937
11925
11912
11887
11875
11887
11875
11887
11900
11912
11900
11912
11912
11925
11912
11937
11937
11912
11912
11937
11950
11987
12050
12112
12175
12237
12312
12375
12462
12550
12637
12725
12812
12875
12950
13037
13112
13187
13262
13350
13412
13487
13562
13637
13700
13762
13837
13900
13975
14050
14125
14187
14250
14312
14350
14387
14400
14412
14400
14387
14375
14362
14350
14337
14350
14325
14325
14300
14275
14250
14237
14200
14162
14125
14062
14000
13962
13937
13900
13862
13825
13762
13700
13637
13600
13562
13512
13462
13437
13400
13350
13312
13275
13212
13175
13137
13125
13112
13125
13112
13125
13112
13125
13112
13100
13100
13100
13075
13075
13100
13087
13075
13087
13100
13075
13075
13075
13075
13050
13037
13025
13012
13000
12987
12975
12962
12950
12925
12912
12900
12862
12850
12837
12825
12812
12800
12762
12725
12687
12650
12637
12625
12637
12612
12612
12587
12587
12562
12550
12537
12525
12487
12475
12462
12462
12450
12437
12400
12400
12375
12350
12350
12350
12337
12350
12387
12387
12412
12412
12387
12362
12337
12325
12312
12325
12312
12337
12325
12312
12300
12287
12250
12237
12225
12212
12200
12212
12200
12212
12200
12212
12200
12187
12175
12162
12150
12137
12150
12137
12150
12125
12125
12100
12100
12075
12062
12050
12037
12025
12012
12025
12012
12000
11987
12000
12012
12050
12112
12175
12250
12325
12387
12462
12550
12637
12737
12825
12925
13037
13137
13225
13325
13425
13512
13600
13687
13762
13837
13900
13975
14050
14125
14187
14250
14312
14375
14412
14462
14487
14487
14487
14487
14450
14437
14425
14412
14400
14412
14400
14412
14400
14387
14375
14362
14325
14287
14250
14187
14125
14062
14025
13987
13962
13925
13887
13825
13762
13687
13612
13537
13462
13400
13362
13325
13287
13250
13237
13200
13187
13162
13162
13137
13112
13062
13050
13012
13000
12987
13000
12987
13000
12987
13000
12987
12975
12962
12950
12950
12937
12925
12887
12875
12837
12800
12787
12775
12762
12750
12737
12725
12712
12700
12687
12675
12662
12650
12637
12625
12612
12575
12537
12500
12462
12462
12450
12437
12400
12400
12362
12350
12337
12325
12300
12287
12275
12262
12250
12212
12200
12162
12125
12112
12125
12112
12100
12112
12125
12112
12125
12137
12150
12137
12150
12137
12125
12112
12100
12087
12075
12087
12075
12062
12050
12037
12000
11987
11975
11962
11950
11962
11950
11962
11950
11962
11950
11962
11950
11962
11950
11962
11950
11962
11950
11937
11925
11912
11912
11900
11887
11875
11862
11850
11837
11850
11837
11850
11862
11875
11862
11875
11862
11850
11837
11850
11837
11850
11837
11850
11862
11887
11925
11987
12050
12125
12200
12275
12350
12412
12487
12575
12662
12762
12850
12937
13025
13112
13200
13287
13375
13475
13575
13662
13750
13825
13887
13937
14000
14037
14087
14112
14150
14187
14225
14250
14275
14287
14275
14262
14262
14262
14237
14212
14212
14175
14137
14125
14112
14075
14075
14075
14050
14025
14000
13937
13887
13812
13737
13662
13587
13512
13450
13400
13337
13262
13175
13112
13050
12987
12937
12925
12900
12862
12850
12837
12825
12812
12800
12800
12800
12775
12775
12800
12787
12775
12787
12800
12787
12775
12787
12775
12737
12725
12712
12675
12662
12637
12612
12587
12562
12537
12525
12487
12475
12462
12462
12450
12437
12425
12437
12412
12412
12412
12412
12387
12400
12387
12375
12362
12350
12312
12275
12262
12225
12187
12175
12162
12150
12137
12150
12137
12150
12137
12150
12162
12175
12162
12175
12162
12150
12137
12150
12137
12150
12137
12150
12137
12150
12137
12150
12137
12150
12137
12150
12137
12150
12137
12150
12125
12125
12100
12075
12050
12037
12025
12037
12050
12037
12050
12037
12025
12012
12025
12012
12000
11987
11975
11962
11950
11962
11950
11937
11925
11912
11912
11900
11912
11912
11925
11937
11975
12012
12050
12112
12175
12250
12325
12387
12475
12562
12637
12712
12787
12850
12900
12975
13050
13125
13200
13275
13337
13400
13475
13562
13650
13737
13812
13887
13937
14000
14062
14125
14162
14200
14212
14225
14212
14225
14212
14225
14212
14225
14212
14225
14212
14225
14212
14200
14200
14200
14200
14200
14187
14175
14162
14125
14112
14100
14075
14050
14025
14000
13987
13962
13925
13887
13825
13762
13725
13687
13650
13612
13575
13537
13500
13462
13437
13412
13362
13312
13275
13212
13150
13087
13050
13012
12975
12937
12925
12925
12912
12925
12937
12925
12912
12900
12887
12875
12887
12875
12887
12875
12862
12850
12862
12850
12862
12875
12887
12875
12887
12875
12887
12875
12887
12875
12887
12875
12862
12850
12837
12800
12762
12725
12687
12650
12612
12600
12587
12575
12562
12575
12562
12550
12537
12525
12512
12500
12512
12500
12487
12475
12462
12437
12425
12412
12400
12387
12400
12387
12400
12387
12362
12350
12337
12325
12300
12325
12312
12300
12287
12287
12250
12237
12225
12212
12200
12212
12200
12187
12175
12162
12150
12137
12150
12137
12162
12162
12162
12162
12162
12150
12162
12200
12212
12225
12212
12200
12162
12150
12137
12150
12137
12150
12137
12150
12137
12150
12137
12125
12112
12100
12087
12075
12062
12050
12037
12025
12012
12025
12012
12025
12012
12000
11987
12000
11987
11975
11987
11975
11962
11950
11962
11950
11962
11975
12012
12050
12112
12187
12262
12337
12425
12512
12600
12687
12762
12837
12912
12987
13062
13150
13237
13325
13400
13487
13575
13662
13737
13825
13887
13937
14012
14087
14150
14250
14300
14337
14375
14412
14412
14450
14462
14475
14462
14475
14462
14475
14462
14475
14462
14450
14437
14425
14412
14400
14387
14350
14350
14312
14300
14287
14275
14250
14237
14200
14187
14175
14162
14150
14137
14100
14087
14050
14012
13975
13937
13887
13812
13737
13662
13587
13512
13450
13400
13337
13275
13212
13187
13162
13137
13112
13112
13075
13037
13025
13012
13000
12987
13000
12987
13000
12987
13000
12987
13000
13012
13025
13037
13037
13037
13012
13025
13012
13012
13012
13012
13000
12987
13012
13000
12987
12950
12937
12900
12862
12850
12837
12787
12762
12737
12712
12687
12675
12662
12650
12637
12625
12612
12600
12587
12575
12562
12550
12512
12500
12462
12437
12425
12412
12400
12387
12375
12337
12300
12237
12175
12137
12125
12100
12100
12100
12100
12075
12087
12075
12062
12025
12012
11975
11962
11950
11937
11925
11912
11912
11900
11912
11900
11912
11900
11912
11900
11912
11900
11912
11900
11887
11875
11862
11850
11837
11825
11812
11800
11762
11762
11762
11762
11762
11787
11775
11762
11725
11687
11650
11612
11600
11587
11600
11587
11600
11587
11600
11612
11650
11662
11700
11712
11725
11737
11775
11812
11850
11887
11912
11950
11987
12050
12112
12187
12262
12337
12425
12512
12600
12687
12762
12837
12900
12962
13025
13087
13150
13212
13287
13362
13450
13537
13625
13700
13762
13825
13887
13937
14000
14062
14125
14162
14200
14237
14250
14237
14250
14237
14200
14187
14175
14137
14125
14112
14075
14062
14050
14012
13962
13937
13900
13850
13800
13762
13700
13637
13575
13512
13475
13450
13412
13375
13362
13325
13287
13250
13237
13200
13162
13162
13162
13162
13162
13162
13150
13137
13125
13112
13125
13137
13150
13137
13150
13137
13100
13100
13100
13100
13100
13125
13100
13100
13100
13100
13075
13087
13075
13062
13050
13037
13025
13012
12975
12962
12950
12925
12912
12900
12887
12875
12862
12825
12787
12750
12712
12675
12662
12650
12612
12600
12587
12550
12537
12525
12512
12500
12512
12500
12512
12500
12487
12475
12462
12437
12400
12387
12375
12362
12350
12362
12350
12312
12300
12287
12275
12262
12275
12262
12250
12237
12225
12212
12200
12187
12175
12162
12150
12137
12150
12137
12150
12125
12125
12100
12100
12062
12062
12037
12037
12012
12000
11987
11975
11962
11975
11987
11975
11987
11975
11937
11925
11912
11912
11912
11925
11937
11950
11962
11987
12037
12087
12175
12262
12337
12437
12537
12637
12737
12825
12887
12962
13037
13125
13212
13300
13387
13475
13562
13650
13737
13812
13887
13937
14000
14075
14150
14225
14275
14325
14375
14400
14425
14450
14475
14462
14475
14487
14500
14487
14500
14487
14475
14487
14487
14487
14487
14462
14437
14425
14387
14375
14362
14325
14287
14275
14237
14200
14187
14175
14137
14125
14112
14075
14037
14000
13937
13887
13825
13762
13700
13637
13575
13512
13475
13450
13412
13375
13337
13300
13262
13250
13237
13225
13212
13200
13162
13162
13162
13162
13162
13187
13175
13162
13150
13137
13100
13087
13075
13037
13037
13037
13037
13025
13037
13012
13012
12975
12975
12950
12925
12887
12875
12837
12800
12787
12775
12762
12750
12737
12725
12712
12675
12662
12637
12612
12587
12562
12512
12500
12462
12462
12437
12437
12412
12412
12387
12375
12362
12375
12362
12350
12362
12375
12362
12375
12387
12400
12375
12375
12350
12325
12312
12312
12312
12312
12337
12325
12337
12350
12387
12400
12412
12425
12412
12400
12387
12400
12387
12375
12362
12350
12312
12300
12287
12275
12262
12275
12262
12250
12237
12225
12225
12225
12250
12275
12300
12325
12375
12412
12462
12550
12637
12737
12825
12925
13025
13112
13187
13275
13362
13425
13500
13575
13637
13725
13812
13900
14000
14112
14200
14300
14362
14425
14475
14512
14550
14587
14625
14662
14675
14662
14675
14662
14625
14587
14550
14512
14487
14450
14437
14425
14387
14375
14362
14325
14287
14250
14212
14162
14137
14100
14062
13987
13962
13912
13862
13812
13775
13700
13637
13562
13512
13462
13425
13375
13337
13300
13262
13225
13212
13200
13162
13150
13137
13125
13112
13125
13112
13125
13137
13150
13162
13175
13187
13175
13187
13175
13162
13150
13137
13100
13087
13075
13062
13050
13062
13050
13037
13025
13012
12975
12962
12950
12925
12912
12900
12862
12825
12812
12775
12737
12700
12687
12637
12612
12587
12587
12562
12550
12512
12512
12487
12487
12487
12487
12475
12462
12462
12450
12462
12450
12437
12425
12412
12400
12387
12400
12387
12375
12375
12375
12350
12350
12350
12312
12300
12287
12250
12237
12225
12212
12200
12212
12200
12212
12200
12212
12200
12212
12200
12187
12175
12162
12150
12137
12150
12137
12125
12087
12075
12037
12000
11987
11975
11962
11950
11962
11950
11937
11925
11937
11950
11962
12000
12012
12025
12037
12087
12137
12212
12287
12362
12412
12487
12562
12637
12712
12787
12850
12900
12975
13050
13125
13200
13287
13362
13437
13525
13612
13687
13762
13825
13887
13937
14000
14062
14100
14137
14187
14237
14250
14287
14325
14325
14325
14325
14325
14300
14300
14275
14262
14250
14237
14200
14162
14150
14137
14125
14112
14125
14100
14050
14000
13950
13887
13825
13762
13700
13637
13575
13500
13450
13412
13387
13362
13350
13312
13275
13237
13200
13162
13125
13087
13050
13012
12975
12962
12950
12950
12937
12950
12937
12950
12950
12975
12975
13000
12987
13000
13012
13025
13037
13050
13062
13075
13087
13075
13062
13025
12987
12950
12925
12887
12875
12837
12800
12787
12775
12737
12725
12712
12700
12687
12700
12687
12675
12662
12650
12612
12575
12537
12475
12437
12400
12350
12325
12287
12225
12200
12175
12125
12087
12050
12012
11975
11937
11925
11912
11912
11900
11912
11900
11912
11912
11925
11937
11950
11962
11950
11937
11925
11937
11925
11937
11950
11975
11975
12012
12012
12037
12025
12037
12000
12000
11975
11975
11950
11937
11925
11912
11912
11900
11912
11912
11925
11937
11950
11937
11925
11937
11925
11912
11925
11912
11912
11900
11912
11912
11925
11937
11975
12012
12050
12112
12175
12237
12300
12362
12412
12475
12537
12612
12687
12762
12837
12912
13000
13087
13187
13287
13375
13462
13562
13650
13750
13837
13925
14012
14100
14175
14250
14312
14375
14412
14450
14462
14487
14487
14512
14512
14537
14525
14537
14525
14537
14525
14537
14525
14512
14500
14487
14475
14462
14475
14462
14450
14437
14425
14412
14400
14387
14375
14362
14325
14312
14300
14262
14262
14262
14237
14212
14187
14125
14062
14000
13937
13887
13850
13812
13775
13762
13750
13712
13675
13637
13575
13537
13500
13475
13437
13425
13387
13375
13362
13375
13387
13400
13412
13425
13437
13450
13462
13475
13487
13475
13462
13450
13412
13400
13387
13375
13362
13375
13362
13350
13337
13350
13337
13350
13387
13400
13387
13375
13362
13325
13312
13300
13287
13275
13287
13300
13312
13350
13362
13350
13350
13350
13325
13300
13300
13262
13250
13237
13225
13187
13150
13112
13075
13062
13075
13087
13100
13137
13150
13162
13175
13162
13150
13137
13125
13112
13125
13112
13100
13087
13100
13087
13100
13137
13150
13162
13200
13212
13225
13262
13300
13337
13375
13412
13450
13450
13450
13475
13475
13475
13487
13500
13487
13475
13462
13450
13412
13375
13362
13325
13287
13250
13212
13175
13137
13100
13100
13100
13075
13075
13075
13062
13075
13087
13075
13100
13100
13100
13125
13175
13212
13287
13362
13450
13537
13637
13725
13800
13875
13962
14037
14112
14187
14250
14287
14325
14362
14375
14387
14400
14412
14400
14412
14400
14387
14375
14362
14362
14362
14362
14362
14362
14325
14287
14250
14212
14175
14137
14100
14087
14050
14037
14025
14012
14000
13975
13937
13887
13837
13787
13750
13737
13725
13712
13700
13675
13650
13612
13600
13550
13537
13500
13500
13487
13475
13437
13400
13362
13325
13287
13250
13237
13200
13162
13125
13112
13100
13087
13100
13112
13125
13137
13175
13187
13200
13212
13200
13187
13175
13162
13125
13112
13075
13037
13000
12962
12925
12925
12912
12900
12912
12925
12912
12900
12887
12875
12825
12775
12725
12675
12625
12587
12550
12512
12475
12412
12387
12350
12312
12300
12287
12250
12212
12175
12112
12050
12012
11975
11962
11950
11962
11950
11962
11950
11937
11925
11937
11925
11912
11900
11887
11862
11850
11825
11825
11800
11800
11775
11762
11750
11762
11750
11737
11725
11712
11675
11637
11625
11600
11575
11550
11525
11512
11512
11512
11512
11537
11525
11537
11525
11537
11525
11537
11525
11512
11475
11437
11400
11375
11337
11325
11300
11275
11275
11300
11300
11337
11375
11425
11475
11562
11650
11725
11800
11862
11937
12012
12100
12187
12275
12350
12425
12500
12575
12650
12737
12812
12875
12950
13025
13087
13125
13175
13225
13275
13300
13350
13387
13400
13387
13400
13387
13375
13362
13350
13312
13275
13200
13150
13100
13050
13000
12962
12925
12900
12887
12875
12887
12875
12862
12825
12787
12725
12650
12575
12500
12425
12362
12300
12237
12175
12112
12050
11975
11925
11875
11837
11812
11800
11762
11750
11737
11737
11762
11787
11787
11812
11800
11762
11750
11737
11700
11687
11675
11662
11675
11675
11675
11675
11650
11600
11562
11525
11487
11450
11437
11412
11400
11375
11350
11300
11300
11275
11250
11250
11250
11212
11212
11212
11212
11212
11212
11175
11137
11100
11062
11025
11012
11000
10962
10950
10937
10925
10912
10900
10887
10875
10850
10837
10850
10850
10862
10900
10912
10925
10912
10925
10912
10925
10937
10975
11012
11075
11137
11175
11212
11250
11262
11275
11312
11325
11337
11375
11400
11437
11500
11537
11550
11562
11550
11512
11475
11437
11375
11312
11237
11187
11137
11112
11100
11125
11125
11150
11150
11175
11162
11175
11187
11200
11212
11250
11262
11275
11287
11300
11312
11350
11375
11412
11462
11512
11575
11637
11725
11800
11862
11937
12012
12087
12162
12237
12300
12362
12412
12475
12550
12625
12712
12800
12875
12950
13025
13087
13150
13212
13250
13287
13325
13362
13400
13437
13475
13500
13537
13550
13562
13575
13562
13550
13562
13562
13562
13562
13537
13487
13475
13450
13412
13400
13387
13350
13337
13325
13312
13300
13287
13250
13212
13175
13137
13100
13062
13025
12962
12900
12875
12837
12800
12762
12725
12662
12637
12612
12587
12562
12537
12475
12437
12412
12375
12337
12300
12237
12162
12112
12062
12012
11962
11925
11850
11812
11750
11687
11650
11625
11575
11562
11575
11562
11575
11575
11575
11550
11550
11525
11537
11525
11512
11475
11437
11375
11350
11300
11250
11200
11175
11125
11087
11050
11012
10975
10937
10925
10937
10975
10987
11025
11062
11075
11087
11100
11112
11125
11162
11175
11212
11225
11250
11250
11275
11275
11300
11287
11300
11312
11325
11337
11375
11387
11400
11425
11437
11450
11462
11475
11450
11450
11425
11425
11412
11425
11412
11425
11412
11425
11400
11400
11375
11350
11325
11312
11275
11262
11250
11237
11225
11237
11225
11237
11225
11237
11250
11262
11275
11287
11275
11262
11250
11212
11200
11187
11150
11100
11050
10975
10925
10875
10850
10837
10825
10812
10800
10825
10825
10850
10862
10912
10950
11025
11100
11175
11250
11325
11375
11437
11512
11587
11687
11775
11900
12012
12137
12237
12337
12412
12500
12575
12650
12725
12800
12862
12912
12975
13050
13087
13137
13212
13275
13300
13350
13362
13375
13362
13375
13362
13375
13362
13375
13387
13400
13387
13400
13412
13400
13387
13375
13337
13275
13212
13150
13087
13050
13012
12975
12937
12900
12850
12787
12725
12650
12575
12500
12425
12350
12300
12250
12200
12150
12112
12050
11987
11925
11887
11862
11825
11812
11787
11762
11737
11737
11712
11725
11712
11725
11712
11737
11737
11762
11762
11787
11800
11837
11850
11887
11912
11950
11987
12025
12037
12050
12037
12025
12012
12000
11987
11975
11962
11950
11962
11950
11937
11925
11937
11925
11912
11925
11912
11912
11900
11887
11850
11812
11750
11712
11675
11637
11600
11562
11500
11462
11425
11425
11412
11425
11412
11425
11412
11400
11387
11375
11362
11350
11375
11375
11375
11375
11375
11362
11350
11362
11350
11362
11350
11337
11325
11312
11275
11262
11250
11212
11200
11187
11175
11150
11150
11125
11125
11100
11112
11100
11112
11100
11087
11075
11062
11062
11062
11062
11062
11062
11050
11037
11050
11025
11025
11025
11050
11087
11162
11250
11325
11412
11487
11562
11625
11712
11787
11875
11962
12050
12112
12175
12237
12300
12362
12437
12512
12587
12662
12737
12787
12837
12887
12950
13000
13075
13150
13187
13225
13262
13275
13287
13300
13287
13250
13212
13175
13137
13100
13087
13075
13037
13000
12987
12950
12925
12887
12837
12787
12737
12687
12662
12650
12612
12575
12525
12475
12425
12387
12362
12350
12300
12275
12250
12200
12150
12112
12050
12012
11975
11937
11900
11862
11837
11800
11762
11725
11712
11675
11637
11600
11587
11550
11537
11525
11537
11525
11537
11525
11537
11525
11537
11550
11562
11575
11587
11600
11587
11600
11587
11600
11587
11575
11562
11550
11537
11525
11537
11525
11512
11500
11487
11475
11450
11450
11425
11400
11387
11375
11337
11325
11312
11275
11262
11250
11237
11225
11212
11200
11187
11150
11112
11100
11062
11025
10987
10975
10937
10925
10912
10900
10887
10900
10887
10900
10912
10900
10887
10900
10887
10875
10887
10875
10850
10837
10825
10812
10800
10825
10825
10825
10825
10825
10812
10800
10812
10800
10787
10787
10787
10762
10762
10762
10725
10712
10700
10662
10650
10637
10625
10612
10600
10587
10575
10562
10550
10562
10550
10562
10550
10537
10525
10512
10475
10462
10450
10437
10450
10487
10525
10587
10650
10712
10775
10837
10912
10987
11062
11112
11175
11237
11300
11375
11475
11562
11650
11737
11825
11925
12012
12112
12200
12287
12362
12450
12537
12625
12700
12775
12850
12900
12975
13050
13125
13175
13237
13262
13287
13287
13312
13300
13312
13300
13312
13300
13287
13275
13262
13225
13187
13175
13137
13125
13100
13100
13075
13050
13000
12962
12925
12900
12862
12825
12787
12725
12687
12650
12612
12575
12537
12475
12412
12362
12300
12237
12175
12112
12050
11987
11912
11862
11812
11775
11737
11737
11712
11700
11687
11675
11662
11650
11662
11650
11662
11637
11637
11612
11612
11612
11625
11637
11650
11662
11650
11637
11600
11587
11550
11537
11525
11512
11500
11487
11475
11462
11475
11462
11450
11412
11400
11375
11337
11300
11287
11250
11212
11175
11162
11125
11087
11075
11062
11025
11012
11000
10987
10962
10962
10937
10912
10862
10850
10812
10787
10762
10737
10712
10700
10687
10675
10662
10650
10637
10625
10612
10625
10612
10625
10637
10650
10637
10650
10637
10625
10612
10625
10612
10625
10612
10600
10587
10575
10537
10525
10512
10500
10487
10475
10475
10475
10475
10475
10500
10487
10500
10487
10500
10487
10500
10487
10500
10487
10500
10487
10475
10462
10437
10412
10387
10387
10375
10387
10375
10387
10375
10387
10387
10412
10437
10487
10537
10587
10637
10687
10737
10775
10825
10887
10962
11037
11112
11187
11275
11337
11412
11500
11600
11687
11775
11862
11962
12050
12150
12250
12337
12425
12512
12587
12675
12750
12825
12887
12962
13025
13087
13150
13212
13275
13337
13400
13450
13487
13525
13562
13575
13587
13600
13587
13575
13562
13525
13475
13450
13412
13362
13312
13275
13212
13150
13087
13050
13012
12975
12937
12900
12850
12812
12775
12737
12700
12662
12600
12537
12475
12412
12362
12300
12237
12175
12112
12050
11987
11950
11912
11887
11850
11837
11825
11812
11825
11837
11825
11812
11825
11812
11825
11837
11850
11825
11825
11825
11825
11825
11837
11825
11787
11775
11737
11725
11712
11725
11712
11700
11687
11675
11662
11637
11637
11612
11612
11587
11600
11587
11575
11537
11525
11487
11450
11437
11425
11400
11362
11325
11262
11200
11162
11125
11087
11075
11062
11025
11012
11025
11012
11000
10987
10987
10962
10962
10962
10962
10950
10937
10925
10912
10900
10862
10850
10850
10837
10825
10850
10850
10850
10837
10850
10850
10837
10825
10850
10850
10850
10862
10850
10837
10825
10812
10800
10812
10800
10812
10800
10787
10750
10737
10700
10687
10662
10662
10637
10637
10612
10625
10612
10625
10612
10625
10612
10625
10637
10650
10637
10650
10637
10625
10612
10625
10612
10637
10662
10712
10762
10837
10912
10987
11075
11162
11237
11312
11387
11462
11537
11612
11687
11750
11812
11900
11987
12075
12162
12250
12325
12400
12487
12587
12675
12775
12850
12937
13025
13112
13187
13262
13337
13375
13412
13450
13475
13487
13525
13537
13550
13537
13550
13562
13575
13562
13575
13587
13575
13562
13575
13562
13525
13487
13475
13450
13400
13375
13350
13300
13250
13212
13137
13062
12987
12912
12850
12787
12725
12662
12600
12537
12475
12412
12350
12300
12250
12200
12150
12112
12050
11987
11950
11912
11887
11875
11887
11875
11887
11900
11912
11900
11912
11912
11925
11912
11925
11912
11912
11900
11887
11875
11862
11825
11812
11800
11787
11775
11787
11775
11762
11725
11712
11675
11662
11650
11637
11625
11612
11575
11562
11550
11512
11475
11462
11425
11400
11387
11375
11362
11350
11362
11350
11337
11337
11337
11312
11312
11312
11275
11262
11250
11237
11212
11212
11187
11162
11137
11112
11087
11062
11037
11012
11000
10962
10950
10937
10900
10887
10875
10875
10850
10850
10850
10850
10850
10862
10875
10862
10875
10862
10875
10862
10875
10862
10875
10850
10850
10850
10837
10825
10825
10800
10775
10762
10750
10737
10725
10712
10725
10700
10700
10700
10700
10675
10687
10675
10687
10700
10712
10700
10712
10700
10662
10650
10662
10675
10712
10775
10837
10925
11012
11100
11200
11287
11350
11437
11525
11600
11675
11762
11825
11900
11975
12050
12112
12175
12237
12300
12362
12412
12475
12550
12625
12700
12775
12850
12937
13037
13112
13187
13262
13325
13350
13400
13450
13462
13450
13462
13450
13412
13400
13387
13350
13312
13300
13262
13225
13187
13175
13137
13100
13062
13025
12987
12950
12925
12887
12850
12787
12725
12662
12600
12537
12462
12387
12325
12250
12175
12112
12050
11975
11925
11875
11862
11837
11812
11787
11762
11712
11687
11662
11637
11600
11587
11550
11550
11525
11537
11525
11537
11525
11537
11525
11550
11537
11550
11562
11575
11550
11562
11575
11562
11550
11562
11550
11512
11500
11487
11450
11437
11425
11400
11387
11375
11337
11300
11287
11275
11262
11250
11262
11250
11212
11175
11175
11137
11125
11112
11100
11075
11062
11025
11012
11000
10962
10950
10937
10925
10912
10925
10912
10900
10887
10875
10850
10837
10812
10787
10762
10737
10712
10700
10687
10675
10662
10650
10662
10650
10637
10650
10637
10637
10637
10662
10662
10662
10650
10637
10625
10612
10625
10612
10625
10637
10650
10637
10650
10637
10600
10587
10575
10562
10550
10562
10550
10575
10575
10575
10575
10575
10562
10550
10562
10550
10562
10550
10562
10550
10562
10550
10537
10525
10512
10500
10487
10500
10487
10500
10512
10550
10587
10650
10712
10775
10850
10925
11000
11075
11150
11225
11300
11387
11487
11575
11662
11750
11825
11912
12000
12087
12175
12262
12337
12425
12525
12612
12700
12775
12850
12900
12975
13050
13125
13200
13250
13300
13350
13375
13375
13375
13362
13325
13287
13250
13237
13200
13150
13100
13050
12975
12900
12850
12787
12712
12637
12550
12487
12425
12375
12312
12262
12212
12162
12125
12087
12075
12037
12000
11962
11925
11862
11812
11750
11712
11675
11662
11650
11637
11625
11637
11625
11637
11650
11662
11650
11662
11650
11662
11650
11662
11650
11662
11650
11662
11650
11637
11600
11587
11550
11512
11500
11487
11475
11462
11450
11437
11425
11425
11412
11400
11387
11375
11362
11350
11362
11350
11337
11325
11312
11275
11262
11275
11262
11250
11237
11225
11187
11150
11137
11125
11087
11075
11062
11025
10987
10975
10937
10900
10887
10875
10850
10837
10825
10787
10775
10762
10750
10737
10750
10737
10762
10762
10762
10762
10762
10762
10762
10762
10775
10787
10762
10737
10737
10700
10687
10675
10662
10662
10662
10637
10637
10625
10600
10575
10575
10550
10537
10525
10537
10525
10512
10525
10537
10525
10537
10537
10537
10512
10512
10487
10500
10487
10500
10487
10500
10512
10550
10587
10650
10712
10775
10850
10912
10975
11050
11125
11175
11262
11337
11412
11500
11587
11675
11762
11837
11912
11987
12050
12112
12187
12275
12350
12437
12537
12625
12700
12775
12850
12900
12962
13025
13100
13175
13225
13287
13350
13400
13425
13475
13487
13500
13500
13512
13525
13537
13525
13512
13500
13475
13462
13450
13412
13400
13387
13350
13312
13300
13262
13225
13187
13175
13137
13100
13062
13025
12962
12900
12850
12787
12725
12662
12600
12537
12475
12412
12362
12300
12237
12200
12162
12125
12112
12100
12062
12050
12037
12000
11987
11975
11937
11925
11912
11887
11875
11862
11850
11837
11850
11862
11875
11887
11900
11912
11900
11912
11900
11887
11850
11837
11800
11762
11762
11762
11737
11712
11712
11675
11675
11675
11675
11650
11650
11612
11600
11575
11575
11575
11575
11550
11537
11500
11462
11425
11400
11362
11350
11312
11275
11237
11237
11200
11162
11150
11137
11112
11087
11087
11062
11062
11037
11025
11012
11000
10962
10925
10912
10875
10850
10837
10825
10812
10800
10812
10800
10812
10800
10812
10800
10812
10800
10812
10800
10812
10800
10812
10800
10812
10800
10787
10775
10762
10712
10687
10662
10637
10612
10625
10612
10600
10587
10575
10562
10550
10562
10550
10562
10575
10587
10575
10587
10575
10562
10550
10562
10550
10562
10550
10562
10550
10537
10525
10512
10500
10512
10550
10562
10625
10687
10750
10800
10900
10975
11050
11137
11225
11300
11375
11475
11575
11675
11775
11875
11962
12037
12112
12175
12250
12325
12425
12525
12625
12725
12812
12875
12925
12987
13037
13062
13087
13137
13175
13212
13250
13287
13300
13312
13300
13287
13250
13212
13175
13137
13100
13062
13012
12975
12937
12912
12875
12850
12787
12725
12650
12575
12500
12450
12412
12375
12337
12287
12212
12162
12112
12062
12012
11987
11937
11912
11900
11887
11850
11837
11800
11787
11775
11787
11775
11787
11775
11787
11775
11787
11775
11787
11800
11812
11800
11812
11800
11750
11700
11675
11625
11575
11537
11487
11437
11387
11375
11350
11362
11350
11337
11325
11337
11325
11312
11300
11287
11250
11212
11175
11162
11125
11087
11075
11062
11025
10987
10987
10962
10937
10937
10937
10925
10912
10925
10912
10900
10900
10887
10875
10862
10875
10862
10875
10862
10850
10812
10800
10762
10725
10712
10725
10712
10725
10737
10725
10712
10700
10687
10700
10712
10700
10712
10725
10712
10700
10712
10700
10687
10675
10662
10650
10637
10600
10587
10575
10575
10575
10600
10600
10625
10612
10625
10612
10625
10637
10675
10687
10725
10762
10800
10825
10887
10962
11037
11125
11212
11300
11375
11462
11537
11625
11712
11787
11850
11937
12025
12125
12237
12350
12462
12562
12650
12737
12812
12887
12975
13062
13137
13212
13287
13362
13425
13500
13550
13587
13600
13612
13587
13587
13562
13537
13487
13475
13450
13412
13375
13362
13325
13287
13250
13212
13150
13112
13075
13037
13000
12962
12900
12837
12762
12687
12612
12537
12462
12387
12325
12250
12200
12162
12125
12087
12050
12012
11975
11937
11925
11912
11887
11875
11862
11850
11837
11850
11837
11825
11812
11825
11812
11800
11787
11775
11737
11700
11687
11675
11637
11625
11612
11600
11587
11575
11562
11550
11537
11525
11512
11475
11462
11425
11400
11387
11375
11362
11350
11337
11300
11287
11250
11212
11200
11175
11150
11125
11100
11075
11062
11050
11037
11062
11062
11062
11062
11062
11050
11037
11062
11062
11062
11062
11062
11025
11012
11000
10962
10950
10937
10900
10887
10875
10875
10875
10900
10900
10925
10912
10900
10900
10900
10875
10875
10875
10850
10837
10825
10812
10787
10787
10787
10775
10762
10762
10762
10737
10750
10725
10725
10700
10700
10675
10687
10675
10687
10675
10662
10662
10662
10662
10662
10687
10675
10700
10725
10750
10787
10837
10887
10937
11012
11075
11137
11212
11287
11350
11425
11500
11562
11637
11712
11787
11887
11987
12087
12187
12275
12350
12425
12500
12575
12662
12750
12825
12900
12987
13062
13137
13212
13275
13337
13400
13437
13475
13500
13500
13500
13525
13512
13525
13537
13550
13537
13525
13525
13525
13500
13475
13437
13400
13350
13325
13300
13287
13250
13237
13200
13162
13125
13087
13050
13012
12975
12937
12900
12850
12787
12725
12662
12600
12537
12475
12412
12362
12300
12262
12225
12187
12150
12112
12075
12037
11987
11962
11937
11912
11900
11887
11887
11887
11887
11887
11912
11912
11950
11962
11975
11987
11975
11962
11950
11937
11925
11900
11887
11887
11875
11862
11862
11837
11787
11750
11687
11650
11612
11575
11562
11550
11537
11550
11562
11550
11537
11500
11462
11425
11425
11412
11400
11362
11350
11312
11275
11262
11250
11212
11200
11187
11175
11162
11137
11125
11112
11100
11087
11087
11050
11037
11025
11012
11000
11012
11000
10987
10975
10962
10925
10912
10875
10875
10862
10875
10862
10850
10837
10825
10812
10800
10812
10800
10812
10800
10812
10800
10787
10750
10737
10700
10687
10675
10687
10662
10662
10637
10637
10612
10625
10612
10625
10612
10600
10562
10550
10512
10500
10512
10550
10587
10650
10712
10775
10850
10925
11000
11087
11162
11250
11337
11437
11525
11612
11687
11762
11850
11937
12050
12162
12250
12337
12425
12500
12575
12662
12750
12825
12900
12987
13062
13112
13162
13200
13212
13225
13237
13250
13237
13250
13237
13225
13212
13200
13162
13150
13137
13125
13112
13100
13062
13050
13012
12975
12937
12900
12850
12787
12725
12662
12587
12537
12475
12412
12362
12312
12237
12175
12137
12087
12062
12025
12012
11975
11950
11900
11887
11862
11812
11787
11762
11712
11687
11675
11637
11625
11612
11575
11562
11550
11537
11525
11537
11525
11537
11525
11537
11525
11537
11525
11537
11525
11537
11525
11537
11525
11512
11500
11487
11450
11437
11425
11400
11387
11375
11337
11325
11312
11300
11287
11275
11262
11250
11212
11200
11187
11175
11162
11150
11112
11075
11012
10975
10937
10900
10887
10875
10875
10862
10850
10837
10825
10812
10800
10787
10775
10762
10750
10762
10775
10762
10750
10737
10700
10662
10650
10662
10650
10637
10650
10637
10600
10587
10575
10562
10537
10537
10537
10537
10512
10537
10537
10537
10537
10562
10550
10537
10525
10512
10500
10475
10475
10450
10450
10425
10437
10425
10412
10400
10387
10387
10375
10387
10375
10387
10387
10412
10450
10512
10575
10662
10750
10825
10925
11012
11112
11212
11300
11375
11462
11537
11625
11725
11800
11900
12000
12087
12162
12237
12312
12375
12450
12525
12612
12687
12762
12837
12925
12975
13025
13075
13112
13125
13162
13175
13162
13150
13137
13100
13087
13075
13037
13025
13012
12962
12937
12912
12875
12825
12812
12775
12737
12700
12662
12625
12587
12550
12512
12462
12387
12325
12250
12175
12112
12050
11987
11925
11887
11862
11825
11787
11750
11712
11675
11662
11650
11662
11675
11687
11700
11712
11725
11737
11750
11762
11800
11812
11825
11825
11825
11825
11825
11800
11812
11800
11762
11725
11712
11675
11637
11625
11612
11600
11587
11575
11537
11525
11487
11450
11437
11450
11425
11400
11400
11375
11337
11325
11312
11300
11287
11275
11262
11250
11212
11175
11162
11125
11087
11075
11062
11025
11012
11000
10987
10975
10962
10962
10962
10962
10950
10962
10937
10950
10937
10937
10937
10937
10900
10887
10875
10875
10862
10875
10862
10875
10862
10850
10837
10850
10837
10850
10862
10875
10850
10850
10850
10850
10850
10862
10850
10812
10812
10787
10762
10737
10737
10700
10687
10675
10687
10675
10687
10675
10687
10675
10687
10700
10712
10700
10712
10725
10712
10700
10687
10675
10662
10650
10637
10650
10637
10600
10587
10575
10562
10575
10625
10675
10750
10812
10887
10950
11025
11100
11175
11262
11337
11425
11512
11600
11687
11775
11837
11925
12012
12100
12200
12300
12375
12487
12587
12675
12762
12850
12912
12987
13075
13137
13200
13250
13300
13337
13400
13450
13487
13500
13512
13500
13475
13462
13437
13412
13387
13362
13337
13325
13287
13275
13287
13262
13237
13250
13237
13200
13200
13200
13162
13125
13112
13062
13012
12962
12912
12850
12775
12700
12625
12575
12512
12462
12412
12362
12300
12237
12200
12162
12125
12112
12100
12062
12050
12037
12025
12012
12025
12012
12025
12012
12025
12012
12025
12012
12000
12000
11987
11975
11962
11950
11925
11912
11912
11900
11912
11900
11887
11875
11862
11825
11787
11775
11737
11700
11662
11625
11587
11550
11512
11475
11462
11425
11400
11387
11400
11387
11375
11400
11400
11375
11350
11350
11312
11275
11237
11200
11137
11100
11062
11050
11037
11050
11037
11050
11037
11025
11012
11000
10987
10975
10962
10962
10950
10937
10925
10912
10887
10900
10887
10875
10887
10875
10850
10837
10825
10812
10800
10787
10775
10762
10750
10737
10750
10737
10750
10737
10750
10737
10725
10712
10700
10687
10675
10687
10675
10687
10675
10662
10650
10637
10587
10575
10562
10525
10512
10512
10500
10487
10475
10462
10450
10437
10450
10462
10487
10512
10537
10562
10612
10662
10737
10812
10912
11012
11112
11225
11325
11425
11525
11625
11712
11787
11875
11975
12062
12162
12250
12337
12425
12525
12625
12725
12812
12887
12962
13025
13087
13150
13212
13275
13312
13350
13362
13375
13387
13400
13387
13400
13387
13350
13312
13300
13262
13225
13212
13200
13187
13200
13212
13200
13187
13175
13137
13100
13062
13025
12962
12900
12850
12787
12725
12662
12600
12562
12525
12487
12450
12412
12387
12337
12275
12212
12150
12062
12012
11975
11937
11900
11862
11837
11800
11762
11750
11737
11725
11712
11725
11712
11725
11712
11725
11737
11750
11762
11775
11787
11775
11762
11750
11737
11700
11662
11650
11612
11575
11537
11525
11487
11475
11462
11450
11437
11425
11425
11412
11400
11387
11375
11362
11337
11337
11312
11287
11262
11250
11212
11175
11137
11100
11062
11012
10987
10962
10937
10912
10900
10862
10850
10825
10812
10800
10787
10775
10762
10725
10712
10700
10662
10650
10637
10625
10612
10625
10612
10625
10612
10600
10587
10600
10587
10600
10612
10625
10612
10625
10612
10625
10612
10600
10587
10575
10537
10525
10512
10500
10487
10500
10487
10475
10462
10450
10437
10425
10437
10425
10437
10425
10437
10425
10437
10425
10437
10425
10437
10425
10412
10400
10412
10400
10387
10400
10387
10387
10375
10387
10362
10362
10337
10337
10312
10325
10312
10325
10337
10362
10400
10462
10525
10600
10675
10750
10850
10950
11050
11150
11250
11325
11412
11500
11587
11675
11762
11850
11950
12050
12137
12225
12312
12375
12462
12550
12637
12712
12787
12850
12925
13000
13075
13125
13162
13175
13200
13200
13200
13200
13200
13187
13175
13162
13125
13087
13050
13012
12975
12962
12950
12950
12937
12925
12887
12850
12787
12750
12700
12650
12600
12550
12475
12412
12362
12300
12225
12175
12125
12075
12025
11987
11950
11912
11887
11875
11862
11825
11787
11775
11737
11725
11712
11725
11737
11775
11787
11825
11837
11825
11812
11800
11762
11750
11737
11700
11687
11675
11637
11600
11587
11550
11537
11525
11512
11500
11487
11475
11462
11450
11412
11375
11350
11312
11275
11262
11250
11212
11200
11187
11175
11162
11150
11112
11100
11087
11075
11062
11075
11062
11050
11037
11025
11012
11000
10987
10975
10987
10975
10987
10975
10962
10950
10925
10912
10900
10887
10850
10850
10825
10812
10825
10837
10850
10862
10850
10837
10825
10812
10800
10812
10800
10812
10800
10812
10800
10812
10800
10787
10775
10750
10725
10700
10700
10675
10687
10675
10662
10650
10637
10625
10612
10600
10587
10575
10575
10575
10575
10575
10612
10650
10712
10787
10887
10975
11050
11125
11200
11262
11325
11387
11462
11537
11625
11725
11800
11887
11987
12087
12175
12262
12350
12425
12512
12600
12687
12775
12850
12900
12962
13025
13087
13150
13187
13225
13262
13300
13312
13362
13387
13412
13412
13437
13425
13412
13375
13362
13325
13312
13300
13287
13275
13262
13225
13187
13175
13137
13100
13050
13000
12950
12900
12862
12825
12787
12712
12637
12562
12487
12412
12362
12300
12237
12175
12112
12050
11987
11950
11912
11887
11850
11837
11800
11787
11800
11812
11825
11862
11875
11862
11850
11837
11787
11762
11737
11712
11662
11650
11612
11575
11562
11550
11512
11500
11475
11450
11450
11450
11425
11437
11425
11425
11412
11400
11400
11400
11375
11375
11375
11362
11350
11337
11300
11287
11250
11237
11225
11212
11200
11187
11150
11137
11125
11087
11075
11062
11050
11037
11050
11037
11050
11037
11050
11037
11050
11037
11025
11012
11000
10987
10975
10962
10925
10925
10887
10875
10862
10875
10862
10875
10875
10875
10875
10900
10887
10875
10862
10862
10837
10825
10812
10800
10775
10762
10725
10712
10725
10712
10725
10737
10750
10737
10725
10712
10700
10662
10650
10637
10600
10587
10575
10537
10525
10537
10525
10537
10587
10637
10687
10762
10837
10912
11000
11100
11200
11262
11337
11412
11487
11562
11687
11787
11900
12000
12112
12200
12275
12350
12437
12512
12612
12712
12800
12875
12962
13025
13062
13100
13137
13175
13212
13250
13287
13325
13337
13325
13337
13325
13312
13287
13287
13262
13262
13237
13250
13237
13225
13187
13150
13087
13050
13012
13000
12987
12975
12962
12950
12925
12887
12850
12787
12750
12712
12662
12612
12562
12487
12412
12362
12300
12237
12175
12112
12050
11987
11925
11887
11862
11825
11812
11800
11762
11725
11712
11675
11662
11650
11662
11650
11675
11675
11700
11700
11725
11737
11750
11737
11750
11737
11725
11712
11700
11687
11675
11637
11600
11587
11550
11537
11525
11537
11525
11512
11500
11487
11450
11412
11400
11375
11337
11325
11337
11325
11312
11300
11262
11225
11187
11150
11112
11075
11012
10950
10912
10875
10850
10812
10775
10737
10700
10687
10675
10687
10700
10712
10725
10737
10750
10725
10725
10700
10700
10675
10662
10650
10637
10600
10562
10525
10462
10425
10387
10362
10350
10362
10350
10362
10375
10362
10350
10337
10325
10312
10325
10312
10325
10312
10325
10337
10362
10375
10387
10400
10387
10387
10375
10362
10350
10362
10350
10362
10387
10437
10500
10562
10637
10712
10775
10812
10887
10950
11025
11100
11175
11250
11337
11425
11525
11637
11750
11837
11950
12050
12137
12237
12325
12387
12462
12537
12612
12687
12762
12837
12900
12962
13025
13062
13100
13137
13150
13162
13175
13187
13175
13162
13150
13137
13125
13100
13075
13050
13012
12975
12950
12925
12887
12850
12812
12775
12762
12750
12737
12725
12712
12675
12637
12600
12537
12475
12412
12362
12287
12212
12137
12062
12012
11975
11937
11900
11862
11850
11825
11800
11800
11800
11762
11750
11737
11725
11712
11725
11712
11725
11737
11750
11762
11775
11762
11750
11762
11750
11737
11750
11737
11725
11712
11700
11700
11700
11675
11675
11675
11662
11650
11637
11625
11612
11575
11575
11575
11550
11525
11500
11462
11425
11400
11362
11350
11312
11275
11237
11225
11187
11150
11137
11112
11087
11062
11062
11037
11025
11012
11000
10962
10925
10912
10875
10875
10862
10850
10837
10850
10837
10850
10862
10875
10862
10850
10837
10825
10812
10787
10787
10762
10737
10712
10700
10687
10675
10662
10650
10662
10650
10637
10650
10637
10625
10637
10650
10637
10650
10637
10625
10612
10625
10600
10600
10575
10550
10525
10512
10500
10487
10475
10462
10475
10462
10475
10487
10475
10462
10450
10437
10425
10412
10400
10412
10400
10412
10462
10512
10562
10637
10712
10775
10825
10900
10987
11087
11187
11287
11375
11462
11537
11625
11712
11787
11875
11975
12062
12150
12225
12312
12375
12462
12562
12662
12750
12837
12900
12962
13025
13087
13150
13187
13225
13262
13300
13312
13350
13362
13350
13337
13325
13312
13300
13287
13275
13262
13225
13212
13187
13162
13137
13112
13062
13025
12962
12937
12912
12900
12887
12875
12825
12812
12775
12737
12725
12700
12637
12600
12562
12500
12475
12462
12437
12400
12362
12300
12237
12175
12112
12050
11987
11950
11912
11887
11837
11812
11762
11737
11712
11700
11687
11675
11662
11650
11662
11675
11687
11700
11737
11750
11762
11775
11762
11750
11737
11725
11712
11700
11687
11675
11637
11625
11612
11575
11537
11500
11462
11425
11400
11362
11325
11262
11225
11187
11150
11137
11125
11087
11050
11037
11000
10962
10925
10912
10875
10850
10837
10825
10787
10775
10762
10750
10737
10725
10712
10700
10687
10675
10662
10650
10637
10625
10612
10625
10612
10625
10612
10600
10587
10575
10537
10525
10512
10500
10487
10475
10437
10425
10412
10400
10412
10425
10437
10425
10437
10450
10462
10475
10487
10475
10475
10475
10450
10450
10450
10412
10375
10362
10337
10300
10287
10275
10237
10225
10212
10200
10187
10200
10187
10200
10212
10225
10212
10225
10212
10175
10162
10150
10112
10100
10112
10100
10112
10150
10187
10225
10287
10337
10400
10462
10537
10612
10700
10775
10887
10987
11100
11200
11300
11387
11487
11575
11675
11762
11837
11912
11987
12062
12137
12212
12287
12362
12412
12450
12487
12525
12562
12600
12662
12700
12737
12750
12762
12750
12762
12750
12737
12700
12662
12600
12562
12525
12475
12450
12425
12412
12387
12375
12337
12287
12237
12187
12137
12125
12125
12100
12075
12050
11987
11925
11850
11787
11712
11637
11562
11500
11437
11375
11325
11262
11225
11187
11150
11137
11125
11112
11125
11137
11150
11162
11175
11187
11187
11187
11187
11187
11187
11187
11187
11187
11187
11162
11150
11137
11125
11112
11100
11087
11050
11037
11000
10962
10925
10912
10875
10875
10850
10862
10850
10862
10837
10862
10850
10837
10825
10825
10787
10750
10712
10675
10637
10600
10587
10575
10562
10550
10537
10525
10500
10487
10475
10487
10475
10500
10475
10475
10450
10450
10450
10462
10450
10462
10450
10437
10425
10437
10412
10412
10387
10362
10350
10337
10325
10312
10325
10312
10325
10312
10325
10312
10300
10287
10275
10237
10225
10237
10225
10212
10225
10212
10175
10137
10137
10112
10112
10112
10137
10125
10137
10125
10137
10125
10137
10125
10112
10100
10087
10050
10037
10025
10012
10000
10012
10000
10025
10025
10050
10075
10125
10162
10225
10287
10337
10400
10462
10537
10625
10712
10825
10937
11050
11162
11262
11350
11450
11537
11625
11712
11787
11850
11937
12012
12087
12162
12237
12300
12362
12400
12437
12487
12512
12550
12587
12612
12612
12637
12625
12637
12625
12612
12600
12587
12550
12537
12525
12512
12500
12525
12525
12525
12500
12475
12412
12362
12325
12287
12250
12212
12175
12112
12050
11987
11925
11862
11812
11750
11687
11625
11562
11500
11437
11375
11325
11287
11250
11237
11225
11250
11250
11275
11300
11325
11337
11350
11362
11375
11387
11400
11412
11425
11412
11400
11387
11375
11337
11325
11312
11275
11262
11250
11237
11225
11212
11175
11162
11125
11112
11100
11087
11050
11037
11000
10987
10975
10962
10950
10925
10912
10900
10887
10850
10850
10825
10787
10775
10762
10725
10687
10650
10612
10575
10537
10525
10512
10475
10462
10450
10437
10425
10437
10425
10412
10400
10387
10362
10350
10362
10350
10362
10375
10362
10350
10337
10300
10287
10275
10262
10250
10237
10225
10212
10200
10187
10200
10187
10200
10187
10200
10187
10200
10187
10200
10187
10200
10187
10200
10187
10175
10137
10100
10062
10025
10012
10000
9987
9975
9962
9950
9937
9950
9962
10000
10012
10050
10087
10125
10162
10225
10287
10362
10450
10537
10637
10725
10812
10912
11012
11112
11225
11325
11437
11550
11650
11737
11812
11875
11950
12025
12112
12200
12275
12350
12412
12475
12550
12600
12650
12675
12700
12687
12700
12687
12675
12662
12650
12612
12600
12587
12575
12562
12550
12512
12500
12462
12425
12400
12400
12375
12350
12362
12350
12312
12300
12275
12225
12175
12125
12050
11975
11900
11825
11762
11687
11625
11562
11525
11487
11450
11412
11375
11350
11312
11300
11287
11275
11262
11250
11237
11250
11262
11275
11287
11300
11287
11275
11262
11250
11237
11225
11212
11200
11187
11175
11162
11175
11162
11150
11137
11125
11087
11075
11062
11050
11025
11000
10950
10925
10875
10850
10837
10825
10787
10750
10737
10725
10712
10700
10687
10650
10612
10562
10512
10462
10450
10412
10387
10387
10387
10387
10375
10362
10350
10337
10300
10287
10275
10262
10250
10237
10225
10212
10175
10162
10150
10112
10075
10037
10000
9962
9950
9937
9950
9937
9950
9937
9950
9937
9925
9925
9912
9900
9887
9875
9850
9837
9812
9800
9787
9775
9787
9800
9787
9800
9775
9762
9750
9762
9750
9750
9737
9725
9687
9675
9687
9700
9737
9812
9887
9975
10062
10137
10225
10312
10412
10512
10625
10725
10850
10962
11087
11212
11312
11412
11512
11600
11675
11750
11812
11887
11962
12037
12112
12175
12212
12250
12262
12275
12262
12275
12262
12275
12262
12275
12250
12250
12225
12187
12150
12125
12075
12025
11987
11925
11862
11812
11750
11687
11625
11587
11537
11487
11437
11387
11325
11262
11200
11137
11075
11012
10975
10937
10900
10887
10875
10875
10862
10850
10837
10825
10812
10825
10850
10862
10875
10887
10900
10887
10900
10912
10925
10912
10900
10887
10875
10875
10862
10875
10862
10875
10850
10862
10850
10862
10850
10850
10837
10825
10787
10750
10737
10700
10662
10650
10637
10600
10600
10600
10575
10550
10550
10512
10475
10437
10425
10387
10387
10375
10387
10375
10362
10325
10287
10225
10187
10150
10112
10100
10087
10075
10062
10075
10062
10050
10037
10050
10037
10050
10087
10087
10087
10087
10100
10075
10087
10075
10087
10062
10075
10062
10050
10012
9975
9937
9900
9887
9900
9912
9925
9937
9950
9937
9962
9962
9962
9962
9962
9950
9937
9925
9912
9900
9887
9875
9887
9875
9862
9850
9862
9850
9862
9875
9887
9900
9937
9975
10037
10100
10162
10225
10287
10362
10437
10537
10650
10737
10837
10962
11062
11150
11250
11337
11425
11525
11625
11712
11800
11887
11962
12037
12112
12175
12250
12325
12387
12425
12462
12487
12487
12487
12487
12487
12462
12462
12450
12462
12437
12450
12425
12425
12400
12387
12337
12325
12287
12250
12237
12225
12187
12150
12112
12075
12037
12000
11962
11950
11912
11887
11850
11812
11750
11687
11650
11612
11575
11537
11500
11437
11400
11375
11337
11300
11287
11250
11212
11175
11162
11125
11087
11050
11012
10975
10925
10912
10900
10912
10925
10950
10962
10975
10987
11000
11012
11000
11012
11000
10987
10975
10962
10925
10912
10875
10875
10862
10850
10812
10775
10737
10725
10712
10700
10712
10700
10662
10625
10587
10550
10512
10475
10437
10425
10387
10362
10350
10337
10325
10312
10325
10312
10325
10300
10300
10275
10275
10250
10237
10225
10212
10200
10187
10200
10187
10200
10187
10200
10212
10225
10212
10225
10212
10175
10162
10150
10112
10075
10075
10050
10050
10050
10050
10037
10050
10037
10050
10062
10075
10062
10050
10037
10025
9987
9975
9987
9975
9962
9975
9962
9950
9925
9925
9900
9900
9875
9887
9875
9862
9850
9837
9812
9800
9812
9800
9812
9837
9887
9937
10012
10087
10175
10250
10325
10412
10500
10587
10675
10750
10812
10887
10962
11037
11112
11200
11287
11350
11425
11500
11575
11650
11737
11812
11900
11975
12050
12125
12200
12275
12325
12375
12412
12437
12462
12487
12512
12500
12512
12500
12475
12450
12425
12387
12362
12350
12312
12275
12262
12225
12187
12150
12112
12050
11987
11925
11862
11812
11750
11675
11600
11550
11500
11450
11400
11350
11287
11212
11162
11125
11087
11075
11062
11050
11037
11025
11012
11000
10987
10975
10987
11000
11012
11000
10987
10975
10937
10925
10912
10925
10912
10925
10912
10900
10887
10875
10850
10837
10825
10787
10787
10787
10762
10737
10712
10675
10637
10600
10587
10562
10537
10512
10487
10462
10450
10412
10400
10387
10387
10375
10362
10350
10337
10300
10287
10275
10237
10200
10187
10175
10150
10150
10150
10125
10112
10112
10112
10112
10112
10100
10087
10075
10062
10075
10062
10050
10037
10025
9987
9987
9987
9962
9937
9937
9900
9887
9875
9887
9875
9887
9875
9887
9900
9912
9925
9937
9950
9937
9925
9912
9900
9887
9862
9862
9837
9837
9825
9812
9775
9762
9725
9712
9700
9712
9700
9712
9700
9687
9675
9662
9650
9637
9650
9637
9625
9612
9600
9562
9550
9525
9500
9475
9475
9450
9462
9450
9462
9450
9437
9425
9437
9450
9462
9500
9537
9575
9612
9675
9737
9787
9850
9912
9975
10037
10100
10162
10225
10287
10337
10412
10487
10562
10637
10725
10787
10862
10937
11012
11075
11150
11225
11300
11362
11437
11500
11562
11625
11687
11750
11812
11862
11900
11937
11950
11962
11950
11937
11900
11900
11887
11862
11862
11850
11825
11800
11775
11725
11712
11675
11637
11600
11562
11500
11462
11425
11400
11362
11325
11262
11200
11162
11125
11087
11050
11012
10950
10875
10787
10712
10650
10587
10562
10550
10562
10550
10562
10575
10587
10600
10637
10650
10662
10700
10712
10725
10737
10725
10712
10700
10687
10675
10687
10662
10662
10637
10637
10612
10625
10612
10625
10612
10600
10562
10562
10537
10512
10525
10537
10512
10487
10462
10425
10387
10362
10350
10337
10300
10262
10250
10212
10175
10162
10150
10112
10100
10087
10075
10062
10075
10062
10050
10037
10025
9987
9975
9962
9925
9887
9875
9837
9837
9825
9812
9812
9812
9787
9787
9787
9750
9737
9725
9687
9675
9687
9675
9687
9687
9700
9687
9675
9662
9662
9650
9637
9650
9637
9650
9625
9625
9600
9575
9550
9562
9550
9537
9562
9562
9562
9562
9562
9550
9537
9500
9487
9475
9462
9450
9437
9425
9412
9400
9387
9400
9387
9375
9362
9375
9350
9350
9375
9400
9425
9487
9550
9625
9700
9787
9875
9962
10037
10100
10187
10275
10375
10487
10600
10687
10762
10850
10937
11025
11125
11212
11300
11375
11462
11537
11612
11700
11775
11837
11912
11962
12000
12037
12050
12062
12075
12050
12025
12000
11975
11950
11937
11900
11887
11862
11825
11812
11800
11787
11775
11762
11750
11725
11700
11675
11675
11650
11662
11650
11637
11625
11612
11575
11562
11550
11500
11450
11425
11375
11337
11325
11312
11275
11225
11175
11100
11025
10950
10887
10850
10825
10787
10750
10737
10700
10687
10675
10687
10675
10687
10700
10712
10700
10725
10725
10725
10725
10725
10712
10700
10687
10675
10662
10662
10650
10637
10625
10637
10612
10600
10587
10575
10537
10525
10512
10475
10462
10450
10412
10375
10362
10362
10350
10337
10350
10337
10300
10287
10275
10237
10225
10212
10175
10137
10100
10062
10025
9987
9975
9962
9950
9937
9950
9937
9950
9937
9950
9962
9975
9987
10000
9987
9975
9962
9925
9887
9887
9862
9862
9862
9862
9850
9837
9837
9837
9862
9862
9887
9875
9887
9875
9887
9875
9887
9875
9862
9850
9837
9812
9800
9787
9750
9737
9725
9712
9700
9712
9700
9687
9675
9662
9625
9612
9600
9562
9550
9537
9525
9537
9550
9537
9550
9537
9525
9512
9525
9512
9525
9512
9525
9512
9525
9512
9537
9537
9575
9575
9612
9637
9687
9725
9787
9850
9912
9975
10037
10112
10187
10262
10325
10400
10462
10550
10650
10775
10912
11050
11162
11262
11337
11425
11512
11600
11687
11775
11837
11925
12012
12087
12137
12200
12225
12250
12250
12275
12250
12262
12250
12237
12225
12225
12212
12200
12212
12200
12187
12175
12162
12150
12125
12125
12100
12075
12050
12037
12000
11962
11925
11887
11862
11825
11787
11750
11712
11675
11637
11600
11562
11500
11437
11400
11375
11325
11300
11275
11225
11175
11137
11075
11012
10975
10937
10900
10887
10875
10850
10812
10775
10712
10675
10637
10625
10612
10625
10612
10625
10612
10625
10637
10650
10662
10675
10650
10637
10625
10587
10550
10525
10487
10450
10412
10375
10362
10337
10300
10287
10275
10237
10225
10212
10200
10175
10150
10137
10112
10087
10075
10062
10012
10000
9950
9925
9900
9875
9850
9837
9837
9825
9812
9812
9800
9762
9725
9725
9687
9662
9662
9662
9650
9637
9625
9612
9600
9587
9575
9562
9550
9537
9525
9512
9500
9487
9475
9462
9450
9437
9425
9412
9375
9362
9375
9362
9375
9375
9375
9350
9350
9337
9350
9350
9350
9350
9350
9350
9337
9350
9337
9350
9337
9350
9337
9350
9337
9350
9337
9325
9312
9287
9262
9262
9262
9262
9275
9287
9300
9312
9325
9350
9387
9425
9487
9550
9625
9700
9775
9862
9950
10025
10112
10187
10262
10325
10425
10525
10637
10737
10850
10937
11025
11112
11212
11300
11400
11487
11562
11625
11687
11750
11812
11850
11862
11875
11862
11825
11812
11800
11762
11725
11712
11675
11637
11600
11600
11575
11550
11525
11500
11437
11375
11325
11287
11250
11237
11225
11212
11200
11187
11150
11112
11100
11062
11025
10987
10950
10912
10875
10850
10837
10812
10762
10712
10662
10612
10575
10537
10525
10512
10500
10512
10525
10512
10525
10537
10525
10537
10550
10537
10537
10525
10512
10500
10487
10462
10450
10437
10425
10412
10400
10387
10387
10375
10387
10375
10362
10350
10337
10325
10312
10300
10262
10250
10212
10200
10187
10200
10187
10175
10137
10125
10087
10050
10037
10025
9987
9975
9962
9925
9887
9875
9837
9837
9825
9812
9800
9787
9775
9762
9775
9762
9750
9712
9700
9662
9650
9637
9625
9612
9625
9612
9625
9637
9625
9612
9600
9587
9575
9587
9575
9587
9575
9587
9575
9587
9575
9587
9575
9587
9575
9587
9575
9587
9562
9562
9537
9537
9512
9525
9512
9525
9512
9525
9512
9525
9512
9500
9462
9450
9412
9400
9387
9375
9362
9350
9350
9337
9350
9350
9387
9425
9500
9575
9650
9725
9825
9925
10025
10125
10212
10287
10362
10450
10537
10637
10725
10800
10887
10975
11050
11137
11237
11312
11400
11487
11562
11625
11687
11750
11812
11850
11862
11887
11887
11887
11887
11887
11875
11862
11850
11837
11825
11812
11800
11762
11750
11737
11700
11687
11675
11637
11625
11612
11575
11537
11500
11437
11375
11325
11287
11250
11237
11225
11212
11175
11137
11075
11012
10950
10887
10812
10750
10675
10600
10525
10487
10437
10387
10325
10287
10237
10212
10187
10200
10175
10175
10150
10125
10100
10087
10075
10062
10075
10062
10075
10062
10050
10037
10025
9987
9950
9937
9900
9862
9850
9837
9812
9800
9787
9750
9712
9700
9662
9625
9612
9600
9587
9575
9562
9525
9487
9450
9412
9400
9387
9400
9387
9400
9387
9375
9337
9325
9300
9287
9275
9262
9250
9237
9225
9212
9200
9187
9175
9162
9150
9137
9125
9112
9100
9087
9100
9087
9075
9062
9050
9012
9000
8987
8975
8962
8950
8937
8925
8887
8875
8862
8850
8837
8850
8837
8812
8787
8762
8725
8700
8687
8650
8637
8625
8612
8600
8612
8600
8612
8600
8587
8575
8562
8525
8512
8500
8487
8500
8512
8537
8587
8637
8687
8750
8812
8887
8962
9037
9112
9200
9262
9337
9425
9512
9600
9687
9787
9887
9987
10075
10150
10225
10287
10362
10437
10512
10587
10650
10687
10737
10762
10787
10787
10825
10812
10800
10800
10800
10787
10787
10787
10775
10787
10775
10787
10800
10812
10800
10787
10775
10762
10725
10687
10650
10612
10575
10537
10525
10500
10450
10400
10350
10287
10250
10212
10175
10162
10150
10112
10075
10062
10012
9962
9937
9912
9862
9825
9812
9787
9775
9762
9775
9762
9775
9762
9775
9762
9775
9762
9775
9762
9775
9762
9775
9762
9750
9712
9700
9662
9650
9637
9625
9612
9600
9562
9550
9537
9525
9512
9525
9512
9525
9537
9550
9562
9575
9562
9550
9537
9500
9462
9450
9412
9400
9387
9375
9337
9300
9275
9225
9175
9150
9125
9100
9087
9100
9087
9075
9062
9050
9012
9000
8987
8975
8962
8950
8937
8950
8925
8925
8925
8937
8925
8925
8937
8950
8925
8925
8925
8912
8900
8887
8875
8862
8862
8850
8862
8850
8862
8837
8825
8812
8800
8800
8787
8800
8787
8800
8787
8775
8762
8750
8712
8700
8687
8675
8662
8675
8662
8650
8637
8612
8587
8587
8587
8562
8575
8562
8525
8512
8500
8487
8500
8537
8575
8637
8700
8750
8812
8875
8950
9025
9100
9175
9250
9337
9425
9512
9600
9675
9737
9787
9850
9912
9975
10037
10100
10162
10225
10287
10362
10437
10512
10587
10650
10687
10725
10762
10800
10800
10837
10850
