t = 60.000000, p = 257.000000
5850
5862
5875
5887
5900
5900
5912
5900
5912
5900
5925
5937
5950
5937
5950
5937
5900
5900
5887
5875
5887
5887
5887
5887
5887
5862
5875
5875
5887
5875
5887
5875
5875
5875
5900
5900
5925
5912
5900
5887
5875
5862
5875
5887
5875
5887
5875
5862
5850
5862
5850
5862
5850
5862
5875
5887
5900
5900
5900
5900
5900
5875
5887
5875
5862
5875
5887
5875
5887
5900
5887
5900
5912
5925
5912
5925
5912
5925
5937
5950
5962
6000
6037
6075
6112
6150
6175
6212
6225
6275
6325
6350
6350
6387
6412
6437
6462
6512
6550
6562
6575
6587
6600
6587
6600
6587
6600
6612
6625
6612
6625
6612
6600
6587
6600
6587
6600
6587
6600
6587
6600
6587
6575
6562
6550
6512
6500
6487
6475
6462
6450
6450
6437
6425
6412
6400
6375
6362
6350
6337
6350
6337
6325
6312
6300
6287
6275
6287
6275
6262
6250
6237
6237
6237
6262
6250
6262
6262
6250
6237
6262
6262
6262
6275
6287
6275
6262
6250
6237
6225
6212
6225
6212
6200
6187
6200
6187
6175
6162
6150
6150
6137
6125
6137
6125
6112
6100
6087
6075
6062
6050
6037
6050
6037
6050
6037
6050
6037
6050
6037
6050
6025
6037
6025
6037
6012
6025
6000
6000
5975
5987
5975
5987
5975
5987
5975
5987
5975
5962
5950
5962
5975
5987
6000
6012
6000
6000
6000
6025
6050
6100
6125
6187
6262
6350
6437
6525
6587
6650
6687
6712
6712
6737
6725
6700
6662
6650
6612
6575
6562
6550
6537
6525
6537
6550
6562
6575
6587
6600
6587
6600
6612
6625
6637
6675
6700
6750
6825
6900
6987
7075
7150
7237
7300
7350
7362
7337
7275
7200
7087
7000
6900
6812
6737
6700
6700
6700
6712
6762
6787
6812
6812
6837
6825
6812
6800
6787
6750
6737
6725
6700
6687
6675
6637
6625
6637
6612
6625
6662
6675
6687
6712
6725
6712
6725
6712
6725
6700
6700
6675
6675
6650
6662
6650
6662
6650
6662
6637
6637
6612
6587
6562
6550
6537
6525
6512
6500
6487
6450
6437
6425
6412
6387
6387
6362
6362
6337
6350
6337
6325
6312
6300
6287
6275
6287
6275
6287
6275
6287
6275
6262
6225
6212
6175
6150
6112
6075
6037
5987
5962
5937
5937
5937
5950
5962
6000
6037
6075
6112
6150
6175
6187
6200
6212
6237
6237
6237
6237
6237
6200
6162
6162
6150
6125
6125
6125
6112
6100
6112
6100
6112
6100
6112
6100
6112
6100
6112
6125
6150
6187
6250
6312
6350
6400
6425
6450
6450
6475
6487
6500
6512
6550
6587
6600
6637
6675
6687
6675
6700
6700
6700
6700
6725
6712
6700
6687
6700
6687
6700
6750
6800
6850
6925
6987
7050
7112
7175
7262
7350
7437
7525
7600
7662
7712
7775
7837
7900
7962
8025
8087
8150
8200
8237
8275
8287
8275
8262
8237
8225
8200
8200
8162
8137
8087
8037
7962
7937
7912
7887
7887
7887
7850
7837
7850
7837
7850
7850
7850
7825
7825
7800
7787
7775
7762
7762
7737
7737
7712
7712
7687
7675
7662
7675
7687
7700
7712
7725
7737
7725
7737
7750
7762
7750
7762
7750
7762
7750
7762
7750
7762
7750
7762
7750
7762
7737
7737
7712
7725
7712
7737
7737
7762
7750
7737
7725
7712
7700
7687
7675
7675
7675
7650
7650
7650
7637
7650
7650
7650
7650
7650
7625
7637
7625
7637
7625
7612
7600
7612
7600
7612
7625
7637
7625
7637
7650
7662
7675
7687
7712
7712
7737
7737
7762
7762
7800
7837
7912
7962
8012
8037
8062
8075
8112
8125
8162
8200
8212
8200
8212
8200
8200
8212
8237
8262
8312
8325
8337
8350
8362
8375
8387
8400
8412
8425
8412
8425
8437
8450
8462
8475
8487
8500
8512
8525
8537
8550
8562
8575
8587
8587
8587
8587
8587
8587
8600
8612
8600
8612
8600
8612
8600
8612
8600
8625
8650
8700
8737
8812
8887
8962
9037
9112
9187
9250
9300
9362
9400
9437
9475
9512
9525
9562
9575
9587
9600
9612
9625
9662
9675
9687
9725
9725
9725
9750
9750
9750
9762
9775
9750
9762
9750
9762
9737
9750
9725
9725
9700
9687
9675
9687
9675
9662
9675
9650
9625
9600
9575
9525
9487
9450
9400
9375
9350
9325
9312
9300
9262
9250
9237
9225
9212
9225
9212
9225
9212
9225
9212
9225
9212
9225
9212
9200
9187
9175
9162
9137
9137
9112
9112
9087
9100
9087
9075
9062
9050
9037
9025
9012
9012
9000
8987
8975
8987
8962
8950
8937
8925
8887
8850
8850
8825
8800
8800
8800
8775
8762
8775
8762
8750
8762
8750
8750
8750
8750
8750
8750
8737
8725
8737
8725
8737
8725
8737
8725
8712
8700
8712
8700
8687
8700
8687
8675
8662
8675
8662
8675
8662
8675
8662
8675
8662
8675
8662
8675
8662
8675
8662
8675
8662
8675
8662
8675
8662
8650
8637
8625
8612
8600
8587
8575
8587
8575
8587
8587
8587
8587
8587
8587
8600
8612
8600
8612
8600
8587
8550
8537
8525
8512
8525
8562
8600
8637
8675
8712
8750
8787
8850
8912
8975
9050
9087
9125
9150
9175
9187
9225
9225
9262
9275
9287
9275
9287
9300
9300
9300
9325
9325
9300
9312
9325
9312
9300
9312
9300
9287
9275
9287
9275
9262
9262
9262
9237
9250
9262
9225
9212
9200
9175
9150
9162
9150
9162
9150
9162
9137
9137
9100
9100
9075
9087
9075
9075
9075
9062
9025
8987
8975
8925
8925
8925
8925
8900
8912
8887
8887
8887
8887
8875
8887
8875
8862
8875
8862
8850
8837
8850
8837
8850
8837
8850
8837
8850
8837
8850
8837
8850
8837
8850
8837
8825
8812
8800
8800
8787
8800
8787
8775
8762
8750
8737
8725
8737
8725
8712
8700
8687
8675
8662
8650
8637
8625
8612
8600
8612
8600
8612
8600
8612
8600
8612
8600
8612
8625
8625
8625
8625
8625
8600
8612
8600
8587
8587
8587
8587
8587
8612
8600
8612
8600
8612
8600
8587
8575
8562
8550
8537
8550
8537
8550
8537
8550
8562
8575
8587
8600
8612
8600
8587
8575
8562
8525
8487
8475
8437
8400
8387
8375
8362
8350
8337
8337
8337
8312
8312
8312
8300
8287
8312
8312
8337
8337
8362
8350
8362
8375
8412
8425
8462
8475
8487
8512
8537
8562
8612
8675
8700
8750
8800
8862
8912
8987
9062
9125
9162
9212
9237
9262
9262
9287
9300
9312
9325
9350
9362
9375
9387
9375
9362
9337
9300
9250
9237
9187
9150
9137
9112
9075
9050
9050
9025
9012
8975
8962
8925
8887
8850
8812
8750
8700
8637
8575
8512
8475
8425
8375
8325
8275
8200
8150
8087
8025
7962
7900
7837
7762
7687
7625
7550
7475
7437
7400
7362
7350
7337
7287
7262
7237
7212
7200
7187
7150
7112
7075
7037
7000
6987
6975
6937
6900
6887
6850
6812
6800
6775
6750
6725
6700
6662
6612
6562
6512
6462
6412
6375
6337
6300
6287
6275
6250
6237
6225
6212
6225
6250
6237
6212
6162
6112
6075
6050
6037
6050
6025
6025
5987
6000
5975
5987
5975
6000
5975
5987
5975
6000
6000
6025
6025
6025
6012
6000
5987
5975
5987
5975
6000
5987
6000
6012
6050
6075
6112
6150
6175
6187
6212
6262
6287
6312
6362
6375
6387
6400
6412
6400
6412
6425
6462
6512
6562
6612
6662
6700
6737
6800
6825
6850
6875
6912
6950
7025
7100
7162
7237
7312
7387
7475
7562
7637
7700
7787
7837
7900
7937
7975
8000
8050
8062
8100
8137
8150
8162
8200
8212
8225
8237
8250
8250
8275
8275
8312
8312
8312
8312
8337
8325
8312
8325
8312
8300
8312
8325
8312
8325
8312
8275
8275
8275
8275
8275
8275
8262
8250
8225
8212
8200
8162
8125
8112
8062
8037
8012
8012
7987
7975
7962
7950
7912
7900
7887
7875
7862
7875
7862
7875
7862
7875
7862
7875
7862
7875
7862
7875
7862
7875
7862
7875
7862
7875
7850
7850
7850
7837
7825
7825
7825
7800
7812
7787
7787
7762
7737
7725
7737
7725
7737
7750
7737
7725
7712
7700
7687
7700
7687
7675
7662
7650
7650
7637
7650
7637
7650
7612
7612
7587
7587
7562
7575
7562
7575
7562
7550
7537
7550
7537
7525
7537
7550
7537
7525
7537
7525
7512
7487
7500
7487
7500
7487
7512
7500
7512
7525
7537
7525
7537
7550
7537
7550
7562
7550
7537
7550
7537
7550
7562
7575
7562
7575
7562
7575
7562
7575
7562
7575
7550
7550
7525
7525
7500
7512
7500
7512
7500
7512
7500
7512
7500
7512
7525
7537
7550
7562
7550
7537
7525
7512
7500
7512
7525
7537
7550
7587
7625
7662
7712
7787
7837
7900
7962
8025
8075
8150
8212
8262
8312
8362
8412
8450
8487
8525
8562
8575
8587
8600
8612
8587
8600
8587
8600
8587
8612
8600
8587
8575
8562
8550
8537
8550
8537
8525
8512
8500
8487
8475
8462
8450
8437
8425
8412
8425
8412
8425
8412
8400
8387
8375
8362
8350
8337
8300
8262
8200
8175
8137
8100
8087
8075
8062
8050
8037
8025
8012
8000
7987
8012
8012
8012
8012
8012
8012
8000
8012
8000
8012
7987
8012
8012
8012
8012
8012
7975
7962
7950
7937
7925
7937
7925
7937
7925
7937
7925
7912
7900
7887
7875
7862
7850
7837
7825
7787
7775
7762
7762
7750
7737
7725
7712
7675
7675
7675
7650
7650
7650
7637
7625
7637
7625
7637
7612
7625
7612
7625
7612
7612
7600
7587
7575
7562
7575
7562
7575
7562
7575
7562
7575
7587
7600
7612
7625
7637
7625
7637
7625
7637
7625
7637
7625
7637
7625
7637
7625
7637
7625
7637
7625
7637
7625
7637
7625
7637
7625
7637
7625
7637
7625
7637
7625
7637
7625
7637
7625
7637
7625
7637
7650
7662
7675
7712
7725
7737
7787
7812
7850
7912
7962
8025
8087
8137
8187
8225
8262
8325
8387
8450
8512
8550
8587
8625
8662
8700
8737
8775
8775
8775
8750
8750
8750
8762
8775
8787
8775
8762
8775
8762
8775
8787
8775
8762
8750
8737
8725
8737
8725
8712
8700
8687
8675
8687
8700
8687
8700
8687
8650
8612
8600
8562
8525
8512
8487
8462
8425
8412
8375
8375
8337
8337
8312
8287
8262
8275
8262
8237
8237
8237
8225
8225
8237
8250
8237
8250
8237
8250
8237
8250
8237
8250
8237
8250
8237
8250
8237
8225
8212
8200
8187
8175
8162
8150
8137
8100
8087
8075
8075
8075
8075
8075
8075
8062
8050
8075
8075
8075
8075
8100
8087
8075
8087
8075
8062
8050
8037
8025
8012
8000
7987
7975
7962
7937
7925
7912
7925
7912
7912
7912
7912
7912
7912
7912
7912
7912
7887
7887
7887
7875
7862
7875
7862
7875
7862
7875
7862
7875
7862
7850
7837
7850
7837
7850
7850
7850
7825
7825
7800
7812
7800
7787
7775
7762
7762
7750
7762
7750
7762
7750
7762
7750
7762
7750
7762
7750
7762
7750
7762
7750
7762
7787
7837
7887
7937
7987
8037
8087
8137
8200
8262
8325
8387
8450
8512
8575
8650
8700
8750
8787
8812
8825
8862
8875
8887
8925
8937
8950
8962
8975
8962
8950
8950
8950
8925
8925
8950
8937
8925
8937
8925
8887
8875
8887
8875
8862
8875
8862
8850
8837
8825
8812
8800
8800
8787
8800
8787
8775
8762
8750
8712
8675
8662
8625
8575
8525
8500
8450
8400
8387
8375
8362
8350
8337
8325
8312
8300
8287
8300
8287
8300
8287
8300
8287
8300
8287
8300
8287
8300
8287
8300
8287
8300
8287
8275
8262
8250
8250
8237
8250
8237
8250
8237
8250
8237
8250
8225
8225
8200
8200
8175
8187
8175
8187
8175
8187
8162
8162
8162
8162
8162
8175
8162
8150
8137
8125
8112
8125
8112
8100
8087
8075
8062
8050
8037
8037
8037
8037
8025
8037
8012
8025
8012
8012
8012
8012
7975
7962
7950
7937
7925
7912
7900
7887
7875
7850
7850
7825
7825
7800
7812
7800
7812
7800
7812
7800
7812
7800
7812
7800
7787
7775
7762
7762
7762
7775
7762
7775
7762
7762
7750
7762
7750
7762
7762
7775
7787
7825
7862
7900
7962
8025
8087
8150
8212
8287
8362
8437
8512
8575
8637
8675
8712
8750
8775
8787
8837
8862
8887
8887
8925
8925
8950
8950
8975
8962
8975
8962
8975
8962
8975
8962
8950
8937
8925
8912
8900
8912
8900
8912
8900
8887
8875
8862
8825
8812
8800
8775
8775
8750
8725
8700
8675
8612
8600
8550
8500
8475
8450
8400
8387
8375
8362
8350
8337
8325
8312
8300
8287
8300
8287
8300
8287
8300
8287
8300
8287
8300
8275
8275
8275
8275
8275
8287
8275
8237
8225
8200
8162
8150
8162
8150
8137
8150
8137
8125
8137
8150
8137
8150
8137
8125
8112
8100
8087
8100
8087
8075
8087
8075
8062
8050
8037
8025
8012
7975
7962
7950
7937
7950
7962
7950
7937
7925
7912
7900
7887
7900
7887
7875
7862
7875
7862
7875
7862
7875
7862
7875
7862
7875
7862
7875
7862
7875
7862
7850
7837
7825
7825
7825
7825
7825
7825
7825
7812
7825
7812
7800
7775
7787
7775
7762
7750
7750
7737
7712
7712
7712
7700
7687
7700
7687
7700
7712
7750
7775
7825
7875
7925
7962
8000
8050
8100
8150
8187
8262
8337
8412
8487
8562
8637
8675
8725
8750
8775
8775
8800
8800
8837
8850
8887
8900
8912
8900
8887
8887
8875
8862
8850
8862
8837
8850
8837
8850
8837
8850
8837
8850
8837
8850
8837
8825
8812
8800
8800
8787
8800
8787
8800
8787
8775
8762
8750
8737
8725
8712
8675
8637
8600
8562
8525
8512
8487
8462
8462
8462
8437
8450
8437
8425
8412
8425
8412
8425
8412
8425
8400
8400
8375
8375
8350
8362
8350
8362
8350
8362
8350
8362
8350
8362
8350
8362
8350
8362
8337
8337
8312
8287
8275
8262
8250
8237
8225
8212
8200
8187
8175
8187
8162
8162
8137
8137
8112
8125
8112
8100
8087
8075
8062
8050
8062
8050
8062
8050
8062
8050
8062
8050
8037
8025
8012
8000
7987
7975
7962
7950
7937
7950
7962
7950
7962
7975
7962
7975
7987
8000
7987
8000
7987
8000
7987
8000
7987
8000
7975
7987
7975
7962
7950
7975
7962
7975
7987
8000
7987
8000
7987
8000
8012
8025
8012
8000
7987
7950
7937
7912
7912
7887
7887
7862
7875
7887
7925
7975
8050
8125
8187
8262
8337
8412
8487
8562
8637
8700
8762
8837
8912
8962
9012
9025
9037
9025
9037
9025
9037
9025
9037
9025
9037
9025
9037
9025
9012
9000
8987
8975
8962
8975
8950
8962
8950
8937
8925
8925
8912
8900
8912
8900
8887
8875
8862
8825
8812
8800
8800
8787
8762
8750
8737
8725
8712
8712
8675
8662
8625
8612
8587
8600
8587
8600
8575
8587
8562
8562
8537
8550
8537
8562
8562
8587
8587
8612
8600
8612
8587
8587
8562
8537
8525
8525
8500
8500
8500
8487
8462
8475
8450
8450
8425
8412
8387
8375
8362
8350
8362
8350
8337
8325
8312
8300
8287
8275
8262
8250
8250
8237
8250
8237
8225
8212
8225
8212
8200
8212
8200
8200
8200
8200
8175
8187
8162
8162
8162
8162
8150
8137
8125
8112
8125
8112
8100
8087
8100
8087
8075
8100
8100
8075
8050
8050
8037
8050
8062
8075
8087
8075
8062
8050
8062
8050
8062
8050
8062
8050
8037
8025
8037
8025
8012
8025
8012
8000
7987
8000
7987
8000
7987
8000
7987
7975
7962
7975
7962
7950
7962
7975
7962
7975
8012
8050
8087
8150
8200
8262
8325
8387
8450
8512
8575
8637
8700
8750
8825
8875
8925
8975
9025
9037
9075
9087
9100
9087
9100
9087
9100
9087
9100
9087
9100
9087
9100
9087
9100
9087
9075
9062
9050
9037
9025
9037
9025
9012
9000
8987
8975
8962
8975
8962
8975
8962
8975
8962
8950
8937
8925
8912
8900
8887
8850
8837
8787
8775
8750
8725
8700
8687
8675
8662
8650
8637
8625
8612
8587
8587
8562
8562
8537
8550
8537
8550
8537
8550
8537
8550
8537
8550
8537
8550
8525
8500
8475
8475
8437
8437
8437
8412
8387
8375
8362
8350
8337
8300
8262
8200
8175
8137
8125
8112
8125
8112
8125
8112
8125
8112
8125
8112
8125
8112
8125
8112
8125
8112
8125
8112
8125
8100
8100
8075
8075
8050
8062
8050
8062
8050
8062
8050
8062
8050
8062
8050
8062
8075
8087
8100
8112
8125
8112
8100
8087
8075
8062
8050
8062
8050
8062
8050
8062
8050
8062
8037
8037
8037
8037
8012
8025
8012
8000
7987
8012
8000
8012
8000
8012
7987
8000
7987
7975
7975
7975
7975
8000
8025
8037
8075
8112
8150
8225
8300
8387
8475
8550
8625
8700
8750
8812
8875
8937
8975
9012
9050
9062
9087
9100
9112
9100
9112
9087
9100
9087
9100
9075
9087
9075
9062
9050
9050
9037
9025
9037
9025
9012
9000
8987
8975
8950
8950
8912
8900
8862
8862
8837
8850
8825
8837
8825
8812
8775
8750
8737
8700
8662
8625
8587
8537
8500
8487
8475
8462
8450
8437
8425
8412
8425
8412
8425
8412
8425
8412
8425
8412
8425
8412
8425
8412
8425
8437
8450
8437
8450
8437
8425
8412
8425
8412
8400
8387
8375
8362
8350
8362
8350
8362
8350
8362
8350
8362
8337
8337
8312
8312
8287
8262
8250
8262
8237
8237
8237
8225
8225
8225
8225
8237
8225
8212
8200
8187
8175
8187
8175
8187
8175
8187
8175
8187
8175
8162
8150
8162
8150
8162
8175
8162
8150
8162
8137
8150
8162
8150
8137
8162
8150
8162
8175
8187
8175
8187
8175
8187
8175
8187
8175
8187
8175
8187
8175
8187
8162
8162
8137
8137
8112
8137
8137
8137
8137
8137
8125
8112
8125
8112
8125
8112
8125
8112
8125
8137
8137
8137
8162
8187
8200
8237
8275
8312
8350
8400
8475
8550
8600
8662
8712
8775
8837
8925
9000
9037
9087
9137
9162
9187
9212
9225
9237
9250
9262
9300
9325
9337
9350
9362
9350
9350
9337
9350
9325
9325
9300
9300
9275
9287
9275
9262
9250
9237
9200
9187
9175
9162
9150
9137
9125
9137
9112
9112
9100
9087
9050
9062
9050
9050
9025
9025
8987
8950
8912
8900
8862
8850
8837
8825
8812
8800
8800
8787
8775
8762
8750
8712
8700
8687
8675
8662
8675
8662
8675
8662
8675
8662
8675
8662
8675
8687
8687
8687
8687
8687
8662
8650
8637
8625
8612
8587
8587
8562
8575
8550
8562
8550
8562
8537
8550
8537
8550
8537
8525
8512
8500
8462
8450
8437
8425
8412
8425
8412
8400
8387
8375
8362
8350
8362
8350
8362
8350
8362
8350
8362
8350
8362
8375
8387
8400
8412
8425
8412
8425
8412
8437
8437
8437
8437
8437
8425
8412
8425
8412
8425
8412
8400
8387
8400
8387
8375
8387
8375
8337
8337
8337
8312
8312
8312
8300
8287
8275
8262
8250
8250
8237
8225
8212
8200
8187
8200
8212
8225
8250
8287
8300
8337
8375
8412
8450
8512
8575
8637
8700
8750
8825
8900
8975
9025
9075
9112
9150
9187
9250
9300
9362
9400
9437
9475
9487
9500
9512
9525
9537
9550
9562
9575
9587
9575
9562
9550
9537
9525
9512
9525
9512
9525
9512
9525
9512
9500
9487
9475
9437
9425
9412
9375
9362
9350
9350
9337
9325
9287
9250
9212
9175
9137
9100
9087
9050
9012
9000
8975
8950
8925
8925
8900
8887
8875
8850
8837
8825
8837
8825
8825
8812
8825
8812
8825
8837
8825
8812
8825
8837
8850
8862
8875
8862
8850
8837
8862
8850
8862
8850
8862
8837
8850
8837
8825
8812
8800
8800
8787
8775
8762
8750
8737
8725
8737
8712
8712
8687
8687
8662
8675
8662
8675
8662
8675
8662
8675
8662
8675
8662
8675
8650
8650
8625
8625
8600
8612
8600
8587
8575
8562
8550
8537
8550
8537
8550
8537
8550
8537
8550
8537
8550
8537
8550
8537
8550
8537
8550
8537
8550
8537
8550
8525
8500
8475
8450
8425
8412
8425
8412
8425
8412
8425
8412
8400
8387
8375
8362
8375
8387
8400
8412
8425
8412
8437
8425
8437
8450
8462
8462
8512
8537
8562
8612
8662
8700
8750
8812
8875
8950
9025
9100
9175
9250
9325
9400
9475
9550
9625
9675
9725
9775
9812
9812
9850
9862
9850
9837
9862
9850
9837
9825
9812
9787
9775
9762
9750
9737
9725
9712
9700
9712
9700
9725
9712
9725
9712
9725
9700
9712
9700
9712
9700
9687
9675
9662
9625
9612
9600
9550
9500
9487
9450
9412
9387
9362
9325
9300
9262
9225
9212
9175
9137
9125
9112
9100
9112
9125
9137
9150
9162
9150
9162
9150
9175
9162
9175
9162
9150
9125
9112
9075
9062
9037
9012
8975
8962
8925
8900
8875
8862
8850
8837
8850
8837
8850
8837
8862
8862
8887
8887
8912
8900
8887
8887
8875
8862
8850
8862
8837
8850
8837
8825
8812
8800
8775
8775
8762
8750
8737
8750
8750
8750
8750
8750
8750
8725
8737
8712
8712
8687
8687
8662
8675
8662
8650
8637
8650
8637
8625
8637
8625
8612
8600
8612
8600
8587
8575
8562
8550
8525
8525
8500
8500
8475
8487
8475
8462
8450
8437
8425
8412
8400
8387
8375
8362
8350
8362
8350
8362
8350
8337
8325
8337
8325
8312
8325
8312
8300
8312
8350
8362
8400
8437
8475
8512
8575
8637
8675
8712
8750
8800
8862
8925
9000
9037
9075
9100
9150
9187
9250
9287
9325
9350
9387
9400
9437
9450
9462
9450
9462
9450
9462
9450
9462
9475
9487
9500
9512
9525
9512
9525
9512
9525
9512
9525
9512
9525
9512
9500
9487
9462
9437
9412
9412
9387
9375
9337
9325
9300
9287
9275
9262
9225
9212
9175
9162
9137
9137
9112
9087
9062
9050
9037
9012
9012
8987
8987
8962
8975
8962
8950
8937
8925
8912
8875
8887
8875
8862
8862
8887
8862
8862
8862
8850
8837
8850
8825
8837
8825
8812
8800
8787
8775
8775
8775
8750
8775
8775
8775
8787
8812
8800
8812
8800
8800
8787
8800
8787
8800
8787
8800
8787
8800
8787
8775
8762
8750
8737
8725
8737
8725
8712
8700
8712
8700
8687
8700
8687
8675
8687
8700
8712
8712
8712
8687
8687
8662
8675
8662
8650
8637
8625
8587
8575
8562
8550
8537
8550
8537
8525
8512
8500
8487
8500
8512
8500
8512
8500
8487
8475
8487
8475
8487
8475
8487
8462
8462
8437
8437
8437
8450
8462
8475
8487
8500
8537
8550
8587
8625
8637
8650
8700
8725
8750
8787
8837
8875
8937
9012
9050
9100
9162
9200
9225
9287
9325
9362
9437
9512
9587
9662
9712
9750
9787
9812
9837
9887
9912
9925
9962
9975
9987
10000
10012
10000
10012
10000
10012
10000
9987
9975
9987
9975
9962
9950
9937
9887
9862
9837
9837
9825
9837
9825
9837
9812
9812
9787
9787
9750
9750
9725
9700
9650
9637
9600
9562
9525
9487
9425
9400
9362
9350
9337
9325
9312
9287
9262
9237
9212
9187
9175
9162
9150
9162
9150
9137
9125
9112
9100
9087
9100
9075
9087
9075
9087
9075
9100
9087
9075
9037
9025
8987
8975
8962
8975
8962
8975
8950
8950
8925
8925
8925
8925
8925
8925
8925
8900
8912
8900
8912
8900
8887
8875
8887
8875
8862
8875
8862
8825
8812
8800
8800
8800
8800
8800
8800
8800
8787
8800
8787
8800
8787
8775
8737
8725
8687
8650
8637
8612
8600
8587
8575
8562
8562
8550
8537
8550
8537
8550
8537
8550
8562
8600
8637
8700
8750
8812
8875
8950
9025
9100
9175
9250
9300
9375
9450
9525
9600
9650
9687
9725
9737
9762
9787
9812
9812
9837
9812
9812
9787
9787
9762
9775
9762
9750
9737
9725
9687
9675
9662
9650
9637
9650
9662
9675
9650
9650
9625
9600
9575
9562
9525
9487
9450
9412
9375
9362
9350
9325
9312
9300
9262
9250
9237
9200
9187
9175
9137
9125
9112
9100
9087
9100
9087
9100
9087
9100
9087
9100
9087
9100
9087
9100
9087
9112
9112
9137
9137
9137
9125
9112
9100
9087
9100
9087
9100
9087
9075
9062
9050
9037
9025
9037
9012
9012
8987
8987
8962
8950
8937
8925
8912
8900
8912
8900
8912
8900
8912
8900
8887
8875
8862
8850
8837
8850
8837
8850
8837
8850
8837
8850
8837
8850
8862
8875
8887
8900
8887
8875
8887
8875
8862
8875
8862
8850
8825
8825
8800
8800
8787
8800
8787
8800
8787
8800
8787
8800
8787
8775
8762
8737
8725
8700
8712
8700
8725
8700
8712
8687
8687
8662
8650
8612
8600
8587
8575
8562
8575
8587
8575
8587
8625
8675
8700
8750
8812
8875
8925
9000
9062
9125
9200
9250
9300
9375
9450
9512
9600
9650
9687
9725
9762
9775
9812
9825
9837
9862
9875
9887
9925
9950
9950
9987
10000
10012
10000
10012
10000
10012
10000
10012
10000
10012
9987
9987
9987
9987
9962
9975
9962
9950
9937
9950
9937
9925
9887
9875
9837
9837
9825
9837
9825
9812
9775
9737
9662
9612
9550
9512
9475
9450
9425
9412
9375
9362
9350
9325
9312
9300
9287
9275
9287
9275
9262
9250
9262
9250
9237
9250
9237
9200
9187
9175
9162
9150
9137
9125
9112
9075
9062
9050
9037
9025
9012
9000
9012
9000
9012
9025
9012
9000
9012
9000
9012
9025
9037
9025
9037
9025
9037
9025
9012
9000
9012
9000
9012
9025
9037
9025
9037
9025
9037
9025
9037
9025
9037
9025
9037
9025
9037
9025
9037
9025
9012
9000
8987
8975
8962
8975
8962
8975
8950
8950
8925
8925
8900
8887
8887
8875
8862
8850
8862
8837
8825
8812
8800
8800
8787
8800
8787
8775
8762
8750
8737
8725
8712
8700
8687
8675
8662
8650
8637
8625
8612
8625
8662
8700
8750
8812
8887
8962
9037
9112
9200
9262
9337
9412
9487
9550
9612
9687
9737
9787
9825
9875
9887
9925
9962
10000
10012
10050
10087
10125
10137
10150
10162
10150
10137
10125
10137
10125
10137
10125
10112
10112
10100
10087
10075
10087
10062
10050
10012
10000
9987
9962
9962
9962
9937
9912
9900
9862
9825
9825
9812
9787
9762
9737
9700
9662
9650
9662
9662
9637
9600
9575
9525
9487
9450
9425
9387
9350
9325
9325
9325
9325
9325
9350
9337
9350
9337
9350
9350
9362
9375
9387
9375
9362
9350
9350
9337
9325
9312
9300
9262
9250
9237
9200
9187
9175
9162
9150
9162
9150
9137
9100
9087
9050
9037
9025
9037
9025
9037
9025
9050
9050
9075
9075
9100
9087
9100
9087
9075
9062
9050
9037
9012
9012
8987
8987
8962
8950
8937
8912
8900
8887
8900
8912
8937
8925
8937
8912
8887
8887
8887
8887
8900
8912
8900
8912
8900
8912
8925
8937
8950
8962
8950
8937
8925
8912
8887
8887
8862
8837
8812
8800
8800
8787
8775
8762
8750
8737
8725
8737
8725
8737
8725
8737
8725
8737
8725
8737
8725
8737
8725
8737
8725
8737
8750
8762
8775
8800
8812
8825
8875
8925
8975
9050
9137
9187
9250
9300
9362
9425
9512
9587
9662
9737
9787
9837
9887
9937
9975
10037
10100
10137
10175
10212
10225
10212
10225
10237
10225
10212
10225
10212
10200
10187
10200
10187
10175
10162
10150
10137
10125
10137
10125
10112
10112
10112
10087
10087
10087
10050
10037
10025
10012
9987
9987
9950
9937
9887
9875
9825
9812
9775
9725
9675
9625
9550
9512
9487
9437
9425
9412
9400
9375
9375
9350
9350
9337
9325
9312
9300
9287
9275
9287
9300
9312
9300
9312
9300
9287
9275
9287
9275
9287
9275
9262
9250
9237
9225
9212
9225
9200
9200
9175
9175
9137
9137
9112
9087
9037
9025
8987
8975
8962
8950
8937
8925
8887
8875
8887
8875
8862
8875
8862
8850
8837
8825
8787
8775
8775
8750
8750
8750
8750
8725
8737
8725
8712
8700
8687
8675
8687
8687
8662
8675
8662
8650
8650
8650
8650
8637
8625
8612
8625
8625
8637
8625
8637
8650
8637
8625
8637
8625
8612
8600
8612
8600
8587
8575
8550
8525
8500
8500
8475
8487
8475
8462
8450
8437
8400
8387
8375
8362
8350
8362
8350
8337
8325
8300
8275
8275
8275
8275
8287
8300
8312
8350
8387
8462
8537
8612
8687
8750
8812
8875
8950
9025
9100
9175
9250
9300
9337
9375
9412
9450
9487
9525
9562
9575
9587
9575
9587
9575
9562
9550
9537
9525
9512
9500
9487
9475
9437
9425
9412
9375
9337
9325
9300
9262
9225
9212
9175
9137
9100
9062
9000
8937
8875
8837
8787
8750
8700
8675
8625
8575
8550
8550
8525
8500
8512
8500
8462
8450
8437
8437
8437
8462
8462
8462
8450
8437
8425
8412
8425
8412
8425
8412
8400
8387
8400
8387
8400
8412
8425
8412
8425
8412
8437
8437
8462
8450
8462
8437
8437
8412
8425
8437
8450
8462
8462
8462
8437
8437
8412
8425
8412
8425
8412
8425
8412
8425
8412
8437
8437
8437
8437
8437
8425
8412
8400
8387
8400
8387
8375
8387
8375
8362
8350
8337
8325
8312
8300
8287
8300
8287
8300
8287
8275
8262
8250
8250
8237
8225
8212
8200
8187
8175
8187
8175
8187
8175
8162
8150
8162
8150
8137
8150
8137
8100
8087
8100
8087
8100
8112
8125
8137
8175
8200
8262
8325
8387
8450
8512
8575
8637
8675
8725
8762
8812
8862
8937
9000
9062
9125
9187
9250
9287
9325
9350
9387
9400
9450
9475
9500
9500
9525
9512
9500
9500
9500
9500
9500
9500
9487
9475
9462
9450
9462
9450
9462
9450
9437
9425
9412
9375
9362
9337
9300
9250
9200
9125
9087
9050
9012
8975
8962
8925
8887
8875
8862
8825
8812
8800
8775
8762
8750
8737
8725
8712
8700
8687
8675
8662
8650
8637
8625
8612
8600
8587
8575
8562
8550
8537
8525
8512
8525
8512
8525
8537
8550
8537
8550
8537
8550
8537
8525
8487
8475
8437
8425
8412
8400
8387
8375
8362
8350
8362
8350
8362
8350
8362
8350
8337
8325
8312
8300
8287
8300
8287
8312
8312
8337
8337
8337
8325
8337
8325
8337
8350
8362
8350
8337
8325
8337
8325
8312
8337
8325
8312
8300
8287
8262
8250
8250
8237
8225
8212
8200
8187
8175
8187
8175
8187
8175
8162
8150
8162
8150
8162
8175
8162
8150
8137
8125
8100
8100
8075
8087
8075
8075
8075
8075
8062
8050
8062
8050
8062
8050
8037
8025
8012
8000
7987
8000
7987
8000
8012
8050
8062
8100
8112
8137
8162
8200
8250
8325
8387
8450
8525
8600
8675
8737
8825
8875
8925
8975
9025
9062
9100
9137
9175
9212
9225
9262
9300
9312
9325
9337
9350
9337
9325
9325
9325
9325
9325
9325
9325
9312
9300
9287
9275
9250
9237
9225
9212
9200
9187
9175
9137
9125
9112
9075
9062
9037
9012
8987
8962
8912
8875
8837
8800
8775
8737
8725
8687
8650
8637
8625
8587
8575
8562
8550
8562
8575
8562
8575
8562
8550
8537
8550
8537
8525
8512
8500
8462
8462
8462
8437
8437
8437
8425
8412
8400
8387
8375
8362
8350
8362
8350
8362
8350
8362
8350
8375
8375
8375
8375
8375
8362
8350
8337
8325
8337
8325
8337
8350
8362
8350
8362
8350
8362
8350
8362
8350
8362
8350
8362
8350
8362
8350
8362
8350
8362
8350
8375
8375
8375
8375
8375
8362
8350
8362
8350
8325
8300
8300
8300
8287
8312
8300
8287
8275
8275
8275
8287
8300
8287
8275
8262
8250
8250
8237
8250
8225
8225
8200
8212
8200
8200
8175
8175
8137
8125
8112
8125
8137
8175
8200
8262
8337
8412
8487
8575
8662
8725
8812
8875
8937
9012
9062
9100
9162
9212
9250
9287
9325
9350
9387
9425
9462
9500
9512
9525
9537
9550
9575
9600
9625
9625
9625
9612
9625
9612
9625
9637
9650
9637
9650
9637
9650
9625
9625
9600
9600
9575
9587
9575
9562
9525
9512
9500
9475
9450
9450
9412
9375
9350
9325
9287
9250
9212
9162
9137
9112
9087
9037
9025
8987
8975
8962
8950
8937
8912
8887
8862
8862
8837
8850
8825
8837
8825
8812
8800
8800
8775
8762
8750
8737
8725
8737
8725
8712
8712
8700
8687
8675
8687
8662
8650
8637
8625
8612
8600
8587
8575
8562
8550
8537
8562
8550
8562
8550
8562
8537
8550
8537
8550
8537
8550
8537
8550
8537
8550
8537
8550
8537
8550
8537
8550
8537
8550
8537
8550
8537
8512
8500
8512
8500
8487
8487
8475
8425
8400
8375
8350
8325
8312
8300
8287
8275
8262
8250
8250
8237
8225
8212
8200
8187
8175
8187
8175
8187
8175
8162
8150
8137
8137
8125
8137
8125
8112
8087
8075
8062
8050
8062
8050
8037
8037
8037
8012
8012
8037
8025
8012
8025
8037
8025
8037
8050
8062
8075
8112
8150
8200
8237
8287
8337
8387
8437
8512
8550
8600
8650
8700
8737
8812
8850
8887
8937
8962
9000
9062
9100
9125
9187
9212
9237
9287
9325
9337
9375
9387
9400
9387
9375
9362
9350
9325
9312
9300
9262
9225
9212
9175
9137
9125
9112
9075
9062
9050
9012
9000
8975
8925
8875
8850
8787
8750
8687
8625
8525
8437
8375
8312
8250
8225
8200
8162
8162
8150
8137
8125
8137
8112
8125
8112
8100
8062
8050
8012
7975
7962
7950
7912
7900
7887
7850
7812
7800
7787
7775
7762
7750
7737
7712
7675
7662
7675
7662
7650
7662
7675
7662
7675
7687
7675
7662
7650
7612
7600
7612
7600
7587
7600
7612
7600
7612
7625
7612
7600
7587
7575
7562
7587
7587
7587
7587
7587
7575
7562
7575
7562
7575
7562
7575
7562
7575
7562
7575
7562
7550
7512
7512
7475
7462
7450
7462
7437
7425
7412
7425
7400
7400
7400
7400
7375
7387
7375
7387
7362
7362
7337
7337
7312
7325
7312
7325
7312
7325
7312
7287
7275
7262
7225
7212
7212
7212
7200
7212
7200
7187
7175
7187
7175
7187
7200
7212
7212
7250
7262
7300
7337
7375
7412
7475
7550
7625
7700
7787
7875
7925
7987
8037
8087
8137
8187
8225
8250
8287
8300
8337
8350
8362
8350
8375
8375
8375
8375
8375
8362
8350
8362
8337
8350
8337
8350
8337
8362
8350
8362
8350
8362
8350
8362
8350
8362
8350
8362
8350
8337
8325
8312
8275
8237
8225
8187
8162
8137
8112
8062
8050
8012
7975
7937
7900
7862
7812
7787
7762
7762
7750
7737
7725
7712
7700
7687
7700
7687
7700
7687
7700
7687
7700
7687
7675
7662
7650
7637
7650
7662
7675
7687
7675
7662
7650
7637
7625
7637
7625
7612
7600
7587
7575
7562
7575
7562
7550
7537
7512
7487
7462
7462
7437
7450
7437
7450
7437
7450
7437
7450
7425
7425
7400
7400
7375
7387
7375
7387
7375
7387
7375
7387
7375
7387
7375
7387
7375
7362
7350
7337
7300
7300
7300
7300
7300
7325
7312
7300
7300
7287
7275
7262
7275
7250
7262
7250
7262
7250
7262
7250
7262
7250
7237
7225
7212
7212
7200
7187
7175
7162
7150
7137
7150
7137
7150
7137
7150
7137
7125
7112
7125
7112
7125
7137
7150
7137
7150
7137
7125
7112
7100
7087
7100
7112
7125
7162
7187
7225
7287
7350
7425
7500
7587
7662
7750
7825
7875
7912
7950
7987
8000
8037
8075
8087
8100
8112
8125
8112
8125
8112
8125
8112
8125
8112
8137
8137
8137
8137
8137
8125
8112
8125
8112
8100
8087
8075
8037
8000
7987
7937
7875
7850
7812
7775
7775
7787
7762
7737
7712
7675
7650
7612
7612
7575
7562
7525
7525
7487
7462
7437
7412
7362
7325
7312
7275
7237
7225
7237
7225
7237
7250
7237
7225
7212
7212
7200
7187
7150
7150
7125
7100
7100
7100
7062
7050
7062
7037
7037
7037
7037
7012
7025
7000
7012
7000
7012
6987
7000
6975
6975
6950
6962
6950
6962
6937
6937
6912
6912
6887
6900
6887
6875
6862
6850
6837
6825
6812
6800
6787
6775
6762
6775
6762
6750
6737
6725
6725
6712
6725
6712
6725
6700
6700
6675
6675
6650
6637
6625
6612
6575
6562
6537
6512
6487
6487
6462
6475
6450
6450
6425
6425
6400
6387
6387
6387
6387
6387
6387
6350
6312
6275
6237
6225
6212
6200
6187
6175
6175
6162
6175
6150
6150
6150
6150
6125
6137
6150
6137
6125
6150
6162
6187
6212
6275
6337
6375
6412
6487
6525
6550
6600
6650
6687
6737
6787
6837
6887
6900
6937
6950
6975
6975
7012
7025
7037
7037
7037
7025
7012
7025
7037
7050
7062
7075
7062
7062
7062
7037
7037
7037
7025
7012
7025
7012
7025
7012
7025
7012
7025
7012
7025
7012
7025
7012
7000
6962
6950
6912
6900
6887
6875
6862
6850
6812
6800
6787
6775
6762
6750
6737
6725
6700
6662
6625
6562
6500
6462
6450
6462
6475
6512
6525
6512
6475
6462
6425
6412
6387
6387
6387
6387
6387
6400
6412
6400
6412
6387
6387
6362
6362
6337
6325
6312
6325
6300
6300
6300
6300
6275
6287
6275
6287
6262
6275
6262
6250
6237
6262
6250
6237
6250
6237
6225
6212
6225
6212
6225
6212
6225
6212
6225
6212
6225
6212
6225
6212
6200
6200
6200
6175
6187
6187
6175
6187
6200
6200
6212
6225
6200
6212
6200
6212
6200
6225
6212
6200
6187
6162
6150
6125
6125
6100
6112
6100
6112
6125
6137
6150
6187
6212
6237
6262
6300
6325
6375
6400
6462
6487
6512
6537
6587
6625
6675
6712
6750
6800
6825
6850
6900
6925
6937
6950
6962
6975
6987
7000
7012
7025
7050
7075
7075
7075
7075
7037
7025
7037
7050
7037
7050
7037
7025
7012
7000
6987
7000
6987
6975
6987
6975
6975
6975
6975
6975
6975
6937
6925
6912
6875
6837
6825
6787
6775
6762
6750
6712
6700
6675
6637
6625
6612
6600
6587
6600
6587
6600
6575
6575
6550
6550
6525
6537
6512
6512
6487
6500
6487
6512
6512
6512
6500
6512
6500
6487
6500
6487
6475
6462
6475
6462
6450
6437
6450
6437
6425
6437
6425
6412
6400
6387
6375
6362
6350
6337
6350
6337
6325
6325
6325
6325
6312
6325
6287
6275
6262
6262
6262
6275
6287
6300
6300
6300
6287
6275
6262
6262
6262
6275
6287
6275
6287
6275
6287
6275
6262
6262
6262
6262
6262
6287
6275
6287
6275
6287
6275
6287
6275
6262
6262
6262
6262
6250
6262
6262
6262
6262
6275
6287
6275
6287
6275
6262
6250
6237
6225
6200
6212
6200
6212
6200
6225
6212
6225
6212
6225
6200
6212
6200
6212
6187
6200
6200
6200
6200
6212
6225
6212
6225
6212
6225
6212
6225
6237
6275
6312
6375
6450
6525
6575
6625
6675
6725
6775
6850
6900
6950
6975
7000
7025
7050
7062
7075
7087
7062
7075
7062
7075
7062
7087
7075
7087
7075
7087
7075
7087
7075
7062
7050
7037
7025
7012
7025
7012
7025
7012
7025
7012
7000
6987
6975
6962
6950
6962
6937
6937
6912
6912
6887
6875
6862
6875
6850
6850
6837
6825
6787
6762
6737
6725
6700
6687
6675
6637
6625
6612
6600
6575
6575
6550
6550
6550
6562
6550
6562
6575
6562
6550
6562
6550
6537
6525
6537
6512
6512
6487
6487
6462
6450
6437
6425
6412
6400
6387
6375
6387
6362
6362
6362
6337
6312
6325
6312
6325
6337
6350
6337
6325
6312
6300
6287
6275
6287
6275
6287
6275
6262
6250
6237
6225
6212
6200
6200
6200
6200
6200
6225
6212
6237
6237
6237
6237
6237
6225
6212
6225
6212
6225
6212
6225
6237
6237
6237
6237
6237
6200
6212
6200
6212
6200
6225
6212
6225
6212
6225
6212
6225
6200
6212
6200
6212
6200
6225
6212
6225
6212
6200
6187
6200
6187
6175
6162
6150
6150
6137
6125
6137
6150
6137
6150
6187
6237
6287
6362
6437
6512
6562
6612
6662
6700
6737
6775
6812
6850
6862
6887
6937
6950
6975
7000
7012
7000
7000
6987
7000
6987
7000
7012
7025
7012
7000
6987
7000
6987
6975
6987
6975
6962
6950
6962
6950
6937
6925
6937
6912
6887
6900
6887
6850
6825
6837
6812
6787
6762
6762
6725
6725
6712
6700
6687
6675
6637
6625
6612
6600
6587
6575
6537
6525
6487
6475
6487
6500
6512
6525
6537
6525
6537
6525
6537
6525
6537
6525
6537
6525
6537
6525
6537
6525
6537
6525
6537
6525
6512
6500
6487
6475
6462
6475
6462
6450
6437
6425
6412
6400
6412
6400
6387
6375
6362
6350
6337
6325
6312
6325
6312
6300
6312
6287
6275
6262
6275
6262
6287
6275
6287
6275
6287
6275
6287
6275
6262
6250
6237
6237
6237
6237
6237
6237
6237
6237
6237
6237
6237
6237
6237
6262
6262
6262
6250
6237
6225
6212
6225
6212
6225
6212
6225
6212
6200
6187
6175
6175
6162
6175
6162
6175
6162
6175
6162
6175
6162
6175
6162
6175
6175
6187
6200
6237
6250
6275
6300
6325
6350
6400
6437
6500
6562
6600
6650
6687
6712
6750
6787
6812
6812
6837
6850
6862
6875
6912
6925
6937
6950
6962
6950
6937
6925
6937
6925
6912
6925
6912
6875
6862
6875
6862
6850
6862
6850
6850
6850
6850
6850
6850
6837
6850
6862
6837
6837
6812
6787
6762
6750
6750
6737
6725
6712
6725
6700
6700
6662
6650
6612
6612
6587
6600
6587
6600
6587
6575
6562
6575
6562
6575
6587
6600
6587
6600
6587
6600
6575
6575
6587
6587
6562
6575
6562
6537
6550
6562
6550
6562
6550
6512
6500
6487
6475
6462
6475
6462
6450
6437
6425
6412
6400
6412
6400
6425
6412
6425
6412
6400
6375
6387
6375
6362
6375
6362
6350
6337
6325
6312
6325
6312
6300
6312
6300
6287
6275
6262
6250
6237
6225
6212
6225
6212
6225
6212
6187
6175
6162
6162
6150
6175
6162
6175
6162
6150
6137
6125
6112
6125
6137
6125
6137
6125
6112
6100
6112
6100
6112
6100
6087
6075
6087
6075
6062
6075
6062
6050
6037
6050
6037
6050
6037
6050
6062
6100
6112
6150
6175
6212
6250
6312
6375
6450
6500
6562
6625
6662
6687
6737
6762
6787
6812
6837
6850
6862
6875
6887
6900
6912
6925
6937
6950
6962
6950
6962
6950
6962
6950
6962
6950
6962
6950
6962
6950
6962
6950
6962
6950
6937
6925
6912
6912
6912
6912
6912
6912
6900
6887
6875
6862
6850
6812
6775
6762
6725
6700
6662
6650
6612
6575
6575
6575
6575
6575
6600
6587
6575
6562
6550
6550
6550
6575
6575
6600
6587
6600
6587
6600
6587
6575
6562
6550
6537
6525
6512
6500
6512
6500
6512
6525
6537
6525
6512
6500
6487
6475
6487
6500
6487
6500
6487
6450
6437
6425
6412
6400
6387
6375
6362
6350
6337
6350
6337
6350
6337
6350
6337
6350
6337
6350
6337
6325
6312
6325
6300
6300
6300
6300
6275
6287
6300
6312
6300
6325
6325
6325
6325
6325
6312
6300
6287
6275
6287
6275
6262
6250
6237
6225
6212
6225
6212
6225
6237
6250
6237
6250
6237
6225
6212
6200
6187
6175
6175
6175
6187
6200
6212
6237
6262
6287
6312
6362
6400
6437
6500
6537
6575
6612
6650
6687
6737
6787
6812
6837
6850
6887
6925
6962
7000
7037
7050
7062
7075
7087
7100
7112
7125
7137
7150
7137
7150
7137
7125
7112
7100
7087
7075
7062
7062
7062
7037
7037
7025
7012
7000
7012
7000
7025
7012
7000
6987
6962
6937
6912
6887
6862
6850
6812
6775
6762
6725
6700
6687
6675
6662
6637
6650
6625
6625
6600
6612
6587
6600
6587
6600
6587
6600
6587
6600
6587
6600
6587
6600
6587
6600
6587
6600
6587
6600
6575
6550
6525
6500
6450
6437
6425
6412
6400
6412
6400
6412
6400
6412
6400
6387
6387
6387
6387
6387
6412
6400
6412
6425
6425
6425
6425
6425
6400
6387
6375
6362
6350
6337
6350
6337
6350
6337
6350
6337
6325
6325
6325
6325
6325
6350
6337
6325
6312
6325
6312
6325
6325
6325
6300
6300
6300
6312
6300
6312
6325
6312
6300
6312
6300
6287
6275
6287
6275
6287
6275
6287
6275
6287
6275
6262
6250
6237
6225
6212
6225
6212
6237
6237
6237
6212
6212
6175
6175
6162
6175
6175
6175
6175
6200
6212
6250
6312
6375
6437
6500
6575
6625
6675
6712
6750
6775
6825
6837
6875
6912
6950
6987
7025
7037
7050
7062
7050
7062
7075
7087
7075
7087
7075
7087
7075
7087
7100
7100
7100
7100
7100
7100
7112
7100
7112
7100
7087
7075
7087
7112
7162
7225
7325
7425
7512
7587
7662
7700
7712
7700
7662
7600
7525
7450
7375
7287
7200
7112
7062
6987
6912
6837
6775
6687
6625
6562
6500
6462
6450
6462
6475
6512
6550
6562
6550
6562
6550
6500
6487
6475
6462
6450
6475
6462
6450
6437
6425
6412
6400
6412
6400
6412
6400
6412
6425
6437
6450
6462
6475
6462
6450
6400
6387
6350
6337
6325
6350
6362
6412
6462
6512
6562
6612
6650
6662
6700
6725
6762
6775
6812
6825
6850
6850
6875
6875
6900
6887
6875
6837
6825
6775
6750
6725
6700
6687
6675
6662
6650
6637
6625
6612
6575
6537
6500
6437
6375
6337
6287
6262
6237
6212
6162
6150
6150
6137
6150
6187
6212
6212
6250
6262
6262
6250
6262
6262
6262
6262
6300
6312
6337
6387
6437
6462
6537
6600
6650
6687
6750
6787
6825
6862
6925
6987
7062
7125
7200
7287
7375
7450
7537
7625
7700
7787
7850
7900
7925
7912
7875
7825
7737
7637
7550
7450
7362
7275
7200
7125
7062
6975
6937
6887
6862
6837
6825
6775
6737
6675
6625
6562
6500
6462
6425
6412
6400
6387
6375
6362
6350
6337
6350
6337
6350
6337
6350
6337
6325
6312
6300
6300
6300
6337
6375
6412
6437
6462
6475
6462
6475
6487
6487
6487
6487
6487
6462
6475
6487
6500
6512
6525
6537
6562
6587
6587
6612
6612
6575
6537
6500
6462
6425
6387
6350
6337
6287
6262
6262
6262
6262
6275
6287
6275
6287
6300
6337
6350
6362
6375
6362
6350
6337
6350
6337
6350
6337
6350
6337
6350
6362
6375
6387
6425
6462
6462
6500
6512
6525
6537
6562
6575
6612
6625
6637
6650
6662
6650
6662
6675
6687
6700
6712
6725
6712
6725
6712
6725
6712
6725
6725
6750
6750
6775
6762
6775
6762
6775
6762
6775
6762
6775
6762
6787
6787
6787
6787
6812
6800
6812
6850
6862
6875
6887
6900
6887
6900
6912
6950
6987
7050
7087
7125
7162
7187
7225
7287
7325
7375
7400
7425
7450
7500
7537
7575
7625
7650
7675
7675
7700
7712
7725
7737
7750
7762
7750
7762
7750
7737
7725
7737
7725
7737
7750
7762
7750
7737
7725
7712
7712
7712
7712
7712
7712
7700
7675
7675
7650
7650
7625
7637
7612
7612
7587
7587
7562
7575
7562
7537
7512
7475
7437
7400
7375
7350
7337
7300
7287
7275
7262
7250
7262
7250
7262
7250
7262
7250
7262
7237
7250
7237
7250
7237
7237
7237
7237
7212
7212
7237
7225
7212
7225
7212
7212
7200
7212
7200
7212
7200
7212
7200
7212
7200
7212
7200
7212
7200
7212
7200
7187
7175
7187
7175
7187
7200
7212
7200
7212
7200
7212
7200
7212
7200
7187
7150
7137
7125
7112
7100
7112
7125
7100
7112
7125
7137
7125
7162
7150
7162
7175
7175
7162
7162
7162
7137
7150
7137
7150
7137
7150
7137
7125
7125
7125
7125
7125
7125
7125
7125
7125
7125
7150
7137
7150
7137
7150
7137
7150
7137
7150
7137
7150
7137
7150
7137
7150
7137
7150
7162
7175
7187
7212
7250
7262
7300
7312
7325
7350
7400
7450
7500
7562
7612
7662
7700
7750
7787
7825
7875
7900
7950
8000
8050
8062
8100
8112
8125
8137
8150
8137
8150
8137
8125
8137
8150
8137
8150
8137
8125
8112
8125
8112
8125
8112
8125
8112
8100
8087
8075
8037
8025
8012
7975
7962
7975
7950
7950
7950
7950
7925
7912
7900
7887
7850
7812
7800
7762
7762
7750
7762
7750
7762
7750
7737
7737
7737
7737
7737
7737
7725
7737
7725
7737
7750
7737
7725
7712
7700
7675
7675
7650
7650
7612
7625
7612
7600
7587
7587
7587
7587
7587
7587
7587
7575
7562
7575
7587
7600
7587
7612
7612
7587
7587
7587
7575
7562
7575
7550
7562
7550
7562
7550
7575
7550
7550
7525
7525
7525
7525
7525
7550
7550
7525
7537
7550
7525
7500
7500
7475
7425
7412
7425
7412
7425
7437
7450
7437
7450
7462
7475
7462
7475
7462
7450
7437
7450
7437
7450
7425
7437
7425
7437
7425
7425
7412
7400
7387
7375
7387
7375
7387
7375
7387
7375
7362
7350
7362
7375
7387
7425
7462
7475
7487
7537
7562
7600
7662
7712
7775
7862
7937
8012
8087
8150
8187
8225
8250
8287
8300
8337
8350
8362
8350
8362
8350
8375
8375
8375
8375
8362
8337
8312
8312
8287
8300
8287
8300
8275
8275
8275
8275
8250
8275
8275
8275
8262
8275
8250
8250
8237
8225
8212
8200
8187
8175
8187
8162
8137
8112
8087
8037
8000
7987
7950
7912
7900
7887
7850
7837
7825
7812
7800
7812
7800
7812
7800
7787
7775
7762
7737
7725
7712
7675
7637
7625
7587
7550
7537
7525
7512
7500
7512
7500
7487
7475
7462
7425
7412
7400
7362
7350
7337
7325
7312
7325
7312
7325
7312
7325
7312
7325
7312
7300
7287
7300
7287
7300
7312
7325
7312
7325
7312
7325
7312
7325
7312
7325
7312
7325
7312
7325
7312
7325
7312
7325
7312
7300
7287
7275
7262
7250
7262
7250
7262
7250
7262
7237
7237
7237
7237
7212
7200
7187
7162
7150
7137
7150
7137
7125
7112
7100
7087
7075
7087
7075
7087
7075
7087
7075
7087
7075
7062
7050
7037
7025
7037
7050
7062
7075
7087
7100
7137
7162
7237
7287
7350
7412
7475
7525
7612
7662
7712
7750
7775
7787
7825
7862
7900
7937
7975
7975
7975
7975
7975
7975
7987
8000
7987
8000
7987
8000
7987
8000
7987
8000
7987
8000
7987
8000
7975
7975
7950
7950
7925
7912
7900
7887
7850
7812
7800
7762
7737
7700
7687
7637
7625
7600
7575
7525
7487
7437
7425
7412
7425
7425
7425
7425
7425
7425
7437
7450
7437
7425
7412
7400
7387
7375
7387
7375
7387
7362
7362
7337
7337
7312
7300
7287
7275
7237
7225
7212
7187
7175
7162
7150
7137
7125
7112
7100
7087
7075
7050
7025
7000
6975
6950
6937
6925
6912
6900
6912
6912
6925
6937
6925
6887
6887
6850
6837
6825
6812
6775
6737
6700
6675
6637
6600
6587
6550
6537
6525
6537
6525
6537
6525
6537
6525
6537
6525
6537
6525
6537
6512
6525
6512
6500
6462
6475
6450
6450
6450
6450
6437
6425
6412
6400
6412
6400
6412
6400
6412
6400
6375
6350
6350
6325
6325
6337
6350
6337
6325
6325
6325
6325
6350
6375
6387
6425
6437
6462
6512
6562
6587
6637
6675
6737
6775
6837
6900
6950
6987
7050
7087
7125
7162
7187
7187
7212
7237
7237
7237
7250
7262
7237
7262
7250
7262
7250
7275
7250
7262
7250
7237
7225
7212
7212
7200
7212
7200
7212
7187
7187
7162
7162
7137
7150
7137
7150
7137
7125
7112
7100
7087
7075
7062
7050
7037
7000
6987
6975
6937
6937
6925
6912
6900
6887
6862
6850
6812
6800
6787
6787
6775
6787
6775
6787
6787
6800
6787
6800
6812
6800
6787
6800
6787
6775
6762
6775
6750
6750
6750
6750
6750
6762
6775
6762
6775
6762
6775
6762
6750
6737
6750
6737
6725
6737
6725
6725
6712
6725
6700
6700
6700
6700
6675
6687
6675
6662
6650
6662
6650
6637
6625
6637
6625
6612
6625
6600
6575
6575
6575
6575
6587
6600
6575
6575
6575
6575
6575
6575
6575
6550
6550
6525
6537
6550
6562
6575
6587
6575
6562
6550
6537
6525
6537
6550
6562
6575
6587
6575
6562
6550
6550
6550
6550
6550
6550
6537
6525
6512
6500
6475
6450
6450
6437
6437
6450
6462
6450
6475
6462
6450
6437
6425
6412
6400
6412
6400
6412
6400
6412
6400
6412
6425
6437
6450
6487
6525
6537
6575
6612
6650
6675
6712
6750
6800
6825
6850
6900
6950
6987
7050
7087
7137
7162
7187
7187
7212
7212
7237
7262
7287
7300
7312
7325
7337
7350
7337
7350
7325
7300
7300
7300
7300
7312
7325
7312
7300
7287
7275
7262
7250
7237
7225
7212
7212
7187
7187
7162
7137
7112
7100
7087
7062
7037
7012
6975
6937
6900
6887
6875
6875
6875
6887
6875
6875
6875
6850
6850
6875
6862
6875
6887
6900
6875
6875
6875
6875
6850
6862
6850
6837
6825
6837
6825
6837
6825
6837
6825
6837
6812
6812
6787
6787
6762
6750
6737
6725
6725
6712
6725
6712
6700
6687
6675
6637
6625
6637
6625
6637
6650
6637
6625
6612
6600
6587
6600
6587
6600
6587
6600
6587
6612
6612
6612
6612
6612
6600
6587
6575
6562
6575
6562
6550
6562
6550
6550
6550
6550
6550
6550
6537
6525
6537
6512
6525
6512
6525
6512
6537
6525
6537
6525
6537
6525
6537
6525
6537
6525
6537
6525
6537
6525
6537
6525
6537
6525
6537
6512
6512
6512
6512
6512
6512
6512
6512
6512
6512
6525
6537
6550
6587
6625
6675
6737
6800
6862
6900
6950
6975
7012
7050
7087
7112
7162
7187
7212
7262
7287
7312
7362
7387
7412
7437
7450
7462
7475
7487
7500
7512
7500
7512
7500
7525
7525
7525
7537
7537
7525
7512
7525
7500
7512
7500
7512
7500
7487
7475
7462
7450
7437
7450
7437
7450
7425
7425
7400
7375
7362
7362
7337
7337
7337
7325
7312
7300
7287
7275
7225
7200
7175
7162
7137
7125
7112
7100
7062
7050
7037
7025
7012
7025
7012
7025
7012
7025
7012
7025
7012
7025
7012
7000
6987
7000
6987
7000
7000
7000
6975
6975
6950
6962
6950
6962
6937
6937
6912
6912
6912
6925
6912
6900
6900
6875
6875
6875
6900
6875
6875
6875
6875
6837
6850
6837
6825
6812
6837
6812
6812
6787
6787
6762
6775
6762
6750
6737
6750
6737
6750
6762
6775
6750
6750
6750
6737
6725
6725
6725
6712
6725
6725
6725
6700
6700
6675
6675
6675
6700
6700
6725
6700
6700
6675
6675
6650
6662
6650
6637
6625
6612
6600
6587
6612
6600
6612
6600
6612
6575
6575
6550
6550
6525
6537
6525
6537
6525
6537
6512
6512
6487
6487
6487
6500
6512
6525
6537
6525
6537
6550
6587
6625
6662
6700
6750
6800
6850
6925
6962
7000
7037
7087
7112
7162
7200
7250
7287
7325
7362
7375
7387
7375
7387
7375
7387
7375
7400
7400
7425
7425
7425
7412
7425
7412
7425
7437
7450
7437
7450
7437
7425
7412
7400
7387
7375
7387
7375
7362
7362
7350
7337
7325
7312
7300
7300
7275
7275
7275
7225
7200
7175
7162
7137
7125
7087
7050
7012
6975
6962
6950
6962
6950
6937
6925
6912
6912
6912
6912
6912
6937
6925
6912
6925
6937
6925
6937
6950
6962
6975
6987
6975
6987
7000
6987
6975
6987
6975
6962
6950
6962
6937
6937
6912
6912
6912
6912
6912
6900
6887
6875
6875
6850
6862
6850
6837
6825
6812
6812
6800
6787
6800
6812
6775
6775
6775
6750
6750
6762
6750
6737
6725
6725
6712
6725
6712
6725
6712
6725
6712
6700
6700
6700
6700
6700
6725
6712
6725
6712
6725
6700
6700
6675
6675
6650
6662
6650
6662
6650
6637
6625
6637
6625
6637
6650
6625
6600
6600
6575
6550
6562
6550
6537
6525
6537
6525
6550
6550
6550
6550
6550
6512
6500
6512
6487
6487
6487
6487
6462
6475
6462
6475
6462
6475
6462
6475
6487
6500
6525
6575
6625
6662
6750
6825
6900
6975
7050
7112
7162
7200
7237
7275
7312
7325
7362
7375
7387
7375
7387
7375
7387
7375
7387
7375
7387
7375
7387
7375
7387
7375
7387
7362
7362
7362
7362
7337
7325
7325
7300
7275
7275
7275
7262
7250
7262
7250
7237
7225
7212
7187
7150
7137
7100
7062
7050
7037
7000
6987
6975
6962
6975
6987
6975
6987
7000
6987
6975
6962
6950
6912
6900
6887
6900
6887
6875
6862
6850
6837
6825
6837
6825
6837
6825
6837
6825
6812
6800
6787
6775
6762
6750
6737
6750
6737
6725
6737
6725
6725
6712
6725
6712
6725
6712
6725
6712
6700
6687
6675
6662
6650
6637
6625
6612
6612
6612
6637
6637
6637
6625
6637
6625
6637
6637
6650
6637
6650
6637
6675
6662
6675
6662
6675
6650
6675
6675
6675
6675
6675
6662
6650
6662
6650
6637
6625
6637
6625
6612
6625
6612
6600
6587
6600
6587
6600
6587
6600
6587
6600
6587
6575
6562
6550
6537
6550
6562
6575
6612
6625
6650
6700
6737
6787
6837
6875
6912
6975
7025
7100
7162
7225
7287
7350
7412
7450
7487
7500
7512
7500
7525
7512
7525
7512
7525
7500
7512
7500
7512
7500
7487
7475
7462
7450
7437
7450
7437
7450
7437
7450
7437
7450
7437
7425
7425
7412
7400
7387
7400
7362
7362
7337
7337
7312
7300
7287
7275
7237
7225
7212
7187
7175
7162
7125
7112
7100
7062
7050
7037
7025
7012
7025
7012
7025
7000
7000
7000
6987
6987
7000
7012
7000
7025
7012
7000
6987
7000
6987
7000
7012
7000
6987
6975
6962
6950
6962
6950
6962
6950
6962
6950
6962
6950
6962
6950
6937
6925
6912
6900
6887
6900
6887
6900
6887
6875
6862
6850
6837
6825
6837
6825
6837
6825
6837
6825
6837
6825
6812
6800
6787
6775
6762
6775
6762
6775
6750
6750
6750
6750
6750
6762
6775
6762
6775
6762
6775
6762
6787
6787
6812
6812
6837
6825
6837
6825
6837
6825
6837
6825
6837
6825
6837
6825
6837
6825
6837
6825
6837
6825
6837
6825
6837
6825
6837
6825
6837
6825
6837
6825
6837
6825
6837
6825
6837
6825
6837
6825
6837
6825
6837
6850
6887
6925
6987
7062
7125
7212
7300
7387
7462
7537
7600
7637
7687
7725
7775
7800
7850
7862
7875
7887
7900
7887
7900
7912
7900
7887
7900
7912
7900
7912
7925
7937
7925
7937
7925
7937
7925
7937
7925
7937
7925
7937
7925
7937
7925
7937
7925
7937
7925
7912
7900
7887
7850
7812
7800
7762
7737
7725
7712
7675
7662
7650
7637
7625
7637
7650
7662
7650
7662
7675
7650
7650
7650
7625
7612
7612
7587
7587
7587
7575
7562
7550
7550
7550
7525
7525
7525
7512
7500
7512
7500
7487
7450
7437
7425
7412
7425
7437
7425
7412
7400
7387
7375
7387
7375
7387
7375
7362
7362
7362
7362
7362
7387
7400
7412
7400
7412
7400
7387
7375
7387
7375
7387
7375
7350
7337
7325
7312
7300
7325
7337
7375
7387
7400
7412
7400
7387
7375
7387
7375
7387
7375
7387
7375
7387
7375
7387
7375
7362
7350
7362
7350
7362
7375
7362
7350
7337
7325
7337
7350
7337
7350
7337
7337
7337
7362
7362
7387
7400
7437
7487
7562
7637
7700
7775
7837
7900
7962
8000
8037
8075
8112
8150
8200
8237
8275
8312
8350
8362
8400
8412
8425
8437
8450
8462
8475
8487
8462
8462
8462
8462
8437
8450
8437
8437
8425
8437
8425
8412
8387
8375
8362
8350
8362
8350
8362
8350
8325
8300
8300
8275
8250
8262
8250
8225
8187
8150
8112
8075
8037
8025
8012
7975
7962
7950
7950
7950
7950
7950
7937
7937
7937
7962
7962
7975
7962
7950
7937
7925
7937
7925
7937
7925
7912
7900
7912
7900
7887
7900
7912
7900
7887
7900
7887
7875
7862
7875
7862
7850
7850
7850
7850
7850
7875
7850
7850
7825
7825
7800
7812
7800
7812
7800
7812
7800
7812
7825
7825
7825
7812
7812
7787
7812
7800
7825
7812
7825
7800
7812
7800
7787
7775
7762
7762
7762
7775
7787
7800
7812
7800
7812
7800
7812
7800
7812
7800
7812
7800
7787
7775
7787
7775
7762
7775
7762
7737
7737
7737
7712
7712
7712
7700
7687
7700
7687
7700
7687
7675
7662
7675
7662
7675
7712
7737
7750
7787
7825
7862
7900
7962
8025
8087
8150
8225
8300
8387
8450
8500
8550
8575
8587
8625
8637
8650
8687
8700
8712
8725
8737
8725
8737
8725
8737
8725
8737
8725
8737
8725
8737
8725
8737
8725
8712
8700
8687
8675
8662
8675
8687
8687
8687
8687
8687
8662
8675
8650
8650
8625
8600
8575
8562
8550
8525
8525
8500
8475
8450
8437
8400
8387
8375
8337
8325
8312
8275
8262
8250
8250
8237
8225
8225
8225
8225
8212
8237
8225
8237
8225
8250
8237
8250
8237
8250
8237
8250
8237
8250
8237
8250
8237
8225
8212
8200
8187
8200
8200
8200
8200
8200
8175
8187
8175
8187
8175
8162
8150
8137
8125
8100
8100
8100
8100
8075
8087
8075
8062
8050
8062
8050
8062
8050
8062
8050
8062
8050
8062
8050
8062
8050
8062
8050
8037
8025
8012
8000
7975
7987
7975
7987
7975
8000
7987
8000
7987
8000
7987
8012
8000
8012
8000
8012
7975
7975
7975
7975
7975
7987
8000
7987
7975
7962
7950
7937
7925
7912
7900
7887
7875
7862
7875
7862
7837
7825
7812
7800
7775
7787
7762
7762
7750
7762
7750
7762
7750
7762
7750
7762
7750
7762
7762
7775
7800
7850
7900
7950
8025
8087
8150
8200
8262
8325
8387
8450
8512
8575
8612
8662
8687
8712
8712
8737
8725
8750
8750
8775
8775
8800
8787
8800
8787
8800
8787
8775
8762
8750
8737
8725
8712
8712
8712
8687
8662
8675
8650
8650
8650
8650
8637
8625
8612
8600
8587
8575
8562
8525
8512
8500
8462
8450
8437
8400
8387
8375
8362
8350
8337
8300
8262
8225
8200
8187
8175
8187
8175
8187
8175
8187
8175
8162
8150
8162
8150
8137
8150
8137
8100
8087
8075
8037
8000
7987
7950
7937
7925
7900
7887
7875
7837
7825
7812
7787
7762
7762
7750
7762
7737
7737
7712
7725
7700
7687
7675
7662
7612
7600
7587
7575
7550
7550
7512
7500
7462
7437
7387
7375
7337
7300
7287
7275
7237
7225
7200
7187
7162
7137
7112
7100
7062
7050
7037
7025
7012
7025
7012
7000
6987
6975
6937
6900
6887
6850
6812
6775
6737
6700
6675
6637
6600
6587
6550
6512
6500
6487
6475
6487
6500
6512
6525
6512
6512
6512
6487
6487
6487
6475
6462
6475
6462
6475
6462
6475
6487
6500
6525
6575
6625
6662
6737
6800
6837
6875
6912
6962
6987
7037
7087
7137
7150
7187
7212
7250
7262
7300
7312
7337
7337
7362
7362
7387
7375
7387
7375
7387
7375
7387
7375
7362
7350
7362
7350
7337
7350
7337
7300
7262
7250
7237
7225
7212
7200
7162
7112
7050
6987
6950
6912
6875
6862
6850
6812
6775
6762
6725
6725
6712
6725
6712
6725
6712
6725
6712
6700
6687
6675
6662
6650
6637
6625
6612
6600
6587
6575
6562
6550
6512
6500
6487
6475
6462
6475
6462
6450
6437
6425
6387
6375
6387
6375
6350
6350
6325
6300
6275
6287
6275
6287
6275
6287
6275
6262
6250
6237
6225
6212
6225
6212
6200
6187
6175
6175
6162
6150
6137
6125
6087
6075
6062
6050
6037
6050
6025
6025
6000
6000
5975
5987
5975
5962
5950
5937
5925
5912
5925
5900
5900
5875
5875
5850
5862
5850
5837
5825
5837
5850
5862
5875
5887
5875
5862
5850
5837
5837
5825
5812
5800
5787
5762
5775
5762
5750
5762
5750
5737
5725
5737
5725
5737
5725
5737
5725
5737
5725
5737
5750
5787
5800
5837
5887
5937
5962
6012
6037
6050
6062
6100
6125
6162
6200
6237
6275
6312
6375
6412
6450
6487
6500
6512
6525
6537
6525
6537
6525
6537
6525
6537
6525
6537
6525
6512
6500
6487
6487
6487
6487
6487
6487
6475
6462
6475
6462
6475
6462
6450
6437
6425
6387
6375
6362
6362
6362
6362
6362
6350
6325
6300
6300
6275
6262
6250
6237
6200
6187
6175
6175
6162
6175
6162
6150
6137
6125
6112
6100
6112
6100
6112
6100
6112
6125
6137
6125
6137
6125
6112
6100
6087
6075
6087
6075
6062
6075
6062
6050
6037
6050
6025
6037
6025
6037
6025
6025
6012
6000
5987
5975
5987
5975
5987
5975
5987
5975
5987
5975
5987
5975
5962
5950
5937
5925
5912
5925
5912
5925
5912
5925
5912
5925
5912
5900
5887
5900
5875
5875
5875
5875
5850
5862
5850
5862
5850
5862
5850
5862
5850
5875
5875
5900
5900
5925
5912
5925
5912
5925
5912
5900
5887
5875
5862
5850
5862
5875
5887
5875
5900
5900
5900
5900
5925
5912
5925
5912
5925
5912
5925
5912
5925
5937
5950
5962
6000
6037
6050
6087
6125
6137
6150
6200
6250
6300
6350
6400
6450
6475
6512
6550
6575
6600
6625
6650
6687
6712
6737
6762
6787
6787
6812
6837
6862
6875
6887
6912
6900
6912
6900
6912
6912
6925
6912
6925
6912
6900
6887
6900
6887
6900
6887
6875
6875
6875
6875
6875
6875
6862
6850
6837
6812
6812
6787
6787
6762
6750
6737
6725
6725
6700
6700
6675
6650
6625
6612
6600
6587
6600
6587
6600
6587
6600
6587
6600
6575
6587
6600
6612
6625
6650
6662
6650
6662
6650
6662
6650
6662
6650
6662
6650
6662
6650
6662
6650
6662
6650
6662
6650
6637
6625
6612
6612
6612
6612
6612
6612
6600
6587
6600
6587
6600
6587
6600
6587
6600
6612
6625
6637
6650
6662
6650
6662
6650
6637
6625
6637
6625
6612
6625
6637
6625
6637
6650
6662
6650
6662
6650
6662
6650
6662
6650
6662
6650
6662
6650
6662
6650
6662
6650
6637
6637
6637
6637
6637
6662
6650
6662
6650
6662
6637
6637
6637
6637
6637
6650
6662
6650
6662
6675
6687
6700
6725
6737
6762
6812
6862
6925
7012
7062
7125
7175
7237
7275
7337
7387
7437
7475
7512
7550
7562
7575
7562
7575
7562
7575
7550
7550
7525
7537
7525
7550
7550
7550
7537
7525
7512
7500
7487
7475
7462
7450
7437
7450
7437
7450
7437
7450
7437
7425
7412
7400
7362
7350
7337
7300
7287
7275
7237
7200
7187
7162
7125
7112
7100
7087
7075
7087
7075
7087
7075
7062
7050
7037
7025
7037
7050
7062
7075
7062
7050
7037
7025
7000
7012
7000
7012
7000
7000
6987
6975
6962
6950
6962
6950
6937
6925
6912
6900
6887
6900
6887
6900
6887
6875
6862
6850
6850
6837
6825
6812
6800
6775
6750
6750
6725
6725
6712
6725
6712
6725
6712
6725
6712
6725
6700
6700
6675
6675
6650
6625
6625
6612
6600
6587
6612
6587
6600
6587
6600
6587
6575
6575
6575
6575
6575
6575
6562
6550
6537
6550
6562
6537
6550
6537
6525
6537
6550
6562
6562
6562
6537
6550
6525
6537
6525
6537
6525
6537
6525
6512
6500
6487
6475
6462
6475
6462
6475
6462
6475
6462
6475
6462
6450
6437
6450
6437
6450
6462
6475
6487
6500
6512
6525
6537
6562
6587
6612
6662
6700
6737
6775
6825
6875
6900
6937
7000
7050
7100
7150
7187
7212
7237
7262
7287
7300
7312
7325
7312
7325
7312
7325
7312
7325
7312
7325
7312
7325
7312
7325
7312
7337
7337
7337
7337
7337
7325
7312
7300
7287
7275
7262
7250
7262
7250
7237
7225
7212
7187
7187
7162
7137
7112
7087
7050
7037
6987
6962
6962
6937
6912
6925
6912
6875
6862
6850
6837
6850
6850
6850
6850
6850
6825
6812
6800
6787
6775
6787
6800
6787
6800
6812
6800
6812
6825
6837
6825
6837
6812
6812
6787
6800
6787
6787
6762
6762
6725
6725
6712
6725
6712
6725
6712
6700
6700
6700
6675
6675
6662
6650
6637
6625
6625
6637
6612
6612
6612
6600
6587
6600
6587
6600
6587
6600
6587
6600
6587
6600
6575
6575
6550
6550
6525
6537
6525
6512
6500
6487
6450
6450
6450
6425
6425
6425
6412
6400
6412
6400
6412
6400
6412
6387
6400
6387
6400
6387
6412
6400
6412
6400
6412
6400
6412
6387
6387
6387
6387
6362
6350
6337
6325
6312
6325
6362
6400
6437
6475
6512
6562
6612
6662
6750
6850
6912
6975
7025
7075
7087
7125
7162
7175
7187
7200
7212
7200
7187
7175
7162
7125
7087
7075
7037
7000
6950
6925
6900
6875
6875
6875
6837
6775
6712
6650
6600
6575
6550
6525
6475
6437
6375
6337
6300
6250
6225
6200
6150
6112
6075
6012
5950
5912
5875
5837
5837
5837
5812
5812
5837
5825
5837
5875
5887
5875
5900
5900
5900
5925
5975
5987
6025
6037
6050
6037
6050
6037
6025
6012
6000
6000
6000
6000
6000
6000
5987
5975
5987
5975
5962
5950
5962
5950
5937
5925
5912
5875
5862
5837
5837
5837
5837
5837
5850
5862
5850
5862
5850
5862
5850
5862
5850
5862
5837
5837
5812
5825
5800
5812
5800
5812
5787
5800
5787
5800
5787
5800
5787
5800
5787
5800
5787
5800
5787
5800
5787
5800
5787
5800
5787
5800
5775
5787
5775
5787
5775
5800
5787
5800
5787
5800
5787
5775
5775
5775
5750
5750
5750
5737
5750
5750
5750
5750
5750
5725
5737
5725
5737
5725
5737
5725
5737
5725
5712
5700
5712
5700
5687
5700
5712
5725
5737
5775
5812
5850
5887
5925
5962
6000
6037
6050
6100
6150
6212
6250
6312
6362
6375
6387
6400
6412
6400
6412
6425
6425
6425
6425
6425
6400
6412
6400
6412
6400
6387
6375
6362
6350
6337
6350
6337
6350
6337
6350
6337
6350
6337
6350
6337
6350
6337
6325
6312
6300
6262
6250
6237
6200
6162
6150
6125
6112
6100
6087
6075
6087
6075
6087
6100
6112
6100
6112
6100
6112
6100
6087
6075
6062
6050
6037
6050
6037
6050
6037
6050
6037
6050
6037
6025
6012
6025
6012
6000
6012
6000
5987
5975
5987
5975
5962
5950
5937
5925
5912
5925
5900
5900
5900
5887
5875
5875
5875
5875
5887
5900
5912
5900
5887
5900
5887
5900
5912
5925
5912
5900
5887
5875
5862
5850
5862
5850
5862
5850
5862
5850
5862
5850
5862
5850
5862
5850
5862
5850
5862
5850
5862
5850
5862
5850
5837
5825
5812
5800
5787
5800
5787
5775
5762
5775
5762
5775
5787
5800
5787
5800
5775
5775
5775
5775
5750
5762
5750
5737
5725
5737
5750
5762
5775
5812
5825
5850
5900
5950
6000
6075
6125
6187
6262
6312
6362
6412
6437
6450
6487
6500
6487
6512
6512
6487
6487
6512
6500
6512
6525
6537
6550
6562
6550
6562
6550
6537
6512
6512
6487
6487
6462
6450
6437
6425
6412
6400
6387
6375
6362
6325
6312
6300
6287
6262
6262
6237
6237
6212
6200
6187
6200
6187
6175
6187
6175
6175
6150
6150
6125
6125
6100
6112
6100
6112
6100
6112
6100
6112
6100
6112
6100
6112
6100
6087
6075
6062
6050
6037
6025
6012
6000
5987
5975
5962
5950
5937
5925
5912
5925
5912
5925
5912
5925
5912
5925
5912
5925
5912
5925
5912
5925
5912
5900
5887
5900
5887
5900
5900
5900
5875
5887
5862
5875
5862
5875
5850
5862
5850
5862
5850
5862
5850
5862
5850
5862
5850
5862
5850
5862
5850
5862
5850
5862
5850
5837
5825
5812
5800
5787
5800
5787
5800
5787
5800
5787
5800
5787
5800
5787
5800
5787
5800
5787
5800
5787
5800
5787
5800
5812
5850
5887
5962
6012
6062
6112
6150
6187
6225
6275
6300
6325
6362
6400
6425
6450
6487
6487
6512
6537
6562
6575
6587
6600
6587
6600
6587
6575
6562
6575
6562
6575
6587
6600
6587
6600
6587
6600
6575
6587
6562
6562
6537
6550
6525
6537
6525
6537
6525
6512
6500
6487
6475
6462
6450
6412
6375
6337
6300
6262
6225
6212
6175
6175
6162
6175
6162
6175
6162
6175
6162
6175
6162
6175
6162
6175
6162
6175
6162
6175
6162
6175
6162
6175
6162
6150
6137
6125
6112
6100
6112
6100
6112
6100
6112
6100
6112
6100
6087
6075
6062
6050
6037
6050
6037
6050
6037
6050
6037
6025
6012
6000
5987
5975
5987
5975
5987
5975
5987
5975
5987
5975
5987
5975
5987
5975
5962
5950
5962
5950
5937
5950
5937
5925
5912
5925
5912
5925
5937
5950
5937
5950
5937
5925
5912
5925
5912
5900
5887
5875
5862
5850
5862
5850
5862
5850
5862
5875
5887
5875
5900
5900
5900
5900
5925
5912
5900
5900
5900
5900
5900
5925
5937
5950
5962
5975
5987
6000
6012
6037
6087
6125
6175
6250
6287
6325
6362
6375
6387
6425
6462
6475
6512
6550
6562
6575
6612
6625
6637
6650
6637
6625
6637
6612
6612
6612
6612
6587
6600
6587
6600
6587
6575
6562
6550
6537
6525
6537
6512
6512
6487
6462
6437
6425
6412
6400
6387
6350
6337
6287
6262
6237
6212
6187
6175
6175
6162
6150
6137
6150
6137
6125
6137
6150
6137
6150
6162
6175
6162
6150
6137
6150
6137
6125
6137
6125
6112
6100
6087
6075
6062
6050
6037
6012
6000
5987
5975
5962
5987
5975
5987
5975
5987
5975
5987
5975
5987
5975
5987
5975
5987
5975
5962
5950
5937
5925
5912
5925
5912
5925
5912
5925
5912
5925
5912
5925
5912
5925
5912
5900
5887
5875
5862
5850
5862
5850
5862
5850
5862
5850
5862
5850
5862
5850
5862
5850
5862
5850
5862
5837
5850
5837
5825
5812
5812
5775
5762
5775
5762
5775
5812
5850
5862
5900
5937
5975
6012
6075
6125
6187
6250
6312
6375
6437
6475
6512
6525
6537
6550
6562
6550
6562
6550
6550
6537
6562
6562
6562
6550
6550
6537
6525
6512
6500
6487
6475
6462
6475
6462
6475
6462
6475
6462
6450
6437
6425
6412
6400
6412
6400
6387
6375
6362
6325
6287
6275
6237
6200
6187
6175
6175
6162
6175
6162
6150
6137
6125
6112
6125
6137
6125
6137
6125
6112
6100
6112
6100
6112
6100
6112
6100
6112
6100
6112
6100
6087
6075
6062
6050
6037
6050
6037
6025
6012
6025
6012
6000
6012
6025
6012
6000
6012
6025
6012
6000
6012
6000
5987
5975
5987
5975
5987
6000
6012
6000
6012
6000
5987
5975
5962
5950
5937
5925
5912
5925
5912
5925
5937
5950
5962
5975
5987
5975
5962
5950
5937
5925
5937
5950
5937
5950
5937
5925
5912
5925
5912
5900
5900
5887
5875
5862
5875
5850
5875
5862
5875
5862
5875
5850
5862
5850
5862
5850
5837
5825
5812
5800
5812
5850
5862
5900
5937
5975
6012
6050
6087
6125
6175
6200
6250
6300
6337
6350
6387
6425
6437
6450
6487
6500
6512
6525
6537
6550
6562
6550
6562
6575
6562
6575
6575
6575
6550
6550
6525
6537
6512
6525
6500
6500
6475
6487
6462
6475
6462
6475
6462
6475
6462
6450
6437
6425
6412
6400
6412
6400
6412
6400
6412
6400
6387
6375
6362
6350
6325
6325
6300
6300
6262
6262
6237
6237
6212
6225
6212
6200
6187
6175
6175
6162
6175
6162
6175
6175
6175
6175
6175
6175
6162
6175
6150
6162
6150
6162
6150
6175
6162
6175
6150
6150
6150
6150
6125
6137
6125
6112
6100
6087
6075
6062
6050
6037
6050
6037
6025
6012
6000
5987
5975
5987
5975
5962
5950
5962
5950
5962
5962
5962
5937
5937
5937
5950
5937
5950
5937
5925
5912
5925
5912
5925
5912
5900
5887
5875
5862
5850
5837
5825
5837
5825
5837
5850
5862
5850
5862
5875
5887
5875
5887
5875
5862
5850
5862
5850
5862
5850
5862
5850
5862
5850
5862
5850
5862
5850
5862
5850
5837
5837
5837
5812
5812
5812
5800
5787
5800
5787
5800
5812
5825
5812
5825
5812
5800
5787
5800
5812
5850
5862
5900
5912
5950
5962
6000
6037
6100
6112
6150
6175
6225
6250
6300
6325
6362
6387
6412
6437
6487
6500
6512
6525
6550
6550
6550
6550
6575
6562
6575
6587
6575
6562
6550
6537
6525
6537
6525
6537
6525
6537
6525
6537
6525
6537
6525
6512
6500
6487
6475
6462
6450
6412
6400
6362
6325
6312
6300
6287
6275
6287
6262
6262
6237
6237
6212
6225
6200
6200
6175
6175
6162
6175
6162
6175
6162
6175
6162
6175
6150
6150
6125
6125
6125
6137
6150
6162
6150
6137
6150
6125
6125
6125
6125
6100
6112
6100
6112
6100
6087
6075
6062
6050
6037
6050
6037
6025
6012
6000
6000
6000
6000
6000
6000
5987
5975
5987
5975
5987
5975
5987
5975
5962
5950
5937
5925
5912
5925
5912
5925
5912
5900
5887
5900
5887
5875
5887
5875
5862
5850
5862
5850
5862
5850
5862
5850
5862
5850
5862
5850
5862
5837
5850
5837
5825
5812
5837
5825
5837
5850
5862
5850
5862
5850
5837
5825
5812
5800
5787
5800
5787
5800
5787
5800
5787
5775
5762
5750
5737
5725
5737
5725
5737
5750
5787
5800
5850
5875
5900
5925
5975
6012
6075
6125
6187
6225
6262
6300
6337
6375
6450
6487
6525
6537
6562
6550
6550
6550
6575
6562
6550
6562
6575
6562
6575
6587
6600
6587
6600
6587
6600
6587
6600
6587
6575
6562
6550
6537
6525
6537
6525
6537
6525
6537
6525
6537
6525
6512
6500
6487
6475
6450
6425
6400
6375
6325
6312
6300
6262
6225
6212
6175
6175
6150
6150
6125
6125
6100
6125
6125
6125
6125
6150
6137
6150
6162
6175
6162
6175
6150
6150
6125
6125
6100
6112
6087
6087
6062
6062
6037
6050
6062
6075
6062
6050
6037
6000
5987
5975
5962
5962
5962
5962
5962
5987
5975
5987
5975
5987
5975
5962
5950
5937
5925
5912
5925
5912
5925
5912
5925
5912
5925
5912
5925
5900
5900
5900
5900
5875
5887
5875
5862
5850
5862
5850
5837
5825
5837
5850
5862
5862
5862
5837
5812
5812
5825
5837
5837
5837
5837
5837
5812
5825
5812
5800
5787
5800
5787
5800
5787
5775
5762
5750
5737
5750
5762
5775
5787
5775
5762
5750
5712
5700
5712
5700
5725
5750
5775
5800
5850
5887
5950
5987
6025
6062
6075
6100
6137
6162
6187
6237
6250
6275
6300
6325
6325
6350
6362
6362
6362
6387
6412
6412
6425
6437
6450
6437
6425
6437
6450
6437
6425
6437
6425
6412
6400
6412
6400
6412
6400
6412
6400
6412
6400
6387
6375
6362
6350
6337
6350
6337
6350
6325
6325
6300
6275
6225
6212
6175
6175
6162
6150
6137
6125
6112
6100
6112
6100
6112
6100
6112
6100
6112
6100
6112
6100
6087
6087
6087
6062
6062
6062
6050
6037
6062
6062
6062
6062
6062
6050
6037
6025
6012
6000
5987
5975
5962
5950
5937
5900
5887
5900
5887
5875
5887
5875
5862
5850
5862
5850
5862
5850
5862
5850
5862
5850
5862
5850
5862
5875
5887
5875
5887
5875
5875
5875
5875
5875
5875
5862
5850
5837
5837
5825
5812
5800
5812
5787
5800
5787
5800
5787
5800
5787
5800
5787
5800
5787
5800
5787
5800
5787
5800
5812
5825
5837
5850
5862
5850
5862
5850
5862
5850
5862
5837
5837
5800
5787
5750
5750
5725
5737
5725
5737
5725
5737
5725
5737
5725
5737
5725
5737
5725
5737
5725
5712
5700
5712
5700
5712
5725
5712
5700
5687
5687
5687
5700
5712
5750
5750
5775
5800
5837
5875
5925
5962
6000
6037
6050
6087
6112
6162
6187
6250
6287
6325
6350
6375
6387
6400
6412
6425
6437
6450
6462
6475
6462
6475
6487
6500
6487
6500
6487
6475
6462
6475
6462
6475
6462
6475
6462
6450
6437
6425
6387
6387
6375
6362
6350
6362
6337
6350
6337
6350
6337
6325
6287
6275
6237
6225
6212
6200
6187
6175
6175
6162
6150
6137
6125
6112
6100
6112
6087
6087
6087
6087
6062
6075
6062
6050
6037
6050
6037
6050
6037
6050
6037
6050
6037
6025
6025
6025
6000
6000
6000
5987
5962
5962
5962
5962
5962
5975
5962
5950
5937
5900
5862
5850
5837
5825
5837
5850
5862
5850
5862
5850
5862
5850
5837
5825
5812
5800
5812
5825
5812
5825
5837
5825
5812
5825
5812
5800
5787
5800
5787
5800
5787
5800
5787
5800
5787
5800
5787
5800
5787
5775
5762
5775
5762
5775
5787
5800
5787
5800
5787
5800
5787
5800
5787
5775
5775
5775
5750
5750
5775
5762
5750
5762
5750
5737
5750
5762
5750
5762
5750
5737
5725
5737
5725
5737
5750
5762
5775
5825
5850
5875
5900
5937
5962
5987
6025
6062
6087
6112
6150
6162
6212
6237
6262
6287
6337
6375
6412
6425
6437
6450
6437
6425
6437
6450
6437
6425
6437
6425
6412
6400
6412
6400
6412
6400
6387
6387
6387
6362
6362
6362
6325
6312
6300
6262
6250
6237
6225
6212
6200
6187
6175
6175
6162
6150
6112
6112
6087
6062
6062
6062
6050
6037
6050
6037
6050
6037
6025
6025
6025
6025
6025
6025
6012
6025
6012
6000
6012
6000
5987
5975
5987
5975
5987
5975
5987
6000
6000
5975
5975
5950
5925
5912
5925
5912
5900
5887
5900
5887
5875
5887
5875
5862
5850
5862
5850
5862
5850
5862
5850
5862
5850
5862
5837
5837
5812
5812
5787
5800
5787
5812
5800
5812
5800
5812
5775
5787
5775
5762
5750
5775
5762
5775
5787
5775
5762
5775
5762
5775
5787
5775
5762
5775
5762
5750
5762
5750
5737
5725
5712
5700
5712
5700
5712
5725
5712
5712
5712
5712
5712
5737
5725
5737
5750
5762
5775
5812
5850
5887
5950
5987
6037
6087
6125
6175
6262
6312
6362
6412
6462
6500
6562
6625
6662
6700
6712
6725
6712
6725
6712
6725
6712
6725
6712
6700
6687
6675
6662
6650
6662
6650
6637
6625
6612
6600
6587
6575
6562
6575
6562
6550
6562
6550
6512
6500
6487
6475
6462
6450
6412
6400
6362
6325
6312
6287
6275
6262
6275
6262
6287
6262
6275
6262
6275
6262
6262
6250
6237
6225
6212
6225
6212
6200
6187
6175
6175
6175
6200
6200
6225
6212
6225
6212
6225
6212
6225
6212
6225
6212
6200
6187
6200
6187
6175
6187
6200
6187
6200
6212
6225
6212
6225
6212
6225
6212
6200
6187
6175
6175
6175
6187
6200
6200
6212
6200
6187
6175
6200
6187
6175
6187
6200
6187
6200
6212
6225
6212
6225
6212
6225
6200
6212
6200
6187
6175
6175
6175
6162
6175
6150
6150
6150
6150
6150
6150
6162
6150
6137
6125
6125
6112
6100
6075
6075
6075
6075
6075
6112
6125
6150
6187
6250
6312
6350
6387
6425
6475
6500
6562
6625
6675
6700
6750
6787
6825
6837
6850
6875
6900
6900
6925
6950
6962
6975
6987
7000
7000
7012
6987
6987
6962
6987
6975
6975
6975
6975
6962
6950
6962
6950
6962
6950
6962
6950
6962
6950
6962
6950
6962
6950
6962
6950
6962
6950
6962
6937
6937
6912
6912
6887
6875
6837
6825
6775
6750
6725
6700
6687
6675
6637
6625
6612
6600
6612
6625
6612
6625
6612
6600
6612
6625
6612
6625
6612
6575
6562
6550
6537
6512
6512
6487
6462
6437
6450
6437
6450
6450
6450
6425
6425
6400
6412
6387
6400
6387
6375
6362
6362
6325
6312
6325
6312
6325
6337
6350
6337
6325
6312
6325
6312
6300
6312
6300
6287
6275
6287
6300
6300
6300
6287
6275
6237
6237
6212
6225
6212
6225
6212
6200
6187
6200
6187
6175
6200
6200
6175
6175
6200
6187
6175
6187
6200
6187
6175
6187
6175
6175
6162
6175
6162
6175
6162
6175
6162
6150
6137
6125
6112
6100
6112
6100
6112
6100
6087
6075
6062
6050
6037
6050
6037
6050
6062
6100
6150
6212
6275
6350
6400
6425
6475
6525
6562
6600
6650
6675
6700
6712
6762
6775
6787
6800
6812
6800
6812
6825
6850
6837
6850
6862
6875
6875
6912
6912
6912
6912
6925
6912
6912
6912
6900
6875
6875
6875
6875
6887
6862
6850
6862
6850
6825
6850
6837
6800
6787
6787
6775
6750
6725
6712
6687
6650
6637
6625
6575
6537
6525
6487
6475
6462
6475
6462
6450
6437
6425
6412
6400
6412
6400
6412
6400
6412
6400
6412
6400
6387
6375
6362
6350
6337
6325
6312
6300
6287
6275
6287
6275
6287
6275
6287
6275
6262
6250
6237
6225
6212
6225
6212
6225
6212
6225
6212
6200
6187
6175
6175
6162
6150
6137
6150
6137
6125
6137
6125
6112
6100
6125
6112
6125
6137
6150
6125
6137
6150
6125
6137
6150
6162
6150
6175
6162
6175
6162
6175
6162
6150
6137
6150
6137
6125
6137
6150
6137
6150
6150
6150
6125
6125
6100
6112
6100
6112
6087
6087
6087
6087
6087
6100
6112
6100
6112
6125
6150
6162
6200
6212
6237
6275
6312
6350
6412
6462
6500
6562
6625
6675
6712
6762
6787
6812
6837
6862
6875
6887
6912
6912
6912
6912
6912
6900
6887
6875
6862
6850
6837
6825
6837
6812
6825
6800
6800
6775
6787
6762
6787
6787
6812
6812
6800
6787
6775
6762
6750
6750
6737
6725
6725
6712
6687
6662
6637
6612
6575
6575
6550
6550
6525
6512
6500
6487
6475
6462
6475
6462
6475
6462
6450
6437
6450
6425
6425
6425
6425
6400
6412
6400
6387
6375
6362
6350
6337
6350
6337
6350
6337
6350
6337
6325
6312
6325
6312
6325
6337
6325
6312
6300
6287
6275
6300
6300
6300
6300
6300
6287
6275
6262
6250
6237
6225
6212
6225
6212
6225
6212
6225
6212
6225
6212
6225
6237
6250
6262
6275
6287
6275
6287
6275
6287
6275
6262
6250
6237
6225
6212
6225
6212
6200
6187
6200
6187
6200
6212
6225
6200
6200
6175
6175
6162
6175
6162
6175
6187
6200
6175
6187
6175
6175
6162
6175
6162
6175
6162
6175
6162
6175
6175
6212
6250
6312
6350
6387
6400
6412
6437
6487
6537
6612
6687
6737
6787
6837
6887
6900
6937
6987
7012
7012
7037
7037
7025
7037
7050
7062
7075
7087
7062
7062
7037
7037
7012
7025
7012
7025
7012
7000
6987
6975
6962
6975
6987
7000
7012
7000
6987
6975
6962
6950
6937
6925
6912
6875
6837
6800
6762
6725
6725
6700
6700
6662
6650
6612
6612
6587
6600
6587
6575
6562
6550
6537
6525
6537
6550
6562
6550
6562
6575
6562
6575
6575
6575
6550
6562
6537
6550
6537
6550
6525
6537
6525
6537
6525
6512
6500
6487
6450
6450
6450
6450
6450
6475
6450
6450
6425
6425
6400
6412
6387
6400
6387
6400
6387
6412
6400
6387
6375
6362
6325
6325
6325
6300
6300
6300
6287
6300
6312
6287
6287
6262
6250
6237
6237
6237
6237
6225
6237
6250
6237
6250
6237
6225
6212
6225
6212
6225
6212
6225
6212
6225
6212
6225
6212
6200
6200
6187
6175
6162
6175
6162
6175
6162
6150
6137
6125
6112
6100
6112
6100
6112
6100
6112
6100
6112
6100
6087
6075
6087
6075
6062
6087
6112
6112
6137
6175
6187
6200
6237
6287
6312
6362
6412
6437
6450
6487
6525
6562
6625
6662
6700
6712
6725
6750
6800
6825
6875
6912
6925
6937
6950
6962
6975
6987
7000
7037
7037
7037
7062
7062
7062
7075
7062
7050
7037
7025
7012
7025
7012
7000
6987
6975
6962
6950
6962
6950
6937
6925
6912
6900
6887
6875
6825
6812
6775
6737
6737
6750
6725
6700
6700
6675
6637
6625
6612
6575
6562
6550
6537
6525
6537
6525
6550
6550
6550
6550
6550
6537
6550
6562
6550
6562
6550
6537
6525
6537
6525
6512
6500
6487
6487
6487
6487
6487
6487
6475
6462
6475
6462
6475
6462
6475
6462
6475
6462
6450
6437
6425
6412
6400
6412
6400
6412
6400
6412
6425
6437
6425
6412
6400
6362
6350
6337
6325
6325
6325
6325
6325
6325
6312
6300
6287
6300
6312
6300
6312
6300
6287
6275
6287
6275
6287
6275
6287
6300
6300
6300
6300
6312
6287
6300
6287
6300
6275
6287
6275
6300
6287
6300
6287
6300
6275
6262
6250
6237
6200
6212
6212
6212
6212
6237
6212
6225
6212
6225
6212
6225
6212
6200
6187
6200
6187
6175
6187
6175
6175
6162
6175
6162
6175
6162
6175
6175
6187
6200
6212
6225
6237
6275
6312
6387
6462
6537
6612
6675
6712
6750
6800
6825
6850
6900
6925
6937
6975
7012
7025
7062
7075
7087
7100
7112
7125
7137
7150
7137
7150
7162
7175
7187
7200
7212
7200
7212
7200
7212
7200
7212
7200
7212
7187
7187
7162
7162
7137
7150
7137
7125
7087
7075
7037
7025
7012
7000
6962
6950
6912
6900
6887
6875
6862
6850
6837
6825
6812
6800
6787
6775
6762
6775
6762
6775
6762
6775
6750
6750
6750
6750
6725
6737
6712
6700
6700
6700
6675
6687
6675
6662
6650
6662
6637
6637
6612
6612
6587
6600
6575
6575
6575
6575
6550
6562
6550
6537
6525
6512
6500
6487
6475
6462
6475
6462
6450
6437
6450
6425
6425
6425
6425
6425
6437
6450
6462
6450
6450
6437
6425
6412
6437
6412
6425
6412
6425
6400
6412
6400
6412
6400
6387
6375
6362
6350
6337
6350
6337
6350
6337
6350
6337
6350
6337
6350
6337
6325
6312
6300
6287
6275
6287
6275
6287
6275
6287
6275
6287
6275
6287
6275
6262
6250
6262
6250
6237
6250
6237
6237
6225
6250
6250
6275
6262
6287
6300
6337
6375
6412
6450
6500
6525
6550
6600
6625
6637
6675
6700
6737
6800
6825
6862
6900
6937
6950
7000
7012
7025
7037
7050
7062
7100
7112
7125
7137
7150
7137
7150
7137
7150
7137
7150
7137
7150
7137
7150
7137
7150
7137
7125
7125
7125
7125
7125
7150
7137
7125
7112
7100
7062
7025
6987
6950
6912
6900
6887
6875
6837
6825
6812
6800
6787
6800
6787
6750
6737
6750
6737
6750
6762
6750
6737
6750
6737
6750
6750
6750
6750
6750
6725
6737
6750
6737
6725
6712
6700
6700
6687
6675
6687
6675
6662
6650
6662
6650
6662
6650
6662
6650
6637
6625
6637
6625
6637
6650
6662
6650
6662
6650
6662
6650
6662
6650
6662
6650
6662
6650
6662
6650
6637
6625
6612
6612
6612
6612
6612
6612
6612
6600
6612
6600
6612
6587
6600
6587
6612
6600
6612
6600
6612
6587
6600
6587
6600
6587
6600
6587
6600
6587
6600
6587
6600
6587
6575
6562
6550
6537
6525
6537
6525
6512
6512
6512
6512
6512
6512
6500
6512
6525
6575
6625
6675
6700
6725
6725
6762
6800
6862
6900
6937
6975
7012
7050
7112
7175
7250
7300
7350
7375
7387
7375
7400
7387
7400
7387
7400
7375
7387
7375
7387
7375
7362
7350
7362
7350
7337
7350
7337
7325
7312
7300
7287
7275
7262
7250
7262
7250
7262
7250
7262
7250
7262
7237
7237
7212
7212
7212
7225
7200
7200
7175
7162
7137
7125
7087
