t = 60.000000, p = 462.000000
15500
15512
15500
15512
15500
15487
15450
15437
15400
15387
15375
15362
15350
15337
15325
15312
15325
15337
15375
15387
15425
15462
15500
15525
15562
15600
15612
15625
15612
15625
15612
15600
15562
15525
15475
15412
15375
15337
15325
15312
15300
15287
15300
15275
15275
15275
15275
15250
15262
15250
15262
15250
15262
15250
15262
15275
15287
15300
15312
15325
15312
15300
15262
15250
15212
15200
15187
15175
15162
15175
15162
15175
15212
15250
15262
15300
15312
15300
15287
15275
15237
15200
15162
15125
15087
15075
15062
15075
15087
15125
15125
15162
15175
15187
15175
15175
15137
15100
15037
15000
14975
14962
14950
14962
14975
14987
15000
15025
15037
15050
15062
15075
15062
15075
15087
15087
15087
15087
15062
15037
15025
15025
15025
15037
15050
15062
15075
15062
15075
15062
15050
15012
14975
14925
14862
14825
14787
14775
14762
14775
14787
14825
14862
14925
14975
15037
15100
15162
15225
15287
15350
15412
15475
15525
15587
15650
15712
15775
15837
15875
15912
15950
15962
15975
15987
16012
16012
16037
16037
16062
16037
16037
16012
15987
15962
15950
15937
15925
15937
15950
15962
15975
15987
16000
15987
15975
15962
15950
15937
15912
15912
15887
15887
15862
15875
15862
15875
15887
15900
15887
15900
15887
15875
15862
15875
15850
15850
15825
15825
15800
15825
15825
15825
15825
15825
15812
15800
15787
15750
15737
15700
15662
15625
15587
15550
15525
15487
15475
15462
15425
15412
15400
15387
15375
15387
15375
15387
15375
15387
15375
15362
15362
15362
15362
15362
15387
15375
15362
15350
15337
15325
15312
15337
15337
15362
15362
15387
15400
15437
15450
15462
15475
15462
15425
15412
15400
15362
15325
15312
15275
15237
15225
15237
15250
15262
15300
15312
15325
15312
15337
15337
15337
15337
15337
15325
15337
15350
15337
15350
15337
15325
15312
15300
15287
15300
15287
15300
15312
15325
15312
15325
15312
15300
15287
15275
15262
15275
15287
15300
15312
15325
15337
15350
15362
15375
15387
15400
15412
15425
15462
15500
15525
15575
15625
15675
15712
15775
15837
15900
15937
15987
16050
16112
16150
16212
16250
16287
16325
16362
16412
16437
16462
16462
16487
16475
16487
16500
16512
16537
16562
16587
16600
16625
16612
16625
16637
16625
16637
16675
16687
16700
16737
16750
16762
16775
16762
16750
16737
16700
16662
16625
16587
16562
16525
16487
16450
16387
16325
16262
16225
16187
16150
16112
16112
16087
16087
16087
16112
16100
16112
16125
16137
16150
16162
16175
16162
16150
16137
16125
16087
16050
16012
15987
15950
15937
15925
15912
15900
15887
15875
15850
15850
15825
15825
15800
15787
15775
15762
15750
15737
15725
15712
15700
15687
15700
15700
15700
15700
15675
15650
15637
15600
15587
15575
15575
15562
15550
15537
15525
15512
15500
15487
15450
15437
15400
15387
15375
15387
15375
15387
15375
15387
15375
15387
15375
15362
15350
15337
15300
15287
15275
15237
15225
15212
15175
15162
15150
15112
15100
15087
15075
15062
15075
15087
15100
15112
15125
15112
15100
15087
15075
15062
15050
15037
15025
15025
15012
15025
15012
15025
15025
15062
15100
15137
15175
15212
15225
15237
15250
15262
15250
15262
15250
15262
15275
15312
15350
15412
15475
15537
15612
15687
15762
15837
15900
15962
16012
16050
16087
16125
16162
16175
16225
16250
16250
16250
16275
16262
16250
16262
16250
16237
16250
16287
16325
16387
16450
16487
16500
16512
16500
16462
16450
16437
16400
16362
16325
16287
16250
16212
16200
16187
16150
16137
16125
16087
16087
16087
16087
16087
16112
16100
16112
16100
16112
16100
16087
16075
16062
16062
16050
16062
16050
16037
16025
16012
16000
15987
15975
15962
15950
15912
15900
15887
15850
15812
15775
15712
15675
15662
15650
15662
15700
15737
15737
15762
15762
15762
15737
15725
15687
15675
15637
15600
15587
15575
15550
15537
15550
15537
15550
15575
15587
15612
15637
15662
15662
15662
15650
15637
15625
15612
15600
15562
15525
15500
15462
15450
15462
15475
15487
15500
15487
15475
15462
15425
15412
15400
15362
15350
15337
15325
15312
15300
15287
15275
15262
15250
15262
15237
15250
15237
15250
15262
15287
15300
15312
15325
15312
15300
15287
15275
15237
15225
15212
15200
15187
15175
15162
15175
15187
15225
15287
15350
15412
15475
15525
15587
15662
15737
15812
15887
15962
16012
16075
16112
16150
16162
16187
16212
16237
16237
16237
16187
16137
16087
16037
16000
15987
15950
15937
15925
15937
15925
15950
15950
15975
15975
16000
16012
16025
16012
16000
15962
15900
15837
15775
15712
15675
15637
15625
15612
15625
15637
15675
15687
15725
15737
15750
15762
15775
15762
15750
15737
15700
15662
15625
15587
15550
15525
15487
15475
15462
15425
15412
15400
15387
15400
15412
15400
15387
15375
15362
15350
15337
15350
15337
15325
15300
15300
15300
15300
15300
15312
15325
15312
15325
15312
15325
15312
15325
15312
15325
15312
15325
15312
15325
15312
15300
15287
15275
15262
15250
15262
15250
15237
15225
15237
15225
15237
15250
15262
15250
15262
15250
15237
15200
15162
15125
15087
15075
15062
15075
15062
15075
15062
15075
15062
15075
15062
15050
15037
15025
15025
15012
15025
15012
15025
15012
15025
15012
15025
15012
15025
15025
15037
15050
15062
15075
15062
15075
15062
15050
15012
15000
14975
14937
14925
14900
14887
14900
14937
14962
15037
15100
15162
15237
15312
15400
15475
15562
15637
15712
15775
15837
15900
15962
16000
16037
16062
16087
16087
16112
16100
16112
16100
16112
16087
16087
16050
16050
16037
16050
16025
16037
16012
16012
15987
15975
15962
15950
15937
15950
15962
15975
15987
16000
15987
16000
16012
16025
16037
16050
16037
16000
15962
15925
15887
15850
15812
15762
15712
15662
15637
15612
15625
15612
15625
15612
15625
15637
15650
15662
15675
15662
15650
15637
15600
15562
15550
15525
15487
15475
15462
15425
15412
15400
15362
15350
15337
15300
15262
15250
15212
15175
15162
15150
15137
15125
15137
15125
15112
15100
15087
15075
15062
15075
15062
15050
15037
15025
15000
14987
14975
14962
14950
14962
14950
14962
14950
14962
14950
14962
14950
14962
14950
14962
14950
14962
14950
14937
14900
14887
14850
14812
14800
14787
14750
14737
14750
14737
14750
14762
14750
14737
14725
14687
14650
14637
14600
14562
14550
14537
14512
14500
14512
14512
14525
14562
14600
14612
14600
14612
14600
14562
14550
14537
14500
14450
14425
14400
14375
14362
14375
14362
14350
14362
14375
14362
14375
14387
14375
14387
14425
14462
14487
14550
14612
14675
14737
14800
14862
14925
14975
15050
15125
15200
15275
15350
15412
15475
15525
15587
15625
15662
15675
15687
15675
15662
15650
15637
15625
15650
15662
15675
15712
15725
15725
15737
15762
15762
15787
15787
15812
15825
15837
15850
15862
15875
15862
15850
15837
15825
15787
15750
15712
15675
15637
15625
15612
15600
15562
15525
15500
15450
15437
15425
15412
15400
15400
15387
15400
15412
15437
15462
15487
15487
15512
15500
15487
15475
15462
15450
15437
15450
15437
15450
15437
15450
15437
15450
15437
15450
15437
15425
15412
15400
15362
15325
15312
15275
15237
15225
15212
15200
15187
15200
15187
15200
15187
15200
15187
15200
15187
15200
15212
15225
15237
15250
15262
15250
15262
15250
15262
15250
15262
15275
15275
15275
15275
15250
15225
15237
15225
15212
15225
15212
15175
15137
15125
15087
15075
15087
15100
15112
15150
15162
15175
15187
15212
15212
15237
15237
15262
15275
15287
15275
15262
15225
15187
15150
15112
15100
15087
15075
15062
15075
15087
15100
15112
15150
15162
15175
15212
15225
15212
15225
15212
15175
15162
15150
15137
15125
15137
15150
15187
15225
15287
15350
15412
15475
15525
15587
15650
15712
15775
15837
15900
15962
16025
16100
16150
16200
16225
16237
16225
16237
16250
16262
16275
16312
16325
16312
16325
16337
16325
16312
16325
16312
16300
16287
16300
16287
16300
16312
16325
16337
16375
16412
16425
16462
16475
16462
16425
16387
16325
16262
16200
16137
16075
16012
15962
15900
15862
15850
15825
15837
15850
15862
15875
15900
15912
15950
15962
15975
15987
15975
15937
15900
15862
15825
15787
15775
15762
15750
15737
15750
15737
15750
15737
15750
15737
15750
15725
15725
15700
15700
15675
15687
15662
15637
15612
15575
15550
15525
15525
15500
15512
15500
15512
15500
15512
15500
15512
15500
15512
15500
15512
15500
15512
15500
15487
15475
15487
15475
15487
15525
15537
15550
15562
15575
15562
15575
15562
15550
15512
15475
15412
15375
15325
15300
15262
15250
15200
15187
15150
15125
15100
15087
15075
15062
15075
15062
15075
15062
15075
15062
15050
15037
15025
15025
15012
15025
15025
15025
15025
15050
15037
15050
15062
15075
15062
15075
15050
15050
15025
15000
14987
14975
14962
14950
14962
14975
15000
15037
15100
15162
15225
15287
15350
15412
15475
15525
15587
15650
15712
15775
15837
15900
15962
16012
16075
16112
16150
16162
16175
16187
16200
16187
16200
16187
16150
16137
16150
16137
16150
16162
16175
16187
16200
16212
16250
16262
16275
16287
16300
16287
16275
16237
16225
16187
16137
16087
16062
16000
15975
15950
15925
15900
15887
15875
15887
15925
15937
15975
16012
16037
16050
16087
16100
16087
16075
16062
16037
16000
15962
15925
15887
15850
15837
15825
15812
15800
15812
15800
15787
15750
15737
15700
15662
15625
15612
15575
15550
15512
15500
15462
15450
15437
15450
15462
15475
15487
15500
15525
15525
15525
15537
15550
15550
15550
15575
15562
15575
15562
15550
15537
15525
15487
15475
15462
15425
15412
15400
15362
15350
15337
15325
15300
15300
15300
15287
15275
15275
15275
15250
15237
15200
15187
15150
15112
15100
15087
15075
15087
15100
15112
15150
15162
15175
15187
15175
15162
15150
15137
15112
15112
15087
15087
15062
15075
15062
15050
15012
14975
14962
14937
14912
14912
14912
14900
14887
14900
14887
14875
14862
14875
14887
14900
14937
14975
15037
15100
15187
15275
15350
15412
15475
15550
15625
15700
15775
15837
15900
15962
16012
16075
16137
16175
16212
16225
16237
16225
16237
16225
16212
16200
16187
16150
16137
16125
16112
16100
16112
16100
16112
16125
16162
16200
16262
16300
16350
16400
16450
16500
16550
16587
16612
16625
16637
16687
16712
16712
16712
16712
16675
16637
16600
16562
16512
16450
16412
16362
16337
16337
16337
16312
16325
16337
16325
16337
16375
16387
16400
16412
16400
16400
16400
16400
16400
16400
16387
16375
16362
16350
16362
16350
16362
16350
16337
16325
16312
16275
16262
16250
16212
16200
16212
16200
16212
16225
16237
16225
16237
16250
16262
16275
16287
16300
16287
16275
16237
16225
16187
16150
16137
16125
16087
16075
16062
16062
16050
16062
16062
16075
16062
16075
16062
16062
16050
16037
16025
16012
16000
15987
15975
15962
15950
15937
15925
15937
15925
15937
15925
15937
15925
15912
15875
15837
15812
15787
15762
15762
15762
15750
15737
15750
15737
15750
15737
15750
15762
15775
15762
15775
15762
15750
15737
15725
15712
15700
15662
15650
15637
15600
15587
15575
15550
15537
15525
15512
15500
15512
15500
15512
15500
15512
15525
15550
15587
15650
15712
15775
15850
15925
16012
16100
16187
16262
16325
16387
16450
16512
16562
16600
16637
16650
16662
16650
16637
16600
16562
16512
16475
16437
16425
16400
16400
16400
16425
16425
16462
16500
16537
16562
16600
16637
16675
16687
16675
16662
16625
16587
16550
16525
16500
16462
16400
16350
16300
16250
16212
16200
16187
16175
16162
16175
16162
16175
16162
16175
16162
16175
16187
16200
16212
16225
16237
16225
16237
16225
16212
16200
16187
16175
16162
16175
16162
16150
16137
16112
16087
16062
16062
16050
16037
16025
16012
16000
15987
16000
15987
15975
15962
15950
15937
15925
15912
15900
15887
15875
15862
15850
15837
15825
15787
15775
15762
15750
15762
15762
15762
15787
15787
15787
15800
15812
15800
15787
15750
15712
15675
15637
15600
15587
15575
15575
15562
15575
15562
15575
15562
15575
15562
15550
15537
15525
15512
15500
15512
15500
15487
15475
15462
15462
15462
15462
15462
15462
15425
15412
15400
15387
15375
15362
15350
15337
15325
15312
15325
15312
15300
15287
15275
15262
15250
15262
15250
15275
15262
15275
15300
15325
15337
15387
15437
15475
15525
15587
15650
15712
15775
15850
15925
15987
16062
16137
16200
16237
16275
16312
16325
16337
16375
16387
16400
16412
16425
16412
16425
16412
16400
16362
16350
16312
16275
16237
16225
16187
16175
16162
16175
16162
16175
16162
16175
16162
16175
16162
16150
16112
16075
16037
16000
15975
15950
15925
15875
15837
15775
15712
15650
15612
15575
15575
15575
15600
15625
15650
15637
15650
15637
15625
15612
15625
15612
15600
15587
15600
15587
15575
15587
15575
15575
15562
15550
15512
15500
15462
15425
15412
15400
15362
15350
15337
15300
15287
15300
15287
15300
15312
15325
15300
15300
15275
15275
15250
15262
15250
15237
15225
15212
15175
15162
15150
15112
15100
15087
15075
15062
15050
15000
14950
14875
14812
14750
14687
14625
14575
14525
14475
14450
14450
14475
14475
14487
14500
14512
14500
14487
14475
14437
14400
14362
14325
14287
14275
14237
14225
14212
14225
14212
14200
14200
14187
14175
14162
14150
14100
14087
14050
14012
13975
13937
13912
13875
13862
13850
13862
13875
13887
13900
13937
13950
13962
13987
14012
14012
14037
14025
14012
14012
14012
14012
14037
14062
14087
14137
14187
14237
14325
14400
14462
14537
14612
14675
14737
14800
14862
14925
14962
14975
14987
14975
14937
14925
14912
14875
14837
14825
14787
14775
14762
14787
14812
14862
14912
14975
15012
15050
15062
15075
15062
15050
15037
15025
15025
15012
15000
14962
14925
14887
14850
14812
14800
14787
14750
14712
14675
14637
14587
14562
14537
14537
14525
14537
14525
14512
14512
14512
14512
14512
14537
14537
14575
14587
14600
14612
14600
14562
14525
14487
14437
14375
14337
14300
14287
14275
14287
14275
14262
14250
14225
14175
14125
14100
14037
14012
13987
13962
13950
13937
13925
13912
13925
13937
13950
13962
13975
13987
13975
13987
13975
13962
13950
13937
13925
13912
13925
13912
13925
13937
13950
13962
13987
14000
14012
14025
14012
14000
13987
13962
13925
13887
13850
13812
13775
13762
13750
13737
13750
13762
13775
13787
13800
13775
13787
13775
13787
13775
13800
13775
13775
13750
13750
13725
13737
13725
13737
13725
13737
13725
13737
13750
13762
13775
13787
13800
13787
13800
13812
13850
13862
13912
13950
14000
14050
14125
14187
14250
14312
14375
14437
14487
14550
14612
14675
14712
14750
14762
14775
14787
14800
14812
14825
14812
14800
14787
14750
14737
14750
14737
14725
14737
14750
14762
14775
14812
14850
14862
14875
14912
14925
14912
14925
14912
14875
14837
14800
14762
14725
14687
14675
14662
14625
14612
14600
14562
14562
14562
14537
14537
14537
14537
14525
14537
14525
14512
14500
14487
14475
14462
14450
14437
14425
14412
14400
14387
14375
14362
14325
14325
14325
14300
14300
14300
14287
14300
14312
14325
14337
14350
14362
14375
14387
14400
14412
14400
14412
14400
14387
14387
14387
14362
14362
14362
14325
14312
14287
14262
14237
14237
14212
14225
14212
14225
14212
14225
14212
14225
14212
14225
14212
14225
14237
14250
14237
14250
14237
14225
14212
14225
14212
14200
14187
14175
14137
14125
14112
14100
14087
14100
14087
14100
14087
14100
14087
14075
14062
14050
14037
14012
13987
13962
13937
13900
13887
13875
13862
13850
13862
13875
13912
13925
13962
13987
14025
14062
14125
14187
14250
14312
14375
14437
14500
14575
14650
14725
14800
14862
14900
14937
14975
15000
15037
15075
15125
15137
15150
15162
15175
15175
15187
15200
15187
15200
15187
15200
15187
15200
15187
15200
15187
15200
15212
15225
15237
15275
15312
15325
15362
15375
15387
15375
15387
15375
15362
15325
15287
15225
15162
15125
15087
15075
15062
15075
15062
15075
15087
15100
15125
15150
15175
15175
15200
15187
15200
15187
15175
15162
15175
15162
15175
15187
15200
15187
15200
15187
15175
15162
15150
15137
15125
15112
15100
15087
15050
15012
15000
14975
14962
14950
14962
14950
14962
14950
14962
14975
14987
15000
15012
15025
15012
15025
15000
15000
14975
14975
14950
14937
14925
14912
14875
14862
14850
14812
14800
14787
14750
14712
14700
14662
14625
14612
14600
14562
14525
14512
14487
14475
14462
14475
14462
14475
14462
14475
14487
14500
14512
14537
14550
14562
14562
14562
14537
14537
14525
14512
14500
14475
14450
14425
14400
14350
14312
14275
14237
14200
14162
14125
14087
14050
14012
14000
13975
13937
13887
13862
13812
13775
13737
13700
13662
13625
13612
13625
13637
13650
13687
13725
13762
13825
13887
13950
14025
14100
14175
14250
14312
14375
14437
14487
14512
14537
14562
14587
14612
14650
14662
14675
14700
14700
14700
14700
14675
14612
14575
14537
14512
14475
14462
14425
14412
14400
14412
14400
14412
14400
14387
14350
14337
14287
14237
14212
14187
14137
14100
14087
14050
14012
13975
13962
13937
13900
13887
13875
13875
13875
13900
13925
13950
13962
13975
13962
13950
13962
13950
13937
13950
13937
13925
13912
13900
13887
13862
13837
13837
13837
13812
13825
13812
13800
13787
13800
13787
13775
13762
13750
13737
13750
13762
13775
13812
13812
13812
13812
13812
13812
13825
13837
13850
13862
13875
13887
13900
13937
13962
13975
14012
14050
14062
14075
14087
14100
14087
14100
14087
14075
14062
14050
14037
14025
14037
14050
14062
14075
14087
14100
14087
14100
14087
14075
14037
14000
13937
13887
13850
13812
13775
13762
13775
13762
13775
13787
13800
13787
13800
13787
13800
13787
13775
13762
13775
13787
13837
13900
13987
14075
14175
14262
14350
14425
14487
14550
14587
14637
14662
14687
14712
14737
14762
14787
14812
14837
14862
14887
14912
14912
14912
14937
14925
14912
14925
14912
14900
14875
14850
14825
14825
14800
14812
14825
14837
14825
14837
14825
14850
14850
14850
14850
14837
14812
14787
14762
14712
14675
14612
14550
14512
14487
14475
14462
14475
14487
14512
14550
14612
14650
14700
14725
14750
14737
14750
14725
14737
14700
14700
14675
14675
14637
14625
14587
14575
14537
14512
14500
14487
14475
14462
14475
14462
14475
14462
14450
14437
14425
14387
14350
14337
14300
14262
14250
14237
14200
14162
14150
14112
14100
14087
14100
14112
14125
14137
14175
14187
14200
14212
14200
14187
14175
14137
14137
14125
14112
14100
14087
14062
14050
14037
14025
14037
14050
14050
14062
14100
14112
14125
14150
14162
14150
14137
14100
14087
14050
14012
14000
13987
13962
13950
13937
13925
13912
13925
13900
13900
13875
13875
13850
13862
13850
13862
13850
13862
13850
13862
13837
13837
13837
13837
13837
13850
13837
13825
13837
13850
13862
13900
13937
13962
13975
14012
14050
14087
14125
14162
14200
14237
14275
14312
14375
14412
14462
14500
14525
14550
14600
14612
14600
14612
14600
14562
14550
14537
14512
14500
14487
14475
14462
14475
14462
14475
14462
14475
14462
14475
14462
14475
14462
14450
14437
14425
14387
14375
14362
14325
14287
14250
14212
14175
14137
14125
14112
14100
14075
14075
14050
14050
14050
14062
14075
14087
14100
14087
14075
14062
14050
14037
14025
14037
14025
14037
14025
14037
14050
14050
14050
14075
14075
14050
14062
14037
14012
13987
13962
13950
13937
13900
13862
13850
13812
13775
13737
13725
13687
13675
13662
13675
13662
13650
13637
13625
13587
13550
13537
13500
13500
13487
13500
13487
13500
13500
13537
13575
13612
13650
13662
13675
13662
13675
13662
13675
13662
13675
13662
13675
13662
13687
13687
13712
13737
13762
13775
13787
13800
13787
13800
13787
13775
13737
13725
13687
13650
13637
13625
13587
13575
13587
13575
13587
13600
13612
13600
13612
13600
13612
13600
13612
13600
13625
13625
13650
13675
13725
13762
13825
13862
13900
13937
13962
14000
14062
14125
14187
14250
14287
14325
14337
14312
14287
14262
14212
14200
14200
14175
14175
14200
14187
14200
14212
14225
14237
14250
14262
14312
14337
14362
14387
14412
14400
14412
14400
14387
14375
14350
14325
14300
14275
14225
14212
14175
14137
14125
14112
14075
14062
14050
14012
13975
13962
13937
13900
13887
13875
13862
13875
13887
13900
13912
13925
13912
13925
13900
13900
13875
13875
13850
13837
13825
13812
13800
13787
13775
13762
13750
13737
13725
13737
13725
13737
13725
13712
13675
13662
13625
13612
13600
13587
13575
13562
13550
13537
13550
13537
13525
13512
13500
13500
13487
13500
13487
13500
13487
13500
13500
13500
13500
13500
13500
13487
13500
13487
13500
13487
13500
13487
13500
13487
13500
13487
13500
13487
13500
13475
13475
13450
13425
13400
13387
13375
13362
13350
13337
13325
13312
13300
13312
13300
13312
13300
13312
13300
13312
13300
13312
13300
13287
13287
13287
13287
13312
13362
13400
13462
13537
13612
13687
13737
13775
13812
13850
13862
13875
13887
13900
13887
13900
13937
13950
13962
13975
13987
13987
14000
14012
14025
14037
14025
14037
14025
14037
14025
14037
14025
14037
14025
14037
14050
14062
14075
14087
14100
14087
14075
14037
14025
13975
13937
13887
13862
13812
13775
13737
13725
13687
13675
13662
13675
13687
13725
13762
13825
13862
13900
13912
13900
13887
13875
13837
13800
13787
13750
13712
13700
13687
13650
13637
13625
13612
13600
13612
13625
13637
13625
13650
13650
13650
13675
13700
13687
13700
13687
13650
13637
13625
13612
13600
13612
13600
13612
13600
13612
13600
13625
13612
13637
13637
13662
13650
13675
13662
13675
13662
13675
13662
13675
13687
13700
13712
13725
13737
13725
13737
13725
13712
13700
13687
13650
13612
13600
13562
13550
13537
13550
13537
13525
13512
13500
13475
13462
13450
13412
13400
13387
13375
13350
13350
13325
13325
13300
13325
13312
13325
13337
13350
13350
13387
13425
13450
13512
13575
13612
13662
13687
13712
13737
13787
13825
13887
13925
13962
13987
14025
14037
14075
14087
14112
14112
14137
14137
14162
14150
14162
14150
14137
14100
14087
14050
14037
14025
14037
14025
14037
14025
14037
14025
14037
14025
14037
14025
14037
14050
14062
14050
14037
14000
13962
13937
13900
13887
13875
13837
13825
13812
13800
13787
13800
13787
13775
13762
13750
13737
13725
13712
13700
13687
13675
13662
13687
13675
13687
13675
13662
13637
13612
13587
13562
13562
13537
13550
13537
13550
13537
13525
13512
13525
13500
13500
13500
13500
13487
13475
13462
13450
13437
13425
13412
13400
13387
13375
13387
13400
13412
13450
13462
13475
13475
13475
13475
13475
13450
13462
13450
13412
13400
13412
13400
13387
13400
13387
13375
13362
13375
13362
13387
13387
13412
13412
13437
13425
13437
13425
13437
13425
13412
13400
13387
13350
13337
13325
13287
13275
13262
13225
13187
13175
13137
13100
13087
13100
13087
13100
13112
13100
13087
13075
13025
13000
12975
12950
12937
12925
12912
12900
12887
12900
12912
12925
12962
13012
13062
13150
13237
13312
13387
13450
13512
13550
13587
13600
13612
13600
13612
13600
13612
13600
13612
13600
13612
13625
13637
13650
13687
13700
13712
13750
13750
13750
13775
13775
13775
13787
13775
13762
13750
13712
13700
13712
13700
13712
13725
13737
13725
13712
13700
13687
13650
13612
13600
13562
13525
13487
13450
13425
13387
13375
13362
13375
13362
13375
13387
13400
13412
13450
13462
13475
13487
13500
13487
13475
13437
13400
13337
13300
13262
13225
13212
13200
13187
13175
13187
13175
13187
13175
13187
13175
13162
13150
13137
13125
13112
13100
13087
13100
13087
13100
13112
13125
13112
13125
13112
13100
13087
13075
13037
13025
13012
13000
12987
13000
12987
13000
12987
13000
12987
13000
13012
13025
13037
13075
13087
13100
13137
13175
13187
13225
13237
13225
13212
13200
13162
13125
13112
13075
13037
13025
13012
13000
12987
12975
12962
12975
12950
12950
12950
12950
12937
12950
12937
12925
12887
12875
12837
12800
12787
12775
12762
12750
12762
12775
12787
12800
12812
12825
12812
12825
12837
12850
12862
12900
12912
12925
12975
13025
13075
13150
13212
13250
13287
13325
13337
13350
13362
13375
13362
13350
13337
13350
13362
13375
13412
13450
13475
13487
13525
13537
13525
13512
13487
13475
13450
13425
13375
13337
13275
13237
13225
13212
13225
13237
13250
13225
13237
13225
13237
13225
13250
13237
13250
13237
13225
13225
13225
13225
13212
13225
13225
13225
13225
13237
13225
13212
13200
13200
13200
13225
13225
13225
13225
13225
13200
13200
13200
13187
13175
13162
13150
13137
13125
13112
13125
13112
13125
13112
13125
13112
13125
13137
13150
13162
13175
13187
13175
13187
13175
13162
13150
13137
13125
13137
13150
13162
13175
13162
13150
13137
13125
13112
13100
13087
13100
13112
13125
13162
13175
13162
13125
13087
13062
13037
13037
13037
13025
13012
13000
12987
12975
13000
12987
13000
12987
13000
12987
13000
13012
13025
13037
13050
13062
13075
13087
13100
13137
13175
13212
13275
13337
13400
13450
13512
13575
13612
13662
13687
13712
13712
13737
13712
13712
13712
13712
13687
13700
13687
13650
13637
13625
13612
13625
13637
13650
13687
13700
13725
13750
13775
13775
13800
13787
13812
13812
13812
13787
13787
13775
13762
13750
13762
13750
13712
13700
13687
13650
13612
13600
13562
13550
13525
13525
13525
13525
13525
13537
13550
13562
13575
13587
13600
13612
13625
13637
13625
13637
13625
13587
13575
13562
13550
13537
13550
13537
13550
13537
13550
13537
13550
13537
13550
13537
13525
13512
13500
13500
13487
13500
13475
13475
13475
13475
13475
13487
13500
13500
13512
13537
13587
13637
13687
13762
13825
13862
13900
13937
13950
13962
13975
13987
13975
13987
13987
14025
14062
14100
14137
14175
14212
14225
14262
14275
14287
14275
14262
14250
14237
14200
14162
14125
14062
14000
13962
13937
13925
13912
13900
13900
13900
13900
13925
13950
13962
13975
13987
13975
13987
14012
14062
14112
14187
14250
14312
14375
14437
14487
14525
14562
14575
14600
14600
14637
14637
14675
14662
14675
14650
14662
14637
14650
14637
14650
14637
14650
14637
14625
14587
14575
14537
14537
14525
14537
14537
14550
14562
14600
14637
14675
14712
14750
14787
14800
14787
14775
14737
14675
14637
14600
14562
14525
14512
14487
14475
14462
14475
14462
14475
14462
14475
14462
14450
14412
14375
14312
14250
14187
14125
14087
14050
14037
14025
14037
14025
14037
14050
14062
14075
14075
14075
14037
14025
13987
13962
13950
13937
13925
13912
13925
13912
13925
13912
13925
13937
13950
13962
13975
13962
13925
13887
13850
13812
13800
13812
13825
13837
13850
13862
13850
13862
13850
13862
13850
13862
13850
13837
13800
13762
13725
13687
13650
13612
13600
13562
13550
13562
13562
13562
13587
13587
13587
13600
13587
13575
13562
13525
13487
13475
13450
13437
13425
13437
13425
13437
13425
13437
13450
13462
13475
13500
13537
13575
13637
13700
13737
13775
13812
13850
13887
13925
13962
13987
14000
14012
14050
14087
14100
14137
14150
14162
14150
14137
14100
14087
14050
14012
13975
13962
13937
13925
13937
13950
13962
13975
13987
13987
14000
14012
14025
14012
14000
13975
13962
13937
13912
13862
13825
13787
13750
13737
13725
13737
13725
13737
13725
13737
13750
13762
13787
13812
13862
13875
13912
13937
13962
13962
13987
13987
13987
13975
13937
13887
13862
13812
13775
13762
13775
13762
13750
13762
13750
13737
13725
13712
13700
13712
13700
13712
13725
13737
13750
13762
13750
13775
13775
13775
13800
13825
13837
13850
13837
13800
13762
13725
13687
13637
13612
13587
13575
13550
13562
13575
13587
13587
13600
13612
13625
13637
13650
13687
13700
13687
13700
13687
13650
13612
13600
13562
13550
13537
13550
13537
13550
13562
13575
13587
13600
13612
13600
13612
13600
13612
13600
13612
13600
13587
13575
13562
13550
13537
13550
13537
13562
13562
13587
13587
13612
13600
13612
13600
13612
13600
13612
13600
13612
13625
13662
13700
13737
13800
13862
13912
13987
14100
14187
14275
14362
14437
14487
14550
14587
14625
14662
14675
14687
14700
14712
14700
14687
14675
14662
14650
14662
14675
14687
14700
14712
14700
14712
14700
14687
14675
14662
14650
14637
14625
14612
14600
14587
14562
14562
14537
14512
14475
14462
14425
14387
14350
14337
14300
14262
14250
14237
14225
14237
14250
14262
14300
14337
14375
14412
14450
14462
14475
14462
14450
14412
14400
14362
14325
14312
14300
14287
14275
14287
14275
14287
14275
14262
14225
14187
14150
14112
14075
14025
14000
13975
13962
13937
13950
13962
13937
13937
13937
13937
13912
13925
13912
13900
13887
13875
13862
13850
13837
13825
13837
13825
13837
13875
13887
13900
13912
13925
13912
13925
13912
13925
13912
13925
13912
13900
13862
13850
13812
13800
13812
13825
13850
13875
13900
13925
13950
13937
13925
13912
13875
13862
13850
13837
13825
13812
13775
13762
13750
13712
13700
13712
13700
13712
13725
13737
13750
13787
13837
13887
13937
13987
14050
14100
14175
14250
14287
14337
14362
14387
14387
14412
14400
14412
14400
14412
14425
14437
14450
14487
14512
14525
14537
14525
14512
14487
14475
14462
14475
14462
14475
14462
14475
14487
14500
14512
14525
14512
14475
14437
14362
14287
14212
14162
14112
14075
14062
14050
14050
14075
14125
14150
14200
14212
14200
14162
14150
14112
14100
14087
14075
14062
14075
14050
14050
14050
14050
14050
14062
14075
14087
14100
14087
14100
14087
14100
14087
14100
14087
14100
14075
14075
14050
14025
14000
13987
13962
13950
13937
13925
13912
13925
13912
13925
13912
13925
13912
13925
13912
13925
13937
13950
13962
13975
13962
13925
13912
13875
13837
13837
13837
13837
13837
13862
13850
13862
13875
13887
13900
13937
13937
13937
13937
13937
13912
13900
13887
13875
13837
13800
13762
13725
13712
13700
13687
13700
13687
13675
13687
13700
13712
13725
13712
13700
13687
13650
13637
13625
13612
13600
13612
13600
13612
13625
13637
13650
13662
13675
13687
13725
13762
13825
13887
13937
14000
14062
14137
14187
14237
14287
14337
14375
14437
14475
14512
14537
14550
14562
14575
14587
14600
14637
14675
14712
14762
14787
14812
14837
14862
14875
14912
14925
14937
14950
14937
14900
14887
14850
14837
14825
14837
14825
14812
14800
14787
14750
14737
14750
14737
14750
14762
14750
14737
14725
14712
14700
14687
14675
14662
14650
14637
14625
14612
14600
14587
14562
14562
14537
14512
14475
14425
14375
14325
14262
14225
14200
14175
14137
14137
14137
14162
14150
14175
14200
14200
14175
14162
14125
14062
14000
13962
13937
13900
13887
13875
13862
13850
13875
13875
13875
13875
13862
13837
13812
13812
13775
13775
13750
13750
13725
13737
13750
13762
13775
13787
13800
13812
13825
13850
13875
13912
13925
13937
13937
13937
13900
13862
13825
13762
13725
13687
13675
13662
13650
13637
13625
13612
13600
13587
13575
13562
13550
13537
13550
13537
13550
13537
13550
13537
13562
13562
13587
13612
13662
13700
13762
13825
13887
13950
14025
14100
14175
14250
14287
14325
14337
14362
14362
14362
14362
14362
14350
14337
14350
14337
14350
14337
14350
14337
14350
14337
14350
14337
14350
14337
14350
14337
14350
14337
14350
14337
14350
14362
14375
14387
14400
14412
14400
14412
14400
14387
14350
14312
14250
14187
14125
14062
14025
13987
13987
13975
13987
13987
14025
14037
14075
14112
14125
14137
14150
14162
14150
14137
14125
14112
14075
14037
14000
13937
13912
13875
13862
13850
13862
13850
13862
13850
13862
13850
13862
13850
13862
13850
13837
13787
13762
13712
13662
13612
13600
13587
13575
13587
13600
13612
13600
13612
13625
13637
13625
13637
13625
13587
13575
13562
13550
13537
13550
13562
13575
13600
13625
13650
13675
13725
13737
13775
13812
13825
13837
13850
13837
13825
13812
13775
13775
13775
13750
13762
13775
13775
13775
13800
13775
13775
13775
13775
13775
13787
13800
13787
13800
13787
13775
13762
13750
13737
13725
13737
13750
13762
13775
13812
13825
13837
13875
13887
13900
13912
13925
13937
13962
13987
14012
14037
14050
14062
14075
14112
14150
14187
14250
14287
14325
14362
14400
14437
14487
14525
14562
14600
14612
14625
14637
14650
14637
14625
14612
14600
14587
14575
14562
14550
14537
14537
14525
14537
14525
14537
14525
14537
14537
14575
14587
14600
14587
14550
14487
14425
14350
14275
14200
14125
14087
14050
14037
14025
14037
14050
14062
14075
14112
14125
14137
14150
14162
14150
14162
14150
14162
14150
14162
14150
14162
14150
14162
14150
14162
14175
14187
14200
14212
14200
14187
14162
14137
14112
14075
14050
14037
14000
13987
13987
13987
13962
13962
13962
13962
13962
13975
13987
13975
13962
13950
13937
13900
13862
13850
13812
13775
13762
13750
13712
13700
13687
13650
13637
13650
13662
13675
13712
13750
13787
13800
13837
13850
13862
13850
13862
13850
13837
13800
13787
13750
13712
13700
13687
13650
13637
13625
13612
13600
13612
13625
13637
13650
13662
13650
13637
13625
13612
13600
13587
13575
13587
13575
13587
13625
13662
13700
13762
13825
13887
13937
14000
14062
14125
14187
14225
14262
14275
14287
14275
14287
14300
14337
14350
14387
14425
14437
14425
14412
14375
14337
14300
14262
14250
14262
14237
14250
14287
14300
14312
14362
14400
14412
14450
14462
14450
14412
14375
14312
14250
14212
14175
14137
14125
14137
14150
14187
14225
14275
14325
14375
14425
14487
14525
14562
14575
14562
14550
14537
14537
14512
14525
14512
14500
14487
14512
14512
14512
14537
14537
14537
14525
14512
14475
14437
14375
14312
14275
14237
14200
14187
14175
14162
14150
14137
14125
14112
14100
14075
14075
14050
14050
14025
14037
14025
14037
14025
14037
14050
14087
14100
14137
14175
14212
14225
14262
14275
14262
14250
14237
14225
14212
14200
14187
14175
14162
14175
14187
14175
14187
14175
14162
14150
14162
14150
14137
14125
14100
14050
14000
13975
13937
13900
13887
13900
13912
13925
13962
13987
14012
14037
14087
14125
14187
14250
14312
14375
14437
14475
14512
14537
14562
14587
14612
14625
14637
14650
14662
14700
14712
14750
14762
14775
14762
14775
14750
14750
14725
14700
14650
14637
14600
14587
14575
14587
14600
14637
14650
14700
14712
14725
14712
14700
14650
14612
14550
14487
14425
14375
14325
14275
14250
14262
14275
14287
14325
14362
14375
14387
14400
14387
14375
14362
14325
14312
14300
14287
14275
14287
14300
14312
14300
14312
14300
14262
14250
14237
14225
14212
14200
14187
14175
14162
14175
14187
14200
14237
14250
14237
14250
14262
14250
14237
14225
14212
14175
14162
14150
14162
14150
14162
14175
14187
14212
14237
14262
14287
14312
14325
14337
14350
14337
14325
14325
14325
14300
14275
14275
14237
14225
14212
14225
14212
14200
14187
14175
14162
14150
14137
14125
14112
14075
14037
14000
13937
13912
13862
13837
13812
13812
13787
13800
13775
13775
13775
13775
13775
13812
13850
13887
13937
13975
14012
14025
14037
14050
14062
14075
14112
14150
14187
14225
14275
14300
14325
14362
14425
14462
14537
14612
14650
14687
14725
14737
14750
14750
14750
14750
14750
14725
14712
14700
14662
14625
14612
14600
14587
14575
14587
14600
14637
14650
14687
14700
14712
14725
14737
14762
14787
14812
14812
14837
14812
14812
14787
14762
14712
14675
14612
14575
14537
14512
14475
14462
14425
14387
14375
14362
14350
14362
14375
14387
14400
14412
14400
14412
14425
14437
14450
14487
14500
14512
14512
14525
14512
14525
14512
14537
14525
14537
14525
14537
14512
14512
14512
14512
14512
14525
14512
14500
14487
14475
14462
14475
14462
14450
14437
14425
14412
14400
14412
14400
14387
14375
14362
14325
14287
14275
14237
14225
14212
14200
14187
14175
14162
14150
14162
14150
14162
14175
14187
14175
14187
14200
14187
14200
14212
14225
14212
14200
14162
14150
14137
14112
14112
14112
14112
14087
14100
14112
14125
14137
14150
14162
14175
14187
14175
14187
14175
14137
14125
14112
14100
14087
14100
14112
14125
14137
14150
14137
14125
14112
14100
14087
14100
14087
14100
14112
14150
14200
14275
14350
14425
14487
14550
14612
14675
14725
14800
14862
14925
14975
15012
15062
15112
15137
15162
15187
15200
15187
15175
15162
15150
15137
15125
15137
15125
15137
15125
15137
15125
15112
15075
15037
15000
14975
14937
14925
14912
14900
14887
14875
14862
14850
14812
14800
14787
14775
14762
14750
14737
14725
14712
14700
14687
14650
14612
14575
14537
14537
14537
14550
14562
14575
14587
14600
14612
14600
14612
14600
14587
14575
14562
14550
14537
14512
14500
14487
14475
14462
14475
14462
14475
14487
14500
14512
14525
14537
14525
14537
14525
14512
14500
14487
14475
14462
14450
14412
14400
14362
14350
14337
14350
14362
14375
14387
14425
14437
14425
14437
14425
14412
14387
14387
14362
14362
14362
14375
14387
14425
14462
14475
14512
14537
14562
14562
14562
14550
14537
14512
14500
14487
14450
14437
14425
14412
14400
14387
14375
14387
14375
14387
14400
14387
14375
14362
14350
14362
14375
14387
14425
14437
14450
14487
14525
14575
14650
14725
14800
14862
14925
14975
15037
15100
15162
15225
15287
15350
15387
15425
15437
15425
15387
15350
15287
15250
15212
15200
15187
15200
15187
15200
15212
15225
15237
15250
15237
15225
15212
15175
15162
15137
15112
15075
15062
15025
15000
14987
14975
14937
14925
14912
14900
14887
14900
14887
14900
14887
14900
14887
14900
14887
14900
14887
14900
14887
14900
14912
14912
14912
14912
14912
14887
14900
14887
14900
14887
14900
14875
14875
14837
14800
14737
14687
14612
14575
14537
14537
14525
14512
14500
14487
14475
14462
14475
14462
14475
14462
14450
14412
14375
14337
14287
14262
14237
14237
14237
14250
14262
14275
14300
14300
14325
14325
14350
14337
14350
14337
14325
14312
14300
14262
14250
14237
14225
14212
14225
14212
14225
14237
14250
14237
14250
14237
14225
14200
14212
14200
14212
14200
14200
14187
14200
14187
14200
14237
14250
14275
14325
14375
14425
14487
14550
14612
14650
14687
14725
14762
14800
14837
14875
14912
14925
14937
14950
14975
14975
15000
15012
15025
15000
14975
14925
14887
14850
14837
14825
14837
14850
14862
14887
14937
14975
15000
15050
15087
15100
15087
15100
15087
15050
15012
14975
14950
14900
14850
14825
14825
14800
14812
14825
14837
14825
14850
14850
14850
14850
14850
14837
14825
14837
14825
14837
14850
14862
14875
14912
14925
14937
14937
14950
14937
14925
14887
14887
14850
14837
14825
14812
14800
14787
14775
14750
14750
14750
14750
14750
14762
14775
14787
14800
14812
14825
14837
14825
14812
14775
14737
14675
14637
14600
14550
14537
14525
14525
14512
14537
14525
14537
14525
14537
14525
14537
14525
14537
14525
14537
14525
14537
14525
14537
14525
14537
14525
14537
14525
14537
14525
14537
14525
14512
14500
14487
14475
14462
14450
14437
14425
14387
14375
14362
14350
14337
14325
14312
14300
14287
14275
14300
14325
14375
14425
14487
14550
14612
14675
14737
14800
14862
14925
14962
15000
15050
15100
15150
15225
15287
15325
15362
15375
15387
15375
15387
15375
15387
15375
15387
15375
15362
15350
15362
15337
15337
15337
15337
15312
15325
15312
15300
15287
15275
15237
15225
15212
15175
15137
15125
15087
15037
15012
14987
14950
14925
14912
14900
14887
14900
14912
14925
14937
14975
14987
15000
15012
15025
15012
15025
15012
15000
14962
14950
14912
14875
14837
14825
14787
14750
14737
14725
14712
14700
14712
14687
14687
14662
14662
14637
14650
14637
14650
14662
14675
14687
14700
14687
14675
14662
14650
14637
14625
14587
14575
14537
14537
14525
14537
14525
14537
14525
14537
14525
14537
14537
14562
14562
14587
14575
14587
14575
14587
14575
14562
14550
14537
14537
14525
14537
14525
14537
14525
14537
14525
14537
14525
14537
14537
14550
14562
14575
14587
14600
14612
14625
14637
14650
14637
14650
14662
14675
14662
14675
14662
14625
14612
14600
14587
14600
14650
14675
14725
14775
14837
14887
14950
15037
15125
15200
15287
15375
15450
15512
15587
15662
15712
15762
15812
15837
15825
15800
15775
15725
15700
15675
15662
15650
15662
15650
15675
15700
15725
15750
15800
15812
15850
15862
15875
15862
15850
15837
15825
15775
15762
15750
15712
15675
15650
15587
15525
15475
15412
15375
15337
15300
15287
15275
15237
15225
15212
15200
15187
15200
15187
15200
15187
15200
15212
15225
15237
15250
15262
15250
15237
15200
15187
15150
15112
15100
15087
15050
15037
15025
15000
14962
14925
14887
14850
14812
14775
14737
14675
14637
14600
14562
14525
14512
14475
14450
14450
14450
14450
14462
14475
14487
14500
14487
14500
14512
14500
14487
14500
14487
14450
14412
14400
14362
14350
14337
14325
14312
14300
14287
14275
14262
14225
14187
14125
14087
14050
14037
14025
14037
14025
14037
14025
14037
14050
14062
14075
14087
14100
14087
14100
14087
14075
14062
14075
14062
14075
14112
14150
14187
14250
14287
14337
14387
14437
14487
14575
14650
14725
14812
14887
14950
15000
15050
15062
15075
15062
15075
15062
15075
15050
15050
15050
15050
15025
15012
15000
14975
14962
14950
14962
14937
14937
14912
14912
14912
14925
14937
14950
14962
14950
14937
14937
14937
14912
14912
14912
14900
14887
14900
14887
14900
14875
14875
14850
14850
14825
14812
14800
14787
14750
14700
14650
14575
14525
14487
14475
14462
14475
14462
14475
14462
14475
14487
14487
14500
14525
14537
14550
14575
14587
14600
14612
14600
14587
14575
14537
14512
14500
14487
14475
14462
14475
14462
14475
14462
14475
14462
14475
14462
14450
14412
14400
14362
14325
14312
14300
14287
14275
14287
14275
14300
14300
14325
14325
14312
14287
14262
14212
14187
14200
14187
14200
14212
14225
14237
14250
14262
14275
14287
14275
14262
14250
14237
14237
14237
14262
14262
14287
14275
14287
14262
14262
14237
14212
14187
14175
14137
14100
14062
14025
14012
14025
14037
14075
14112
14150
14162
14200
14212
14225
14212
14225
14212
14225
14212
14225
14237
14250
14275
14325
14375
14425
14487
14550
14612
14675
14737
14800
14862
14925
14975
15037
15075
15125
15150
15175
15175
15200
15187
15200
15187
15200
15187
15200
15212
15250
15262
15300
15312
15325
15312
15325
15312
15325
15312
15325
15312
15325
15312
15300
15287
15275
15262
15237
15250
15225
15200
15175
15150
15112
15087
15062
15012
14975
14925
14887
14850
14812
14800
14787
14775
14787
14825
14862
14900
14937
14975
15000
15037
15075
15112
15125
15137
15125
15112
15075
15037
14975
14925
14862
14825
14787
14750
14712
14700
14662
14650
14637
14650
14662
14675
14662
14650
14612
14575
14537
14537
14512
14512
14487
14462
14450
14450
14462
14475
14512
14525
14575
14575
14575
14575
14550
14537
14525
14512
14475
14462
14425
14387
14350
14337
14300
14287
14275
14287
14275
14287
14275
14262
14250
14237
14200
14187
14200
14187
14200
14212
14225
14212
14225
14212
14225
14212
14237
14237
14262
14262
14287
14275
14262
14250
14237
14200
14187
14175
14137
14100
14087
14050
14037
14025
14037
14025
14037
14025
14037
14025
14012
14000
13987
13987
13975
13987
13975
13987
14000
14025
14062
14100
14150
14187
14250
14300
14375
14437
14487
14550
14612
14650
14675
14725
14762
14775
14812
14825
14837
14850
14850
14850
14875
14875
14887
14937
14975
15025
15075
15112
15150
15162
15175
15187
15200
15187
15200
15187
15200
15187
15200
15175
15175
15150
15150
15125
15137
15125
15137
15112
15112
15087
15062
15012
14975
14925
14887
14850
14837
14825
14837
14825
14837
14850
14862
14875
14887
14875
14862
14837
14812
14787
14762
14737
14725
14687
14675
14650
14625
14600
14600
14575
14587
14575
14587
14575
14562
14525
14487
14462
14425
14387
14375
14362
14325
14312
14300
14287
14300
14312
14325
14337
14350
14337
14350
14337
14325
14287
14275
14262
14250
14262
14275
14287
14275
14287
14300
14312
14325
14362
14400
14412
14450
14462
14450
14412
14400
14362
14325
14287
14275
14237
14225
14212
14225
14212
14225
14212
14200
14162
14125
14087
14050
14012
14000
13987
13962
13925
13912
13875
13862
13850
13862
13850
13862
13850
13862
13850
13837
13825
13837
13825
13837
13875
13887
13900
13937
13962
14000
14062
14125
14187
14250
14312
14375
14437
14487
14550
14587
14625
14662
14675
14687
14700
14712
14725
14737
14750
14762
14775
14762
14775
14762
14775
14762
14775
14762
14775
14787
14800
14787
14812
14800
14787
14775
14787
14762
14775
14762
14775
14762
14750
14737
14725
14712
14687
14662
14637
14612
14587
14575
14562
14550
14537
14512
14500
14487
14450
14437
14412
14387
14350
14337
14325
14350
14375
14437
14475
14512
14525
14537
14537
14562
14562
14562
14550
14537
14512
14500
14487
14475
14462
14475
14462
14475
14487
14500
14512
14525
14537
14525
14512
14475
14462
14425
14387
14350
14312
14275
14237
14225
14212
14237
14225
14237
14225
14212
14162
14150
14112
14075
14062
14050
14037
14050
14062
14087
14112
14137
14137
14162
14150
14162
14150
14137
14125
14112
14075
14062
14075
14062
14050
14062
14050
14037
14012
14012
13987
14000
13987
14012
14012
14037
14050
14062
14075
14087
14075
14062
14050
14012
14000
13975
13937
13912
13887
13837
13825
13837
13825
13837
13850
13875
13900
13925
13950
13975
13987
13975
13962
13950
13937
13925
13912
13925
13912
13937
13950
14000
14050
14125
14187
14250
14312
14375
14437
14487
14550
14612
14650
14687
14700
14725
14750
14775
14800
14825
14837
14825
14837
14825
14837
14850
14862
14875
14912
14925
14937
14975
15000
15012
15050
15050
15050
15025
15000
14987
14962
14937
14912
14887
14837
14825
14787
14775
14762
14750
14737
14725
14712
14700
14712
14700
14712
14700
14712
14725
14762
14800
14837
14875
14912
14925
14937
14950
14937
14900
14862
14825
14787
14750
14712
14675
14637
14600
14562
14550
14537
14537
14525
14537
14512
14487
14462
14437
14387
14350
14337
14300
14287
14275
14287
14275
14300
14300
14300
14300
14300
14287
14275
14262
14225
14187
14150
14112
14100
14087
14100
14087
14100
14087
14100
14087
14100
14112
14112
14112
14112
14087
14062
14075
14062
14050
14062
14037
14012
13987
13962
13925
13887
13825
13800
13775
13775
13775
13812
13837
13862
13862
13862
13850
13812
13800
13787
13775
13762
13775
13762
13775
13787
13800
13787
13800
13787
13800
13812
13812
13812
13812
13812
13812
13850
13887
13925
13962
13987
14025
14062
14100
14137
14175
14212
14250
14312
14375
14437
14487
14525
14537
14525
14487
14462
14450
14462
14487
14550
14612
14637
14662
14662
14662
14637
14625
14587
14550
14487
14437
14400
14387
14362
14375
14387
14400
14387
14412
14425
14437
14450
14462
14475
14462
14450
14437
14425
14412
14400
14412
14400
14412
14400
14412
14400
14412
14400
14387
14375
14362
14350
14325
14325
14300
14275
14250
14237
14225
14212
14200
14187
14175
14162
14175
14187
14200
14237
14250
14262
14275
14262
14250
14237
14200
14162
14125
14087
14050
14037
14025
14012
13975
13975
13962
13962
13975
14000
14012
14050
14062
14075
14112
14125
14112
14125
14112
14100
14087
14100
14087
14075
14062
14050
14037
14025
14037
14025
14037
14025
14037
14012
13987
13962
13937
13900
13862
13850
13837
13825
13812
13825
13812
13800
13787
13775
13762
13750
13737
13725
13712
13700
13687
13675
13687
13700
13712
13725
13737
13750
13762
13775
13812
13850
13887
13937
14000
14062
14125
14187
14225
14262
14300
14312
14325
14362
14375
14387
14400
14412
14400
14412
14400
14412
14400
14412
14400
14387
14375
14387
14375
14387
14425
14437
14450
14462
14475
14462
14475
14462
14475
14462
14475
14462
14475
14462
14450
14437
14425
14412
14400
14412
14400
14412
14425
14437
14450
14487
14512
14550
14587
14625
14662
14675
14687
14700
14712
14700
14712
14700
14687
14675
14662
14650
14637
14650
14662
14675
14687
14700
14712
14725
14737
14725
14737
14712
14662
14650
14637
14600
14600
14600
14562
14550
14537
14537
14525
14512
14500
14487
14475
14462
14475
14462
14450
14437
14425
14412
14425
14437
14450
14462
14475
14462
14475
14462
14450
14437
14425
14412
14400
14412
14400
14412
14400
14412
14425
14425
14437
14450
14462
14450
14475
14462
14475
14462
14475
14462
14450
14437
14450
14437
14450
14462
14450
14437
14425
14387
14375
14362
14350
14337
14350
14337
14350
14362
14412
14450
14525
14600
14675
14750
14825
14900
14962
15037
15100
15162
15225
15287
15350
15387
15425
15437
15450
15462
15500
15525
15562
15575
15587
15575
15550
15537
15525
15487
15475
15462
15425
15387
15350
15275
15200
15125
15075
15025
15000
14987
14975
14937
14925
14912
14900
14912
14925
14912
14900
14887
14850
14837
14850
14862
14850
14837
14800
14737
14700
14662
14625
14612
14600
14550
14525
14525
14512
14487
14475
14462
14412
14362
14312
14262
14212
14175
14137
14100
14087
14050
14037
14025
14050
14050
14075
14075
14100
14087
14075
14062
14050
14037
14025
14012
14000
13987
13987
13975
13987
13962
13962
13937
13937
13912
13925
13912
13900
13887
13875
13862
13850
13862
13850
13862
13875
13887
13875
13887
13875
13837
13825
13812
13775
13762
13750
13737
13725
13737
13725
13737
13725
13737
13725
13712
13700
13687
13650
13637
13625
13612
13600
13587
13575
13562
13550
13537
13550
13562
13600
13637
13712
13762
13812
13862
13912
13937
14000
14062
14125
14162
14200
14237
14250
14275
14325
14350
14375
14425
14437
14450
14450
14450
14450
14437
14425
14425
14425
14400
14387
14375
14362
14325
14287
14250
14212
14175
14162
14150
14137
14125
14112
14075
14037
14000
13962
13925
13875
13850
13825
13800
13812
13825
13837
13875
13912
13925
13962
13962
13937
13887
13862
13812
13775
13762
13750
13737
13725
13737
13750
13762
13750
13737
13725
13687
13675
13650
13650
13625
13625
13600
13612
13600
13625
13612
13625
13637
13650
13650
13662
13650
13637
13625
13612
13587
13587
13562
13575
13550
13562
13550
13562
13537
13550
13537
13562
13587
13612
13637
13687
13700
13687
13700
13687
13675
13662
13650
13612
13575
13537
13500
13475
13462
13450
13437
13425
13437
13425
13437
13425
13437
13425
13437
13425
13412
13400
13387
13350
13312
13300
13262
13250
13237
13250
13237
13250
13262
13300
13312
13350
13387
13400
13412
13450
13475
13512
13575
13637
13700
13737
13775
13812
13850
13887
13937
13962
13987
13987
13987
13987
14000
14012
14025
14037
14025
14012
14000
13987
13962
13950
13937
13925
13912
13925
13912
13925
13912
13925
13912
13900
13887
13900
13887
13900
13912
13925
13912
13925
13912
13900
13862
13825
13762
13700
13662
13625
13612
13625
13637
13662
13687
13712
13737
13762
13775
13787
13800
13787
13800
13787
13775
13737
13700
13662
13625
13587
13575
13562
13525
13487
13450
13425
13387
13350
13312
13300
13262
13250
13237
13250
13262
13275
13287
13325
13362
13362
13387
13412
13412
13387
13400
13387
13350
13337
13325
13287
13275
13262
13225
13212
13200
13187
13200
13212
13225
13237
13250
13237
13250
13237
13250
13237
13250
13237
13250
13225
13225
13200
13200
13175
13187
13175
13162
13150
13137
13125
13112
13137
13137
13162
13162
13187
13200
13212
13225
13237
13250
13237
13225
13212
13225
13212
13200
13187
13175
13162
13137
13137
13162
13162
13162
13200
13212
13225
13275
13325
13375
13437
13512
13575
13637
13662
13687
13712
13737
13737
13775
13787
13800
13787
13800
13787
13800
13787
13800
13775
13775
13737
13737
13737
13750
13775
13812
13837
13862
13887
13875
13887
13900
13875
13875
13875
13875
13837
13837
13812
13787
13762
13750
13712
13675
13637
13600
13562
13525
13512
13500
13500
13500
13512
13525
13537
13550
13562
13575
13587
13600
13612
13600
13625
13612
13625
13637
13650
13650
13662
13675
13662
13650
13637
13625
13612
13600
13612
13600
13612
13600
13587
13575
13562
13525
13512
13500
13500
13487
13500
13500
13512
13525
13562
13575
13587
13600
13612
13600
13612
13600
13587
13575
13562
13550
13537
13550
13537
13550
13537
13550
13537
13550
13537
13550
13537
13550
13537
13550
13537
13550
13537
13525
13512
13500
13500
13487
13500
13500
13512
13525
13562
13575
13587
13600
13612
13600
13612
13600
13587
13587
13587
13562
13562
13562
13550
13537
13550
13537
13550
13562
13575
13587
13625
13637
13650
13687
13725
13762
13825
13887
13937
14000
14062
14125
14162
14200
14237
14250
14262
14275
14287
14275
14262
14250
14237
14200
14162
14150
14112
14100
14087
14075
14062
14050
14037
14025
14037
14025
14037
14025
14012
13975
13937
13875
13825
13762
13700
13662
13637
13612
13600
13587
13550
13537
13500
13500
13500
13512
13525
13562
13575
13600
13625
13650
13650
13675
13687
13700
13712
13725
13712
13675
13637
13600
13562
13550
13537
13550
13537
13525
13487
13475
13450
13412
13400
13387
13375
13387
13425
13437
13450
13462
13450
13412
13400
13387
13350
13337
13325
13312
13300
13287
13275
13262
13250
13237
13250
13237
13250
13237
13250
13262
13275
13287
13300
13312
13287
13287
13287
13287
13287
13300
13287
13275
13262
13250
13237
13250
13237
13250
13237
13250
13262
13275
13287
13325
13337
13325
13337
13325
13287
13275
13262
13250
13237
13250
13237
13250
13237
13250
13262
13300
13337
13400
13437
13475
13500
13537
13575
13637
13700
13762
13800
13837
13875
13912
13937
14000
14062
14100
14112
14125
14137
14125
14137
14150
14137
14125
14112
14075
14062
14050
14037
14050
14062
14075
14075
14087
14075
14087
14075
14075
14037
14025
13987
13962
13925
13887
13825
13762
13700
13662
13625
13612
13625
13637
13650
13662
13650
13637
13612
13600
13587
13600
13587
13587
13575
13562
13550
13537
13550
13537
13550
13537
13550
13537
13550
13537
13525
13487
13450
13425
13387
13350
13312
13300
13262
13250
13237
13250
13237
13250
13237
13250
13262
13275
13287
13300
13312
13300
13287
13275
13262
13250
13237
13225
13225
13225
13225
13225
13250
13237
13250
13237
13250
13237
13250
13237
13262
13262
13287
13287
13312
13300
13312
13300
13287
13275
13262
13250
13237
13225
13212
13200
13162
13150
13125
13100
13075
13075
13050
13037
13025
13012
13000
12987
13000
12987
13000
12987
12975
12962
12950
12950
12937
12950
12937
12950
12937
12950
12950
12987
13025
13087
13150
13212
13275
13337
13400
13437
13475
13487
13500
13500
13512
13525
13562
13575
13587
13625
13637
13650
13662
13675
13662
13650
13637
13625
13612
13625
13637
13650
13687
13725
13737
13775
13787
13775
13737
13700
13637
13575
13537
13500
13475
13437
13425
13387
13350
13312
13300
13262
13225
13212
13200
13187
13175
13162
13150
13137
13125
13112
13125
13112
13125
13137
13175
13187
13225
13237
13250
13237
13225
13187
13150
13112
13075
13037
13025
13012
13000
12987
13000
13012
13025
13012
13025
13012
12975
12937
12925
12887
12862
12837
12837
12812
12825
12812
12837
12837
12862
12887
12912
12925
12950
12962
12975
12987
13000
12987
12975
12962
12975
12950
12962
12975
12962
12950
12950
12950
12950
12962
12975
12987
13000
12987
12975
12962
12950
12925
12912
12900
12862
12850
12837
12800
12787
12800
12787
12800
12837
12850
12862
12875
12887
12875
12862
12850
12837
12825
12812
12837
12862
12900
12950
13025
13100
13175
13250
13325
13400
13450
13487
13525
13537
13550
13537
13550
13537
13550
13537
13550
13537
13550
13562
13575
13587
13625
13637
13650
13687
13700
13712
13725
13737
13725
13712
13700
13687
13675
13662
13675
13662
13675
13662
13675
13662
13675
13662
13675
13687
13687
13662
13637
13587
13537
13487
13475
13450
13450
13450
13462
13475
13500
13512
13525
13537
13550
13537
13550
13537
13550
13537
13525
13487
13450
13425
13387
13350
13337
13325
13312
13300
13312
13300
13312
13300
13312
13325
13337
13350
13362
13375
13362
13350
13312
13275
13237
13200
13162
13125
13125
13100
13100
13100
13125
13137
13175
13187
13225
13237
13250
13237
13250
13237
13250
13237
13225
13212
13200
13187
13175
13187
13175
13187
13175
13187
13175
13187
13175
13187
13175
13187
13175
13187
13175
13187
13175
13162
13150
13175
13175
13175
13200
13200
13187
13200
13212
13200
13212
13225
13200
13200
13200
13175
13150
13137
13125
13112
13125
13112
13125
13137
13175
13175
13212
13250
13287
13325
13400
13450
13512
13575
13637
13675
13712
13750
13787
13825
13862
13900
13912
13925
13937
13950
13937
13950
13937
13925
13912
13900
13862
13850
13812
13775
13762
13750
13737
13750
13762
13775
13787
13775
13737
13700
13637
13600
13550
13525
13500
13500
13487
13500
13487
13500
13500
13537
13537
13575
13612
13625
13612
13612
13600
13562
13550
13537
13525
13512
13500
13500
13487
13500
13500
13512
13525
13537
13550
13537
13525
13487
13475
13450
13412
13375
13362
13325
13312
13300
13312
13300
13312
13300
13312
13300
13312
13300
13312
13300
13312
13300
13287
13275
13262
13250
13237
13250
13237
13262
13262
13287
13312
13325
13325
13325
13325
13300
13312
13300
13287
13250
13237
13200
13187
13175
13162
13150
13137
13125
13112
13125
13112
13125
13137
13150
13137
13150
13137
13100
13087
13075
13062
13037
13037
13012
13012
13012
13050
13087
13150
13212
13287
13362
13425
13475
13525
13537
13550
13562
13575
13587
13625
13637
13650
13662
13675
13662
13687
13687
13687
13687
13687
13650
13637
13625
13587
13575
13562
13525
13525
13525
13525
13550
13575
13600
13625
13650
13650
13650
13612
13575
13512
13450
13400
13337
13300
13262
13250
13262
13275
13287
13300
13312
13300
13312
13300
13287
13250
13237
13200
13187
13175
13187
13200
13212
13225
13262
13275
13287
13300
13287
13275
13262
13225
13187
13150
13112
13075
13037
13025
13012
13000
12987
13000
12987
13000
12987
13012
13012
13037
13037
13062
13050
13037
13025
13012
12975
12962
12950
12950
12937
12950
12950
12962
12975
12987
13000
13012
13025
13037
13050
13037
13025
13012
12975
12962
12950
12925
12912
12900
12887
12875
12887
12875
12862
12850
12862
12850
12862
12875
12862
12850
12837
12800
12787
12762
12737
12712
12712
12687
12700
12687
12700
12687
12712
12712
12737
12762
12787
12800
12837
12875
12900
12937
12975
13012
13050
13062
13100
13137
13175
13187
13225
13262
13275
13262
13275
13262
13225
13212
13200
13162
13125
13112
13100
13087
13100
13112
13125
13137
13150
13162
13175
13162
13125
13112
13075
13037
13025
13012
12975
12975
12975
12975
13000
13025
13037
13050
13062
13050
13062
13050
13037
13025
13012
12975
12962
12950
12950
12937
12950
12925
12925
12925
12937
12962
13000
13037
13037
13037
13012
12987
12962
12950
12925
12887
12875
12837
12825
12812
12800
12787
12800
12787
12800
12812
12825
12812
12800
12787
12775
12762
12737
12737
12712
12687
12637
12625
12587
12550
12537
12550
12525
12525
12525
12525
12525
12562
12575
12612
12650
12687
12700
12737
12750
12737
12725
12700
12675
12650
12650
12625
12637
12625
12637
12625
12637
12625
12637
12650
12662
12675
12687
12700
12687
12675
12662
12650
12612
12600
12587
12575
12562
12575
12562
12575
12562
12575
12562
12575
12587
12625
12662
12725
12787
12850
12900
12962
13025
13087
13125
13162
13175
13200
13200
13225
13250
13300
13337
13400
13437
13475
13487
13475
13437
13425
13387
13375
13362
13375
13350
13350
13362
13400
13412
13462
13487
13500
13487
13475
13462
13450
13412
13375
13337
13300
13250
13225
13200
13200
13175
13187
13175
13187
13200
13212
13225
13237
13250
13237
13250
13237
13250
13262
13275
13287
13300
13312
13300
13312
13300
13287
13250
13237
13200
13162
13150
13137
13125
13112
13125
13112
13125
13112
13125
13137
13150
13137
13150
13137
13125
13112
13125
13112
13125
13112
13125
13112
13125
13112
13125
13112
13125
13112
13125
13112
13125
13112
13125
13112
13125
13112
13100
13087
13075
13062
13037
13037
13037
13037
13037
13075
13087
13100
13100
13100
13100
13100
13075
13062
13050
13012
12975
12962
12950
12950
12950
12962
12975
12987
13000
13012
13025
13037
13050
13062
13050
13062
13050
13062
13050
13062
13075
13125
13150
13200
13250
13300
13337
13400
13450
13512
13575
13637
13675
13712
13750
13762
13775
13787
13775
13737
13725
13687
13675
13650
13650
13625
13625
13600
13612
13600
13587
13575
13562
13550
13537
13550
13537
13525
13475
13450
13412
13387
13362
13350
13312
13300
13262
13250
13237
13225
13212
13200
13162
13125
13112
13075
13037
13025
13012
12975
12962
12975
12962
12975
13012
13025
13037
13050
13037
13025
13012
12975
12962
12950
12950
12937
12950
12937
12950
12937
12950
12937
12950
12925
12925
12887
12875
12837
12837
12812
12825
12800
12812
12825
12862
12875
12925
12937
12950
12937
12950
12937
12925
12912
12900
12887
12875
12887
12875
12887
12900
12912
12925
12937
12950
12950
12962
12975
12987
13000
12987
13000
12975
12950
12925
12900
12862
12850
12837
12825
12812
12800
12787
12775
12762
12750
12762
12750
12762
12750
12737
12700
12687
12650
12612
12600
12587
12575
12587
12625
12662
12725
12787
12850
12925
13000
13075
13150
13187
13237
13262
13287
13312
13337
13350
13362
13375
13387
13400
13412
13425
13437
13425
13412
13400
13412
13400
13412
13425
13437
13450
13462
13475
13487
13500
13487
13475
13437
13400
13337
13275
13212
13187
13162
13162
13162
13187
13200
13212
13225
13237
13250
13237
13250
13262
13275
13262
13275
13262
13250
13237
13250
13225
13225
13200
13200
13175
13187
13175
13162
13150
13137
13125
13112
13125
13112
13125
13112
13125
13112
13125
13112
13125
13112
13100
13087
13075
13062
13075
13087
13075
13087
13075
13062
13050
13062
13050
13037
13025
13012
13000
13012
13025
13037
13050
13062
13050
13037
13037
13037
13037
13037
13062
13050
13062
13075
13087
13075
13087
13075
13062
13050
13062
13050
13062
13050
13062
13050
13062
13050
13062
13050
13062
13050
13025
13000
12975
12925
12887
12875
12837
12825
12812
12825
12812
12825
12812
12800
12787
12775
12762
12750
12762
12750
12737
12725
12712
12700
12712
12750
12762
12800
12837
12850
12875
12900
12925
12937
12987
13025
13087
13150
13187
13237
13287
13312
13337
13387
13400
13412
13425
13437
13425
13412
13400
13387
13350
13337
13325
13287
13275
13262
13250
13237
13250
13237
13250
13237
13250
13225
13225
13225
13225
13200
13212
13200
13162
13150
13137
13100
13087
13075
13037
13025
13012
13000
12987
13000
12987
13000
12987
12975
12962
12950
12950
12937
12950
12937
12950
12937
12950
12937
12950
12937
12925
12912
12887
12862
12837
12837
12837
12850
12862
12875
12862
12850
12825
12812
12800
12787
12750
12750
12712
12700
12687
12675
12662
12650
12637
12650
12662
12675
12712
12725
12737
12750
12737
12725
12712
12700
12687
12675
12662
12675
12662
12675
12712
12725
12737
12775
12787
12800
12812
12825
12812
12825
12812
12825
12812
12800
12787
12775
12737
12700
12662
12625
12587
12550
12537
12525
12512
12500
12512
12525
12525
12525
12550
12550
12550
12562
12575
12562
12575
12562
12550
12512
12500
12462
12462
12450
12462
12450
12462
12450
12462
12450
12437
12400
12387
12350
12312
12300
12312
12300
12287
12300
12312
12300
12312
12325
12350
12375
12412
12462
12537
12600
12662
12725
12787
12850
12900
12937
12975
12987
13000
12987
12962
12937
12912
12875
12850
12837
12825
12800
12800
12775
12775
12750
12775
12800
12812
12825
12862
12862
12862
12875
12887
12875
12887
12875
12862
12825
12812
12775
12737
12725
12712
12675
12662
12650
12612
12575
12537
12475
12437
12412
12375
12337
12325
12287
12275
12262
12250
12237
12225
12175
12150
12125
12100
12075
12062
12025
11987
11950
11912
11887
11887
11875
11837
11800
11787
11737
11700
11687
11675
11637
11637
11637
11612
11587
11587
11550
11512
11500
11487
11450
11437
11425
11425
11425
11437
11450
11462
11475
11462
11475
11462
11475
11487
11500
11512
11525
11512
11500
11487
11450
11437
11450
11437
11425
11437
11425
11425
11412
11425
11425
11437
11450
11462
11475
11462
11475
11462
11450
11412
11400
11375
11337
11300
11287
11250
11237
11250
11287
11325
11375
11412
11450
11462
11475
11462
11450
11437
11425
11400
11387
11375
11337
11300
11287
11250
11237
11225
11237
11225
11237
11225
11237
11225
11237
11225
11212
11200
11187
11175
11187
11200
11212
11250
11287
11325
11375
11437
11475
11525
11537
11550
11562
11575
11575
11587
11600
11575
11587
11575
11562
11550
11550
11537
11525
11537
11550
11587
11600
11637
11675
11687
11675
11662
11650
11612
11600
11587
11575
11562
11550
11512
11475
11462
11425
11400
11387
11375
11362
11350
11362
11350
11337
11325
11312
11300
11287
11300
11287
11300
11287
11300
11287
11300
11287
11300
11312
11325
11337
11350
11337
11325
11312
11300
11275
11275
11250
11250
11225
11237
11225
11237
11225
11237
11225
11250
11250
11275
11275
11300
11287
11300
11287
11275
11237
11225
11187
11175
11162
11175
11187
11225
11262
11300
11312
11325
11312
11300
11287
11275
11237
11225
11187
11150
11137
11125
11112
11125
11137
11150
11162
11187
11187
11212
11212
11237
11225
11237
11225
11212
11200
11187
11175
11187
11225
11262
11300
11337
11375
11387
11375
11362
11350
11312
11275
11262
11250
11212
11200
11187
11150
11137
11125
11112
11100
11112
11125
11137
11162
11187
11212
11237
11287
11300
11337
11375
11387
11400
11425
11437
11450
11487
11500
11512
11550
11587
11600
11637
11687
11712
11737
11787
11812
11825
11862
11875
11887
11912
11912
11912
11912
11887
11850
11837
11800
11787
11775
11762
11750
11762
11750
11762
11800
11837
11850
11887
11900
11912
11900
11912
11900
11887
11850
11812
11750
11712
11675
11662
11650
11662
11650
11662
11675
11687
11700
11712
11725
11712
11725
11712
11725
11737
11750
11762
11762
11762
11737
11737
11712
11700
11687
11675
11662
11650
11662
11637
11650
11637
11625
11612
11612
11562
11537
11512
11462
11437
11425
11425
11412
11425
11412
11425
11425
11437
11450
11487
11500
11512
11550
11562
11575
11587
11575
11537
11525
11487
11450
11437
11425
11425
11412
11425
11425
11462
11475
11487
11500
11487
11450
11412
11400
11375
11362
11350
11362
11350
11362
11350
11337
11325
11312
11300
11287
11275
11262
11237
11212
11187
11162
11137
11125
11087
11075
11050
11025
11000
11000
10975
10987
10962
10975
10962
10975
10950
10937
10912
10912
10887
10900
10912
10925
10912
10925
10937
10975
11012
11075
11137
11175
11212
11250
11262
11275
11287
11300
11287
11300
11287
11300
11275
11275
11250
11250
11225
11212
11175
11162
11112
11087
11087
11087
11087
11125
11137
11150
11187
11200
11187
11200
11187
11150
11112
11075
11012
10950
10887
10850
10825
10812
10825
10837
10850
10875
10875
10875
10875
10875
10875
10912
10912
10912
10912
10887
10850
10812
10800
10762
10725
10712
10725
10712
10725
10737
10725
10712
10700
10687
10675
10687
10675
10687
10675
10662
10662
10662
10675
10687
10700
10700
10700
10662
10625
10587
10550
10512
10500
10487
10500
10487
10500
10512
10525
10537
10550
10537
10500
10462
10425
10387
10387
10375
10387
10375
10387
10375
10387
10375
10362
10362
10362
10337
10337
10337
10325
10312
10300
10262
10225
10187
10150
10112
10075
10062
10050
10025
10025
10025
10025
10000
10012
10000
10012
10000
9987
9975
9987
9975
9962
9975
9987
9962
9962
9962
9962
9937
9950
9937
9950
9937
9950
9937
9950
9962
9975
9987
10000
10025
10050
10075
10100
10162
10187
10212
10262
10312
10325
10337
10350
10337
10325
10312
10325
10312
10300
10287
10300
10312
10325
10362
10412
10437
10462
10487
10475
10462
10450
10437
10425
10412
10400
10387
10387
10375
10387
10375
10387
10387
10400
10412
10462
10487
10512
10537
10562
10575
10612
10650
10712
10775
10825
10887
10950
11012
11050
11087
11125
11162
11175
11212
11225
11237
11225
11212
11175
11137
11075
11012
10950
10912
10875
10850
10837
10850
10837
10850
10862
10875
10862
10875
10862
10850
10812
10775
10712
10650
10612
10575
10537
10525
10512
10500
10512
10525
10537
10575
10587
10600
10612
10625
10612
10625
10600
10600
10600
10600
10600
10612
10600
10587
10575
10562
10575
10612
10612
10637
10637
10637
10612
10625
10612
10625
10612
10625
10612
10637
10637
10662
10662
10687
10675
10662
10650
10637
10600
10587
10575
10562
10550
10562
10550
10562
10587
10612
10637
10687
10737
10750
10787
10825
10837
10850
10875
10912
10925
10962
10975
10987
10975
11000
11000
11025
11025
11050
11037
11050
11037
11050
11062
11075
11062
11075
11062
11025
11012
11000
10987
10975
10987
10975
11000
11000
11025
11050
11100
11137
11175
11212
11225
11237
11225
11237
11225
11212
11175
11162
11125
11087
11075
11062
11050
11062
11075
11087
11125
11137
11150
11187
11200
11212
11250
11262
11275
11275
11275
11275
11300
11325
11362
11400
11412
11425
11412
11425
11412
11425
11412
11400
11387
11375
11362
11350
11362
11350
11362
11350
11362
11350
11362
11350
11362
11350
11362
11350
11362
11350
11362
11350
11362
11350
11362
11350
11362
11350
11362
11350
11362
11350
11362
11350
11362
11350
11337
11325
11312
11300
11287
11275
11262
11250
11237
11225
11237
11225
11212
11200
11187
11175
11150
11162
11150
11137
11125
11125
11087
11050
11000
10950
10900
10850
10812
10775
10712
10675
10637
10600
10587
10575
10562
10575
10612
10625
10637
10625
10612
10575
10537
10525
10537
10550
10587
10650
10712
10775
10825
10862
10900
10912
10925
10912
10900
10862
10850
10825
10787
10775
10762
10725
10712
10700
10662
10625
10612
10575
10562
10550
10562
10550
10562
10550
10562
10550
10562
10550
10562
10575
10612
10625
10662
10675
10687
10675
10687
10675
10687
10675
10687
10675
10687
10675
10687
10712
10737
10762
10812
10850
10862
10900
10937
10950
10937
10925
10912
10875
10850
10837
10850
10837
10850
10875
10887
10900
10912
10900
10900
10900
10900
10900
10925
10912
10925
10912
10900
10887
10900
10887
10900
10912
10925
10937
10950
10962
10975
10962
10950
10962
10950
10937
10925
10925
10900
10875
10850
10850
10850
10837
10850
10862
10875
10875
10887
10900
10937
10950
10962
10975
10987
10975
10962
10950
10937
10925
10912
10925
10912
10925
10912
10925
10912
10937
10937
10962
10987
11012
11025
11025
11025
11025
11025
11000
11012
11000
10962
10950
10937
10900
10887
10875
10875
10862
10875
10875
10900
10900
10900
10887
10900
10887
10900
10937
10975
11012
11075
11112
11150
11187
11225
11262
11325
11375
11437
11475
11512
11550
11562
11575
11612
11625
11612
11625
11612
11575
11562
11575
11562
11575
11587
11600
11612
11625
11612
11625
11612
11600
11587
11575
11562
11550
11537
11525
11537
11525
11512
11500
11512
11500
11512
11525
11537
11525
11537
11525
11512
11475
11437
11400
11375
11362
11350
11362
11375
11400
11412
11450
11462
11450
11412
11400
11375
11337
11300
11287
11275
11262
11275
11312
11350
11362
11375
11362
11350
11300
11250
11200
11175
11125
11087
11075
11062
11050
11037
11050
11037
11050
11037
11050
11037
11050
11037
11025
10987
10975
10937
10925
10912
10925
10900
10900
10900
10900
10900
10912
10925
10912
10900
10862
10825
10775
10737
10700
10687
10675
10687
10675
10687
10675
10687
10675
10687
10675
10687
10675
10687
10675
10687
10675
10687
10675
10687
10675
10687
10700
10712
10725
10762
10775
10787
10825
10837
10850
10875
10887
10900
10900
10900
10875
10875
10862
10850
10837
10825
10812
10825
10837
10850
10862
10875
10862
10850
10837
10812
10787
10762
10737
10687
10675
10625
10600
10575
10575
10550
10562
10550
10562
10550
10562
10550
10562
10575
10587
10600
10612
10637
10637
10637
10637
10637
10600
10562
10525
10487
10437
10412
10375
10362
10337
10337
10337
10350
10362
10387
10400
10412
10412
10412
10387
10362
10325
10287
10250
10212
10200
10187
10200
10187
10200
10187
10200
10187
10162
10112
10062
10025
10012
10012
10037
10062
10050
10012
9975
9937
9900
9887
9900
9937
9975
10062
10150
10250
10375
10500
10612
10725
10800
10875
10950
11025
11100
11175
11250
11300
11350
11387
11437
11487
11562
11625
11687
11750
11787
11825
11837
11850
11862
11875
11887
11912
11950
11962
12000
12037
12050
12062
12075
12062
12025
11987
11925
11862
11812
11750
11712
11675
11637
11625
11612
11612
11612
11637
11662
11687
11712
11737
11762
11787
11812
11825
11837
11825
11812
11800
11762
11725
11712
11675
11662
11650
11662
11675
11712
11750
11787
11825
11862
11887
11887
11912
11937
11937
11937
11950
11962
11950
11962
11950
11962
11975
11987
12000
12012
12025
12012
12025
12037
12050
12062
12075
12062
12050
12037
12025
12012
12000
11987
11975
11962
11950
11937
11925
11912
11912
11900
11912
11900
11912
11900
11887
11875
11887
11875
11887
11912
11925
11937
11950
11962
11975
11987
11975
11962
11950
11912
11887
11850
11837
11800
11787
11775
11762
11750
11737
11725
11737
11750
11762
11775
11787
11775
11800
11800
11825
11825
11850
11837
11850
11837
11825
11812
11825
11812
11800
11812
11800
11787
11775
11787
11775
11787
11775
11762
11750
11762
11750
11762
11800
11812
11825
11837
11825
11812
11787
11762
11737
11712
11687
11700
11675
11675
11675
11675
11675
11687
11700
11712
11737
11737
11762
11762
11787
11775
11787
11775
11762
11725
11687
11650
11612
11600
11575
11575
11550
11550
11550
11562
11575
11587
11600
11587
11600
11612
11612
11612
11612
11612
11587
11600
11587
11600
11587
11575
11562
11550
11537
11550
11587
11637
11712
11787
11850
11900
11937
11950
11937
11925
11912
11887
11875
11862
11825
11812
11800
11787
11800
11837
11862
11925
11950
11975
11975
11975
11950
11937
11925
11912
11912
11900
11912
11900
11912
11900
11912
11912
11925
11937
11950
11937
11925
11912
11887
11875
11862
11850
11837
11850
11862
11887
11925
11962
12000
12000
12000
12000
12000
12000
12012
12000
11987
11975
11962
11950
11962
11950
11962
11950
11962
11950
11937
11925
11912
11887
11875
11862
11850
11825
11825
11800
11800
11775
11787
11775
11787
11800
11837
11862
11900
11912
11925
11912
11887
11850
11812
11775
11762
11775
11787
11825
11837
11825
11812
11800
11762
11725
11687
11650
11612
11600
11612
11650
11687
11725
11762
11762
11762
11762
11762
11737
11750
11737
11725
11750
11800
11837
11912
11987
12050
12075
12125
12150
12175
12175
12212
12200
12212
12200
12212
12225
12262
12275
12312
12350
12362
12375
12387
12400
12387
12375
12362
12350
12337
12325
12337
12325
12312
12300
12287
12275
12262
12275
12262
12250
12237
12225
12187
12150
12112
12050
12012
12000
12012
12050
12112
12150
12187
12200
12212
12200
12187
12150
12112
12075
12037
12000
11987
11975
11962
11975
11987
12000
12037
12075
12087
12125
12162
12175
12162
12150
12137
12100
12087
12075
12062
12025
12012
11975
11962
11975
12012
12050
12112
12150
12187
12200
12187
12175
12162
12150
12137
12150
12137
12150
12137
12150
12137
12150
12162
12175
12187
12200
12212
12225
12262
12275
12312
12350
12362
12375
12387
12400
12387
12375
12362
12350
12337
12325
12337
12325
12337
12325
12337
12325
12337
12325
12337
12325
12337
12350
12362
12375
12412
12425
12437
12462
12500
12537
12600
12662
12725
12787
12825
12862
12875
12887
12900
12925
12937
12975
13012
13025
13012
13025
13012
13000
12987
13000
12987
13000
12987
12975
12962
12950
12925
12925
12925
12900
12900
12887
12862
12837
12812
12762
12725
12662
12625
12612
12600
12612
12625
12637
12625
12637
12625
12612
12575
12562
12525
12512
12487
12487
12462
12437
12400
12387
12350
12312
12275
12262
12212
12162
12137
12112
12062
12025
11975
11900
11825
11762
11687
11625
11587
11537
11487
11437
11387
11350
11312
11275
11237
11225
11187
11150
11137
11125
11112
11100
11112
11100
11112
11100
11087
11075
11062
11025
10987
10950
10875
10825
10787
10737
10712
10725
10712
10725
10762
10800
10825
10862
10875
10862
10850
10825
10787
10750
10712
10675
10625
10600
10575
10550
10525
10537
10525
10512
10500
10487
10450
10412
10375
10337
10287
10225
10162
10100
10037
9975
9912
9875
9825
9825
9812
9825
9812
9837
9837
9850
9862
9900
9937
9950
9962
9950
9937
9900
9862
9850
9862
9875
9875
9900
9900
9900
9875
9887
9875
9887
9900
9912
9925
9962
9975
9987
10000
9987
9975
9962
9925
9912
9900
9862
9850
9837
9837
9825
9837
9825
9837
9837
9875
9887
9925
9937
9950
9937
9950
9962
9975
9987
10000
10025
10025
10050
10050
10075
10062
10075
10062
10075
10062
10075
10062
10075
10062
10050
10037
10025
10012
10025
10037
10050
10062
10075
10062
10075
10087
10100
10087
10112
10112
10112
10112
10137
10125
10112
10112
10112
10112
10112
10150
10150
10175
10175
10200
10212
10225
10212
10225
10212
10200
10187
10200
10212
10225
10237
10250
10262
10275
10287
10300
10312
10325
10337
10350
10362
10375
10362
10350
10337
10325
10337
10362
10375
10412
10425
10462
10475
10512
10525
10562
10550
10562
10550
10537
10500
10487
10450
10437
10412
10412
10387
10387
10387
10425
10462
10500
10537
10575
10587
10600
10612
10625
10612
10600
10587
10575
10562
10550
10562
10550
10562
10550
10562
10550
10562
10550
10562
10575
10587
10575
10587
10575
10562
10550
10562
10550
10562
10550
10537
10500
10487
10450
10412
10400
10387
10362
10325
10287
10250
10212
10200
10187
10175
10137
10100
10037
9975
9912
9850
9787
9737
9700
9662
9662
9662
9687
9687
9712
9700
9712
9700
9712
9700
9712
9687
9700
9687
9700
9687
9687
9675
9662
9650
9637
9650
9637
9650
9637
9625
9587
9575
9562
9575
9587
9600
9612
9600
9587
9600
9637
9675
9737
9775
9812
9825
9837
9825
9837
9837
9850
9837
9850
9837
9812
9800
9812
9812
9825
9862
9900
9912
9925
9962
9975
9987
10025
10062
10100
10162
10225
10287
10337
10375
10412
10450
10487
10500
10550
10575
10600
10600
10600
10562
10550
10537
10550
10562
10600
10637
10675
10712
10750
10787
10800
10812
10800
10812
10800
10812
10800
10812
10825
10837
10850
10875
10887
10900
10912
10925
10937
10975
11012
11075
11137
11200
11262
11325
11375
11437
11500
11562
11600
11637
11650
11662
11675
11725
11737
11775
11812
11850
11862
11925
11987
12050
12112
12175
12250
12325
12387
12462
12537
12600
12637
12687
12737
12787
12837
12887
12900
12912
12937
12987
13075
13200
13325
13400
13462
13500
13550
13600
13675
13725
13775
13787
13800
13787
13775
13762
13775
13762
13775
13812
13850
13887
13937
14000
14062
14100
14112
14125
14112
14100
14112
14150
14162
14175
14187
14175
14162
14150
14137
14100
14087
14037
13987
13937
13887
13825
13762
13700
13662
13650
13625
13625
13625
13600
13550
13512
13450
13425
13387
13350
13337
13325
13312
13325
13337
13350
13362
13375
13362
13375
13362
13350
13312
13275
13237
13200
13187
13175
13187
13175
13187
13175
13187
13175
13187
13200
13212
13200
13212
13200
13162
13150
13125
13100
13100
13100
13100
13112
13125
13112
13125
13137
13150
13162
13175
13162
13150
13137
13125
13112
13100
13087
13075
13062
13050
13062
13075
13087
13100
13112
13100
13087
13075
13037
13025
13012
13000
13012
13062
13087
13150
13212
13275
13325
13400
13437
13450
13462
13450
13437
13425
13412
13400
13387
13350
13337
13325
13287
13275
13287
13275
13287
13300
13312
13300
13287
13275
13262
13225
13187
13137
13087
13037
13012
12987
12975
12937
12925
12900
12887
12875
12887
12900
12900
12900
12925
12925
12925
12937
12925
12912
12900
12862
12825
12812
12775
12737
12725
12712
12675
12662
12650
12637
12625
12612
12575
12562
12525
12487
12450
12412
12362
12300
12237
12175
12112
12050
11987
11925
11862
11812
11750
11687
11625
11587
11550
11512
11475
11437
11375
11325
11262
11200
11125
11050
10975
10887
10800
10737
10650
10562
10487
10400
10312
10237
10150
10062
9987
9912
9850
9775
9712
9637
9587
9562
9550
9537
9512
9450
9337
9212
9100
8987
8875
8775
8687
8612
8525
8450
8387
8325
8250
8162
8075
7975
7875
7787
7700
7637
7550
7450
7337
7212
7087
6975
6862
6762
6675
6600
6512
6412
6312
6200
6087
6000
5912
5825
5762
5700
5637
5587
5512
5425
5337
5225
5100
4987
4887
4775
4675
4587
4512
4425
4337
4250
4187
4112
4050
4025
3987
3925
3900
3862
3825
3787
3750
3687
3637
3562
3512
3450
3387
3325
3262
3187
3100
3012
2912
2812
2700
2600
2487
2400
2300
2212
2125
2050
1975
1925
1862
1787
1700
1612
1525
1437
1375
1312
1250
1212
1125
1087
1025
937
825
750
612
487
387
275
187
112
62
12
0
0
0
0
0
0
0
0
0
0
0
0
0
0
0
0
0
0
0
0
0
0
0
0
0
0
0
0
0
0
0
