t = 60.000000, p = 536.000000
18300
18312
18300
18287
18250
18237
18200
18175
18137
18100
18037
17975
17912
17850
17787
17725
17662
17600
17575
17537
17500
17462
17450
17412
17400
17387
17400
17412
17425
17437
17450
17437
17400
17387
17350
17312
17275
17262
17225
17187
17150
17112
17062
17000
16937
16900
16862
16850
16837
16825
16812
16800
16787
16775
16762
16725
16712
16675
16637
16625
16612
16587
16575
16562
16525
16512
16500
16487
16475
16487
16475
16487
16475
16487
16475
16487
16475
16462
16450
16437
16400
16362
16350
16312
16275
16237
16225
16187
16175
16162
16150
16137
16125
16112
16100
16112
16100
16112
16100
16112
16100
16112
16125
16162
16200
16262
16325
16387
16450
16512
16575
16650
16725
16812
16900
16987
17062
17162
17250
17350
17437
17525
17587
17675
17750
17825
17900
17975
18037
18075
18125
18162
18212
18237
18287
18325
18337
18350
18362
18375
18362
18375
18362
18375
18387
18400
18412
18425
18437
18425
18437
18425
18437
18425
18437
18450
18462
18475
18487
18475
18462
18437
18387
18337
18287
18212
18150
18100
18037
18000
17950
17900
17850
17800
17725
17662
17600
17550
17487
17450
17412
17375
17362
17350
17337
17350
17362
17350
17362
17375
17362
17375
17387
17400
17387
17400
17387
17375
17362
17350
17337
17325
17312
17275
17237
17175
17112
17087
17050
17012
17000
16987
16950
16937
16925
16887
16850
16837
16800
16787
16775
16787
16775
16762
16725
16687
16650
16612
16612
16587
16587
16562
16562
16537
16550
16537
16525
16512
16500
16487
16475
16487
16475
16462
16450
16437
16400
16387
16375
16362
16350
16362
16350
16362
16350
16337
16325
16312
16300
16287
16275
16262
16250
16212
16200
16187
16150
16137
16125
16112
16087
16100
16087
16075
16062
16087
16100
16150
16237
16325
16425
16512
16600
16675
16762
16837
16912
17000
17075
17150
17237
17325
17412
17500
17575
17662
17750
17825
17900
17975
18037
18100
18150
18212
18250
18287
18300
18312
18325
18337
18325
18337
18350
18337
18350
18362
18375
18362
18375
18362
18375
18362
18375
18362
18375
18362
18375
18362
18375
18362
18375
18350
18350
18325
18300
18275
18262
18225
18187
18137
18100
18037
17975
17912
17862
17787
17712
17637
17550
17500
17437
17387
17337
17325
17287
17275
17262
17275
17287
17300
17312
17325
17337
17325
17337
17325
17337
17312
17312
17287
17262
17237
17225
17187
17150
17137
17112
17075
17037
17000
16962
16925
16887
16850
16837
16800
16762
16750
16737
16725
16712
16725
16712
16725
16712
16700
16662
16650
16612
16612
16600
16612
16600
16612
16587
16562
16537
16512
16462
16450
16437
16425
16412
16425
16412
16425
16412
16425
16412
16400
16387
16375
16362
16350
16362
16350
16337
16325
16312
16275
16262
16250
16237
16225
16212
16200
16187
16150
16137
16125
16112
16100
16087
16050
16037
16012
15975
15975
15975
15975
16000
16037
16075
16137
16212
16287
16362
16437
16512
16587
16675
16775
16887
16987
17075
17175
17262
17337
17412
17500
17562
17637
17725
17787
17850
17912
17975
18025
18100
18137
18175
18187
18200
18187
18200
18187
18200
18187
18200
18200
18212
18225
18237
18250
18237
18250
18237
18250
18237
18250
18237
18225
18187
18150
18100
18037
17975
17912
17850
17787
17725
17662
17600
17550
17487
17425
17362
17325
17287
17275
17262
17275
17262
17275
17262
17275
17262
17275
17287
17300
17312
17325
17312
17275
17237
17175
17137
17112
17075
17037
17000
16962
16925
16912
16900
16887
16875
16862
16850
16837
16850
16837
16825
16812
16800
16762
16750
16737
16700
16687
16675
16637
16625
16612
16612
16600
16587
16550
16512
16475
16437
16400
16387
16375
16362
16350
16362
16337
16312
16287
16262
16237
16225
16237
16225
16212
16200
16187
16150
16137
16125
16087
16075
16062
16062
16050
16062
16050
16062
16050
16062
16087
16137
16200
16287
16362
16450
16525
16612
16700
16787
16875
16962
17037
17112
17212
17300
17387
17475
17550
17625
17700
17775
17850
17912
17975
18037
18100
18150
18212
18275
18312
18350
18362
18375
18362
18375
18362
18375
18387
18400
18412
18425
18437
18425
18437
18450
18462
18475
18487
18475
18437
18400
18337
18275
18212
18175
18150
18100
18075
18050
18000
17950
17912
17850
17787
17725
17662
17600
17550
17487
17450
17412
17400
17387
17400
17412
17425
17412
17437
17437
17412
17387
17387
17350
17312
17300
17287
17250
17237
17225
17187
17150
17137
17112
17100
17087
17075
17037
17025
16987
16950
16937
16925
16887
16875
16862
16850
16837
16850
16837
16825
16812
16800
16787
16775
16787
16775
16762
16750
16737
16725
16712
16700
16687
16675
16637
16625
16612
16612
16600
16612
16600
16612
16600
16587
16575
16562
16550
16537
16525
16512
16500
16462
16450
16437
16425
16412
16400
16387
16375
16337
16300
16287
16250
16237
16225
16237
16225
16212
16200
16187
16150
16112
16100
16087
16075
16087
16100
16112
16100
16112
16100
16087
16075
16050
16037
16012
16012
15987
16000
15987
15975
15962
15950
15912
15900
15912
15925
15962
16012
16075
16137
16200
16262
16325
16400
16475
16537
16612
16712
16800
16900
17000
17112
17212
17312
17400
17475
17550
17612
17687
17762
17837
17912
17975
18037
18100
18137
18175
18187
18200
18187
18200
18200
18212
18225
18237
18250
18237
18250
18237
18250
18237
18250
18237
18262
18237
18237
18212
18212
18187
18175
18162
18150
18112
18100
18087
18050
18012
17975
17912
17850
17775
17700
17625
17550
17487
17450
17412
17375
17337
17325
17287
17250
17237
17225
17212
17225
17237
17225
17237
17225
17187
17150
17137
17112
17075
17037
17025
16987
16950
16912
16875
16837
16800
16762
16750
16737
16725
16712
16700
16687
16675
16662
16650
16662
16650
16637
16625
16612
16612
16600
16587
16575
16562
16525
16512
16500
16487
16475
16487
16475
16462
16450
16437
16425
16412
16425
16412
16400
16387
16375
16337
16325
16337
16312
16312
16312
16312
16287
16300
16287
16275
16262
16250
16237
16225
16237
16225
16212
16200
16187
16150
16150
16150
16150
16150
16150
16137
16125
16112
16100
16087
16075
16062
16062
16050
16037
16025
16012
15975
15962
15950
15937
15925
15912
15900
15887
15875
15862
15875
15862
15875
15862
15875
15887
15900
15912
15962
16000
16050
16137
16225
16300
16375
16462
16525
16600
16687
16775
16862
16950
17037
17112
17200
17287
17375
17462
17537
17600
17675
17750
17825
17900
17975
18037
18075
18112
18125
18137
18125
18137
18150
18162
18175
18187
18200
18187
18200
18187
18200
18187
18175
18162
18150
18112
18075
18037
17975
17912
17850
17787
17725
17662
17600
17550
17487
17425
17362
17325
17287
17250
17212
17200
17187
17175
17187
17200
17212
17200
17187
17175
17162
17162
17150
17137
17125
17112
17075
17062
17050
17012
16975
16962
16925
16887
16850
16837
16800
16762
16750
16737
16700
16687
16675
16637
16600
16587
16562
16525
16512
16500
16487
16475
16462
16450
16437
16400
16387
16375
16337
16325
16312
16275
16262
16250
16237
16225
16237
16212
16212
16187
16187
16162
16175
16162
16175
16162
16150
16137
16125
16112
16100
16087
16075
16062
16062
16050
16037
16025
16012
15975
15962
15950
15937
15925
15912
15900
15887
15850
15837
15825
15812
15800
15812
15800
15812
15800
15812
15825
15862
15900
15962
16012
16075
16150
16225
16300
16375
16462
16525
16600
16687
16775
16862
16950
17037
17100
17175
17250
17325
17400
17475
17550
17600
17662
17725
17787
17850
17887
17937
17962
17987
17987
18012
18000
18012
18025
18037
18050
18062
18075
18087
18100
18112
18125
18112
18112
18112
18087
18087
18087
18075
18050
18050
18025
18000
17950
17912
17875
17837
17800
17762
17725
17662
17600
17550
17487
17425
17362
17300
17237
17200
17162
17137
17125
17137
17125
17137
17150
17162
17150
17162
17162
17175
17162
17175
17162
17137
17125
17112
17075
17062
17050
17012
16975
16962
16925
16887
16875
16862
16825
16812
16800
16762
16750
16737
16700
16687
16675
16662
16650
16637
16625
16612
16612
16587
16587
16562
16562
16537
16550
16537
16525
16512
16500
16487
16475
16462
16450
16437
16425
16412
16400
16387
16375
16362
16350
16362
16350
16362
16350
16337
16325
16312
16300
16287
16300
16287
16275
16262
16250
16237
16225
16250
16237
16225
16212
16200
16150
16150
16150
16125
16100
16100
16062
16062
16050
16062
16050
16062
16050
16062
16075
16125
16175
16262
16362
16450
16537
16650
16762
16862
16962
17050
17137
17212
17300
17387
17462
17537
17600
17662
17725
17787
17850
17912
17975
18037
18075
18112
18150
18175
18187
18225
18262
18275
18287
18300
18312
18325
18337
18350
18362
18375
18362
18375
18387
18400
18387
18400
18387
18350
18312
18275
18212
18150
18100
18037
17975
17912
17850
17787
17725
17662
17600
17550
17487
17450
17437
17425
17437
17450
17462
17450
17462
17450
17462
17450
17437
17425
17412
17400
17387
17375
17337
17300
17262
17225
17187
17150
17112
17087
17050
17037
17025
17012
16975
16962
16925
16912
16900
16912
16900
16887
16875
16862
16825
16812
16800
16762
16750
16737
16700
16687
16675
16662
16650
16637
16625
16612
16587
16575
16562
16525
16512
16500
16487
16475
16462
16450
16437
16425
16412
16400
16387
16375
16362
16350
16337
16325
16312
16275
16262
16250
16212
16200
16187
16175
16162
16150
16137
16125
16112
16100
16112
16100
16087
16075
16062
16037
16025
16012
16000
15987
16000
15987
16000
15987
16000
15987
16000
16012
16037
16075
16137
16200
16262
16325
16387
16462
16525
16600
16687
16787
16875
16962
17050
17137
17212
17300
17387
17462
17537
17612
17687
17762
17837
17912
17975
18037
18100
18150
18212
18250
18287
18300
18312
18325
18337
18350
18387
18400
18412
18425
18437
18425
18412
18400
18387
18375
18362
18350
18312
18275
18212
18150
18100
18037
17975
17912
17850
17787
17725
17662
17600
17550
17487
17450
17412
17375
17362
17375
17362
17375
17387
17400
17387
17400
17387
17400
17387
17400
17387
17375
17362
17350
17312
17275
17262
17225
17187
17150
17137
17100
17075
17050
17025
17000
16987
16950
16937
16925
16912
16900
16912
16900
16887
16850
16837
16800
16762
16750
16737
16700
16687
16675
16662
16650
16637
16625
16612
16587
16575
16562
16525
16512
16500
16487
16475
16462
16450
16437
16425
16412
16437
16425
16412
16400
16387
16337
16325
16312
16300
16287
16300
16287
16275
16262
16250
16237
16225
16237
16225
16212
16200
16187
16175
16162
16175
16162
16150
16112
16100
16062
16037
16025
16012
16000
15987
15975
15962
15950
15937
15925
15937
15950
15987
16012
16075
16137
16200
16262
16325
16387
16450
16512
16575
16650
16725
16812
16900
16975
17050
17112
17187
17262
17350
17437
17525
17587
17662
17725
17787
17850
17912
17975
18037
18100
18137
18175
18187
18200
18200
18212
18225
18262
18275
18287
18325
18337
18325
18337
18325
18287
18275
18262
18225
18212
18200
18175
18137
18100
18037
17975
17912
17850
17787
17725
17662
17600
17550
17512
17475
17437
17425
17412
17400
17387
17400
17387
17400
17412
17425
17437
17450
17462
17450
17462
17450
17437
17425
17412
17400
17387
17375
17337
17300
17262
17225
17187
17150
17137
17112
17075
17062
17050
17012
17000
16987
16975
16962
16950
16937
16925
16912
16900
16912
16900
16887
16850
16837
16800
16787
16775
16787
16775
16787
16762
16762
16737
16737
16712
16700
16662
16650
16612
16612
16600
16587
16575
16562
16550
16537
16525
16512
16500
16487
16475
16487
16475
16487
16475
16462
16450
16462
16450
16437
16450
16462
16450
16437
16450
16437
16425
16412
16425
16412
16425
16412
16425
16412
16425
16412
16425
16412
16400
16387
16375
16337
16325
16312
16300
16287
16275
16262
16250
16237
16225
16237
16250
16287
16325
16387
16450
16512
16575
16650
16737
16825
16912
16987
17062
17112
17175
17250
17337
17425
17512
17587
17662
17725
17800
17875
17950
18025
18100
18150
18212
18275
18337
18400
18425
18450
18475
18500
18500
18537
18550
18562
18550
18562
18575
18587
18600
18600
18612
18600
18612
18600
18625
18637
18637
18637
18637
18612
18587
18575
18537
18500
18462
18400
18337
18262
18187
18112
18075
18025
17987
17950
17912
17850
17812
17775
17737
17700
17687
17650
17650
17637
17650
17637
17650
17637
17650
17637
17650
17625
17625
17625
17625
17600
17612
17600
17587
17575
17562
17525
17487
17450
17400
17375
17350
17325
17300
17287
17275
17262
17250
17237
17225
17187
17175
17162
17162
17150
17137
17125
17112
17075
17062
17050
17012
17000
16987
16975
16962
16975
16962
16950
16937
16925
16887
16850
16837
16800
16787
16775
16787
16775
16787
16775
16762
16750
16737
16725
16712
16725
16712
16725
16712
16725
16712
16700
16687
16675
16637
16625
16612
16612
16600
16612
16600
16612
16600
16587
16575
16562
16550
16537
16550
16537
16525
16512
16500
16487
16475
16487
16475
16487
16475
16462
16450
16437
16425
16412
16400
16387
16375
16337
16325
16337
16350
16387
16450
16512
16575
16650
16725
16800
16875
16937
17000
17062
17112
17187
17275
17362
17450
17537
17612
17687
17762
17837
17912
17975
18037
18100
18150
18212
18275
18337
18400
18437
18475
18487
18500
18487
18500
18512
18525
18537
18550
18562
18550
18562
18575
18587
18600
18612
18625
18612
18625
18612
18625
18612
18625
18612
18625
18612
18625
18612
18625
18612
18625
18612
18600
18562
18525
18462
18400
18337
18275
18212
18150
18100
18037
17975
17912
17875
17837
17800
17762
17725
17687
17650
17650
17650
17662
17675
17687
17700
17687
17675
17662
17650
17650
17637
17625
17587
17575
17537
17525
17512
17500
17462
17450
17412
17375
17362
17350
17312
17300
17287
17250
17212
17175
17137
17112
17100
17087
17075
17062
17050
17012
17000
16987
16950
16937
16912
16887
16887
16887
16862
16875
16862
16850
16837
16825
16787
16750
16712
16675
16637
16625
16612
16587
16575
16562
16550
16537
16525
16512
16500
16487
16475
16487
16475
16462
16450
16437
16400
16387
16375
16362
16350
16362
16350
16337
16325
16312
16300
16287
16275
16262
16250
16237
16225
16237
16225
16212
16200
16187
16175
16162
16150
16112
16100
16062
16037
16025
16012
15975
15962
15950
15937
15925
15912
15900
15912
15900
15887
15900
15887
15875
15887
15925
15962
16012
16075
16150
16225
16300
16375
16450
16512
16562
16625
16700
16775
16850
16925
17012
17075
17150
17225
17312
17400
17487
17562
17650
17725
17787
17850
17912
17975
18012
18050
18087
18100
18112
18125
18150
18162
18187
18212
18237
18250
18237
18250
18237
18250
18237
18225
18212
18200
18175
18162
18150
18112
18075
18037
17975
17900
17825
17750
17675
17600
17550
17512
17475
17462
17437
17437
17412
17412
17387
17400
17387
17400
17387
17375
17362
17350
17312
17275
17237
17175
17112
17087
17050
17037
17025
17012
17000
16987
16975
16962
16950
16937
16925
16912
16900
16887
16875
16862
16850
16837
16850
16837
16825
16787
16775
16737
16725
16712
16700
16687
16675
16662
16650
16637
16625
16612
16612
16600
16587
16575
16562
16550
16525
16525
16500
16500
16475
16487
16475
16462
16450
16437
16425
16412
16425
16400
16400
16375
16375
16375
16387
16375
16387
16375
16362
16350
16362
16350
16337
16325
16312
16275
16237
16225
16187
16150
16137
16125
16112
16100
16087
16075
16062
16062
16062
16075
16087
16125
16162
16200
16262
16325
16387
16462
16525
16600
16675
16750
16825
16900
16975
17050
17112
17175
17237
17312
17387
17462
17537
17600
17662
17725
17787
17850
17912
17975
18037
18100
18150
18212
18250
18287
18325
18337
18350
18362
18375
18362
18375
18362
18375
18362
18375
18387
18400
18412
18425
18437
18425
18412
18375
18337
18300
18262
18225
18187
18150
18100
18037
17975
17912
17850
17787
17725
17662
17600
17575
17537
17525
17512
17525
17500
17500
17500
17487
17475
17475
17475
17450
17462
17450
17437
17425
17412
17400
17387
17375
17337
17325
17287
17250
17237
17212
17187
17162
17137
17125
17112
17075
17037
17025
16987
16950
16937
16925
16912
16900
16912
16900
16887
16875
16862
16850
16837
16850
16837
16825
16812
16800
16787
16775
16762
16750
16737
16725
16712
16700
16687
16675
16662
16650
16662
16650
16662
16650
16637
16625
16612
16612
16600
16612
16600
16587
16575
16562
16550
16537
16550
16537
16525
16512
16500
16487
16475
16487
16462
16475
16462
16450
16437
16437
16425
16412
16425
16412
16425
16412
16400
16387
16375
16362
16350
16362
16350
16337
16325
16312
16300
16287
16300
16287
16300
16287
16275
16262
16250
16237
16225
16237
16225
16237
16225
16237
16225
16237
16225
16212
16200
16187
16175
16162
16175
16162
16150
16137
16125
16112
16100
16112
16100
16112
16100
16112
16125
16162
16200
16262
16325
16387
16462
16537
16625
16712
16800
16875
16950
17025
17087
17162
17237
17300
17362
17437
17512
17575
17650
17725
17800
17875
17950
18025
18100
18150
18187
18225
18262
18275
18287
18325
18362
18375
18412
18425
18437
18425
18412
18375
18362
18325
18287
18250
18237
18187
18175
18150
18125
18075
18037
17975
17912
17850
17787
17725
17662
17600
17550
17512
17475
17462
17450
17462
17450
17462
17450
17462
17450
17437
17425
17412
17375
17362
17350
17312
17300
17287
17250
17212
17200
17150
17137
17112
17087
17062
17050
17037
17025
17012
17000
16987
16950
16937
16925
16912
16900
16912
16900
16887
16875
16862
16850
16837
16850
16837
16825
16787
16750
16712
16675
16637
16625
16612
16612
16600
16612
16600
16612
16600
16587
16575
16562
16525
16512
16500
16487
16475
16462
16450
16437
16425
16412
16400
16387
16375
16337
16325
16312
16275
16262
16237
16212
16187
16187
16162
16175
16162
16175
16162
16150
16137
16125
16112
16100
16112
16100
16112
16087
16087
16062
16062
16050
16062
16050
16062
16050
16037
16025
16012
15975
15962
15950
15912
15900
15887
15875
15862
15875
15862
15875
15862
15875
15862
15887
15912
15962
16000
16075
16137
16200
16262
16337
16412
16487
16550
16625
16687
16750
16812
16900
16987
17075
17175
17275
17362
17450
17525
17587
17662
17725
17787
17862
17912
17962
17987
18012
18025
18037
18050
18062
18075
18062
18075
18062
18075
18087
18100
18112
18125
18137
18125
18137
18150
18162
18175
18187
18200
18187
18200
18187
18200
18187
18175
18162
18137
18087
18037
17987
17912
17850
17787
17725
17662
17600
17550
17487
17450
17412
17375
17362
17350
17312
17300
17287
17275
17262
17275
17262
17275
17262
17275
17262
17275
17262
17275
17262
17275
17262
17275
17262
17250
17237
17225
17187
17175
17162
17137
17100
17062
17025
16987
16975
16962
16950
16937
16925
16887
16875
16862
16825
16812
16800
16762
16750
16737
16700
16687
16675
16662
16650
16662
16650
16637
16625
16612
16612
16600
16612
16600
16612
16600
16587
16575
16562
16562
16550
16537
16525
16512
16487
16475
16462
16450
16462
16450
16437
16450
16437
16425
16412
16425
16412
16400
16387
16375
16337
16325
16312
16300
16287
16300
16287
16300
16287
16300
16287
16300
16287
16300
16287
16275
16262
16250
16212
16200
16187
16150
16137
16125
16112
16100
16087
16075
16062
16062
16050
16062
16050
16062
16050
16062
16062
16100
16137
16212
16300
16387
16475
16550
16625
16687
16750
16825
16900
16975
17050
17137
17212
17287
17362
17425
17500
17562
17650
17737
17800
17862
17925
17975
18025
18100
18137
18175
18200
18212
18225
18262
18275
18287
18300
18312
18325
18362
18375
18412
18450
18462
18475
18512
18525
18537
18575
18587
18600
18612
18625
18612
18625
18612
18625
18612
18625
18612
18600
18587
18575
18537
18500
18462
18425
18375
18325
18275
18225
18150
18100
18037
17975
17912
17875
17837
17800
17787
17775
17737
17725
17737
17725
17712
17700
17687
17650
17650
17637
17650
17637
17625
17587
17575
17537
17500
17487
17475
17437
17400
17387
17350
17337
17325
17312
17275
17237
17200
17162
17162
17150
17162
17137
17137
17112
17112
17087
17075
17062
17050
17012
17000
16987
16975
16962
16975
16962
16950
16937
16950
16937
16925
16937
16925
16912
16900
16887
16850
16837
16800
16762
16750
16737
16725
16712
16700
16687
16675
16662
16650
16637
16625
16612
16612
16600
16587
16550
16512
16475
16437
16425
16412
16425
16412
16425
16437
16475
16512
16575
16650
16725
16812
16912
17000
17087
17187
17275
17362
17462
17537
17625
17712
17800
17875
17962
18050
18137
18225
18312
18387
18462
18525
18587
18625
18662
18675
18687
18675
18687
18687
18712
18737
18762
18775
18787
18800
18812
18812
18825
18837
18850
18837
18837
18825
18812
18762
18750
18737
18700
18662
18637
18575
18500
18425
18350
18275
18212
18150
18100
18037
18000
17962
17950
17937
17950
17937
17925
17887
17875
17837
17800
17787
17775
17737
17725
17712
17675
17662
17637
17625
17600
17600
17575
17562
17525
17512
17475
17437
17425
17412
17375
17362
17350
17312
17300
17287
17275
17262
17275
17262
17275
17262
17250
17212
17200
17162
17162
17150
17137
17125
17112
17075
17062
17050
17012
17000
16987
16975
16962
16975
16962
16975
16962
16975
16962
16950
16937
16925
16912
16900
16912
16900
16887
16875
16862
16850
16837
16850
16837
16825
16787
16775
16737
16725
16712
16725
16712
16700
16687
16675
16637
16625
16612
16587
16575
16587
16600
16625
16675
16725
16775
16812
16875
16937
17012
17075
17150
17225
17312
17400
17487
17575
17675
17775
17862
17950
18025
18100
18150
18212
18275
18337
18400
18462
18525
18587
18637
18700
18737
18775
18812
18825
18837
18850
18862
18850
18862
18875
18887
18900
18912
18925
18937
18950
18962
18975
18987
18975
18987
18975
18987
18975
18987
18975
18987
18975
18987
18975
18962
18925
18887
18825
18762
18700
18637
18587
18525
18450
18400
18337
18275
18212
18162
18100
18062
18025
18012
18000
18012
18000
18012
18000
17987
17950
17950
17925
17900
17875
17850
17787
17750
17712
17662
17637
17612
17600
17575
17587
17575
17562
17550
17537
17500
17487
17475
17437
17425
17412
17400
17387
17375
17337
17325
17287
17250
17237
17225
17212
17200
17212
17200
17212
17200
17187
17175
17162
17137
17125
17112
17100
17087
17075
17062
17050
17012
17000
16987
16975
16962
16950
16937
16925
16912
16900
16912
16900
16887
16875
16862
16850
16837
16825
16812
16787
16762
16737
16737
16712
16725
16712
16700
16687
16675
16662
16650
16637
16625
16612
16612
16600
16587
16575
16562
16550
16537
16550
16562
16600
16650
16725
16800
16875
16937
17000
17062
17150
17237
17337
17450
17537
17625
17712
17800
17875
17950
18025
18100
18150
18225
18300
18375
18450
18525
18587
18637
18675
18712
18750
18762
18775
18787
18812
18812
18837
18862
18887
18900
18912
18925
18912
18925
18912
18925
18912
18900
18887
18875
18862
18850
18837
18800
18762
18700
18637
18587
18525
18462
18400
18337
18275
18237
18200
18175
18137
18125
18087
18050
18037
18025
18012
18000
17987
17975
17987
17975
17987
18000
18012
18000
18012
18000
18012
18000
17987
17975
17962
17925
17912
17900
17862
17850
17837
17800
17762
17750
17712
17700
17687
17675
17662
17675
17650
17625
17625
17600
17562
17525
17512
17462
17437
17412
17387
17337
17325
17287
17250
17250
17225
17200
17175
17175
17150
17162
17150
17137
17125
17112
17075
17062
17050
17037
17025
17037
17025
17012
16975
16962
16925
16887
16887
16887
16862
16862
16862
16850
16837
16825
16812
16800
16762
16750
16737
16700
16687
16675
16637
16625
16612
16587
16575
16562
16550
16537
16525
16487
16475
16437
16425
16412
16425
16412
16425
16412
16425
16412
16425
16412
16425
16437
16475
16512
16562
16625
16687
16750
16812
16887
16962
17037
17100
17175
17250
17325
17425
17512
17625
17725
17837
17925
18025
18100
18187
18262
18337
18400
18462
18525
18587
18625
18662
18675
18687
18687
18700
18712
18725
18737
18750
18762
18775
18775
18775
18775
18775
18775
18787
18775
18762
18750
18712
18675
18662
18637
18600
18562
18525
18450
18375
18300
18225
18150
18100
18037
17975
17912
17850
17787
17725
17662
17625
17600
17587
17575
17587
17600
17612
17625
17637
17612
17612
17612
17612
17612
17650
17637
17650
17637
17625
17587
17550
17512
17475
17437
17400
17362
17300
17237
17175
17137
17112
17100
17087
17075
17062
17050
17012
16975
16962
16925
16887
16875
16862
16825
16812
16800
16762
16725
16712
16675
16662
16650
16637
16625
16612
16587
16575
16562
16550
16537
16550
16537
16525
16487
16475
16437
16400
16387
16375
16362
16350
16337
16325
16312
16275
16262
16250
16237
16225
16212
16200
16187
16175
16162
16150
16137
16125
16087
16075
16062
16037
16025
16012
16000
15987
15975
15962
15950
15937
15925
15937
15925
15912
15900
15887
15887
15887
15912
15937
15987
16012
16075
16137
16200
16262
16325
16387
16462
16525
16600
16675
16762
16837
16912
17000
17075
17150
17237
17337
17425
17512
17587
17662
17725
17787
17850
17912
17975
18012
18050
18087
18100
18112
18150
18162
18175
18187
18200
18200
18212
18225
18237
18250
18237
18250
18237
18250
18237
18250
18237
18225
18212
18200
18175
18162
18150
18112
18075
18037
17975
17912
17850
17787
17725
17662
17600
17550
17487
17425
17387
17350
17337
17325
17337
17325
17337
17325
17337
17325
17337
17350
17362
17350
17362
17350
17312
17300
17287
17275
17262
17250
17200
17175
17125
17087
17062
17037
16987
16962
16937
16887
16875
16862
16850
16837
16825
16812
16800
16762
16750
16737
16700
16662
16650
16612
16587
16575
16562
16550
16537
16525
16512
16500
16487
16475
16487
16500
16512
16525
16537
16525
16512
16500
16487
16475
16487
16475
16462
16450
16437
16425
16412
16425
16412
16425
16412
16425
16412
16425
16412
16400
16387
16375
16337
16325
16312
16300
16287
16300
16287
16275
16262
16250
16237
16225
16237
16225
16237
16225
16237
16250
16287
16300
16337
16375
16425
16475
16537
16612
16687
16762
16850
16937
17025
17100
17187
17262
17337
17412
17500
17575
17662
17750
17837
17925
18000
18075
18162
18250
18300
18350
18387
18400
18412
18450
18450
18450
18450
18450
18425
18437
18450
18462
18475
18512
18525
18537
18575
18587
18575
18587
18600
18587
18600
18612
18625
18612
18625
18612
18625
18612
18600
18587
18575
18562
18550
18537
18500
18462
18400
18337
18275
18212
18150
18100
18037
17975
17912
17875
17825
17775
17750
17725
17700
17687
17700
17687
17675
17662
17650
17625
17612
17600
17562
17550
17537
17500
17487
17475
17437
17425
17412
17400
17387
17375
17362
17350
17312
17300
17287
17250
17237
17225
17212
17200
17187
17175
17162
17137
17125
17112
17075
17062
17050
17037
17025
17037
17025
17037
17025
17012
17000
16987
16950
16937
16925
16912
16900
16912
16900
16887
16875
16862
16825
16812
16800
16787
16775
16762
16750
16737
16700
16687
16675
16662
16650
16662
16650
16637
16625
16612
16612
16600
16587
16575
16562
16550
16537
16525
16512
16500
16487
16475
16462
16450
16437
16400
16362
16350
16312
16300
16287
16300
16287
16300
16287
16300
16312
16350
16387
16450
16512
16562
16625
16687
16750
16812
16875
16937
17000
17062
17137
17212
17287
17375
17450
17525
17587
17662
17725
17787
17850
17912
17975
18037
18100
18150
18212
18275
18337
18400
18437
18475
18487
18500
18512
18525
18537
18550
18562
18550
18562
18550
18562
18575
18587
18600
18612
18625
18612
18625
18612
18600
18587
18575
18562
18550
18537
18487
18462
18412
18362
18312
18275
18200
18125
18062
17987
17912
17850
17787
17725
17662
17625
17600
17587
17575
17587
17575
17587
17575
17587
17575
17587
17575
17562
17525
17487
17425
17387
17350
17312
17275
17237
17200
17162
17137
17100
17087
17050
17012
17000
16987
16950
16937
16925
16887
16875
16862
16825
16812
16800
16762
16750
16737
16725
16712
16700
16687
16675
16662
16650
16637
16600
16587
16562
16550
16537
16525
16512
16500
16487
16475
16487
16475
16462
16450
16437
16425
16412
16400
16387
16375
16362
16350
16337
16300
16287
16250
16237
16225
16212
16212
16212
16187
16162
16162
16125
16112
16100
16087
16075
16062
16062
16050
16062
16050
16062
16062
16100
16137
16200
16262
16325
16387
16450
16512
16562
16625
16700
16775
16850
16925
17012
17075
17150
17237
17325
17412
17500
17575
17650
17737
17812
17887
17962
18037
18100
18150
18187
18225
18237
18250
18237
18250
18262
18275
18287
18300
18312
18300
18312
18300
18312
18325
18337
18350
18362
18375
18362
18375
18362
18375
18362
18375
18362
18375
18362
18350
18312
18275
18212
18150
18125
18075
18025
17975
17925
17850
17787
17725
17662
17600
17550
17512
17475
17462
17450
17462
17450
17462
17450
17462
17450
17462
17450
17462
17450
17437
17425
17412
17400
17387
17375
17362
17350
17312
17275
17237
17200
17150
17137
17112
17087
17037
17025
16987
16950
16937
16925
16887
16875
16862
16825
16812
16800
16762
16750
16737
16725
16712
16700
16687
16675
16662
16637
16637
16612
16612
16600
16612
16600
16612
16600
16612
16600
16587
16575
16562
16550
16537
16525
16512
16500
16487
16475
16462
16450
16437
16425
16412
16400
16387
16375
16362
16350
16337
16300
16250
16200
16175
16150
16150
16162
16175
16162
16150
16137
16150
16162
16175
16212
16262
16312
16362
16437
16512
16562
16637
16725
16812
16912
17012
17087
17175
17262
17350
17437
17525
17612
17700
17775
17850
17912
17975
18037
18100
18150
18212
18250
18287
18300
18312
18325
18337
18350
18362
18375
18362
18375
18362
18387
18387
18412
18412
18437
18425
18437
18425
18437
18425
18412
18400
18387
18350
18312
18262
18187
18112
18050
17975
17912
17850
17787
17725
17662
17600
17575
17537
17525
17512
17525
17512
17525
17512
17525
17512
17525
17512
17525
17512
17500
17462
17450
17412
17375
17337
17300
17237
17200
17162
17137
17125
17100
17075
17050
17050
17025
17037
17025
17012
17000
16987
16950
16937
16912
16887
16887
16887
16862
16875
16862
16850
16837
16825
16825
16812
16800
16787
16800
16775
16762
16725
16712
16700
16687
16675
16687
16675
16637
16625
16612
16612
16600
16587
16575
16562
16525
16512
16525
16512
16500
16512
16500
16487
16475
16487
16475
16487
16475
16462
16450
16437
16425
16412
16425
16412
16425
16412
16400
16387
16375
16362
16350
16337
16325
16312
16275
16262
16250
16212
16200
16187
16150
16137
16125
16087
16075
16062
16062
16062
16100
16137
16200
16275
16350
16425
16500
16562
16637
16712
16787
16875
16962
17037
17112
17200
17275
17362
17450
17525
17600
17700
17787
17887
17987
18075
18125
18175
18200
18212
18225
18237
18250
18237
18250
18237
18250
18262
18275
18262
18275
18262
18250
18237
18225
18187
18150
18100
18037
17975
17912
17850
17787
17725
17662
17600
17550
17487
17425
17362
17325
17287
17275
17262
17250
17237
17250
17237
17250
17287
17300
17312
17325
17312
17275
17262
17225
17187
17175
17162
17137
17100
17087
17050
17012
17000
16987
16950
16937
16925
16887
16875
16862
16850
16837
16850
16837
16825
16812
16800
16787
16775
16762
16725
16712
16675
16637
16625
16612
16587
16575
16562
16550
16537
16525
16512
16500
16487
16475
16462
16450
16437
16400
16387
16375
16362
16350
16337
16325
16312
16300
16287
16300
16287
16275
16262
16250
16237
16225
16237
16225
16212
16212
16200
16162
16150
16137
16087
16075
16062
16062
16050
16037
16025
16012
15975
15962
15950
15937
15925
15937
15925
15937
15925
15937
15925
15937
15950
15987
16012
16075
16137
16200
16262
16337
16412
16487
16550
16637
16712
16800
16900
17000
17075
17162
17250
17325
17400
17475
17550
17625
17700
17775
17850
17912
17937
17975
18012
18025
18037
18087
18100
18087
18100
18112
18100
18112
18125
18137
18125
18137
18112
18125
18112
18125
18112
18137
18125
18112
18075
18062
18025
17987
17950
17912
17850
17787
17725
17662
17600
17550
17487
17425
17362
17300
17275
17250
17250
17250
17275
17262
17275
17262
17275
17262
17275
17262
17250
17237
17225
17187
17175
17162
17137
17125
17112
17075
17037
17000
16962
16925
16912
16900
16887
16875
16862
16825
16812
16800
16762
16750
16737
16700
16687
16700
16687
16675
16687
16675
16637
16625
16612
16612
16600
16612
16600
16587
16575
16562
16550
16537
16525
16512
16500
16487
16475
16462
16450
16437
16425
16412
16425
16412
16425
16412
16425
16412
16425
16412
16400
16387
16400
16387
16375
16362
16325
16287
16250
16237
16225
16212
16200
16187
16175
16162
16150
16137
16125
16112
16100
16112
16100
16112
16100
16112
16100
16112
16125
16162
16200
16262
16337
16425
16500
16587
16687
16775
16862
16950
17037
17112
17200
17287
17375
17462
17537
17625
17700
17775
17850
17912
17975
18037
18100
18150
18187
18225
18262
18275
18287
18300
18312
18325
18337
18350
18362
18375
18362
18375
18362
18375
18362
18375
18387
18400
18412
18425
18412
18400
18387
18350
18312
18275
18212
18150
18100
18037
17975
17912
17850
17787
17725
17662
17600
17575
17537
17525
17512
17525
17512
17525
17512
17525
17512
17525
17512
17500
17487
17475
17437
17400
17387
17350
17312
17275
17225
17175
17125
17112
17087
17075
17062
17050
17037
17025
17012
17000
16987
16950
16937
16925
16912
16900
16887
16875
16862
16850
16837
16850
16837
16850
16837
16825
16812
16800
16762
16750
16737
16700
16662
16650
16612
16612
16600
16612
16600
16612
16600
16587
16575
16562
16550
16537
16550
16537
16550
16537
16525
16512
16500
16487
16475
16487
16475
16462
16450
16437
16425
16412
16400
16387
16375
16362
16350
16362
16350
16337
16300
16262
16225
16187
16175
16162
16175
16162
16175
16162
16175
16187
16225
16262
16325
16387
16450
16512
16575
16650
16725
16800
16887
16975
17062
17162
17262
17362
17450
17525
17587
17662
17725
17787
17862
17937
18012
18087
18150
18212
18250
18287
18300
18312
18325
18337
18325
18350
18350
18350
18350
18375
18387
18400
18412
18425
18437
18425
18437
18425
18437
18425
18437
18425
18437
18412
18412
18387
18362
18312
18275
18212
18150
18100
18037
17975
17912
17850
17787
17725
17662
17600
17550
17512
17475
17462
17450
17437
17425
17437
17425
17437
17450
17462
17450
17462
17437
17437
17412
17412
17387
17375
17337
17325
17287
17250
17212
17175
17137
17112
17075
17062
17050
17012
16975
16962
16925
16887
16875
16862
16825
16812
16800
16787
16775
16762
16725
16712
16675
16637
16625
16612
16587
16575
16562
16550
16537
16550
16537
16550
16537
16550
16537
16525
16487
16475
16437
16425
16412
16425
16412
16400
16362
16350
16312
16300
16287
16300
16287
16275
16262
16250
16237
16225
16212
16200
16187
16175
16162
16150
16137
16125
16112
16100
16112
16100
16087
16075
16087
16100
16137
16200
16262
16325
16387
16450
16512
16587
16662
16750
16837
16912
17000
17075
17162
17262
17362
17450
17537
17600
17662
17725
17787
17850
17912
17975
18037
18100
18150
18187
18225
18237
18250
18237
18250
18237
18250
18237
18250
18237
18250
18262
18275
18287
18300
18312
18300
18312
18300
18312
18300
18287
18250
18237
18200
18175
18137
18100
18037
17975
17912
17850
17787
17725
17662
17600
17550
17487
17450
17412
17375
17362
17350
17337
17325
17337
17325
17337
17350
17362
17350
17362
17350
17312
17275
17237
17175
17112
17087
17037
17012
16987
16962
16937
16925
16912
16887
16887
16862
16862
16837
16850
16837
16825
16787
16775
16737
16725
16700
16700
16675
16675
16650
16662
16650
16637
16625
16612
16612
16600
16587
16575
16562
16525
16512
16500
16487
16475
16487
16475
16462
16450
16437
16425
16412
16425
16412
16425
16412
16400
16387
16375
16362
16350
16325
16312
16300
16287
16275
16275
16262
16250
16237
16225
16237
16225
16212
16200
16187
16175
16162
16175
16162
16175
16162
16175
16187
16225
16275
16325
16375
16425
16475
16512
16600
16687
16775
16862
16950
17025
17087
17175
17275
17362
17462
17562
17675
17787
17900
18000
18087
18137
18175
18200
18212
18225
18262
18275
18287
18300
18312
18325
18337
18350
18362
18375
18362
18375
18362
18375
18362
18375
18362
18375
18387
18400
18387
18400
18387
18375
18362
18350
18312
18275
18212
18150
18100
18037
17975
17912
17850
17787
17725
17662
17625
17600
17562
17550
17537
17500
17487
17475
17462
17450
17462
17450
17437
17425
17412
17375
17337
17325
17287
17250
17237
17212
17162
17112
17062
17025
16987
16975
16962
16950
16937
16925
16887
16875
16862
16825
16812
16800
16762
16750
16737
16725
16712
16700
16687
16675
16637
16625
16612
16612
16600
16587
16575
16562
16550
16537
16525
16512
16500
16462
16425
16412
16375
16362
16350
16362
16350
16362
16350
16362
16350
16337
16325
16312
16300
16287
16275
16262
16250
16237
16225
16212
16200
16187
16175
16162
16150
16112
16100
16062
16037
16025
16012
16000
15987
16000
15987
16000
15987
15975
15962
15975
15950
15962
16000
16037
16087
16175
16250
16325
16400
16475
16537
16612
16700
16775
16850
16925
17012
17075
17162
17250
17350
17437
17525
17587
17662
17725
17787
17850
17912
17975
18037
18075
18112
18125
18150
18150
18175
18175
18200
18187
18200
18187
18200
18200
18212
18225
18237
18250
18237
18250
18237
18250
18237
18225
18187
18150
18100
18037
17975
17912
17850
17787
17725
17662
17600
17550
17487
17425
17387
17350
17337
17325
17312
17300
17287
17275
17262
17250
17237
17225
17187
17175
17162
17137
17125
17112
17075
17062
17050
17012
16975
16962
16925
16887
16850
16837
16800
16762
16762
16762
16737
16737
16737
16725
16700
16700
16675
16675
16650
16637
16625
16612
16612
16600
16587
16575
16562
16550
16537
16550
16537
16550
16537
16525
16512
16500
16487
16475
16487
16475
16462
16450
16437
16400
16387
16375
16337
16325
16312
16275
16262
16250
16237
16225
16237
16225
16237
16225
16212
16200
16212
16237
16287
16362
16437
16512
16562
16625
16687
16750
16812
16875
16950
17025
17125
17225
17325
17412
17500
17562
17637
17712
17787
17850
17912
17975
18037
18100
18137
18175
18187
18200
18187
18200
18187
18200
18187
18200
18187
18200
18187
18200
18187
18200
18175
18175
18175
18175
18150
18162
18150
18137
18125
18112
18100
18087
18050
18037
18012
17987
17962
17937
17887
17837
17762
17687
17612
17550
17487
17425
17362
17325
17287
17250
17212
17200
17162
17162
17162
17175
17162
17175
17162
17162
17150
17137
17100
17087
17050
17012
17000
16987
16937
16912
16887
16837
16787
16775
16737
16700
16687
16675
16637
16625
16612
16612
16600
16587
16575
16562
16550
16537
16550
16537
16550
16537
16525
16512
16500
16487
16475
16487
16475
16462
16450
16437
16425
16412
16400
16387
16375
16362
16350
16337
16325
16312
16300
16275
16287
16275
16262
16250
16250
16212
16200
16187
16175
16162
16150
16137
16125
16087
16075
16062
16037
16000
15987
15950
15937
15925
15937
15950
15987
16012
16075
16137
16212
16287
16362
16437
16512
16587
16675
16762
16862
16950
17037
17112
17200
17275
17362
17462
17537
17625
17712
17787
17850
17912
17975
18012
18050
18062
18075
18087
18100
18112
18125
18137
18112
18112
18087
18087
18062
18075
18062
18050
18012
17975
17912
17850
17775
17725
17675
17612
17562
17512
17437
17387
17350
17300
17275
17250
17200
17175
17162
17162
17150
17162
17150
17137
17125
17112
17075
17062
17050
17012
17000
16987
16950
16937
16925
16887
16850
16837
16800
16762
16750
16737
16700
16687
16675
16662
16650
16662
16650
16637
16625
16612
16612
16600
16612
16600
16587
16575
16562
16550
16537
16550
16537
16550
16537
16525
16512
16500
16462
16450
16437
16425
16412
16400
16387
16375
16337
16325
16312
16275
16262
16250
16212
16200
16187
16175
16162
16150
16150
16150
16125
16125
16150
16137
16150
16187
16225
16262
16325
16387
16450
16512
16575
16650
16725
16812
16900
16975
17050
17125
17212
17312
17412
17512
17587
17662
17725
17787
17850
17912
17975
18037
18075
18112
18150
18162
18175
18187
18200
18200
18212
18225
18237
18250
18237
18250
18237
18250
18237
18250
18237
18225
18187
18150
18100
18037
17975
17912
17850
17787
17725
17662
17600
17550
17487
17450
17412
17400
17387
17400
17387
17400
17412
17425
17412
17425
17412
17375
17337
17325
17287
17250
17212
17175
17112
17062
17000
16962
16925
16912
16900
16887
16875
16862
16825
16812
16800
16787
16775
16787
16775
16762
16750
16737
16725
16712
16725
16712
16725
16700
16700
16675
16675
16650
16662
16650
16662
16650
16662
16650
16637
16625
16612
16612
16600
16612
16600
16587
16575
16587
16575
16562
16550
16512
16475
16437
16425
16412
16425
16412
16425
16412
16400
16387
16400
16387
16400
16412
16425
16437
16450
16462
16500
16537
16562
16625
16687
16750
16825
16900
16975
17050
17125
17200
17287
17375
17462
17537
17625
17700
17787
17875
17950
18025
18100
18162
18237
18312
18387
18437
18475
18487
18500
18512
18525
18537
18550
18562
18550
18562
18575
18587
18600
18612
18625
18612
18625
18637
18650
18637
18650
18637
18625
18587
18587
18562
18537
18512
18512
18475
18437
18400
18337
18275
18212
18150
18100
18037
17975
17912
17850
17787
17725
17687
17650
17625
17587
17575
17537
17525
17537
17550
17562
17575
17587
17575
17562
17550
17537
17500
17487
17475
17437
17425
17412
17400
17387
17375
17337
17325
17287
17250
17237
17225
17187
17175
17162
17162
17150
17162
17150
17137
17100
17087
17050
17037
17025
17012
17000
16987
16950
16937
16925
16887
16875
16862
16850
16837
16850
16837
16825
16812
16800
16787
16775
16787
16775
16787
16775
16762
16750
16737
16725
16712
16700
16687
16675
16662
16650
16662
16650
16662
16650
16637
16625
16612
16612
16600
16612
16600
16587
16575
16562
16550
16525
16537
16525
16512
16500
16500
16462
16425
16412
16375
16337
16325
16312
16300
16287
16275
16262
16250
16237
16225
16237
16225
16237
16225
16237
16225
16237
16225
16237
16225
16237
16225
16237
16250
16287
16337
16412
16487
16550
16625
16700
16775
16862
16950
17037
17112
17200
17275
17350
17450
17537
17637
17737
17837
17912
17987
18062
18125
18200
18275
18337
18375
18412
18450
18462
18475
18512
18525
18537
18550
18562
18550
18562
18575
18587
18600
18637
18650
18662
18675
18687
18675
18687
18687
18700
18687
18700
18675
18662
18637
18612
18562
18525
18462
18400
18337
18275
18212
18150
18100
18037
17975
17912
17850
17812
17775
17737
17725
17712
17700
17687
17700
17712
17750
17762
17800
17812
17825
17812
17825
17812
17800
17762
17750
17712
17675
17637
17625
17600
17562
17525
17512
17475
17462
17450
17437
17400
17387
17350
17312
17300
17287
17250
17237
17225
17212
17200
17212
17200
17187
17175
17162
17162
17150
17162
17150
17137
17125
17112
17100
17087
17075
17062
17050
17012
16975
16962
16925
16912
16900
16887
16875
16862
16850
16837
16850
16837
16825
16812
16800
16762
16750
16737
16700
16687
16700
16687
16675
16687
16675
16637
16625
16612
16612
16600
16587
16575
16587
16575
16587
16600
16612
16612
16650
16687
16750
16787
16837
16900
16962
17025
17100
17175
17262
17350
17450
17537
17650
17737
17837
17925
18012
18087
18150
18212
18275
18337
18400
18462
18525
18587
18625
18662
18687
18700
18712
18725
18737
18725
18737
18725
18737
18725
18737
18725
18737
18725
18737
18725
18737
18725
18737
18725
18737
18725
18737
18725
18737
18712
18712
18687
18662
18625
18587
18525
18462
18400
18337
18275
18212
18150
18100
18037
17975
17912
17875
17837
17800
17787
17800
17787
17800
17812
17825
17837
17850
17862
17875
17887
17875
17862
17825
17812
17775
17737
17700
17687
17650
17625
17587
17550
17512
17475
17462
17450
17437
17400
17387
17337
17312
17287
17287
17262
17275
17262
17250
17237
17225
17187
17175
17162
17137
17125
17112
17100
17087
17075
17062
17050
17012
17000
16987
16975
16962
16975
16962
16950
16937
16950
16937
16925
16937
16925
16912
16900
16912
16900
16912
16900
16887
16875
16862
16825
16812
16800
16762
16750
16737
16700
16687
16675
16662
16650
16662
16650
16637
16625
16612
16612
16612
16650
16687
16750
16812
16875
16950
17025
17087
17162
17237
17312
17387
17475
17550
17650
17737
17837
17925
18012
18087
18175
18250
18325
18412
18487
18562
18625
18712
18762
18812
18862
18887
18900
18937
18975
18987
19025
19037
19050
19037
19050
19062
19075
19062
19087
19087
19087
19112
19137
19150
19162
19175
19162
19175
19162
19150
19137
19125
19087
19050
19012
18950
18887
18825
18762
18700
18625
18562
18475
18387
18300
18225
18150
18125
18087
18075
18062
18075
18062
18075
18062
18075
18062
18075
18062
18050
18037
18025
17987
17950
17937
17900
17862
17825
17812
17762
17737
17712
17687
17637
17625
17600
17562
17550
17537
17500
17487
17475
17462
17450
17462
17450
17437
17425
17412
17375
17362
17350
17312
17300
17287
17275
17262
17250
17212
17200
17162
17162
17150
17137
17125
17112
17075
17062
17050
17037
17025
17012
17000
16987
16950
16937
16912
16887
16887
16887
16887
16900
16912
16900
16912
16900
16887
16875
16862
16850
16837
16825
16812
16800
16787
16775
16787
16775
16787
16775
16762
16750
16737
16700
16687
16675
16637
16600
16587
16562
16550
16537
16525
16512
16500
16487
16500
16512
16525
16537
16550
16562
16600
16650
16725
16800
16875
16950
17025
17100
17200
17300
17387
17487
17562
17650
17737
17825
17912
18000
18075
18137
18225
18275
18350
18425
18500
18562
18637
18700
18737
18775
18812
18825
18837
18875
18875
18875
18875
18875
18887
18900
18912
18925
18937
18937
18950
18962
18975
18962
18950
18937
18900
18862
18825
18787
18737
18712
18675
18637
18587
18537
18462
18400
18337
18275
18212
18150
18100
18037
17975
17912
17875
17837
17825
17812
17825
17812
17825
17837
17850
17837
17850
17837
17825
17812
17800
17762
17725
17687
17650
17625
17587
17575
17537
17500
17487
17475
17437
17400
17362
17325
17287
17275
17262
17250
17237
17225
17212
17200
17187
17175
17162
17137
17125
17112
17075
17062
17050
17037
17012
16987
16962
16937
16887
16875
16862
16850
16837
16825
16812
16800
16787
16775
16787
16775
16762
16750
16737
16725
16712
16700
16687
16675
16662
16650
16637
16625
16612
16612
16600
16612
16600
16612
16600
16612
16600
16612
16600
16587
16575
16562
16550
16537
16550
16537
16525
16512
16500
16487
16475
16462
16425
16412
16375
16362
16350
16362
16350
16362
16375
16425
16475
16537
16612
16687
16750
16825
16912
17000
17087
17200
17312
17412
17512
17625
17725
17825
17937
18037
18112
18200
18275
18312
18350
18387
18425
18462
18500
18537
18575
18587
18600
18612
18625
18612
18625
18637
18650
18662
18675
18687
18675
18687
18675
18687
18675
18687
18675
18662
18650
18637
18600
18587
18575
18537
18500
18437
18375
18312
18250
18187
18150
18100
18037
17975
17912
17850
17812
17775
17737
17725
17712
17700
17687
17700
17687
17700
17687
17700
17687
17700
17687
17675
17662
17650
17650
17637
17650
17637
17625
17612
17600
17587
17575
17562
17525
17487
17450
17412
17375
17362
17350
17312
17300
17287
17250
17237
17225
17187
17175
17162
17162
17150
17137
17125
17112
17100
17087
17075
17062
17050
17037
17025
17012
17000
16987
16975
16962
16975
16962
16975
16962
16975
16962
16975
16962
16950
16937
16925
16912
16925
16937
16925
16937
16925
16912
16900
16887
16875
16887
16875
16887
16925
16925
16925
16950
16950
16950
16987
17000
17012
17050
17062
17075
17112
17125
17137
17150
17162
17150
17162
17150
17137
17125
17112
17100
17087
17075
17062
17050
17012
16975
16937
16900
16862
16850
16837
16825
16787
16775
16737
16725
16712
16725
16712
16725
16737
16787
16837
16912
17000
17075
17150
17237
17325
17400
17475
17550
17625
17700
17775
17862
17950
18037
18125
18225
18312
18387
18462
18525
18587
18637
18712
18787
18862
18912
18962
19000
19012
19025
19037
19050
19062
19075
19062
19075
19062
19025
18987
18950
18887
18825
18762
18700
18637
18587
18525
18462
18400
18362
18312
18262
18212
18162
18100
18062
18025
18012
18000
18012
18000
18012
18000
18012
18000
18012
18000
17987
17975
17962
17925
17887
17850
17812
17775
17737
17700
17687
17650
17650
17637
17625
17587
17550
17512
17475
17462
17475
17525
17562
17637
17712
17787
17850
17887
17925
17962
17975
17962
17975
17987
17975
17962
17975
17962
17925
17912
17900
17862
17825
17812
17775
17737
17700
17687
17650
17625
17587
17550
17487
17425
17362
17287
17237
17187
17137
17125
17112
17075
17037
17025
16987
16950
16937
16925
16887
16875
16862
16850
16837
16825
16812
16800
16787
16775
16762
16750
16737
16725
16737
16750
16762
16775
16787
16775
16762
16750
16737
16700
16687
16675
16662
16650
16662
16650
16662
16650
16662
16675
16687
16700
16737
16775
16812
16887
16962
17037
17125
17212
17300
17387
17462
17537
17625
17700
17775
17862
17937
18012
18087
18150
18212
18275
18337
18412
18462
18525
18587
18637
18675
18737
18787
18825
18862
18900
18937
18975
18975
18975
18975
18975
18950
18962
18975
18987
18975
18987
18975
18987
18975
18987
18975
18987
19000
19012
19000
19012
19000
18987
18975
18962
18925
18875
18825
18775
18725
18675
18637
18587
18525
18462
18400
18362
18325
18287
18250
18212
18150
18100
18037
18000
17962
17950
17937
17950
17937
17950
17937
17950
17937
17925
17887
17875
17837
17800
17762
17725
17662
17600
17550
17512
17475
17437
17400
17387
17350
17312
17300
17287
17250
17212
17200
17162
17162
17150
17162
17150
17137
17125
17112
17075
17062
17050
17012
17000
16987
16975
16962
16950
16937
16925
16912
16900
16887
16875
16862
16850
16837
16825
16812
16800
16787
16775
16762
16750
16737
16725
16712
16700
16687
16675
16662
16650
16662
16637
16637
16612
16612
16600
16612
16600
16612
16600
16612
16600
16612
16600
16587
16575
16562
16550
16537
16525
16512
16500
16487
16475
16487
16475
16487
16475
16487
16475
16487
16475
16462
16450
16437
16400
16387
16375
16362
16375
16387
16400
16437
16475
16512
16562
16625
16700
16775
16850
16925
17000
17062
17112
17187
17262
17337
17425
17512
17575
17650
17725
17800
17875
17950
18025
18100
18150
18212
18275
18337
18400
18437
18475
18512
18525
18537
18550
18562
18550
18562
18550
18562
18575
18587
18575
18587
18600
18587
18600
18612
18600
18587
18575
18562
18550
18537
18500
18487
18450
18412
18400
18387
18350
18312
18275
18212
18150
18100
18025
17975
17925
17875
17825
17787
17725
17687
17650
17650
17637
17650
17637
17650
17637
17650
17637
17650
17637
17650
17637
17625
17612
17600
17562
17550
17537
17500
17487
17475
17437
17425
17412
17375
17337
17325
17287
17250
17237
17225
17187
17150
17112
17087
17050
17012
17000
16987
16950
16937
16925
16887
16875
16862
16850
16837
16850
16837
16850
16837
16850
16837
16825
16812
16800
16787
16775
16762
16750
16737
16725
16712
16725
16712
16725
16712
16700
16687
16675
16637
16600
16587
16562
16550
16537
16550
16537
16525
16512
16500
16487
16475
16487
16475
16487
16475
16487
16475
16487
16475
16462
16450
16437
16425
16412
16425
16412
16425
16412
16400
16387
16375
16362
16350
16337
16300
16287
16250
16237
16225
16237
16225
16237
16225
16237
16250
16262
16275
16312
16350
16400
16475
16550
16637
16725
16800
16875
16950
17025
17112
17200
17300
17387
17475
17562
17662
17750
17850
17937
18012
18087
18150
18212
18250
18287
18325
18362
18375
18425
18450
18475
18475
18500
18487
18500
18487
18500
18487
18500
18512
18525
18537
18550
18562
18550
18562
18550
18537
18500
18462
18400
18337
18275
18212
18150
18100
18037
17975
17900
17850
17800
17750
17700
17662
17600
17575
17537
17525
17512
17500
17487
17475
17462
17450
17462
17450
17437
17425
17412
17400
17387
17375
17337
17325
17287
17250
17237
17225
17187
17175
17162
17137
17125
17112
17075
17062
17050
17012
16975
16962
16925
16887
16875
16862
16850
16837
16825
16812
16800
16762
16750
16737
16725
16712
16700
16662
16650
16612
16612
16600
16587
16575
16562
16550
16537
16550
16537
16550
16537
16525
16512
16500
16487
16475
16487
16475
16487
16475
16462
16450
16437
16425
16412
16400
16387
16375
16337
16325
16312
16300
16287
16300
16287
16300
16287
16300
16287
16300
16287
16275
16262
16250
16237
16225
16237
16225
16237
16225
16237
16225
16237
16225
16237
16250
16287
16337
16412
16487
16575
16675
16762
16850
16925
17000
17062
17137
17212
17300
17387
17475
17550
17637
17725
17812
17887
17962
18037
18100
18150
18212
18275
18312
18350
18362
18375
18362
18375
18387
18387
18387
18412
18412
18412
18425
18437
18450
18462
18475
18487
18500
18487
18500
18487
18475
18437
18425
18387
18350
18312
18275
18212
18137
18075
17987
17925
17862
17812
17762
17725
17662
17625
17600
17587
17575
17562
17550
17537
17525
17512
17500
17462
17450
17412
17375
17362
17350
17312
17275
17262
17225
17187
17175
17162
17137
17100
17062
17025
16987
16950
16937
16925
16912
16900
16887
16875
16862
16850
16837
16850
16837
16850
16837
16825
16812
16800
16762
16750
16725
16700
16675
16675
16650
16637
16600
16587
16562
16525
16512
16500
16462
16450
16437
16425
16412
16400
16387
16375
16362
16350
16337
16325
16312
16300
16287
16300
16287
16300
16287
16300
16287
16300
16287
16300
16287
16300
16287
16300
16287
16300
16287
16300
16287
16300
16287
16275
16262
16250
16237
16225
16237
16225
16212
16175
16162
16125
16112
16100
16112
16100
16112
16125
16162
16200
16262
16325
16387
16450
16512
16562
16637
16712
16787
16862
16937
17012
17075
17162
17250
17337
17425
17512
17575
17650
17725
17787
17850
17912
17975
18037
18075
18125
18162
18187
18212
18262
18275
18287
18300
18312
18300
18312
18325
18337
18350
18362
18375
18362
18375
18362
18350
18312
18300
18250
18225
18200
18175
18137
18100
18037
17975
17912
17875
17825
17775
17725
17700
17637
17625
17600
17575
17550
17537
17525
17512
17525
17512
17525
17512
17525
17512
17525
17512
17525
17512
17525
17512
17525
17512
17525
17512
17500
17487
17475
17462
17450
17437
17425
17412
17375
17337
17300
17262
17225
17187
17175
17162
17137
17125
17112
17075
17062
17050
17037
17025
17012
17000
16987
16975
16962
16950
16937
16925
16912
16900
16912
16900
16887
16875
16862
16825
16812
16800
16787
16762
16762
16737
16737
16712
16700
16687
16675
16662
16650
16662
16650
16662
16650
16637
16625
16612
16587
16575
16562
16550
16537
16525
16487
16475
16437
16425
16412
16425
16412
16425
16412
16425
16412
16425
16412
16425
16412
16400
16387
16375
16362
16350
16362
16337
16337
16312
16312
16287
16275
16262
16250
16237
16225
16237
16225
16237
16225
16237
16250
16287
16300
16337
16375
16425
16475
16537
16612
16687
16750
16812
16887
16962
17037
17100
17175
17237
17300
17375
17462
17537
17625
17725
17812
17887
17962
18037
18100
18150
18212
18275
18312
18362
18412
18437
18462
18512
18525
18512
18525
18537
18525
18537
18550
18562
18575
18587
18600
18612
18625
18637
18650
18637
18650
18637
18600
18587
18575
18537
18525
18512
18475
18437
18400
18337
18275
18212
18150
18100
18062
18025
18012
17987
17962
17912
17862
17787
17750
17712
17700
17687
17700
17687
17700
17687
17675
17637
17625
17600
17562
17550
17537
17500
17462
17450
17412
17375
17362
17350
17337
17325
17312
17300
17287
17275
17262
17250
17237
17225
17187
17175
17162
17137
17125
17112
17100
17087
17100
17087
17075
17062
17050
17012
17000
16987
16975
16962
16950
16937
16925
16887
16875
16862
16850
16837
16825
16812
16800
16762
16750
16737
16700
16687
16675
16662
16650
16637
16625
16612
16612
16600
16612
16600
16612
16600
16612
16600
16587
16575
16562
16550
16537
16550
16537
16525
16512
16500
16462
16450
16437
16425
16412
16425
16412
16400
16387
16375
16362
16350
16362
16350
16362
16350
16362
16375
16412
16450
16512
16562
16625
16687
16762
16837
16925
17012
17087
17175
17262
17337
17412
17487
17550
17625
17700
17787
17875
17950
18025
18100
18150
18212
18275
18337
18400
18437
18475
18512
18525
18537
18575
18587
18600
18612
18625
18612
18625
18637
18650
18662
18675
18687
18675
18687
18675
18687
18675
18662
18650
18637
18625
18612
18600
18562
18512
18437
18362
18287
18212
18150
18100
18037
17975
17912
17875
17837
17800
17787
17775
17737
17725
17712
17700
17687
17700
17687
17700
17712
17725
17712
17725
17712
17700
17687
17675
17662
17650
17625
17587
17550
17487
17450
17412
17375
17337
17325
17287
17250
17237
17225
17187
17175
17162
17162
17150
17137
17100
17087
17050
17037
17025
17012
16975
16975
16950
16925
16925
16925
16912
16900
16887
16875
16862
16850
16837
16825
16812
16800
16787
16775
16762
16750
16737
16725
16712
16700
16687
16675
16662
16650
16662
16637
16637
16612
16612
16600
16587
16575
16562
16550
16537
16525
16512
16500
16487
16475
16487
16475
16487
16475
16487
16475
16462
16450
16437
16425
16412
16400
16387
16375
16362
16350
16337
16325
16312
16300
16287
16300
16287
16275
16262
16275
16262
16275
16312
16350
16387
16450
16512
16562
16625
16700
16775
16850
16937
17025
17125
17225
17325
17412
17500
17562
17650
17737
17825
17900
17975
18037
18100
18150
18212
18275
18337
18400
18437
18475
18487
18500
18487
18500
18512
18512
18512
18537
18537
18537
18550
18562
18550
18562
18550
18562
18550
18562
18550
18537
18525
18512
18475
18437
18400
18337
18275
18212
18150
18100
18037
17975
17912
17875
17837
17800
17762
17725
17687
17650
17650
17637
17650
17637
17650
17637
17650
17637
17625
17587
17575
17537
17500
17487
17475
17437
17400
17362
17325
17287
17250
17237
17225
17187
17175
17162
17162
17150
17137
17125
17112
17075
17062
17050
17012
17000
16987
16950
16937
16925
16912
16900
16887
16875
16862
16850
16837
16850
16825
16825
16800
16800
16775
16762
16750
16737
16725
16712
16700
16687
16675
16662
16650
16662
16650
16637
16637
16637
16612
16612
16612
16587
16575
16562
16550
16537
16525
16512
16500
16487
16475
16462
16450
16437
16425
16412
16425
16412
16425
16412
16400
16387
16375
16362
16350
16362
16350
16337
16325
16312
16300
16287
16275
16262
16250
16237
16225
16212
16200
16187
16150
16137
16125
16112
16100
16112
16100
16112
16100
16112
16137
16162
16187
16237
16287
16337
16412
16487
16575
16662
16737
16825
16900
16975
17050
17112
17187
17262
17337
17412
17487
17550
17600
17662
17725
17787
17850
17912
17975
18037
18100
18150
18187
18225
18262
18300
18312
18350
18362
18375
18387
18400
18412
18425
18437
18450
18462
18475
18512
18525
18537
18550
18562
18550
18537
18525
18512
18475
18462
18450
18437
18425
18412
18375
18337
18275
18212
18150
18100
18037
17975
17912
17850
17787
17725
17662
17625
17600
17587
17575
17587
17575
17587
17600
17612
17600
17612
17600
17550
17537
17525
17487
17475
17475
17437
17425
17412
17375
17337
17325
17287
17250
17212
17200
17162
17137
17125
17112
17100
17087
17075
17062
17050
17012
17000
16987
16975
16962
16950
16937
16925
16912
16900
16887
16875
16862
16850
16837
16825
16812
16800
16762
16750
16737
16725
16712
16700
16687
16675
16662
16650
16637
16625
16612
16612
16600
16587
16575
16562
16525
16512
16500
16487
16475
16462
16450
16437
16425
16412
16400
16387
16375
16362
16350
16362
16350
16337
16325
16312
16300
16287
16300
16287
16275
16262
16250
16237
16225
16212
16200
16187
16150
16137
16125
16112
16100
16087
16075
16062
16062
16050
16062
16050
16062
16062
16100
16137
16200
16262
16325
16387
16462
16525
16587
16650
16737
16800
16900
17000
17087
17175
17262
17337
17412
17500
17562
17637
17712
17787
17850
17925
18000
18075
18137
18187
18225
18237
18250
18262
18275
18287
18300
18312
18300
18312
18325
18362
18375
18412
18425
18437
18425
18437
18425
18437
18425
18437
18425
18437
18425
18412
18400
18387
18350
18337
18325
18287
18250
18200
18125
18062
17987
17912
17850
17787
17725
17662
17600
17550
17512
17475
17462
17450
17462
17450
17437
17425
17412
17400
17387
17400
17387
17375
17362
17350
17337
17325
17312
17300
17287
17250
17212
17200
17162
17137
17125
17100
17075
17050
17025
17000
16987
16975
16962
16950
16937
16925
16887
16875
16862
16850
16837
16825
16812
16800
16787
16775
16762
16750
16737
16700
16687
16675
16662
16650
16662
16650
16637
16625
16612
16587
16575
16562
16525
16512
16500
16462
16450
16437
16400
16387
16375
16337
16325
16312
16300
16287
16275
16262
16250
16237
16225
16237
16225
16237
16225
16237
16225
16237
16225
16212
16200
16187
16175
16162
16150
16137
16125
16112
16100
16087
16075
16062
16037
16025
16012
15975
15962
15950
15937
15925
15912
15900
15912
15900
15887
15900
15912
15925
15962
16012
16075
16137
16200
16262
16325
16387
16462
16525
16612
16700
16787
16875
16962
17037
17100
17187
17262
17337
17425
17512
17575
17650
17725
17787
17850
17912
17975
18037
18075
18112
18150
18162
18175
18187
18200
18187
18200
18200
18212
18225
18237
18250
18237
18250
18237
18250
18237
18250
18237
18250
18237
18250
18237
18225
18212
18200
18175
18137
18100
18037
17975
17912
17850
17787
17725
17662
17600
17550
17487
17450
17412
17375
17362
17350
17337
17325
17337
17325
17337
17325
17337
17325
17337
17325
17337
17325
17312
17300
17287
17250
17212
17200
17162
17137
17100
17087
17050
17037
17025
17012
17000
16987
16950
16912
16900
16862
16850
16837
16825
16812
16800
16762
16750
16737
16700
16687
16675
16637
16600
16562
16537
16500
16487
16475
16487
16475
16462
16450
16437
16425
16412
16425
16412
16400
16387
16375
16362
16350
16337
16325
16312
16275
16262
16250
16237
16225
16212
16200
16187
16175
16162
16175
16162
16150
16137
16125
16087
16075
16062
16037
16025
16012
16000
15987
16000
15987
16000
15987
16000
15987
16000
15987
16000
15987
16012
16025
16075
16125
16200
16262
16325
16387
16450
16512
16562
16625
16687
16762
16837
16912
16987
17062
17137
17212
17300
17400
17487
17562
17650
17725
17787
17850
17912
17975
18037
18100
18150
18187
18225
18237
18250
18262
18300
18312
18350
18387
18400
18412
18425
18437
18425
18412
18375
18337
18275
18212
18150
18087
18037
17987
17937
17887
17850
17787
17725
17687
17650
17625
17587
17575
17537
17525
17512
17525
17512
17525
17512
17525
17512
17525
17512
17500
17462
17425
17387
17350
17312
17300
17287
17275
17262
17275
17262
17250
17237
17225
17187
17175
17162
17162
17150
17137
17100
17087
17050
17037
17025
17037
17025
17012
17000
16987
16950
16937
16925
16912
16900
16887
16875
16862
16850
16837
16825
16812
16800
16787
16775
16787
16775
16762
16750
16737
16700
16662
16625
16587
16562
16550
16537
16525
16512
16500
16487
16475
16487
16475
16462
16450
16437
16425
16412
16425
16412
16400
16387
16375
16362
16350
16337
16325
16312
16300
16287
16275
16237
16225
16187
16150
16137
16125
16087
16050
16037
16012
16000
15987
16000
16012
16037
16075
16137
16200
16262
16325
16387
16450
16512
16587
16662
16750
16837
16925
17012
17100
17187
17275
17362
17450
17525
17587
17662
17725
17787
17850
17912
17975
18037
18100
18137
18175
18187
18200
18200
18212
18225
18237
18250
18262
18275
18287
18300
18337
18337
18362
18362
18387
18362
18375
18387
18400
18412
18425
18437
18450
18462
18475
18487
18500
18487
18500
18487
18500
18487
18475
18462
18450
18412
18375
18337
18275
18212
18150
18100
18037
17975
17912
17850
17812
17775
17737
17700
17687
17650
17650
17650
17662
17675
17687
17675
17662
17650
17625
17587
17575
17537
17500
17462
17450
17412
17400
17387
17375
17362
17350
17312
17300
17287
17250
17237
17225
17212
17200
17187
17175
17162
17137
17125
17112
17075
17062
17050
17012
16975
16962
16925
16912
16900
16912
16900
16887
16875
16887
16875
16862
16850
16837
16800
16787
16775
16787
16775
16762
16750
16737
16725
16712
16700
16687
16675
16662
16650
16662
16650
16637
16625
16612
16587
16575
16587
16562
16562
16562
16537
16512
16500
16487
16475
16462
16450
16437
16425
16412
16425
16412
16400
16387
16375
16362
16350
16337
16325
16312
16275
16262
16250
16237
16225
16237
16225
16237
16212
16225
16237
16275
16325
16412
16487
16550
16625
16687
16750
16812
16875
16937
17000
17062
17125
17200
17275
17362
17450
17525
17612
17700
17775
17850
17912
17987
18062
18125
18200
18275
18337
18375
18412
18450
18462
18475
18487
18500
18487
18500
18512
18525
18537
18550
18562
18575
18587
18600
18612
18625
18612
18625
18612
18625
18612
18600
18587
18575
18537
18500
18462
18400
18337
18275
18212
18150
18100
18037
17975
17912
17850
17812
17775
17737
17725
17712
17700
17687
17675
17662
17650
17650
17637
17625
17612
17600
17562
17525
17512
17475
17437
17400
17387
17350
17312
17300
17287
17275
17262
17250
17237
17225
17212
17200
17187
17175
17150
17137
17112
17112
17087
17075
17062
17050
17037
17025
17012
17000
16987
16975
16962
16950
16937
16925
16912
16900
16887
16875
16862
16825
16812
16800
16787
16762
16762
16737
16737
16712
16725
16712
16700
16687
16675
16662
16650
16662
16650
16637
16625
16612
16612
16600
16612
16600
16587
16575
16562
16550
16537
16525
16512
16500
16487
16475
16487
16475
16487
16475
16487
16475
16462
16450
16437
16400
16387
16375
16362
16350
16362
16350
16362
16375
16412
16450
16512
16562
16625
16700
16775
16850
16925
17000
17062
17137
17212
17287
17362
17425
17500
17587
17675
17762
17862
17937
18012
18087
18150
18212
18275
18337
18400
18462
18500
18537
18550
18537
18525
18537
18525
18537
18575
18587
18600
18612
18625
18612
18625
18637
18650
18662
18675
18687
18675
18687
18675
18687
18675
18687
18675
18687
18662
18662
18637
18612
18562
18525
18462
18400
18337
18275
18212
18150
18100
18037
17975
17900
17850
17800
17775
17750
17762
17750
17762
17750
17762
17750
17762
17750
17762
17750
17762
17750
17737
17725
17712
17675
17637
17600
17575
17537
17500
17487
17475
17437
17400
17362
17325
17287
17250
17237
17225
17212
17200
17187
17175
17162
17137
17100
17087
17050
17037
17025
17012
16975
16962
16925
16912
16900
16887
16875
16862
16825
16812
16800
16762
16762
16762
16737
16737
16737
16700
16687
16675
16637
16625
16612
16612
16600
16587
16575
16562
16550
16537
16550
16537
16525
16512
16525
16500
16500
16500
16500
16475
16487
16475
16462
16450
16437
16425
16412
16425
16412
16400
16387
16375
16337
16325
16312
16275
16262
16250
16237
16225
16212
16200
16187
16175
16187
16225
16262
16325
16387
16450
16512
16587
16662
16737
16812
16875
16937
17000
17062
17112
17175
17250
17325
17400
17475
17550
17600
17662
17737
17812
17887
17962
18037
18100
18150
18212
18275
18312
18362
18387
18387
18387
18412
18400
18412
18450
18462
18475
18487
18500
18512
18525
18537
18550
18537
18525
18537
18525
18512
18500
18462
18425
18387
18350
18312
18275
18212
18150
18100
18037
17975
17912
17850
17787
17725
17687
17650
17625
17612
17600
17587
17575
17587
17575
17587
17575
17587
17575
17587
17575
17587
17575
17587
17575
17562
17550
17537
17500
17487
17475
17437
17425
17412
17375
17337
17300
17237
17200
17162
17137
17125
17112
17100
17087
17075
17062
17050
17012
17000
16987
16950
16937
16925
16912
16900
16887
16875
16862
16825
16812
16800
16787
16775
16762
16725
16712
16675
16662
16650
16662
16650
16637
16625
16612
16587
16575
16562
16525
16512
16500
16462
16450
16437
16425
16412
16425
16412
16400
16387
16375
16337
16325
16312
16300
16287
16275
16262
16250
16237
16225
16212
16175
16175
16150
16150
16150
16175
16162
16175
16187
16225
16275
16350
16437
16512
16600
16687
16775
16862
16962
17050
17137
17225
17300
17362
17425
17487
17550
17600
17675
17750
17825
17900
17975
18037
18100
18150
18212
18275
18312
18350
18362
18375
18387
18400
18412
18450
18462
18475
18487
18500
18512
18525
18537
18550
18562
18575
18587
18600
18612
18600
18587
18575
18537
18500
18487
18450
18412
18375
18337
18300
18262
18225
18187
18150
18100
18037
17975
17912
17850
17787
17750
17712
17675
17637
17625
17625
17612
17625
17637
17625
17612
17600
17562
17525
17487
17425
17387
17350
17312
17275
17262
17225
17187
17150
17137
17112
17075
17037
17025
16987
16950
16937
16925
16887
16850
16837
16800
16787
16775
16762
16750
16737
16700
16687
16675
16662
16650
16662
16650
16637
16625
16612
16612
16600
16587
16575
16562
16525
16512
16500
16462
16450
16437
16425
16412
16425
16412
16400
16387
16375
16337
16325
16312
16275
16262
16250
16237
16225
16212
16175
16162
16125
16112
16100
16087
16075
16062
16062
16050
16062
16037
16050
16037
16050
16037
16062
16050
16062
16062
16100
16137
16212
16287
16362
16437
16512
16587
16662
16750
16837
16912
17000
17075
17150
17225
17312
17387
17475
17550
17637
17712
17787
17862
17912
17975
18012
18050
18075
18125
18137
18175
18200
18212
18225
18237
18250
18262
18275
18300
18325
18325
18325
18350
18337
18350
18362
18375
18362
18375
18362
18375
18362
18375
18362
18350
18337
18325
18287
18250
18237
18200
18175
18137
18100
18037
17962
17887
17812
17737
17662
17600
17550
17487
17450
17412
17412
17400
17412
17400
17412
17387
17400
17387
17400
17387
17400
17387
17400
17387
17400
17387
17375
17362
17350
17337
17325
17312
17275
17262
17225
17187
17150
17137
17112
17075
17062
17050
17037
17025
17012
17000
16987
16950
16937
16925
16912
16900
16912
16900
16887
16875
16862
16850
16837
16825
16787
16775
16737
16700
16687
16675
16662
16650
16662
16650
16637
16625
16612
16587
16575
16562
16550
16537
16550
16537
16525
16512
16500
16462
16450
16437
16400
16387
16375
16337
16325
16312
16300
16287
16300
16287
16275
16262
16250
16237
16225
16237
16225
16237
16225
16212
16200
16187
16175
16162
16150
16137
16112
16087
16062
16062
16050
16062
16050
16037
16025
16012
16000
15987
16000
15987
16000
15987
16000
15987
16000
16012
16025
16037
16087
16137
16187
16262
16325
16387
16450
16512
16575
16650
16725
16800
16875
16937
17012
17075
17162
17250
17350
17437
17525
17587
17662
17725
17787
17850
17912
17975
18037
18100
18137
18175
18200
18212
18225
18262
18275
18287
18300
18312
18325
18337
18350
18362
18375
18362
18375
18387
18400
18412
18425
18437
18425
18437
18425
18437
18425
18437
18425
18412
18375
18337
18300
18262
18225
18175
18125
18062
17987
17912
17850
17812
17762
17712
17662
17612
17550
17487
17450
17412
17400
17387
17400
17387
17400
17412
17425
17437
17450
17462
17450
17437
17425
17412
17375
17362
17350
17312
17275
17262
17225
17187
17150
17112
17062
17000
16962
16925
16912
16900
16887
16875
16862
16825
16812
16800
16787
16775
16762
16750
16737
16725
16712
16700
16687
16675
16637
16625
16612
16587
16575
16562
16525
16512
16500
16462
16462
16462
16437
16437
16437
16400
16387
16375
16337
16325
16312
16300
16287
16275
16262
16250
16212
16200
16187
16175
16162
16175
16162
16150
16137
16125
16112
16100
16112
16100
16087
16075
16062
16062
16050
16062
16050
16037
16025
16012
15975
15962
15950
15937
15925
15912
15900
15875
15862
15850
15862
15850
15875
15887
15937
15975
16050
16125
16212
16287
16375
16462
16562
16650
16737
16812
16887
16975
17050
17150
17250
17337
17412
17487
17550
17600
17662
17725
17787
17850
17912
17950
17987
18000
18012
18025
18037
18050
18062
18075
18062
18075
18087
18100
18112
18125
18137
18125
18137
18125
18137
18125
18137
18125
18112
18075
18062
18025
17987
17950
17912
17850
17787
17725
17662
17600
17550
17487
17425
17362
17325
17287
17250
17237
17225
17212
17200
17212
17200
17212
17200
17187
17175
17162
17137
17125
17112
17075
17037
17025
16987
16950
16912
16875
16837
16800
16762
16750
16737
16725
16712
16700
16687
16675
16637
16625
16612
16612
16600
16587
16575
16562
16525
16512
16500
16487
16475
16487
16475
16462
16425
16412
16375
16337
16325
16312
16300
16287
16300
16287
16300
16275
16275
16250
16250
16225
16237
16225
16212
16200
16187
16175
16162
16150
16137
16125
16087
16075
16062
16062
16037
16037
16012
15987
15962
15950
15937
15925
15912
15912
15912
15887
15887
15912
15900
15912
15950
15987
16012
16075
16137
16200
16262
16325
16387
16450
16512
16575
16650
16725
16800
16875
16950
17025
17087
17162
17237
17300
17362
17437
17512
17575
17650
17725
17762
17812
17862
17912
17937
17987
18000
18012
18025
18037
18050
18062
18075
18062
18075
18087
