t = 60.000000, p = 458.000000
14062
14075
14087
14100
14112
14112
14150
14200
14275
14350
14425
14525
14612
14712
14812
14900
15000
15112
15212
15312
15412
15512
15600
15687
15775
15837
15900
15962
16012
16075
16112
16125
16112
16100
16087
16075
16087
16100
16112
16100
16087
16075
16087
16075
16087
16100
16112
16100
16112
16100
16112
16100
16087
16050
16037
16012
15975
15962
15950
15912
15875
15837
15775
15712
15650
15587
15525
15475
15412
15350
15287
15225
15187
15150
15112
15100
15087
15087
15075
15087
15075
15087
15062
15075
15062
15050
15012
15000
14975
14937
14925
14912
14875
14862
14850
14837
14812
14812
14787
14762
14737
14725
14687
14675
14662
14650
14637
14650
14637
14625
14612
14600
14587
14575
14562
14550
14537
14512
14500
14487
14475
14462
14450
14437
14425
14412
14400
14387
14375
14387
14375
14362
14350
14337
14300
14262
14250
14237
14225
14237
14237
14212
14212
14187
14162
14150
14162
14150
14137
14125
14112
14075
14062
14050
14037
14025
14037
14025
14012
14000
13987
13987
13975
13987
13962
13962
13937
13937
13912
13925
13912
13925
13912
13900
13887
13875
13837
13825
13812
13800
13787
13800
13812
13825
13837
13875
13912
13962
14037
14125
14225
14312
14400
14500
14587
14687
14787
14875
14975
15075
15162
15262
15350
15437
15512
15587
15650
15712
15775
15812
15850
15862
15875
15862
15875
15862
15850
15812
15800
15762
15750
15737
15750
15737
15750
15737
15750
15737
15750
15737
15750
15737
15750
15762
15775
15787
15800
15812
15800
15812
15800
15787
15750
15700
15625
15550
15475
15412
15350
15287
15225
15162
15100
15037
14975
14925
14887
14850
14812
14800
14787
14750
14737
14725
14712
14700
14712
14700
14712
14700
14712
14700
14687
14675
14687
14675
14662
14675
14662
14625
14612
14600
14562
14550
14537
14537
14512
14512
14487
14487
14462
14450
14412
14400
14362
14325
14287
14275
14237
14225
14212
14225
14212
14200
14187
14175
14137
14125
14112
14100
14087
14075
14062
14050
14037
14025
14037
14025
14012
14000
13987
13987
13975
13962
13950
13937
13900
13887
13875
13862
13850
13862
13850
13837
13825
13812
13800
13787
13800
13787
13800
13787
13775
13762
13750
13737
13725
13712
13700
13687
13650
13637
13625
13612
13625
13662
13662
13687
13712
13737
13775
13850
13912
13987
14075
14162
14250
14350
14450
14550
14637
14737
14837
14912
15025
15137
15250
15350
15450
15512
15587
15650
15687
15725
15737
15725
15712
15700
15662
15650
15637
15600
15587
15562
15550
15550
15550
15550
15562
15575
15562
15575
15575
15587
15600
15612
15637
15662
15687
15712
15737
15725
15687
15650
15587
15525
15475
15400
15312
15225
15137
15050
14975
14925
14862
14800
14737
14675
14612
14575
14537
14537
14537
14575
14612
14675
14712
14750
14787
14800
14812
14825
14837
14825
14812
14800
14775
14725
14675
14625
14575
14537
14512
14475
14462
14425
14425
14425
14425
14425
14425
14387
14350
14312
14250
14212
14175
14137
14125
14112
14100
14112
14125
14137
14150
14162
14175
14175
14175
14200
14200
14175
14187
14175
14162
14150
14137
14100
14087
14050
14012
14000
13987
13987
13975
13987
13987
14000
14012
14025
14037
14025
14012
14000
13987
13987
13975
13987
13975
13987
13975
13987
13975
13987
13975
13987
13975
13987
13975
13987
13975
13987
13975
13987
13975
13962
13925
13912
13875
13862
13850
13837
13825
13812
13800
13787
13800
13812
13825
13837
13875
13912
13937
14012
14087
14175
14262
14362
14437
14537
14637
14737
14837
14925
15025
15125
15225
15312
15412
15487
15562
15637
15712
15775
15837
15900
15937
15975
15987
15975
15962
15950
15937
15925
15937
15925
15912
15900
15912
15900
15912
15925
15912
15912
15912
15912
15912
15950
15950
15975
15975
16000
15987
16000
15987
15975
15962
15950
15912
15875
15837
15775
15712
15650
15587
15525
15462
15412
15362
15312
15250
15225
15162
15100
15037
14987
14950
14912
14900
14887
14900
14887
14900
14887
14900
14887
14900
14887
14900
14887
14900
14887
14900
14887
14900
14887
14875
14862
14850
14837
14825
14837
14825
14812
14800
14787
14750
14712
14700
14662
14650
14637
14625
14612
14600
14587
14562
14575
14562
14575
14562
14587
14575
14562
14550
14537
14537
14525
14512
14500
14487
14450
14437
14425
14412
14400
14387
14375
14362
14350
14337
14350
14337
14350
14337
14350
14337
14325
14312
14300
14287
14275
14287
14275
14287
14275
14287
14275
14287
14275
14287
14275
14287
14275
14287
14275
14262
14250
14237
14200
14187
14175
14137
14125
14112
14100
14087
14075
14062
14050
14012
14000
13987
13987
13987
14025
14062
14137
14212
14300
14387
14475
14575
14675
14787
14887
15000
15100
15212
15300
15400
15487
15587
15675
15762
15837
15900
15962
16000
16037
16050
16062
16050
16037
16000
15987
15950
15937
15925
15912
15900
15887
15875
15862
15875
15862
15875
15862
15887
15887
15875
15875
15875
15837
15825
15825
15787
15750
15712
15650
15587
15525
15475
15412
15337
15262
15175
15112
15050
15000
14962
14950
14912
14875
14862
14850
14812
14800
14812
14800
14812
14825
14837
14825
14812
14800
14787
14775
14762
14750
14737
14725
14687
14675
14662
14625
14587
14575
14537
14512
14500
14487
14450
14412
14412
14387
14362
14362
14362
14325
14312
14300
14287
14275
14262
14250
14237
14225
14212
14200
14187
14175
14137
14125
14112
14100
14087
14100
14087
14075
14062
14050
14037
14025
14037
14012
14012
13987
13987
13975
13987
13975
13987
13975
13962
13950
13937
13925
13912
13900
13887
13875
13862
13850
13837
13825
13812
13775
13762
13750
13737
13750
13762
13787
13837
13887
13937
14025
14100
14187
14287
14375
14475
14587
14687
14787
14875
14987
15087
15200
15312
15412
15487
15575
15650
15712
15775
15812
15825
15812
15800
15762
15725
15712
15700
15687
15675
15687
15675
15687
15675
15687
15675
15687
15700
15712
15737
15750
15762
15750
15762
15737
15725
15712
15687
15662
15625
15587
15512
15475
15425
15375
15325
15287
15225
15162
15100
15037
14975
14925
14862
14800
14762
14750
14762
14775
14812
14825
14837
14825
14837
14825
14837
14825
14812
14800
14787
14750
14712
14675
14637
14600
14562
14550
14537
14512
14500
14487
14475
14462
14450
14437
14425
14412
14400
14387
14375
14362
14350
14337
14350
14337
14325
14312
14300
14287
14275
14287
14275
14287
14275
14287
14275
14287
14275
14287
14275
14287
14275
14287
14275
14287
14275
14287
14275
14287
14275
14287
14262
14275
14262
14275
14287
14312
14300
14312
14300
14287
14275
14287
14275
14262
14250
14237
14200
14187
14175
14162
14150
14162
14175
14187
14200
14237
14275
14312
14375
14437
14525
14612
14712
14825
14912
15012
15125
15237
15350
15462
15575
15675
15775
15862
15937
16000
16075
16137
16175
16212
16225
16212
16200
16187
16150
16137
16125
16112
16100
16112
16100
16112
16100
16112
16125
16137
16125
16137
16125
16087
16050
16037
16000
15975
15950
15925
15875
15837
15775
15712
15650
15587
15525
15475
15400
15362
15325
15287
15250
15212
15162
15112
15087
15062
15075
15062
15075
15087
15100
15112
15125
15112
15100
15087
15050
15037
15025
15000
14987
14975
14937
14925
14912
14875
14837
14800
14762
14725
14687
14650
14637
14600
14562
14550
14537
14537
14525
14512
14500
14475
14462
14450
14437
14425
14412
14387
14387
14375
14362
14362
14362
14337
14325
14312
14300
14287
14275
14287
14275
14262
14250
14237
14225
14212
14225
14212
14225
14212
14200
14187
14175
14162
14150
14162
14150
14162
14150
14162
14150
14162
14150
14162
14150
14162
14150
14137
14125
14112
14100
14112
14125
14112
14125
14112
14075
14062
14050
14037
14025
14037
14025
14012
14000
13987
13987
13975
13987
13987
14025
14062
14125
14187
14250
14312
14375
14437
14525
14625
14737
14850
14950
15050
15137
15225
15325
15412
15512
15612
15700
15787
15862
15937
16000
16050
16062
16050
16037
16012
16000
15987
15975
15962
15975
15962
15975
15987
16000
15987
16000
15987
16000
15987
16000
15987
15975
15937
15887
15837
15787
15737
15687
15650
15587
15525
15475
15412
15337
15262
15212
15162
15112
15075
15037
15000
14975
14937
14925
14912
14900
14887
14900
14887
14900
14887
14900
14887
14900
14887
14900
14887
14875
14862
14850
14812
14800
14787
14750
14712
14700
14662
14625
14612
14600
14587
14575
14587
14575
14562
14550
14537
14512
14500
14487
14450
14437
14425
14387
14375
14362
14325
14287
14275
14237
14225
14212
14200
14187
14175
14162
14150
14137
14125
14112
14100
14087
14075
14062
14050
14037
14025
14037
14025
14012
14000
14012
14000
13987
14000
14012
14000
13987
14000
13987
13987
13975
13987
13975
13987
13975
13962
13950
13925
13912
13900
13912
13900
13900
13887
13900
13887
13875
13887
13875
13837
13825
13812
13800
13787
13800
13787
13800
13812
13850
13887
13962
14037
14125
14225
14312
14400
14500
14587
14687
14787
14875
14975
15087
15175
15262
15337
15425
15487
15562
15637
15712
15775
15812
15850
15862
15850
15837
15825
15812
15800
15812
15800
15787
15775
15762
15750
15737
15750
15737
15750
15737
15750
15737
15750
15737
15750
15737
15750
15762
15775
15787
15800
15812
15800
15812
15800
15787
15750
15712
15637
15562
15475
15400
15312
15237
15150
15075
15025
14975
14937
14900
14887
14850
14837
14825
14837
14825
14837
14825
14837
14850
14862
14850
14862
14850
14812
14775
14762
14725
14687
14675
14662
14625
14612
14600
14562
14550
14537
14537
14525
14512
14500
14487
14475
14462
14450
14437
14425
14387
14375
14362
14350
14337
14325
14312
14300
14287
14275
14262
14250
14237
14225
14212
14225
14212
14225
14212
14225
14212
14225
14212
14225
14212
14225
14212
14225
14212
14225
14212
14225
14212
14225
14212
14200
14187
14175
14162
14150
14162
14150
14162
14150
14137
14125
14112
14100
14087
14100
14087
14100
14087
14100
14112
14150
14187
14250
14312
14387
14450
14525
14625
14725
14812
14900
15012
15100
15187
15300
15400
15475
15575
15675
15750
15825
15900
15962
16012
16075
16112
16150
16162
16175
16162
16175
16150
16150
16125
16125
16100
16112
16100
16087
16075
16062
16062
16062
16075
16087
16100
16112
16100
16087
16050
16037
16012
15975
15937
15900
15837
15775
15712
15650
15587
15525
15475
15412
15350
15287
15225
15162
15125
15112
15100
15112
15125
15137
15125
15112
15100
15087
15075
15062
15050
15037
15025
15025
15012
15025
15000
15000
14975
14975
14950
14937
14925
14912
14900
14887
14875
14862
14850
14837
14825
14812
14800
14787
14775
14762
14775
14762
14750
14712
14700
14662
14650
14637
14625
14612
14600
14587
14575
14587
14575
14562
14550
14537
14512
14500
14487
14450
14437
14425
14412
14400
14387
14375
14362
14350
14337
14350
14337
14325
14312
14300
14262
14250
14237
14225
14212
14225
14212
14200
14187
14175
14162
14150
14162
14150
14137
14125
14112
14100
14087
14100
14087
14075
14062
14050
14037
14025
14037
14025
14012
14000
13987
13987
13975
13962
13950
13962
13950
13962
13987
14025
14075
14150
14225
14300
14387
14450
14537
14625
14725
14812
14912
15012
15125
15225
15337
15425
15500
15587
15675
15750
15825
15900
15962
16012
16050
16062
16075
16062
16037
16000
15987
15950
15937
15925
15912
15900
15912
15900
15912
15925
15937
15950
15962
15975
15987
15975
15962
15950
15912
15875
15837
15775
15712
15637
15562
15487
15425
15350
15287
15225
15162
15100
15037
14975
14950
14912
14875
14862
14850
14837
14825
14837
14825
14837
14825
14837
14825
14837
14825
14812
14800
14787
14775
14762
14750
14737
14725
14687
14675
14662
14625
14587
14550
14512
14487
14475
14462
14450
14437
14425
14387
14350
14337
14300
14262
14250
14237
14200
14187
14175
14162
14150
14137
14125
14112
14100
14087
14100
14087
14075
14062
14050
14037
14025
14012
14000
13987
13987
13987
13987
13987
13987
13962
13950
13937
13925
13937
13950
13937
13950
13937
13925
13912
13925
13912
13925
13912
13925
13912
13925
13912
13937
13912
13925
13912
13900
13875
13875
13862
13850
13862
13850
13837
13825
13812
13800
13787
13800
13787
13800
13787
13800
13787
13800
13787
13800
13812
13850
13887
13937
14012
14087
14162
14250
14337
14412
14487
14587
14675
14775
14875
14975
15075
15175
15262
15350
15437
15525
15612
15700
15775
15812
15850
15862
15850
15837
15825
15812
15800
15787
15775
15762
15750
15737
15725
15712
15725
15712
15725
15762
15775
15787
15825
15837
15825
15837
15825
15812
15825
15837
15825
15837
15825
15787
15750
15712
15650
15587
15525
15462
15387
15312
15237
15162
15100
15037
15000
14975
14937
14900
14887
14875
14862
14875
14887
14900
14887
14900
14887
14900
14887
14875
14862
14850
14837
14825
14812
14800
14787
14750
14737
14725
14687
14675
14662
14650
14637
14625
14612
14600
14562
14550
14537
14512
14500
14487
14475
14462
14450
14437
14425
14412
14400
14412
14400
14387
14375
14362
14350
14337
14350
14337
14350
14337
14350
14337
14350
14337
14350
14337
14350
14337
14350
14337
14350
14337
14350
14337
14350
14325
14325
14300
14300
14275
14287
14275
14287
14275
14287
14275
14262
14250
14237
14225
14212
14225
14200
14200
14200
14200
14200
14212
14225
14237
14275
14287
14337
14400
14450
14512
14612
14700
14787
14875
14987
15087
15187
15287
15387
15462
15550
15650
15737
15825
15912
16012
16100
16162
16212
16225
16237
16225
16237
16225
16212
16200
16187
16150
16137
16125
16112
16125
16137
16150
16162
16175
16162
16175
16162
16175
16187
16200
16212
16225
16237
16225
16237
16212
16212
16187
16187
16162
16150
16112
16075
16012
15962
15900
15837
15775
15712
15650
15575
15500
15437
15362
15287
15250
15212
15175
15162
15175
15162
15175
15187
15200
15187
15200
15187
15175
15162
15150
15137
15125
15112
15100
15087
15075
15062
15050
15012
15000
14975
14937
14925
14912
14875
14862
14850
14812
14800
14787
14750
14737
14725
14712
14700
14687
14675
14662
14625
14612
14600
14562
14550
14537
14512
14500
14487
14450
14437
14425
14412
14400
14412
14400
14387
14375
14362
14350
14337
14325
14312
14300
14262
14250
14237
14225
14212
14225
14212
14200
14187
14175
14162
14150
14137
14137
14137
14112
14112
14112
14100
14087
14100
14087
14075
14062
14050
14037
14025
14037
14025
14012
14000
13987
13987
13987
14025
14062
14125
14187
14250
14325
14400
14475
14575
14687
14800
14912
15025
15137
15250
15350
15437
15537
15625
15712
15800
15875
15950
16000
16037
16050
16062
16050
16037
16000
15987
15950
15912
15900
15887
15875
15862
15875
15862
15875
15887
15900
15912
15925
15937
15925
15937
15925
15912
15875
15862
15825
15812
15800
15787
15750
15712
15650
15575
15525
15487
15437
15387
15350
15275
15200
15125
15050
14975
14925
14862
14825
14787
14775
14787
14800
14812
14850
14850
14850
14875
14875
14850
14862
14850
14812
14800
14787
14750
14737
14725
14712
14700
14687
14675
14662
14650
14625
14625
14625
14612
14600
14600
14600
14575
14562
14550
14537
14537
14525
14537
14525
14500
14487
14475
14437
14425
14425
14387
14375
14350
14325
14300
14300
14275
14287
14275
14262
14250
14237
14225
14212
14225
14212
14200
14187
14175
14162
14150
14162
14150
14162
14150
14162
14150
14162
14150
14137
14125
14112
14075
14062
14050
14037
14025
14012
14000
13987
13987
13975
13987
13975
13987
13975
13962
13950
13937
13900
13887
13875
13862
13850
13875
13900
13937
13987
14062
14125
14200
14275
14362
14437
14537
14625
14737
14837
14925
15025
15125
15212
15300
15387
15462
15550
15637
15700
15762
15812
15862
15875
15912
15925
15912
15900
15887
15850
15837
15825
15812
15800
15812
15800
15812
15800
15812
15800
15812
15825
15837
15825
15837
15825
15812
15800
15775
15750
15725
15675
15625
15587
15525
15475
15412
15350
15287
15225
15162
15087
15012
14937
14900
14850
14837
14825
14837
14825
14837
14825
14837
14850
14862
14850
14862
14850
14812
14800
14787
14775
14762
14775
14762
14750
14712
14675
14612
14550
14487
14462
14425
14412
14400
14387
14375
14362
14350
14337
14325
14312
14300
14262
14250
14237
14225
14212
14200
14187
14175
14137
14137
14137
14112
14112
14112
14100
14087
14100
14087
14100
14087
14075
14062
14050
14012
14000
13987
13987
13975
13987
13975
13962
13950
13937
13925
13912
13900
13887
13875
13862
13837
13837
13812
13812
13787
13800
13787
13800
13787
13775
13762
13750
13712
13700
13687
13675
13662
13675
13662
13687
13675
13662
13650
13662
13625
13625
13650
13675
13700
13762
13825
13887
13950
14025
14112
14212
14312
14400
14500
14600
14700
14800
14900
15000
15100
15200
15300
15387
15462
15525
15587
15625
15637
15625
15587
15550
15525
15487
15475
15462
15450
15462
15475
15487
15500
15512
15500
15512
15500
15512
15500
15512
15500
15512
15500
15512
15500
15487
15450
15412
15375
15325
15275
15225
15175
15087
15012
14925
14850
14762
14687
14612
14550
14487
14462
14425
14412
14400
14412
14400
14412
14400
14412
14400
14387
14375
14362
14325
14287
14250
14187
14125
14087
14050
14037
14025
14012
13975
13937
13912
13875
13837
13825
13812
13775
13762
13750
13737
13725
13712
13700
13687
13650
13637
13625
13587
13575
13562
13550
13537
13525
13512
13500
13500
13487
13475
13462
13450
13412
13400
13387
13375
13362
13375
13350
13350
13350
13350
13350
13362
13350
13337
13325
13312
13300
13312
13300
13287
13275
13262
13250
13237
13225
13212
13200
13187
13175
13162
13150
13137
13125
13112
13100
13087
13075
13062
13050
13062
13050
13062
13075
13112
13150
13212
13275
13350
13412
13500
13600
13700
13800
13887
13987
14075
14175
14262
14350
14425
14512
14600
14687
14775
14850
14900
14937
14950
14962
14950
14937
14925
14912
14900
14875
14875
14875
14875
14875
14887
14900
14887
14900
14912
14925
14937
14950
14937
14925
14912
14900
14875
14850
14800
14750
14700
14650
14600
14550
14500
14437
14375
14312
14250
14187
14150
14112
14075
14037
14025
14012
14000
14025
14037
14050
14062
14100
14087
14112
14112
14112
14087
14062
14037
14037
14012
13987
13975
13962
13937
13900
13887
13875
13862
13850
13862
13850
13837
13825
13812
13775
13762
13750
13737
13725
13737
13725
13712
13675
13662
13625
13612
13600
13612
13600
13587
13575
13562
13550
13537
13550
13537
13550
13537
13550
13537
13525
13512
13500
13500
13487
13500
13487
13500
13487
13500
13487
13500
13487
13500
13487
13475
13462
13450
13437
13412
13412
13387
13387
13362
13350
13337
13325
13312
13325
13325
13325
13350
13350
13350
13387
13400
13412
13450
13500
13550
13625
13712
13787
13862
13925
14012
14100
14187
14275
14375
14462
14550
14650
14750
14837
14912
15000
15075
15150
15225
15262
15300
15312
15325
15312
15325
15312
15325
15312
15300
15287
15300
15287
15275
15287
15275
15262
15275
15287
15300
15312
15325
15312
15300
15262
15225
15150
15100
15037
14975
14950
14925
14862
14812
14762
14687
14612
14550
14512
14475
14450
14425
14425
14400
14425
14425
14425
14425
14450
14437
14450
14462
14475
14462
14450
14437
14412
14387
14362
14337
14312
14300
14262
14250
14237
14225
14212
14200
14187
14175
14137
14125
14112
14100
14087
14075
14062
14050
14012
14000
13987
13987
13975
13962
13950
13937
13925
13912
13925
13912
13925
13912
13925
13912
13925
13912
13925
13912
13900
13887
13875
13862
13850
13862
13850
13837
13825
13812
13800
13787
13800
13787
13800
13787
13800
13787
13800
13787
13775
13762
13750
13737
13725
13737
13725
13737
13725
13712
13700
13687
13675
13662
13675
13662
13675
13662
13675
13662
13675
13662
13675
13700
13725
13750
13800
13850
13887
13962
14037
14125
14212
14300
14387
14475
14575
14675
14775
14875
14975
15062
15175
15287
15387
15475
15575
15650
15687
15750
15787
15800
15812
15825
15812
15800
15787
15775
15762
15750
15762
15775
15787
15800
15812
15800
15812
15825
15837
15850
15862
15875
15862
15875
15862
15875
15862
15875
15862
15850
15812
15775
15712
15650
15575
15487
15400
15287
15200
15125
15062
15012
14975
14925
14862
14800
14762
14725
14712
14725
14762
14800
14837
14875
14887
14900
14887
14875
14837
14800
14762
14725
14687
14675
14662
14625
14612
14600
14587
14575
14562
14550
14537
14537
14525
14512
14500
14487
14450
14437
14425
14387
14375
14362
14350
14337
14350
14337
14350
14337
14350
14337
14350
14337
14325
14312
14300
14262
14225
14212
14175
14162
14150
14162
14137
14112
14087
14062
14037
14025
14037
14025
14012
14000
13987
13987
13975
13987
13975
13987
13975
13962
13950
13937
13900
13887
13875
13862
13850
13862
13850
13862
13850
13837
13825
13812
13800
13787
13775
13762
13750
13737
13725
13737
13712
13725
13712
13700
13687
13712
13687
13687
13712
13712
13712
13725
13737
13725
13737
13750
13787
13825
13887
13950
14025
14100
14175
14262
14350
14425
14525
14625
14725
14825
14912
15000
15087
15162
15237
15325
15412
15487
15550
15575
15562
15550
15525
15512
15500
15512
15500
15512
15500
15512
15525
15537
15550
15562
15575
15562
15575
15562
15550
15537
15525
15487
15450
15412
15350
15287
15225
15162
15100
15037
14975
14925
14862
14800
14762
14725
14687
14650
14612
14575
14537
14537
14525
14537
14525
14537
14525
14537
14525
14512
14500
14487
14450
14437
14425
14412
14400
14387
14375
14362
14350
14337
14350
14337
14325
14287
14250
14187
14125
14062
14000
13962
13962
13950
13962
13975
13987
13975
13962
13925
13887
13850
13812
13775
13762
13775
13762
13775
13812
13850
13862
13900
13912
13900
13887
13900
13875
13850
13825
13800
13750
13737
13725
13712
13700
13687
13675
13650
13650
13625
13625
13625
13637
13650
13662
13675
13700
13725
13725
13750
13750
13712
13700
13675
13650
13625
13625
13600
13612
13587
13587
13562
13562
13537
13550
13562
13600
13612
13650
13662
13675
13662
13650
13612
13575
13537
13500
13500
13500
13512
13525
13575
13625
13675
13750
13825
13887
13975
14062
14162
14275
14375
14487
14625
14750
14862
14962
15062
15150
15237
15337
15425
15500
15575
15625
15662
15675
15650
15600
15575
15525
15487
15450
15437
15400
15387
15375
15387
15400
15412
15425
15462
15462
15462
15487
15487
15487
15500
15512
15500
15512
15500
15512
15525
15525
15525
15525
15525
15500
15512
15500
15487
15450
15400
15325
15250
15175
15100
15037
14975
14925
14862
14800
14737
14675
14612
14575
14537
14537
14537
14575
14612
14650
14687
14725
14737
14725
14737
14725
14687
14650
14612
14550
14487
14437
14400
14362
14350
14337
14350
14337
14350
14337
14350
14362
14375
14387
14400
14375
14350
14325
14300
14275
14262
14225
14212
14175
14137
14100
14087
14050
14037
14050
14062
14050
14062
14050
14012
14000
13987
13987
13975
13987
13975
13962
13962
13975
13975
14000
14050
14062
14050
14037
14000
13937
13887
13825
13787
13750
13737
13750
13787
13800
13837
13850
13862
13850
13862
13850
13837
13800
13762
13700
13662
13612
13587
13587
13587
13587
13625
13662
13700
13762
13800
13837
13850
13862
13850
13862
13875
13912
13937
14000
14062
14125
14200
14275
14350
14425
14525
14612
14700
14812
14912
15012
15112
15225
15312
15387
15462
15537
15612
15687
15737
15787
15800
15812
15800
15787
15750
15712
15675
15637
15600
15587
15575
15575
15562
15575
15562
15575
15575
15587
15600
15637
15650
15637
15662
15662
15637
15637
15637
15600
15562
15550
15525
15487
15475
15462
15425
15387
15350
15287
15250
15212
15162
15112
15062
14987
14925
14862
14800
14737
14675
14637
14600
14562
14550
14537
14537
14525
14537
14537
14550
14562
14575
14587
14575
14562
14550
14525
14512
14487
14462
14437
14425
14387
14375
14362
14325
14312
14300
14262
14225
14212
14175
14162
14150
14137
14100
14087
14050
14012
14000
13987
13962
13950
13937
13925
13912
13900
13887
13875
13862
13850
13837
13825
13812
13775
13762
13750
13712
13700
13687
13675
13662
13650
13637
13625
13587
13575
13562
13550
13537
13550
13537
13550
13537
13550
13537
13550
13537
13550
13537
13525
13512
13500
13475
13462
13450
13412
13400
13387
13375
13362
13375
13387
13425
13462
13537
13612
13687
13762
13825
13900
13987
14075
14175
14275
14362
14437
14537
14637
14737
14825
14912
14987
15062
15137
15212
15287
15312
15350
15387
15400
15412
15437
15450
15437
15450
15425
15425
15400
15375
15325
15312
15275
15262
15250
15262
15275
15287
15300
15312
15325
15337
15350
15362
15375
15387
15375
15387
15375
15362
15325
15287
15225
15162
15100
15037
14975
14925
14862
14800
14737
14675
14612
14550
14487
14437
14400
14387
14375
14387
14400
14412
14400
14412
14425
14437
14450
14462
14450
14412
14400
14362
14325
14325
14312
14275
14237
14225
14175
14137
14125
14112
14075
14062
14050
14037
14025
14037
14025
14012
14000
13987
13987
13975
13987
13975
13987
13975
13962
13950
13937
13925
13912
13900
13887
13875
13862
13850
13862
13850
13862
13850
13862
13850
13862
13850
13862
13850
13837
13825
13837
13825
13837
13850
13837
13825
13837
13825
13812
13825
13812
13775
13762
13750
13737
13725
13737
13725
13737
13725
13737
13725
13737
13725
13737
13725
13737
13750
13762
13775
13825
13875
13912
13987
14075
14150
14237
14337
14437
14550
14662
14775
14875
14975
15075
15175
15262
15337
15425
15487
15562
15637
15712
15775
15812
15850
15862
15875
15862
15850
15837
15825
15812
15800
15812
15800
15787
15775
15762
15750
15737
15750
15737
15750
15737
15750
15762
15762
15762
15787
15787
15762
15775
15787
15775
15787
15800
15812
15800
15787
15750
15712
15650
15587
15525
15462
15387
15312
15237
15162
15087
15000
14912
14862
14800
14775
14762
14775
14762
14775
14762
14775
14762
14750
14737
14725
14712
14700
14687
14675
14662
14625
14587
14550
14512
14487
14475
14462
14450
14412
14400
14362
14325
14287
14250
14187
14150
14112
14075
14062
14050
14012
13975
13962
13937
13900
13887
13875
13862
13850
13837
13825
13812
13800
13787
13800
13787
13800
13787
13775
13762
13750
13712
13700
13687
13650
13637
13625
13587
13575
13562
13550
13537
13550
13537
13525
13512
13525
13537
13575
13650
13725
13800
13875
13962
14037
14125
14212
14300
14387
14487
14587
14700
14812
14900
15000
15087
15175
15250
15325
15400
15450
15487
15500
15487
15450
15437
15400
15387
15375
15387
15375
15387
15375
15387
15400
15437
15450
15487
15500
15512
15500
15512
15487
15487
15462
15462
15437
15425
15387
15375
15325
15275
15225
15175
15100
15037
14975
14925
14862
14800
14737
14675
14612
14550
14487
14462
14425
14387
14375
14362
14350
14362
14375
14387
14400
14412
14400
14412
14400
14412
14400
14387
14375
14362
14350
14337
14325
14312
14300
14262
14250
14237
14225
14212
14225
14212
14200
14187
14175
14137
14125
14112
14100
14075
14075
14050
14050
14025
14037
14025
14012
14000
13987
13962
13950
13937
13925
13912
13925
13912
13925
13900
13900
13875
13875
13850
13862
13850
13862
13850
13862
13850
13862
13850
13862
13850
13862
13850
13862
13850
13862
13850
13862
13850
13862
13850
13862
13850
13862
13850
13862
13850
13862
13850
13862
13837
13837
13837
13837
13812
13825
13812
13800
13787
13775
13762
13737
13712
13712
13712
13687
13700
13687
13675
13687
13700
13712
13750
13787
13800
13850
13900
13962
14025
14125
14212
14287
14375
14487
14600
14725
14850
14950
15062
15162
15250
15337
15412
15475
15525
15587
15650
15687
15725
15737
15725
15712
15700
15662
15625
15612
15575
15575
15562
15575
15562
15575
15575
15587
15600
15612
15600
15587
15575
15550
15512
15475
15412
15350
15312
15275
15237
15200
15162
15100
15037
14975
14925
14862
14800
14737
14675
14612
14575
14537
14537
14525
14537
14537
14550
14562
14575
14587
14575
14587
14575
14562
14550
14537
14512
14500
14487
14450
14412
14375
14337
14325
14312
14300
14312
14300
14287
14275
14262
14225
14212
14175
14162
14150
14162
14150
14162
14150
14137
14125
14112
14100
14087
14100
14087
14075
14062
14050
14037
14025
14012
14000
13987
13987
13962
13975
13962
13975
13962
13987
13975
13962
13950
13937
13925
13912
13925
13912
13925
13912
13925
13912
13900
13887
13875
13862
13850
13862
13850
13837
13825
13812
13800
13787
13800
13787
13775
13762
13750
13737
13725
13712
13700
13712
13725
13762
13825
13887
13937
14000
14062
14137
14225
14325
14425
14537
14650
14762
14862
14962
15062
15162
15250
15325
15400
15475
15525
15587
15650
15687
15725
15737
15762
15762
15787
15787
15812
15800
15787
15775
15762
15750
15737
15750
15737
15750
15737
15750
15737
15750
15737
15750
15737
15750
15737
15750
15737
15725
15687
15650
15587
15525
15475
15412
15350
15287
15225
15162
15100
15037
14975
14925
14862
14800
14737
14675
14637
14600
14562
14550
14562
14550
14562
14575
14587
14575
14587
14575
14587
14575
14562
14525
14512
14487
14475
14462
14450
14412
14400
14362
14325
14287
14275
14237
14225
14212
14200
14187
14175
14162
14150
14162
14150
14137
14100
14087
14050
14012
14000
13987
13962
13950
13937
13925
13912
13925
13912
13900
13887
13875
13837
13825
13812
13800
13787
13800
13787
13775
13762
13750
13737
13725
13737
13725
13737
13725
13712
13700
13687
13675
13662
13675
13662
13675
13662
13675
13662
13650
13637
13625
13612
13600
13612
13600
13587
13550
13537
13500
13475
13462
13450
13437
13425
13437
13425
13437
13450
13475
13512
13575
13637
13712
13800
13875
13962
14050
14137
14237
14337
14425
14537
14637
14725
14812
14900
14975
15062
15137
15212
15287
15325
15362
15375
15387
15375
15362
15325
15312
15275
15262
15250
15262
15275
15287
15300
15312
15325
15337
15350
15362
15375
15362
15350
15337
15300
15262
15225
15187
15137
15087
15037
14987
14925
14850
14775
14700
14625
14550
14487
14462
14425
14412
14400
14412
14400
14412
14400
14425
14425
14450
14475
14500
14512
14525
14537
14525
14537
14525
14537
14525
14512
14500
14487
14450
14437
14425
14387
14375
14362
14325
14312
14300
14287
14275
14262
14250
14237
14200
14187
14175
14137
14125
14112
14100
14087
14075
14062
14050
14037
14025
14037
14025
14012
14000
13987
13962
13950
13937
13925
13912
13925
13912
13925
13912
13925
13912
13925
13912
13925
13912
13925
13912
13925
13912
13925
13912
13900
13887
13875
13862
13850
13837
13825
13812
13800
13787
13800
13787
13800
13787
13800
13787
13800
13787
13800
13787
13800
13812
13850
13887
13975
14062
14150
14250
14337
14412
14500
14600
14700
14812
14900
15025
15150
15275
15387
15512
15612
15700
15775
15812
15862
15887
15912
15912
15912
15900
15887
15875
15862
15850
15837
15825
15812
15825
15837
15862
15875
15887
15875
15887
15900
15912
15925
15962
15975
15975
15987
15975
15962
15950
15912
15875
15837
15775
15712
15675
15625
15575
15525
15462
15387
15312
15237
15150
15100
15050
15000
14962
14925
14887
14875
14862
14875
14887
14900
14887
14875
14862
14850
14812
14800
14787
14775
14762
14750
14712
14675
14637
14600
14587
14575
14562
14550
14537
14537
14525
14512
14500
14487
14475
14462
14475
14462
14450
14437
14425
14412
14400
14387
14375
14362
14350
14337
14325
14312
14300
14287
14275
14287
14275
14262
14250
14237
14225
14212
14225
14212
14200
14187
14175
14162
14150
14137
14125
14112
14100
14087
14100
14087
14100
14087
14100
14087
14100
14087
14100
14087
14100
14087
14075
14062
14050
14037
14025
14037
14025
14037
14025
14012
14000
13987
13987
13975
13987
13975
13987
13975
13987
13975
13987
13987
14025
14062
14125
14187
14250
14325
14400
14475
14562
14662
14762
14862
14962
15075
15187
15287
15387
15475
15575
15662
15750
15825
15900
15937
15975
15987
16000
15987
15975
15937
15925
15887
15875
15862
15850
15837
15825
15812
15800
15787
15775
15787
15775
15762
15775
15787
15775
15787
15825
15837
15850
15862
15850
15837
15850
15837
15850
15850
15850
15825
15800
15750
15712
15650
15587
15525
15462
15387
15312
15237
15162
15087
15012
14937
14875
14825
14787
14750
14737
14725
14712
14725
14737
14750
14762
14750
14737
14725
14687
14675
14662
14650
14625
14600
14575
14550
14512
14500
14475
14425
14400
14375
14350
14337
14325
14312
14300
14262
14225
14212
14175
14137
14100
14087
14050
14037
14025
14012
14000
13987
13962
13950
13937
13925
13912
13900
13887
13875
13862
13837
13837
13812
13787
13762
13750
13737
13725
13737
13725
13712
13700
13687
13675
13662
13675
13662
13675
13662
13650
13637
13625
13587
13575
13562
13550
13537
13550
13537
13525
13512
13500
13500
13487
13500
13487
13475
13462
13450
13437
13425
13412
13400
13387
13375
13362
13375
13387
13425
13437
13475
13500
13537
13575
13637
13712
13787
13862
13962
14062
14150
14250
14350
14425
14525
14637
14737
14825
14912
14987
15062
15137
15212
15287
15350
15387
15425
15437
15450
15437
15425
15412
15387
15362
15337
15337
15312
15300
15287
15300
15287
15300
15337
15375
15387
15425
15462
15475
15487
15500
15512
15500
15487
15450
15437
15400
15362
15325
15287
15225
15150
15075
15000
14925
14862
14800
14737
14675
14637
14600
14562
14550
14537
14537
14525
14537
14525
14537
14537
14550
14562
14575
14562
14550
14537
14512
14500
14487
14450
14412
14375
14337
14300
14287
14275
14262
14250
14237
14225
14212
14200
14187
14175
14137
14125
14112
14100
14087
14100
14087
14075
14062
14050
14012
14000
13987
13987
13975
13987
13987
13987
13987
13987
13987
13975
13987
13975
13987
13975
13962
13950
13962
13950
13962
13975
13987
13975
13962
13950
13937
13925
13912
13900
13887
13875
13837
13825
13812
13775
13762
13775
13762
13775
13787
13800
13812
13850
13887
13937
14012
14087
14162
14262
14362
14450
14562
14675
14775
14875
14975
15075
15175
15262
15337
15425
15487
15562
15637
15712
15750
15762
15750
15737
15700
15687
15675
15662
15650
15662
15650
15662
15675
15687
15700
15712
15725
15737
15750
15762
15775
15787
15800
15812
15800
15787
15775
15762
15725
15687
15650
15587
15525
15475
15412
15350
15287
15225
15150
15075
15000
14912
14862
14812
14762
14737
14725
14712
14700
14712
14725
14737
14750
14762
14775
14762
14775
14762
14775
14762
14775
14762
14750
14712
14700
14650
14625
14600
14575
14550
14537
14537
14525
14512
14475
14462
14425
14387
14375
14362
14325
14312
14300
14287
14275
14262
14250
14237
14225
14212
14200
14187
14175
14137
14125
14112
14100
14087
14075
14037
14000
13962
13937
13900
13887
13875
13862
13850
13837
13825
13812
13800
13787
13800
13787
13775
13762
13750
13737
13725
13737
13725
13737
13725
13737
13725
13737
13725
13737
13725
13737
13725
13737
13725
13712
13700
13687
13675
13662
13675
13662
13675
13662
13675
13662
13675
13687
13725
13762
13825
13887
13975
14075
14175
14287
14387
14475
14575
14675
14775
14875
14975
15062
15150
15237
15325
15412
15487
15575
15625
15662
15675
15687
15675
15662
15650
15637
15600
15587
15575
15575
15562
15575
15562
15575
15575
15587
15600
15637
15650
15662
15675
15687
15675
15687
15675
15662
15625
15587
15525
15475
15412
15350
15287
15225
15162
15087
15012
14937
14875
14800
14725
14650
14600
14550
14512
14475
14475
14475
14475
14500
14537
14550
14537
14550
14537
14512
14475
14462
14425
14412
14400
14387
14375
14362
14325
14312
14300
14262
14225
14212
14175
14162
14150
14137
14100
14087
14075
14062
14075
14087
14075
14062
14050
14037
14025
14012
14000
13987
13987
13975
13987
13975
13987
13975
13962
13950
13937
13925
13937
13937
13937
13962
13962
13962
13975
13987
13975
13962
13950
13937
13925
13912
13925
13912
13925
13912
13925
13912
13900
13887
13875
13837
13825
13812
13800
13787
13800
13787
13800
13812
13850
13887
13937
14012
14087
14175
14262
14350
14437
14537
14625
14725
14825
14900
15000
15100
15187
15287
15375
15450
15512
15600
15675
15725
15775
15825
15837
15825
15837
15825
15787
15750
15712
15675
15637
15625
15612
15625
15637
15650
15662
15675
15700
15700
15725
15750
15775
15762
15750
15737
15687
15662
15637
15612
15562
15525
15475
15412
15337
15262
15187
15112
15037
14975
14925
14862
14825
14787
14775
14762
14775
14787
14800
14812
14850
14862
14850
14862
14850
14812
14800
14787
14750
14712
14675
14637
14600
14587
14575
14562
14550
14537
14537
14525
14512
14500
14487
14475
14462
14450
14437
14425
14412
14400
14412
14400
14387
14375
14362
14325
14312
14300
14287
14275
14262
14250
14237
14225
14212
14200
14187
14162
14137
14112
14112
14087
14100
14087
14100
14087
14100
14087
14100
14087
14100
14087
14075
14062
14050
14037
14025
14037
14025
14012
14000
13987
13962
13950
13937
13900
13887
13875
13862
13850
13862
13850
13862
13875
13912
13937
14000
14062
14137
14212
14300
14387
14500
14612
14737
14850
14950
15062
15162
15262
15362
15450
15512
15587
15650
15725
15775
15825
15875
15900
15912
15925
15937
15925
15912
15900
15887
15850
15837
15825
15812
15800
15812
15800
15812
15825
15837
15850
15862
15875
15862
15850
15812
15775
15712
15650
15587
15525
15475
15412
15350
15287
15225
15162
15100
15037
15000
14962
14937
14912
14887
14862
14850
14837
14825
14837
14825
14837
14825
14837
14850
14862
14875
14887
14900
14887
14875
14862
14850
14812
14775
14737
14675
14637
14600
14562
14550
14537
14537
14525
14512
14475
14437
14400
14362
14325
14312
14300
14262
14250
14237
14225
14212
14200
14187
14175
14137
14125
14112
14100
14087
14075
14062
14050
14037
14025
14012
14000
13987
13962
13950
13937
13925
13912
13925
13912
13925
13912
13900
13887
13875
13862
13850
13837
13825
13812
13775
13762
13750
13737
13712
13725
13712
13700
13687
13687
13675
13662
13675
13662
13650
13637
13625
13612
13600
13587
13575
13562
13525
13512
13500
13500
13500
13537
13575
13637
13712
13800
13875
13962
14062
14150
14237
14337
14425
14525
14637
14737
14825
14912
15012
15100
15187
15275
15350
15412
15450
15487
15525
15550
15550
15575
15575
15550
15537
15525
15512
15500
15487
15475
15462
15425
15412
15400
15387
15412
15437
15437
15462
15487
15475
15487
15500
15512
15500
15487
15450
15412
15350
15287
15225
15162
15100
15037
14975
14925
14862
14800
14737
14662
14587
14537
14487
14475
14462
14475
14487
14500
14512
14525
14537
14525
14537
14525
14537
14525
14512
14500
14487
14450
14437
14425
14412
14400
14387
14375
14362
14350
14337
14325
14312
14300
14287
14275
14262
14250
14237
14225
14212
14225
14212
14200
14187
14175
14137
14100
14087
14050
14012
14000
14012
14000
13987
14000
13987
13987
13975
13962
13950
13962
13950
13937
13950
13937
13925
13912
13925
13912
13925
13900
13900
13875
13875
13850
13862
13850
13837
13825
13812
13800
13787
13775
13762
13775
13750
13725
13725
13700
13675
13662
13675
13662
13675
13687
13700
13712
13750
13787
13825
13887
13937
14012
14100
14200
14300
14400
14500
14600
14700
14800
14900
15012
15112
15200
15287
15350
15425
15487
15562
15637
15712
15750
15762
15775
15787
15775
15762
15750
15737
15700
15687
15675
15662
15662
15662
15662
15662
15687
15675
15687
15700
15712
15725
15737
15750
15737
15750
15737
15725
15712
15700
15662
15625
15575
15500
15437
15362
15287
15225
15162
15100
15037
14975
14925
14862
14825
14787
14750
14737
14750
14737
14750
14787
14800
14812
14825
14837
14825
14837
14825
14812
14800
14787
14750
14737
14725
14712
14700
14687
14675
14650
14625
14600
14600
14575
14587
14575
14562
14550
14537
14512
14500
14487
14450
14437
14425
14387
14375
14362
14325
14312
14300
14287
14275
14287
14275
14262
14250
14237
14225
14212
14200
14187
14175
14162
14150
14162
14150
14162
14150
14137
14125
14112
14100
14087
14100
14087
14075
14062
14050
14012
14000
13987
13987
13975
13962
13950
13937
13900
13887
13875
13837
13825
13812
13775
13762
13750
13737
13725
13737
13750
13787
13825
13887
13937
14000
14075
14150
14237
14337
14437
14537
14650
14750
14850
14937
15050
15150
15262
15362
15450
15512
15600
15675
15750
15825
15875
15912
15950
15962
15950
15962
15950
15912
15900
15887
15875
15862
15875
15862
15875
15862
15875
15862
15875
15887
15900
15912
15925
15912
15875
15837
15775
15712
15637
15562
15487
15425
15350
15275
15200
15125
15050
14975
14925
14862
14800
14762
14725
14712
14725
14737
14750
14762
14750
14712
14675
14637
14600
14562
14550
14537
14512
14500
14475
14450
14425
14425
14400
14387
14375
14362
14325
14312
14300
14262
14250
14237
14225
14212
14200
14187
14175
14137
14125
14112
14100
14087
14075
14062
14050
14037
14025
14037
14025
14012
14000
13987
13987
13975
13987
13975
13987
13975
13962
13950
13937
13925
13912
13900
13887
13875
13862
13850
13837
13825
13812
13800
13787
13775
13762
13750
13737
13725
13737
13725
13712
13700
13687
13675
13662
13675
13662
13675
13662
13650
13637
13650
13637
13625
13637
13625
13587
13575
13562
13550
13537
13525
13512
13500
13500
13500
13537
13575
13650
13725
13812
13887
13987
14087
14200
14312
14425
14537
14637
14750
14850
14925
15012
15100
15175
15250
15300
15362
15425
15450
15450
15475
15462
15412
15387
15362
15337
15312
15325
15312
15325
15312
15325
15312
15337
15337
15362
15387
15412
15425
15437
15425
15412
15400
15350
15300
15275
15225
15162
15112
15062
14987
14925
14862
14800
14737
14675
14612
14550
14512
14487
14475
14462
14475
14462
14475
14487
14500
14512
14537
14550
14562
14575
14587
14575
14587
14575
14587
14575
14587
14575
14562
14550
14537
14512
14475
14437
14400
14362
14325
14287
14250
14187
14150
14112
14075
14062
14050
14037
14025
14012
14000
13987
13962
13950
13937
13900
13887
13875
13862
13850
13837
13825
13812
13800
13787
13800
13787
13800
13787
13800
13787
13800
13787
13800
13787
13800
13787
13775
13762
13750
13737
13725
13737
13712
13712
13687
13687
13662
13675
13662
13675
13662
13650
13637
13625
13612
13600
13587
13587
13587
13587
13587
13612
13600
13612
13600
13612
13625
13662
13700
13762
13825
13887
13937
14025
14112
14212
14312
14412
14512
14612
14712
14825
14912
15012
15125
15225
15325
15425
15500
15575
15650
15687
15725
15737
15750
15737
15725
15712
15700
15662
15650
15637
15625
15612
15625
15637
15675
15687
15725
15762
15775
15787
15787
15787
15762
15737
15712
15700
15662
15625
15587
15525
15500
15462
15412
15362
15312
15237
15162
15100
15037
14975
14925
14862
14825
14812
14825
14837
14850
14862
14850
14812
14812
14812
14787
14787
14787
14750
14737
14725
14712
14700
14712
14700
14687
14675
14662
14650
14637
14625
14587
14575
14537
14512
14500
14487
14450
14437
14425
14412
14387
14387
14362
14362
14337
14325
14312
14300
14287
14275
14262
14250
14237
14225
14212
14225
14212
14200
14187
14175
14162
14150
14162
14150
14137
14125
14112
14100
14075
14075
14050
14050
14025
14037
14025
14037
14025
14037
14025
14012
13975
13962
13937
13900
13887
13875
13837
13825
13812
13800
13787
13800
13787
13800
13787
13800
13812
13825
13850
13900
13962
14025
14125
14212
14300
14387
14500
14600
14712
14825
14925
15025
15125
15225
15312
15400
15475
15575
15675
15775
15837
15875
15900
15887
15850
15837
15825
15775
15762
15750
15712
15700
15700
15662
15650
15637
15600
15587
15575
15575
15562
15575
15562
15550
15537
15525
15487
15475
15462
15425
15387
15350
15287
15225
15162
15100
15037
14975
14925
14862
14800
14737
14662
14587
14537
14487
14450
14400
14375
14325
14275
14225
14187
14150
14137
14125
14137
14175
14187
14200
14212
14200
14187
14175
14137
14125
14112
14100
14075
14075
14050
14050
14012
14012
13987
13962
13925
13887
13850
13812
13775
13762
13750
13737
13725
13712
13700
13687
13675
13662
13650
13637
13625
13587
13575
13550
13525
13500
13475
13437
13425
13387
13375
13362
13375
13362
13350
13337
13325
13312
13300
13312
13300
13312
13300
13287
13275
13262
13225
13212
13200
13187
13175
13162
13150
13137
13125
13112
13125
13100
13075
13050
13025
13000
12987
13000
13012
13050
13087
13150
13212
13287
13362
13425
13512
13600
13675
13762
13850
13925
14012
14112
14200
14300
14387
14462
14550
14637
14712
14787
14862
14900
14937
14950
14962
14950
14937
14925
14937
14912
14912
14912
14925
14912
14937
14937
14962
14950
14962
14975
14987
15000
15012
15025
15025
15062
15075
15112
15125
15112
15075
15037
14975
14925
14862
14800
14737
14675
14612
14550
14487
14437
14375
14337
14300
14287
14275
14287
14300
14337
14375
14412
14425
14437
14425
14412
14400
14412
14400
14412
14400
14412
14400
14387
14375
14362
14350
14337
14350
14337
14325
14287
14275
14237
14225
14212
14200
14187
14175
14137
14125
14112
14075
14062
14050
14037
14025
14037
14025
14012
14000
13987
13987
13975
13987
13975
13962
13950
13937
13925
13937
13950
13962
13987
14000
14012
14025
14037
14050
14062
14050
14062
14050
14037
14025
14037
14025
14037
14025
14037
14025
14037
14050
14087
14087
14112
14137
14162
14187
14250
14312
14375
14437
14487
14562
14637
14725
14825
14912
15000
15100
15200
15287
15387
15475
15575
15662
15762
15850
15937
16000
16075
16137
16175
16212
16225
16237
16225
16237
16225
16237
16225
16237
16250
16262
16275
16287
16300
16312
16325
16312
16300
16262
16225
16187
16150
16112
16075
16012
15962
15887
15812
15737
15662
15587
15525
15475
15412
15350
15287
15225
15162
15100
15037
14975
14950
14912
14900
14912
14925
14937
14950
14962
14950
14937
14900
14887
14850
14812
14775
14762
14725
14687
14675
14662
14625
14587
14575
14537
14512
14500
14487
14450
14437
14425
14387
14350
14312
14250
14225
14200
14175
14150
14150
14112
14075
14062
14050
14012
14000
13987
13987
13975
13987
13975
13987
13975
13987
13975
13987
13975
13962
13950
13937
13900
13887
13875
13862
13850
13837
13825
13812
13800
13787
13800
13787
13800
13787
13775
13737
13700
13662
13625
13612
13600
13587
13575
13587
13600
13637
13700
13775
13850
13912
13987
14075
14150
14237
14337
14437
14550
14662
14775
14875
14962
15050
15137
15212
15287
15350
15425
15475
15525
15550
15575
15562
15575
15562
15575
15562
15550
15537
15525
15512
15500
15512
15500
15512
15500
15512
15500
15512
15500
15512
15500
15512
15500
15512
15500
15512
15500
15487
15475
15462
15425
15387
15350
15287
15225
15162
15100
15037
14975
14925
14850
14775
14700
14625
14550
14487
14437
14375
14337
14300
14287
14275
14287
14275
14300
14300
14325
14325
14350
14337
14350
14362
14375
14362
14350
14337
14300
14262
14225
14187
14150
14112
14075
14062
14050
14012
14000
13987
13987
13975
13987
13975
13987
13975
13962
13925
13912
13875
13837
13825
13812
13775
13762
13750
13712
13700
13687
13675
13662
13675
13650
13650
13625
13600
13550
13512
13475
13450
13437
13425
13437
13425
13437
13425
13412
13400
13387
13375
13362
13350
13337
13325
13312
13300
13312
13300
13312
13300
13312
13300
13312
13300
13312
13300
13287
13275
13262
13250
13237
13250
13237
13250
13237
13250
13262
13300
13337
13400
13450
13512
13575
13637
13712
13800
13887
13987
14100
14212
14312
14400
14500
14587
14675
14762
14837
14912
14975
15037
15100
15162
15200
15237
15250
15237
15200
15187
15150
15137
15125
15137
15125
15137
15150
15162
15175
15212
15225
15237
15250
15262
15275
15287
15300
15312
15300
15287
15275
15237
15225
15212
15175
15125
15075
15000
14925
14862
14800
14737
14675
14612
14550
14487
14437
14400
14362
14325
14287
14275
14262
14250
14262
14275
14287
14262
14262
14262
14262
14262
14275
14287
14275
14262
14250
14237
14225
14212
14200
14187
14175
14137
14125
14112
14100
14087
14075
14037
14025
13987
13962
13950
13937
13900
13887
13875
13862
13850
13837
13825
13812
13800
13787
13775
13737
13725
13687
13650
13637
13625
13625
13625
13625
13600
13600
13562
13550
13537
13550
13537
13550
13537
13550
13537
13550
13537
13525
13512
13500
13500
13487
13500
13487
13500
13487
13475
13462
13450
13437
13425
13437
13425
13412
13400
13412
13400
13412
13450
13462
13475
13537
13600
13675
13775
13862
13937
14025
14100
14187
14287
14375
14462
14562
14662
14750
14850
14925
15012
15087
15162
15225
15287
15325
15362
15375
15387
15375
15387
15375
15387
15362
15362
15337
15337
15312
15325
15312
15300
15287
15275
15262
15250
15262
15275
15287
15300
15312
15325
15312
15325
15337
15350
15337
15350
15337
15300
15262
15225
15162
15100
15037
14975
14925
14862
14800
14737
14675
14612
14550
14487
14437
14375
14312
14275
14237
14225
14212
14225
14212
14225
14212
14225
14212
14225
14212
14225
14212
14200
14187
14175
14137
14100
14087
14050
14012
13975
13962
13937
13900
13887
13875
13862
13850
13837
13825
13812
13800
13787
13775
13737
13725
13675
13650
13625
13625
13600
13612
13600
13612
13600
13612
13600
13587
13575
13562
13525
13487
13475
13450
13437
13425
13437
13425
13437
13425
13437
13425
13412
13400
13387
13375
13362
13350
13337
13325
13312
13287
13300
13287
13300
13287
13287
13275
13262
13250
13237
13250
13237
13225
13212
13200
13187
13175
13162
13150
13137
13100
13087
13075
13062
13050
13062
13050
13062
13050
13062
13050
13062
13050
13062
13050
13062
13075
13112
13150
13212
13287
13362
13425
13512
13612
13700
13787
13875
13975
14062
14162
14262
14350
14425
14512
14587
14675
14762
14812
14862
14912
14925
14937
14950
14962
14950
14962
14950
14962
14950
14962
14975
15000
15012
15050
15087
15100
15125
15150
15175
15175
15200
15187
15200
15187
15175
15137
15100
15037
14975
14925
14850
14775
14700
14625
14550
14487
14437
14375
14312
14275
14237
14225
14212
14225
14212
14225
14212
14225
14212
14225
14212
14225
14212
14225
14200
14175
14150
14125
14075
14037
14025
13987
13962
13950
13937
13900
13887
13875
13837
13825
13812
13800
13787
13800
13787
13800
13787
13800
13787
13775
13762
13750
13737
13725
13737
13725
13712
13700
13687
13675
13662
13675
13662
13675
13662
13675
13662
13675
13662
13675
13662
13675
13662
13650
13612
13600
13562
13550
13537
13525
13487
13475
13437
13412
13387
13387
13362
13350
13337
13325
13312
13300
13312
13300
13312
13325
13362
13400
13450
13512
13575
13650
13725
13800
13875
13962
14050
14150
14262
14362
14450
14550
14637
14712
14800
14887
14950
15025
15100
15162
15225
15262
15300
15312
15300
15287
15275
15262
15250
15262
15250
15262
15250
15262
15250
15262
15250
15262
15275
15287
15300
15312
15325
15312
15325
15337
15350
15362
15375
15362
15325
15287
15225
15162
15100
15062
15025
14987
14937
14887
14812
14737
14675
14612
14550
14487
14462
14425
14387
14375
14362
14350
14337
14350
14362
14375
14387
14400
14412
14425
14437
14425
14437
14425
14412
14400
14412
14400
14387
14375
14362
14325
14312
14300
14262
14250
14237
14200
14187
14175
14137
14125
14112
14100
14087
14075
14062
14050
14037
14025
14012
14000
13987
13962
13950
13962
13937
13937
13937
13912
13887
13875
13862
13850
13862
13850
13862
13850
13862
13875
13912
13937
14000
14062
14125
14187
14212
14250
14262
14275
14287
14312
14325
14362
14375
14387
14425
14462
14475
14512
14525
14537
14525
14537
14525
14512
14475
14462
14425
14387
14375
14362
14325
14287
14275
14237
14200
14162
14150
14112
14075
14062
14050
14037
14050
14087
14125
14187
14262
14337
14412
14487
14587
14675
14775
14875
14962
15050
15150
15237
15325
15400
15475
15525
15587
15650
15712
15750
15787
15800
15787
15775
15762
15725
15712
15700
15662
15625
15612
15575
15550
15537
15525
15512
15500
15487
15475
15462
15450
15437
15450
15437
15450
15437
15450
15462
15475
15487
15500
15512
15500
15512
15500
15512
15500
15487
15475
15462
15425
15387
15350
15312
15275
15237
15200
15162
15100
15037
14975
14925
14862
14800
14737
14675
14612
14550
14487
14437
14375
14337
14300
14287
14275
14287
14275
14287
14300
14312
14325
14337
14350
14337
14350
14337
14350
14337
14350
14337
14350
14337
14325
14312
14300
14287
14275
14262
14250
14237
14225
14212
14200
14187
14175
14137
14125
14112
14100
14087
14075
14062
14050
14037
14025
14012
14000
13987
13987
13975
13937
13912
13912
13887
13887
13912
13900
13887
13875
13862
13850
13862
13837
13837
13812
13812
13787
13775
13762
13750
13737
13725
13712
13700
13687
13650
13637
13650
13637
13650
13662
13650
13637
13625
13612
13600
13612
13600
13612
13600
13587
13575
13562
13550
13537
13550
13525
13537
13525
13537
13525
13525
13512
13500
13500
13487
13475
13462
13475
13462
13475
13487
13500
13500
13525
13550
13600
13637
13700
13762
13837
13912
14000
14087
14187
14287
14375
14475
14587
14687
14775
14862
14962
15050
15137
15225
15287
15350
15412
15450
15487
15525
15537
15550
15562
15550
15537
15525
15512
15500
15487
15475
15462
15450
15462
15475
15487
15525
15537
15550
15562
15575
15562
15575
15562
15550
15512
15475
15400
15325
15250
15175
15100
15037
14975
14925
14862
14800
14737
14675
14612
14575
14537
14537
14537
14550
14562
14575
14587
14575
14587
14575
14562
14525
14487
14462
14425
14412
14400
14387
14375
14362
14325
14287
14275
14237
14200
14187
14175
14162
14150
14137
14125
14112
14100
14087
14100
14087
14075
14037
14037
14012
14012
14012
14037
14025
14037
14025
14012
14000
13987
13987
13975
13987
13975
13987
13975
13987
13975
13962
13950
13937
13925
13912
13925
13912
13925
13912
13925
13912
13925
13912
13900
13887
13875
13862
13850
13837
13825
13812
13800
13787
13775
13762
13750
13737
13725
13737
13725
13737
13750
13787
13825
13887
13937
14012
14087
14175
14262
14362
14437
14537
14637
14750
14850
14975
15100
15212
15312
15412
15487
15575
15662
15750
15800
15850
15887
15900
15887
15900
15887
15850
15837
15825
15787
15775
15787
15775
15787
15800
15812
15800
15812
15800
15812
15825
15837
15850
15862
15850
15837
15825
15787
15750
15712
15650
15587
15525
15475
15412
15337
15262
15187
15100
15012
14937
14875
14800
14762
14725
14712
14700
14712
14700
14712
14700
14712
14700
14712
14700
14687
14675
14662
14625
14587
14550
14512
14487
14450
14437
14425
14412
14400
14387
14375
14362
14325
14312
14300
14262
14250
14237
14225
14212
14200
14162
14150
14112
14100
14087
14100
14087
14100
14087
14075
14062
14050
14037
14025
14012
14000
13987
13987
13975
13962
13950
13937
13925
13912
13900
13887
13875
13862
13850
13862
13850
13862
13850
13837
13825
13812
13800
13787
13775
13762
13750
13737
13725
13737
13725
13737
13725
13737
13725
13712
13700
13687
13675
13662
13675
13662
13675
13687
13700
13712
13750
13787
13825
13887
13975
14075
14187
14300
14400
14500
14600
14712
14825
14925
15025
15125
15200
15287
15375
15450
15512
15587
15625
15662
15675
15662
15625
15587
15525
15500
15462
15450
15437
15450
15462
15475
15487
15525
15550
15550
15575
15575
15550
15537
15512
15462
15412
15362
15287
15225
15162
15100
15037
14962
14900
14825
14750
14675
14612
14550
14512
14512
14512
14525
14562
14575
14587
14575
14587
14575
14587
14575
14587
14575
14562
14525
14487
14462
14425
14387
14375
14362
14325
14312
14300
14262
14250
14237
14200
14187
14175
14137
14100
14087
14050
14012
14000
13987
13962
13950
13937
13925
13912
13900
13887
13875
13862
13850
13837
13825
13812
13800
13787
13800
13787
13800
13787
13800
13787
13800
13787
13800
13787
13800
13787
13800
13787
13800
13787
13800
13787
13800
13787
13775
13762
13750
13737
13725
13737
13725
13737
13725
13712
13700
13687
13675
13662
13675
13687
13737
13787
13862
13925
14012
14087
14175
14275
14375
14475
14587
14712
14825
14925
15037
15150
15237
15325
15412
15487
15575
15662
15750
15800
15850
15862
15850
15812
15800
15762
15750
15737
15750
15737
15750
15762
15775
15787
15800
15812
15800
15787
15775
15762
15725
15687
15650
15612
15562
15525
15475
15425
15350
15287
15225
15162
15100
15037
14975
14912
14837
14787
14737
14687
14675
14687
14675
14687
14700
14712
14700
14687
14675
14662
14650
14637
14662
14650
14637
14625
14612
14562
14550
14525
14512
14487
14487
14462
14450
14437
14425
14387
14375
14362
14350
14337
14325
14312
14300
14262
14250
14237
14200
14187
14175
14162
14150
14137
14125
14112
14075
14062
14050
14037
14025
14037
14025
14012
14012
14012
13987
13987
13987
13987
13975
13962
13950
13937
13900
13887
13900
13887
13875
13887
13875
13862
13850
13837
13825
13812
13800
13787
13800
13787
13775
13762
13750
13737
13725
13712
13700
13675
13650
13625
13625
13625
13662
13700
13762
13825
13887
13950
14037
14125
14225
14325
14412
14525
14637
14750
14862
14975
15062
15150
15225
15300
15375
15450
15512
15587
15650
15687
15725
15737
15725
15712
15700
15687
15675
15687
15662
15662
15662
15662
15637
15650
15637
15625
15637
15675
15712
15750
15787
15825
15837
15825
15837
15825
15787
15750
15712
15650
15587
15525
15475
15412
15337
15262
15187
15112
15037
14975
14925
14862
14800
14762
14725
14687
14675
14662
14650
14637
14650
14637
14650
14637
14625
14612
14600
14562
14550
14537
14512
14500
14487
14450
14412
14375
14337
14300
14262
14250
14237
14200
14187
14175
14162
14150
14137
14125
14112
14075
14037
14025
13987
13962
13950
13937
13887
13862
13862
13837
13812
13825
13812
13775
13737
13725
13687
13675
13662
13650
13637
13625
13612
13600
13587
13550
13550
13525
13500
13500
13500
13500
13487
13500
13487
13500
13487
13475
13462
13450
13412
13400
13387
13375
13362
13350
13337
13350
13362
13400
13450
13525
13600
13675
13762
13850
13950
14062
14187
14300
14412
14525
14625
14725
14825
14900
14962
15037
15100
15162
15225
15287
15350
15387
15400
15387
15350
15312
15275
15262
15250
15262
15250
15275
15300
15325
15350
15375
15387
15375
15387
15375
15362
15325
15287
15225
15162
15087
15012
14937
14875
14800
14737
14675
14612
14575
14537
14512
14475
14437
14400
14387
14375
14387
14425
14437
14450
14462
14475
14462
14475
14462
14475
14462
14450
14437
14425
14412
14400
14387
14350
14337
14300
14262
14250
14237
14200
14187
14175
14137
14125
14112
14075
14062
14050
14012
14000
13987
13987
13975
13962
13950
13937
13925
13912
13900
13887
13875
13837
13825
13812
13800
13787
13800
13787
13800
13787
13800
13787
13800
13787
13775
13762
13750
13737
13725
13712
13700
13687
13675
13662
13675
13662
13675
13662
13650
13637
13625
13612
13600
13612
13600
13612
13600
13612
13625
13675
13725
13800
13875
13937
14000
14075
14162
14250
14350
14462
14575
14687
14800
14900
15000
15100
15200
15300
15387
15462
15525
15587
15650
15687
15725
15737
15750
15737
15725
15687
15675
15637
15625
15612
15625
15612
15625
15637
15650
15662
15675
15687
15675
15687
15675
15687
15700
15712
15700
15712
15700
15662
15650
15637
15600
15587
15575
15550
15500
15475
15425
15375
15325
15287
15225
15162
15100
15037
14975
14925
14862
14800
14725
14687
14650
14637
14625
14650
14637
14650
14662
14675
14662
14675
14662
14650
14637
14650
14637
14625
14612
14600
14562
14525
14512
14475
14450
14425
14425
14400
14387
14350
14312
14275
14237
14200
14187
14175
14137
14125
14112
14100
14087
14100
14087
14100
14087
14075
14075
14075
14050
14050
14050
14037
14025
14037
14025
14012
14000
13987
13987
13975
13987
13975
13962
13950
13937
13925
13912
13925
13912
13925
13912
13925
13912
13900
13887
13875
13837
13825
13812
13800
13787
13800
13787
13800
13787
13800
13787
13800
13787
13800
13812
13850
13887
13937
14000
14075
14150
14225
14325
14437
14562
14687
14825
14912
15025
15125
15237
15350
15450
15550
15637
15712
15775
15837
15900
15962
16000
16037
16050
16037
16000
15962
15925
15887
15875
15862
15875
15887
15900
15925
15937
15950
15962
15975
15975
15987
16000
15987
15975
15962
15950
15912
15875
15862
15825
15787
15750
15712
15650
15587
15525
15475
15412
15350
15287
15225
15162
15100
15037
14975
14925
14887
14850
14812
14800
14812
14800
14812
14825
14812
14775
14762
14725
14687
14675
14662
14625
14612
14600
14562
14550
14537
14512
14500
14487
14450
14437
14425
14387
14375
14362
14325
14312
14300
14262
14225
14212
14175
14162
14150
14137
14087
14062
14012
13987
13975
13987
13975
13962
13950
13937
13900
13887
13875
13862
13850
13837
13825
13812
13775
13762
13750
13737
13725
13737
13725
13712
13700
13687
13675
13662
13675
13662
13675
13662
13650
13612
13600
13562
13550
13537
13550
13537
13550
13562
13600
13612
13662
13712
13762
13812
13887
13962
14050
14150
14250
14350
14450
14562
14662
14775
14875
14975
15062
15150
15237
15312
15387
15462
15537
15587
15637
15662
15687
15675
15662
15625
15612
15575
15575
15562
15575
15575
15587
15600
15637
15637
15650
15687
15700
15712
15737
15750
15737
15725
15687
15650
15587
15525
15475
15412
15350
15287
15225
15150
15075
15000
14925
14862
14800
14737
14700
14687
14675
14687
14700
14712
14687
14700
14687
14700
14687
14712
14700
14712
14700
14687
14675
14662
14625
14587
14575
14537
14537
14512
14512
14487
14487
14462
14450
14437
14425
14387
14375
14362
14325
14312
14300
14287
14275
14262
14250
14237
14225
14200
14200
14175
14150
14125
14112
14075
14062
14050
14037
14025
14037
14025
14012
14000
13987
13987
13975
13987
13975
13987
13975
13987
13975
13987
13975
13987
13962
13962
13962
13962
13937
13950
13937
13925
13912
13925
13912
13925
13912
13925
13912
13925
13912
13900
13887
13875
13862
13850
13875
13862
13875
13862
13850
13825
13837
13825
13837
13850
13862
13875
13912
13937
14000
14062
14137
14212
14300
14387
14475
14575
14687
14787
14887
15000
15100
15200
15300
15400
15475
15575
15675
15775
15862
15950
16000
16037
16050
16062
16050
16062
16050
16037
16025
16012
16000
15987
15975
15962
15950
15912
15900
15912
15900
15912
15925
15937
15925
15937
15925
15937
15925
15937
15925
15912
15875
15862
15825
15787
15750
15700
15625
15550
15475
15412
15350
15287
15225
15162
15100
15037
14975
14925
14862
14825
14787
14775
14762
14775
14787
14800
14787
14800
14787
14750
14737
14725
14687
14675
14662
14625
14587
14550
14512
14487
14475
14462
14475
14462
14450
14437
14425
14387
14375
14362
14350
14337
14325
14312
14300
14287
14275
14262
14250
14237
14225
14212
14225
14212
14200
14187
14175
14162
14150
14162
14150
14162
14150
14137
14125
14112
14100
14087
14100
14087
14075
14075
14062
14050
14037
14050
14025
14012
14000
13987
13987
13975
13987
13975
13962
13950
13937
13900
13887
13875
13837
13825
13812
13775
13762
13750
13737
13725
13712
13700
13687
13675
13662
13675
13662
13675
13687
13700
13725
13775
13825
13875
13937
14025
14125
14225
14337
14450
14550
14662
14775
14875
14975
15087
15187
15287
15400
15475
15562
15637
15712
15775
15812
15850
15862
15850
15812
15800
15762
15750
15737
15750
15737
15750
15737
15750
15737
15750
15762
15775
15787
15825
15837
15850
15862
15875
15862
15850
15837
15812
15787
15762
15737
15687
15650
15587
15525
15475
15400
15350
15287
15225
15162
15112
15037
14975
14925
14862
14825
14775
14750
14725
14725
14700
14712
14700
14712
14700
14712
14725
14737
14750
14762
14775
14762
14750
14737
14725
14687
14675
14662
14650
14637
14625
14612
14587
14562
14537
14537
14525
14512
14475
14462
14425
14387
14375
14362
14325
14312
14300
14287
14275
14262
14250
14237
14225
14212
14225
14212
14200
14187
14175
14162
14150
14137
14125
14112
14075
14062
14050
14012
14000
13987
13987
13975
13962
13950
13937
13900
13887
13875
13862
13850
13862
13850
13862
13850
13862
13850
13837
13825
13812
13800
13787
13775
13762
13750
13737
13725
13712
13700
13712
13687
13687
13712
13750
13787
13862
13937
14025
14100
14175
14250
14325
14400
14500
14612
14725
14837
14925
15037
15137
15250
15350
15450
15525
15612
15687
15762
15837
15875
15912
15925
15937
15925
15912
15900
15887
15850
15837
15812
15787
15762
15762
15737
15750
15737
15750
15737
15750
15737
15750
15762
15775
15787
15800
15812
15825
15837
15825
15812
15775
15712
15650
15587
15525
15475
15400
15312
15225
15137
15050
14975
14925
14862
14825
14775
14750
14725
14725
14725
14737
14750
14762
14775
14762
14775
14762
14775
14787
14800
14787
14800
14787
14750
14737
14725
14687
14675
14662
14650
14637
14625
14587
14575
14537
14512
14500
14487
14475
14462
14425
14400
14375
14350
14325
14325
14287
14275
14237
14225
14212
14225
14212
14200
14187
14175
14162
14150
14162
14150
14162
14150
14137
14125
14112
14100
14087
14100
14087
14100
14087
14075
14062
14050
14037
14025
14037
14025
14037
14025
14037
14025
14012
14000
14012
14000
14012
14025
14012
14000
13962
13950
13925
13925
13925
13950
13962
13975
13987
13975
13962
13950
13937
13925
13912
13925
13912
13925
13937
13962
14000
14062
14125
14187
14250
14325
14400
14475
14575
14687
14800
14912
15037
15150
15275
15387
15487
15587
15700
15787
15887
15962
16050
16125
16200
16237
16250
16237
16200
16137
16075
16012
15987
15975
15987
16012
16050
16087
16125
16137
16150
16162
16175
16162
16150
16112
16100
16062
16062
16050
16037
16025
16012
15975
15937
15900
15837
15775
15712
15650
15587
15525
15475
15412
15350
15287
15225
15150
15075
15000
14950
14912
14875
14862
14875
14862
14875
14912
14925
14937
14950
14962
14950
14937
14925
14912
14900
14887
14875
14837
14800
14762
14725
14712
14700
14687
14675
14662
14650
14637
14625
14587
14550
14512
14487
14450
14412
14375
14337
14300
14287
14275
14287
14275
14262
14250
14237
14225
14212
14200
14187
14175
14137
14125
14112
14100
14087
14075
14037
14025
13987
13987
13975
13987
13975
13987
13975
13962
13950
13937
13925
13912
13925
13900
13900
13900
13900
13875
13887
13875
13837
13825
13812
13800
13787
13775
13737
13737
13712
13687
13662
13662
13625
13612
13600
13612
13625
13637
13662
13712
13762
13812
13887
13962
14037
14112
14200
14287
14375
14462
14575
14687
14787
14887
14987
15087
15175
15262
15337
15412
15475
15525
15587
15625
15662
15675
15687
15675
15662
15650
15637
15625
15612
15600
15587
15575
15550
15537
15550
15550
15562
15600
15637
15675
15687
15725
15762
15775
15762
15775
15762
15725
15687
15650
15587
15525
15475
15412
15350
15287
15212
15137
15062
14987
14925
14862
14825
14787
14775
14762
14775
14762
14775
14787
14825
14837
14875
14912
14925
14937
14950
14962
14950
14962
14950
14937
14925
14912
14875
14862
14850
14812
14800
14787
14750
14737
14725
14687
14675
14662
14625
14612
14600
14562
14550
14537
14512
14500
14487
14475
14462
14450
14437
14425
14387
14375
14350
14300
14275
14250
14225
14212
14200
14187
14175
14137
14125
14112
14100
14087
14100
14087
14100
14087
14100
14087
14100
14087
14100
14075
14075
14050
14050
14050
14062
14050
14075
14075
14050
14050
14050
14012
14000
13987
13987
13975
13987
13975
13962
13950
13937
13925
13912
13925
13912
13925
13912
13925
13937
13962
14000
14062
14125
14187
14262
14337
14412
14500
14587
14675
14775
14862
14975
15087
15200
15300
15400
15487
15600
15700
15800
15887
15962
16012
16075
16112
16150
16162
16150
16137
16125
16112
16100
16087
16075
16062
16062
16062
16075
16087
16100
16112
16100
16112
16125
16137
16150
16162
16175
16162
16175
16162
16150
16112
16075
16012
15962
15900
15837
15775
15700
15625
15550
15475
15412
15350
15287
15225
15162
15100
15037
15000
14975
14962
14950
14962
14975
14987
15000
15012
15000
14987
14975
14962
14950
14937
14900
14887
14850
14812
14800
14787
14750
14737
14725
14712
14687
14687
14662
14637
14612
14600
14587
14575
14562
14550
14537
14537
14525
14512
14500
14487
14450
14412
14400
14362
14325
14312
14300
14262
14250
14237
14225
14200
14200
14175
14175
14150
14162
14150
14137
14125
14112
14075
14062
14050
14037
14025
14037
14025
14037
14025
14037
14025
14037
14025
14037
14025
14037
14025
14037
14025
14037
14025
14012
14000
13987
13962
13950
13937
13925
13912
13925
13937
13962
14000
14062
14125
14200
14287
14375
14487
14600
14712
14812
14912
15012
15125
15237
15350
15437
15525
15612
15687
15775
15837
15900
15962
16012
16037
16087
16100
16087
16075
16062
16037
16025
16012
15975
15962
15950
15937
15925
15950
15950
15950
15950
15975
15962
15975
15987
16000
15987
16000
15987
16000
15987
15975
15962
15950
15912
15875
15837
15800
15762
15725
15687
15650
15587
15525
15475
15412
15350
15287
15225
15150
15100
15037
15000
14975
14950
14900
14862
14800
14762
14750
14737
14750
14762
14775
14762
14775
14762
14750
14737
14725
14687
14675
14662
14625
14612
14600
14562
14550
14537
14512
14500
14487
14475
14462
14450
14437
14425
14412
14400
14387
14375
14362
14350
14337
14325
14312
14300
14287
14275
14262
14250
14237
14200
14187
14175
14162
14150
14162
14150
14137
14125
14112
14100
14112
14112
14087
14087
14062
14037
14025
14037
14025
14037
14025
14037
14025
14037
14025
14037
14025
14037
14025
14037
14025
14037
14025
14012
14000
13987
13962
13950
13937
13925
13912
13925
13912
13925
13912
13900
13887
13875
13837
13825
13812
13800
13787
13800
13812
13850
13887
13962
14037
14112
14200
14275
14362
14450
14550
14650
14775
14875
14975
15087
15200
15287
15387
15475
15562
15637
15712
15775
15837
15900
15937
15975
15987
16000
15987
15975
15962
15950
15912
15900
15887
15875
15862
15875
15862
15875
15862
15875
15887
15900
15912
15950
15987
16000
16037
16050
16037
16000
15962
15900
15837
15775
15712
15650
15587
15525
15475
15400
15325
15250
15175
15100
15062
15025
15025
15025
15037
15050
15062
15075
15062
15075
15062
15075
15062
15050
15037
15025
15000
14962
14950
14912
14875
14862
14850
14812
14775
14762
14725
14687
14675
14662
14625
14587
14575
14537
14537
14512
14512
14487
14462
14437
14425
14412
14400
14387
14350
14337
14300
14262
14250
14237
14225
14212
14200
14187
14175
14162
14150
14162
14150
14162
14150
14137
14125
14112
14100
14075
14075
14075
14075
14075
14087
14100
14087
14075
14062
14050
14037
14025
14012
14000
13987
13987
13975
13987
13975
13987
13975
13987
13975
13987
13987
14037
14087
14175
14262
14350
14425
14512
14600
14700
14812
14900
15012
15125
15237
15337
15437
15550
15650
15737
15837
15925
15987
16062
16137
16175
16212
16225
16237
16225
16212
16200
16187
16175
16162
16175
16162
16175
16162
16175
16162
16175
16162
16175
16162
16175
16187
16200
16212
16225
16237
16250
16262
16275
16287
16262
16237
16212
16162
16112
16075
16012
15962
15925
15875
15825
15775
15725
15650
15587
15550
15512
15462
15412
15350
15262
15187
15100
15037
14987
14975
14950
14962
14950
14962
14950
14962
14975
14987
14975
14987
14975
14962
14950
14962
14950
14937
14925
14912
14875
14862
14850
14812
14800
14775
14750
14725
14700
14650
14612
14575
14537
14512
14500
14487
14450
14437
14425
14387
14375
14362
14350
14325
14325
14300
14300
14275
14262
14250
14237
14200
14187
14175
14137
14125
14112
14100
14087
14075
14062
14050
14037
14012
14012
13987
13962
13950
13937
13925
13912
13925
13912
13900
13887
13875
13862
13850
13862
13850
13837
13825
13812
13800
13787
13800
13787
13800
13787
13800
13787
13775
13762
13750
13737
13725
13712
13700
13687
13675
13662
13675
13687
13725
13762
13837
13912
14000
14087
14175
14262
14350
14437
14537
14650
14762
14862
14962
15087
15200
15300
15387
15475
15550
15600
15650
15700
15712
15725
15737
15725
15712
15700
15687
15675
15662
15650
15662
15650
15662
15675
15687
15700
15712
15725
15775
15800
15800
15825
15850
15837
15850
15862
15850
15837
15825
15787
15750
15712
15650
15587
15525
15475
15412
15350
15287
15225
15162
15100
15037
14975
14925
14887
14837
14787
14762
14762
14737
14750
14762
14775
14762
14775
14762
14775
14762
14775
14762
14750
14712
14675
14612
14575
14537
14537
14525
14512
14500
14487
14450
14437
14425
14412
14387
14387
14362
14362
14337
14350
14337
14325
14312
14300
14262
14250
14237
14225
14212
14200
14187
14175
14137
14125
14112
14075
14062
14050
14037
14025
14037
14025
14037
14025
14037
14025
14037
14025
14012
14000
14012
13987
13987
13987
13987
13975
13987
13975
13987
13975
13987
13975
13987
13975
13962
13950
13937
13925
13912
13900
13887
13875
13862
13850
13862
13850
13862
13850
13862
13850
13862
13875
13912
13937
14000
14075
14150
14237
14325
14412
14512
14612
14712
14812
14912
15025
15137
15250
15362
15450
15550
15650
15737
15825
15900
15962
16000
16012
16000
15987
15975
15962
15975
15987
16000
15987
16000
16012
16025
16037
16050
16062
16062
16075
16087
16100
16112
16100
16112
16100
16087
16050
16012
15962
15900
15837
15762
15687
15637
15575
15512
15450
15387
15300
15225
15162
15100
15037
15000
14975
14962
14975
14987
15000
15012
15000
14987
14975
14962
14950
14937
14925
14912
14875
14862
14850
14837
14812
14812
14787
14762
14737
14725
14687
14675
14662
14625
14612
14600
14562
14550
14537
14512
14475
14437
14400
14362
14325
14312
14300
14287
14275
14262
14250
14237
14200
14187
14175
14137
14125
14112
14100
14087
14075
14062
14050
14037
14025
14037
14025
14037
14025
14012
14000
13987
13987
13975
13987
13962
13962
13937
13937
13912
13900
13887
13875
13862
13850
13837
13825
13812
13800
13787
13775
13762
13750
13737
13725
13712
13700
13687
13675
13662
13650
13637
13625
13612
13625
13662
13700
13762
13837
13900
13975
14062
14162
14250
14350
14437
14537
14637
14750
14850
14962
15075
15175
15262
15350
15437
15500
15575
15650
15712
15750
15787
15800
15787
15775
15762
15725
15712
15700
15687
15675
15687
15675
15687
15675
15687
15675
15687
15700
15712
15725
15762
15775
15787
15800
15812
15800
15787
15775
15762
15725
15687
15650
15587
15525
15475
15412
15350
15287
15225
15150
15075
15000
14925
14862
14800
14737
14675
14637
14600
14587
14575
14587
14600
14637
14650
14687
14700
14712
14700
14712
14700
14712
14700
14687
14650
14637
14600
14587
14562
14562
14537
14537
14525
14537
14525
14537
14525
14512
14500
14487
14475
14462
14450
14437
14425
14412
14400
14387
14375
14350
14325
14300
14300
14275
14262
14250
14237
14225
14212
14200
14187
14175
14162
14150
14162
14150
14162
14150
14162
14150
14162
14150
14162
14150
14162
14150
14162
14150
14137
14125
14137
14125
14112
14125
14112
14100
14087
14100
14087
14075
14062
14050
14037
14025
14012
14000
13987
13987
13975
13962
13950
13937
13925
13900
13900
13875
13850
13825
13812
13800
13787
13812
13837
13887
13962
14062
14162
14262
14350
14425
14525
14612
14725
14837
14937
15050
15162
15250
15350
15437
15500
15587
15675
15750
15825
15900
15937
15975
16012
16025
16012
16000
15987
15950
15937
15925
15937
15950
15962
15950
15962
15975
15962
15975
15987
16000
16012
16025
16037
16050
16037
16025
16012
15975
15937
15900
15862
15800
15737
15675
15612
15525
15462
15387
15312
15225
15137
15062
14987
14950
14937
14925
14937
14950
14937
14925
14912
14900
14887
14875
14862
14850
14837
14825
14812
14800
14787
14750
14712
14700
14662
14625
14612
14600
14562
14550
14537
14537
14525
14512
14500
14487
14450
14437
14425
14412
14400
14387
14350
14312
14275
14262
14250
14262
14262
14262
14237
14212
14187
14175
14162
14150
14162
14150
14162
14150
14137
14125
14112
14100
14087
14100
14087
14100
14087
14100
14087
14075
14062
14050
14012
14000
13987
13962
13950
13937
13925
13912
13925
13937
13962
14000
14062
14125
14187
14262
14337
14412
14500
14600
14700
14812
14900
15012
15125
15237
15337
15437
15537
15625
15700
15787
15875
15950
16037
16100
16150
16162
16150
16137
16125
16112
16087
16087
16062
16062
16050
16062
16062
16075
16087
16100
16112
16125
16137
16150
16162
16175
16162
16187
16187
16187
16187
16187
16175
16150
16125
16075
16025
15950
15875
15787
15700
15612
15537
15475
15412
15350
15287
15225
15162
15100
15037
15000
14975
14962
14950
14962
14950
14962
14950
14962
14950
14962
14950
14937
14925
14912
14875
14862
14850
14812
14775
14737
14700
14662
14625
14625
14612
14575
14537
14525
14487
14450
14437
14425
14412
14400
14387
14350
14337
14300
14262
14250
14237
14200
14162
14150
14112
14075
14037
14025
13987
13987
13975
13987
13975
13962
13925
13912
13875
13862
13850
13837
13825
13812
13800
13787
13775
13762
13750
13712
13700
13687
13675
13662
13650
13637
13625
13612
13600
13612
13600
13612
13600
13612
13600
13612
13625
13662
13700
13762
13825
13887
13937
14012
14100
14200
14300
14400
14512
14612
14712
14812
14900
15000
15100
15200
15300
15387
15462
15550
15600
15650
15700
15712
15725
15737
15750
15737
15725
15712
15700
15687
15675
15662
15650
15637
15625
15612
15625
15637
15650
15662
15700
15712
15725
15762
15775
15762
15775
