t = 60.000000, p = 433.000000
14487
14537
14612
14675
14750
14825
14900
14962
15037
15100
15162
15225
15287
15350
15412
15475
15512
15525
15512
15475
15412
15375
15337
15300
15287
15275
15262
15237
15237
15237
15237
15212
15225
15212
15200
15187
15175
15162
15150
15137
15112
15112
15087
15062
15012
15000
14975
14937
14900
14887
14850
14812
14800
14775
14750
14725
14725
14700
14712
14700
14712
14700
14712
14700
14687
14675
14687
14675
14662
14675
14662
14650
14637
14650
14637
14650
14637
14650
14637
14650
14637
14650
14637
14625
14612
14600
14587
14575
14562
14550
14537
14537
14512
14525
14512
14500
14462
14462
14450
14425
14425
14425
14400
14375
14362
14325
14312
14300
14287
14275
14287
14275
14262
14250
14237
14200
14187
14200
14187
14175
14187
14175
14137
14125
14112
14100
14087
14100
14087
14075
14037
14025
13987
13987
13975
13987
13975
13962
13950
13937
13925
13912
13925
13912
13925
13912
13925
13912
13925
13912
13925
13912
13925
13912
13900
13887
13875
13862
13850
13862
13850
13837
13825
13812
13800
13787
13800
13787
13775
13762
13750
13737
13725
13712
13700
13687
13675
13687
13725
13762
13825
13887
13937
14000
14062
14125
14187
14262
14337
14412
14475
14550
14612
14675
14737
14800
14862
14925
15000
15050
15112
15175
15225
15275
15325
15362
15375
15387
15375
15387
15375
15362
15325
15312
15275
15262
15250
15237
15200
15187
15150
15112
15100
15087
15075
15062
15075
15062
15050
15037
15025
15000
14987
14975
14937
14900
14862
14800
14737
14675
14612
14575
14537
14512
14500
14475
14450
14425
14437
14425
14450
14450
14475
14462
14475
14462
14475
14462
14475
14462
14487
14475
14462
14450
14437
14412
14400
14387
14375
14362
14325
14312
14300
14262
14250
14237
14162
14137
14112
14062
14037
14050
14012
14000
13987
13987
13975
13987
13962
13937
13912
13887
13862
13850
13862
13850
13837
13825
13812
13800
13787
13800
13787
13800
13787
13800
13787
13775
13762
13750
13737
13725
13737
13725
13712
13700
13687
13675
13662
13675
13662
13675
13662
13675
13662
13675
13662
13675
13662
13650
13637
13625
13612
13600
13612
13600
13612
13600
13587
13575
13587
13575
13587
13600
13587
13575
13562
13550
13537
13550
13537
13550
13537
13550
13537
13525
13512
13500
13500
13487
13475
13462
13450
13437
13425
13437
13425
13450
13450
13475
13487
13537
13575
13637
13687
13762
13825
13887
13937
14000
14062
14125
14187
14250
14312
14387
14462
14550
14637
14725
14800
14862
14900
14937
14950
14962
14950
14962
14950
14962
14950
14937
14900
14887
14850
14837
14825
14812
14800
14787
14750
14737
14725
14712
14725
14725
14700
14700
14675
14650
14637
14650
14637
14625
14625
14625
14600
14575
14575
14537
14512
14475
14437
14375
14337
14300
14262
14225
14212
14175
14175
14175
14175
14175
14200
14187
14200
14212
14225
14212
14225
14212
14225
14212
14225
14212
14200
14162
14150
14112
14075
14062
14050
14012
14000
13987
13962
13950
13937
13925
13912
13900
13887
13862
13850
13837
13850
13837
13837
13825
13812
13775
13762
13750
13737
13725
13737
13725
13737
13725
13737
13725
13737
13725
13712
13700
13687
13675
13662
13650
13637
13625
13587
13575
13587
13562
13562
13562
13562
13537
13550
13537
13562
13562
13562
13562
13562
13550
13537
13550
13537
13525
13512
13500
13500
13487
13500
13487
13500
13487
13500
13487
13500
13487
13500
13475
13475
13450
13450
13425
13437
13425
13412
13400
13387
13375
13362
13375
13362
13387
13387
13412
13437
13475
13512
13575
13637
13700
13762
13825
13887
13937
14012
14087
14162
14237
14312
14387
14462
14550
14612
14675
14725
14762
14800
14837
14887
14912
14937
14937
14962
14950
14937
14925
14912
14875
14862
14850
14837
14825
14812
14775
14762
14725
14712
14700
14687
14675
14662
14625
14612
14600
14587
14575
14562
14550
14537
14512
14500
14487
14450
14412
14375
14337
14300
14262
14250
14237
14200
14187
14175
14162
14150
14162
14150
14137
14125
14112
14100
14087
14100
14087
14100
14087
14100
14112
14125
14137
14150
14162
14150
14162
14150
14137
14125
14112
14075
14062
14050
14037
14025
14012
14000
13987
13962
13950
13937
13900
13887
13875
13837
13800
13787
13750
13737
13725
13750
13737
13750
13737
13725
13700
13712
13700
13687
13700
13687
13675
13650
13625
13600
13575
13550
13537
13550
13537
13525
13512
13500
13500
13487
13500
13487
13500
13487
13500
13487
13500
13487
13500
13487
13500
13487
13500
13487
13475
13462
13450
13437
13425
13437
13425
13437
13425
13437
13425
13437
13425
13412
13400
13387
13350
13337
13325
13312
13300
13312
13300
13312
13300
13312
13325
13337
13350
13362
13387
13412
13450
13500
13575
13637
13700
13775
13825
13887
13937
14000
14050
14125
14187
14250
14312
14375
14437
14487
14550
14575
14637
14662
14712
14750
14825
14837
14875
14912
14925
14937
14950
14962
14950
14962
14950
14937
14925
14912
14900
14887
14875
14837
14800
14762
14725
14712
14700
14712
14700
14687
14675
14662
14650
14637
14625
14612
14600
14562
14525
14475
14412
14337
14287
14237
14200
14187
14175
14162
14150
14162
14150
14162
14150
14162
14150
14162
14175
14175
14175
14175
14175
14150
14162
14150
14137
14125
14112
14100
14075
14075
14050
14050
14025
14037
14025
14037
14025
14012
13975
13962
13937
13925
13912
13925
13912
13900
13862
13850
13812
13800
13787
13775
13737
13725
13687
13675
13662
13675
13662
13650
13637
13625
13612
13600
13612
13600
13612
13600
13587
13575
13562
13525
13512
13500
13500
13487
13500
13500
13500
13500
13500
13475
13462
13450
13437
13425
13437
13425
13437
13425
13437
13425
13437
13425
13437
13425
13437
13425
13412
13400
13375
13350
13362
13350
13337
13362
13362
13325
13337
13325
13287
13275
13287
13275
13287
13300
13312
13325
13362
13400
13450
13525
13600
13675
13750
13825
13887
13937
14000
14062
14125
14187
14262
14337
14412
14475
14562
14637
14712
14787
14837
14875
14887
14900
14912
14925
14912
14925
14912
14875
14862
14850
14812
14775
14762
14725
14687
14675
14662
14650
14637
14650
14637
14625
14587
14575
14537
14512
14500
14487
14450
14437
14425
14387
14350
14312
14250
14212
14175
14162
14150
14137
14125
14112
14100
14087
14100
14087
14100
14087
14100
14087
14100
14087
14100
14087
14100
14087
14100
14087
14100
14087
14100
14087
14100
14087
14075
14062
14050
14012
14000
13987
13987
13975
13987
13975
13962
13950
13937
13900
13887
13875
13862
13850
13862
13850
13862
13837
13837
13812
13812
13787
13800
13787
13800
13787
13775
13762
13750
13737
13725
13712
13700
13687
13650
13637
13612
13587
13562
13562
13537
13550
13537
13550
13537
13550
13537
13550
13562
13575
13562
13575
13562
13525
13512
13500
13500
13487
13500
13487
13500
13475
13475
13450
13450
13425
13437
13425
13437
13425
13437
13425
13412
13400
13387
13375
13362
13375
13362
13350
13337
13325
13312
13300
13312
13300
13312
13300
13312
13325
13362
13400
13450
13512
13575
13637
13712
13787
13862
13925
14012
14087
14162
14237
14325
14400
14450
14500
14562
14612
14637
14687
14725
14762
14800
14837
14850
14862
14850
14837
14825
14812
14800
14787
14775
14762
14750
14712
14675
14637
14600
14562
14550
14537
14537
14525
14537
14512
14512
14487
14487
14462
14475
14462
14450
14437
14425
14387
14350
14337
14300
14287
14275
14262
14225
14187
14150
14112
14100
14087
14100
14087
14100
14125
14137
14125
14137
14125
14100
14087
14100
14112
14125
14112
14125
14112
14100
14087
14100
14087
14075
14062
14050
14012
14000
13987
13987
13975
13987
13975
13962
13950
13937
13925
13912
13900
13862
13850
13812
13775
13762
13750
13712
13675
13662
13625
13587
13575
13562
13525
13512
13500
13500
13487
13500
13487
13500
13487
13475
13462
13450
13437
13425
13437
13425
13412
13400
13387
13387
13375
13362
13350
13337
13312
13300
13312
13300
13312
13300
13312
13300
13312
13300
13312
13300
13287
13275
13262
13250
13237
13250
13237
13225
13212
13200
13187
13175
13162
13150
13137
13125
13112
13100
13087
13075
13062
13050
13062
13075
13112
13150
13187
13225
13262
13300
13337
13400
13450
13512
13575
13637
13700
13762
13825
13887
13937
14000
14075
14150
14225
14300
14375
14437
14487
14525
14562
14600
14612
14637
14662
14662
14662
14662
14625
14587
14575
14537
14537
14525
14512
14475
14462
14412
14387
14362
14362
14337
14325
14312
14300
14300
14287
14275
14262
14250
14225
14212
14200
14187
14175
14137
14125
14112
14075
14037
14000
13937
13912
13875
13837
13825
13812
13800
13787
13800
13787
13800
13787
13800
13787
13800
13787
13800
13787
13800
13812
13825
13837
13837
13837
13812
13812
13787
13800
13787
13800
13787
13800
13787
13775
13762
13750
13737
13712
13712
13687
13687
13662
13675
13662
13650
13637
13625
13587
13575
13562
13525
13512
13500
13475
13462
13450
13437
13425
13437
13425
13412
13400
13387
13375
13362
13375
13362
13350
13337
13325
13312
13300
13312
13300
13312
13300
13312
13300
13312
13300
13287
13275
13262
13250
13237
13250
13237
13250
13237
13250
13237
13250
13237
13225
13212
13200
13187
13175
13187
13175
13187
13162
13175
13162
13150
13137
13137
13125
13112
13125
13112
13125
13137
13150
13137
13150
13137
13125
13112
13100
13087
13075
13062
13050
13062
13050
13062
13050
13062
13075
13112
13150
13212
13275
13337
13400
13475
13550
13625
13700
13775
13850
13912
14000
14087
14162
14237
14312
14375
14437
14487
14525
14562
14575
14587
14575
14587
14575
14587
14575
14562
14525
14512
14475
14450
14425
14375
14350
14337
14300
14287
14300
14262
14225
14212
14175
14162
14137
14137
14112
14112
14087
14075
14062
14050
14037
14025
14012
14000
13987
13962
13950
13937
13900
13887
13875
13862
13850
13837
13825
13812
13800
13787
13800
13812
13825
13837
13850
13837
13825
13812
13800
13787
13800
13787
13800
13787
13800
13787
13800
13787
13800
13787
13800
13787
13812
13812
13812
13812
13812
13775
13762
13750
13737
13725
13712
13700
13687
13675
13650
13625
13600
13575
13550
13525
13525
13500
13500
13487
13500
13487
13500
13487
13500
13487
13475
13462
13450
13437
13425
13437
13425
13412
13400
13375
13350
13325
13325
13300
13312
13300
13287
13287
13287
13287
13287
13287
13275
13262
13250
13237
13225
13212
13200
13187
13175
13187
13175
13187
13175
13187
13175
13187
13175
13187
13175
13187
13175
13187
13175
13187
13175
13187
13175
13162
13162
13162
13137
13137
13137
13125
13112
13100
13087
13075
13062
13050
13062
13050
13062
13050
13062
13075
13087
13100
13137
13175
13212
13250
13287
13325
13362
13400
13450
13512
13575
13637
13700
13762
13825
13887
13950
14000
14062
14125
14187
14237
14312
14375
14437
14475
14512
14537
14562
14587
14612
14625
14662
14675
14687
14700
14712
14700
14687
14650
14612
14575
14562
14537
14512
14487
14462
14425
14412
14400
14412
14400
14387
14387
14375
14362
14337
14337
14300
14275
14225
14212
14175
14162
14150
14137
14100
14087
14050
14012
14000
13987
13987
13975
13962
13950
13962
13950
13937
13950
13937
13925
13912
13925
13937
13950
13937
13950
13937
13937
13925
13937
13925
13937
13912
13900
13887
13875
13837
13800
13787
13750
13737
13712
13712
13687
13687
13662
13650
13637
13625
13575
13550
13550
13525
13525
13537
13525
13512
13500
13500
13487
13475
13462
13450
13412
13400
13387
13375
13362
13375
13362
13375
13350
13362
13350
13337
13325
13325
13312
13300
13312
13300
13312
13300
13287
13275
13262
13250
13237
13262
13250
13262
13250
13262
13237
13250
13237
13250
13237
13225
13212
13200
13187
13175
13162
13150
13137
13125
13112
13125
13112
13125
13100
13112
13125
13162
13200
13275
13337
13400
13450
13525
13600
13675
13750
13825
13887
13950
14025
14100
14175
14262
14337
14412
14475
14525
14575
14625
14650
14675
14725
14737
14750
14762
14750
14737
14725
14687
14675
14662
14625
14612
14600
14562
14550
14537
14512
14500
14487
14475
14462
14450
14412
14400
14362
14325
14287
14250
14187
14150
14112
14075
14062
14050
14012
14000
13987
13987
13975
13987
13987
13987
13987
14012
14000
14012
14012
14012
13987
14000
13987
13987
13987
13987
13962
13950
13937
13925
13912
13900
13862
13825
13787
13750
13737
13725
13737
13725
13712
13700
13687
13650
13612
13612
13575
13562
13550
13562
13537
13525
13512
13500
13475
13462
13450
13437
13425
13437
13450
13450
13450
13450
13450
13425
13437
13425
13412
13400
13387
13375
13362
13375
13362
13375
13362
13375
13350
13350
13325
13325
13300
13312
13300
13287
13275
13262
13250
13237
13250
13225
13237
13225
13237
13225
13225
13212
13225
13212
13200
13212
13225
13212
13200
13212
13200
13162
13150
13137
13125
13112
13100
13087
13075
13062
13050
13062
13050
13062
13050
13062
13050
13062
13075
13087
13100
13137
13175
13212
13275
13337
13400
13450
13512
13575
13650
13737
13825
13925
14037
14137
14225
14300
14375
14412
14462
14500
14550
14600
14650
14662
14675
14662
14650
14637
14625
14587
14550
14512
14487
14450
14412
14412
14387
14362
14337
14337
14300
14262
14250
14225
14212
14187
14162
14112
14100
14050
14012
13975
13962
13937
13900
13887
13875
13862
13850
13837
13825
13812
13800
13787
13800
13787
13800
13787
13800
13775
13775
13775
13775
13750
13762
13750
13737
13725
13737
13725
13737
13725
13737
13712
13712
13687
13687
13650
13650
13625
13625
13600
13587
13575
13562
13525
13512
13500
13500
13487
13475
13462
13450
13412
13400
13387
13375
13362
13350
13337
13325
13287
13275
13262
13250
13237
13225
13212
13200
13162
13150
13137
13125
13112
13125
13112
13100
13087
13075
13062
13050
13037
13025
13037
13025
13012
13025
13012
13000
12987
13000
12987
13000
12987
13000
12987
12975
12962
12950
12950
12937
12925
12912
12900
12887
12875
12862
12850
12837
12825
12812
12825
12812
12825
12812
12825
12812
12825
12812
12825
12837
12875
12925
13000
13075
13150
13225
13275
13325
13375
13425
13450
13512
13575
13637
13700
13762
13837
13875
13925
13962
14012
14050
14125
14187
14250
14312
14350
14362
14375
14362
14350
14337
14325
14287
14275
14237
14200
14187
14175
14162
14150
14137
14125
14112
14100
14087
14075
14062
14050
14012
14000
13987
13962
13925
13912
13875
13837
13825
13812
13775
13762
13737
13712
13687
13687
13687
13700
13712
13712
13712
13687
13687
13662
13675
13662
13675
13687
13700
13687
13700
13687
13675
13662
13675
13662
13675
13662
13675
13662
13650
13612
13600
13562
13550
13537
13550
13525
13525
13500
13500
13487
13475
13475
13475
13450
13425
13425
13387
13375
13362
13375
13362
13350
13337
13325
13312
13300
13312
13300
13312
13300
13287
13275
13262
13250
13237
13262
13262
13262
13262
13262
13250
13262
13275
13287
13300
13312
13300
13312
13300
13312
13300
13287
13275
13262
13250
13237
13250
13237
13225
13212
13200
13187
13175
13187
13175
13187
13175
13187
13175
13162
13150
13137
13125
13112
13125
13137
13175
13212
13275
13337
13400
13450
13512
13575
13637
13675
13737
13800
13862
13912
14000
14075
14150
14225
14300
14375
14437
14487
14550
14587
14625
14662
14675
14687
14700
14687
14650
14637
14600
14562
14525
14512
14487
14450
14437
14425
14387
14375
14362
14325
14287
14250
14187
14125
14062
14025
13987
13962
13925
13887
13850
13812
13800
13787
13800
13787
13800
13787
13800
13787
13800
13787
13800
13812
13825
13812
13825
13837
13800
13812
13825
13837
13825
13862
13850
13875
13875
13875
13850
13825
13787
13750
13737
13725
13737
13725
13737
13725
13737
13725
13737
13725
13712
13700
13687
13650
13612
13600
13550
13525
13525
13512
13512
13525
13537
13525
13525
13512
13500
13500
13487
13475
13462
13450
13437
13425
13437
13425
13412
13400
13375
13362
13350
13362
13337
13350
13325
13325
13300
13312
13300
13312
13300
13312
13300
13312
13300
13312
13300
13287
13275
13262
13250
13237
13250
13237
13225
13212
13225
13237
13275
13312
13362
13412
13450
13500
13575
13637
13700
13762
13825
13887
13937
14000
14062
14125
14187
14250
14312
14387
14450
14525
14600
14675
14700
14737
14775
14787
14800
14825
14837
14825
14812
14800
14787
14750
14737
14725
14687
14675
14662
14625
14612
14600
14562
14525
14512
14487
14450
14437
14425
14387
14375
14362
14325
14287
14275
14225
14200
14200
14200
14175
14162
14150
14112
14100
14075
14075
14075
14075
14050
14062
14050
14037
14025
14037
14025
14037
14025
14037
14025
14037
14062
14075
14062
14075
14062
14012
13975
13937
13912
13875
13837
13825
13812
13775
13762
13750
13712
13700
13687
13675
13662
13675
13662
13650
13637
13625
13612
13600
13587
13575
13562
13550
13537
13550
13537
13525
13512
13500
13475
13462
13450
13437
13425
13437
13425
13437
13425
13412
13400
13387
13375
13362
13387
13362
13362
13337
13337
13300
13312
13300
13312
13300
13312
13300
13287
13275
13262
13225
13212
13225
13212
13200
13212
13200
13200
13200
13225
13250
13300
13337
13400
13475
13550
13625
13700
13762
13825
13887
13937
14000
14062
14125
14187
14262
14312
14375
14437
14487
14537
14612
14650
14687
14725
14737
14750
14762
14775
14762
14775
14750
14750
14725
14725
14700
14687
14675
14662
14625
14587
14575
14537
14512
14500
14487
14475
14462
14450
14437
14425
14412
14400
14387
14375
14362
14350
14337
14325
14312
14300
14287
14275
14262
14225
14187
14125
14050
14000
13950
13937
13912
13925
13912
13925
13912
13925
13912
13925
13912
13925
13912
13925
13912
13925
13912
13925
13912
13925
13912
13900
13887
13875
13837
13825
13812
13775
13762
13750
13712
13700
13687
13650
13637
13625
13587
13550
13537
13525
13487
13475
13487
13462
13450
13450
13450
13425
13437
13425
13412
13400
13387
13375
13362
13350
13337
13325
13312
13300
13312
13300
13287
13275
13262
13250
13237
13225
13225
13225
13225
13225
13250
13237
13225
13212
13200
13187
13175
13162
13150
13137
13125
13112
13137
13125
13137
13125
13112
13087
13075
13062
13050
13062
13050
13037
13025
13012
13000
12987
13000
12987
13000
12987
13000
13012
13050
13087
13150
13212
13275
13350
13425
13512
13600
13687
13762
13825
13887
13975
14062
14150
14237
14312
14375
14437
14475
14512
14525
14537
14525
14512
14475
14462
14425
14387
14350
14337
14300
14262
14250
14237
14225
14212
14200
14187
14162
14137
14112
14087
14062
14050
14012
14000
13987
13962
13950
13937
13900
13862
13850
13812
13800
13787
13800
13812
13825
13812
13825
13837
13825
13837
13850
13862
13850
13862
13875
13887
13900
13912
13900
13887
13875
13837
13825
13812
13775
13762
13750
13712
13700
13687
13675
13662
13650
13612
13600
13562
13525
13512
13500
13500
13475
13475
13450
13450
13425
13412
13400
13387
13375
13362
13375
13362
13350
13337
13325
13312
13300
13312
13300
13312
13300
13312
13300
13325
13312
13325
13312
13325
13300
13312
13287
13287
13262
13262
13237
13250
13237
13250
13237
13250
13237
13225
13212
13200
13187
13175
13187
13200
13212
13225
13262
13300
13337
13400
13450
13525
13600
13675
13750
13800
13850
13900
13937
13987
14062
14125
14187
14250
14312
14375
14437
14487
14550
14587
14625
14662
14675
14687
14725
14737
14750
14787
14800
14787
14800
14787
14775
14762
14750
14737
14725
14687
14675
14662
14650
14637
14625
14587
14575
14537
14537
14525
14512
14500
14487
14475
14462
14475
14462
14450
14437
14425
14387
14350
14312
14250
14187
14150
14112
14100
14087
14100
14087
14100
14087
14100
14087
14100
14087
14100
14087
14100
14087
14100
14087
14100
14087
14075
14037
14025
13987
13962
13950
13962
13950
13962
13975
13987
13975
13962
13950
13937
13925
13912
13925
13912
13900
13862
13850
13812
13775
13737
13700
13662
13625
13612
13600
13587
13575
13562
13550
13537
13550
13537
13525
13512
13500
13475
13462
13475
13462
13450
13475
13462
13425
13425
13425
13412
13412
13412
13400
13387
13375
13362
13375
13362
13375
13362
13375
13362
13350
13337
13325
13312
13300
13287
13275
13262
13250
13237
13250
13237
13250
13237
13250
13237
13250
13237
13250
13262
13300
13312
13350
13387
13400
13412
13450
13475
13512
13575
13650
13725
13800
13875
13937
14000
14062
14125
14187
14250
14312
14375
14437
14487
14550
14612
14675
14737
14800
14862
14900
14937
14950
14962
14950
14937
14925
14912
14875
14862
14850
14837
14825
14812
14800
14787
14750
14737
14725
14687
14675
14662
14650
14637
14650
14637
14625
14612
14625
14612
14600
14612
14600
14562
14550
14537
14512
14475
14437
14375
14337
14300
14262
14250
14237
14200
14187
14175
14137
14125
14112
14100
14087
14100
14087
14100
14087
14100
14087
14100
14087
14100
14087
14100
14087
14075
14062
14050
14037
14025
14037
14025
14012
13975
13962
13937
13900
13887
13875
13862
13850
13862
13850
13862
13850
13837
13837
13837
13812
13812
13812
13800
13787
13775
13762
13737
13712
13687
13687
13662
13650
13637
13625
13612
13600
13612
13600
13612
13600
13612
13600
13587
13550
13537
13500
13500
13487
13500
13487
13475
13462
13475
13462
13450
13462
13450
13437
13425
13437
13425
13412
13400
13425
13412
13425
13437
13450
13425
13437
13425
13437
13425
13437
13425
13412
13400
13387
13375
13362
13350
13337
13325
13312
13300
13312
13300
13312
13300
13312
13300
13312
13337
13350
13362
13400
13437
13450
13525
13600
13675
13750
13837
13887
13937
14000
14062
14125
14212
14287
14362
14437
14487
14562
14637
14712
14787
14837
14875
14887
14875
14875
14875
14875
14875
14900
14875
14875
14850
14825
14800
14787
14775
14762
14750
14712
14700
14662
14625
14612
14600
14587
14575
14587
14562
14562
14562
14562
14537
14550
14537
14537
14525
14512
14475
14437
14375
14350
14312
14275
14262
14250
14200
14162
14125
14087
14050
14012
14000
13987
13987
13975
13987
13987
14000
13987
14000
13987
13987
13975
13987
13975
13962
13950
13937
13887
13875
13862
13850
13837
13837
13825
13812
13775
13762
13750
13737
13725
13737
13725
13712
13675
13662
13625
13587
13550
13537
13500
13500
13487
13500
13487
13500
13487
13475
13462
13450
13437
13425
13412
13400
13387
13375
13362
13350
13337
13325
13312
13300
13312
13287
13287
13262
13237
13212
13225
13212
13225
13237
13225
13212
13200
13187
13200
13212
13200
13212
13200
13187
13175
13187
13175
13162
13150
13137
13125
13112
13100
13087
13075
13062
13050
13037
13000
12987
12950
12925
12912
12925
12912
12925
12937
12950
12950
12987
13025
13087
13162
13250
13337
13412
13512
13612
13700
13787
13875
13937
14000
14037
14100
14162
14225
14287
14375
14437
14475
14512
14537
14550
14562
14575
14562
14550
14537
14537
14512
14512
14487
14462
14412
14400
14362
14325
14312
14300
14262
14250
14237
14225
14212
14237
14225
14212
14175
14137
14087
14037
13987
13962
13937
13900
13862
13850
13812
13800
13787
13800
13787
13800
13787
13800
13812
13825
13812
13825
13812
13800
13787
13800
13787
13800
13787
13775
13762
13750
13737
13725
13737
13725
13712
13675
13637
13575
13537
13500
13475
13462
13450
13437
13425
13412
13400
13412
13400
13387
13400
13412
13400
13387
13400
13387
13350
13337
13325
13312
13300
13287
13275
13262
13225
13212
13225
13212
13225
13237
13225
13212
13187
13162
13162
13162
13137
13150
13137
13125
13112
13100
13087
13075
13062
13050
13075
13062
13075
13062
13075
13050
13037
13037
13025
13012
13000
12987
12962
12950
12950
12937
12950
12937
12950
12937
12950
12975
13025
13075
13150
13212
13275
13337
13400
13487
13587
13687
13787
13875
13950
14025
14100
14175
14250
14312
14375
14437
14487
14550
14587
14625
14637
14650
14637
14650
14637
14650
14637
14612
14587
14562
14512
14475
14437
14400
14362
14350
14337
14350
14337
14325
14287
14250
14212
14175
14137
14125
14112
14075
14037
14025
13987
13987
13975
13962
13950
13937
13925
13912
13925
13912
13925
13912
13900
13887
13875
13862
13875
13887
13900
13912
13925
13912
13925
13912
13925
13912
13900
13887
13875
13862
13850
13862
13850
13837
13800
13787
13750
13750
13737
13725
13712
13700
13675
13662
13650
13612
13600
13562
13550
13537
13525
13512
13500
13500
13487
13500
13487
13475
13462
13450
13412
13400
13387
13375
13362
13375
13362
13375
13362
13350
13337
13325
13312
13300
13312
13300
13312
13300
13287
13275
13262
13250
13237
13250
13237
13250
13225
13225
13200
13200
13175
13187
13175
13162
13150
13137
13125
13112
13125
13137
13150
13162
13200
13237
13275
13337
13400
13450
13512
13575
13650
13725
13812
13887
13987
14075
14162
14237
14312
14375
14437
14487
14550
14612
14687
14737
14787
14812
14837
14825
14812
14775
14762
14725
14687
14675
14662
14625
14612
14600
14587
14575
14587
14575
14562
14525
14512
14487
14475
14462
14450
14412
14400
14362
14325
14287
14250
14187
14150
14112
14075
14062
14075
14062
14075
14087
14100
14087
14112
14112
14112
14112
14112
14075
14062
14050
14037
14025
14037
14025
14012
14000
13987
13987
13975
13962
13950
13937
13937
13925
13912
13875
13862
13812
13775
13762
13750
13712
13700
13687
13675
13662
13650
13637
13650
13637
13625
13612
13600
13562
13525
13512
13500
13475
13462
13450
13437
13425
13437
13425
13437
13425
13412
13400
13387
13375
13362
13375
13362
13375
13362
13350
13337
13325
13312
13300
13312
13300
13325
13312
13325
13312
13300
13275
13262
13250
13237
13250
13237
13250
13225
13225
13200
13200
13175
13187
13175
13187
13175
13187
13175
13187
13175
13187
13200
13237
13275
13312
13350
13400
13437
13487
13562
13637
13700
13762
13825
13887
13937
14000
14062
14125
14187
14250
14325
14400
14487
14575
14662
14737
14800
14837
14875
14887
14875
14862
14850
14837
14812
14775
14750
14725
14675
14637
14612
14550
14487
14462
14425
14387
14350
14337
14300
14262
14250
14237
14200
14162
14125
14062
14000
13962
13937
13925
13912
13925
13912
13900
13887
13875
13862
13850
13862
13875
13887
13900
13912
13900
13887
13875
13862
13850
13862
13850
13862
13850
13862
13850
13837
13825
13812
13775
13762
13750
13712
13700
13687
13650
13637
13625
13612
13600
13587
13575
13562
13550
13537
13525
13512
13500
13500
13487
13475
13437
13400
13362
13325
13312
13300
13287
13275
13262
13250
13237
13250
13237
13212
13200
13187
13175
13162
13137
13137
13137
13112
13112
13137
13125
13112
13125
13112
13125
13112
13125
13112
13125
13112
13125
13112
13100
13087
13075
13037
13025
13012
13000
12987
13000
12987
13000
13012
13050
13087
13150
13212
13275
13337
13400
13450
13512
13575
13637
13712
13787
13862
13925
14000
14062
14125
14187
14250
14312
14375
14437
14487
14525
14562
14600
14600
14600
14600
14575
14525
14487
14462
14425
14412
14400
14387
14375
14362
14325
14287
14275
14237
14200
14187
14175
14162
14150
14137
14125
14112
14075
14037
14000
13925
13900
13862
13825
13812
13812
13775
13762
13775
13762
13750
13762
13750
13737
13750
13762
13775
13787
13800
13787
13775
13762
13737
13725
13737
13750
13762
13787
13775
13775
13762
13750
13725
13725
13687
13687
13662
13650
13637
13625
13575
13550
13525
13500
13487
13500
13487
13475
13462
13450
13437
13425
13437
13425
13412
13400
13387
13375
13362
13350
13312
13300
13262
13250
13237
13250
13237
13225
13212
13200
13187
13175
13187
13175
13187
13175
13187
13175
13162
13150
13137
13125
13112
13125
13112
13125
13112
13125
13112
13100
13087
13075
13062
13050
13062
13050
13062
13050
13037
13037
13037
13037
13037
13062
13050
13062
13075
13112
13150
13212
13275
13337
13400
13450
13512
13575
13637
13700
13775
13850
13925
14012
14100
14187
14275
14350
14425
14487
14550
14612
14650
14687
14700
14712
14700
14687
14675
14662
14650
14637
14625
14612
14600
14562
14550
14537
14537
14512
14487
14462
14437
14387
14375
14362
14350
14325
14325
14300
14300
14262
14262
14237
14212
14187
14175
14137
14100
14087
14050
14012
14000
13987
13987
13975
13962
13950
13937
13925
13912
13925
13912
13925
13912
13925
13912
13925
13937
13950
13962
13975
13987
13975
13987
13975
13987
13975
13987
13975
13987
13975
13987
13975
13987
13975
13987
13975
13962
13925
13912
13875
13837
13825
13812
13800
13787
13775
13762
13750
13737
13725
13712
13700
13687
13650
13637
13625
13587
13575
13562
13525
13512
13500
13500
13500
13500
13500
13500
13475
13462
13450
13437
13425
13412
13400
13387
13375
13362
13375
13362
13375
13362
13375
13362
13350
13337
13325
13312
13325
13337
13350
13362
13375
13362
13350
13337
13325
13312
13300
13287
13275
13250
13225
13187
13175
13137
13137
13112
13125
13112
13125
13137
13175
13187
13237
13287
13337
13387
13450
13512
13575
13637
13700
13762
13837
13900
13987
14075
14162
14250
14337
14412
14487
14575
14650
14700
14762
14812
14862
14887
14937
14950
14962
14950
14937
14925
14912
14900
14887
14875
14862
14850
14812
14800
14787
14775
14750
14750
14725
14700
14675
14662
14625
14612
14600
14562
14550
14525
14512
14487
14462
14412
14400
14362
14325
14287
14275
14237
14200
14187
14175
14162
14150
14162
14150
14162
14150
14162
14150
14162
14150
14175
14175
14175
14175
14200
14175
14175
14175
14175
14150
14162
14150
14137
14100
14087
14050
14012
13975
13962
13937
13900
13887
13875
13837
13825
13812
13775
13762
13750
13737
13725
13712
13700
13687
13675
13662
13650
13637
13625
13612
13600
13587
13575
13562
13550
13537
13525
13512
13500
13500
13487
13500
13487
13500
13487
13475
13462
13450
13437
13425
13437
13425
13437
13425
13437
13425
13437
13425
13437
13425
13412
13400
13387
13375
13362
13350
13337
13325
13312
13300
13312
13300
13312
13300
13312
13325
13325
13325
13350
13350
13350
13387
13425
13450
13512
13575
13637
13700
13775
13850
13912
14000
14087
14175
14262
14350
14425
14487
14550
14612
14675
14737
14775
14812
14850
14862
14875
14887
14900
14912
14925
14937
14950
14962
14950
14937
14900
14862
14825
14787
14737
14725
14712
14675
14637
14637
14600
14587
14562
14562
14537
14537
14525
14537
14525
14512
14475
14462
14425
14387
14350
14300
14250
14200
14150
14100
14062
14025
13987
13987
13975
13987
13975
13962
13950
13925
13912
13900
13912
13900
13925
13912
13925
13912
13925
13912
13925
13912
13925
13912
13925
13912
13925
13912
13900
13887
13875
13862
13850
13837
13825
13812
13800
13787
13775
13762
13750
13712
13700
13687
13675
13662
13650
13637
13625
13612
13600
13587
13550
13537
13500
13500
13487
13475
13462
13450
13412
13400
13387
13375
13362
13375
13362
13350
13337
13325
13287
13287
13287
13287
13287
13312
13300
13287
13275
13237
13225
13212
13225
13212
13250
13237
13225
13212
13200
13162
13150
13137
13125
13112
13125
13112
13125
13137
13175
13212
13287
13362
13425
13500
13575
13637
13700
13762
13825
13887
13937
14000
14062
14137
14212
14287
14362
14437
14487
14525
14575
14625
14675
14700
14750
14787
14800
14787
14800
14787
14750
14712
14675
14637
14600
14562
14525
14487
14462
14425
14412
14400
14412
14400
14412
14400
14412
14400
14387
14350
14337
14300
14262
14250
14225
14175
14150
14125
14075
14037
14025
13987
13987
13975
13962
13950
13937
13925
13937
13950
13962
13975
13987
13975
13987
13975
13987
13975
13987
13975
13987
13975
13987
13975
13962
13950
13937
13925
13912
13900
13900
13875
13850
13825
13800
13737
13700
13662
13625
13612
13600
13587
13575
13562
13550
13537
13550
13537
13525
13512
13500
13500
13487
13500
13487
13475
13462
13450
13437
13425
13437
13425
13412
13400
13387
13375
13362
13350
13337
13312
13287
13262
13262
13237
13225
13225
13225
13200
13200
13200
13187
13175
13187
13175
13187
13175
13187
13175
13187
13162
13162
13162
13162
13162
13200
13250
13300
13375
13437
13512
13575
13637
13700
13762
13825
13887
13937
14000
14062
14125
14187
14250
14312
14375
14437
14487
14550
14612
14675
14737
14775
14812
14862
14887
14912
14937
14962
14950
14937
14925
14912
14900
14887
14875
14862
14837
14812
14787
14762
14737
14725
14687
14675
14662
14625
14612
14600
14562
14550
14562
14537
14512
14512
14475
14450
14425
14400
14350
14337
14300
14262
14225
14212
14175
14137
14125
14112
14100
14112
14125
14137
14150
14162
14150
14137
14137
14125
14112
14100
14112
14087
14075
14062
14050
14037
14025
14012
13975
13962
13937
13900
13887
13875
13837
13825
13812
13800
13787
13800
13787
13775
13762
13750
13712
13700
13687
13650
13637
13625
13587
13575
13562
13550
13537
13550
13537
13525
13512
13500
13500
13487
13500
13487
13500
13487
13475
13462
13450
13412
13400
13387
13387
13375
13362
13350
13362
13337
13350
13387
13425
13450
13512
13575
13637
13700
13762
13825
13887
13937
14000
14062
14125
14187
14262
14337
14412
14475
14550
14612
14675
14737
14800
14862
14925
14975
15012
15050
15062
15075
15062
15075
15062
15050
15037
15025
15025
15012
15000
14962
14950
14912
14875
14862
14850
14837
14825
14837
14825
14837
14825
14837
14825
14812
14775
14762
14712
14662
14637
14612
14562
14550
14537
14512
14475
14437
14375
14337
14300
14262
14250
14262
14250
14262
14275
14287
14275
14262
14250
14237
14225
14212
14225
14212
14225
14212
14200
14187
14175
14162
14150
14137
14125
14137
14125
14112
14125
14112
14075
14062
14050
14037
14025
14012
14000
13987
13962
13925
13912
13875
13862
13850
13837
13800
13787
13750
13712
13700
13687
13675
13662
13650
13637
13625
13612
13600
13587
13575
13562
13550
13537
13550
13537
13525
13525
13525
13500
13500
13500
13500
13487
13500
13487
13500
13487
13500
13487
13500
13487
13475
13462
13475
13462
13450
13462
13450
13437
13425
13412
13400
13387
13350
13337
13325
13312
13300
13287
13275
13250
13237
13225
13237
13225
13250
13237
13250
13262
13300
13312
13350
13387
13425
13450
13512
13575
13650
13737
13825
13900
14000
14087
14162
14237
14312
14375
14437
14487
14550
14612
14675
14737
14775
14812
14825
14837
14825
14837
14825
14812
14775
14762
14712
14687
14662
14637
14612
14600
14562
14550
14537
14512
14500
14487
14475
14462
14475
14462
14450
14437
14425
14387
14375
14362
14325
14287
14250
14187
14125
14062
14025
14012
14000
13987
14012
14012
14012
14012
14037
14050
14062
14050
14062
14037
13987
13962
13975
13962
13962
13962
13962
13937
13925
13912
13925
13912
13925
13912
13900
13887
13875
13862
13875
13887
13875
13887
13862
13837
13800
13787
13750
13725
13675
13637
13575
13512
13450
13425
13387
13375
13362
13375
13362
13350
13300
13275
13225
13200
13175
13187
13175
13187
13175
13162
13150
13162
13150
13162
13175
13187
13175
13187
13162
13162
13137
13112
13087
13075
13062
13050
13062
13050
13062
13075
13087
13100
13112
13100
13087
13075
13037
13025
13012
12975
12962
12950
12950
12937
12950
12937
12950
12950
12962
12975
12987
13012
13037
13087
13137
13212
13275
13337
13400
13450
13512
13575
13662
13750
13837
13912
14000
14062
14125
14187
14250
14312
14375
14437
14475
14512
14537
14550
14562
14600
14612
14600
14612
14600
14562
14525
14512
14487
14450
14412
14400
14362
14350
14337
14325
14312
14300
14287
14275
14287
14275
14287
14275
14287
14275
14287
14275
14262
14250
14237
14225
14212
14200
14162
14150
14100
14075
14050
14050
14012
13987
13962
13937
13900
13862
13850
13812
13800
13812
13825
13812
13825
13837
13825
13837
13850
13837
13825
13812
13800
13787
13800
13787
13775
13762
13750
13737
13725
13712
13675
13662
13625
13612
13600
13587
13550
13537
13487
13475
13450
13450
13425
13412
13400
13387
13350
13337
13325
13312
13300
13312
13300
13287
13275
13262
13250
13237
13225
13212
13200
13187
13175
13162
13150
13137
13125
13112
13125
13112
13100
13087
13100
13087
13100
13112
13125
13112
13100
13100
13100
13075
13050
13050
13037
13025
13012
13025
13012
13000
12987
13000
13025
13075
13100
13150
13200
13237
13275
13337
13400
13450
13512
13587
13662
13737
13812
13887
13937
14000
14062
14137
14212
14287
14362
14437
14487
14550
14612
14650
14687
14725
14737
14750
14762
14775
14762
14775
14762
14750
14737
14725
14687
14675
14662
14650
14625
14637
14625
14612
14575
14550
14512
14487
14475
14462
14450
14437
14425
14412
14400
14412
14400
14387
14375
14362
14325
14312
14300
14262
14225
14187
14150
14112
14075
14062
14050
14012
13975
13962
13962
13950
13962
13975
13987
13975
13987
13975
13962
13950
13937
13900
13887
13875
13862
13850
13862
13850
13837
13825
13812
13800
13787
13800
13775
13775
13750
13725
13700
13687
13675
13662
13650
13637
13625
13612
13600
13612
13600
13612
13600
13587
13550
13537
13500
13500
13487
13500
13487
13500
13487
13475
13462
13450
13437
13425
13437
13412
13425
13412
13425
13412
13437
13425
13437
13425
13437
13425
13437
13425
13437
13425
13437
13425
13412
13400
13387
13375
13362
13375
13362
13375
13362
13375
13362
13375
13362
13375
13350
13350
13325
13300
13287
13275
13237
13225
13200
13162
13137
13137
13112
13100
13087
13075
13075
13075
13100
13100
13125
13137
13175
13212
13275
13312
13362
13412
13450
13500
13575
13637
13700
13762
13825
13887
13950
14025
14100
14175
14250
14312
14375
14437
14487
14550
14612
14675
14737
14800
14862
14900
14937
14950
14937
14900
14887
14850
14812
14775
14737
14675
14637
14600
14562
14550
14537
14537
14525
14537
14525
14512
14500
14487
14450
14412
14375
14312
14250
14187
14150
14112
14075
14062
14050
14012
14000
13987
13987
13975
13987
13975
13987
13975
13987
13987
14000
14012
14025
14037
14050
14062
14075
14087
14100
14087
14100
14087
14100
14087
14100
14087
14075
14062
14050
14000
13987
13975
13950
13937
13937
13900
13887
13862
13812
13787
13762
13737
13725
13712
13700
13687
13650
13637
13625
13587
13575
13562
13550
13537
13550
13537
13525
13512
13500
13500
13487
13500
13487
13500
13487
13475
13462
13450
13437
13425
13437
13425
13412
13400
13412
13387
13387
13387
13387
13362
13375
13362
13375
13362
13350
13337
13325
13287
13275
13262
13250
13237
13225
13212
13200
13187
13175
13162
13150
13137
13100
13087
13075
13062
13050
13062
13050
13062
13050
13062
13075
13112
13162
13237
13312
13387
13462
13550
13637
13725
13812
13887
13962
14012
14087
14162
14225
14300
14375
14437
14487
14550
14600
14650
14687
14700
14687
14650
14637
14600
14562
14525
14512
14475
14450
14425
14400
14375
14362
14325
14312
14300
14262
14250
14237
14200
14162
14125
14062
14000
13962
13937
13900
13862
13850
13812
13800
13787
13800
13787
13800
13787
13800
13787
13800
13787
13800
13787
13775
13762
13750
13737
13725
13737
13725
13712
13700
13687
13650
13650
13637
13625
13612
13600
13550
13537
13500
13500
13487
13475
13462
13450
13437
13425
13437
13412
13387
13362
13325
13300
13287
13300
13275
13287
13262
13262
13237
13225
13212
13200
13200
13200
13200
13200
13187
13162
13137
13137
13112
13125
13112
13125
13100
13100
13100
13100
13075
13087
13100
13087
13075
13087
13075
13062
13050
13062
13050
13062
13075
13087
13075
13087
13075
13062
13050
13037
13025
13012
13000
12987
12975
12962
12950
12950
12937
12950
12937
12925
12912
12925
12912
12925
12950
12987
13025
13087
13150
13212
13275
13337
13400
13462
13537
13612
13687
13762
13825
13887
13937
14000
14062
14137
14212
14300
14362
14425
14475
14500
14512
14537
14550
14562
14600
14612
14625
14625
14625
14600
14575
14525
14487
14462
14412
14387
14362
14337
14312
14300
14287
14275
14262
14250
14262
14237
14212
14212
14187
14137
14100
14087
14050
14012
13975
13962
13937
13900
13887
13875
13837
13837
13837
13812
13812
13812
13800
13787
13800
13787
13800
13787
13800
13787
13800
13787
13800
13787
13800
13787
13800
13787
13800
13787
13800
13787
13775
13762
13750
13737
13725
13712
13712
13700
13662
13650
13637
13587
13550
13537
13500
13500
13487
13475
13462
13450
13400
13387
13375
13362
13350
13350
13337
13325
13312
13300
13287
13275
13262
13250
13225
13225
13200
13200
13175
13162
13150
13137
13125
13112
13125
13112
13125
13112
13125
13112
13100
13087
13100
13087
13075
13087
13075
13062
13050
13062
13050
13062
13050
13075
13062
13050
13037
13025
13000
12987
13000
12987
13000
12987
13000
12987
13000
12987
13000
13012
13050
13087
13150
13212
13275
13350
13412
13487
13562
13637
13700
13762
13837
13900
13987
14075
14162
14237
14312
14375
14437
14487
14550
14612
14650
14687
14700
14687
14675
14662
14625
14612
14600
14562
14525
14487
14462
14425
14387
14375
14362
14350
14337
14325
14287
14275
14225
14200
14175
14150
14100
14087
14050
14000
13975
13950
13937
13912
13900
13887
13875
13862
13850
13862
13850
13862
13850
13862
13850
13862
13850
13862
13875
13887
13875
13887
13875
13862
13850
13862
13850
13862
13850
13837
13825
13812
13800
13787
13775
13762
13750
13737
13725
13737
13725
13712
13675
13662
13625
13587
13575
13562
13525
13512
13500
13475
13462
13450
13437
13425
13437
13425
13412
13375
13362
13325
13287
13275
13262
13250
13237
13250
13237
13250
13237
13250
13237
13250
13237
13250
13237
13225
13212
13200
13187
13175
13187
13175
13187
13175
13162
13162
13150
13137
13112
13112
13075
13075
13050
13062
13050
13062
13050
13062
13050
13062
13050
13075
13075
13100
13125
13175
13212
13275
13337
13400
13450
13512
13587
13662
13737
13812
13887
13962
14037
14112
14187
14250
14312
14375
14437
14487
14525
14575
14600
14625
14650
14700
14737
14775
14812
14825
14837
14825
14837
14825
14837
14812
14812
14787
14787
14762
14750
14737
14725
14712
14700
14687
14650
14637
14600
14562
14550
14537
14512
14500
14487
14450
14412
14375
14312
14250
14187
14125
14087
14050
14012
14000
13987
13987
13975
13987
13975
13987
13975
13987
13975
13987
13975
13987
13975
13987
13975
13987
13975
13962
13950
13937
13925
13900
13912
13900
13887
13875
13875
13837
13825
13812
13775
13737
13725
13687
13650
13612
13600
13562
13525
13512
13500
13475
13462
13450
13412
13400
13387
13375
13362
13375
13362
13375
13362
13350
13337
13325
13312
13300
13287
13275
13262
13250
13237
13250
13237
13250
13237
13250
13237
13250
13237
13250
13237
13250
13225
13225
13200
13200
13175
13187
13175
13187
13175
13162
13150
13137
13100
13087
13075
13062
13050
13062
13075
13087
13100
13150
13200
13250
13337
13412
13487
13562
13637
13700
13762
13825
13887
13962
14037
14112
14187
14250
14312
14375
14437
14500
14550
14612
14675
14737
14762
14812
14825
14812
14800
14787
14750
14737
14725
14712
14700
14687
14650
14637
14600
14587
14575
14562
14550
14537
14537
14525
14537
14525
14512
14500
14487
14450
14412
14375
14312
14250
14212
14175
14137
14100
14087
14050
14037
14012
14012
14012
14012
13987
14000
13987
13987
13975
13987
13975
13987
13975
13987
13962
13962
13962
13962
13962
13975
13962
13950
13937
13925
13912
13900
13862
13850
13812
13800
13787
13775
13762
13737
13712
13687
13662
13637
13625
13587
13575
13562
13550
13537
13550
13525
13500
13475
13450
13412
13375
13362
13325
13312
13300
13312
13300
13287
13275
13262
13250
13237
13225
13212
13200
13187
13175
13187
13175
13187
13175
13187
13175
13162
13150
13137
13125
13112
13100
13087
13075
13062
13050
13037
13025
13012
12975
12962
12950
12950
12937
12950
12937
12950
12937
12950
12950
12962
12975
13012
13050
13087
13150
13212
13275
13337
13400
13450
13512
13587
13662
13737
13812
13887
13937
14000
14062
14125
14187
14250
14312
14375
14437
14487
14550
14587
14625
14637
14650
14637
14625
14612
14600
14587
14562
14562
14537
14537
14525
14512
14500
14487
14450
14437
14425
14387
14375
14362
14325
14312
14300
14287
14275
14262
14250
14237
14200
14162
14125
14087
14050
14012
14000
13987
13962
13925
13912
13875
13837
13800
13787
13750
13737
13725
13737
13750
13762
13750
13762
13750
13737
13725
13737
13725
13712
13700
13687
13675
13687
13700
13687
13675
13662
13625
13587
13550
13537
13525
13512
13525
13537
13525
13512
13500
13500
13487
13475
13462
13450
13412
13375
13362
13325
13312
13287
13287
13262
13262
13237
13225
13212
13200
13162
13150
13137
13125
13112
13100
13087
13075
13062
13050
13062
13050
13062
13075
13087
13075
13087
13075
13037
13025
13012
13000
12987
13000
12987
13000
12987
12975
12962
12950
12950
12937
12925
12912
12925
12912
12925
12950
12987
13025
13087
13162
13237
13312
13387
13450
13525
13600
13687
13775
13862
13937
14025
14112
14200
14300
14362
14425
14475
14512
14550
14587
14600
14612
14600
14587
14575
14562
14550
14525
14512
14487
14462
14437
14425
14387
14350
14312
14275
14237
14200
14187
14175
14137
14125
14112
14100
14087
14075
14037
14025
13987
13962
13950
13937
13925
13912
13900
13887
13875
13862
13850
13837
13825
13812
13800
13787
13800
13787
13775
13762
13750
13737
13725
13737
13725
13712
13700
13687
13650
13637
13625
13587
13575
13562
13525
13512
13525
13512
13500
13487
13475
13450
13412
13375
13362
13325
13312
13300
13312
13300
13287
13275
13262
13225
13212
13200
13187
13175
13162
13150
13137
13100
13087
13075
13062
13050
13062
13050
13062
13050
13062
13050
13062
13050
13062
13050
13062
13050
13062
13050
13062
13050
13037
13025
13012
12975
12962
12950
12950
12937
12950
12937
12950
12937
12950
12937
12950
12937
12925
12912
12900
12887
12900
12925
12962
13025
13087
13150
13212
13275
13337
13400
13475
13550
13625
13700
13762
13825
13887
13950
14025
14100
14175
14250
14312
14387
14450
14525
14600
14650
14687
14700
14712
14700
14712
14700
14687
14675
14662
14612
14587
14562
14537
14525
14512
14475
14462
14425
14412
14400
14412
14400
14387
14375
14362
14325
14312
14300
14262
14225
14212
14175
14137
14100
14062
14000
13962
13937
13925
13912
13925
13912
13900
13887
13875
13862
13850
13862
13850
13862
13850
13862
13850
13862
13850
13862
13850
13862
13850
13862
13850
13862
13850
13837
13825
13812
13775
13762
13750
13712
13662
13637
13587
13562
13537
13525
13512
13500
13500
13487
13475
13462
13450
13437
13412
13412
13387
13362
13337
13325
13312
13300
13312
13300
13287
13275
13262
13250
13237
13225
13212
13200
13187
13175
13162
13150
13137
13125
13112
13125
13112
13125
13112
13125
13112
13125
13112
13125
13112
13125
13112
13125
13112
13100
13087
13075
13062
13050
13037
13025
13012
12975
12962
12975
12962
12950
12962
12950
12950
12937
12950
12937
12950
12937
12950
12937
12950
12950
12987
13025
13087
13150
13212
13275
13312
13375
13437
13512
13587
13687
13762
13825
13887
13937
14000
14062
14125
14187
14250
14312
14375
14437
14487
14550
14612
14650
14687
14700
14712
14700
14687
14675
14662
14625
14612
14600
14587
14575
14562
14525
14512
14487
14450
14437
14425
14412
14400
14412
14400
14387
14350
14312
14250
14187
14150
14112
14100
14075
14050
14000
13975
13937
13900
13887
13875
13862
13850
13862
13850
13862
13875
13887
13875
13887
13875
13862
13850
13862
13850
13837
13825
13812
13800
13787
13775
13762
13750
13737
13725
13712
13675
13662
13625
13612
13600
13587
13575
13562
13550
13537
13525
13512
13500
13500
13487
13500
13487
13500
13487
13475
13462
13450
13412
13400
13387
13375
13362
13350
13337
13325
13312
13300
13287
13275
13262
13250
13225
13225
13200
13175
13150
13137
13125
13112
13100
13087
13075
13062
13050
13037
13025
13012
12975
12962
12950
12950
12937
12925
12912
12900
12887
12875
12900
12900
12900
12900
12900
12887
12875
12887
12875
12862
12850
12837
12825
12812
12825
12812
12800
12787
12775
12762
12750
12737
12725
12712
12700
12712
12725
12737
12775
12812
12850
12900
12962
13025
13087
13150
13212
13300
13362
13425
13500
13587
13650
13737
13812
13887
13937
14000
14062
14125
14187
14250
14312
14375
14412
14450
14487
14500
14487
14512
14512
14487
14487
14487
14450
14412
14375
14337
14300
14262
14250
14237
14225
14212
14200
14187
14175
14162
14150
14162
14150
14137
14125
14112
14075
14037
14025
13987
13962
13925
13887
13850
13812
13775
13737
13725
13687
13675
13662
13650
13637
13625
13612
13600
13612
13600
13612
13600
13612
13600
13612
13600
13612
13600
13612
13600
13612
13625
13637
13625
13637
13625
13612
13600
13587
13575
13562
13550
13537
13525
13512
13500
13500
13475
13450
13400
13350
13300
13262
13250
13237
13225
13187
13150
13112
13075
13037
13000
12987
12950
12950
12937
12950
12950
12950
12962
12975
12962
12950
12950
12950
12937
12925
12887
12875
12862
12850
12862
12875
12862
12850
12837
12825
12812
12825
12812
12800
12787
12775
12762
12750
12762
12750
12762
12750
12762
12750
12737
12725
12712
12700
12687
12700
12687
12700
12687
12700
12687
12700
12687
12700
12687
12700
12687
12700
12712
12750
12762
12800
12837
12875
12900
12962
13025
13087
13150
13225
13300
13375
13462
13550
13637
13725
13800
13875
13937
14000
14062
14125
14187
14250
14312
14350
14387
14400
14387
14375
14362
14325
14287
14250
14212
14175
14137
14100
14037
14000
13962
13937
13925
13937
13900
13887
13875
13862
13850
13837
13800
13787
13750
13712
13675
13662
13625
13612
13600
13587
13550
13537
13500
13500
13487
13475
13462
13450
13437
13425
13437
13450
13462
13475
13487
13475
13462
13450
13437
13425
13437
13425
13412
13400
13387
13350
13337
13325
13287
13275
13262
13225
13187
13175
13137
13125
13112
13100
13087
13075
13037
13025
13012
13000
13012
13025
13012
13025
13012
13000
12987
12975
12962
12950
12950
12937
12925
12912
12900
12887
12875
12887
12875
12887
12875
12887
12875
12887
12875
12837
12750
12725
12762
12787
12837
12900
12887
12812
12787
12787
12775
12762
12725
12687
12662
12662
12675
12712
12712
12700
12712
12725
12712
12725
12737
12725
12737
12737
12737
12712
12712
12712
12750
12787
12850
12900
12962
13025
13087
13150
13212
13275
13350
13412
13487
13562
13637
13700
13775
13850
13912
13987
14037
14087
14162
14250
14337
14425
14475
14500
14512
14500
14487
14500
14487
14450
14437
14425
14387
14375
14362
14325
14287
14250
14187
14150
14112
14075
14062
14050
14012
13975
13962
13937
13900
13862
13850
13812
13775
13762
13750
13737
13750
13762
13775
13787
13800
13787
13800
13787
13800
13787
13775
13762
13750
13712
13700
13687
13675
13662
13650
13637
13625
13612
13600
13587
13575
13550
13537
13525
13512
13500
13500
13500
13487
13500
13487
13500
13487
13475
13437
13425
13387
13375
13362
13350
13337
13325
13312
13300
13287
13250
13237
13225
13212
13200
13212
13200
13187
13175
13162
13150
13137
13125
13112
13100
13087
13075
13062
13037
13037
13012
13012
12987
12975
12962
12950
12950
12937
12925
12912
12925
12912
12900
12912
12925
12912
12925
12937
12950
12937
12950
12937
12950
12937
12925
12912
12900
12887
12875
12887
12875
12887
12875
12887
12875
12887
12875
12862
12850
12837
12800
12787
12775
12762
12775
12812
12850
12900
12962
13025
13100
13175
13262
13350
13425
13500
13587
13662
13737
13812
13887
13962
14037
14112
14187
14250
14312
14375
14437
14487
14512
14550
14562
14575
14562
14562
14550
14537
14537
14512
14487
14462
14437
14412
14400
14412
14400
14387
14375
14362
14350
14337
14325
14312
14300
14262
14250
14237
14225
14212
14200
14162
14150
14112
14075
14037
14000
13937
13912
13875
13837
13825
13812
13775
13737
13725
13687
13675
13662
13675
13687
13725
13737
13775
13787
13775
13762
13750
13737
13762
13775
13762
13775
13762
13712
13700
13687
13650
13612
13575
13537
13500
13475
13462
13450
13412
13375
13362
13325
13312
13300
13312
13300
13312
13300
13312
13300
13287
13275
13262
13225
13187
13150
13112
13075
13062
13050
13037
13025
13037
13012
13012
13012
13012
12987
12975
12962
12950
12950
12937
12950
12950
12987
13000
13012
13025
13012
13000
12987
12975
12937
12925
12900
12887
12875
12887
12875
12850
12837
12825
12812
12800
12800
12787
12775
12762
12750
12737
12725
12712
12675
12662
12675
12662
12675
12712
12750
12762
12812
12862
12912
12950
13025
13087
13150
13200
13275
13350
13412
13487
13562
13637
13700
13762
13825
13887
13937
14000
14062
14125
14187
14250
14287
14325
14337
14325
14287
14275
14225
14200
14175
14175
14150
14137
14125
14112
14100
14087
14100
14075
14075
14050
14050
14025
14037
14025
14012
14000
13987
13962
13925
13887
13850
13812
13775
13737
13725
13687
13675
13662
13650
13637
13625
13612
13600
13612
13600
13612
13600
13612
13600
13612
13600
13612
13600
13587
13575
13562
13525
13512
13500
13500
13487
13475
13462
13450
13412
13375
13362
13325
13287
13275
13262
13250
13237
13250
13237
13225
13187
13187
13150
13112
13100
13087
13062
13050
13062
13050
13037
13025
13012
13000
12987
13000
13012
13025
13037
13050
13062
13075
13087
13100
13112
13100
13087
13075
13062
13050
13062
13050
13062
13050
13062
13050
13062
13050
13062
13050
13062
13050
13037
13025
13012
13000
12987
12975
12962
12950
12925
12912
12900
12887
12875
12887
12875
12862
12850
12837
12825
12812
12825
12837
12850
12875
12912
12962
13012
13087
13150
13212
13275
13337
13400
13450
13512
13575
13637
13700
13775
13850
13937
14025
14112
14187
14250
14287
14325
14337
14325
14287
14275
14237
14200
14187
14175
14162
14150
14162
14150
14137
14125
14112
14075
14037
14000
13962
13937
13900
13887
13875
13862
13850
13837
13825
13812
13800
13787
13800
13775
13775
13750
13750
13725
13737
13725
13737
13725
13737
13725
13737
13725
13737
13725
13737
13725
13737
13750
13762
13775
13787
13800
13787
13775
13737
13700
13662
13625
13612
13600
13587
13575
13562
13525
13512
13500
13475
13437
13425
13387
13375
13350
13350
13325
13325
13300
13287
13275
13262
13250
13237
13225
13212
13200
13187
13175
13187
13175
13162
13150
13137
13125
13112
13125
13112
13125
13112
13100
13087
13075
13062
13037
13037
13012
12987
12962
12950
12950
12937
12950
12937
12925
12925
12925
12925
12925
12950
12937
12925
12925
12937
12937
12937
12975
12975
12987
12987
13012
13000
12987
12937
12900
12875
12875
12875
12875
12875
12875
12837
12825
12812
12825
12837
12875
12900
12962
13025
13087
13150
13212
13275
13350
13412
13500
13562
13625
13675
13737
13787
13862
13925
14000
14062
14125
14187
14250
14312
14375
14437
14487
14550
14625
14662
14700
14712
14725
14725
14737
14750
14762
14775
14762
14775
14762
14750
14737
14725
14712
14700
14687
14675
14662
14650
14637
14625
14612
14600
14562
14550
14537
14537
14525
14537
14525
14512
14475
14462
14425
14387
14350
14312
14250
14175
14125
14075
14025
13975
13937
13887
13825
13787
13750
13737
13725
13737
13750
13762
13775
13787
13800
13787
13800
13812
13850
13862
13900
13937
13950
13962
13975
13987
13975
13987
13975
13987
13975
13987
13962
13962
13937
13912
13862
13825
13762
13725
13687
13650
13637
13625
13587
13575
13562
13550
13537
13525
13512
13500
13475
13462
13450
13437
13425
13437
13425
13412
13375
13362
13325
13312
13300
13287
13275
13262
13250
13237
13250
13237
13225
13212
13200
13187
13175
13162
13150
13137
13125
13112
13125
13112
13100
13087
13075
13062
13050
13062
13050
13037
13025
13012
13000
12987
13000
12987
13000
12987
13000
12987
13000
12987
13000
12987
12975
12962
12975
12987
13025
13087
13150
13212
13275
13337
13400
13450
13525
13612
13700
13787
13875
13937
14000
14062
14125
14187
14250
14312
14387
14450
14525
14600
14650
14662
14675
14662
14625
14612
14600
14562
14525
14487
14462
14425
14412
14387
14387
14362
14337
14312
14300
14262
14250
14237
14200
14187
14175
14137
14100
14062
14025
13975
13962
13937
13912
13862
13825
13787
13750
13737
13725
13737
13725
13737
13725
13737
13725
13737
13725
13712
13700
13687
13675
13662
13650
13637
13625
13612
13600
13587
13550
13537
13500
13475
13462
13450
13412
13375
13362
13325
13312
13300
13287
13275
13262
13225
13212
13200
13162
13125
13112
13075
13062
13050
13037
13025
13012
13000
12975
12975
12950
12950
12937
12950
12937
12950
12925
12925
12925
12925
12900
12912
12900
12887
12875
12862
12850
12837
12825
12812
12825
12812
12800
12787
12775
12762
12750
12762
12750
12762
12750
12762
12775
12812
12850
12900
12962
13025
13087
13150
13212
13275
13337
13400
13450
13512
13587
13662
13737
13812
13887
13937
14000
14062
14125
14187
14250
14287
14325
14337
14350
14337
14325
14325
14312
14275
14262
14250
14200
14187
14175
14137
14125
14112
14100
14087
14075
14037
14025
13987
13962
13950
13937
13900
13862
13825
13787
13750
13737
13725
13712
13700
13687
13675
13662
13675
13662
13675
13662
13675
13662
13675
13662
13650
13637
13625
13612
13600
13612
13600
13587
13575
13550
13525
13500
13475
13437
13425
13387
13350
13337
13325
13312
13300
13287
13250
13212
13175
13137
13125
13112
13100
13087
13075
13062
13050
13062
13050
13037
13025
13012
12975
12962
12950
12950
12937
12925
12912
12900
12887
12875
12887
12875
12887
12875
12862
12850
12862
12850
12837
12850
12862
12850
12837
12850
12837
12825
12812
12800
12787
12775
12762
12750
12737
12725
12712
12700
12687
12700
12687
12700
12712
12750
12762
12800
12837
12875
12900
12962
13025
13087
13150
13212
13275
13337
13400
13450
13525
13600
13675
13750
13825
13887
13950
14000
14050
14100
14150
14187
14250
14287
14325
14362
14400
14412
14450
14462
14450
14412
14400
14362
14325
14287
14275
14237
14200
14187
14175
14137
14125
14112
14100
14087
14100
14087
14100
14075
14075
14050
14050
14025
14037
14025
14012
13975
13937
13887
13825
13762
13700
13662
13625
13612
13600
13612
13600
13612
13600
13587
13575
13587
13575
13587
13600
13612
13600
13612
13587
13600
13587
13600
13587
13612
13600
13587
13550
13537
13500
13500
13487
13475
13462
13450
13412
13400
13387
13375
13362
13375
13362
13350
13337
13325
13287
13275
13262
13250
13237
13225
13212
13200
13187
13175
13187
13175
13162
13150
13137
13100
13087
13062
13037
13012
13012
12987
13000
12987
12975
12962
12950
12950
12937
12950
12937
12925
12912
12900
12887
12875
12887
12875
12887
12875
12900
12887
12875
12837
12825
12775
12762
12775
12812
12850
12925
13000
13075
13150
13212
13275
13337
13400
13475
13550
13625
13700
13762
13825
13887
13937
14000
14062
14125
14187
14250
14312
14375
14437
14475
14487
14475
14462
14425
14387
14350
14350
14325
14300
14275
14275
14237
14225
14212
14187
14175
14162
14125
14087
14062
13987
13937
13900
13850
13800
13787
13750
13712
13700
13712
13700
13712
13725
13737
13725
13737
13725
13737
13750
13750
13750
13750
13725
13700
13687
13675
13662
13650
13637
13625
13612
13600
13587
13575
13562
13550
13537
13550
13525
13525
13487
13450
13425
13400
13375
13362
13350
13337
13325
13312
13300
13287
13275
13262
13225
13212
13187
13162
13137
13137
13112
13100
13087
13075
13062
13050
13037
13025
13012
13000
12987
13000
12987
12975
12962
12950
12950
12950
12950
12950
12950
12925
12912
12900
12887
12875
12887
12875
12862
12850
12837
12800
12787
12775
12762
12750
12737
12725
12737
12725
12737
12775
12812
12850
12900
12962
13025
13087
13162
13237
13312
13387
13450
13512
13575
13650
13737
13825
13900
13987
14062
14125
14187
14250
14312
14350
14387
14425
14462
14475
14512
14525
14537
14525
14512
14500
14487
14450
14412
14400
14362
14350
14325
14325
14300
14300
14275
14287
14275
14287
14275
14262
14250
14237
14200
14162
14125
14087
14050
14012
13975
13962
13937
13900
13887
13862
13837
13812
13787
13762
13750
13712
13700
13687
13675
13687
13700
13712
13725
13737
13725
13737
13725
13737
13725
13712
13700
13687
13675
13662
13675
13662
13650
13637
13625
13587
13575
13562
13525
13512
13500
13500
13487
13500
13475
13475
13450
13450
13425
13412
13375
13362
13325
13287
13275
13262
13225
13212
13200
13187
13175
13187
13175
13187
13175
13187
13175
13162
13150
13137
13125
13112
13125
13112
13100
13062
13050
13012
13000
12987
13000
12987
12975
12962
12950
12950
12937
12950
12937
12950
12937
12925
12912
12900
12887
12875
12862
12850
12837
12825
12812
12825
12812
12800
12787
12775
12762
12750
12762
12750
12737
12725
12712
12700
12687
12700
12687
12700
12675
12675
12675
12700
12700
12737
12775
12812
12850
12900
12962
13025
13087
13150
13212
13275
13337
13400
13450
13512
13575
13637
13700
13762
13825
13887
13937
14000
14062
14125
14187
14250
14312
14350
14387
14400
14387
14375
14362
14350
14337
14325
14287
14275
14237
14200
14187
14175
14137
14100
14087
14087
14075
14062
14075
14062
14012
14000
13987
13962
13950
13925
13875
13850
13812
13750
13725
13700
13650
13612
13600
13562
13550
13537
13550
13537
13550
13537
13550
13537
13525
13512
13500
13475
13462
13450
13412
13375
13337
13300
13262
13225
13212
13200
13162
13150
13137
13100
13087
13075
13037
13025
13012
12975
12962
12950
12925
12912
12900
12887
12875
12862
12850
12837
12825
12812
12825
12800
12800
12775
12775
12750
12737
12725
12712
12675
12662
12650
12637
12625
12637
12625
12637
12650
12662
12650
12662
12650
12637
12650
12662
12650
12662
12650
12637
12625
12612
12600
12587
12575
12562
12550
12537
12550
12562
12612
12700
12787
12862
12950
13025
13100
13187
13275
13362
13437
13525
13600
13675
13750
13825
13887
13925
13962
13987
14025
14062
14125
14162
14200
14212
14225
14212
14200
14187
14175
14162
14150
14162
14137
14137
14112
14112
14087
14100
14087
14100
14087
14100
14087
14075
14037
14025
13987
13962
13925
13912
13862
13812
13787
13762
13712
13700
13687
13675
13662
13675
13662
13650
13637
13625
13612
13600
13612
13600
13612
13600
13587
13575
13562
13550
13537
13550
13537
13550
13537
13525
13512
13500
13475
13462
13450
13437
13425
13412
13400
13387
13350
13337
13325
13312
13300
13287
13275
13262
13225
13187
13175
13137
13125
13112
13100
13100
13087
13050
13037
13025
13000
12987
13000
12987
13000
12987
13000
12987
13000
12987
13000
12975
12975
12950
12950
12937
12950
12937
12950
12937
12950
12937
12950
12937
12950
12937
12925
12887
12875
12837
12825
12812
12800
12787
12800
12812
12850
12925
13000
13075
13150
13212
13275
13337
13400
13450
13512
13575
13637
13712
13787
13862
13925
14012
14087
14162
14212
14262
14300
14312
14337
14362
14387
14387
14412
14400
14412
14400
14412
14400
14387
14375
14362
14325
14312
14300
14287
14275
14262
14250
14237
14200
14162
14125
14062
14000
13937
13887
13825
13787
13737
13712
13687
13687
13662
13650
13650
13650
13625
13625
13625
13612
13600
13587
13575
13562
13525
13512
13500
13500
13487
13475
13462
13437
13412
13387
13387
13362
13375
13362
13350
13337
13325
13287
13275
13262
13250
13237
13225
13212
13200
13187
13200
13200
13175
13175
13150
13100
13087
13075
13037
13025
13012
12975
12962
12950
12950
12937
12950
12937
12950
12937
12950
12937
12950
12937
12925
12912
12900
12862
12850
12837
12825
12812
12825
12812
12825
12812
12800
12787
12775
12762
12750
12762
12750
12737
12725
12737
12725
12737
12775
12812
12850
12900
12962
13037
13112
13187
13275
13362
13425
13525
13600
13675
13762
13850
13900
13987
14075
14150
14225
14300
14375
14412
14450
14462
14475
14462
14450
14437
14425
14387
14350
14337
14300
14262
14225
14212
14175
14137
14125
14112
14075
14062
14050
14037
14025
14012
13975
13962
13937
13900
13862
13850
13812
13775
13762
13750
13712
13700
13687
13650
13637
13625
13612
13600
13612
13600
13612
13600
13612
13600
13612
13600
13612
13600
13625
13612
13600
13587
13575
13525
13512
13500
13475
13437
13425
13387
13350
13312
13275
13237
13200
13187
13175
13162
13125
13087
13050
13012
13000
12987
12975
12962
12950
12925
12912
12900
12887
12875
12887
12875
12887
12875
12862
12850
12837
12825
12812
12825
12812
12825
12812
12800
12787
12775
12762
12750
12762
12750
12737
12725
12712
12700
12687
12675
12662
12650
12637
12625
12612
12600
12587
12550
12537
12550
12537
12525
12537
12525
12512
12500
12512
12525
12562
12600
12662
12725
12787
12850
12900
12962
13037
13112
13187
13262
13350
13412
13487
13575
13662
13750
13837
13912
13987
14062
14100
14137
14175
14212
14225
14262
14275
14287
14275
14262
14250
14237
14200
14162
14150
14112
14075
14062
14050
14012
13975
13962
13937
13925
13912
13900
13887
13875
13837
13800
13762
13700
13662
13625
13587
13550
13512
13475
13450
13437
13425
13437
13425
13437
13425
13412
13400
13412
13400
13412
13412
13412
13412
13412
13412
13425
13437
13425
13437
13425
13412
13400
13387
13375
13362
13375
13362
13375
13350
13350
13325
13300
13275
13262
13225
13212
13200
13187
13175
13162
13150
13137
13125
13100
13100
13075
13075
13050
13062
13037
13037
13012
13012
12987
13000
12987
13000
12987
12975
12962
12950
12925
12912
12900
12887
12875
12862
12850
12837
12825
12812
12800
12787
12775
12737
12725
12712
12700
12687
12700
12687
12675
12662
12675
12662
12650
12662
12650
12612
12600
12587
12575
12562
12575
12562
12575
12587
12625
12662
12725
12787
12850
12925
13000
13075
13150
13212
13275
13337
13400
13462
13537
13612
13687
13762
13837
13887
13937
14000
14062
14112
14187
14225
14237
14250
14237
14200
14162
14150
14100
14050
14000
13950
13887
13850
13812
13800
13787
13775
13737
13725
13687
13650
13612
13600
13562
13525
13487
13450
13425
13387
13350
13337
13325
13325
13312
13325
13312
13325
13300
13312
13300
13312
13325
13337
13350
13362
13375
13362
13375
13362
13375
13362
13375
13362
13375
13362
13375
13362
13350
13337
13325
13312
13300
13287
13250
13237
13200
13150
13125
13100
13075
13050
13037
13025
13012
13000
12987
13000
12987
12975
12962
12950
12950
12937
12950
12937
12925
12912
12900
12887
12875
12862
12850
12837
12825
12812
12825
12812
12800
12762
12750
12712
12700
12687
12675
12662
12675
12662
12650
12662
12650
12637
12625
12612
12600
12587
12575
12562
12575
12562
12550
12537
12525
12512
12500
12525
12512
12525
12537
12550
12562
12612
12662
12712
12787
12850
12925
13000
13075
13150
13225
13300
13375
13437
13512
13587
13675
13762
13850
13925
13987
14037
14087
14125
14187
14250
14287
14325
14337
14325
14312
14300
14262
14250
14225
14200
14175
14150
14125
14112
14100
14087
14075
14062
14050
14037
14025
14012
14000
13987
13987
13962
13937
13887
13862
13812
13775
13737
13725
13687
13650
13637
13625
13587
13575
13562
13525
13512
13500
13500
13487
13500
13487
13500
13487
13500
13487
13500
13487
13500
13487
13500
13487
13500
13475
13487
13475
13487
13475
13500
13487
13475
13462
13450
13412
13400
13387
13350
13337
13325
13287
13250
13237
13200
13162
13150
13137
13100
13087
13075
13062
13050
13062
13050
13037
13025
13012
12975
12962
12950
12950
12937
12925
12912
12900
12862
12850
12837
12825
12812
12825
12812
12825
12812
12825
12812
12837
12825
12812
12800
12787
12762
12750
12762
12750
12737
12725
12712
12700
12687
12700
12687
12700
12687
12700
12687
12675
12662
12650
12637
12625
12637
12625
12612
12575
12562
12550
12537
12550
12562
12575
12587
12625
12662
12725
12800
12862
12937
13012
13087
13162
13237
13312
13387
13450
13525
13600
13675
13750
13825
13887
13937
14000
14062
14125
14187
14250
14287
14325
14337
14350
14337
14350
14337
14325
14287
14275
14237
14200
14187
14175
14137
14125
14112
14075
14062
14050
14037
14025
14037
14025
14012
14000
13987
13962
13950
13937
13900
13887
13875
13837
13800
13762
13725
13687
13650
13612
13600
13562
13525
13512
13500
13500
13487
13500
13500
13500
13500
13500
13500
13487
13500
13487
13500
13487
13500
13487
13500
13487
13475
13462
13450
13412
13400
13387
13375
13362
13350
13337
13325
13287
13275
13262
13225
13187
13150
13087
13050
13012
12975
12962
12950
12925
12912
12900
12887
12875
12862
12850
12837
12825
12812
12800
12787
12775
12762
12750
12762
12750
12762
12750
12737
12725
12712
12700
12687
12675
12662
12650
12637
12625
12637
12625
12612
12600
12612
12587
12587
12587
12587
12562
12575
12550
12550
12525
12525
12500
12512
12500
12512
12500
12512
12537
12587
12637
12712
12787
12850
12900
12962
13025
13100
13175
13250
13325
13400
13450
13512
13575
13637
13700
13762
13825
13887
13937
14000
14062
14125
14187
14225
14237
14250
14237
14225
14212
14200
14187
14175
14162
14150
14125
14100
14075
14025
13975
13962
13937
13925
13912
13900
13887
13875
13862
13850
13862
13850
13862
13850
13825
13800
13775
13750
13725
13712
13675
13637
13575
13537
13500
13500
13487
13475
13437
13425
13387
13375
13362
13375
13362
13350
13337
13350
13337
13325
13337
13325
13312
13300
13312
13300
13287
13275
13262
13225
13212
13200
13162
13125
13112
13100
13062
13025
13050
13050
13025
13025
13062
13037
13012
12987
12962
12925
12925
12950
12975
13000
13000
12987
12950
12950
12950
12962
12975
12987
12975
12937
12925
12900
12887
12875
12887
12875
12887
12875
12887
12875
12887
12875
12887
12900
12912
12900
12912
12900
12887
12875
12862
12850
12837
12825
12812
12800
12762
12750
12712
12675
12662
12650
12637
12625
12637
12625
12612
12600
12587
12550
12537
12525
12525
12512
12500
12487
12475
12462
12450
12437
12425
12412
12375
12375
12375
12350
12350
12350
12337
12325
12337
12325
12337
12350
12387
12412
12475
12537
12600
12662
12725
12787
12850
12925
13000
13075
13150
13212
13275
13337
13400
13450
13512
13575
13637
13700
13762
13825
13887
13937
14000
14037
14075
14112
14125
14112
14100
14062
14000
13962
13937
13925
13900
13900
13875
13850
13825
13812
13775
13762
13750
13712
13675
13662
13625
13587
13550
13537
13500
13475
13462
13450
13437
13425
13437
13425
13437
13425
13437
13425
13437
13425
13437
13425
13437
13425
13450
13437
13450
13437
13450
13425
13437
13425
13412
13400
13412
13400
13387
13400
13387
13350
13337
13325
13287
13250
13237
13200
13162
13125
13112
13075
13037
13025
13012
12975
12962
12950
12950
12937
12925
12912
12900
12862
12825
12812
12775
12737
12725
12712
12700
12687
12675
12662
12675
12662
12650
12662
12650
12637
12625
12612
12600
12587
12575
12562
12575
12562
12575
12562
12575
12562
12550
12537
12525
12512
12500
12512
12525
12537
12562
12612
12662
12712
12787
12850
12900
12975
13050
13125
13200
13275
13350
13412
13487
13562
13650
13725
13812
13887
13975
14050
14137
14187
14250
14312
14350
14375
14400
14412
14400
14412
14400
14412
14400
14387
14375
14362
14325
14287
14275
14237
14225
14212
14200
14162
14150
14112
14075
14062
14075
14062
14050
14037
14025
14012
13987
13962
13937
13887
13850
13812
13775
13762
13750
13712
13675
13662
13625
13587
13575
13562
13525
13512
13500
13500
13487
13475
13462
13475
13462
13475
13487
13500
13487
13500
13487
13475
13462
13450
13450
13437
13425
13387
13350
13300
13225
13200
13175
13175
13150
13187
13175
13162
13150
13137
13100
13062
13050
13012
12975
12962
12950
12950
12937
12925
12912
12900
12887
12875
12887
12875
12862
12850
12837
12825
12812
12825
12812
12825
12812
12825
12812
12825
12812
12800
12787
12775
12762
12750
12762
12737
12737
12712
12712
12675
12675
12650
12650
12625
12637
12625
12637
12625
12637
12625
12637
12650
12687
12700
12750
12800
12850
12900
12987
13062
13137
13212
13275
13337
13400
13450
13512
13575
13637
13700
13762
13825
13887
13937
14012
14087
14162
14237
14312
14375
14412
14425
14437
14425
14412
14400
14387
14375
14362
14325
14287
14275
14237
14200
14187
14175
14137
14125
14112
14075
14037
14000
13962
13937
13900
13862
13850
13812
13800
13775
13750
13687
13662
13612
13600
13587
13587
13575
13587
13575
13562
13575
13562
13550
13537
13550
13537
13550
13537
13550
13537
13550
13537
13550
13537
13550
13537
13550
13537
13525
13512
13500
13475
13462
13450
13437
13425
13412
13400
13387
13375
13362
13350
13312
13300
13262
13225
13187
13175
13137
13125
13112
13100
13087
13075
13037
13000
12987
12950
12950
12937
12925
12925
12925
12900
12900
12900
12862
12850
12837
12825
12812
12825
12812
12825
12800
12800
12775
12775
12750
12762
12750
12737
12725
12712
12700
12687
12700
12687
12700
12687
12700
12687
12675
12662
12650
12612
12600
12587
12550
12537
12525
12512
12500
12512
12500
12512
12500
12512
12525
12562
12600
12662
12725
12787
12850
12912
12987
13075
13162
13250
13337
13412
13487
13562
13637
13700
13762
13825
13862
13900
13937
13962
14000
14062
14125
14187
14225
14262
14300
14312
14325
14337
14325
14287
14275
14237
14200
14162
14150
14112
14100
14087
14075
14037
13975
13937
13937
13925
13912
13950
13937
13925
13912
13925
13912
13925
13912
13900
13887
13875
13837
13825
13812
13775
13737
13725
13675
13650
13612
13600
13562
13537
13512
13500
13475
13462
13450
13437
13425
13437
13425
13437
13425
13437
13450
13462
13475
13487
13500
13487
13500
13487
13500
13475
13475
13450
13450
13425
13437
13425
13437
13425
13437
13425
13437
13425
13412
13400
13387
13350
13337
13325
13312
13300
13287
13250
13237
13200
13162
13150
13137
13100
13087
13075
13037
13025
13037
13025
13012
13025
13012
13000
12987
12975
12962
12950
12950
12937
12925
12912
12900
12862
12850
12837
12825
12812
12800
12787
12775
12762
12750
12737
12725
12712
12700
12712
12712
12712
12712
12712
12687
12700
12687
12700
12687
12675
12662
12650
12612
12600
12612
12600
12587
12600
12587
12587
12587
12612
12650
12712
12762
12837
12925
13000
13075
13150
13212
13275
13350
13412
13487
13562
13637
13712
13787
13862
13925
14000
14062
14125
14162
14200
14237
14250
14262
14275
14262
14225
14187
14150
14112
14075
14037
14025
13987
13962
13912
13887
13837
13812
13787
13800
13787
13800
13787
13775
13737
13725
13687
13637
13612
13587
13562
13537
13525
13512
13487
13475
13450
13450
13412
13425
13412
13425
13412
13437
13425
13437
13425
13437
13450
13462
13475
13487
13500
13487
13500
13487
13500
13487
13462
13450
13437
13400
13362
13362
13325
13312
13300
13287
13287
13275
13262
13250
13262
13237
13250
13237
13225
13212
13200
13187
13175
13162
13150
13137
13100
13087
13075
13037
13025
13012
12975
12962
12950
12950
12937
12925
12912
12900
12887
12875
12887
12875
12862
12850
12837
12825
12812
12825
12812
12800
12787
12775
12762
12750
12762
12737
12712
12700
12712
12725
12750
12775
12762
12750
12737
12725
12737
12750
12737
12700
12687
12637
12625
12612
12600
12587
12587
12587
12612
12625
12612
12625
12625
12625
12662
12725
12787
12850
12900
12962
13025
13087
13150
13212
13287
13362
13425
13500
13575
13650
13725
13800
13875
13937
14000
14062
14125
14187
14250
14312
14350
14387
14425
14462
14475
14487
14500
14487
14475
14462
14450
14437
14425
14387
14350
14337
14300
14287
14275
14262
14250
14237
14225
14212
14200
14187
14162
14137
14112
14112
14087
14100
14087
14100
14087
14100
14087
14075
14062
14050
14037
14025
14012
13975
13962
13937
13900
13862
13825
13787
13750
13712
13700
13687
13650
13637
13650
13637
13625
13637
13650
13637
13625
13637
13612
13600
13587
13600
13587
13612
13587
13587
13550
13512
13475
13450
13412
13400
13387
13375
13362
13350
13337
13325
13287
13275
13262
13250
13237
13250
13237
13225
13212
13200
13162
13150
13137
13100
13087
13075
13037
13025
13012
12975
12962
12975
12950
12950
12950
12950
12937
12950
12937
12950
12925
12925
12887
12875
12837
12837
12812
12837
12837
12837
12837
12837
12825
12812
12825
12800
12812
12800
12787
12775
12800
12787
12775
12787
12775
12737
12725
12712
12700
12687
12700
12687
12700
12687
12700
12687
12700
12712
12750
12750
12812
12875
12950
13025
13137
13212
13287
13362
13450
13550
13650
13750
13837
13912
13987
14062
14125
14200
14250
14312
14350
14387
14387
14425
14425
14450
14450
14475
14462
14475
14462
14475
14462
14475
14462
14475
14462
14475
14450
14425
14375
14350
14300
14262
14225
14212
14175
14162
14150
14137
14125
14112
14100
14087
14075
14062
14050
14012
14000
13987
13962
13962
13937
13912
13887
13862
13800
13762
13725
13687
13675
13662
13650
13612
13600
13562
13550
13562
13575
13587
13600
13612
13625
13625
13637
13650
13662
13650
13650
13637
13625
13612
13600
13612
13600
13587
13550
13512
13475
13450
13437
13425
13412
13400
13387
13375
13362
13350
13337
13325
13287
13275
13262
13250
13237
13225
13187
13150
13087
13050
13012
12975
12962
12950
12950
12937
12950
12937
12950
12937
12925
12912
12900
12862
12850
12837
12825
12812
12800
12762
12750
12737
12725
12712
12725
12712
12700
12687
12700
12687
12700
12687
12675
12637
12625
12575
12550
12525
12500
12475
12462
12462
12462
12475
12487
12500
12512
12500
12512
12500
12512
12500
12487
12487
12487
12487
12512
12562
12600
12662
12725
12787
12850
12900
12962
13025
13087
13150
13212
13275
13337
13400
13450
13512
13575
13650
13725
13800
13875
13937
13987
14037
14062
14075
14112
14150
14162
14200
14212
14225
14212
14225
14212
14200
14162
14125
14062
14025
13987
13962
13950
13937
13900
13887
13900
13887
13875
13862
13850
13812
13800
13787
13775
13762
13750
13712
13675
13662
13625
13587
13550
13512
13450
13425
13387
13375
13362
13375
13362
13350
13337
13325
13312
13300
13312
13300
13312
13300
13312
13300
13312
13300
13312
13300
13312
13300
13287
13275
13262
13250
13237
13250
13237
13225
13187
13150
13112
13075
13062
13050
13062
13050
13062
13050
13062
13050
13037
13000
12962
12925
12900
12862
12850
12837
12825
12812
12825
12812
12800
12787
12775
12762
12750
12762
12750
12762
12737
12750
12737
12725
12712
12712
12675
12662
12650
12637
12625
12637
12650
12662
