t = 60.000000, p = 619.000000
20012
20037
20037
20037
20037
20037
20025
20037
20075
20112
20175
20225
20287
20350
20412
20475
20537
20600
20662
20712
20775
20837
20875
20912
20950
20987
21000
21037
21050
21075
21075
21100
21100
21125
21112
21125
21112
21125
21112
21125
21112
21125
21112
21137
21137
21137
21137
21137
21125
21112
21100
21087
21075
21037
21000
20962
20900
20862
20825
20787
20750
20712
20687
20650
20612
20600
20587
20550
20537
20525
20512
20500
20512
20500
20512
20500
20512
20500
20512
20500
20512
20500
20512
20500
20487
20450
20412
20375
20337
20325
20312
20325
20312
20325
20312
20325
20312
20300
20287
20262
20250
20225
20200
20175
20162
20125
20112
20100
20087
20075
20087
20075
20062
20050
20062
20050
20037
20050
20037
20000
19987
19975
19962
19950
19937
19925
19912
19900
19887
19875
19862
19850
19837
19825
19812
19800
19787
19787
19775
19787
19775
19787
19762
19750
19737
19725
19700
19687
19675
19662
19650
19662
19650
19637
19587
19587
19562
19562
19562
19575
19562
19550
19537
19525
19512
19500
19487
19475
19462
19475
19462
19475
19462
19475
19462
19475
19462
19475
19462
19450
19437
19450
19437
19425
19437
19450
19437
19450
19462
19475
19462
19475
19487
19500
19512
19550
19587
19625
19675
19737
19800
19862
19925
19987
20050
20125
20187
20262
20337
20387
20425
20462
20475
20487
20487
20500
20487
20500
20487
20512
20500
20512
20500
20487
20475
20462
20450
20437
20425
20412
20400
20387
20375
20387
20375
20387
20350
20350
20325
20325
20300
20300
20262
20225
20175
20112
20050
19987
19925
19862
19825
19812
19800
19812
19825
19837
19825
19837
19825
19837
19825
19812
19800
19787
19750
19737
19725
19725
19712
19700
19662
19650
19612
19600
19587
19575
19562
19575
19562
19575
19587
19600
19587
19575
19562
19550
19537
19525
19512
19500
19487
19450
19437
19450
19437
19450
19462
19475
19462
19475
19462
19450
19437
19425
19425
19412
19425
19412
19400
19375
19362
19350
19337
19350
19337
19350
19337
19350
19337
19350
19337
19350
19337
19350
19337
19350
19337
19350
19325
19325
19300
19300
19275
19287
19275
19287
19275
19287
19275
19287
19275
19287
19300
19337
19375
19437
19475
19512
19550
19587
19625
19675
19737
19800
19862
19925
19987
20050
20112
20175
20225
20262
20300
20337
20375
20412
20450
20487
20500
20512
20500
20512
20500
20512
20500
20487
20475
20462
20450
20437
20450
20437
20450
20437
20450
20437
20450
20437
20450
20437
20450
20437
20450
20437
20450
20425
20425
20425
20425
20400
20387
20375
20337
20287
20262
20237
20200
20175
20162
20125
20087
20075
20037
20025
20012
20025
20012
20025
20037
20050
20037
20050
20062
20037
20037
20037
20037
20012
20025
20012
20025
20012
20025
20012
20025
20012
20025
20012
20025
20012
20000
19987
19975
19937
19925
19912
19900
19887
19900
19887
19875
19862
19875
19862
19850
19862
19850
19837
19825
19837
19825
19812
19800
19812
19800
19787
19800
19812
19787
19787
19787
19787
19762
19775
19762
19775
19762
19775
19762
19775
19762
19775
19762
19775
19762
19750
19737
19725
19725
19712
19725
19712
19725
19712
19725
19712
19725
19712
19725
19712
19725
19712
19725
19712
19725
19712
19725
19712
19700
19687
19675
19662
19650
19662
19650
19662
19650
19662
19650
19662
19650
19662
19675
19700
19712
19750
19762
19787
19812
19862
19912
20000
20075
20150
20212
20287
20350
20412
20475
20537
20600
20662
20700
20737
20762
20775
20787
20825
20837
20850
20887
20900
20912
20925
20937
20950
20962
20975
20987
21012
21000
21012
21000
21012
20987
21000
20987
21000
20987
21000
20987
21000
20987
21000
20987
21000
20987
21000
20975
20975
20950
20950
20925
20912
20900
20875
20850
20825
20800
20750
20737
20712
20675
20637
20625
20587
20550
20512
20500
20462
20450
20437
20425
20412
20400
20387
20375
20387
20375
20387
20375
20387
20375
20362
20350
20337
20325
20312
20325
20312
20325
20312
20325
20312
20300
20287
20300
20287
20275
20287
20275
20250
20237
20225
20187
20175
20162
20125
20112
20100
20087
20075
20087
20075
20087
20075
20087
20075
20087
20050
20062
20050
20062
20050
20062
20050
20037
20025
20012
20025
20012
20000
19987
19975
19937
19925
19912
19900
19887
19900
19887
19900
19887
19900
19887
19875
19875
19875
19875
19875
19900
19887
19900
19887
19900
19887
19875
19862
19850
19837
19825
19837
19825
19837
19825
19837
19825
19837
19825
19837
19825
19812
19812
19812
19812
19812
19812
19800
19787
19775
19762
19775
19762
19775
19762
19775
19762
19775
19762
19775
19762
19775
19787
19825
19862
19925
19987
20050
20112
20175
20237
20287
20350
20412
20475
20525
20600
20662
20712
20775
20837
20900
20962
21000
21037
21050
21075
21075
21100
21100
21125
21112
21125
21137
21150
21162
21175
21187
21175
21187
21175
21187
21175
21162
21150
21125
21100
21075
21050
21000
20987
20950
20912
20875
20837
20775
20712
20662
20625
20587
20575
20562
20550
20512
20500
20462
20450
20437
20425
20412
20400
20387
20375
20362
20350
20337
20275
20250
20225
20187
20162
20162
20125
20112
20100
20087
20075
20087
20062
20062
20037
20037
20012
20025
20012
20000
19987
19975
19937
19900
19887
19850
19812
19812
19800
19787
19775
19787
19762
19775
19762
19750
19737
19725
19725
19712
19700
19687
19675
19637
19625
19612
19575
19562
19550
19537
19525
19512
19500
19512
19500
19487
19500
19487
19475
19462
19475
19462
19475
19462
19475
19462
19475
19462
19475
19462
19450
19437
19425
19412
19400
19387
19375
19362
19350
19337
19350
19337
19350
19337
19350
19337
19325
19312
19300
19287
19275
19287
19300
19337
19350
19387
19425
19462
19500
19575
19625
19675
19737
19800
19850
19925
19987
20062
20137
20200
20250
20300
20337
20350
20362
20400
20412
20425
20437
20450
20437
20450
20437
20450
20437
20450
20437
20425
20412
20400
20387
20375
20387
20375
20387
20375
20387
20375
20362
20325
20287
20250
20225
20187
20150
20137
20087
20037
19987
19937
19887
19850
19812
19800
19787
19775
19762
19775
19762
19775
19762
19750
19737
19725
19725
19712
19725
19712
19700
19687
19675
19662
19650
19637
19625
19612
19600
19587
19575
19562
19550
19537
19525
19537
19525
19512
19500
19487
19475
19462
19475
19462
19475
19462
19475
19462
19475
19462
19475
19462
19475
19462
19475
19462
19475
19462
19475
19462
19475
19462
19450
19437
19425
19412
19425
19425
19425
19425
19425
19400
19412
19400
19412
19400
19412
19400
19412
19400
19412
19400
19412
19400
19387
19375
19387
19375
19387
19400
19412
19400
19412
19425
19462
19500
19562
19625
19675
19737
19800
19862
19925
20000
20075
20150
20212
20287
20350
20412
20475
20537
20575
20612
20650
20662
20675
20687
20700
20687
20700
20687
20700
20687
20700
20712
20725
20737
20750
20762
20750
20762
20762
20762
20762
20762
20762
20750
20762
20750
20762
20750
20737
20725
20712
20700
20687
20675
20637
20600
20537
20475
20437
20400
20362
20325
20287
20250
20225
20212
20200
20212
20200
20212
20200
20212
20200
20212
20200
20212
20200
20212
20200
20212
20200
20212
20200
20212
20200
20187
20175
20187
20175
20162
20175
20162
20150
20137
20125
20112
20100
20062
20050
20037
20025
20012
20025
20012
20000
19987
19975
19962
19950
19937
19925
19912
19900
19887
19875
19862
19850
19837
19825
19837
19825
19837
19825
19837
19825
19837
19850
19862
19850
19862
19850
19837
19825
19812
19800
19787
19750
19737
19725
19725
19712
19725
19712
19725
19712
19725
19712
19700
19700
19700
19700
19700
19700
19687
19675
19662
19650
19637
19625
19612
19600
19587
19575
19562
19550
19537
19525
19537
19525
19537
19525
19537
19525
19537
19525
19537
19525
19537
19525
19537
19550
19587
19600
19650
19675
19700
19737
19800
19850
19925
19987
20050
20112
20175
20225
20287
20350
20412
20475
20537
20600
20662
20712
20775
20837
20875
20887
20900
20912
20900
20912
20950
20962
20975
20987
21000
21012
21025
21037
21050
21062
21050
21062
21050
21037
21025
21012
21000
20987
21000
20975
20975
20950
20925
20875
20837
20775
20712
20662
20600
20537
20500
20462
20425
20412
20400
20387
20375
20362
20350
20337
20325
20312
20325
20312
20325
20312
20325
20312
20325
20312
20300
20287
20275
20250
20237
20225
20212
20200
20212
20200
20212
20200
20187
20150
20137
20100
20062
20050
20037
20025
20012
20025
20012
20025
20012
20025
20012
20025
20012
20037
20025
20037
20025
20012
19987
19975
19937
19925
19937
19925
19937
19950
19937
19937
19925
19887
19875
19850
19812
19787
19787
19762
19775
19762
19775
19762
19775
19762
19775
19762
19775
19762
19775
19762
19775
19787
19787
19787
19787
19762
19737
19750
19737
19725
19737
19725
19700
19687
19675
19662
19650
19662
19637
19637
19612
19612
19612
19625
19637
19650
19662
19650
19662
19675
19700
19737
19800
19862
19925
19987
20050
20125
20200
20287
20375
20462
20537
20600
20662
20712
20775
20812
20850
20887
20900
20912
20950
20962
20975
21012
21025
21037
21087
21112
21112
21137
21137
21125
21112
21125
21112
21125
21112
21125
21112
21125
21112
21100
21087
21075
21037
21025
21012
20975
20962
20950
20900
20850
20800
20725
20662
20600
20537
20500
20462
20450
20437
20450
20437
20450
20437
20450
20437
20425
20387
20375
20325
20275
20225
20200
20162
20150
20137
20125
20112
20100
20062
20050
20037
20025
20012
20025
20012
20000
19987
19975
19937
19925
19912
19900
19887
19875
19862
19850
19837
19825
19812
19800
19787
19750
19737
19725
19725
19712
19725
19712
19700
19687
19675
19637
19625
19612
19600
19587
19575
19562
19550
19537
19525
19537
19525
19537
19525
19512
19500
19487
19475
19462
19475
19462
19475
19462
19450
19437
19425
19412
19400
19387
19375
19362
19350
19337
19350
19337
19325
19312
19325
19312
19300
19312
19300
19287
19275
19287
19275
19287
19275
19287
19275
19262
19250
19237
19212
19200
19212
19200
19212
19237
19275
19287
19325
19362
19400
19437
19500
19562
19625
19675
19737
19812
19887
19962
20037
20112
20175
20225
20287
20350
20387
20425
20437
20450
20462
20475
20462
20475
20462
20450
20437
20450
20437
20450
20437
20412
20387
20362
20312
20250
20225
20187
20137
20087
20050
19987
19912
19862
19837
19812
19812
19825
19837
19825
19837
19825
19812
19800
19787
19775
19762
19750
19737
19725
19725
19712
19725
19712
19700
19662
19662
19637
19612
19612
19612
19575
19562
19550
19537
19525
19537
19512
19512
19487
19487
19462
19475
19462
19475
19462
19450
19437
19425
19412
19400
19412
19400
19412
19400
19387
19375
19362
19350
19337
19350
19337
19350
19337
19350
19337
19350
19337
19350
19337
19350
19337
19350
19337
19350
19337
19325
19312
19300
19287
19275
19287
19275
19287
19275
19287
19275
19287
19275
19262
19250
19262
19237
19237
19262
19262
19262
19275
19287
19300
19337
19375
19412
19462
19512
19562
19612
19700
19775
19850
19925
19987
20050
20112
20175
20225
20287
20350
20412
20462
20512
20550
20587
20600
20612
20650
20662
20675
20687
20700
20687
20700
20687
20700
20687
20700
20687
20700
20687
20675
20662
20637
20625
20612
20625
20600
20612
20587
20550
20487
20462
20412
20387
20375
20362
20362
20350
20312
20275
20262
20225
20187
20175
20162
20150
20137
20150
20137
20150
20137
20125
20112
20125
20112
20100
20112
20100
20087
20075
20062
20050
20037
20000
20000
20000
19975
19975
19975
19962
19975
19975
19950
19950
19925
19900
19887
19875
19837
19825
19787
19775
19762
19775
19762
19775
19762
19750
19737
19725
19700
19687
19675
19637
19625
19612
19600
19587
19600
19587
19600
19587
19600
19587
19600
19587
19575
19562
19550
19537
19525
19537
19525
19537
19525
19512
19500
19487
19475
19462
19475
19462
19475
19462
19475
19462
19475
19462
19475
19462
19450
19437
19425
19412
19400
19412
19400
19412
19400
19387
19375
19362
19350
19337
19350
19337
19325
19312
19300
19287
19275
19287
19275
19287
19300
19337
19350
19400
19450
19500
19550
19625
19675
19737
19800
19862
19925
19987
20050
20112
20175
20225
20287
20350
20412
20475
20500
20525
20550
20575
20600
20637
20675
20687
20700
20687
20700
20687
20700
20687
20700
20687
20700
20687
20700
20687
20675
20662
20650
20612
20600
20587
20575
20550
20525
20500
20462
20400
20350
20300
20225
20175
20112
20050
20012
20000
19987
20000
20012
20025
20012
20000
19987
20000
19987
19975
19987
19975
19962
19975
19975
19975
19975
19950
19925
19912
19900
19887
19875
19862
19850
19837
19825
19837
19825
19812
19812
19812
19787
19787
19787
19750
19737
19750
19737
19725
19737
19725
19700
19687
19675
19662
19650
19637
19625
19612
19600
19587
19600
19587
19600
19587
19600
19587
19575
19562
19550
19537
19525
19537
19525
19512
19500
19487
19475
19462
19450
19437
19425
19412
19400
19412
19400
19387
19375
19362
19350
19337
19350
19337
19350
19337
19325
19312
19300
19262
19250
19237
19237
19225
19237
19225
19212
19200
19187
19175
19162
19175
19162
19175
19162
19175
19162
19175
19162
19137
19125
19112
19100
19087
19112
19100
19087
19075
19062
19050
19062
19100
19137
19175
19212
19250
19275
19300
19350
19400
19437
19500
19562
19625
19675
19737
19800
19862
19925
19987
20050
20112
20175
20225
20287
20350
20412
20450
20487
20525
20537
20550
20562
20575
20562
20550
20537
20550
20537
20550
20587
20600
20612
20625
20612
20600
20587
20550
20512
20475
20437
20387
20337
20275
20237
20187
20137
20087
20050
20012
19975
19937
19925
19912
19875
19862
19850
19812
19800
19787
19750
19737
19725
19725
19712
19700
19662
19625
19587
19550
19537
19525
19512
19500
19487
19475
19462
19450
19437
19425
19412
19400
19387
19375
19362
19350
19337
19325
19312
19300
19287
19275
19287
19275
19287
19275
19287
19275
19262
19250
19225
19212
19212
19212
19187
19200
19187
19175
19162
19175
19162
19175
19162
19175
19162
19175
19162
19175
19162
19175
19162
19175
19162
19150
19137
19125
19112
19100
19112
19100
19112
19100
19087
19075
19062
19050
19037
19025
19025
19025
19000
19000
19000
18987
18962
18975
18962
18950
18937
18937
18925
18912
18925
18912
18925
18912
18925
18912
18925
18900
18900
18875
18875
18875
18887
18900
18937
18950
18962
19012
19062
19112
19175
19250
19312
19375
19437
19500
19562
19625
19675
19737
19800
19862
19925
19962
20000
20037
20075
20087
20125
20137
20150
20162
20175
20187
20200
20212
20200
20212
20200
20212
20200
20212
20200
20212
20225
20237
20250
20262
20275
20262
20250
20237
20225
20187
20175
20162
20150
20137
20125
20087
20050
19987
19925
19887
19850
19812
19775
19737
19675
19650
19637
19625
19637
19650
19662
19650
19662
19650
19637
19625
19612
19600
19587
19575
19562
19550
19537
19525
19512
19500
19487
19475
19462
19475
19462
19475
19462
19450
19437
19425
19412
19425
19437
19425
19450
19450
19425
19425
19425
19387
19375
19362
19350
19337
19350
19337
19350
19337
19325
19312
19300
19300
19287
19300
19287
19300
19275
19287
19275
19287
19275
19287
19300
19312
19325
19362
19375
19362
19375
19362
19350
19337
19350
19337
19350
19337
19325
19312
19300
19287
19275
19287
19275
19262
19250
19237
19237
19237
19250
19262
19300
19312
19325
19362
19400
19437
19500
19562
19625
19675
19737
19800
19862
19925
19987
20050
20112
20175
20225
20287
20350
20412
20450
20487
20525
20537
20562
20587
20587
20587
20587
20575
20562
20575
20562
20575
20562
20575
20562
20575
20562
20575
20562
20575
20562
20550
20512
20500
20462
20425
20387
20337
20262
20187
20125
20050
20012
19975
19937
19900
19887
19850
19837
19825
19837
19825
19837
19825
19837
19825
19812
19800
19787
19775
19762
19750
19737
19725
19725
19712
19700
19687
19675
19662
19650
19662
19650
19637
19625
19612
19600
19587
19575
19562
19537
19512
19487
19462
19437
19425
19412
19400
19412
19400
19387
19375
19362
19350
19337
19350
19337
19325
19312
19300
19287
19262
19262
19237
19237
19225
19212
19175
19162
19125
19112
19100
19112
19100
19112
19100
19112
19100
19112
19100
19112
19100
19112
19100
19087
19075
19062
19050
19037
19025
19012
19000
18987
18975
18987
18975
18987
18975
18987
18975
18987
18975
18987
18975
18987
19000
19012
19025
19062
19100
19137
19187
19250
19325
19400
19487
19550
19625
19675
19737
19787
19875
19925
19987
20050
20125
20175
20237
20287
20337
20375
20387
20425
20462
20475
20487
20525
20537
20550
20587
20600
20612
20650
20662
20650
20662
20650
20637
20625
20637
20625
20637
20612
20612
20587
20587
20587
20587
20587
20587
20562
20512
20512
20475
20437
20400
20362
20287
20225
20200
20162
20125
20112
20087
20062
20037
20037
20012
20025
20012
20025
20012
20025
20012
20025
20012
20025
20012
20025
20012
20025
20012
20000
19962
19950
19912
19875
19862
19850
19812
19800
19787
19750
19737
19725
19700
19687
19675
19662
19650
19662
19650
19662
19650
19662
19650
19662
19650
19662
19650
19662
19650
19662
19650
19637
19625
19612
19600
19587
19575
19562
19550
19512
19500
19512
19500
19487
19500
19487
19475
19462
19475
19462
19475
19462
19450
19437
19450
19437
19425
19437
19412
19387
19387
19387
19362
19375
19362
19350
19337
19350
19337
19350
19337
19350
19325
19325
19300
19300
19275
19262
19250
19237
19237
19225
19212
19200
19187
19175
19162
19175
19162
19175
19150
19150
19150
19150
19150
19162
19150
19137
19150
19137
19125
19137
19125
19112
19100
19112
19100
19112
19125
19137
19150
19187
19212
19250
19312
19375
19437
19500
19562
19625
19675
19737
19800
19862
19925
19987
20050
20112
20150
20200
20237
20287
20337
20387
20425
20462
20500
20512
20550
20587
20600
20612
20625
20637
20650
20662
20650
20662
20650
20612
20600
20587
20575
20562
20575
20562
20575
20562
20575
20562
20550
20537
20525
20487
20450
20412
20375
20337
20300
20262
20225
20162
20112
20062
20012
19987
19975
19962
19950
19962
19950
19937
19925
19912
19900
19887
19900
19887
19875
19862
19850
19837
19812
19812
19787
19787
19762
19750
19737
19725
19725
19712
19725
19712
19725
19712
19700
19687
19675
19637
19600
19587
19550
19512
19500
19487
19475
19462
19487
19475
19487
19475
19487
19487
19500
19512
19525
19512
19500
19487
19475
19462
19450
19437
19425
19387
19350
19337
19300
19287
19275
19287
19275
19287
19275
19287
19275
19287
19275
19262
19250
19237
19237
19225
19237
19212
19225
19212
19225
19212
19237
19225
19212
19200
19187
19150
19137
19125
19112
19100
19112
19100
19087
19075
19087
19075
19087
19100
19112
19125
19162
19187
19250
19312
19375
19437
19500
19562
19625
19675
19737
19800
19862
19925
19962
20012
20062
20112
20162
20225
20287
20350
20387
20425
20462
20475
20487
20500
20512
20500
20512
20525
20537
20550
20562
20575
20562
20575
20562
20575
20562
20575
20562
20550
20537
20525
20487
20475
20462
20425
20412
20400
20362
20325
20287
20225
20200
20162
20125
20087
20075
20037
20025
20012
20025
20012
20025
20012
20025
20012
20025
20012
20025
20012
20025
20000
20000
19975
19975
19950
19962
19950
19937
19925
19912
19900
19887
19900
19887
19875
19862
19850
19837
19825
19812
19800
19787
19775
19762
19750
19750
19750
19725
19725
19725
19700
19687
19700
19687
19675
19687
19675
19662
19650
19637
19625
19612
19600
19587
19575
19562
19550
19512
19475
19462
19425
19412
19400
19387
19375
19362
19350
19337
19350
19337
19350
19337
19350
19337
19350
19337
19350
19337
19350
19337
19350
19337
19325
19312
19300
19287
19275
19287
19275
19287
19275
19287
19275
19287
19275
19287
19275
19287
19275
19287
19275
19287
19275
19287
19275
19262
19250
19237
19237
19225
19237
19225
19237
19237
19275
19312
19375
19437
19500
19562
19625
19687
19762
19837
19912
19987
20050
20112
20175
20225
20287
20350
20412
20475
20512
20550
20562
20575
20587
20600
20612
20625
20637
20625
20637
20650
20662
20675
20687
20700
20687
20700
20687
20700
20712
20725
20712
20725
20712
20675
20662
20650
20637
20625
20612
20575
20537
20475
20412
20350
20312
20275
20250
20212
20200
20162
20125
20087
20075
20037
20025
20012
20000
19987
19975
19962
19950
19962
19950
19962
19950
19962
19950
19962
19950
19937
19925
19912
19900
19887
19875
19862
19850
19812
19800
19787
19775
19762
19750
19737
19725
19700
19687
19675
19662
19637
19637
19612
19587
19562
19550
19537
19525
19537
19525
19537
19525
19537
19525
19537
19525
19537
19525
19537
19525
19512
19500
19487
19450
19412
19412
19387
19362
19337
19337
19300
19287
19275
19287
19275
19287
19275
19287
19300
19312
19300
19287
19275
19237
19212
19200
19187
19175
19162
19175
19162
19175
19162
19175
19162
19175
19162
19175
19187
19200
19187
19200
19187
19150
19137
19125
19112
19100
19087
19087
19112
19137
19175
19250
19312
19375
19437
19500
19562
19625
19675
19737
19812
19887
19975
20062
20150
20212
20287
20350
20412
20450
20487
20525
20537
20550
20562
20575
20587
20600
20612
20625
20637
20625
20637
20625
20637
20625
20612
20600
20587
20575
20562
20550
20537
20525
20512
20500
20487
20450
20412
20350
20287
20225
20175
20112
20050
20012
19975
19962
19950
19937
19925
19912
19900
19887
19875
19862
19850
19837
19825
19837
19825
19837
19825
19812
19800
19787
19775
19762
19750
19737
19725
19725
19712
19700
19687
19675
19637
19625
19612
19600
19587
19575
19562
19550
19512
19500
19487
19475
19462
19450
19437
19425
19412
19400
19412
19400
19412
19400
19387
19375
19362
19350
19337
19325
19312
19300
19287
19275
19287
19262
19262
19237
19237
19225
19212
19200
19187
19175
19162
19175
19150
19150
19125
19100
19075
19062
19025
19012
19000
18987
18975
18987
18975
18987
18975
18987
18975
18987
18962
18962
18937
18937
18912
18900
18887
18875
18862
18837
18837
18812
18812
18787
18800
18775
18775
18775
18775
18750
18762
18750
18737
18725
18737
18725
18737
18725
18737
18725
18712
18700
18687
18662
18650
18637
18625
18637
18662
18700
18762
18825
18887
18950
19025
19075
19125
19175
19237
19300
19387
19475
19550
19625
19662
19700
19725
19762
19775
19812
19850
19887
19900
19937
19950
19962
19950
19962
19975
19987
20000
20012
20025
20012
20000
19987
19975
19962
19950
19962
19950
19937
19925
19912
19900
19887
19900
19887
19875
19837
19825
19787
19750
19737
19712
19675
19650
19625
19600
19587
19575
19537
19500
19462
19450
19437
19425
19437
19425
19412
19400
19387
19375
19362
19350
19337
19325
19312
19300
19287
19262
19262
19237
19237
19225
19237
19225
19212
19200
19187
19175
19162
19175
19162
19175
19162
19175
19162
19150
19137
19125
19112
19100
19112
19100
19112
19100
19112
19100
19112
19100
19087
19075
19062
19050
19037
19050
19037
19050
19037
19050
19037
19050
19037
19050
19037
19025
19012
19000
18987
18975
18987
18975
18987
18975
18987
18975
18962
18950
18937
18925
18912
18925
18912
18925
18912
18925
18912
18925
18912
18925
18912
18925
18912
18925
18912
18925
18912
18925
18912
18900
18887
18875
18862
18837
18850
18837
18850
18837
18837
18825
18837
18850
18887
18950
19012
19075
19137
19187
19250
19325
19400
19475
19550
19625
19675
19737
19800
19862
19900
19937
19975
20012
20050
20087
20125
20162
20175
20187
20200
20212
20200
20212
20200
20212
20225
20237
20225
20237
20250
20237
20250
20262
20275
20262
20275
20262
20275
20262
20275
20262
20275
20262
20250
20237
20225
20212
20200
20212
20200
20187
20175
20162
20125
20087
20050
19987
19925
19862
19800
19775
19737
19700
19687
19675
19637
19625
19612
19600
19587
19600
19587
19600
19587
19600
19587
19600
19587
19575
19562
19550
19537
19525
19512
19500
19487
19475
19462
19450
19437
19425
19387
19375
19362
19325
19312
19325
19300
19300
19300
19300
19275
19287
19275
19262
19250
19237
19237
19225
19200
19187
19175
19162
19150
19175
19162
19175
19162
19175
19162
19175
19162
19150
19112
19100
19062
19050
19037
19025
19012
19000
18987
18975
18987
18975
18987
18975
18987
18975
18987
18975
18962
18950
18937
18925
18912
18900
18887
18875
18862
18850
18862
18850
18862
18850
18862
18850
18862
18850
18862
18850
18862
18850
18862
18850
18862
18875
18887
18900
18937
18975
19012
19075
19137
19212
19287
19362
19437
19500
19562
19625
19675
19737
19800
19862
19925
19987
20025
20062
20100
20137
20175
20212
20250
20275
20287
20300
20312
20325
20312
20325
20312
20325
20337
20350
20362
20375
20387
20375
20387
20375
20387
20400
20412
20400
20412
20400
20387
20375
20362
20325
20312
20275
20250
20212
20175
20112
20050
20012
19975
19937
19925
19912
19900
19887
19900
19887
19900
19887
19900
19887
19900
19887
19875
19862
19850
19837
19825
19837
19825
19837
19825
19837
19825
19837
19825
19837
19825
19812
19800
19787
19750
19737
19725
19725
19712
19725
19700
19700
19675
19675
19650
19637
19625
19612
19600
19587
19575
19562
19550
19537
19525
19537
19525
19537
19525
19537
19525
19512
19475
19462
19425
19412
19400
19412
19400
19412
19400
19387
19375
19362
19350
19337
19350
19337
19350
19337
19350
19337
19350
19337
19350
19337
19350
19337
19325
19312
19300
19262
19250
19237
19237
19225
19212
19200
19187
19175
19162
19187
19187
19187
19187
19187
19175
19162
19150
19137
19150
19137
19125
19137
19125
19112
19100
19112
19100
19112
19100
19112
19100
19112
19100
19112
19100
19112
19100
19112
19100
19087
19075
19062
19050
19037
19050
19037
19050
19037
19050
19062
19100
19137
19200
19250
19312
19412
19475
19525
19600
19662
19675
19737
19800
19862
19925
19987
20050
20087
20137
20187
20212
20237
20275
20287
20300
20312
20325
20312
20325
20337
20350
20362
20375
20387
20375
20387
20375
20387
20375
20387
20375
20387
20375
20387
20375
20362
20350
20337
20337
20337
20337
20337
20337
20300
20287
20275
20250
20237
20225
20212
20200
20187
20150
20112
20075
20037
20000
19962
19950
19912
19875
19862
19850
19812
19775
19762
19725
19725
19687
19687
19687
19687
19662
19687
19675
19662
19650
19662
19650
19662
19650
19662
19650
19662
19650
19662
19650
19637
19625
19637
19625
19612
19625
19612
19575
19562
19550
19537
19525
19537
19512
19487
19437
19412
19362
19325
19312
19300
19287
19275
19262
19250
19237
19237
19225
19237
19225
19212
19200
19187
19175
19162
19150
19137
19125
19112
19100
19087
19075
19062
19050
19037
19050
19037
19050
19037
19025
19012
19000
18987
18975
18962
18950
18937
18900
18887
18875
18862
18850
18862
18850
18837
18825
18812
18800
18787
18800
18787
18775
18775
18775
18775
18775
18800
18787
18800
18787
18775
18762
18750
18737
18725
18712
18700
18687
18687
18675
18687
18675
18687
18675
18687
18675
18687
18675
18687
18675
18687
18662
18662
18637
18637
18612
18625
18612
18600
18587
18575
18562
18575
18612
18625
18662
18687
18725
18762
18825
18887
18925
18975
19025
19075
19125
19212
19287
19362
19437
19500
19562
19625
19675
19712
19750
19787
19800
19812
19825
19837
19825
19837
19825
19837
19825
19837
19850
19862
19875
19875
19887
19875
19887
19875
19875
19862
19850
19837
19825
19837
19825
19837
19825
19812
19800
19787
19775
19762
19750
19712
19700
19675
19637
19625
19612
19575
19537
19500
19437
19400
19350
19325
19325
19325
19325
19337
19350
19337
19325
19312
19300
19262
19250
19237
19237
19225
19237
19225
19212
19200
19187
19175
19162
19175
19162
19175
19162
19175
19162
19150
19137
19125
19112
19100
19125
19112
19100
19087
19075
19050
19037
19050
19037
19050
19037
19050
19062
19075
19087
19100
19087
19075
19062
19050
19037
19050
19037
19025
19012
19000
18987
18975
18987
18975
18987
18975
18987
18975
18987
18975
18987
18975
18987
18975
18987
18975
18987
18975
18987
18975
18987
18975
18962
18950
18962
18950
18937
18950
18937
18925
18912
18925
18912
18900
18887
18875
18862
18850
18862
18850
18862
18850
18862
18850
18862
18850
18862
18850
18862
18850
18862
18850
18862
18850
18862
18850
18862
18875
18887
18900
18937
18975
18987
19025
19062
19100
19137
19187
19250
19325
19375
19425
19487
19550
19600
19662
19737
19800
19862
19925
19962
20000
20037
20075
20087
20125
20162
20175
20187
20200
20212
20225
20237
20250
20262
20275
20262
20275
20262
20275
20262
20275
20262
20275
20262
20275
20262
20250
20237
20225
20212
20187
20162
20112
20087
20037
20000
19962
19950
19912
19875
19837
19825
19787
19775
19762
19775
19762
19775
19762
19775
19762
19775
19762
19775
19762
19775
19762
19750
19737
19725
19700
19687
19675
19637
19625
19612
19600
19587
19575
19562
19550
19537
19525
19537
19525
19512
19500
19487
19475
19462
19475
19462
19450
19437
19425
19412
19400
19412
19400
19387
19375
19362
19350
19337
19350
19337
19350
19337
19350
19337
19350
19337
19325
19312
19300
19262
19250
19237
19237
19225
19212
19200
19187
19175
19162
19175
19162
19150
19137
19125
19087
19087
19087
19062
19062
19062
19025
19012
19000
18962
18950
18937
18925
18912
18925
18912
18925
18912
18925
18937
18950
18937
18950
18937
18925
18912
18925
18912
18900
18887
18900
18912
18950
19012
19075
19137
19187
19250
19312
19375
19437
19500
19562
19625
19675
19737
19800
19862
19925
19987
20025
20062
20100
20137
20175
20212
20250
20262
20275
20262
20275
20275
20287
20300
20312
20325
20312
20325
20337
20350
20362
20350
20362
20375
20387
20400
20437
20450
20437
20425
20412
20400
20362
20350
20337
20300
20287
20275
20250
20212
20175
20112
20050
19987
19950
19900
19875
19875
19875
19875
19887
19900
19887
19900
19875
19875
19850
19850
19825
19837
19825
19812
19800
19787
19775
19762
19775
19762
19775
19762
19775
19762
19750
19737
19725
19725
19712
19700
19687
19675
19662
19650
19637
19625
19612
19600
19587
19600
19587
19575
19562
19550
19512
19475
19462
19425
19412
19400
19412
19400
19387
19375
19362
19325
19312
19300
19287
19275
19287
19275
19262
19250
19237
19237
19225
19237
19225
19237
19225
19212
19200
19187
19175
19162
19150
19137
19125
19087
19075
19062
19050
19062
19062
19062
19087
19087
19062
19075
19062
19050
19037
19025
19012
19000
18987
18975
18987
18975
18987
18975
18987
18975
18987
19000
19012
19025
19037
19025
19012
19000
18987
18975
18987
18975
18987
19000
19037
19050
19087
19125
19162
19187
19250
19312
19375
19437
19500
19562
19625
19675
19750
19825
19900
19975
20050
20087
20125
20162
20175
20187
20200
20212
20225
20237
20250
20262
20275
20275
20250
20250
20275
20275
20275
20337
20350
20325
20337
20350
20337
20350
20375
20387
20375
20387
20375
20387
20375
20387
20375
20387
20400
20400
20412
20425
20437
20425
20425
20412
20400
20362
20325
20287
20225
20175
20112
20050
20012
19975
19962
19950
19937
19925
19912
19900
19887
19875
19862
19850
19812
19800
19787
19750
19737
19725
19700
19687
19675
19662
19650
19637
19625
19600
19575
19550
19550
19525
19512
19500
19487
19450
19412
19400
19362
19325
19312
19300
19287
19275
19262
19250
19237
19237
19225
19237
19225
19212
19175
19162
19125
19112
19100
19087
19075
19062
19050
19037
19050
19037
19050
19037
19025
19012
19000
18987
18975
18962
18950
18937
18925
18912
18900
18887
18875
18862
18850
18837
18825
18812
18800
18787
18775
18762
18750
18737
18725
18712
18700
18687
18687
18675
18662
18650
18637
18625
18600
18600
18575
18575
18550
18562
18550
18562
18550
18562
18550
18562
18550
18562
18550
18537
18525
18512
18500
18487
18500
18487
18475
18462
18450
18437
18425
18412
18400
18387
18375
18362
18375
18387
18400
18412
18450
18487
18525
18562
18600
18637
18662
18700
18775
18850
18925
19000
19075
19137
19187
19250
19312
19375
19437
19500
19537
19575
19612
19650
19662
19700
19712
19725
19712
19725
19712
19725
19712
19725
19712
19725
19725
19737
19725
19737
19725
19725
19712
19725
19725
19737
19725
19737
19712
19712
19700
19687
19650
19625
19587
19537
19512
19487
19462
19437
19412
19362
19337
19312
19262
19250
19237
19237
19225
19237
19225
19237
19225
19237
19225
19237
19225
19237
19225
19212
19200
19187
19175
19162
19175
19162
19175
19162
19175
19162
19175
19150
19150
19125
19100
19075
19087
19075
19062
19075
19062
19025
19012
19000
18987
18975
18987
18975
18987
18975
18962
18950
18937
18937
18937
18937
18937
18937
18925
18912
18925
18912
18925
18912
18925
18912
18900
18887
18900
18887
18875
18887
18875
18862
18850
18862
18850
18837
18825
18812
18800
18787
18800
18787
18800
18787
18800
18787
18800
18787
18800
18787
18800
18787
18800
18787
18800
18787
18800
18787
18775
18762
18750
18737
18750
18762
18775
18812
18825
18850
18900
18950
19000
19075
19137
19187
19250
19312
19387
19462
19537
19612
19700
19775
19850
19900
19937
19975
20012
20025
20062
20075
20087
20075
20087
20075
20087
20075
20087
20075
20087
20075
20087
20075
20087
20075
20087
20075
20087
20075
20087
20075
20087
20075
20087
20075
20087
20075
20087
20075
20062
20050
20062
20050
20037
20025
19987
19925
19887
19850
19812
19775
19737
19675
19625
19587
19550
19537
19525
19537
19525
19537
19525
19537
19525
19537
19525
19537
19525
19537
19525
19537
19525
19512
19500
19487
19450
19437
19425
19412
19400
19387
19375
19387
19375
19362
19350
19337
19300
19287
19275
19262
19250
19237
19237
19225
19237
19225
19212
19200
19187
19175
19162
19175
19162
19175
19162
19175
19162
19150
19137
19125
19087
19075
19062
19050
19037
19025
19012
19000
18987
18975
18987
18975
18987
18975
18987
18975
18962
18950
18962
18950
18937
18950
18937
18925
18912
18925
18912
18925
18912
18925
18912
18925
18912
18925
18912
18925
18912
18925
18912
18900
18887
18875
18862
18850
18862
18875
18887
18875
18887
18875
18862
18850
18862
18850
18862
18850
18862
18850
18862
18850
18862
18875
18912
18950
19012
19075
19137
19187
19250
19312
19375
19437
19500
19537
19587
19637
19675
19725
19775
19812
19850
19887
19925
19987
20025
20062
20075
20087
20100
20100
20112
20125
20137
20125
20150
20137
20150
20137
20150
20162
20175
20187
20200
20212
20200
20212
20200
20212
20200
20187
20150
20137
20100
20062
20050
20025
20000
19975
19950
19900
19862
19800
19762
19725
19725
19712
19700
19687
19675
19662
19650
19637
19625
19612
19600
19587
19600
19587
19600
19575
19587
19575
19587
19575
19575
19562
19550
19537
19525
19550
19537
19550
19537
19525
19500
19487
19475
19450
19450
19425
19425
19400
19412
19400
19387
19375
19362
19350
19337
19325
19312
19300
19287
19275
19262
19262
19262
19237
19237
19237
19237
19225
19212
19200
19187
19175
19162
19150
19137
19112
19100
19075
19075
19050
19075
19062
19087
19075
19087
19062
19062
19037
19050
19037
19050
19037
19025
19012
19000
18987
18975
18962
18900
18887
18850
18837
18825
18862
18850
18862
18850
18862
18850
18837
18825
18837
18825
18812
18825
18812
18800
18787
18800
18787
18800
18812
18812
18812
18812
18812
18787
18775
18762
18775
18762
18775
18787
18800
18812
18825
18837
18875
18912
18950
19012
19075
19112
19150
19187
19212
19250
19312
19375
19437
19500
19562
19625
19675
19737
19800
19862
19925
19962
20000
20012
20025
20012
20025
20012
20025
20012
20025
20012
20025
20012
20025
20012
20025
20012
20025
20012
20025
20012
20025
20012
20000
19987
19975
19937
19900
19887
19850
19812
19775
19737
19675
19625
19562
19500
19437
19400
19362
19325
19312
19300
19287
19275
19287
19275
19287
19275
19287
19275
19287
19275
19287
19262
19262
19237
19237
19225
19237
19225
19212
19200
19187
19150
19112
19100
19062
19025
19012
19000
18987
18975
18962
18950
18937
18900
18887
18875
18862
18850
18862
18850
18837
18800
18787
18750
18737
18725
18737
18725
18737
18725
18737
18725
18737
18725
18737
18725
18712
18675
18662
18637
18600
18587
18575
18562
18550
18562
18550
18562
18550
18562
18550
18537
18537
18537
18537
18537
18562
18537
18537
18537
18537
18512
18500
18487
18475
18462
18450
18462
18475
18462
18450
18437
18425
18387
18375
18362
18375
18362
18375
18362
18350
18337
18325
18312
18300
18287
18275
18262
18250
18225
18225
18225
18225
18200
18212
18200
18200
18200
18212
18225
18262
18300
18312
18362
18412
18462
18512
18587
18662
18750
18837
18925
19000
19075
19137
19212
19287
19337
19400
19425
19450
19450
19475
19462
19450
19437
19450
19437
19462
19475
19462
19450
19462
19437
19450
19462
19475
19462
19475
19462
19475
19462
19450
19437
19425
19412
19400
19387
19375
19362
19325
19287
19250
19212
19187
19150
19112
19100
19062
19050
19037
19025
19012
19000
18987
18975
18987
18975
18987
18975
18987
18975
18987
18975
18962
18925
18925
18900
18875
18875
18875
18862
18850
18837
18825
18812
18800
18787
18800
18787
18800
18787
18800
18787
18800
18787
18800
18787
18800
18787
18800
18787
18775
18762
18750
18737
18725
18737
18725
18737
18725
18737
18725
18737
18725
18737
18725
18737
18725
18737
18725
18737
18725
18737
18725
18737
18725
18737
18725
18737
18725
18737
18725
18712
18700
18687
18687
18675
18687
18675
18687
18687
18700
18687
18712
18712
18687
18662
18662
18637
18625
18612
18600
18587
18575
18562
18550
18562
18550
18562
18550
18562
18575
18587
18600
18637
18650
18662
18687
18725
18762
18825
18887
18950
19012
19075
19137
19212
19287
19362
19412
19462
19512
19562
19612
19675
19737
19800
19837
19875
19912
19950
19987
20025
20037
20050
20037
20025
20012
20025
20000
20000
20000
20000
20000
20012
20025
20012
20025
20012
20025
20012
20025
20012
20000
19987
19975
19962
19950
19937
19925
19912
19875
19862
19850
19812
19800
19787
19750
19712
19675
19625
19587
19550
19537
19525
19537
19525
19537
19550
19550
19550
19550
19550
19525
19512
19500
19487
19450
19437
19450
19437
19425
19437
19425
19412
19400
19412
19400
19412
19400
19387
19375
19362
19325
19312
19300
19287
19275
19262
19250
19237
19237
19212
19212
19187
19200
19175
19187
19175
19187
19162
19175
19162
19175
19187
19200
19187
19200
19187
19175
19162
19175
19162
19175
19162
19137
19112
19087
19062
19037
19050
19037
19050
19037
19025
19012
19000
18987
18975
18987
18975
18987
18975
18987
18975
18987
18975
18962
18950
18937
18925
18912
18925
18912
18925
18900
18900
18875
18875
18850
18862
18850
18862
18850
18862
18850
18837
18825
18812
18775
18762
18750
18737
18725
18737
18750
18762
18775
18812
18825
18837
18875
18912
18950
19012
19075
19137
19187
19250
19325
19412
19500
19587
19662
19737
19800
19862
19900
19937
19975
19987
20012
20062
20112
20137
20187
20200
20212
20200
20212
20225
20237
20225
20237
20250
20237
20250
20262
20275
20262
20275
20262
20275
20262
20275
20262
20275
20262
20275
20262
20250
20237
20225
20187
20175
20162
20125
20087
20050
19987
19925
19887
19850
19812
19800
19787
19775
19762
19775
19762
19775
19762
19775
19762
19750
19750
19750
19725
19725
19725
19725
19712
19725
19712
19700
19687
19675
19662
19650
19662
19650
19637
19600
19587
19550
19537
19525
19537
19525
19537
19525
19512
19500
19487
19450
19412
19412
19387
19362
19362
19362
19350
19337
19350
19337
19350
19337
19350
19337
19350
19337
19325
19312
19300
19287
19275
19262
19250
19237
19237
19225
19237
19225
19237
19225
19237
19225
19212
19200
19187
19175
19162
19175
19162
19175
19162
19150
19137
19150
19137
19125
19137
19125
19112
19100
19087
19075
19062
19050
19037
19050
19037
19050
19037
19050
19037
19050
19037
19050
19037
19050
19037
19050
19037
19050
19037
19050
19037
19025
19012
19000
18987
18975
18987
18975
18987
18975
18962
18950
18937
18925
18912
18925
18937
18975
19012
19075
19137
19187
19237
19287
19337
19375
19437
19500
19562
19625
19675
19737
19800
19862
19925
19962
20012
20037
20075
20087
20125
20125
20150
20162
20175
20187
20200
20212
20200
20212
20200
20187
20175
20162
20150
20137
20150
20162
20175
20162
20175
20162
20150
20137
20150
20137
20150
20137
20150
20137
20125
20112
20100
20087
20075
20062
20025
19987
19950
19912
19875
19837
19800
19737
19675
19625
19587
19550
19512
19512
19512
19487
19487
19487
19475
19462
19475
19462
19475
19462
19475
19462
19450
19437
19425
19412
19400
19387
19375
19362
19325
19312
19300
19262
19250
19237
19212
19200
19187
19175
19150
19150
19125
19125
19100
19087
19075
19062
19025
19012
19000
18987
18975
18962
18950
18962
18950
18937
18950
18937
18900
18887
18875
18837
18800
18812
18775
18762
18750
18762
18725
18712
18700
18687
18687
18675
18662
18650
18637
18625
18612
18600
18587
18575
18562
18550
18562
18550
18562
18550
18562
18550
18562
18550
18537
18525
18512
18475
18437
18425
18387
18375
18362
18375
18362
18375
18362
18350
18337
18350
18337
18362
18387
18425
18462
18525
18575
18637
18700
18762
18825
18887
18950
19012
19075
19137
19187
19250
19312
19375
19437
19475
19512
19550
19562
19575
19587
19600
19587
19600
19587
19600
19587
19600
19587
19575
19562
19550
19537
19525
19550
19550
19575
19575
19600
19587
19600
19587
19575
19562
19550
19537
19525
19512
19462
19437
19375
19350
19312
19312
19287
19275
19225
19212
19187
19150
19137
19150
19137
19125
19137
19125
19112
19100
19112
19100
19112
19100
19112
19100
19112
19100
19087
19075
19062
19050
19037
19050
19037
19050
19037
19050
19037
19025
19012
19000
18987
18975
18962
18950
18937
18900
18887
18862
18837
18837
18837
18837
18850
18862
18850
18837
18825
18812
18800
18787
18800
18787
18800
18787
18800
18787
18800
18787
18762
18750
18762
18750
18762
18787
18800
18787
18800
18787
18775
18762
18750
18737
18712
18725
18712
18725
18712
18737
18725
18737
18725
18712
18700
18687
18687
18675
18687
18675
18687
18675
18687
18675
18662
18650
18637
18600
18587
18575
18562
18550
18562
18550
18562
18575
18587
18600
18637
18662
18712
18787
18862
18937
19012
19075
19137
19187
19250
19312
19375
19437
19475
19512
19550
19600
19637
19712
19787
19837
19875
19887
19900
19887
19900
19912
19925
19937
19950
19962
19950
19962
19975
19987
20000
20012
20025
20012
20000
19987
20000
19987
20000
20012
20025
20012
20000
19987
19975
19962
19950
19937
19900
19862
19800
19762
19725
19700
19687
19662
19637
19612
19612
19562
19562
19537
19537
19500
19525
19512
19525
19512
19537
19525
19537
19525
19512
19500
19487
19450
19437
19425
19412
19400
19387
19375
19362
19350
19337
19350
19337
19350
19362
19362
19362
19362
19362
19337
19350
19337
19325
19312
19300
19262
19250
19237
19237
19225
19212
19200
19187
19175
19162
19150
19137
19125
19087
19075
19062
19025
19012
19000
18987
18975
18962
18950
18937
18925
18912
18900
18887
18875
18862
18850
18862
18850
18862
18850
18837
18825
18812
18800
18787
18800
18787
18775
18762
18750
18712
18700
18687
18687
18675
18687
18675
18687
18675
18662
18650
18637
18625
18637
18662
18700
18762
18825
18887
18962
19037
19112
19200
19287
19362
19450
19500
19562
19600
19637
19662
19700
19737
19775
19812
19850
19862
19875
19887
19900
19887
19900
19912
19925
19937
19950
19962
19975
19987
20000
20037
20050
20062
20075
20087
20075
20062
20050
20037
20000
19987
19975
19962
19950
19962
19950
19937
19925
19912
19875
19837
19800
19737
19675
19650
19600
19550
19525
19487
19450
19425
19400
19375
19362
19325
19312
19300
19262
19250
19237
19212
19200
19187
19150
19112
19100
19062
19025
18987
18975
18937
18900
18862
18825
18787
18750
18712
18700
18687
18662
18650
18637
18625
18612
18600
18562
18550
18500
18475
18450
18425
18375
18362
18325
18287
18275
18262
18250
18237
18225
18187
18175
18150
18137
18125
18112
18100
18087
18075
18062
18050
18037
18025
18012
18000
17987
17975
17987
17975
17987
18000
17987
17975
17962
17925
17912
17900
17862
17850
17837
17825
17812
17825
17812
17800
17787
17800
17787
17775
17787
17775
17762
17750
17762
17750
17762
17750
17737
17725
17737
17725
17712
17700
17687
17650
17650
17637
17650
17637
17650
17650
17687
17725
17787
17850
17912
17975
18037
18100
18150
18212
18275
18350
18425
18500
18575
18637
18712
18787
18862
18937
19012
19075
19112
19150
19162
19175
19187
19200
19212
19225
19237
19237
19237
19237
19237
19237
19225
19237
19237
19250
19262
19300
19312
19325
19337
19350
19337
19350
19362
19362
19362
19362
19362
19337
19325
19287
19275
19225
19212
19187
19162
19112
19100
19062
19025
19012
19000
18962
18950
18937
18925
18912
18925
18912
18925
18912
18925
18912
18900
18887
18875
18862
18850
18862
18850
18837
18825
18812
18800
18787
18800
18787
18800
18787
18800
18787
18800
18787
18800
18787
18800
18787
18800
18787
18775
18762
18750
18737
18725
18737
18725
18737
18725
18737
18725
18737
18725
18737
18725
18737
18725
18750
18737
18750
18737
18725
18700
18712
18700
18687
18700
18687
18687
18675
18687
18687
18700
18687
18700
18687
18687
18687
18700
18687
18675
18662
18637
18625
18612
18600
18587
18575
18562
18550
18562
18550
18537
18525
18512
18500
18487
18500
18487
18500
18487
18500
18487
18500
18512
18550
18587
18637
18700
18762
18825
18887
18950
19012
19075
19137
19187
19250
19325
19375
19437
19475
19512
19537
19587
19625
19662
19700
19712
19725
19725
19750
19750
19775
19787
19800
19812
19825
19837
19825
19837
19825
19837
19825
19837
19825
19837
19825
19837
19825
19837
19850
19862
19850
19862
19850
19837
19825
19812
19775
19737
19700
19662
19600
19562
19550
19500
19487
19487
19487
19462
19450
19437
19425
19412
19400
19412
19400
19412
19400
19412
19400
19387
19375
19362
19325
19287
19250
19212
19187
19175
19162
19175
19162
19175
19162
19175
19162
19150
19150
19150
19162
19162
19187
19175
19187
19162
19175
19162
19175
19162
19175
19187
19200
19187
19200
19187
19187
19187
19212
19212
19237
19225
19237
19225
19237
19212
19212
19187
19187
19162
19175
19162
19175
19162
19175
19162
19175
19162
19175
19162
19175
19162
19175
19162
19150
19112
19100
19062
19050
19037
19050
19037
19050
19062
19100
19137
19187
19250
19312
19375
19437
19500
19562
19625
19687
19762
19837
19925
20012
20087
20162
20225
20287
20350
20412
20425
20462
20475
20487
20475
20512
20525
20537
20550
20562
20575
20562
20575
20562
20575
20587
20600
20612
20625
20637
20625
20637
20625
20637
20625
20612
20575
20562
20525
20487
20450
20412
20375
20337
20300
20287
20262
20250
20225
20200
20150
20137
20100
20062
20050
20037
20025
20000
20000
19962
19962
19937
19950
19937
19937
19925
19912
19900
19887
19900
19887
19900
19887
19900
19887
19900
19887
19875
19862
19850
19837
19825
19837
19825
19812
19800
19787
19750
19737
19725
19700
19687
19675
19662
19650
19637
19625
19612
19600
19587
19600
19587
19600
19587
19575
19562
19550
19537
19525
19537
19525
19512
19500
19487
19475
19462
19450
19450
19450
19425
19425
19425
19412
19400
19412
19400
19387
19350
19337
19325
19312
19300
19312
19300
19287
19275
19262
19250
19237
19212
19200
19187
19175
19162
19175
19162
19175
19162
19150
19137
19125
19112
19087
19087
19062
19037
19012
19025
19037
19075
19137
19187
19250
19312
19375
19437
19500
19562
19625
19675
19737
19775
19812
19850
19862
19875
19912
19925
19937
19975
19987
19975
19987
19975
19937
19925
19912
19875
19862
19850
19812
19800
19812
19800
19787
19775
19762
19725
19700
19687
19675
19625
19600
19575
19525
19500
19487
19475
19462
19450
19437
19425
19387
19350
19312
19250
19187
19137
19075
19012
18950
18912
18875
18862
18850
18862
18850
18837
18825
18812
18800
18812
18812
18812
18812
18812
18787
18800
18787
18775
18762
18750
18737
18725
18712
18675
18662
18637
18600
18587
18575
18537
18500
18462
18400
18337
18300
18262
18225
18187
18150
18125
18075
18050
18025
18000
17975
17962
17950
17937
17925
17912
17900
17887
17875
17887
17875
17862
17850
17837
17825
17812
17800
17762
17750
17712
17675
17662
17650
17650
17637
17625
17612
17600
17562
17525
17512
17500
17487
17500
17500
17500
17475
17475
17450
17462
17450
17437
17437
17437
17412
17387
17387
17350
17337
17325
17337
17350
17362
17350
17362
17375
17362
17375
17387
17412
17437
17487
17537
17600
17662
17725
17787
17862
17937
18012
18087
18150
18212
18275
18337
18400
18437
18475
18512
18525
18537
18575
18612
18625
18637
18650
18662
18650
18662
18662
18662
18662
18662
18637
18650
18637
18625
18612
18600
18587
18575
18537
18525
18512
18475
18462
18450
18412
18375
18337
18275
18237
18200
18175
18162
18137
18112
18087
18087
18062
18050
18037
18025
18012
18000
18012
18000
18012
18000
18012
18000
18012
18000
18012
18000
17987
17975
17962
17950
17937
17925
17912
17900
17887
17875
17862
17850
17837
17800
17787
17775
17762
17750
17762
17750
17737
17725
17712
17675
17662
17650
17650
17637
17625
17612
17625
17612
17600
17612
17600
17587
17575
17587
17575
17562
17550
17537
17525
17512
17525
17512
17525
17512
17500
17487
17500
17487
17475
17487
17500
17487
17500
17550
17562
17550
17562
17575
17550
17562
17600
17612
17625
17650
17687
17700
17750
17800
17850
17900
17975
18050
18112
18187
18262
18337
18400
18462
18525
18587
18637
18700
18737
18775
18812
18850
18862
18900
18937
18950
18962
19000
19037
19050
19087
19100
19112
19125
19137
19150
19187
19200
19212
19225
19237
19225
19212
19200
19187
19150
19137
19125
19087
19050
19012
18975
18925
18900
18875
18850
18800
18762
18725
18687
18687
18675
18687
18675
18687
18675
18687
18675
18662
18650
18637
18625
18600
18600
18600
18600
18600
18612
18625
18612
18600
18587
18575
18562
18550
18562
18550
18537
18525
18537
18487
18487
18487
18462
18437
18475
18462
18475
18487
18475
18462
18450
18412
18400
18387
18350
18312
18300
18262
18225
18212
18200
18200
18187
18200
18187
18200
18187
18200
18187
18200
18187
18200
18187
18200
18187
18200
18187
18175
18162
18150
18112
18125
18125
18125
18125
18125
18100
18075
18062
18050
18062
18050
18050
18037
18025
18012
18000
18012
18025
18037
18050
18062
18087
18112
18150
18200
18275
18337
18400
18475
18550
18612
18687
18762
18837
18912
18962
19025
19087
19137
19175
19225
19262
19275
19287
19300
19312
19325
19337
19362
19362
19387
19387
19387
19375
19362
19325
19325
19350
19350
19375
19400
19412
19400
19412
19400
19412
19400
19387
19375
19362
19325
19312
19300
19287
19275
19262
19225
19187
19137
19075
19037
19000
18987
18962
18925
18887
18850
18812
18787
18775
18737
18725
18687
18662
18625
18612
18562
18537
18512
18487
18462
18450
18412
18375
18362
18325
18287
18250
18212
18150
18100
18062
18025
18012
18000
18012
18000
18012
18000
17987
17950
17937
17900
17887
17875
17862
17850
17837
17825
17812
17800
17787
17800
17787
17800
17800
17800
17775
17775
17775
17787
17775
17787
17775
17762
17750
17762
17750
17737
17725
17712
17700
17687
17700
17687
17675
17662
17650
17650
17637
17650
17637
17625
17612
17600
17587
17562
17562
17537
17550
17537
17537
17537
17537
17525
17537
17575
17600
17662
17725
17787
17850
17912
17975
18037
18100
18150
18212
18275
18337
18400
18462
18525
18587
18637
18675
18712
18725
18737
18725
18750
18750
18750
18750
18775
18762
18750
18762
18750
18737
18750
18762
18750
18775
18775
18775
18775
18800
18787
18800
18787
18800
18787
18800
18787
18800
18787
18800
18787
18800
18787
18775
18762
18750
18712
18675
18637
18612
18575
18562
18550
18537
18500
18487
18450
18412
18375
18337
18300
18262
18225
18212
18200
18162
18150
18162
18150
18162
18200
18212
18225
18237
18250
18237
18225
18187
18150
18100
18062
18025
18012
18000
17987
17975
17962
17925
17912
17900
17862
17850
17837
17825
17812
17800
17787
17775
17762
17750
17762
17750
17737
17725
17737
17725
17712
17725
17712
17700
17687
17700
17687
17700
17687
17675
17675
17675
17650
17650
17650
17625
17612
17600
17587
17575
17587
17575
17587
17600
17625
17637
17687
17737
17787
17837
17925
18000
18075
18137
18212
18287
18362
18437
18512
18587
18637
18675
18712
18750
18762
18775
18787
18800
18787
18800
18787
18800
18787
18800
18787
18800
18812
18825
18837
18850
18862
18850
18862
18850
18862
18850
18862
18850
18862
18850
18837
18825
18812
18800
18787
18775
18737
18725
18687
18662
18625
18587
18550
18512
18475
18437
18400
18337
18275
18237
18200
18175
18137
18100
18062
18025
18012
18000
17987
17975
17962
17925
17887
17850
17787
17750
17712
17675
17662
17650
17650
17637
17650
17637
17650
17637
17625
17587
17575
17562
17550
17537
17525
17512
17475
17437
17400
17387
17350
17312
17300
17287
17250
17250
17250
17225
17225
17225
17187
17175
17162
17137
17125
17112
17100
17087
17100
17087
17100
17087
17075
17037
17000
16962
16925
16912
16900
16887
16875
16862
16850
16837
16850
16837
16850
16837
16850
16837
16850
16825
16825
16800
16775
16750
16737
16700
16687
16675
16662
16650
16662
16675
16687
16712
16762
16812
16862
16937
17012
17075
17150
17225
17300
17362
17425
17487
17550
17600
17662
17725
17787
17850
17887
17900
17912
17925
17912
17925
17937
17950
17937
17950
17962
17975
17987
18000
18012
18000
18012
18000
18012
18000
18012
18000
17987
17975
17962
17950
17937
17950
17937
17925
17912
17900
17862
17825
17812
17775
17737
17687
17662
17612
17575
17550
17537
17500
17487
17475
17437
17425
17412
17375
17362
17350
17337
17325
17312
17300
17287
17275
17250
17250
17225
17200
17175
17187
17175
17162
17175
17162
17162
17150
17162
17150
17162
17150
17162
17150
17137
17125
17112
17100
17112
17112
17087
17087
17062
17012
17000
16987
16950
16912
16900
16887
16875
16887
16900
16887
16875
16862
16850
16837
16850
16837
16825
16812
16800
16787
16775
16762
16750
16737
16725
16712
16725
16712
16725
16712
16725
16712
16725
16712
16700
16687
16675
16662
16650
16637
16625
16612
16612
16600
16612
16600
16587
16587
16587
16587
16587
16612
16612
16625
16637
16675
16712
16750
16812
16875
16937
17012
17075
17150
17225
17300
17362
17425
17500
17562
17637
17712
17762
17800
17787
17737
17687
17637
17612
17612
17637
17637
17662
17637
17625
17600
17600
17575
17587
17575
17562
17550
17537
17525
17512
17500
17487
17500
17475
17475
17475
17475
17450
17462
17450
17462
17450
17462
17450
17437
17400
17362
17300
17237
17175
17112
17062
17000
16962
16925
16887
16875
16862
16850
16837
16850
16837
16850
16862
16875
16862
16875
16862
16850
16837
16850
16837
16850
16825
16825
16800
16800
16775
16787
16775
16787
16775
16787
16775
16787
16775
16762
16750
16762
16750
16737
16750
16737
16725
16712
16700
16687
16675
16637
16600
16587
16562
16525
16512
16500
16462
16450
16437
16425
16412
16425
16412
16425
16412
16400
16387
16375
16337
16325
16312
16300
16287
16275
16262
16250
16212
16200
16187
16175
16162
16175
16162
16150
16137
16125
16112
16100
16112
16100
16112
16100
16112
16100
16112
16100
16087
16075
16062
16062
16062
16100
16137
16200
16262
16325
16387
16462
16537
16600
16662
16725
16775
16812
16875
16937
17000
17062
17125
17175
17225
17275
17325
17337
17375
17412
17425
17437
17450
17462
17450
17462
17450
17462
17450
17462
17475
17487
17500
17512
17525
17512
17525
17537
17550
17562
17575
17587
17575
17562
17550
17537
17500
17462
17450
17412
17375
17337
17300
17237
17175
17137
17112
17075
17062
17037
17012
16987
16987
16962
16975
16962
16975
16962
16975
16962
16950
16937
16912
16887
16887
16887
16887
16900
16912
16900
16912
16900
16912
16900
16887
16875
16862
16850
16837
16850
16837
16850
16837
16850
16837
16850
16837
16850
16837
16850
16837
16825
16812
16800
16787
16775
16787
16775
16762
16750
16737
16725
16712
16725
16712
16725
16712
16725
16712
16725
16712
16725
16712
16725
16712
16725
16712
16725
16712
16700
16712
16712
16687
16687
16687
16662
16650
16662
16650
16662
16650
16662
16650
16662
16650
16662
16650
16662
16650
16637
16625
16612
16612
16612
16625
16637
16675
16712
16725
16775
16825
16875
16925
17000
17062
17112
17175
17237
17300
17362
17425
17487
17550
17600
17662
17725
17787
17850
17887
17925
17937
17950
17962
17975
17987
18000
18012
18000
18012
18000
18012
18000
18012
18000
18012
18025
18037
18050
18062
18075
18062
18075
18062
18075
18062
18050
18000
17987
17950
17912
17862
17825
17775
17725
17675
17637
17625
17600
17562
17550
17537
17500
17487
17475
17462
17475
17487
17475
17487
17500
17487
17475
17487
17475
17437
17425
17412
17375
17362
17350
17337
17325
17337
17325
17312
17300
17287
17250
17237
17212
17187
17162
17162
17150
17137
17125
17112
17100
17075
17075
17050
17050
17025
17037
17025
17037
17025
17012
17000
16987
16950
16950
16950
16925
16925
16925
16912
16900
16887
16875
16862
16850
16837
16850
16837
16850
16837
16825
16812
16800
16787
16775
16762
16750
16737
16725
16712
16725
16712
16700
16687
16675
16662
16650
16637
16625
16612
16587
16575
16562
16525
16512
16500
16487
16475
16487
16475
16487
16475
16487
16500
16537
16562
16625
16687
16750
16812
16875
16937
17000
17062
17112
17175
17250
17325
17400
17450
17512
17562
17600
17625
17675
17712
17725
17712
17725
17712
17700
17687
17675
17662
17675
17650
17650
17650
17650
17637
17650
17637
17625
17612
17600
17587
17575
17562
17550
17537
17500
17487
17475
17437
17425
17412
17362
17312
17262
17187
17137
17112
17100
17087
17075
17062
17050
17037
17050
17062
17050
17062
17050
17037
17025
17037
17012
17012
16987
16987
16962
16950
16937
16912
16887
16862
16862
16862
16875
16862
16875
16862
16825
16812
16800
16787
16775
16762
16725
16712
16675
16637
16625
16612
16612
16600
16612
16600
16612
16612
16637
16637
16662
16650
16662
16650
16662
16650
16662
16650
16637
16600
16587
16587
16575
16587
16600
16612
16600
16587
16575
16562
16550
16537
16525
16512
16500
16487
16475
16462
16450
16437
16425
16437
16475
16487
16525
16562
16587
16625
16687
16750
16812
16875
16937
17000
17062
17112
17175
17237
17300
17362
17400
17450
17500
17550
17587
17637
17675
17712
17725
17737
17750
17762
17750
17762
17750
17762
17750
17762
17737
17737
17737
17737
17737
17750
17737
17725
17712
17700
17687
17700
17687
17700
17687
17675
17637
17600
17550
17487
17425
17387
17350
17312
17300
17287
17275
17287
17287
17287
17312
17312
17312
17325
17337
17325
17337
17325
17337
17325
17312
17275
17262
17225
17187
17175
17187
17175
17162
17175
17162
17162
17150
17137
17125
17112
17100
17087
17100
17087
17100
17087
17100
17087
17100
17087
17100
17087
17075
17062
17050
17037
17025
17037
17025
17037
17025
17012
17000
16987
16975
16962
16975
16962
16975
16962
16975
16962
16975
16962
16975
16987
17000
16987
17000
16987
16975
16962
16975
16962
16975
16962
16975
16962
16950
16937
16925
16912
16900
16912
16900
16887
16875
16862
16825
16812
16775
16762
16775
16812
16825
16887
16925
16962
17000
17062
17125
17200
17275
17350
17425
17487
17550
17612
17687
17762
17837
17912
17975
18037
18100
18137
18175
18187
18200
18187
18200
18187
18200
18175
18175
18175
18175
18175
18187
18175
18162
18175
18162
18150
18162
18150
18137
18125
18112
18075
18037
17975
17912
17850
17787
17712
17675
17637
17637
17625
17650
17637
17650
17637
17650
17637
17650
17637
17625
17612
17600
17587
17575
17562
17550
17537
17500
17487
17475
17437
17425
17412
17400
17387
17375
17362
17350
17312
17300
17287
17275
17262
17275
17262
17250
17237
17225
17212
17200
17212
17200
17212
17200
17187
17175
17162
17162
17150
17137
17125
17112
17100
17075
17075
17050
17025
17000
16987
16975
16962
16975
16962
16975
16962
16975
16962
16975
16962
16975
16962
16975
16962
16950
16937
16925
16912
16887
16887
16862
16862
16837
16850
16837
16850
16837
16850
16837
16850
16837
16850
16837
16825
16787
16775
16737
16737
16737
16762
16787
16837
16875
16937
17000
17037
17087
17125
17175
17225
17312
17387
17462
17537
17600
17650
17700
17750
17762
17812
17862
17887
17912
17937
17950
17962
17975
17962
17975
17962
17950
17937
17950
17937
17912
17912
17912
17912
17912
17950
17937
17950
17937
17950
17937
17950
17937
17950
17937
17950
17937
17950
17937
17950
17937
17925
17912
17900
17887
17875
17862
17850
17837
17800
17787
17762
17737
17712
17687
17662
17650
17625
17587
17550
17487
17450
17412
17400
17387
17375
17362
17350
17337
17325
17312
17300
17287
17275
17262
17250
17237
17225
17212
17200
17212
17200
17212
17200
17187
17175
17162
17137
17100
17087
17050
17012
16975
16962
16925
16912
16900
16912
16900
16887
16875
16862
16825
16787
16775
16737
16725
16712
16725
16712
16700
16687
16675
16637
16625
16612
16612
16600
16587
16575
16562
16550
16537
16525
16512
16500
16487
16475
16487
16475
16462
16450
16437
16400
16387
16375
16362
16350
16362
16350
16362
16350
16362
16375
16412
16450
16487
16537
16587
16650
16712
16812
16900
16975
17050
17112
17175
17237
17300
17362
17400
17437
17475
17487
17500
17512
17525
17512
17500
17487
17475
17475
17475
17475
17475
17475
17462
17450
17462
17450
17437
17425
17412
17375
17337
17325
17287
17250
17212
17175
17112
17087
17050
17012
16975
16962
16925
16912
16900
16912
16900
16912
16900
16912
16900
16912
16925
16937
16950
16962
16975
16962
16950
16900
16875
16825
16800
16762
16775
16762
16750
16737
16762
16750
16737
16750
16737
16700
16687
16675
16662
16650
16662
16650
16637
16625
16637
16625
16612
16625
16612
16612
16600
16587
16575
16562
16550
16537
16550
16537
16550
16537
16550
16537
16550
16525
16537
16525
16537
16525
16550
16537
16550
16537
16525
16512
16500
16487
16475
16487
16475
16487
16475
16462
16450
16462
16450
16475
16525
16562
16612
16687
16762
16850
16937
17025
17100
17175
17237
17300
17362
17425
17487
17550
17600
17662
17725
17762
17800
17812
17825
17812
17825
17837
17850
17837
17850
17837
17825
17812
17825
17837
17850
17862
17875
17887
17875
17887
17875
17887
17875
17887
17875
17862
17850
17837
17800
17762
17725
17662
17625
17600
17587
17575
17562
17550
17537
17525
17512
17500
17487
17475
17462
17475
17487
17500
17512
17525
17512
17525
17512
17525
17512
17525
17512
17500
17487
17475
17462
17450
17437
17425
17412
17400
17387
17375
17362
17350
17337
17325
17337
17325
17337
17325
17312
17300
17287
17275
17262
17250
17237
17225
17212
17200
17212
17200
17187
17175
17162
17162
17150
17162
17150
17162
17150
17137
17125
17112
17100
17087
17100
17087
17100
17075
17075
17050
17050
17025
17037
17025
17037
17025
17037
17025
17037
17025
17012
17000
16987
16950
16937
16925
16912
16925
16962
17000
17062
17100
17137
17162
17200
17237
17300
17362
17425
17487
17550
17600
17662
17737
17812
17887
17962
18037
18100
18137
18175
18200
18212
18225
18237
18262
18250
18262
18275
18287
18287
18300
18312
18300
18312
18325
18337
18325
18337
18325
18312
18300
18312
18287
18287
18287
18287
18287
18300
18312
18300
18287
18275
18262
18250
18237
18225
18187
18175
18150
18112
18075
18037
17975
17912
17850
17812
17800
17787
17775
17787
17800
17787
17800
17812
17800
17787
17775
17762
17750
17737
17725
17712
17675
17662
17650
17650
17637
17625
17612
17600
17562
17550
17537
17525
17512
17500
17487
17475
17437
17425
17412
17400
17387
17375
17362
17350
17337
17325
17312
17300
17287
17275
17262
17275
17262
17275
17262
17250
17237
17225
17212
17200
17212
17200
17187
17175
17162
17162
17150
17162
17150
17162
17150
17162
17150
17162
17150
17162
17150
17162
17150
17162
17150
17137
17100
17087
17050
17037
17025
17012
17012
17012
16987
17000
17012
16987
16987
16987
16975
16962
16975
16962
16975
16962
16975
16987
17000
17012
17050
17087
17112
17175
17237
17300
17362
17425
17487
17550
17600
17662
17725
17762
17800
17850
17900
17950
18025
18100
18150
18187
18225
18237
18250
18237
18250
18237
18250
18237
18250
18237
18250
18237
18250
18237
18250
18237
18250
18237
18250
18237
18250
18237
18250
18237
18250
18237
18250
18262
18262
18237
18237
18212
18175
18137
18100
18037
18000
17950
17900
17875
17850
17800
17787
17775
17762
17750
17762
17750
17737
17725
17712
17700
17687
17700
17687
17675
17662
17650
17650
17625
17637
17625
17612
17600
17600
17587
17575
17562
17550
17537
17525
17512
17500
17487
17475
17437
17425
17412
17375
17362
17350
17337
17325
17337
17325
17312
17300
17287
17275
17262
17250
17237
17225
17212
17200
17212
17200
17212
17200
17212
17200
17212
17200
17187
17175
17162
17162
17150
17162
17150
17162
17150
17162
17150
17162
17150
17162
17150
17162
17150
17137
17125
17112
17100
17087
17100
17087
17075
17037
17000
16962
16925
16887
16875
16862
16850
16837
16825
16812
16800
16787
16800
16837
16875
16937
17000
17062
17112
17175
17212
17262
17312
17362
17412
17500
17550
17600
17637
17687
17725
17762
17800
17837
17850
17862
17900
17912
17925
17937
17950
17937
17950
17937
17950
17937
17950
17937
17950
17937
17950
17937
17925
17912
17900
17887
17875
17887
17875
17862
17850
17837
17825
17800
17800
17775
17775
17750
17737
17687
17637
17562
17500
17450
17412
17375
17337
17325
17287
17250
17250
17250
17250
17250
17250
17237
17225
17212
17200
17187
17175
17162
17137
17125
17112
17100
17087
17075
17062
17050
17000
16975
16950
16925
16900
16887
16850
16837
16800
16762
16750
16737
16725
16712
16700
16687
16675
16637
16625
16612
16612
16600
16612
16600
16612
16600
16587
16575
16562
16525
16512
16500
16487
16475
16487
16475
16462
16450
16437
16425
16412
16425
16412
16400
16400
16400
16375
16375
16375
16362
16350
16337
16325
16312
16300
16287
16300
16287
16300
16312
16325
16337
16375
16412
16450
16512
16562
16625
16687
16750
16812
16875
16937
17000
17062
17125
17200
17275
17350
17425
17462
17500
17537
17550
17562
17575
17587
17575
17587
17575
17587
17575
17587
17575
17587
17575
17587
17575
17587
17575
17587
17575
17587
17575
17587
17575
17587
17575
17562
17525
17487
17425
17387
17350
17312
17275
17262
17225
17212
17200
17212
17225
17225
17225
17250
17250
17225
17237
17250
17237
17225
17237
17225
17212
17200
17187
17175
17162
17137
17125
17112
17100
17087
17075
17062
17050
17037
17025
17037
17025
17037
17025
17012
17000
16987
16975
16962
16950
16937
16925
16912
16900
16912
16900
16912
16900
16887
16875
16887
16875
16862
16875
16862
16850
16837
16850
16837
16825
16812
16825
16812
16825
16837
16825
16812
16800
16787
16775
16787
16775
16787
16762
16762
16737
16737
16712
16725
16712
16725
16712
16725
16712
16725
16712
16725
16712
16725
16712
16725
16712
16725
16737
16775
16825
16900
16975
17050
17112
17187
17262
17337
17412
17487
17550
17600
17662
17725
17787
17825
17862
17900
17937
17950
17987
18000
18012
18000
18012
18000
18012
18000
18012
18000
18012
18025
18025
18025
18050
18050
18050
18062
18075
18062
18050
18037
18025
18012
18000
18012
18000
18012
18000
18012
18000
18025
18025
18025
18025
18025
18012
18000
17987
17975
17962
17925
17875
17850
17800
17750
17700
17687
17650
17650
17637
17650
17637
17650
17637
17650
17637
17650
17637
17650
17637
17650
17637
17625
17587
17575
17562
17550
17537
17550
17537
17525
17512
17500
17487
17475
17462
17450
17462
17450
17437
17425
17412
17400
17387
17375
17362
17350
17312
17300
17287
17275
17262
17250
17237
17250
17225
17225
17225
17225
17200
17212
17200
17187
17175
17162
17137
17100
17087
17050
17037
17025
17037
17025
17037
17025
17037
17025
17037
17025
17012
17012
17012
16987
16987
16987
16950
16937
16925
16912
16900
16912
16900
16912
16900
16912
16900
16912
16900
16925
16912
16925
16912
16900
16875
16862
16825
16812
16825
16837
16850
16887
16925
16962
17012
17075
17150
17225
17312
17387
17462
17537
17612
17687
17762
17837
17887
17925
17962
18000
18037
18100
18137
18175
18187
18200
18187
18200
18187
18200
18187
18200
18187
18200
18187
18200
18187
18200
18187
18200
18175
18175
18150
18125
18112
18112
18087
18087
18087
18050
18037
18012
17962
17937
17912
17850
17825
17800
17775
17750
17762
17750
17762
17750
17762
17775
17787
17775
17787
17775
17762
17750
17762
17750
17762
17750
17737
17725
17712
17675
17662
17650
17650
17637
17650
17637
17625
17587
17550
17512
17475
17437
17425
17412
17400
17375
17375
17375
17375
17375
17375
17375
17350
17350
17325
17337
17325
17337
17325
17337
17325
17312
17300
17287
17250
17212
17200
17162
17162
17150
17162
17150
17162
17150
17162
17150
17137
17125
17112
17100
17087
17075
17062
17050
17037
17050
17062
17050
17062
17050
17037
17050
17062
17050
17062
17050
17037
17025
17037
17025
17037
17050
17087
17112
17175
17237
17300
17362
17425
17487
17550
17600
17675
17725
17787
17850
17912
17962
18012
18050
18087
18125
18150
18212
18250
18287
18300
18312
18300
18325
18312
18300
18287
18275
18250
18237
18250
18237
18250
18237
18250
18237
18250
18237
18250
18237
18250
18237
18250
18237
18250
18237
18225
18212
18200
18175
18162
18150
18137
18125
18112
18075
18037
17975
17912
17850
17812
17775
17762
17750
17737
17725
17712
17700
17687
17700
17687
17675
17662
17650
17650
17637
17625
17612
17600
17587
17575
17587
17575
17562
17550
17537
17500
17487
17475
17437
17400
17362
17300
17262
17225
17212
17200
17187
17175
17162
17162
17150
17137
17125
17112
17100
17087
17075
17062
17050
17037
17025
17012
17000
16987
16975
16962
16950
16937
16925
16912
16900
16887
16875
16862
16850
16837
16825
16812
16800
16762
16725
16712
16675
16662
16650
16637
16625
16612
16612
16600
16612
16600
16612
16587
16587
16562
16562
16537
16525
16512
16500
16487
16475
16487
16475
16487
16475
16462
16450
16437
16425
16450
16475
16500
16550
16587
16625
16687
16750
16812
16875
16937
17000
17062
17112
17175
17237
17300
17362
17425
17462
17500
17537
17550
17562
17600
17612
17625
17637
17625
17612
17600
17587
17575
17562
17550
17537
17525
17512
17525
17512
17500
17487
17475
17462
17450
17462
17450
17437
17400
17387
17350
17312
17275
17262
17225
17187
17150
17137
17112
17075
17062
17050
17037
17025
17037
17025
17037
17025
17037
17025
17037
17025
17012
17000
16987
16975
16962
16975
16962
16950
16937
16950
16937
16925
16937
16925
16912
16900
16887
16875
16862
16850
16837
16850
16862
16875
16862
16875
16862
16850
16837
16850
16837
16825
16825
16825
16800
16800
16825
16800
16800
16825
16825
16825
16837
16850
16837
16850
16837
16850
16837
16850
16837
16850
16837
16825
16812
16800
16787
16775
16787
16775
16787
16800
16812
16825
16837
16850
16862
16875
16887
16925
16962
17000
17062
17112
17175
17237
17312
17387
17462
17537
17625
17700
17775
17850
17912
17975
18012
18050
18087
18100
18087
18100
18087
18075
18062
18075
18062
18075
18062
18075
18062
18075
18062
18075
18062
18075
18062
18075
18062
18075
18062
18075
18062
18075
18062
18075
18062
18050
18012
18000
17962
17925
17912
17900
17862
17850
17837
17825
17812
17800
17787
17775
17762
17750
17762
17737
17737
17712
17712
17687
17712
17712
17712
17712
17712
17700
17687
17700
17687
17700
17687
17700
17687
17675
17662
17650
17625
17612
17600
17587
17575
17562
17550
17537
17500
17487
17475
17462
17450
17462
17450
17437
17425
17412
17400
17387
17400
17387
17400
17387
17375
17362
17350
17337
17325
17300
17287
17275
17262
17250
17275
17262
17275
17262
17275
17287
17300
17287
17300
17287
17275
17262
17275
17262
17275
17262
17275
17262
17275
17262
17275
17262
17250
17237
17225
17212
17200
17212
17200
17212
17200
17212
17200
17212
17200
17212
17225
17262
17300
17362
17425
17487
17550
17600
17662
17725
17787
17850
17912
17975
18037
18100
18150
18212
18250
18287
18325
18337
18350
18387
18400
18412
18425
18437
18425
18437
18450
18462
18450
18462
18450
18437
18425
18437
18425
18412
18400
18387
18350
18337
18325
18287
18250
18212
18175
18137
18112
18087
18087
18062
18050
18037
18025
17987
17975
17962
17950
17937
17950
17937
17950
17937
17950
17937
17950
17937
17950
17937
17950
17937
17925
17925
17925
17900
17900
17900
17862
17850
17837
17800
17737
17737
17712
17687
17687
17712
17700
17687
17675
17662
17650
17650
17637
17650
17637
17650
17637
17625
17612
17600
17587
17575
17587
17575
17587
17575
17587
17575
17587
17575
17562
17550
17537
17525
17500
17500
17500
17500
17500
17512
17500
17487
17475
17437
17425
17412
17400
17387
17400
17387
17400
17387
17400
17387
17400
17387
17400
17375
17387
17375
17362
17350
17350
17337
17325
17337
17325
17312
17300
17287
17275
17262
17275
17262
17275
17262
17275
17262
17275
17262
17275
17262
17275
17287
17300
17312
17350
17400
17425
17475
17525
17575
17587
17625
17675
17725
17775
17850
17912
17975
18037
18100
18150
18212
18275
18312
18350
18362
18375
18387
18425
18437
18450
18475
18475
18475
18475
18475
18462
18450
18437
18425
18437
18425
18412
18400
18387
18375
18362
18375
18362
18375
18362
18375
18362
18375
18362
18350
18337
18325
18312
18300
18287
18250
18237
18200
18175
18137
18100
18037
17975
17937
17900
17862
17850
17837
17825
17812
17825
17812
17825
17812
17825
17812
17825
17812
17800
17787
17775
17762
17750
17737
17700
17687
17650
17625
17612
17600
17587
17575
17587
17575
17562
17550
17537
17525
17537
17550
17537
17550
17537
17525
17512
17525
17512
17500
17487
17475
17437
17425
17412
17375
17362
17350
17312
17300
17287
17275
17262
17250
17237
17225
17212
17200
17187
17175
17162
17162
17150
17137
17125
17112
17100
17087
17075
17062
17050
17037
17025
17012
16975
16962
16925
16887
16875
16887
16875
16862
16875
16862
16850
16837
16825
16812
16800
16762
16750
16737
16725
16712
16700
16687
16675
16662
16650
16662
16650
16662
16650
16662
16637
16637
16612
16612
16600
16587
16575
16562
16550
16537
16550
16537
16550
16537
16550
16537
16550
16562
16587
16625
16687
16750
16812
16887
16975
17050
17137
17225
17300
17362
17425
17462
17500
17512
17525
17500
17512
17525
17537
17550
17575
17587
17575
17587
17600
17612
17600
17612
17600
17562
