t = 60.000000, p = 279.000000
8575
8637
8675
8712
8725
8737
8750
8750
8750
8750
8750
8725
8712
8700
8687
8675
8662
8675
8662
8675
8662
8675
8662
8675
8662
8675
8662
8650
8637
8625
8612
8600
8587
8575
8562
8525
8512
8500
8487
8475
8487
8475
8462
8450
8437
8425
8412
8400
8387
8375
8362
8350
8362
8350
8362
8350
8362
8350
8362
8350
8362
8350
8362
8350
8362
8350
8362
8350
8362
8350
8337
8325
8312
8275
8262
8250
8225
8212
8200
8187
8175
8187
8175
8187
8175
8187
8175
8187
8175
8187
8175
8187
8175
8187
8175
8187
8175
8162
8150
8137
8125
8112
8125
8112
8125
8112
8125
8112
8125
8112
8125
8112
8125
8112
8125
8112
8125
8112
8125
8112
8125
8112
8125
8137
8150
8162
8175
8187
8200
8225
8237
8275
8312
8325
8337
8375
8412
8425
8462
8475
8487
8500
8512
8525
8537
8550
8537
8550
8562
8575
8587
8600
8612
8600
8612
8625
8637
8625
8637
8625
8612
8625
8637
8625
8637
8625
8612
8600
8587
8587
8587
8587
8587
8587
8575
8562
8550
8537
8550
8537
8525
8512
8500
8487
8475
8462
8450
8462
8450
8437
8450
8437
8425
8412
8425
8412
8425
8412
8425
8412
8400
8387
8375
8362
8350
8362
8350
8362
8350
8362
8350
8362
8350
8362
8350
8337
8325
8312
8275
8262
8250
8250
8237
8225
8212
8200
8187
8175
8187
8175
8187
8175
8187
8175
8187
8175
8187
8175
8187
8175
8187
8175
8187
8175
8187
8175
8187
8175
8187
8175
8187
8175
8187
8175
8187
8175
8187
8175
8162
8150
8162
8150
8162
8200
8225
8262
8325
8387
8425
8462
8500
8537
8550
8587
8600
8612
8625
8637
8650
8662
8675
8662
8675
8662
8675
8650
8650
8625
8600
8575
8562
8550
8537
8525
8487
8475
8437
8425
8412
8400
8387
8375
8362
8350
8337
8325
8312
8275
8262
8250
8250
8237
8250
8237
8250
8237
8250
8237
8250
8237
8250
8237
8250
8237
8250
8237
8250
8237
8250
8237
8250
8250
8262
8275
8287
8300
8287
8300
8287
8300
8287
8300
8287
8275
8262
8275
8262
8275
8287
8300
8287
8300
8287
8300
8287
8300
8287
8300
8287
8300
8287
8300
8287
8275
8262
8250
8250
8237
8225
8212
8187
8175
8162
8175
8162
8187
8175
8187
8175
8187
8175
8162
8150
8137
8125
8112
8125
8112
8125
8112
8100
8087
8075
8062
8050
8062
8050
8062
8050
8062
8050
8062
8050
8062
8037
8050
8037
8050
8037
8062
8050
8062
8050
8062
8050
8062
8075
8087
8100
8137
8175
8200
8262
8300
8337
8375
8387
8400
8437
8450
8462
8475
8487
8475
8487
8475
8500
8500
8525
8525
8525
8525
8525
8500
8500
8500
8487
8475
8462
8450
8462
8450
8462
8475
8487
8475
8487
8475
8487
8475
8487
8475
8487
8475
8462
8450
8437
8425
8412
8400
8387
8375
8362
8350
8337
8325
8312
8300
8287
8275
8262
8250
8225
8212
8200
8187
8175
8187
8175
8187
8175
8162
8150
8162
8150
8137
8150
8137
8125
8112
8125
8112
8125
8112
8125
8112
8125
8112
8125
8112
8100
8087
8075
8062
8050
8062
8050
8062
8050
8062
8050
8062
8050
8062
8050
8062
8050
8062
8050
8062
8050
8062
8050
8062
8050
8062
8050
8062
8050
8062
8075
8112
8125
8162
8200
8225
8237
8275
8312
8350
8362
8400
8412
8425
8437
8450
8462
8475
8487
8475
8487
8475
8487
8475
8487
8475
8462
8450
8437
8425
8412
8425
8412
8400
8387
8375
8362
8350
8362
8350
8337
8325
8312
8300
8287
8275
8262
8250
8250
8237
8250
8250
8262
8275
8287
8275
8262
8250
8250
8237
8250
8237
8250
8237
8250
8225
8225
8225
8225
8225
8237
8250
8237
8250
8237
8225
8212
8200
8187
8175
8187
8200
8212
8225
8237
8250
8237
8250
8237
8250
8237
8225
8212
8200
8187
8175
8187
8175
8187
8175
8187
8175
8187
8175
8187
8175
8162
8150
8162
8150
8162
8175
8162
8150
8137
8125
8137
8175
8200
8262
8300
8337
8375
8412
8450
8487
8525
8562
8575
8587
8600
8612
8600
8612
8600
8612
8600
8612
8625
8637
8650
8662
8675
8662
8675
8662
8675
8662
8675
8662
8675
8662
8650
8637
8625
8612
8625
8637
8625
8637
8650
8637
8650
8662
8675
8662
8650
8637
8625
8612
8600
8587
8575
8562
8550
8537
8550
8537
8550
8537
8550
8537
8550
8537
8550
8537
8550
8537
8550
8537
8550
8537
8550
8537
8550
8537
8550
8537
8550
8537
8550
8537
8550
8537
8550
8537
8550
8537
8525
8512
8500
8487
8475
8487
8475
8487
8475
8487
8475
8487
8475
8487
8475
8462
8450
8437
8425
8412
8425
8412
8425
8412
8425
8412
8425
8412
8425
8412
8400
8387
8375
8362
8350
8362
8350
8362
8350
8362
8350
8362
8350
8337
8325
8312
8300
8287
8300
8287
8300
8287
8300
8287
8300
8312
8350
8362
8400
8437
8475
8487
8525
8562
8600
8637
8700
8737
8775
8800
8837
8850
8887
8900
8912
8900
8912
8900
8912
8900
8912
8900
8912
8900
8912
8900
8912
8900
8912
8900
8912
8900
8912
8900
8912
8900
8912
8900
8887
8875
8862
8825
8812
8800
8800
8787
8800
8787
8800
8787
8800
8787
8800
8787
8800
8787
8800
8787
8800
8787
8800
8787
8800
8787
8800
8787
8775
8762
8750
8737
8725
8737
8725
8737
8725
8737
8725
8712
8700
8687
8675
8687
8700
8712
8725
8712
8700
8687
8675
8662
8675
8662
8675
8662
8675
8662
8650
8637
8625
8612
8600
8612
8600
8587
8575
8562
8562
8562
8587
8587
8612
8600
8612
8587
8587
8562
8562
8537
8550
8537
8550
8537
8525
8512
8500
8487
8475
8487
8475
8487
8475
8487
8475
8487
8475
8487
8475
8487
8475
8487
8475
8462
8425
8412
8375
8362
8375
8387
8400
8437
8475
8512
8575
8637
8700
8750
8812
8875
8912
8950
8987
9000
9012
9050
9062
9075
9087
9100
9087
9100
9087
9075
9062
9050
9012
9000
8987
8975
8962
8987
8987
9012
9012
9037
9025
9037
9025
9037
9025
9037
9025
9037
9025
9037
9025
9037
9025
9012
9000
8987
8950
8937
8925
8912
8900
8912
8900
8912
8900
8912
8900
8912
8900
8912
8900
8887
8887
8887
8887
8887
8912
8900
8887
8875
8850
8825
8800
8800
8787
8800
8787
8775
8762
8750
8737
8725
8712
8700
8712
8700
8687
8700
8687
8675
8662
8650
8637
8625
8612
8600
8612
8600
8612
8600
8612
8600
8612
8600
8587
8575
8562
8550
8537
8550
8537
8550
8537
8550
8537
8550
8525
8525
8525
8525
8525
8537
8550
8525
8525
8500
8500
8475
8487
8475
8487
8475
8462
8450
8437
8425
8412
8425
8412
8425
8412
8400
8362
8350
8312
8300
8287
8300
8287
8300
8312
8325
8337
8375
8412
8450
8512
8550
8587
8625
8662
8700
8750
8787
8825
8862
8875
8887
8900
8912
8900
8912
8900
8912
8900
8912
8900
8912
8900
8887
8875
8862
8850
8837
8850
8837
8850
8837
8825
8812
8800
8800
8787
8775
8762
8750
8737
8725
8712
8700
8712
8700
8687
8700
8687
8675
8662
8675
8662
8675
8662
8675
8662
8675
8662
8675
8662
8650
8637
8625
8612
8600
8612
8587
8587
8587
8587
8562
8575
8562
8550
8562
8562
8562
8562
8562
8537
8550
8537
8550
8537
8550
8537
8550
8537
8550
8537
8550
8537
8550
8537
8550
8537
8525
8512
8500
8487
8475
8487
8475
8487
8475
8487
8475
8462
8450
8437
8425
8437
8437
8450
8462
8475
8462
8487
8500
8537
8575
8637
8700
8737
8775
8800
8837
8875
8912
8950
8962
8975
8987
9025
9037
9075
9087
9100
9087
9075
9062
9050
9037
9025
9037
9025
9037
9025
9037
9025
9037
9025
9037
9025
9037
9025
9012
9000
8987
8975
8962
8950
8937
8925
8887
8875
8862
8850
8837
8850
8837
8850
8837
8850
8837
8850
8862
8875
8862
8875
8862
8862
8862
8862
8862
8862
8850
8837
8850
8837
8850
8837
8850
8837
8850
8837
8850
8837
8850
8837
8825
8812
8800
8800
8787
8800
8787
8800
8787
8800
8787
8800
8787
8800
8787
8775
8762
8750
8737
8725
8737
8725
8712
8700
8687
8675
8662
8675
8662
8675
8662
8675
8662
8675
8662
8675
8662
8675
8662
8675
8687
8725
8737
8775
8825
8875
8925
9000
9075
9150
9225
9275
9325
9350
9362
9375
9387
9400
9387
9400
9387
9400
9387
9400
9387
9375
9362
9375
9362
9375
9387
9400
9387
9400
9387
9400
9387
9400
9387
9375
9362
9350
9325
9312
9300
9262
9250
9237
9225
9212
9200
9187
9175
9162
9150
9162
9150
9162
9150
9137
9125
9112
9100
9087
9100
9087
9075
9062
9050
9037
9025
9037
9025
9037
9025
9037
9025
9012
9000
8987
8975
8962
8950
8937
8925
8912
8900
8912
8900
8912
8900
8912
8900
8912
8900
8912
8900
8912
8900
8912
8900
8912
8900
8887
8875
8862
8850
8837
8850
8837
8850
8837
8850
8837
8825
8812
8825
8812
8800
8825
8825
8800
8800
8800
8800
8787
8800
8787
8800
8787
8800
8787
8800
8787
8800
8787
8800
8787
8800
8787
8800
8787
8800
8787
8775
8762
8750
8737
8725
8737
8725
8737
8725
8737
8725
8737
8725
8737
8725
8737
8750
8775
8812
8850
8900
8950
9000
9050
9125
9187
9250
9300
9362
9425
9487
9525
9562
9575
9587
9575
9587
9575
9562
9550
9562
9550
9537
9550
9537
9525
9512
9525
9512
9525
9512
9525
9512
9525
9512
9525
9512
9525
9512
9525
9512
9525
9512
9500
9462
9450
9412
9375
9362
9350
9325
9312
9300
9287
9275
9262
9250
9262
9250
9237
9250
9237
9225
9212
9225
9212
9225
9212
9200
9187
9175
9162
9150
9162
9150
9162
9150
9137
9125
9112
9100
9087
9075
9062
9050
9037
9025
9037
9025
9012
9000
8987
8975
8962
8975
8962
8975
8962
8975
8962
8950
8937
8925
8912
8900
8887
8875
8887
8875
8862
8875
8862
8850
8837
8825
8825
8825
8825
8825
8825
8812
8800
8800
8787
8800
8787
8800
8787
8775
8762
8750
8737
8725
8737
8725
8712
8700
8712
8687
8687
8687
8662
8637
8625
8612
8600
8612
8600
8587
8575
8562
8550
8537
8550
8562
8600
8612
8650
8687
8725
8750
8825
8875
8925
8950
8987
9012
9062
9112
9187
9225
9262
9275
9287
9275
9287
9275
9287
9275
9287
9275
9287
9275
9262
9250
9237
9225
9212
9225
9212
9225
9212
9200
9187
9162
9137
9137
9137
9112
9100
9062
9025
8987
8975
8962
8950
8937
8925
8912
8900
8912
8900
8912
8900
8887
8875
8862
8850
8837
8850
8837
8825
8812
8800
8800
8787
8800
8787
8800
8787
8800
8787
8800
8787
8800
8787
8800
8787
8800
8787
8775
8762
8775
8762
8775
8775
8775
8750
8750
8725
8737
8725
8737
8725
8737
8725
8712
8700
8687
8675
8662
8675
8662
8675
8662
8675
8662
8675
8662
8675
8662
8675
8662
8675
8687
8725
8750
8812
8875
8937
9000
9037
9075
9112
9150
9187
9250
9287
9325
9350
9362
9375
9387
9400
9387
9400
9387
9400
9387
9400
9387
9400
9387
9375
9362
9350
9350
9337
9350
9337
9350
9337
9350
9337
9350
9337
9350
9337
9350
9337
9325
9312
9300
9287
9275
9262
9250
9237
9200
9187
9175
9162
9150
9162
9150
9162
9150
9162
9150
9162
9175
9187
9175
9187
9175
9162
9150
9162
9150
9162
9150
9162
9150
9162
9150
9162
9150
9137
9125
9112
9100
9087
9100
9087
9100
9087
9075
9062
9050
9037
9025
9037
9025
9012
9000
9012
9000
8987
9000
8987
8975
8962
8950
8937
8925
8912
8900
8912
8900
8912
8900
8912
8900
8912
8900
8887
8875
8862
8850
8837
8850
8837
8850
8837
8825
8812
8825
8812
8825
8837
8825
8812
8800
8800
8787
8800
8787
8775
8762
8775
8762
8775
8800
8850
8875
8925
8975
9025
9062
9125
9187
9250
9300
9362
9400
9437
9475
9487
9500
9512
9525
9512
9525
9512
9525
9512
9525
9512
9500
9487
9475
9462
9450
9462
9450
9462
9450
9462
9450
9462
9450
9437
9425
9400
9375
9350
9325
9312
9300
9287
9275
9262
9250
9237
9225
9212
9225
9212
9225
9212
9225
9212
9225
9212
9225
9212
9225
9212
9225
9212
9225
9212
9200
9187
9175
9162
9150
9162
9150
9162
9150
9162
9150
9137
9125
9112
9100
9087
9100
9075
9075
9050
9050
9025
9037
9025
9037
9025
9037
9025
9037
9025
9012
8975
8962
8950
8937
8950
8950
8950
8925
8937
8925
8925
8925
8925
8912
8900
8912
8900
8912
8900
8912
8900
8887
8875
8862
8850
8837
8850
8837
8850
8837
8825
8812
8800
8800
8787
8800
8787
8800
8787
8800
8787
8800
8787
8800
8787
8775
8762
8775
8762
8750
8762
8750
8737
8725
8737
8712
8725
8712
8700
8687
8687
8675
8662
8675
8687
8700
8712
8750
8762
8775
8800
8837
8875
8937
9000
9062
9125
9187
9250
9300
9337
9375
9412
9450
9462
9512
9537
9562
9562
9587
9575
9587
9575
9587
9575
9587
9575
9562
9550
9537
9525
9512
9525
9512
9525
9512
9525
9512
9525
9512
9525
9537
9550
9537
9550
9537
9525
9512
9500
9462
9425
9387
9350
9325
9312
9300
9287
9275
9262
9250
9237
9225
9212
9225
9212
9200
9187
9175
9162
9150
9162
9137
9137
9112
9112
9087
9075
9062
9050
9037
9025
9012
9000
8987
8950
8937
8950
8937
8950
8962
8950
8937
8925
8912
8900
8887
8875
8862
8850
8837
8850
8837
8825
8787
8787
8775
8775
8775
8800
8787
8775
8737
8725
8687
8650
8637
8625
8612
8600
8612
8600
8587
8575
8562
8550
8537
8550
8537
8525
8512
8500
8462
8462
8462
8462
8462
8487
8475
8487
8500
8537
8575
8637
8700
8750
8787
8825
8862
8900
8912
8950
8987
9000
9012
9050
9062
9075
9112
9125
9137
9150
9162
9150
9162
9150
9137
9125
9112
9100
9087
9100
9087
9075
9062
9075
9062
9075
9087
9075
9062
9075
9062
9075
9087
9100
9087
9100
9075
9075
9075
9075
9050
9062
9050
9012
9000
8987
8975
8962
8950
8937
8925
8912
8900
8912
8900
8912
8900
8912
8900
8912
8900
8912
8900
8912
8900
8912
8900
8912
8900
8912
8900
8912
8900
8887
8875
8862
8850
8837
8850
8837
8825
8812
8800
8800
8787
8800
8787
8800
8787
8800
8787
8775
8762
8750
8737
8725
8737
8725
8737
8725
8737
8725
8737
8725
8737
8725
8737
8725
8712
8700
8687
8675
8662
8675
8662
8675
8662
8675
8662
8650
8637
8625
8612
8600
8612
8600
8612
8600
8612
8625
8662
8700
8762
8812
8862
8925
8962
8987
9037
9087
9125
9187
9225
9262
9275
9287
9275
9287
9275
9287
9275
9287
9275
9287
9275
9287
9275
9287
9275
9287
9275
9287
9275
9287
9262
9262
9262
9262
9262
9275
9262
9250
9237
9225
9212
9225
9212
9200
9187
9175
9137
9125
9112
9100
9087
9100
9087
9100
9087
9100
9087
9100
9087
9100
9087
9100
9087
9100
9087
9100
9087
9100
9087
9075
9075
9075
9050
9050
9050
9037
9025
9037
9025
9037
9025
9012
9000
9012
9000
8987
9000
8987
8975
8962
8975
8962
8950
8937
8925
8912
8900
8912
8900
8912
8900
8887
8875
8862
8850
8837
8850
8837
8850
8837
8825
8812
8800
8800
8787
8800
8787
8800
8787
8800
8787
8800
8787
8800
8787
8800
8775
8775
8750
8750
8725
8737
8725
8712
8700
8712
8700
8687
8712
8712
8712
8737
8762
8775
8800
8850
8875
8937
9000
9062
9112
9187
9250
9287
9325
9350
9387
9400
9437
9450
9462
9450
9462
9450
9462
9450
9462
9450
9462
9450
9462
9450
9462
9450
9462
9450
9462
9450
9462
9450
9462
9450
9462
9450
9462
9450
9462
9450
9425
9400
9375
9325
9325
9325
9325
9325
9325
9312
9300
9287
9300
9312
9325
9337
9325
9312
9300
9287
9275
9287
9275
9287
9275
9287
9275
9287
9275
9262
9250
9262
9250
9237
9250
9237
9225
9212
9225
9212
9200
9187
9175
9162
9150
9162
9150
9162
9150
9137
9125
9112
9100
9087
9100
9087
9075
9062
9050
9037
9025
9037
9025
9012
9000
8987
8975
8962
8975
8962
8975
8962
8975
8962
8975
8962
8950
8937
8925
8912
8900
8912
8900
8912
8900
8887
8875
8862
8850
8837
8850
8837
8850
8837
8825
8812
8800
8800
8787
8800
8787
8800
8787
8800
8787
8800
8787
8800
8800
8812
8825
8862
8900
8937
9000
9062
9100
9137
9175
9212
9250
9300
9362
9425
9487
9550
9587
9625
9637
9650
9637
9650
9637
9650
9637
9650
9637
9650
9637
9650
9637
9650
9637
9650
9637
9650
9637
9650
9637
9662
9662
9662
9637
9612
9550
9512
9475
9462
9450
9462
9450
9437
9425
9412
9400
9412
9425
9412
9425
9412
9400
9387
9400
9387
9375
9362
9350
9350
9337
9350
9337
9325
9312
9300
9287
9275
9287
9275
9287
9275
9287
9275
9262
9250
9237
9225
9212
9225
9212
9225
9212
9225
9212
9200
9187
9175
9162
9150
9137
9137
9137
9112
9112
9112
9100
9087
9100
9087
9075
9062
9050
9037
9025
9037
9025
9012
9000
8987
8975
8962
8975
8962
8950
8937
8925
8912
8900
8912
8887
8900
8887
8875
8862
8862
8850
8837
8825
8812
8800
8800
8787
8775
8762
8750
8737
8725
8712
8700
8687
8675
8662
8675
8687
8700
8712
8750
8775
8812
8875
8937
9012
9087
9162
9237
9300
9337
9375
9387
9400
9387
9400
9387
9400
9387
9400
9387
9375
9362
9350
9350
9337
9325
9312
9300
9287
9275
9287
9275
9287
9275
9262
9225
9212
9175
9162
9150
9137
9100
9100
9075
9050
9050
9050
9037
9025
9037
9025
9037
9025
9037
9025
9037
9025
9012
9000
8987
8975
8962
8975
8962
8975
8962
8950
8937
8925
8912
8900
8912
8900
8912
8900
8887
8875
8862
8825
8812
8825
8812
8800
8812
8800
8800
8787
8800
8787
8775
8762
8750
8737
8725
8737
8725
8737
8725
8737
8725
8712
8700
8687
8675
8650
8650
8650
8650
8650
8662
8650
8637
8625
8612
8600
8612
8625
8637
8650
8687
8725
8750
8812
8850
8887
8925
8962
8975
9012
9050
9087
9125
9150
9175
9200
9200
9200
9237
9250
9262
9275
9287
9275
9287
9275
9262
9250
9237
9225
9212
9225
9212
9225
9212
9225
9212
9225
9212
9225
9212
9225
9212
9200
9162
9150
9112
9100
9087
9100
9087
9100
9087
9100
9087
9100
9087
9100
9087
9100
9087
9100
9087
9100
9075
9075
9050
9050
9025
9037
9025
9037
9025
9037
9025
9037
9025
9037
9025
9012
9000
8987
8975
8962
8975
8962
8975
8962
8975
8962
8975
8962
8975
8962
8950
8937
8925
8912
8900
8912
8900
8912
8900
8912
8900
8912
8900
8912
8900
8912
8900
8912
8900
8912
8900
8912
8900
8887
8875
8887
8875
8887
8900
8887
8875
8862
8850
8837
8850
8837
8850
8862
8900
8937
9000
9062
9125
9187
9250
9312
9362
9412
9462
9487
9500
9537
9550
9537
9562
9550
9537
9525
9537
9512
9525
9512
9525
9512
9525
9512
9525
9537
9550
9537
9550
9537
9525
9512
9500
9487
9475
9462
9450
9462
9450
9462
9450
9462
9450
9462
9450
9462
9450
9462
9450
9462
9450
9462
9450
9462
9450
9462
9450
9437
9425
9412
9400
9387
9400
9387
9375
9362
9350
9350
9337
9350
9337
9350
9337
9350
9337
9350
9337
9350
9337
9350
9337
9350
9337
9325
9312
9300
9287
9275
9287
9275
9262
9250
9237
9225
9212
9225
9212
9200
9187
9175
9162
9150
9162
9150
9162
9150
9137
9125
9112
9100
9087
9100
9087
9100
9087
9100
9087
9100
9087
9100
9125
9150
9187
9250
9300
9350
9400
9450
9462
9487
9512
9562
9600
9650
9687
9725
9762
9775
9812
9825
9837
9825
9837
9825
9837
9825
9837
9825
9837
9825
9837
9825
9837
9825
9837
9825
9837
9825
9837
9837
9850
9837
9850
9862
9850
9837
9850
9837
9837
9825
9812
9800
9787
9750
9737
9725
9712
9700
9687
9675
9662
9650
9637
9650
9637
9650
9637
9650
9662
9675
9662
9675
9662
9650
9637
9625
9612
9625
9612
9625
9637
9650
9637
9650
9637
9650
9637
9650
9637
9650
9637
9625
9612
9600
9562
9525
9512
9475
9437
9400
9362
9325
9300
9262
9225
9212
9175
9162
9150
9162
9150
9162
9150
9162
9175
9212
9250
9300
9362
9425
9487
9550
9612
9675
9737
9775
9812
9825
9837
9825
9837
9825
9837
9825
9837
9812
9812
9787
9787
9762
9750
9737
9725
9712
9700
9712
9700
9687
9675
9662
9650
9637
9625
9612
9600
9562
9550
9537
9500
9462
9450
9412
9400
9387
9400
9387
9400
9387
9400
9387
9400
9387
9400
9387
9400
9387
9400
9387
9375
9362
9350
9350
9337
9325
9325
9312
9300
9287
9300
9275
9262
9250
9237
9225
9212
9200
9187
9175
9162
9150
9137
9125
9100
9075
9050
9050
9025
9037
9025
9012
9000
9012
8987
8987
8987
8987
8962
8975
8962
8975
8962
8975
8962
8950
8937
8950
8937
8950
8987
9025
9037
9075
9112
9150
9187
9250
9287
9325
9350
9362
9375
9412
9425
9437
9450
9462
9450
9462
9450
9462
9450
9462
9475
9487
9500
9512
9525
9512
9525
9512
9525
9512
9500
9487
9475
9462
9450
9437
9425
9412
9375
9362
9350
9350
9337
9350
9337
9350
9337
9350
9337
9350
9337
9350
9337
9350
9337
9325
9312
9300
9287
9275
9287
9275
9287
9275
9287
9275
9287
9275
9287
9275
9287
9275
9262
9250
9237
9225
9212
9225
9212
9225
9212
9225
9212
9200
9187
9200
9187
9175
9187
9175
9162
9150
9162
9150
9162
9150
9162
9150
9162
9150
9162
9175
9187
9200
9237
9275
9300
9362
9425
9487
9550
9587
9625
9662
9700
9737
9787
9825
9862
9900
9937
9950
9987
10000
10012
10000
10012
10000
10012
10000
10012
10000
10012
10000
10012
10000
9987
9975
9962
9950
9937
9925
9887
9850
9812
9787
9750
9737
9725
9712
9700
9712
9725
9737
9750
9762
9775
9762
9775
9762
9750
9737
9725
9712
9700
9712
9700
9687
9650
9637
9600
9587
9575
9587
9575
9562
9550
9537
9500
9487
9500
9487
9475
9487
9475
9462
9450
9437
9425
9412
9400
9387
9375
9362
9350
9350
9337
9350
9337
9350
9337
9350
9337
9350
9337
9350
9337
9350
9337
9350
9337
9350
9337
9350
9337
9325
9287
9275
9237
9225
9212
9225
9212
9225
9212
9225
9237
9250
9262
9300
9325
9362
9425
9487
9550
9587
9625
9637
9650
9637
9650
9662
9700
9712
9762
9787
9812
9825
9875
9912
9975
10012
10050
10062
10075
10062
10050
10012
9975
9912
9850
9787
9725
9637
9550
9462
9375
9300
9250
9175
9100
9025
8950
8875
8800
8725
8662
8587
8512
8450
8375
8325
8275
8225
8187
8175
8137
8125
8137
8175
8187
8225
8275
8325
8375
8450
8512
8575
8637
8700
8750
8812
8875
8912
8962
9012
9062
9112
9187
9250
9300
9362
9425
9487
9550
9612
9675
9737
9787
9850
9912
9975
10037
10100
10162
10200
10237
10250
10225
10200
10175
10125
10100
10087
10050
10037
10025
10012
10000
10012
10000
10012
10000
10012
10000
10012
10025
10037
10050
10087
10100
10112
10150
10187
10200
10237
10250
10262
10250
10262
10275
10287
10275
10262
10250
10212
10175
10137
10125
10087
10050
10037
10012
9987
9962
9937
9887
9850
9787
9737
9675
9612
9575
9537
9500
9462
9425
9362
9300
9275
9237
9200
9187
9175
9162
9150
9162
9150
9162
9150
9162
9175
9187
9200
9212
9225
9212
9225
9212
9200
9162
9125
9062
9025
8987
8950
8937
8925
8912
8900
8887
8850
8812
8775
8750
8712
8675
8637
8600
8562
8550
8562
8575
8587
8625
8637
8650
8687
8725
8737
8775
8787
8800
8800
8812
8825
8837
8850
8862
8900
8912
8950
8987
9000
9012
9025
9037
9025
9037
9025
9037
9050
9062
9075
9087
9100
9087
9100
9112
9125
9137
9175
9187
9200
9212
9225
9212
9225
9237
9250
9262
9300
9312
9325
9350
9387
9400
9437
9475
9512
9525
9562
9600
9637
9650
9687
9725
9737
9750
9787
9800
9812
9825
9837
9825
9837
9825
9837
9825
9837
9837
9850
9862
9875
9887
9875
9887
9875
9887
9875
9887
9875
9887
9875
9887
9875
9887
9875
9887
9900
9912
9925
9962
10000
10037
10100
10162
10200
10250
10300
10337
10362
10412
10425
10437
10425
10437
10450
10462
10475
10487
10500
10487
10500
10487
10500
10487
10475
10462
10450
10437
10425
10412
10400
10387
10362
10350
10337
10325
10312
10300
10262
10225
10187
10150
10112
10100
10087
10050
10012
10000
9962
9950
9937
9950
9937
9950
9962
9975
9987
10025
10037
10050
10087
10100
10112
10125
10137
10125
10137
10125
10137
10125
10112
10100
10087
10075
10062
10050
10037
10025
10012
9987
9987
9987
9987
9987
10000
10012
10000
10012
10000
10012
10000
10012
10000
10012
10000
10012
10000
10012
10000
10012
10025
10037
10050
10087
10100
10112
10125
10137
10150
10162
10187
10212
10237
10237
10262
10250
10262
10275
10287
10300
10337
10350
10362
10387
10425
10462
10525
10587
10650
10712
10775
10825
10887
10925
10975
11025
11075
11125
11175
11212
11225
11237
11250
11262
11275
11287
11300
11287
11300
11312
11325
11337
11350
11362
11350
11362
11350
11337
11300
11287
11250
11212
11175
11137
11075
11012
10975
10937
10900
10887
10875
10875
10875
10887
10900
10912
10925
10912
10900
10887
10900
10887
10875
10887
10875
10850
10837
10825
10812
10800
10812
10800
10812
10800
10812
10800
10812
10800
10812
10800
10812
10800
10812
10800
10812
10800
10812
10800
10812
10800
10787
10775
10762
10750
10737
10750
10737
10725
10712
10700
10687
10675
10687
10675
10662
10650
10637
10625
10612
10625
10612
10600
10587
10575
10562
10550
10562
10550
10562
10575
10587
10600
10637
10650
10662
10712
10762
10800
10850
10912
10962
11012
11062
11137
11200
11262
11325
11362
11400
11425
11462
11475
11512
11525
11537
11525
11537
11525
11537
11525
11537
11525
11512
11500
11487
11475
11487
11500
11487
11500
11487
11475
11462
11475
11462
11475
11462
11475
11462
11475
11450
11450
11425
11400
11362
11350
11312
11275
11237
11225
11187
11150
11137
11125
11112
11100
11112
11100
11112
11087
11087
11087
11087
11087
11100
11112
11100
11087
11075
11062
11050
11037
11050
11037
11050
11037
11025
11012
11000
10962
10925
10912
10875
10850
10837
10825
10812
10800
10812
10800
10812
10800
10787
10775
10762
10750
10737
10750
10737
10725
10712
10700
10662
10650
10637
10625
10612
10625
10612
10625
10612
10600
10587
10575
10562
10550
10562
10550
10562
10550
10562
10575
10612
10650
10712
10775
10825
10887
10950
11012
11075
11137
11200
11262
11325
11362
11400
11412
11425
11412
11400
11387
11375
11337
11325
11312
11300
11287
11275
11262
11250
11237
11225
11237
11225
11212
11175
11162
11125
11087
11075
11062
11025
11012
11000
10962
10925
10912
10875
10850
10812
10775
10737
10700
10687
10675
10662
10650
10637
10625
10612
10625
10612
10600
10587
10575
10562
10550
10562
10550
10562
10550
10537
10525
10512
10500
10487
10475
10437
10425
10387
10362
10325
10312
10275
10237
10225
10212
10200
10187
10175
10162
10150
10137
10125
10112
10100
10087
10075
10062
10075
10062
10050
10037
10025
10012
10000
10012
10000
9987
9975
9987
9975
9987
10025
10062
10075
10112
10150
10187
10225
10287
10337
10400
10462
10525
10587
10650
10712
10750
10787
10825
10837
10850
10862
10875
10862
10875
10862
10850
10837
10825
10812
10800
10812
10800
10812
10800
10812
10800
10812
10800
10812
10800
10787
10775
10762
10725
10687
10675
10637
10600
10587
10575
10537
10525
10512
10500
10487
10500
10487
10500
10487
10500
10487
10500
10487
10500
10487
10500
10487
10500
10487
10500
10487
10475
10437
10425
10387
10387
10375
10387
10375
10362
10350
10337
10325
10312
10300
10287
10275
10237
10225
10212
10200
10187
10200
10187
10200
10187
10175
10162
10150
10137
10125
10137
10125
10112
10100
10112
10100
10112
10125
10137
10112
10125
10112
10100
10087
10087
10075
10062
10075
10062
10075
10062
10075
10062
10075
10062
10075
10062
10075
10087
10125
10162
10200
10237
10275
10312
10337
10400
10462
10525
10587
10650
10712
10775
10812
10850
10862
10875
10875
10887
10875
10887
10900
10887
10875
10887
10875
10875
10862
10875
10862
10875
10862
10875
10862
10850
10812
10800
10762
10725
10687
10675
10637
10600
10587
10575
10562
10550
10537
10525
10512
10500
10487
10500
10487
10500
10487
10500
10487
10475
10462
10475
10462
10450
10462
10450
10437
10425
10437
10425
10412
10400
10387
10387
10375
10387
10375
10362
10350
10337
10300
10287
10275
10262
10250
10237
10225
10212
10200
10187
10200
10187
10200
10187
10200
10187
10200
10187
10175
10162
10175
10162
10150
10162
10175
10162
10150
10162
10150
10137
10125
10137
10125
10137
10125
10137
10125
10137
10125
10137
10125
10150
10150
10175
10200
10250
10287
10337
10400
10462
10525
10587
10650
10712
10775
10825
10887
10950
11012
11075
11112
11150
11162
11175
11162
11175
11162
11175
11162
11175
11162
11175
11162
11175
11162
11175
11162
11175
11162
11150
11137
11125
11087
11075
11050
11025
11000
10975
10925
10912
10875
10850
10837
10825
10812
10800
10812
10800
10787
10775
10762
10750
10737
10750
10737
10750
10737
10725
10712
10700
10662
10650
10637
10625
10612
10600
10587
10575
10562
10550
10537
10500
10487
10450
10437
10425
10412
10400
10387
10387
10375
10387
10375
10362
10350
10337
10325
10312
10325
10312
10325
10312
10325
10312
10300
10287
10300
10287
10300
10312
10300
10287
10275
10262
10250
10262
10250
10262
10250
10237
10225
10212
10200
10187
10200
10187
10175
10162
10150
10137
10125
10137
10125
10137
10125
10137
10125
10137
10150
10187
10225
10287
10337
10400
10437
10487
10537
10587
10637
10712
10775
10825
10887
10950
11012
11075
11112
11150
11187
11200
11212
11225
11237
11225
11237
11225
11237
11225
11237
11225
11237
11225
11212
11200
11187
11175
11162
11175
11162
11187
11187
11187
11187
11187
11175
11162
11150
11137
11125
11087
11050
11037
11000
10962
10950
10937
10900
10862
10825
10775
10712
10675
10637
10625
10612
10625
10612
10600
10587
10575
10562
10550
10562
10550
10562
10550
10537
10525
10512
10500
10487
10475
10462
10450
10437
10425
10412
10375
10362
10337
10300
10287
10275
10237
10225
10212
10200
10187
10200
10187
10175
10162
10150
10112
10100
10087
10075
10062
10050
10037
10025
10012
10000
10012
10000
9987
9975
9987
9975
9962
9975
9962
9925
9912
9900
9887
9875
9887
9875
9862
9850
9837
9837
9825
9837
9825
9837
9837
9850
9862
9900
9937
9975
10037
10100
10162
10225
10287
10337
10400
10462
10525
10562
10600
10612
10625
10637
10650
10662
10675
10687
10675
10687
10675
10662
10650
10637
10625
10612
10625
10612
10625
10612
10625
10612
10625
10612
10625
10612
10600
10562
10525
10462
10425
10387
10387
10375
10387
10375
10387
10375
10387
10375
10387
10375
10387
10387
10400
10387
10400
10387
10362
10350
10337
10325
10312
10325
10312
10300
10287
10275
10237
10225
10212
10200
10187
10200
10187
10200
10187
10200
10187
10175
10162
10150
10137
10125
10137
10125
10137
10125
10112
10100
10087
10075
10062
10075
10062
10075
10062
10075
10062
10050
10037
10025
10012
10000
10012
10025
10062
10100
10162
10225
10287
10350
10425
10500
10575
10650
10712
10775
10825
10887
10925
10962
10975
10987
10975
10987
10975
10987
10975
10962
10925
10912
10900
10887
10875
10887
10875
10875
10862
10875
10862
10850
10837
10825
10787
10775
10750
10725
10700
10675
10625
10587
10550
10512
10500
10512
10525
10512
10525
10512
10500
10487
10500
10487
10500
10487
10500
10487
10475
10462
10450
10437
10425
10437
10425
10437
10425
10437
10425
10412
10400
10387
10387
10375
10387
10375
10362
10350
10325
10312
10300
10312
10300
10325
10312
10300
10287
10275
10262
10250
10237
10225
10212
10200
10187
10200
10187
10200
10187
10200
10187
10175
10162
10150
10137
10125
10137
10125
10137
10125
10112
10100
10087
10075
10062
10050
10050
10050
10025
10025
10025
10012
10000
10025
10025
10050
10075
10125
10162
10225
10287
10362
10437
10487
10537
10575
10612
10650
10712
10775
10825
10887
10925
10962
11000
11012
11025
11037
11050
11037
11050
11037
11050
11037
11050
11037
11050
11037
11050
11037
11050
11037
11050
11037
11050
11037
11050
11037
11050
11025
11025
11000
11000
10962
10962
10937
10912
10862
10850
10825
10787
10750
10737
10700
10687
10675
10687
10675
10687
10675
10687
10675
10662
10650
10637
10625
10612
10625
10612
10600
10587
10575
10562
10550
10562
10550
10537
10525
10512
10500
10487
10475
10462
10450
10437
10425
10437
10425
10437
10425
10412
10400
10387
10387
10375
10362
10350
10362
10350
10337
10350
10337
10325
10312
10325
10312
10300
10287
10275
10262
10250
10262
10250
10262
10250
10237
10225
10212
10175
10162
10175
10187
10225
10287
10325
10362
10387
10425
10462
10537
10612
10687
10762
10837
10912
10987
11062
11112
11150
11162
11175
11162
11175
11162
11150
11137
11125
11112
11100
11112
11100
11112
11100
11112
11100
11112
11087
11100
11087
11100
11087
11087
11050
11037
11000
10962
10950
10937
10900
10862
10825
10800
10762
10725
10712
10700
10687
10675
10687
10675
10687
10675
10687
10675
10662
10650
10637
10625
10612
10625
10612
10600
10587
10575
10537
10525
10512
10500
10487
10475
10437
10425
10387
10387
10375
10362
10350
10337
10300
10287
10275
10262
10250
10262
10250
10262
10250
10262
10250
10237
10225
10212
10200
10187
10175
10162
10150
10112
10100
10075
10050
10050
10050
10025
10012
10000
9962
9950
9937
9950
9937
9950
9975
10025
10075
10150
10225
10287
10337
10400
10462
10525
10587
10650
10712
10775
10825
10862
10900
10912
10900
10900
10900
10875
10850
10850
10825
10812
10800
10787
10775
10762
10725
10712
10700
10662
10625
10587
10550
10512
10475
10437
10425
10387
10362
10350
10337
10325
10312
10300
10287
10275
10262
10250
10262
10250
10262
10250
10262
10250
10237
10225
10212
10200
10187
10175
10162
10150
10137
10112
10112
10087
10087
10062
10075
10062
10050
10037
10025
10012
10000
10012
10000
9987
9975
9962
9950
9937
9950
9937
9950
9937
9950
9937
9925
9912
9900
9887
9875
9887
9875
9887
9875
9887
9875
9862
9850
9837
9837
9825
9837
9825
9812
9800
9812
9800
9787
9800
9787
9775
9762
9775
9762
9750
9737
9725
9712
9725
9762
9775
9812
9837
9875
9912
9975
10012
10050
10087
10125
10162
10225
10287
10337
10400
10462
10525
10562
10600
10637
10650
10662
10675
10687
10675
10687
10675
10662
10650
10662
10650
10662
10675
10662
10650
10637
10625
10612
10625
10612
10625
10612
10625
10612
10625
10612
10625
10612
10600
10562
10525
10462
10425
10387
10387
10375
10387
10375
10362
10350
10337
10325
10312
10325
10312
10325
10337
10350
10337
10350
10337
10325
10312
10325
10312
10300
10287
10275
10262
10250
10262
10250
10237
10225
10212
10200
10187
10200
10187
10175
10162
10150
10137
10125
10137
10125
10137
10125
10137
10125
10137
10125
10137
10125
10112
10100
10087
10075
10062
10075
10062
10075
10062
10050
10037
10025
10012
10000
10012
10000
10012
10000
10012
10000
10012
10025
10062
10100
10162
10225
10287
10337
10400
10462
10525
10587
10650
10712
10775
10825
10862
10900
10912
10900
10887
10875
10875
10862
10875
10862
10875
10862
10875
10850
10850
10850
10850
10825
10812
10800
10762
10725
10687
10650
10612
10575
10537
10525
10512
10500
10487
10475
10462
10450
10437
10425
10437
10425
10437
10450
10450
10450
10475
10462
10462
10475
10487
10475
10475
10462
10450
10412
10400
10387
10387
10375
10387
10375
10362
10350
10337
10300
10287
10275
10262
10250
10237
10225
10212
10200
10187
10200
10187
10200
10187
10175
10162
10150
10137
10125
10112
10100
10087
10075
10062
10050
10037
10012
9987
9987
9987
9987
10000
9987
9975
9962
9950
9937
9950
9937
9950
9937
9950
9937
9950
9962
9975
9987
10037
10087
10137
10212
10287
10337
10400
10462
10525
10587
10650
10725
10775
10825
10862
10912
10950
10987
11025
11037
11025
11012
11000
10987
10975
10987
10975
10987
10975
10987
10975
10987
10975
10987
10975
10987
10975
10962
10925
10887
10825
10775
10737
10700
10687
10675
10687
10675
10662
10650
10637
10625
10612
10600
10587
10575
10562
10550
10562
10550
10537
10525
10512
10475
10462
10450
10412
10400
10387
10362
10350
10337
10325
10312
10300
10287
10275
10262
10250
10262
10250
10237
10225
10212
10200
10187
10200
10187
10200
10187
10175
10162
10150
10137
10125
10137
10125
10112
10100
10087
10075
10062
10050
10037
10025
10012
10000
10012
10000
9987
9975
9962
9950
9937
9950
9937
9950
9937
9925
9912
9925
9912
9925
9962
10000
10037
10100
10162
10225
10287
10362
10450
10537
10625
10700
10775
10825
10887
10925
10975
11025
11050
11075
11100
11112
11100
11087
11075
11087
11075
11062
11075
11062
11050
11037
11050
11037
11050
11037
11050
11037
11050
11037
11025
10987
10975
10937
10900
10862
10825
10800
10762
10725
10687
10675
10637
10625
10612
10625
10612
10625
10612
10625
10612
10625
10612
10625
10612
10625
10612
10600
10587
10575
10562
10550
10562
10550
10562
10550
10537
10500
10487
10450
10437
10425
10412
10400
10387
10387
10375
10362
10350
10337
10300
10287
10275
10262
10250
10237
10225
10212
10200
10187
10200
10187
10175
10162
10175
10162
10150
10162
10150
10137
10125
10137
10125
10137
10125
10112
10100
10087
10050
10012
10000
9962
9925
9887
9850
9787
9762
9725
9687
9650
9612
9575
9537
9525
9512
9525
9512
9500
9487
9475
9462
9475
9512
9550
9612
9675
9737
9787
9850
9912
9975
10037
10075
10112
10125
10137
10150
10162
10175
10212
10225
10237
10275
10287
10300
10312
10300
10287
10275
10262
10250
10237
10200
10187
10150
10137
10125
10112
10100
10087
10075
10062
10050
10037
10025
10012
10000
10012
10000
10012
10000
10012
10000
10012
10000
10012
10000
10012
10000
10012
10000
10025
10012
10000
9987
9975
9925
9912
9925
9912
9900
9912
9900
9887
9875
9887
9875
9887
9875
9887
9875
9887
9875
9887
9875
9887
9875
9887
9875
9887
9875
9887
9900
9912
9900
9912
9900
9887
9875
9862
9850
9837
9837
9825
9812
9800
9787
9775
9762
9775
9762
9775
9762
9775
9787
9812
9862
9937
10012
10062
10125
10175
10225
10275
10337
10400
10462
10500
10537
10575
10612
10625
10662
10675
10687
10675
10687
10675
10687
10675
10687
10675
10662
10650
10637
10625
10612
10625
10612
10600
10587
10575
10537
10500
10462
10425
10387
10387
10375
10362
10325
10312
10275
10262
10250
10262
10250
10262
10250
10262
10250
10262
10250
10237
10225
10212
10200
10187
10175
10162
10150
10137
10125
10112
10100
10087
10075
10062
10075
10062
10075
10062
10050
10012
10000
9962
9950
9937
9950
9937
9950
9937
9950
9937
9925
9912
9900
9887
9875
9862
9850
9837
9837
9825
9837
9825
9837
9825
9837
9825
9812
9812
9812
9787
9800
9812
9787
9787
9812
9812
9850
9912
9975
10037
10100
10162
10237
10300
10375
10450
10525
10587
10650
10687
10725
10762
10775
10787
10825
10837
10825
10837
10850
10837
10850
10862
10875
10862
10875
10862
10875
10862
10875
10862
10875
10862
10875
10862
10875
10862
10850
10837
10825
10787
10750
10712
10675
10637
10600
10587
10575
10562
10550
10562
10550
10562
10550
10562
10550
10562
10550
10562
10550
10562
10550
10562
10550
10537
10500
10487
10450
10437
10425
10437
10425
10412
10400
10387
10362
10350
10337
10300
10287
10275
10262
10250
10262
10250
10262
10250
10237
10225
10212
10200
10187
10175
10162
10150
10137
10125
10137
10125
10137
10125
10112
10100
10087
10075
10062
10075
10062
10050
10037
10025
10012
10000
10012
10025
10037
10050
10062
10075
10087
10125
10162
10225
10287
10337
10400
10462
10525
10600
10675
10725
10775
10825
10850
10887
10950
10987
11025
11037
11050
11037
11050
11037
11050
11037
11050
11037
11050
11037
11050
11037
11025
11012
11000
10987
10975
10987
10975
10987
10975
10962
10950
10937
10900
10862
10850
10825
10787
10775
10762
10725
10687
10675
10637
10625
10612
10625
10612
10625
10612
10625
10612
10625
10612
10625
10612
10600
10587
10575
10562
10550
10562
10550
10562
10550
10537
10525
10512
10500
10487
10500
10487
10475
10437
10425
10412
10400
10412
10425
10437
10425
10412
10400
10387
10387
10375
10362
10350
10337
10325
10312
10325
10312
10325
10312
10325
10312
10325
10312
10300
10287
10275
10262
10250
10237
10225
10212
10200
10187
10200
10187
10200
10187
10200
10187
10200
10187
10200
10175
10175
10150
10150
10125
10112
10100
10112
10100
10112
10150
10162
10187
10237
10287
10325
10400
10462
10525
10587
10650
10712
10775
10825
10862
10900
10937
10975
11012
11050
11087
11100
11112
11100
11112
11100
11087
11075
11087
11075
11062
11075
11062
11050
11037
11050
11037
11025
11012
11025
11012
11000
11012
11000
10962
10950
10937
10900
10887
10875
10850
10812
10775
10737
10700
10662
10650
10637
10600
10587
10600
10587
10575
10587
10575
10562
10550
10562
10550
10562
10550
10562
10550
10537
10525
10512
10500
10487
10475
10462
10450
10437
10425
10412
10400
10387
10387
10375
10387
10375
10362
10350
10337
10325
10312
10325
10312
10300
10287
10275
10262
10250
10237
10225
10237
10225
10212
10225
10212
10200
10187
10200
10187
10200
10187
10175
10162
10150
10137
10125
10112
10100
10087
10075
10062
10075
10050
10050
10025
10025
10000
10012
10000
9987
9975
9962
9950
9937
9950
9937
9950
9937
9950
9962
10000
10037
10100
10162
10225
10287
10337
10400
10462
10525
10587
10625
10675
10725
10775
10800
10850
10862
10875
10875
10887
10875
10887
10875
10875
10862
10875
10862
10875
10862
10875
10862
10875
10862
10875
10862
10850
10812
10775
10712
10650
10612
10575
10562
10550
10562
10550
10562
10550
10562
10550
10537
10525
10512
10500
10487
10500
10487
10475
10462
10450
10412
10400
10387
10387
10375
10387
10375
10387
10375
10362
10350
10337
10300
10287
10275
10262
10250
10262
10250
10262
10250
10262
10250
10237
10225
10212
10200
10187
10175
10162
10137
10112
10087
10087
10062
10075
10062
10075
10062
10050
10037
10025
10012
10025
10062
10100
10137
10187
10237
10287
10325
10412
10462
10512
10575
10637
10687
10762
10825
10887
10950
10987
11025
11062
11075
11087
11100
11112
11087
11087
11062
11062
11037
11050
11062
11062
11062
11062
11062
11037
11050
11037
11050
11037
11025
10987
10950
10912
10875
10850
10837
10825
10787
10775
10762
10750
10737
10750
10762
10762
10762
10762
10775
10762
10787
10787
10787
10775
10762
10750
10737
10725
10712
10700
10662
10650
10637
10600
10587
10575
10562
10550
10537
10500
10462
10425
10387
10387
10375
10387
10375
10362
10350
10337
10325
10312
10325
10312
10325
10312
10325
10312
10325
10312
10325
10312
10300
10287
10275
10262
10250
10237
10225
10212
10200
10187
10175
10137
10125
10112
10125
10162
10225
10287
10337
10400
10462
10525
10587
10650
10712
10775
10825
10900
10975
11025
11075
11125
11137
11150
11187
11200
11212
11225
11237
11225
11237
11225
11237
11225
11237
11225
11237
11225
11237
11225
11212
11200
11187
11175
11162
11150
11137
11125
11112
11100
11087
11075
11050
11025
11000
10975
10950
10925
10900
10875
10850
10837
10825
10812
10800
10812
10800
10812
10800
10812
10800
10812
10800
10812
10800
10812
10800
10787
10787
10787
10762
10762
10762
10725
10712
10700
10687
10675
10687
10675
10662
10625
10612
10575
10562
10550
10537
10525
10512
10500
10487
10475
10462
10450
10437
10425
10437
10425
10437
10425
10412
10400
10387
10362
10350
10337
10325
10312
10300
10287
10275
10262
10250
10262
10250
10262
10250
10262
10250
10262
10250
10237
10225
10212
10200
10187
10175
10162
10150
10112
10100
10087
10050
10037
10050
10062
10100
10162
10225
10287
10350
10425
10500
10575
10650
10712
10775
10825
10887
10950
11012
11075
11137
11175
11212
11250
11262
11275
11287
11300
11287
11300
11287
11300
11287
11275
11262
11250
11212
11200
11187
11175
11162
11175
11162
11150
11112
11075
11012
10975
10937
10900
10862
10850
10825
10787
10750
10712
10675
10637
10625
10612
10600
10587
10575
10562
10550
10562
10550
10562
10550
10562
10550
10537
10525
10512
10475
10462
10450
10437
10425
10412
10400
10387
10387
10375
10362
10325
10312
10262
10237
10237
10237
10212
10225
10212
10200
10187
10200
10187
10175
10162
10150
10112
10075
10062
10025
9987
9975
9987
9962
9962
9962
9962
9937
9950
9937
9925
9912
9900
9887
9875
9862
9850
9837
9837
9825
9837
9825
9837
9825
9837
9825
9837
9825
9812
9800
9787
9775
9762
9750
9737
9750
9737
9750
9762
9775
9787
9812
9825
9875
9925
9975
10025
10100
10162
10225
10287
10337
10400
10462
10525
10562
10600
10637
10650
10662
10675
10687
10675
10687
10675
10662
10650
10637
10625
10612
10625
10612
10600
10562
10550
10512
10475
10462
10450
10412
10375
10337
10312
10275
10262
10250
10237
10225
10212
10200
10187
10200
10212
10225
10212
10225
10237
10225
10212
10225
10212
10200
10187
10200
10187
10200
10187
10175
10162
10150
10137
10125
10137
10125
10112
10100
10087
10075
10062
10075
10062
10075
10062
10050
10037
10025
9987
9975
9962
9950
9937
9950
9937
9950
9937
9950
9937
9950
9937
9950
9937
9925
9912
9900
9887
9875
9887
9875
9862
9850
9837
9837
9825
9837
9825
9837
9812
9812
9787
9787
9762
9750
9737
9725
9712
9725
9737
9750
9762
9775
9787
9800
9812
9837
9850
9862
9900
9937
9975
10037
10100
10137
10187
10237
10287
10325
10400
10462
10525
10587
10650
10687
10725
10737
10750
10762
10775
10762
10775
10762
10750
10737
10750
10737
10725
10712
10700
10662
10625
10612
10575
10537
10500
10487
10450
10437
10425
10412
10400
10387
10387
10375
10387
10375
10387
10375
10362
10350
10362
10350
10362
10375
10387
10375
10387
10375
10387
10375
10387
10375
10387
10375
10387
10375
10362
10350
10337
10325
10312
10300
10287
10275
10262
10250
10237
10225
10212
10200
10187
10200
10187
10200
10187
10200
10187
10200
10187
10200
10187
10200
10187
10175
10162
10150
10137
10125
10137
10125
10137
10125
10112
10100
10087
10075
10062
10075
10062
10050
10037
10025
10012
10000
10012
10000
10012
10000
10012
10000
10012
10000
9987
9975
9962
9950
9937
9950
9937
9925
9912
9925
9912
9925
9937
9950
9962
10000
10037
10100
10162
10225
10287
10337
10400
10462
10525
10587
10650
10712
10775
10862
10925
10987
11050
11075
11087
11100
11112
11100
11112
11087
11087
11062
11062
11037
11050
11037
11050
11037
11025
11012
11000
10987
10975
10987
10975
10962
10925
10887
10850
10825
10812
10800
10787
10750
10737
10700
10662
10625
10612
10600
10587
10575
10587
10575
10562
10550
10562
10550
10537
10525
10512
10475
10462
10450
10437
10425
10437
10425
10437
10425
10437
10425
10412
10400
10387
10362
10350
10337
10325
10312
10300
10287
10275
10237
10225
10212
10200
10187
10200
10187
10200
10187
10200
10187
10175
10162
10150
10137
10125
10137
10125
10112
10100
10087
10075
10062
10075
10062
10050
10037
10025
10012
10000
10012
10000
9987
9975
9962
9950
9937
9950
9937
9925
9912
9925
9912
9925
9937
9950
9962
10000
10037
10100
10162
10225
10287
10337
10400
10475
10550
10625
10700
10775
10825
10862
10912
10962
10987
11012
11062
11075
11087
11100
11112
11100
11112
11100
11087
11075
11062
11050
11037
11025
11012
11000
10987
10975
10987
10975
10987
10975
10987
10975
10962
10950
10937
10925
10912
10900
10887
10875
10850
10837
10812
10762
10737
10712
10662
10625
10612
10575
10562
10550
10562
10550
10562
10537
10537
10512
10512
10487
10475
10462
10450
10437
10425
10437
10425
10412
10400
10387
10387
10375
10362
10350
10337
10287
10262
10262
10237
10237
10250
10237
10225
10212
10200
10187
10175
10162
10175
10162
10150
10137
10125
10087
10075
10062
10075
10062
10075
10062
10075
10062
10075
10062
10050
10012
10000
9962
9925
9912
9900
9887
9875
9862
9850
9837
9812
9800
9787
9775
9762
9775
9762
9775
9762
9775
9762
9775
9787
9812
9850
9912
9975
10037
10100
10162
10225
10287
10337
10400
10462
10525
10562
10600
10612
10625
10637
10650
10662
10675
10687
10675
10687
10675
10687
10675
10662
10650
10637
10625
10612
10625
10612
10625
10612
10600
10587
10575
10562
10550
10562
10550
10562
10550
10537
10525
10512
10475
10437
10425
10387
10362
10350
10337
10325
10312
10300
10300
10300
10300
10300
10325
10312
10325
10312
10325
10312
10325
10312
10325
10312
10325
10312
10325
10312
10325
10312
10325
10312
10300
10287
10275
10237
10225
10212
10200
10187
10200
10187
10200
10187
10175
10162
10175
10162
10150
10162
10150
10137
10125
10137
10125
10137
10125
10112
10100
10087
10075
10062
10075
10062
10050
10037
10025
10012
10000
10012
10000
10012
10000
9987
9975
9962
9950
9937
9950
9962
10000
10000
10037
10075
10112
10150
10225
10287
10337
10400
10462
10525
10587
10650
10712
10775
10825
10862
10900
10937
10950
10937
10950
10937
10925
10912
10925
10912
10925
10912
10925
10912
10900
10887
10875
10850
10812
10775
10737
10700
10687
10675
10687
10675
10687
10675
10687
10675
10687
10675
10687
10675
10687
10675
10662
10650
10637
10600
10587
10575
10562
10550
10537
10525
10537
10525
10537
10537
10537
10512
10512
10487
10500
10487
10500
10487
10500
10487
10500
10487
10475
10462
10450
10437
10425
10437
10425
10437
10425
10437
10425
10437
10425
10412
10400
10387
10387
10375
10387
10375
10387
10375
10362
10350
10337
10325
10312
10325
10312
10325
10312
10325
10337
10362
10375
10412
10450
10487
10525
10600
10650
10712
10775
10825
10875
10950
11012
11075
11137
11200
11237
11275
11312
11325
11312
11325
11312
11300
11287
11300
11287
11300
11287
11300
11287
11300
11287
11300
11287
11275
11262
11250
11212
11175
11162
11125
11087
11050
11037
11000
10962
10950
10937
10925
10912
10925
10912
10925
10912
10925
10912
10925
10912
10925
10912
10900
10887
10875
10875
10862
10850
10837
10825
10812
10800
10787
10775
10762
10725
10712
10700
10687
10675
10662
10650
10637
10600
10587
10575
10537
10525
10512
10500
10487
10500
10487
10500
10487
10500
10487
10475
10462
10475
10462
10475
10487
10475
10462
10450
10437
10425
10437
10425
10437
10425
10412
10400
10387
10387
10375
10387
10375
10387
10375
10387
10375
10362
10350
10337
10300
10287
10275
10262
10250
10237
10225
10212
10200
10212
10250
10287
10325
10362
10412
10462
10512
10600
10675
10750
10812
10887
10950
11012
11075
11137
11200
11262
11287
11312
11337
11337
11337
11350
11362
11350
11362
11350
11362
11350
11362
11350
11362
11350
11362
11350
11337
11325
11312
11275
11237
11200
11162
11125
11087
11075
11062
11012
10987
10962
10937
10912
10925
10912
10925
10912
10925
10912
10900
10887
10875
10875
10862
10875
10862
10875
10862
10875
10862
10850
10837
10825
10812
10800
10787
10750
10737
10700
10687
10675
10662
10650
10637
10625
10612
10600
10562
10525
10487
10450
10437
10425
10437
10425
10437
10425
10412
10400
10387
10387
10375
10387
10375
10387
10375
10362
10350
10337
10325
10312
10325
10312
10325
10312
10325
10312
10300
10287
10275
10262
10250
10262
10250
10262
10250
10237
10225
10212
10200
10187
10200
10187
10200
10187
10200
10187
10200
10175
10175
10175
10175
10150
10162
10150
10112
10100
10087
10075
10087
10125
10162
10225
10287
10337
10400
10462
10525
10587
10662
10712
10762
10812
10850
10887
10950
10987
11025
11062
11075
11087
11100
11112
11100
11112
11100
11112
11100
11112
11100
11087
11075
11062
11050
11037
11025
10987
10975
10937
10925
10912
10925
10912
10925
10912
10900
10887
10875
10850
10812
10775
10712
10675
10637
10625
10612
10600
10587
10575
10562
10550
10562
10550
10562
10550
10537
10525
10512
10500
10487
10475
10462
10450
10412
10375
10337
10312
10275
10237
10225
10200
10175
10150
10150
10125
10137
10125
10137
10125
10137
10125
10137
10125
10137
10125
10137
10125
10137
10125
10137
10125
10137
10125
10137
10125
10137
10125
10137
10125
10137
10125
10137
10125
10137
10125
10137
10125
10112
10100
10087
10075
10062
10075
10062
10075
10062
10075
10062
10075
10062
10075
10062
10075
10062
10075
10087
10125
10162
10225
10287
10337
10400
10462
10525
10587
10650
10712
10775
10825
10887
10925
10962
10975
11000
11025
11050
11075
11125
11137
11150
11162
11150
11137
11150
11137
11150
11162
11150
11137
11125
11112
11100
11112
11100
11112
11100
11112
11100
11112
11100
11112
11100
11112
11100
11087
11050
11037
11000
10962
10925
10887
10825
10800
10762
10725
10712
10725
10712
10725
10737
10750
10737
10750
10737
10750
10737
10750
10737
10750
10725
10737
10725
10737
10725
10750
10737
10725
10712
10700
10662
10625
10612
10575
10562
10550
10537
10525
10512
10500
10487
10475
10462
10450
10437
10425
10412
10400
10387
10387
10375
10362
10350
10337
10325
10312
10300
10287
10275
10262
10250
10262
10250
10237
10225
10212
10200
10187
10200
10187
10200
10187
10175
10162
10150
10137
10125
10137
10125
10137
10125
10112
10100
10087
10050
10037
10050
10062
10075
10125
10175
10225
10275
10337
10400
10462
10537
10612
10687
10762
10825
10887
10950
10987
11037
11087
11137
11162
11212
11225
11237
11225
11212
11200
11187
11175
11162
11150
11137
11150
11137
11150
11162
11175
11162
11175
11162
11150
11137
11125
11087
11050
11012
10950
10887
10850
10825
10812
10800
10812
10800
10812
10800
10812
10800
10812
10800
10787
10775
10762
10750
10737
10725
10712
10700
10687
10662
10662
10637
10637
10612
10625
10612
10625
10612
10600
10587
10575
10562
10550
10537
10525
10512
10475
10462
10450
10437
10425
10412
10400
10387
10362
10350
10337
10325
10312
10325
10312
10325
10312
10300
10287
10275
10262
10250
10262
10250
10262
10250
10237
10225
10212
10200
10187
10175
10162
10150
10137
10125
10137
10125
10112
10100
10087
10075
10062
10075
10062
10050
10037
10025
9987
9975
9962
9950
9937
9950
9925
9925
9925
9925
9925
9962
9975
10000
10050
10100
10150
10225
10287
10337
10400
10462
10525
10587
10650
10712
10775
10825
10887
10950
11012
11050
11087
11100
11112
11100
11112
11100
11112
11087
11100
11087
11100
11087
11112
11100
11087
11087
11087
11087
11087
11087
11075
11062
11025
11012
11025
11012
11000
11012
11000
10962
10925
10887
10850
10825
10787
10750
10737
10700
10662
10650
10637
10625
10612
10625
10612
10625
10612
10625
10612
10625
10612
10600
10587
10575
10562
10550
10562
10550
10537
10525
10512
10500
10487
10500
10487
10500
10487
10475
10462
10450
10437
10425
10437
10425
10412
10400
10387
10387
10375
10362
10350
10337
10300
10287
10275
10262
10250
10262
10250
10237
10225
10212
10200
10187
10200
10187
10200
10187
10200
10187
10175
10162
10150
10112
10100
10087
10075
10062
10075
10062
10050
10037
10025
10012
10000
9987
9975
9962
9950
9937
9950
9937
9925
9912
9900
9887
9875
9887
9875
9862
9825
9812
9787
9775
9762
9775
9762
9775
9762
9750
9737
9725
9712
9700
9712
9700
9687
9675
9687
9675
9687
9700
9712
9725
9762
9787
9850
9912
9975
10037
10100
10162
10237
10300
10375
10450
10525
10587
10650
10687
10725
10762
10800
10812
10850
10862
10875
10862
10875
10862
10875
10862
10850
10837
10825
10787
10775
10762
10750
10737
10750
10737
10750
10737
10750
10737
10750
10737
10725
10712
10700
10662
10625
10612
10575
10537
10500
10462
10425
10387
10362
10350
10337
10325
10312
10300
10287
10275
10262
10250
10262
10250
10262
10250
10262
10250
10237
10225
10212
10175
10162
10150
10112
10100
10087
10075
10062
10075
10062
10050
10037
10025
9987
9975
9962
9950
9937
9950
9937
9925
9912
9900
9887
9875
9887
9875
9887
9875
9887
9875
9887
9875
9862
9850
9837
9837
9825
9837
9825
9837
9825
9812
9800
9787
9775
9762
9775
9762
9775
9762
9750
9737
9725
9712
9725
9737
9750
9762
9775
9787
9812
9850
9912
9975
10037
10100
10162
10225
10287
10362
10437
10512
10587
10625
10662
10700
10712
10725
10762
10775
10787
10800
10787
10775
10762
10750
10737
10750
10737
10725
10712
10700
10687
10675
10687
10675
10687
10675
10662
10650
10637
10600
10562
10525
10487
10450
10412
10400
10387
10387
10375
10387
10375
10387
10375
10362
10350
10362
10350
10362
10375
10362
10350
10337
10325
10312
10300
10287
10275
10262
10250
10237
10225
10212
10200
10187
10200
10187
10200
10187
10200
10187
10200
10187
10200
10187
10200
10187
10175
10162
10150
10137
10125
10137
10125
10137
10125
10137
10125
10112
10100
10087
10075
10062
10075
10062
10075
10062
10050
10037
10025
10012
10000
10012
10000
10012
10000
9987
9975
9962
9950
9937
9950
9937
9950
9962
10000
10037
10100
10162
10225
10287
10337
10400
10462
10500
10537
10587
10637
10687
10762
10812
10850
10875
10912
10950
10987
11025
11037
11050
11037
11050
11037
11050
11037
11025
11012
11000
10987
10975
10987
10975
10987
10975
10987
10975
10987
10975
10987
10975
10962
10950
10937
10925
10912
10900
10862
10850
10825
10787
10737
10712
10687
10662
10637
10650
10637
10600
10587
10575
10562
10550
10562
10550
10562
10550
10562
10550
10537
10525
10512
10475
10462
10450
10412
10400
10387
10362
10350
10337
10300
10287
10275
10237
10225
10212
10200
10212
10225
10212
10225
10212
10175
10162
10150
10112
10100
10087
10087
10087
10112
10112
10137
10125
10137
10125
10137
10125
10137
10125
10137
10150
10162
10175
10175
10175
10175
10162
10150
10150
10150
10125
10137
10125
10137
10112
10112
10087
10087
10062
10075
10062
10050
10037
10025
10012
10025
10062
10100
10162
10225
10287
10337
10400
10462
10525
10587
10650
10712
10775
10825
10887
10950
11012
11075
11137
11200
11237
11250
11262
11250
11237
11225
11212
11200
11187
11175
11162
11175
11187
11200
11212
11225
11237
11225
11237
11225
11212
11200
11187
11150
11137
11125
11087
11075
11062
11025
11012
10987
10937
10887
10837
10800
10762
10750
10737
10725
10712
10700
10687
10700
10712
10725
10737
10725
10712
10700
10662
10650
10637
10625
10612
10625
10612
10625
10612
10625
10637
10650
10637
10650
10637
10625
10612
10625
10612
10625
10612
10625
10600
10600
10575
10575
10537
10550
10537
10525
10487
10462
10425
10387
10362
10325
10312
10275
10237
10200
10187
10150
10137
10112
10112
10087
10062
10037
10025
10012
10000
10012
10000
10012
10025
10062
10075
10112
10150
10162
10150
10162
10150
10112
10100
10075
10050
10025
10025
10000
10012
10000
10012
10000
10012
10000
10012
10000
10012
10000
10012
10000
10012
10025
10062
10100
10137
10187
10237
10287
10312
10362
10387
10425
10462
10525
10587
10650
10712
10775
10812
10850
10875
10887
10900
10912
10925
10937
10950
10937
10925
10912
10875
10850
10837
10825
10812
10800
10787
10775
10762
10750
10737
10750
10737
10725
10712
10700
10687
10675
10687
10675
10687
10675
10662
10625
10587
10525
10462
10400
10337
10312
10275
10237
10200
10162
10125
10087
10075
10062
10050
10037
10025
10012
10000
10012
10000
10012
10000
9987
9975
9962
9950
9937
9925
9887
9875
9837
9837
9825
9837
9825
9812
9800
9787
9750
9737
9725
9687
9675
9662
9650
9637
9625
9612
9600
9587
9575
9587
9575
9587
9575
9562
9550
9537
9525
9512
9525
9512
9525
9512
9525
9512
9525
9512
9525
9512
9525
9512
9525
9512
9525
9512
9525
9512
9500
9487
9475
9462
9450
9462
9450
9462
9475
9487
9500
9537
9550
9562
9600
9612
9625
9662
9700
9737
9787
9850
9912
9975
10012
10050
10087
10100
10125
10175
10200
10237
10275
10300
10325
10362
10375
10412
10425
10437
10425
10450
10450
10475
10475
10475
10462
10450
10437
10425
10437
10425
10437
10425
10437
10425
10437
10425
10412
10400
10387
10362
10350
10337
10300
10287
10275
10237
10225
10212
10200
10187
10200
10187
10175
10162
10150
10137
10125
10137
10125
10137
10125
10137
10125
10112
10112
10112
10087
10087
10087
10075
10062
10075
10050
10050
10025
10025
10000
10012
10000
9987
9975
9962
9950
9937
9950
9937
9950
9937
9950
9937
9950
9937
9950
9937
9925
9912
9900
9887
9875
9887
9875
9862
9850
9837
9837
9837
9850
9837
9850
9837
9837
9825
9812
9800
9787
9775
9762
9775
9762
9775
9762
9775
9787
9812
9850
9912
9975
10037
10100
10162
10225
10287
10325
10362
10412
10462
10487
10537
10550
10537
10525
10512
10500
10487
10500
10487
10500
10487
10475
10462
10450
10437
10425
10437
10425
10437
10425
10437
10425
10412
10375
10337
10312
10275
10262
10250
10237
10225
10212
10200
10187
10200
10187
10200
10187
10175
10162
10175
10162
10175
10212
10225
10237
10250
10262
10250
10237
10225
10212
10200
10187
10200
10187
10175
10162
10150
10137
10112
10125
10112
10100
10087
10087
10075
10087
10125
10175
10225
10275
10325
10400
10462
10550
10637
10687
10737
10762
10787
10787
10812
10800
10787
10750
10712
10637
10562
10487
10412
10337
10275
10200
10150
10100
10050
10012
9975
9912
9850
9787
9737
9675
9612
9550
9487
9425
9362
9300
9250
9187
9150
9112
9100
9087
9100
9112
9125
9150
9200
9250
9287
9362
9425
9487
9550
9612
9675
9737
9787
9850
9925
9975
10025
10075
10100
10112
10150
10162
10175
10187
10175
10137
10100
10037
10000
9962
9925
9887
9850
9775
9737
9687
9637
9587
9575
9537
9525
9512
9525
9512
9525
9537
9550
9562
9600
9637
9675
9737
9787
9825
9862
9900
9912
9925
9937
9950
9937
9925
9912
9900
9862
9850
9837
9837
9825
9812
9800
9812
9800
9812
9825
9812
9800
9787
9750
9712
9675
9612
9550
9487
9425
9350
9300
9262
9212
9200
9200
9200
9225
9275
9300
9362
9425
9487
9550
9587
9625
9637
9650
9637
9650
9637
9650
9637
9650
9662
9675
9687
9725
9762
9787
9850
9925
10000
10075
10150
10225
10262
10300
10312
10300
10262
10225
10162
10100
10037
9975
9912
9850
9812
9787
9775
9787
9812
9825
9862
9900
9912
9900
9887
9875
9837
9812
9800
9787
9775
9762
9775
9762
9775
9787
9812
9825
9862
9900
9937
9950
9987
10025
10062
10100
10162
10225
10262
10300
10337
10350
10362
10375
10387
10375
10362
10325
10287
10225
10187
10150
10112
10100
10087
10075
10062
10075
10087
10100
10112
10125
10137
10150
10162
10175
10212
10225
10237
10275
10312
10325
10362
10375
10387
10375
10387
10375
10362
10325
10312
10275
10237
10200
10162
10125
10087
10050
10037
10025
9987
9950
9937
9900
9862
9850
9837
9837
9825
9812
9800
9787
9775
9762
9775
9762
9775
9762
9775
9787
9800
9812
9837
9850
9862
9900
9912
9925
9937
9950
9962
9975
9962
9975
9987
9975
9987
10025
10062
10075
10112
10150
10187
10225
10287
10337
10375
10412
10450
10462
10450
10462
10437
10425
10412
10425
10412
10412
10400
10387
10387
10375
10387
10375
10362
10325
10312
10262
10250
10237
10250
10237
10262
10250
10262
10250
10262
10250
10262
10250
10262
10250
10262
10250
10237
10225
10212
10200
10212
10212
10212
10212
10212
10187
10200
10187
10200
10187
10200
10187
10200
10187
10200
10187
10200
10187
10200
10212
10225
10212
10250
10287
10312
10375
10475
10550
10625
10712
10787
10862
10950
11037
11112
11187
11262
11325
11375
11412
11450
11462
11450
11437
11450
11437
11425
11437
11425
11400
11387
11375
11337
11300
11287
11250
11237
11225
11212
11200
11187
11150
11112
11100
11050
11025
11000
10975
10925
10887
10850
10825
10787
10775
10762
10750
10737
10750
10737
10750
10737
10750
10737
10725
10712
10700
10687
10675
10687
10675
10687
10675
10687
10675
10687
10675
10662
10625
10612
10575
10537
10525
10512
10500
10487
10500
10487
10475
10462
10450
10437
10425
10412
10400
10387
10387
10375
10387
10375
10387
10375
10387
10375
10387
10375
10387
10375
10387
10375
10387
10375
10387
10375
10362
10350
10362
10350
10362
10375
10387
10375
10362
10350
10337
10325
10312
10325
10312
10300
10287
10300
10287
10275
10287
10275
10262
10250
10262
10250
10262
10250
10262
10250
10237
10225
10212
10200
10187
10200
10187
10200
10187
10200
10187
10200
10187
10200
10212
10250
10287
10337
10400
10462
10525
10587
10650
10712
10775
10825
10887
10950
11012
11075
11112
11150
11187
11200
11212
11250
11262
11275
