t = 60.000000, p = 493.000000
17537
17500
17462
17425
17387
17350
17312
17300
17287
17250
17237
17225
17212
17200
17212
17200
17212
17200
17212
17200
17187
17175
17162
17162
17150
17162
17150
17162
17150
17162
17162
17200
17237
17300
17375
17450
17525
17587
17662
17725
17787
17850
17912
17975
18037
18100
18150
18212
18275
18337
18375
18412
18425
18437
18425
18437
18425
18412
18375
18362
18325
18287
18275
18262
18225
18187
18150
18125
18087
18050
18037
18025
17987
17950
17937
17900
17862
17850
17837
17800
17787
17775
17737
17700
17662
17600
17550
17512
17475
17437
17425
17412
17375
17362
17350
17337
17325
17337
17325
17337
17350
17362
17375
17387
17400
17387
17400
17387
17400
17387
17400
17387
17375
17362
17350
17312
17300
17287
17250
17250
17250
17250
17250
17275
17262
17275
17262
17275
17262
17275
17262
17275
17262
17275
17262
17275
17287
17300
17312
17325
17337
17325
17312
17300
17287
17275
17250
17250
17225
17225
17200
17212
17200
17212
17200
17212
17225
17262
17300
17375
17450
17525
17612
17700
17787
17875
17950
18025
18100
18150
18212
18275
18337
18400
18462
18500
18537
18575
18587
18600
18612
18625
18612
18625
18600
18600
18575
18550
18500
18462
18425
18387
18350
18337
18325
18287
18275
18262
18225
18212
18200
18175
18137
18100
18037
17975
17912
17875
17837
17825
17812
17800
17762
17750
17712
17700
17687
17700
17712
17725
17712
17737
17737
17750
17762
17800
17800
17825
17812
17825
17812
17825
17812
17825
17812
17825
17812
17825
17812
17825
17812
17800
17787
17800
17812
17825
17862
17875
17887
17900
17912
17925
17937
17950
17937
17950
17937
17950
17937
17950
17937
17950
17937
17950
17937
17950
17937
17950
17937
17950
17937
17950
17937
17950
17937
17950
17937
17925
17887
17875
17862
17850
17862
17900
17937
17975
18037
18100
18175
18250
18325
18400
18475
18550
18637
18725
18812
18900
18950
19000
19050
19100
19112
19150
19162
19150
19112
19100
19062
19025
18987
18950
18887
18825
18787
18750
18712
18675
18662
18637
18625
18612
18600
18562
18525
18487
18450
18412
18375
18337
18300
18262
18225
18212
18200
18200
18187
18200
18187
18200
18200
18212
18200
18212
18200
18200
18187
18200
18187
18175
18162
18150
18137
18125
18137
18125
18137
18125
18137
18125
18112
18100
18087
18075
18062
18050
18012
18000
17962
17950
17937
17925
17912
17900
17887
17862
17875
17862
17875
17862
17862
17850
17837
17800
17787
17775
17762
17750
17762
17750
17737
17725
17712
17700
17687
17675
17675
17700
17725
17787
17875
17950
18025
18100
18150
18212
18275
18350
18425
18500
18575
18637
18700
18762
18825
18887
18950
19012
19050
19087
19100
19112
19100
19112
19100
19087
19075
19062
19025
19012
19000
18962
18925
18912
18875
18837
18800
18787
18750
18712
18700
18687
18687
18675
18687
18675
18687
18675
18662
18625
18587
18525
18462
18400
18362
18325
18287
18250
18212
18175
18137
18125
18112
18125
18112
18137
18125
18137
18125
18137
18125
18112
18100
18087
18075
18062
18075
18062
18075
18062
18075
18062
18075
18062
18075
18062
18050
18037
18025
18012
18000
18012
18000
18012
18000
17987
17950
17937
17900
17887
17875
17887
17875
17887
17875
17887
17875
17887
17875
17887
17875
17862
17850
17862
17850
17862
17875
17887
17875
17887
17875
17887
17875
17887
17900
17912
17925
17962
17975
17987
18025
18062
18100
18150
18212
18275
18337
18400
18462
18525
18587
18637
18700
18762
18825
18887
18950
19012
19075
19112
19150
19187
19212
19237
19262
19287
19275
19262
19225
19212
19187
19150
19112
19075
19037
18987
18937
18912
18887
18837
18825
18812
18800
18787
18800
18787
18775
18762
18750
18712
18700
18687
18662
18625
18612
18575
18537
18500
18462
18400
18337
18275
18237
18200
18175
18162
18175
18162
18150
18162
18175
18162
18175
18187
18175
18162
18150
18112
18100
18087
18075
18062
18050
18037
18025
18012
18000
17987
17950
17937
17900
17862
17850
17837
17825
17812
17800
17762
17750
17737
17725
17712
17725
17712
17700
17687
17675
17637
17625
17600
17562
17550
17562
17550
17562
17600
17662
17725
17825
17925
18012
18087
18150
18212
18287
18362
18450
18512
18575
18625
18662
18675
18687
18700
18687
18687
18675
18662
18625
18587
18550
18512
18500
18487
18475
18462
18450
18437
18425
18412
18375
18362
18325
18312
18300
18287
18275
18262
18225
18175
18162
18137
18100
18062
18037
17975
17912
17850
17812
17775
17737
17725
17712
17675
17662
17650
17625
17612
17625
17612
17600
17612
17625
17612
17625
17637
17650
17637
17650
17637
17625
17587
17575
17537
17525
17512
17500
17487
17475
17462
17437
17437
17412
17412
17387
17375
17337
17325
17287
17275
17262
17250
17237
17225
17212
17200
17187
17150
17137
17112
17075
17037
17025
16987
16950
16937
16925
16912
16900
16887
16875
16862
16850
16837
16850
16825
16825
16825
16850
16875
16937
17000
17062
17112
17175
17237
17300
17362
17437
17512
17575
17650
17737
17787
17850
17887
17925
17950
17975
17987
18000
18012
18000
17987
17975
17962
17925
17912
17900
17862
17850
17837
17800
17787
17775
17737
17700
17662
17625
17600
17562
17550
17537
17500
17462
17425
17387
17350
17312
17275
17237
17200
17162
17162
17150
17137
17100
17087
17050
17037
17025
17037
17025
17037
17025
17037
17025
17012
16975
16962
16925
16912
16900
16912
16900
16912
16900
16887
16875
16862
16825
16812
16800
16762
16750
16737
16700
16662
16625
16587
16562
16525
16487
16450
16387
16350
16312
16275
16262
16250
16237
16225
16237
16250
16287
16325
16387
16450
16512
16562
16625
16687
16762
16837
16912
16987
17062
17112
17150
17187
17225
17262
17275
17287
17300
17287
17250
17212
17200
17162
17162
17150
17137
17125
17112
17075
17062
17050
17012
16975
16962
16912
16887
16862
16862
16837
16825
16787
16750
16712
16675
16637
16600
16562
16512
16450
16387
16325
16287
16250
16237
16225
16212
16212
16212
16212
16212
16237
16225
16212
16200
16187
16150
16137
16125
16112
16100
16087
16075
16062
16037
16025
16012
15975
15937
15925
15887
15875
15862
15875
15862
15850
15837
15825
15787
15750
15737
15700
15662
15625
15612
15575
15550
15537
15525
15512
15500
15512
15500
15512
15500
15512
15500
15512
15500
15512
15500
15512
15525
15550
15587
15650
15712
15775
15850
15925
15987
16062
16137
16200
16262
16325
16387
16450
16512
16562
16625
16662
16700
16712
16700
16687
16675
16637
16600
16587
16562
16525
16487
16450
16387
16350
16312
16275
16262
16275
16262
16250
16262
16275
16262
16250
16237
16200
16137
16100
16050
16012
15987
15950
15912
15887
15887
15862
15850
15837
15850
15837
15825
15837
15850
15837
15850
15862
15875
15862
15875
15850
15850
15850
15850
15825
15837
15825
15812
15800
15812
15800
15812
15800
15812
15800
15787
15775
15762
15725
15712
15700
15662
15650
15637
15600
15587
15575
15575
15562
15550
15537
15525
15512
15500
15487
15475
15462
15450
15437
15450
15437
15450
15462
15475
15487
15525
15550
15587
15650
15712
15775
15837
15900
15962
16025
16100
16175
16250
16325
16387
16462
16525
16600
16675
16750
16787
16825
16862
16900
16912
16925
16937
16925
16887
16850
16837
16800
16762
16725
16712
16675
16637
16625
16612
16612
16600
16587
16550
16537
16500
16487
16475
16462
16450
16437
16400
16387
16375
16337
16300
16287
16250
16212
16175
16137
16100
16087
16100
16112
16150
16162
16150
16137
16125
16087
16050
16037
16012
15975
15937
15900
15862
15825
15812
15800
15812
15825
15837
15850
15862
15875
15862
15875
15862
15875
15862
15850
15812
15775
15737
15700
15662
15650
15662
15650
15662
15675
15687
15675
15687
15675
15687
15662
15662
15637
15637
15612
15625
15612
15625
15637
15675
15712
15775
15837
15900
15962
16012
16075
16150
16225
16300
16375
16462
16525
16600
16687
16775
16850
16925
17000
17037
17075
17087
17075
17062
17050
17037
17025
17012
16975
16962
16925
16887
16875
16862
16825
16787
16775
16737
16700
16687
16675
16662
16650
16637
16600
16587
16562
16525
16487
16450
16387
16325
16262
16225
16187
16150
16137
16125
16112
16100
16087
16075
16087
16062
16062
16062
16062
16050
16037
16025
16012
16000
15987
16000
15987
16000
15987
15975
15937
15900
15837
15800
15762
15712
15700
15687
15675
15662
15687
15675
15662
15650
15637
15625
15612
15600
15562
15550
15525
15487
15487
15487
15462
15462
15462
15450
15437
15450
15437
15450
15437
15450
15462
15500
15525
15587
15650
15712
15775
15837
15912
15975
16050
16125
16200
16262
16325
16387
16450
16512
16550
16587
16600
16587
16575
16562
16525
16487
16475
16437
16400
16362
16350
16312
16275
16262
16250
16212
16175
16162
16112
16087
16062
16037
16025
16012
15975
15937
15900
15862
15825
15787
15750
15712
15675
15637
15600
15587
15575
15550
15537
15525
15512
15525
15537
15550
15562
15550
15537
15525
15512
15500
15512
15500
15512
15500
15512
15500
15487
15475
15462
15425
15412
15425
15400
15400
15400
15400
15375
15362
15350
15337
15325
15312
15300
15287
15275
15262
15275
15287
15275
15287
15262
15237
15212
15187
15137
15125
15087
15075
15062
15075
15062
15075
15062
15075
15062
15050
15037
15050
15037
15050
15087
15100
15112
15150
15187
15225
15287
15350
15412
15475
15550
15625
15712
15800
15875
15950
16012
16075
16137
16200
16262
16325
16362
16400
16412
16425
16412
16400
16362
16325
16262
16200
16137
16100
16062
16037
16025
16012
15975
15975
15962
15950
15937
15950
15925
15912
15900
15887
15850
15812
15800
15762
15725
15687
15650
15587
15525
15500
15462
15450
15437
15450
15437
15450
15437
15450
15437
15450
15437
15450
15437
15425
15412
15400
15387
15375
15387
15375
15387
15375
15387
15375
15387
15375
15362
15350
15337
15325
15312
15325
15312
15325
15312
15300
15287
15275
15237
15225
15212
15175
15137
15125
15087
15050
15037
15025
15000
14987
14975
14962
14950
14975
14975
15000
15000
15025
15025
15062
15100
15162
15225
15287
15350
15412
15475
15525
15587
15650
15712
15775
15837
15900
15962
16012
16050
16062
16075
16062
16062
16050
16037
16025
16012
16000
15987
15975
15962
15950
15912
15875
15837
15775
15700
15650
15600
15550
15512
15500
15462
15425
15412
15400
15362
15350
15337
15325
15312
15325
15312
15325
15337
15350
15362
15375
15387
15375
15387
15375
15387
15375
15387
15375
15362
15325
15325
15300
15300
15300
15300
15287
15275
15237
15225
15212
15175
15162
15150
15112
15100
15087
15075
15062
15075
15062
15075
15062
15050
15012
14975
14925
14887
14850
14812
14800
14787
14775
14762
14775
14787
14825
14862
14925
14975
15037
15100
15175
15250
15325
15400
15475
15525
15587
15650
15712
15787
15862
15937
16000
16075
16137
16200
16262
16300
16312
16325
16312
16275
16237
16225
16187
16150
16112
16075
16012
15987
15950
15912
15900
15912
15900
15887
15900
15887
15850
15812
15775
15712
15650
15612
15562
15550
15525
15525
15500
15487
15450
15437
15400
15362
15350
15337
15325
15312
15325
15312
15300
15287
15275
15262
15250
15262
15250
15262
15275
15287
15300
15312
15325
15312
15300
15287
15275
15262
15250
15237
15200
15162
15125
15087
15075
15062
15050
15037
15025
15025
15012
15025
15012
15000
14987
14975
14962
14950
14937
14925
14912
14875
14862
14850
14837
14812
14825
14837
14875
14912
14987
15062
15137
15212
15287
15350
15412
15475
15525
15587
15650
15712
15775
15837
15900
15962
16012
16075
16112
16125
16137
16125
16087
16050
16037
16012
15975
15937
15900
15837
15775
15737
15725
15712
15700
15687
15675
15637
15600
15562
15550
15525
15487
15450
15412
15375
15337
15300
15287
15275
15237
15225
15200
15175
15150
15150
15150
15162
15175
15187
15200
15187
15200
15187
15200
15175
15175
15150
15125
15100
15087
15075
15062
15075
15062
15075
15062
15075
15062
15050
15037
15025
15025
15012
15000
14987
14975
14962
14950
14962
14950
14962
14950
14937
14900
14887
14850
14837
14825
14812
14800
14787
14750
14737
14725
14712
14700
14712
14700
14712
14700
14712
14700
14712
14725
14762
14800
14875
14937
15012
15087
15162
15237
15312
15387
15462
15525
15600
15687
15775
15862
15950
16000
16037
16050
16062
16050
16037
16000
15962
15925
15887
15850
15837
15825
15812
15800
15787
15750
15737
15700
15662
15625
15612
15575
15550
15537
15525
15512
15500
15512
15500
15487
15450
15437
15400
15387
15375
15362
15325
15287
15225
15187
15150
15112
15100
15087
15075
15062
15050
15037
15025
15025
15012
15025
15012
15000
14987
14975
14962
14950
14937
14925
14912
14875
14837
14825
14787
14775
14762
14750
14737
14725
14712
14700
14712
14700
14687
14675
14662
14650
14637
14650
14637
14650
14637
14650
14637
14650
14637
14650
14637
14650
14662
14675
14687
14725
14762
14800
14862
14925
14987
15062
15137
15212
15287
15350
15425
15475
15525
15562
15612
15650
15712
15775
15837
15900
15937
15975
15987
16000
15987
15975
15937
15925
15887
15850
15812
15800
15750
15725
15700
15700
15675
15662
15625
15587
15550
15525
15487
15450
15412
15350
15312
15275
15262
15250
15262
15250
15237
15200
15200
15175
15150
15150
15150
15137
15125
15137
15125
15112
15112
15137
15137
15162
15187
15175
15137
15100
15037
15000
14975
14962
14950
14937
14925
14912
14900
14887
14900
14887
14900
14887
14900
14887
14900
14887
14875
14862
14850
14812
14775
14737
14712
14687
14662
14662
14687
14700
14737
14800
14862
14925
14975
15037
15112
15200
15300
15400
15487
15575
15650
15725
15800
15875
15950
16000
16037
16087
16112
16137
16162
16150
16112
16100
16062
16037
16025
16037
16025
16012
16025
16012
15975
15937
15925
15887
15850
15812
15800
15762
15725
15712
15687
15662
15637
15612
15562
15525
15475
15437
15400
15362
15325
15312
15275
15237
15225
15212
15200
15187
15200
15187
15200
15187
15200
15187
15200
15187
15200
15187
15175
15162
15150
15137
15125
15137
15125
15137
15125
15112
15100
15112
15100
15087
15075
15062
15025
15025
15012
15000
14987
14975
14962
14950
14937
14925
14912
14900
14887
14875
14862
14850
14837
14825
14837
14825
14837
14825
14837
14850
14862
14875
14887
14900
14912
14950
14987
15075
15175
15275
15375
15462
15525
15600
15675
15750
15825
15900
15962
16012
16050
16100
16125
16150
16150
16175
16162
16150
16112
16100
16062
16037
16000
15987
15950
15912
15900
15887
15875
15862
15850
15837
15825
15812
15800
15812
15800
15812
15800
15812
15800
15787
15775
15762
15725
15712
15700
15687
15675
15662
15650
15637
15625
15612
15600
15587
15600
15587
15600
15612
15625
15612
15625
15612
15625
15600
15612
15600
15587
15575
15575
15575
15562
15550
15537
15525
15512
15500
15487
15450
15437
15400
15387
15375
15362
15350
15337
15325
15312
15325
15300
15312
15300
15312
15300
15300
15262
15250
15212
15200
15187
15175
15162
15150
15137
15125
15112
15100
15087
15050
15037
15025
15025
15025
15062
15100
15162
15225
15300
15375
15450
15512
15587
15650
15712
15775
15837
15900
15962
16012
16075
16137
16212
16262
16312
16362
16387
16400
16412
16425
16412
16425
16412
16400
16387
16375
16337
16300
16287
16250
16212
16175
16137
16075
16012
15987
15950
15937
15925
15912
15875
15862
15825
15787
15775
15762
15725
15687
15675
15637
15600
15562
15525
15500
15462
15425
15387
15375
15337
15325
15312
15325
15337
15375
15387
15400
15412
15400
15362
15350
15337
15325
15312
15325
15312
15300
15287
15300
15287
15275
15287
15275
15262
15250
15237
15225
15212
15200
15187
15175
15137
15125
15087
15075
15062
15050
15037
15025
15025
15012
15000
14987
14975
14937
14925
14912
14900
14912
14950
14962
15000
15012
15025
15025
15062
15112
15187
15262
15337
15412
15475
15537
15612
15687
15762
15837
15900
15937
15987
16012
16037
16037
16062
16050
16037
16000
15962
15900
15837
15775
15712
15650
15575
15525
15487
15437
15375
15325
15250
15175
15100
15037
14975
14925
14862
14800
14762
14725
14687
14675
14662
14650
14637
14650
14675
14725
14775
14850
14925
14975
15037
15100
15162
15225
15287
15325
15337
15350
15337
15300
15287
15275
15262
15250
15262
15250
15262
15275
15275
15250
15250
15250
15225
15212
15225
15212
15175
15137
15100
15037
14975
14950
14912
14900
14912
14925
14912
14925
14912
14900
14887
14875
14862
14850
14837
14825
14837
14825
14812
14800
14787
14775
14762
14750
14737
14725
14712
14700
14712
14700
14712
14700
14712
14700
14712
14725
14725
14725
14725
14725
14700
14712
14725
14762
14800
14862
14925
14975
15037
15100
15175
15250
15300
15362
15425
15475
15525
15625
15712
15800
15887
15937
15975
15987
16000
15975
15975
15937
15925
15887
15862
15837
15825
15787
15775
15762
15750
15737
15725
15712
15700
15687
15675
15687
15675
15662
15625
15587
15550
15525
15487
15450
15412
15375
15337
15300
15262
15225
15187
15150
15112
15100
15087
15075
15062
15075
15062
15075
15062
15075
15062
15075
15062
15075
15062
15075
15062
15075
15062
15075
15062
15050
15050
15050
15025
15025
15025
15000
14987
14975
14962
14950
14937
14925
14912
14900
14887
14875
14837
14825
14787
14775
14762
14750
14737
14725
14712
14700
14687
14675
14662
14625
14612
14600
14562
14550
14537
14537
14525
14537
14525
14537
14537
14550
14562
14575
14600
14625
14675
14725
14812
14887
14950
15037
15125
15200
15287
15375
15450
15537
15625
15700
15775
15812
15850
15862
15875
15862
15875
15862
15875
15862
15850
15837
15825
15812
15800
15812
15787
15762
15712
15687
15637
15600
15587
15575
15575
15562
15550
15537
15525
15512
15487
15487
15462
15462
15437
15425
15387
15350
15287
15225
15162
15125
15087
15050
15012
14975
14925
14887
14850
14812
14800
14812
14787
14787
14812
14812
14812
14825
14837
14850
14862
14850
14875
14875
14875
14875
14900
14887
14900
14875
14875
14850
14850
14825
14837
14825
14812
14775
14762
14725
14687
14675
14662
14625
14612
14600
14562
14550
14537
14512
14475
14462
14450
14437
14450
14462
14450
14437
14425
14412
14387
14387
14362
14362
14362
14400
14412
14462
14500
14550
14600
14687
14762
14837
14912
14987
15062
15137
15212
15287
15350
15412
15475
15525
15587
15625
15675
15700
15700
15700
15725
15712
15725
15737
15725
15712
15700
15662
15650
15637
15600
15587
15575
15575
15562
15575
15562
15575
15562
15575
15550
15550
15525
15525
15500
15512
15500
15512
15500
15512
15500
15487
15450
15437
15400
15362
15350
15325
15300
15275
15237
15175
15125
15075
15012
14975
14925
14875
14800
14762
14725
14712
14700
14712
14725
14737
14750
14762
14775
14762
14775
14762
14775
14762
14750
14737
14725
14712
14700
14712
14700
14687
14675
14662
14650
14637
14650
14637
14625
14612
14600
14587
14575
14562
14550
14537
14512
14500
14487
14475
14462
14475
14462
14450
14437
14425
14412
14400
14387
14375
14362
14350
14337
14350
14337
14350
14325
14337
14325
14337
14325
14325
14287
14250
14187
14150
14112
14100
14112
14150
14187
14250
14312
14375
14437
14512
14587
14662
14737
14800
14862
14925
15000
15075
15150
15225
15287
15350
15412
15450
15487
15525
15550
15562
15600
15637
15650
15637
15625
15612
15575
15550
15537
15525
15487
15450
15412
15350
15312
15275
15237
15200
15187
15150
15112
15100
15087
15075
15050
15050
15025
15025
15012
15000
14962
14925
14862
14825
14787
14750
14712
14675
14637
14600
14587
14575
14587
14575
14587
14562
14575
14562
14575
14562
14587
14575
14562
14550
14537
14537
14525
14537
14525
14537
14525
14537
14525
14512
14500
14487
14450
14412
14375
14337
14325
14312
14300
14312
14300
14287
14275
14262
14250
14237
14225
14212
14225
14212
14200
14187
14175
14162
14150
14162
14150
14162
14150
14162
14150
14137
14125
14137
14125
14137
14175
14212
14250
14325
14400
14487
14575
14662
14737
14812
14887
14950
15025
15112
15162
15237
15287
15337
15375
15437
15450
15487
15500
15487
15475
15462
15425
15412
15400
15387
15375
15362
15325
15312
15275
15237
15225
15212
15175
15137
15125
15087
15075
15062
15050
15037
15025
15025
15000
15000
14975
14975
14950
14962
14950
14937
14925
14912
14900
14887
14875
14837
14800
14737
14675
14612
14575
14562
14575
14587
14625
14662
14675
14662
14675
14662
14650
14637
14625
14587
14575
14537
14512
14500
14487
14475
14462
14475
14462
14450
14437
14425
14412
14400
14412
14400
14387
14350
14337
14300
14262
14250
14237
14200
14187
14175
14162
14150
14137
14125
14112
14100
14087
14100
14087
14100
14087
14100
14112
14150
14187
14250
14312
14375
14437
14500
14575
14650
14737
14825
14900
14962
15037
15100
15175
15250
15337
15425
15487
15512
15537
15525
15487
15450
15412
15375
15337
15300
15287
15275
15237
15225
15212
15200
15187
15175
15162
15150
15112
15100
15087
15050
15012
15000
14975
14925
14900
14875
14825
14775
14737
14700
14662
14625
14612
14600
14562
14550
14537
14512
14500
14487
14450
14437
14412
14387
14387
14387
14387
14400
14412
14400
14412
14425
14437
14425
14437
14450
14437
14450
14462
14450
14437
14425
14412
14400
14387
14375
14362
14325
14312
14300
14287
14275
14287
14275
14262
14225
14212
14175
14137
14125
14112
14075
14062
14050
14037
14025
14012
14000
14012
14000
13987
14000
14012
14000
14012
14050
14087
14125
14187
14262
14337
14412
14475
14550
14612
14675
14750
14825
14900
14962
15037
15100
15175
15250
15325
15375
15425
15462
15475
15462
15475
15462
15425
15412
15400
15362
15325
15312
15275
15262
15237
15237
15212
15187
15137
15125
15087
15050
15012
14975
14925
14887
14850
14837
14825
14812
14800
14775
14750
14725
14700
14675
14662
14625
14587
14550
14512
14487
14450
14437
14425
14387
14375
14387
14375
14387
14400
14412
14400
14387
14375
14362
14350
14337
14350
14337
14325
14312
14300
14287
14275
14262
14225
14212
14175
14137
14125
14112
14075
14062
14050
14037
14025
14012
14000
13987
13987
13962
13962
13937
13937
13912
13925
13912
13925
13912
13925
13912
13925
13912
13925
13912
13925
13937
13962
13975
14012
14050
14087
14125
14187
14250
14312
14387
14462
14550
14637
14725
14800
14862
14925
14975
15037
15100
15175
15250
15325
15400
15450
15462
15475
15462
15425
15412
15400
15362
15325
15312
15275
15237
15200
15187
15150
15112
15100
15087
15075
15062
15075
15050
15025
15000
14975
14962
14950
14937
14925
14912
14875
14837
14825
14787
14750
14737
14725
14687
14675
14662
14625
14612
14600
14562
14550
14537
14537
14525
14512
14500
14487
14475
14462
14475
14462
14450
14437
14425
14412
14400
14412
14400
14387
14375
14362
14350
14337
14350
14337
14350
14337
14325
14312
14300
14287
14275
14262
14250
14237
14200
14162
14150
14112
14100
14087
14100
14087
14100
14087
14075
14075
14075
14050
14050
14050
14037
14025
14037
14025
14037
14050
14087
14125
14187
14250
14312
14375
14437
14487
14550
14625
14700
14787
14875
14975
15062
15150
15225
15287
15350
15412
15475
15512
15550
15562
15575
15562
15575
15562
15550
15512
15475
15437
15400
15387
15375
15362
15325
15287
15225
15187
15150
15112
15075
15062
15012
15000
14975
14975
14950
14962
14950
14937
14900
14862
14837
14812
14812
14800
14787
14737
14687
14637
14600
14562
14550
14537
14537
14525
14512
14500
14512
14500
14512
14525
14537
14525
14537
14525
14537
14525
14537
14525
14512
14500
14487
14475
14462
14475
14462
14450
14412
14400
14362
14325
14312
14300
14262
14250
14237
14225
14212
14200
14187
14175
14137
14100
14087
14037
14012
13987
13987
13975
13987
13975
13962
13950
13937
13925
13912
13925
13937
13937
13937
13937
13937
13937
13962
14000
14062
14125
14187
14250
14325
14400
14487
14575
14662
14737
14800
14862
14925
14975
15037
15100
15162
15200
15237
15275
15312
15325
15337
15350
15337
15300
15287
15275
15237
15225
15212
15175
15137
15125
15087
15050
15037
15025
15000
14962
14950
14912
14875
14837
14787
14750
14712
14675
14637
14612
14550
14487
14437
14375
14337
14300
14287
14300
14300
14300
14300
14312
14287
14300
14287
14300
14275
14287
14275
14287
14275
14287
14275
14262
14250
14237
14225
14212
14200
14187
14175
14137
14125
14112
14075
14062
14050
14037
14025
14037
14025
14037
14012
14012
13987
13987
13975
13962
13950
13937
13900
13887
13875
13862
13850
13837
13825
13812
13800
13787
13800
13787
13800
13812
13850
13887
13937
14000
14075
14150
14225
14300
14387
14450
14525
14612
14700
14775
14850
14925
14975
15050
15125
15200
15250
15300
15337
15350
15337
15325
15312
15275
15237
15200
15187
15150
15137
15125
15112
15075
15062
15025
15000
14987
14975
14937
14925
14912
14875
14862
14850
14812
14800
14787
14750
14712
14700
14662
14625
14587
14575
14537
14512
14475
14437
14400
14362
14350
14337
14325
14312
14300
14287
14275
14287
14275
14287
14275
14287
14275
14287
14275
14262
14225
14212
14175
14162
14150
14162
14150
14137
14125
14112
14100
14087
14100
14087
14075
14062
14050
14012
14000
13987
13987
13975
13987
13975
13962
13950
13937
13900
13887
13875
13862
13850
13862
13850
13862
13850
13862
13875
13912
13937
14000
14062
14137
14212
14300
14387
14462
14537
14612
14687
14762
14850
14925
15012
15087
15162
15225
15287
15350
15387
15425
15437
15425
15387
15350
15287
15250
15212
15200
15187
15175
15137
15125
15087
15050
15012
14975
14925
14887
14850
14812
14800
14775
14750
14725
14700
14650
14612
14575
14537
14512
14500
14487
14450
14412
14375
14337
14300
14287
14275
14287
14275
14300
14287
14300
14312
14325
14325
14337
14350
14337
14325
14312
14300
14262
14250
14237
14200
14187
14175
14137
14125
14112
14100
14087
14100
14087
14075
14062
14050
14037
14025
14037
14025
14037
14025
14012
13975
13962
13937
13925
13912
13925
13912
13900
13887
13875
13837
13837
13837
13837
13875
13925
13975
14062
14162
14250
14350
14437
14525
14612
14700
14775
14862
14937
15012
15087
15162
15225
15287
15325
15362
15400
15412
15425
15437
15450
15437
15425
15387
15350
15287
15212
15162
15112
15062
15012
14975
14950
14912
14875
14862
14850
14812
14775
14737
14700
14662
14650
14637
14625
14587
14550
14512
14487
14475
14450
14425
14400
14375
14350
14337
14325
14287
14275
14237
14225
14237
14250
14262
14275
14287
14275
14287
14275
14287
14275
14287
14275
14287
14262
14262
14237
14237
14212
14200
14162
14150
14112
14075
14062
14050
14037
14025
14012
13975
13937
13912
13900
13887
13875
13887
13875
13862
13850
13837
13825
13812
13800
13787
13775
13762
13750
13737
13725
13737
13725
13712
13700
13687
13687
13687
13687
13687
13725
13725
13750
13800
13850
13887
13937
14000
14075
14162
14250
14337
14425
14487
14550
14612
14675
14750
14825
14900
14962
15037
15100
15162
15225
15262
15300
15312
15300
15287
15275
15237
15225
15200
15175
15150
15125
15075
15037
15000
14975
14937
14900
14887
14850
14812
14775
14762
14725
14687
14650
14600
14550
14500
14462
14412
14375
14312
14250
14212
14175
14137
14125
14112
14100
14087
14100
14087
14100
14087
14100
14087
14100
14087
14100
14087
14100
14087
14100
14112
14125
14112
14100
14087
14075
14062
14050
14062
14050
14037
14025
14037
14025
14000
13987
13975
13975
13962
13962
13950
13937
13925
13912
13925
13912
13900
13887
13875
13837
13825
13812
13775
13762
13750
13712
13700
13687
13675
13662
13650
13637
13625
13612
13625
13637
13650
13687
13725
13762
13825
13887
13950
14037
14125
14225
14325
14412
14475
14562
14637
14712
14787
14862
14925
14975
15037
15100
15162
15200
15212
15225
15212
15175
15137
15125
15087
15050
15037
15025
15000
14987
14975
14937
14900
14862
14800
14737
14675
14612
14550
14512
14487
14450
14412
14375
14312
14275
14237
14200
14187
14200
14187
14200
14212
14225
14212
14225
14212
14225
14212
14200
14187
14175
14162
14150
14162
14150
14162
14150
14137
14125
14112
14100
14087
14075
14062
14050
14050
14050
14050
14050
14050
14037
14025
14012
14000
13987
13962
13950
13937
13925
13912
13900
13887
13875
13837
13825
13812
13775
13762
13750
13737
13725
13737
13725
13737
13725
13737
13750
13787
13837
13900
13975
14050
14125
14200
14287
14375
14475
14575
14675
14775
14862
14950
15050
15137
15212
15287
15350
15387
15425
15437
15450
15437
15425
15387
15350
15287
15225
15187
15150
15112
15075
15062
15025
15025
15012
15000
14962
14950
14900
14850
14800
14750
14675
14637
14587
14562
14537
14512
14475
14462
14425
14412
14400
14387
14375
14362
14350
14337
14325
14312
14325
14312
14300
14325
14312
14312
14312
14337
14325
14350
14337
14325
14325
14325
14300
14300
14287
14262
14237
14237
14212
14225
14212
14200
14187
14175
14137
14125
14112
14075
14062
14050
14037
14025
14012
14000
13987
13962
13950
13937
13925
13912
13900
13887
13875
13862
13850
13862
13850
13862
13850
13862
13850
13837
13825
13812
13800
13787
13800
13787
13800
13812
13850
13862
13912
13950
14000
14062
14150
14225
14312
14400
14487
14587
14700
14800
14887
14962
15037
15100
15162
15225
15287
15350
15387
15400
15412
15400
15362
15325
15287
15225
15162
15087
15037
14987
14950
14925
14912
14875
14837
14800
14762
14725
14687
14650
14612
14550
14487
14437
14375
14337
14300
14262
14250
14225
14212
14200
14212
14200
14225
14212
14225
14212
14225
14212
14200
14187
14200
14187
14175
14187
14175
14162
14150
14162
14150
14137
14125
14112
14100
14087
14100
14087
14075
14062
14037
14012
13987
13987
13975
13962
13950
13937
13900
13887
13875
13837
13800
13762
13725
13687
13675
13662
13675
13662
13675
13662
13675
13687
13725
13762
13825
13887
13950
14025
14112
14200
14287
14375
14450
14525
14600
14687
14762
14837
14912
14975
15050
15125
15200
15250
15275
15250
15225
15175
15125
15100
15087
15050
15012
14975
14925
14862
14800
14762
14725
14712
14700
14687
14675
14662
14650
14637
14625
14587
14550
14487
14462
14425
14375
14325
14275
14225
14175
14137
14100
14087
14050
14037
14025
14037
14025
14037
14025
14012
13975
13962
13937
13925
13912
13900
13887
13875
13862
13850
13837
13825
13812
13800
13787
13775
13762
13750
13712
13675
13662
13625
13612
13587
13587
13562
13562
13537
13550
13537
13525
13512
13537
13525
13512
13525
13537
13537
13575
13637
13700
13762
13825
13887
13950
14037
14125
14212
14300
14375
14437
14512
14600
14687
14775
14850
14925
14975
15037
15100
15162
15200
15237
15250
15237
15200
15162
15125
15087
15050
15037
15025
15000
14962
14925
14862
14825
14787
14775
14762
14775
14750
14725
14675
14625
14575
14537
14500
14450
14400
14325
14275
14237
14200
14187
14175
14162
14150
14137
14125
14112
14100
14087
14100
14087
14100
14087
14100
14087
14100
14087
14100
14087
14100
14087
14100
14087
14075
14062
14050
14012
14000
13987
13987
13975
13987
13975
13962
13950
13937
13925
13912
13900
13887
13875
13862
13837
13837
13812
13812
13787
13800
13775
13775
13750
13725
13700
13687
13675
13662
13675
13662
13675
13662
13675
13650
13650
13650
13650
13650
13687
13700
13712
13750
13800
13850
13937
14025
14112
14187
14250
14325
14400
14462
14537
14612
14675
14737
14800
14862
14925
14975
15037
15100
15162
15200
15212
15200
15162
15100
15037
15000
14975
14937
14900
14862
14800
14737
14675
14612
14550
14487
14437
14375
14337
14300
14262
14225
14212
14175
14162
14150
14162
14150
14162
14150
14162
14150
14162
14150
14162
14150
14162
14150
14137
14125
14112
14100
14087
14075
14037
14025
13987
13987
13962
13975
13962
13950
13937
13937
13925
13912
13925
13912
13925
13912
13900
13887
13875
13837
13825
13812
13775
13762
13750
13712
13700
13687
13650
13637
13625
13625
13612
13625
13637
13675
13700
13762
13825
13887
13950
14025
14100
14175
14262
14337
14412
14512
14612
14700
14787
14875
14937
15025
15112
15200
15250
15300
15312
15325
15337
15350
15337
15325
15287
15225
15187
15150
15112
15075
15062
15025
15025
15012
15000
14987
14975
14962
14950
14937
14900
14887
14850
14812
14800
14787
14750
14712
14675
14612
14550
14487
14462
14425
14387
14350
14337
14300
14262
14250
14262
14250
14262
14275
14287
14275
14262
14250
14237
14225
14212
14225
14212
14200
14187
14175
14137
14125
14112
14100
14087
14100
14087
14075
14062
14050
14012
14000
13987
13987
13975
13987
13962
13962
13937
13937
13912
13900
13900
13900
13875
13850
13825
13787
13750
13737
13725
13737
13725
13737
13725
13737
13725
13737
13725
13737
13725
13737
13750
13800
13850
13925
14012
14100
14175
14262
14337
14412
14500
14600
14687
14787
14875
14950
15025
15112
15187
15262
15337
15412
15450
15487
15500
15487
15475
15462
15425
15412
15387
15362
15337
15312
15262
15250
15200
15175
15150
15125
15075
15037
15000
14975
14937
14900
14862
14800
14737
14675
14612
14575
14537
14512
14475
14437
14400
14362
14350
14325
14325
14300
14300
14275
14287
14275
14287
14275
14287
14275
14287
14275
14287
14275
14287
14275
14262
14250
14237
14225
14212
14225
14212
14225
14212
14200
14187
14175
14162
14150
14137
14125
14112
14100
14087
14100
14087
14075
14062
14050
14012
13975
13962
13937
13900
13887
13875
13862
13850
13862
13850
13837
13825
13812
13800
13787
13800
13787
13775
13762
13750
13737
13725
13737
13725
13737
13725
13737
13725
13737
13750
13787
13825
13887
13937
14000
14062
14125
14187
14262
14350
14425
14512
14612
14712
14800
14900
15012
15112
15200
15287
15350
15412
15450
15487
15500
15487
15450
15437
15387
15337
15287
15237
15187
15175
15150
15125
15100
15050
15000
14975
14937
14900
14862
14800
14737
14675
14612
14550
14512
14487
14450
14412
14400
14362
14325
14312
14300
14287
14275
14287
14275
14287
14275
14287
14275
14287
14300
14300
14300
14300
14300
14275
14287
14275
14262
14250
14237
14225
14212
14200
14187
14175
14137
14125
14112
14100
14075
14075
14050
14025
14000
13987
13987
13975
13962
13950
13937
13900
13887
13875
13862
13850
13837
13825
13812
13800
13787
13800
13812
13825
13812
13825
13837
13825
13837
13875
13912
13925
13962
14025
14087
14150
14250
14337
14412
14475
14550
14625
14700
14775
14862
14937
15012
15087
15162
15237
15312
15362
15387
15412
15400
15362
15325
15287
15225
15187
15150
15112
15075
15037
15000
14975
14937
14925
14912
14875
14862
14850
14812
14775
14737
14675
14612
14550
14512
14487
14450
14412
14400
14362
14350
14337
14350
14337
14325
14312
14300
14287
14275
14287
14275
14287
14275
14287
14275
14262
14250
14237
14200
14187
14175
14137
14125
14112
14075
14037
14000
13937
13912
13875
13837
13825
13812
13775
13762
13750
13737
13725
13737
13725
13737
13725
13737
13725
13737
13725
13737
13750
13787
13825
13887
13937
14000
14075
14150
14237
14337
14425
14525
14625
14712
14800
14887
14950
15025
15100
15162
15225
15287
15325
15362
15375
15387
15375
15387
15375
15362
15325
15287
15250
15212
15175
15137
15125
15087
15050
15037
15025
15000
14987
14975
14937
14925
14912
14875
14862
14837
14812
14812
14800
14762
14737
14687
14612
14550
14487
14437
14400
14362
14325
14287
14275
14237
14200
14187
14175
14162
14150
14162
14150
14162
14175
14187
14200
14212
14225
14200
14200
14175
14175
14150
14137
14125
14112
14075
14037
14000
13962
13937
13900
13862
13850
13812
13800
13787
13775
13762
13750
13712
13700
13687
13675
13662
13675
13662
13675
13662
13675
13662
13675
13687
13725
13762
13825
13887
13962
14037
14125
14212
14287
14375
14462
14575
14687
14800
14900
14975
15037
15100
15162
15225
15287
15350
15387
15425
15437
15450
15437
15425
15387
15375
15337
15300
15262
15225
15187
15150
15112
15100
15087
15050
15012
15000
14975
14937
14900
14887
14850
14812
14775
14725
14650
14600
14550
14512
14475
14437
14375
14337
14300
14287
14275
14262
14250
14262
14250
14262
14275
14262
14250
14237
14200
14162
14150
14112
14100
14087
14075
14062
14050
14037
14025
14037
14012
14012
13987
13962
13950
13937
13900
13887
13875
13862
13850
13837
13825
13800
13775
13750
13750
13725
13737
13725
13737
13750
13787
13825
13887
13950
14025
14100
14187
14275
14350
14425
14512
14600
14687
14775
14850
14925
15000
15075
15150
15225
15287
15350
15387
15437
15462
15462
15462
15462
15450
15437
15425
15387
15350
15287
15250
15212
15175
15137
15087
15037
14987
14950
14900
14862
14825
14787
14750
14737
14725
14687
14650
14637
14600
14562
14550
14537
14512
14500
14487
14450
14412
14400
14362
14325
14287
14275
14237
14225
14212
14225
14212
14225
14212
14225
14212
14225
14212
14225
14212
14225
14212
14200
14187
14175
14137
14125
14112
14100
14087
14075
14062
14050
14012
14000
13987
13987
13962
13975
13962
13950
13937
13937
13925
13912
13887
13862
13837
13812
13787
13775
13762
13750
13737
13725
13737
13725
13737
13725
13737
13750
13787
13837
13900
13975
14062
14162
14250
14337
14425
14525
14612
14700
14787
14862
14925
14975
15037
15075
15112
15150
15187
15200
15237
15250
15237
15200
15187
15150
15112
15075
15062
15025
15000
14962
14950
14912
14900
14887
14875
14837
14825
14787
14775
14762
14750
14712
14700
14662
14650
14637
14650
14637
14625
14587
14550
14487
14462
14425
14387
14350
14312
14250
14187
14150
14112
14075
14037
14025
13987
13987
13975
13987
13975
13987
13975
13987
13975
13987
13975
13987
13975
13987
13975
13962
13950
13962
13950
13937
13950
13937
13925
13912
13925
13912
13900
13887
13875
13875
13862
13875
13862
13850
13825
13837
13825
13800
13800
13775
13750
13712
13712
13687
13687
13662
13675
13662
13650
13637
13625
13612
13600
13612
13587
13587
13562
13562
13537
13550
13537
13525
13512
13500
13500
13487
13500
13487
13500
13487
13475
13462
13475
13475
13512
13587
13675
13775
13862
13962
14062
14150
14225
14312
14400
14475
14562
14650
14725
14800
14875
14937
15012
15087
15162
15200
15212
15200
15187
15150
15137
15125
15112
15075
15037
15000
14975
14937
14925
14912
14875
14837
14825
14787
14775
14762
14750
14712
14675
14612
14550
14512
14487
14450
14412
14375
14312
14275
14237
14225
14200
14175
14150
14125
14100
14087
14075
14062
14050
14037
14050
14062
14075
14087
14100
14087
14100
14087
14075
14062
14050
14037
14025
14012
14000
13987
13962
13950
13937
13925
13912
13900
13887
13875
13862
13850
13837
13800
13787
13737
13687
13637
13612
13562
13550
13537
13525
13512
13500
13500
13487
13500
13487
13475
13462
13475
13462
13475
13512
13575
13637
13737
13837
13925
14012
14100
14187
14275
14362
14437
14525
14600
14687
14762
14850
14925
15012
15087
15162
15200
15237
15250
15237
15225
15212
15175
15137
15100
15037
14975
14912
14862
14812
14762
14737
14725
14712
14700
14687
14675
14662
14625
14612
14587
14562
14537
14512
14475
14462
14425
14375
14350
14325
14275
14250
14237
14200
14187
14175
14137
14100
14062
14000
13962
13937
13925
13912
13925
13912
13925
13912
13925
13912
13925
13912
13925
13912
13925
13912
13925
13912
13900
13887
13875
13862
13850
13862
13850
13862
13850
13837
13825
13812
13800
13787
13775
13762
13750
13737
13725
13712
13700
13687
13650
13637
13625
13587
13575
13562
13550
13537
13525
13512
13500
13475
13462
13450
13437
13425
13412
13400
13387
13375
13362
13375
13362
13375
13362
13375
13387
13400
13425
13475
13537
13600
13687
13762
13825
13887
13975
14075
14175
14287
14387
14487
14575
14662
14737
14800
14862
14900
14950
14987
15037
15062
15087
15075
15037
15000
14962
14912
14887
14862
14812
14775
14737
14700
14662
14625
14587
14575
14537
14512
14475
14437
14375
14337
14300
14262
14225
14187
14125
14062
14025
13987
13962
13925
13912
13875
13837
13825
13812
13800
13787
13800
13787
13800
13787
13800
13812
13825
13837
13850
13837
13825
13812
13775
13737
13725
13687
13650
13637
13625
13612
13600
13587
13575
13562
13550
13537
13550
13537
13525
13512
13500
13500
13487
13475
13437
13400
13362
13325
13312
13300
13287
13275
13287
13275
13262
13275
13287
13275
13287
13325
13362
13400
13462
13537
13625
13712
13800
13875
13962
14050
14150
14250
14337
14425
14512
14587
14662
14737
14800
14862
14925
14962
15000
15025
15025
15000
14975
14925
14887
14850
14812
14775
14737
14675
14637
14600
14562
14550
14537
14537
14525
14512
14475
14437
14400
14362
14325
14312
14300
14287
14275
14262
14250
14237
14200
14187
14175
14137
14100
14062
14025
13987
13962
13925
13912
13875
13837
13825
13812
13800
13787
13800
13787
13800
13787
13775
13762
13750
13737
13725
13712
13700
13687
13675
13662
13650
13637
13625
13587
13550
13537
13500
13500
13487
13500
13487
13475
13462
13450
13437
13425
13412
13400
13387
13375
13362
13350
13337
13325
13312
13300
13312
13300
13287
13275
13262
13212
13200
13187
13175
13162
13187
13175
13187
13200
13212
13225
13262
13312
13362
13437
13525
13625
13712
13812
13887
13975
14050
14137
14225
14312
14400
14475
14550
14612
14650
14687
14700
14687
14675
14662
14625
14587
14550
14512
14487
14450
14412
14375
14337
14300
14262
14250
14237
14225
14212
14225
14212
14200
14187
14175
14162
14150
14162
14150
14137
14100
14087
14050
14037
14012
13987
13937
13887
13825
13762
13700
13662
13625
13612
13600
13612
13600
13612
13600
13612
13625
13637
13650
13662
13675
13662
13675
13687
13700
13712
13725
13737
13725
13712
13700
13687
13675
13662
13675
13662
13650
13612
13600
13562
13525
13512
13500
13500
13487
13500
13487
13500
13487
13500
13487
13475
13462
13450
13437
13425
13412
13375
13362
13325
13312
13300
13312
13325
13362
13400
13450
13512
13575
13637
13700
13762
13825
13887
13950
14025
14112
14200
14300
14387
14487
14575
14662
14737
14775
14825
14850
14850
14850
14850
14837
14825
14812
14775
14737
14675
14612
14575
14537
14512
14500
14487
14450
14412
14400
14362
14325
14312
14300
14262
14225
14187
14125
14062
14000
13962
13937
13925
13912
13925
13912
13925
13912
13925
13912
13925
13912
13925
13912
13925
13937
13950
13937
13950
13937
13900
13887
13875
13862
13850
13837
13825
13812
13775
13762
13750
13737
13725
13737
13712
13712
13687
13662
13637
13625
13587
13550
13537
13500
13500
13487
13475
13437
13425
13387
13375
13362
13375
13387
13425
13462
13537
13625
13712
13812
13887
13975
14062
14150
14225
14312
14400
14475
14562
14650
14725
14800
14862
14925
15000
15050
15100
15150
15162
15175
15187
15175
15137
15137
15112
15087
15062
15037
14975
14950
14900
14875
14850
14825
14775
14737
14700
14662
14625
14587
14575
14537
14537
14525
14512
14500
14487
14450
14437
14425
14387
14375
14362
14325
14287
14250
14187
14150
14112
14075
14062
14050
14037
14025
14012
14000
13987
13987
13987
14000
14012
14025
14037
14012
14012
13987
13987
13975
13987
13975
13987
13962
13962
13937
13912
13887
13875
13837
13800
13787
13750
13737
13725
13737
13725
13737
13725
13737
13725
13712
13700
13687
13650
13637
13625
13612
13600
13587
13575
13562
13550
13537
13550
13562
13600
13637
13700
13762
13837
13900
13975
14050
14125
14200
14275
14350
14425
14500
14575
14662
14750
14837
14912
14975
15012
15050
15062
15075
15062
15075
15062
15050
15012
14975
14925
14887
14850
14812
14800
14787
14775
14762
14750
14737
14725
14712
14700
14712
14700
14687
14650
14637
14600
14562
14525
14487
14437
14400
14350
14300
14250
14200
14150
14112
14075
14037
14025
13987
13987
13975
13962
13950
13937
13900
13900
13900
13875
13875
13900
13887
13900
13912
13900
13887
13875
13862
13850
13837
13825
13812
13775
13762
13750
13737
13725
13712
13700
13687
13675
13662
13650
13612
13575
13537
13500
13475
13462
13450
13437
13425
13412
13412
13412
13387
13362
13362
13325
13312
13300
13312
13300
13312
13300
13312
13325
13362
13400
13450
13512
13575
13650
13725
13800
13875
13962
14037
14125
14212
14287
14362
14437
14500
14575
14650
14725
14800
14862
14925
14962
15000
15012
15000
14962
14950
14937
14925
14900
14875
14825
14750
14675
14637
14600
14562
14525
14487
14462
14425
14387
14375
14362
14325
14287
14275
14237
14200
14187
14175
14137
14100
14087
14050
14012
14000
13987
13962
13925
13912
13875
13837
13825
13812
13800
13787
13800
13787
13800
13812
13825
13837
13850
13862
13850
13837
13825
13812
13775
13762
13750
13737
13725
13737
13725
13737
13725
13737
13725
13712
13700
13687
13650
13637
13625
13587
13575
13562
13525
13512
13500
13475
13462
13450
13412
13400
13387
13350
13337
13350
13325
13325
13350
13350
13350
13362
13375
13387
13425
13475
13550
13625
13700
13762
13837
13900
13975
14062
14150
14225
14300
14375
14437
14512
14587
14662
14737
14775
14825
14875
14925
14950
15000
15012
15000
14962
14950
14912
14862
14837
14812
14787
14762
14750
14712
14700
14662
14650
14625
14600
14550
14500
14462
14425
14387
14350
14337
14300
14287
14275
14262
14225
14175
14125
14075
14025
13975
13937
13912
13875
13862
13850
13862
13850
13862
13850
13862
13850
13862
13850
13862
13850
13837
13825
13812
13800
13787
13775
13762
13750
13737
13725
13737
13725
13712
13700
13687
13650
13612
13575
13537
13500
13475
13462
13450
13437
13425
13437
13412
13412
13387
13387
13362
13375
13362
13350
13337
13325
13312
13300
13312
13300
13312
13300
13312
13325
13337
13350
13387
13425
13450
13512
13575
13637
13712
13787
13862
13937
14025
14112
14200
14287
14362
14437
14487
14550
14612
14675
14737
14800
14862
14925
14962
14975
14962
14925
14862
14800
14762
14725
14687
14650
14612
14575
14537
14512
14475
14462
14425
14387
14350
14312
14275
14237
14187
14162
14137
14087
14037
14000
13937
13887
13850
13812
13775
13762
13750
13737
13725
13737
13725
13737
13725
13737
13725
13737
13725
13737
13725
13737
13725
13737
13725
13737
13750
13762
13750
13762
13750
13712
13700
13687
13675
13662
13650
13637
13612
13587
13562
13562
13537
13550
13537
13550
13537
13525
13512
13500
13475
13462
13450
13412
13375
13362
13325
13287
13275
13262
13250
13237
13250
13237
13225
13212
13225
13237
13275
13337
13400
13462
13550
13662
13775
13887
14012
14137
14237
14350
14437
14525
14600
14675
14737
14800
14837
14875
14912
14925
14937
14950
14937
14900
14887
14850
14812
14775
14737
14675
14637
14600
14587
14575
14562
14525
14487
14462
14425
14387
14350
14312
14250
14212
14175
14137
14100
14062
14000
13962
13937
13900
13862
13850
13812
13800
13787
13775
13762
13750
13737
13725
13737
13750
13762
13775
13787
13775
13762
13750
13712
13700
13687
13650
13637
13625
13612
13600
13587
13550
13537
13500
13475
13462
13450
13437
13425
13412
13400
13387
13350
13312
13300
13262
13225
13212
13200
13187
13175
13187
13175
13187
13175
13187
13175
13187
13175
13187
13175
13187
13200
13237
13275
13337
13400
13487
13575
13662
13762
13850
13937
14025
14137
14237
14325
14412
14487
14550
14612
14675
14737
14775
14812
14850
14862
14850
14862
14850
14812
14775
14737
14675
14612
14550
14487
14437
14400
14362
14325
14312
14300
14262
14225
14212
14175
14162
14150
14137
14100
14062
14000
13937
13912
13862
13812
13762
13712
13675
13650
13650
13650
13675
13662
13675
13662
13675
13662
13675
13662
13675
13662
13675
13662
13675
13662
13675
13662
13650
13637
13625
13587
13575
13562
13550
13537
13525
13487
13475
13450
13412
13400
13387
13375
13362
13375
13362
13350
13337
13325
13312
13300
13287
13275
13262
13250
13237
13225
13212
13200
13162
13150
13137
13125
13150
13200
13262
13350
13425
13512
13600
13675
13750
13837
13900
13987
14087
14187
14275
14362
14437
14487
14550
14612
14675
14712
14750
14762
14775
14762
14775
14750
14725
14700
14675
14625
14587
14550
14487
14462
14412
14387
14362
14337
14287
14250
14187
14150
14112
14075
14062
14050
14012
13975
13937
13887
13825
13762
13700
13662
13625
13612
13600
13612
13600
13612
13600
13612
13600
13612
13600
13612
13600
13612
13600
13587
13575
13562
13550
13537
13525
13512
13500
13500
13487
13475
13462
13450
13437
13425
13412
13400
13387
13350
13312
13300
13262
13225
13212
13200
13187
13175
13162
13150
13137
13125
13112
13125
13112
13125
13112
13125
13137
13150
13162
13200
13237
13287
13362
13437
13525
13612
13687
13775
13850
13937
14025
14125
14212
14300
14387
14475
14562
14650
14725
14800
14837
14875
14887
14875
14862
14850
14812
14775
14737
14675
14612
14550
14487
14437
14400
14362
14325
14312
14300
14262
14225
14212
14175
14162
14150
14137
14125
14100
14075
14050
14025
13975
13937
13887
13825
13787
13750
13712
13675
13662
13625
13612
13600
13612
13600
13612
13600
13612
13600
13612
13600
13612
13600
13587
13550
13537
13500
13475
13462
13450
13437
13412
13412
13387
13387
13362
13350
13312
13300
13262
13225
13212
13200
13187
13175
13162
13150
13137
13125
13112
13125
13112
13125
13112
13100
13087
13100
13112
13150
13212
13275
13337
13400
13462
13537
13625
13712
13812
13900
14000
14087
14175
14262
14350
14425
14512
14600
14675
14737
14775
14812
14825
14812
14775
14737
14675
14612
14550
14487
14437
14375
14337
14300
14262
14225
14212
14175
14162
14150
14162
14150
14137
14100
14087
14050
14012
13975
13962
13937
13900
13887
13875
13837
13800
13762
13725
13687
13650
13637
13625
13612
13600
13612
13600
13612
13600
13612
13600
13612
13600
13612
13600
13612
13600
13612
13600
13612
13600
13612
13600
13612
13600
13587
13575
13562
13550
13537
13550
13537
13525
13512
13500
13500
13487
13475
13462
13450
13412
13400
13387
13375
13350
13362
13350
13337
13300
13300
13262
13225
13212
13200
13187
13175
13187
13175
13187
13175
13187
13175
13187
13175
13187
13175
13187
13175
13187
13200
13212
13225
13262
13300
13337
13400
13450
13512
13575
13650
13725
13800
13875
13937
14012
14087
14162
14237
14325
14400
14475
14562
14650
14725
14775
14812
14825
14812
14800
14787
14750
14712
14675
14612
14550
14487
14437
14375
14312
14250
14212
14175
14137
14100
14062
14000
13962
13937
13900
13862
13825
13787
13750
13712
13700
13712
13687
13687
13712
13712
13712
13712
13712
13687
13700
13687
13687
13687
13687
13675
13662
13650
13637
13625
13587
13575
13562
13525
13512
13500
13500
13487
13500
13487
13475
13462
13450
13412
13400
13387
13375
13362
13350
13337
13325
13287
13275
13262
13250
13237
13225
13225
13225
13200
13200
13200
13187
13175
13150
13137
13150
13137
13150
13200
13237
13275
13337
13400
13450
13525
13600
13675
13750
13837
13900
13987
14075
14162
14250
14337
14412
14475
14550
14612
14675
14737
14800
14825
14850
14850
14850
14825
14812
14775
14737
14700
14650
14625
14600
14575
14525
14487
14462
14425
14412
14400
14387
14375
14362
14325
14312
14300
14262
14250
14237
14200
14162
14150
14112
14075
14037
14000
13937
13912
13862
13837
13812
13775
13737
13712
13687
13662
13675
13662
13675
13662
13675
13662
13650
13637
13625
13612
13600
13612
13600
13612
13600
13612
13587
13587
13587
13587
13587
13600
13587
13575
13562
13550
13537
13525
13512
13500
13500
13487
13500
13487
13475
13462
13450
13437
13425
13412
13400
13387
13350
13337
13325
13312
13300
13287
13275
13262
13225
13212
13200
13162
13150
13137
13100
13087
13075
13062
13050
13062
13075
13087
13100
13137
13175
13225
13312
13400
13500
13600
13700
13787
13862
13937
14025
14100
14175
14250
14312
14375
14437
14487
14537
14587
14637
14675
14712
14750
14762
14750
14712
14700
14662
14625
14587
14550
14487
14462
14425
14412
14400
14387
14350
14312
14250
14212
14175
14162
14150
14137
14125
14112
14075
14037
14025
13987
13962
13925
13912
13875
13837
13800
13787
13750
13737
13725
13712
13700
13687
13675
13662
13650
13637
13625
13612
13600
13612
13600
13612
13600
13587
13575
13562
13550
13537
13525
13512
13500
13500
13487
13475
13462
13437
13412
13387
13387
13362
13375
13362
13350
13337
13325
13287
13275
13262
13225
13212
13200
13162
13125
13112
13075
13062
13037
13037
13037
13037
13037
13050
13062
13075
13112
13125
13162
13200
13237
13275
13337
13400
13450
13512
13587
13662
13737
13812
13887
13950
14025
14100
14175
14250
14312
14375
14437
14487
14550
14612
14675
14712
14750
14762
14750
14712
14675
14612
14575
14537
14512
14475
14437
14375
14312
14275
14237
14200
14162
14125
14062
14025
13987
13962
13925
13887
13825
13787
13750
13712
13675
13662
13625
13587
13575
13562
13550
13537
13550
13537
13550
13537
13550
13537
13550
13562
13575
13562
13575
13587
13575
13587
13600
13612
13600
13587
13575
13562
13525
13512
13500
13500
13487
13475
13462
13450
13412
13400
13387
13350
13337
13325
13312
13300
13287
13275
13262
13225
13187
13175
13137
13125
13112
13100
13087
13075
13062
13050
13062
13050
13062
13050
13062
13050
13062
13075
13112
13150
13212
13275
13337
13400
13450
13512
13575
13650
13725
13800
13875
13962
14050
14150
14250
14337
14425
14487
14550
14587
14625
14662
14700
14712
14750
14762
14750
14712
14700
14662
14625
14587
14550
14487
14462
14425
14387
14350
14337
14300
14262
14225
14212
14175
14137
14125
14112
14075
14062
14050
14037
14025
14012
13975
13962
13925
13900
13875
13850
13825
13812
13800
13787
13800
13787
13800
13812
13825
13837
13850
13862
13850
13862
13850
13837
13825
13812
13775
13762
13750
13737
13725
13712
13700
13687
13650
13637
13625
13612
13600
13587
13575
13562
13550
13537
13525
13512
13500
13500
13487
13475
13462
13450
13437
13425
13437
13425
13412
13400
13387
13375
13362
13375
13362
13375
13362
13375
13387
13425
13450
13512
13575
13637
13700
13775
13850
13937
14025
14125
14212
14287
14362
14437
14500
14587
14687
14787
14887
14987
15050
15100
15125
15137
15125
15137
15125
15112
15100
15087
15050
15012
14975
14950
14912
14900
14887
14875
14862
14850
14812
14812
14812
14787
14762
14737
14675
14637
14600
14562
14550
14537
14512
14462
14412
14337
14287
14237
14200
14162
14125
14087
14050
14037
14025
14037
14050
14062
14075
14087
14075
14062
14050
14037
14025
14037
14025
14037
14025
14037
14025
14012
14000
13987
13962
13925
13912
13875
13862
13850
13837
13800
13787
13750
13712
13700
13687
13675
13662
13650
13637
13625
13612
13600
13587
13575
13562
13550
13537
13550
13537
13550
13537
13525
13512
13525
13512
13525
13562
13600
13637
13700
13775
13850
13912
14000
14087
14162
14250
14337
14412
14500
14587
14662
14750
14825
14900
14962
15012
15062
15112
15162
15187
15212
15200
15162
15100
15037
14975
14925
14862
14800
14762
14725
14687
14650
14612
14575
14537
14512
14475
14462
14425
14387
14375
14362
14325
14287
14250
14212
14175
14137
14125
14112
14100
14087
14075
14062
14075
14062
14050
14062
14050
14037
14050
14062
14050
14062
14075
14062
14050
14062
14050
14012
14000
13987
13962
13950
13937
13925
13912
13900
13862
13850
13812
13775
13737
13725
13687
13675
13662
13650
13637
13625
13612
13600
13612
13600
13587
13575
13587
13575
13587
13625
13662
13700
13762
13825
13887
13937
14012
14100
14187
14275
14362
14437
14512
14600
14687
14775
14862
14937
15012
15087
15162
15225
15262
15275
15287
15275
15237
15200
15162
15100
15037
14975
14950
14912
14875
14837
14800
14737
14700
14662
14650
14637
14625
14587
14587
14562
14537
14512
14487
14437
14375
14337
14300
14262
14225
14212
14175
14162
14150
14137
14125
14137
14125
14137
14150
14162
14175
14187
14200
14212
14225
14212
14225
14212
14225
14212
14200
14200
14200
14200
14200
14200
14187
14175
14137
14125
14112
14075
14062
14050
14012
14000
13975
13962
13937
13937
13912
13900
13887
13875
13837
13825
13812
13800
13787
13775
13762
13750
13712
13700
13687
13675
13662
13675
13662
13650
13637
13625
13612
13600
13612
13600
13612
13625
13662
13700
13762
13825
13887
13937
14012
14087
14162
14250
14337
14412
14500
14600
14687
14775
14850
14925
14975
15037
15100
15162
15225
15262
15275
15262
15225
15162
15125
15087
15050
15012
14975
14925
14862
14825
14775
14750
14725
14700
14675
14662
14625
14612
14600
14562
14525
14487
14437
14375
14337
14300
14262
14225
14212
14175
14137
14125
14112
14100
14087
14100
14087
14100
14087
14100
14087
14100
14075
14075
14075
14075
14050
14062
14050
14037
14025
14012
14000
13987
13962
13950
13937
13925
13912
13900
13887
13875
13862
13850
13837
13825
13812
13775
13737
13700
13662
13625
13587
13575
13562
13550
13537
13550
13537
13550
13537
13550
13562
13600
13637
13700
13775
13850
13937
14025
14112
14187
14275
14362
14450
14550
14650
14737
14825
14900
14962
15037
15100
15162
15200
15237
15250
15237
15200
15162
15100
15037
14975
14950
14912
14875
14837
14825
14775
14750
14725
14725
14700
14687
14675
14662
14625
14587
14550
14487
14437
14375
14337
14300
14262
14250
14237
14225
14212
14200
14187
14175
14162
14150
14162
14150
14162
14150
14162
14150
14162
14150
14162
14150
14162
14150
14162
14150
14162
14150
14162
14150
14162
14137
14137
14112
14112
14087
14100
14087
14075
14037
14025
13987
13962
13950
13937
13925
13900
13900
13875
13850
13825
13812
13775
13762
13750
13737
13712
13712
13687
13687
13662
13650
13637
13625
13612
13600
13612
13587
13587
13562
13562
13537
13550
13525
13537
13550
13587
13625
13700
13762
13837
13900
13987
14075
14162
14237
14325
14400
14462
14550
14637
14712
14787
14862
14925
14987
15062
15112
15162
15212
15225
15212
15200
15162
15125
15087
15050
15012
14975
14950
14912
14875
14837
14800
14762
14725
14687
14650
14637
14600
14562
14550
14537
14512
14475
14462
14425
14387
14350
14312
14250
14187
14125
14087
14050
14037
14025
14037
14025
14037
14025
14050
14050
14050
14050
14050
14037
14025
14012
14000
13987
13987
13975
13962
13925
13912
13875
13862
13850
13837
13825
13812
13800
13787
13775
13762
13750
13737
13725
13712
13700
13687
13675
13662
13650
13637
13625
13612
13600
13587
13575
13562
13550
13537
13550
13537
13550
13562
13600
13637
13675
13725
13787
13850
13937
14050
14150
14237
14312
14375
14437
14487
14562
14637
14725
14812
14900
14962
15037
15100
15137
15175
15187
15175
15125
15100
15050
14987
14962
14937
14875
14837
14812
14787
14762
14750
14737
14725
14712
14700
14687
14650
14612
14550
14487
14462
14425
14387
14350
14312
14250
14187
14150
14112
14100
14112
14125
14137
14150
14162
14150
14162
14150
14162
14150
14162
14150
14137
14125
14112
14100
14087
14075
14062
14050
14050
14037
14025
14012
14000
13987
13975
13962
13950
13937
13925
13912
13900
13887
13875
13862
13850
13837
13825
13812
13775
13737
13725
13687
13650
13637
13625
13612
13600
13612
13600
13612
13600
13612
13600
13612
13625
13662
13700
13762
13825
13887
13937
14000
14062
14125
14212
14300
14387
14475
14575
14650
14737
14825
14900
14962
15037
15100
15162
15200
15237
15250
15237
15200
15162
15100
15062
15025
15000
14962
14950
14912
14875
14862
14850
14812
14800
14787
14750
14712
14700
14662
14625
14587
14550
14487
14437
14375
14337
14300
14262
14250
14237
14200
14200
14200
14200
14200
14200
14187
14175
14162
14150
14162
14150
14162
14150
14137
14125
14137
14125
14112
14125
14112
14100
14087
14075
14062
14050
14012
14000
13987
13962
13950
13937
13900
13887
13875
13837
13825
13812
13800
13787
13775
13775
13775
13750
13725
13725
13687
13650
13637
13625
13587
13575
13562
13550
13537
13525
13512
13525
13537
13575
13650
13725
13812
13887
13987
14075
14162
14250
14337
14412
14475
14550
14612
14687
14762
14837
14912
14975
15037
15075
15112
15150
15162
15150
15175
15175
15150
15125
15125
15087
15050
15012
14975
14950
14912
14875
14837
14800
14737
14700
14662
14650
14637
14625
14612
14600
14562
14550
14537
14512
14500
14487
14475
14462
14450
14412
14375
14337
14300
14262
14225
14212
14175
14137
14100
14087
14050
14012
14000
14012
14000
14012
14025
14037
14025
14037
14025
14037
14025
14012
14000
13987
13987
13975
13962
13925
13912
13875
13837
13825
13812
13775
13762
13750
13737
13725
13737
13725
13712
13700
13687
13675
13662
13650
13612
13575
13537
13500
13500
13487
13500
13487
13500
13487
13500
13487
13500
13487
13500
13500
13537
13575
13650
13737
13825
13912
14012
14112
14200
14287
14375
14450
14525
14600
14675
14737
14800
14862
14925
14975
15012
15062
15087
15075
15075
15075
15062
15050
15050
15012
15000
14975
14937
14900
14862
14837
14812
14787
14762
14762
14725
14687
14675
14662
14625
14612
14600
14587
14575
14562
14525
14512
14487
14450
14412
14375
14312
14250
14212
14175
14125
14100
14075
14050
14025
14037
14025
14012
14000
13987
13987
13975
13987
13975
13987
13975
13987
13975
13987
13962
13975
13962
13975
13962
13987
13975
13987
13975
13987
13962
13962
13937
13937
13912
13900
13887
13875
13837
13800
13787
13750
13737
13725
13712
13700
13687
13675
13662
13650
13637
13625
13612
13600
13612
13600
13612
13600
13612
13625
13637
13650
13687
13725
13762
13837
13900
13975
14062
14150
14237
14325
14412
14500
14587
14662
14737
14800
14862
14925
14975
15037
15100
15162
15200
15237
15250
15237
15200
15162
15125
15087
15050
15012
15000
14975
14937
14900
14887
14850
14812
14775
14737
14675
14612
14550
14487
14437
14375
14312
14250
14212
14175
14137
14125
14112
14075
14062
14075
14062
14075
14087
14100
14087
14075
14062
14050
14037
14025
14012
14000
13987
13987
13975
13962
13925
13912
13875
13837
13825
13812
13775
13737
13725
13687
13675
13662
13650
13637
13625
13587
13575
13562
13550
13525
13525
13500
13475
13462
13450
13412
13400
13387
13387
13375
13387
13375
13387
13362
13375
13362
13375
13362
13375
13387
13425
13437
13475
13500
13550
13600
13675
13750
13825
13887
13950
14025
14100
14175
14250
14312
14375
14437
14500
14587
14675
14762
14825
14875
14875
14850
14800
14750
14675
14612
14550
14487
14462
14425
14387
14350
14337
14300
14262
14250
14237
14200
14162
14125
14087
14050
14012
14000
13987
13962
13950
13937
13900
13887
13875
13862
13850
13862
13850
13862
13875
13887
13900
13912
13925
13912
13925
13912
13925
13912
13925
13912
13925
13912
13925
13900
13900
13900
13900
13875
13887
13875
13837
13825
13812
13775
13762
13750
13737
13725
13712
13700
13687
13675
13662
13650
13637
13625
13612
13587
13587
13562
13537
13512
13500
13475
13462
13450
13437
13425
13437
13425
13437
13425
13437
13450
13462
13475
13500
13537
13575
13637
13700
13762
13837
13900
13975
14050
14125
14200
14275
14350
14425
14487
14550
14612
14675
14737
14800
14862
14925
14962
15000
15025
15050
15050
15075
15062
15050
15037
15025
15000
14962
14925
14862
14800
14762
14725
14687
14675
14662
14625
14587
14550
14512
14487
14450
14437
14425
14387
14375
14362
14350
14337
14325
14287
14250
14187
14150
14112
14075
14062
14050
14012
14000
13987
13987
13987
14000
14012
14025
14037
14025
14037
14025
14037
14025
14037
14025
14037
14025
14012
14000
13987
13962
13925
13912
13875
13862
13850
13837
13825
13812
13775
13762
13750
13737
13725
13712
13700
13687
13650
13637
13625
13612
13600
13612
13600
13612
13600
13587
13575
13587
13575
13587
13625
13662
13700
13762
13837
13887
13937
14000
14062
14125
14212
14300
14387
14462
14537
14625
14712
14800
14887
14962
15037
15100
15162
15225
15262
15300
15312
15325
15312
15300
15262
15225
15187
15150
15112
15075
15037
15000
14975
14925
14900
14875
14850
14825
14837
14825
14812
14800
14775
14750
14725
14725
14700
14687
14650
14612
14575
14537
14512
14475
14437
14375
14312
14275
14237
14225
14212
14225
14212
14225
14212
14225
14212
14225
14237
14250
14262
14275
14287
14275
14287
14275
14262
14225
14212
14175
14162
14150
14137
14125
14112
14075
14062
14050
14012
14000
13987
13987
13975
13962
13950
13937
13925
13912
13900
13862
13862
13837
13837
13837
13837
13825
13812
13800
13787
13800
13787
13800
13787
13800
13775
13775
13775
13800
13825
13887
13937
14000
14075
14162
14250
14350
14437
14537
14625
14712
14787
14875
14937
15012
15087
15162
15225
15287
15350
15387
15425
15437
15425
15412
15400
15362
15325
15287
15225
15162
15100
15037
15000
14975
14937
14925
14912
14875
14862
14850
14812
14775
14737
14675
14612
14550
14487
14437
14375
14337
14300
14262
14250
14237
14225
14200
14200
14200
14200
14200
14212
14225
14212
14225
14212
14200
14187
14175
14162
14150
14137
14100
14087
14050
14037
14025
14037
14012
14012
13987
13962
13950
13937
13900
13887
13875
13837
13800
13787
13750
13737
13725
13712
13700
13687
13650
13637
13625
13612
13600
13612
13600
13612
13625
13662
13700
13762
13825
13887
13975
14075
14175
14287
14387
14462
14550
14637
14712
14787
14862
14925
14975
15037
15100
15162
15225
15262
15300
15312
15300
15262
15225
15162
15100
15037
15000
14962
14937
14912
14887
14837
14825
14787
14750
14737
14725
14687
14675
14662
14625
14612
14600
14562
14550
14537
14512
14475
14437
14375
14312
14250
14212
14175
14162
14150
14162
14150
14162
14150
14162
14150
14162
14150
14137
14125
14112
14100
14087
14075
14037
14025
13987
13987
13975
13962
13925
13912
13875
13862
13850
13837
13800
13787
13750
13712
13700
13687
13650
13637
13625
13612
13600
13612
13600
13612
13600
13612
13600
13612
13600
13612
13625
13662
13700
13762
13825
13887
13962
14050
14137
14225
14312
14400
14462
14550
14637
14712
14787
14862
14925
15000
15075
15125
15175
15212
15225
15212
15225
15200
15150
15100
15050
14975
14925
14862
14800
14762
14725
14687
14675
14662
14625
14587
14575
14537
14512
14475
14437
14375
14312
14250
14212
14175
14137
14125
14112
14075
14062
14075
14062
14050
14062
14075
14062
14075
14087
14100
14087
14075
14062
14050
14037
14025
14037
14025
14012
14000
13987
13962
13950
13937
13900
13887
13875
13862
13850
13837
13825
13812
13800
13787
13800
13787
13775
13762
13750
13737
13725
13737
13725
13712
13700
13687
13675
13662
13650
13637
13625
13612
13587
13587
13562
13562
13537
13550
13525
13525
13525
13525
13525
13562
13600
13650
13725
13800
13875
13937
14000
14075
14150
14225
14300
14387
14462
14550
14637
14725
14812
14887
14950
15025
15075
15112
15150
15162
15150
15162
15137
15087
15037
14987
14950
14912
14875
14837
14825
14787
14750
14712
14675
14637
14600
14587
14562
14537
14487
14437
14375
14312
14275
14237
14200
14187
14175
14137
14125
14112
14075
14062
14050
14037
14025
14037
14025
14037
14025
14037
14025
14037
14025
14037
14025
14037
14025
14037
14025
14037
14025
14012
13975
13937
13912
13875
13862
13850
13837
13825
13812
13800
13787
13800
13787
13775
13762
13750
13737
13725
13737
13712
13712
13687
13687
13662
13650
13637
13625
13587
13575
13562
13550
13537
13550
13537
13550
13537
13550
13537
13550
13537
13550
13537
13525
13512
13525
13512
13525
13537
13550
13562
13575
13600
13625
13662
13700
13762
13825
13900
13975
14062
14162
14250
14350
14437
14525
14600
14687
14762
14850
14925
15012
15087
15162
15200
15237
15250
15237
15200
15162
15100
15062
15025
15000
14962
14950
14912
14875
14862
14850
14837
14825
14812
14775
14762
14725
14687
14675
14662
14625
14612
14600
14562
14550
14537
14512
14475
14437
14375
14312
14250
14187
14150
14112
14100
14087
14100
14087
14100
14087
14100
14087
14100
14087
14100
14087
14075
14062
14037
14012
13987
13987
13975
13962
13950
13937
13900
13862
13825
13787
13750
13712
13662
13637
13587
13562
13537
13550
13537
13550
13537
13525
13512
13500
13500
13487
13475
13462
13450
13437
13425
13437
13425
13437
13425
13437
13450
13475
13512
13575
13637
13712
13800
13875
13962
14050
14125
14200
14275
14350
14425
14525
14612
14712
14812
14900
14962
15012
15050
15062
15050
15012
14975
14925
14862
14800
14737
14675
14612
14575
14537
14512
14500
14487
14450
14437
14425
14387
14375
14362
14325
14287
14250
14187
14125
14087
14050
14012
13975
13962
13937
13900
13887
13900
13887
13900
13912
13925
13937
13950
13962
13975
13987
13975
13987
13975
13987
13975
13987
13975
13987
13975
13962
13912
13900
13887
13875
13862
13862
13825
13787
13750
13712
13700
13687
13675
13662
13675
13662
13650
13637
13625
13612
13600
13587
13550
13537
13500
13475
13462
13450
13437
13425
13437
13425
13437
13425
13437
13450
13475
13512
13575
13637
13700
13762
13825
13887
13950
14025
14100
14175
14250
14325
14400
14487
14575
14662
14737
14800
14862
14925
14962
15000
15025
15037
15025
15037
15025
15000
14962
14925
14862
14825
14787
14750
14712
14675
14612
14550
14487
14462
14425
14387
14350
14312
14250
14212
14175
14137
14100
14062
14025
13987
13962
13925
13912
13875
13862
13850
13862
13850
13862
13875
13887
13900
13912
13925
13912
13925
13912
13900
13887
13875
13862
13837
13850
13837
13825
13812
13812
13775
13737
13725
13687
13675
13662
13650
13637
13625
13587
13575
13562
13550
13562
13562
13537
13537
13512
13475
13462
13450
13437
13425
13437
13425
13412
13400
13387
13375
13362
13375
13362
13375
13387
13400
13412
13450
13475
13512
13575
13637
13700
13762
13837
13900
13975
14062
14150
14225
14312
14400
14462
14537
14612
14675
14737
14800
14862
14925
14975
15012
15025
15037
15025
15000
14962
14950
14912
14875
14837
14825
14787
14750
14712
14700
14650
14600
14575
14550
14512
14475
14437
14375
14337
14287
14237
14187
14137
14062
14025
13987
13962
13950
13937
13925
13937
13950
13962
13975
13987
13975
13962
13950
13962
13950
13962
13975
13962
13950
13937
13925
13912
13900
13862
13850
13812
13775
13762
13750
13737
13725
13712
13700
13687
13675
13662
13650
13637
13625
13612
13600
13612
13600
13587
13575
13562
13550
13537
13550
13525
13525
13500
13475
13462
13450
13437
13425
13437
13425
13437
13450
13475
13512
13575
13637
13700
13762
13825
13887
13962
14050
14150
14250
14337
14425
14487
14550
14612
14675
14737
14800
14862
14925
14975
15012
15050
15062
15050
15012
14975
14925
14862
14800
14762
14712
14662
14637
14612
14562
14525
14512
14487
14475
14462
14450
14412
14400
14362
14325
14287
14250
14187
14125
14087
14050
14012
13975
13962
13937
13925
13912
13900
13887
13875
13862
13850
13862
13850
13862
13850
13862
13850
13862
13850
13862
13850
13862
13850
13862
13850
13837
13825
13812
13775
13762
13750
13712
13700
13687
13675
13662
13650
13637
13625
13587
13550
13512
13475
13450
13437
13425
13437
13425
13437
13450
13462
13450
13462
13475
13462
13475
13500
13537
13575
13637
13700
13762
13825
13887
13950
14025
14100
14187
14287
14375
14462
14575
14675
14762
14850
14925
14962
15000
15025
15037
15025
15012
15000
14975
14937
14900
14887
14850
14812
14775
14737
14700
14662
14650
14625
14600
14575
14550
14537
14525
14512
14500
14487
14475
14462
14450
14412
14400
14362
14350
14325
14300
14250
14200
14125
14087
14050
14012
14000
13987
13987
13975
13987
13975
13987
13975
13987
13975
13987
13975
13987
13975
13962
13950
13937
13925
13912
13900
13887
13875
13837
13825
13812
13775
13737
13700
13662
13625
13612
13600
13612
13600
13612
13600
13612
13600
13612
13600
13612
13600
13612
13587
13587
13562
13562
13562
13575
13562
13575
13587
13575
13562
13587
13587
13587
13612
13662
13700
13762
13825
13887
13950
14025
14112
14200
14287
14375
14450
14537
14637
14737
14825
14912
14975
15037
15100
15162
15200
15212
15225
15212
15175
15137
15100
15025
14975
14937
14887
14862
14850
14812
14800
14787
14750
14737
14725
14687
14650
14637
14600
14562
14525
14487
14437
14400
14362
14325
14287
14275
14237
14200
14187
14162
14137
14112
14112
14087
14100
14087
14100
14087
14100
14087
14100
14087
14100
14087
14100
14087
14100
14087
14100
14087
14100
14087
14075
14062
14050
14037
14025
14012
13975
13962
13937
13925
13912
13925
13912
13900
13887
13875
13862
13850
13837
13825
13812
13800
13787
13800
13787
13775
13737
13725
13687
13675
13662
13675
13662
13675
13662
13650
13637
13625
13612
13600
13587
13575
13562
13550
13537
13550
13562
13600
13637
13700
13762
13825
13887
13950
14025
14100
14175
14262
14337
14412
14487
14587
14675
14762
14850
14925
15000
15075
15150
15200
15237
15275
15275
15250
15212
15175
15112
15062
15012
14975
14950
14912
14875
14862
14850
14812
14775
14737
14700
14662
14650
14637
14625
14612
14600
14562
14550
14537
14512
14475
14462
14425
14387
14350
14312
14250
14187
14150
14112
14100
14087
14100
14075
14075
14075
14075
14075
14087
14100
14087
14100
14112
14125
14112
14125
14112
14100
14087
14075
14037
14025
13987
13962
13950
13937
13900
13887
13875
13837
13825
13812
13800
13775
13775
13750
13750
13725
13712
13700
13687
13650
13637
13625
13612
13600
13612
13600
13587
13575
13562
13550
13562
13575
13587
13637
13700
13762
13850
13925
14000
14075
14150
14225
14300
14387
14450
14537
14625
14712
14787
14875
14937
15012
15062
15112
15150
15187
15200
15200
15200
15175
15125
15075
15037
14975
14925
14862
14800
14762
14725
14687
14650
14637
14600
14562
14550
14537
14537
14525
14512
14500
14487
14450
14437
14425
14387
14350
14312
14250
14212
14175
14137
14100
14087
14050
14037
14025
14037
14025
14012
14000
13987
13962
13950
13962
13950
13962
13975
13987
13987
14000
14012
14025
14037
14025
14037
14025
14012
14000
13987
13987
13975
13962
13950
13937
13925
13912
13925
13912
13900
13887
13875
13862
13850
13862
13850
13837
13825
13812
13775
13762
13750
13712
13700
13687
13675
13662
13650
13637
13625
13612
13600
13587
13575
13562
13550
13537
13550
13537
13550
13537
13525
13512
13500
13500
13500
13512
13525
13562
13600
13637
13712
13787
13862
13925
14000
14062
14125
14187
14262
14337
14412
14500
14587
14662
14737
14800
14862
14925
14962
15000
15025
15037
15025
15012
14975
14950
14912
14875
14837
14825
14775
14750
14725
14700
14650
14637
14587
14537
14512
14487
14450
14412
14375
14312
14250
14212
14175
14125
14112
14100
14062
14025
14025
13987
13987
13975
13962
13950
13937
13925
13912
13925
13912
13925
13912
13925
13912
13937
13937
13937
13937
13937
13925
13912
13900
13887
13875
13837
13800
13787
13750
13712
13675
13675
13637
13625
13612
13600
13575
13562
13550
13537
13525
13512
13500
13500
13487
13475
13462
13450
13412
13400
13387
13375
13362
13375
13362
13375
13387
13425
13450
13525
13600
13675
13750
13825
13887
13962
14037
14125
14212
14300
14387
14462
14537
14625
14712
14775
14850
14900
14950
14975
15037
15062
15112
15125
15112
15075
15062
15025
15000
14962
14925
14862
14800
14737
14675
14612
14550
14512
14487
14475
14450
14450
14425
14400
14375
14362
14350
14337
14325
14287
14250
14212
14175
14137
14100
14062
14000
13937
13912
13875
13862
13850
13862
13875
13887
13900
13912
13925
13912
13925
13912
13900
13887
13875
13862
13850
13837
13825
13812
13800
13787
13775
13737
13725
13687
13675
13662
13650
13637
13625
13587
13550
13537
13500
13475
13462
13450
13437
13425
13412
13400
13387
13375
13362
13375
13362
13375
13362
13375
13362
13375
13387
13425
13462
13537
13612
13687
13775
13850
13925
14012
14100
14175
14262
14337
14412
14475
14550
14625
14700
14775
14850
14925
14975
15037
15075
15112
15125
15100
15075
15050
15000
14962
14950
14900
14875
14850
14825
14775
14737
14700
14662
14650
14637
14625
14587
14575
14537
14512
14500
14487
14450
14412
14400
14362
14325
14287
14250
14175
14125
14075
14025
14000
13987
13987
13975
13987
13975
13962
13950
13962
13950
13937
13950
13937
13925
13912
13925
13912
13925
13912
13925
13912
13900
13887
13875
13837
13825
13812
13775
13762
13750
13737
13725
13712
13675
13662
13612
13587
13562
13562
13537
13525
13487
13475
13450
13437
13425
13437
13425
13437
13425
13412
13400
13387
13375
13362
13375
13387
13400
13425
13462
13525
13587
13675
13750
13825
13887
13962
14050
14137
14225
14300
14375
14437
14500
14575
14662
14762
14862
14937
15000
15050
15062
15050
15012
14975
14925
14862
14800
14737
14700
14662
14625
14587
14575
14537
14512
14475
14437
14375
14337
14300
14262
14225
14187
14150
14100
14075
14050
14050
14025
14012
13975
13962
13937
13925
13912
13925
13912
13925
13912
13925
13912
13925
13912
13925
13912
13925
13912
13925
13912
13925
13912
13925
13912
13925
13912
13900
13887
13875
13862
13850
13837
13825
13837
13812
13812
13812
13812
13787
13800
13787
13775
13737
13725
