t = 60.000000, p = 564.000000
15837
15812
15812
15762
15750
15737
15725
15712
15700
15687
15675
15687
15675
15662
15650
15637
15625
15612
15625
15612
15600
15587
15575
15575
15562
15575
15562
15550
15537
15550
15537
15550
15575
15612
15650
15725
15800
15875
15950
16037
16112
16200
16287
16375
16462
16537
16625
16712
16787
16862
16937
17000
17062
17112
17175
17237
17300
17375
17450
17525
17587
17662
17725
17787
17825
17875
17925
17975
18000
18050
18062
18037
18025
18050
18025
18000
17987
17937
17875
17837
17800
17762
17725
17662
17600
17550
17487
17450
17412
17362
17337
17312
17262
17212
17175
17112
17062
17000
16937
16900
16862
16825
16787
16775
16737
16700
16687
16675
16662
16650
16637
16637
16625
16612
16600
16587
16550
16537
16500
16462
16450
16437
16425
16412
16425
16412
16400
16387
16375
16337
16300
16262
16200
16137
16100
16062
16062
16050
16037
16000
15987
15950
15937
15925
15912
15900
15887
15875
15862
15875
15862
15850
15837
15825
15812
15800
15787
15787
15775
15762
15750
15737
15712
15700
15687
15675
15687
15675
15687
15675
15662
15662
15662
15675
15675
15700
15687
15700
15675
15662
15650
15637
15625
15612
15600
15587
15600
15587
15575
15587
15575
15575
15562
15550
15537
15512
15487
15437
15425
15412
15412
15412
15437
15425
15387
15375
15362
15350
15362
15375
15387
15400
15412
15425
15462
15500
15525
15587
15662
15737
15812
15887
15962
16050
16137
16225
16325
16412
16487
16562
16650
16725
16800
16875
16937
17000
17062
17112
17175
17237
17300
17362
17425
17487
17550
17600
17662
17725
17787
17825
17837
17850
17837
17800
17787
17775
17762
17750
17737
17725
17687
17650
17612
17600
17575
17562
17525
17487
17425
17362
17300
17237
17175
17112
17050
17000
16950
16887
16850
16812
16750
16687
16637
16562
16537
16500
16462
16425
16387
16325
16287
16250
16237
16225
16237
16225
16212
16200
16187
16150
16137
16125
16087
16050
16037
16012
15975
15962
15950
15912
15900
15912
15862
15850
15862
15850
15837
15862
15850
15837
15825
15812
15800
15787
15775
15762
15725
15712
15700
15662
15650
15637
15625
15612
15600
15587
15562
15550
15550
15550
15550
15562
15575
15562
15575
15550
15562
15550
15562
15550
15575
15562
15575
15562
15575
15562
15575
15562
15550
15550
15550
15525
15525
15525
15512
15500
15512
15500
15512
15500
15512
15500
15512
15500
15512
15500
15512
15500
15512
15500
15487
15475
15462
15450
15437
15450
15437
15450
15437
15450
15425
15450
15475
15512
15562
15650
15712
15787
15862
15950
16050
16162
16275
16387
16475
16587
16700
16800
16912
17012
17087
17175
17262
17337
17387
17437
17500
17525
17550
17600
17637
17637
17675
17712
17750
17787
17825
17837
17850
17837
17825
17812
17800
17762
17750
17712
17675
17637
17600
17575
17537
17500
17462
17475
17450
17425
17400
17375
17325
17275
17225
17175
17125
17062
17000
16937
16875
16812
16750
16687
16625
16562
16512
16450
16412
16375
16362
16350
16325
16300
16300
16275
16275
16287
16275
16262
16250
16250
16237
16225
16212
16200
16175
16162
16150
16112
16100
16062
16037
16025
16012
15975
15962
15950
15937
15925
15912
15900
15887
15887
15875
15862
15850
15825
15787
15762
15762
15737
15700
15687
15700
15687
15700
15737
15750
15737
15750
15737
15750
15737
15725
15712
15700
15662
15650
15637
15625
15612
15625
15612
15587
15575
15562
15562
15550
15575
15562
15575
15562
15550
15537
15500
15487
15475
15487
15475
15512
15500
15512
15500
15512
15500
15512
15525
15550
15587
15650
15725
15800
15887
15962
16062
16150
16250
16362
16487
16612
16737
16862
16950
17037
17137
17237
17325
17412
17487
17550
17587
17625
17650
17687
17700
17737
17775
17812
17825
17862
17875
17887
17875
17887
17875
17862
17850
17837
17825
17812
17800
17762
17750
17712
17675
17675
17662
17625
17612
17587
17562
17525
17487
17425
17375
17325
17287
17250
17212
17175
17112
17062
17000
16937
16875
16812
16750
16687
16625
16562
16512
16450
16387
16350
16312
16300
16275
16275
16250
16275
16250
16237
16225
16200
16150
16125
16087
16062
16050
16050
16025
16037
16012
15987
15925
15912
15900
15887
15875
15900
15912
15887
15862
15862
15862
15825
15800
15800
15775
15725
15712
15687
15675
15662
15700
15687
15712
15725
15737
15725
15725
15737
15750
15750
15750
15787
15787
15787
15800
15787
15775
15762
15750
15737
15775
15762
15775
15762
15750
15712
15700
15687
15675
15687
15675
15687
15675
15687
15675
15687
15675
15687
15700
15700
15700
15700
15700
15675
15687
15675
15687
15675
15687
15675
15650
15637
15650
15662
15700
15775
15837
15900
15962
16037
16112
16187
16275
16362
16450
16550
16662
16775
16887
16987
17075
17162
17237
17312
17387
17475
17550
17612
17675
17737
17787
17812
17862
17900
17937
17950
17987
18000
17987
17975
17962
17950
17937
17925
17887
17850
17812
17775
17737
17737
17712
17650
17612
17600
17550
17512
17487
17425
17362
17312
17262
17212
17175
17100
17025
16962
16900
16837
16775
16762
16725
16687
16675
16662
16612
16587
16562
16550
16562
16550
16537
16550
16537
16500
16512
16500
16487
16475
16487
16462
16462
16437
16387
16362
16350
16312
16275
16300
16262
16225
16212
16200
16150
16137
16125
16087
16037
16037
16025
16000
16000
16012
16000
15987
15975
15962
15950
15937
15912
15925
15912
15900
15887
15887
15887
15875
15887
15875
15887
15862
15825
15812
15800
15787
15775
15825
15812
15800
15787
15775
15750
15737
15750
15737
15750
15737
15750
15737
15750
15762
15775
15787
15800
15787
15775
15762
15750
15737
15750
15737
15725
15712
15700
15687
15675
15687
15700
15712
15725
15737
15750
15737
15750
15737
15750
15737
15750
15762
15812
15862
15937
16012
16100
16175
16250
16337
16425
16500
16600
16700
16825
16937
17062
17175
17300
17387
17475
17550
17637
17712
17787
17825
17862
17900
17912
17925
17937
17950
17962
17975
17962
17950
17937
17900
17887
17862
17862
17825
17812
17775
17750
17700
17662
17600
17550
17512
17475
17437
17400
17387
17350
17312
17300
17287
17250
17212
17175
17112
17062
17000
16937
16875
16850
16812
16775
16762
16737
16675
16612
16600
16575
16575
16575
16587
16575
16562
16550
16537
16550
16537
16550
16537
16525
16512
16500
16487
16475
16437
16425
16412
16400
16387
16425
16412
16400
16387
16375
16362
16350
16362
16350
16337
16300
16287
16250
16212
16200
16187
16175
16162
16150
16137
16125
16112
16100
16087
16075
16050
16050
16037
16050
16037
16062
16050
16062
16050
16062
16050
16037
16037
16037
16012
16012
16012
16000
15987
15975
15962
15975
15962
15975
15987
16000
15987
16000
15987
16000
15987
16000
16012
16025
16037
16062
16062
16062
16062
16062
16050
16062
16062
16075
16087
16087
16087
16087
16087
16087
16100
16112
16100
16087
16075
16050
16037
16000
15987
15950
15950
15925
15937
15900
15912
15925
15962
15987
16075
16137
16212
16300
16387
16475
16575
16675
16775
16887
16987
17075
17175
17275
17362
17450
17537
17600
17662
17725
17787
17862
17912
17975
18012
18050
18050
18075
18087
18125
18137
18175
18187
18200
18187
18200
18187
18175
18162
18125
18100
18100
18100
18075
18100
18087
18075
18062
18037
18012
17987
17962
17937
17925
17887
17875
17837
17800
17787
17775
17737
17700
17687
17650
17612
17587
17562
17512
17487
17475
17437
17400
17362
17300
17237
17225
17187
17150
17112
17075
17000
16937
16900
16862
16850
16862
16875
16887
16900
16887
16875
16862
16850
16837
16825
16812
16800
16787
16775
16787
16775
16787
16775
16800
16787
16800
16787
16775
16750
16737
16700
16687
16675
16637
16625
16612
16612
16600
16612
16600
16587
16575
16587
16550
16550
16550
16550
16525
16550
16562
16575
16587
16600
16612
16600
16612
16600
16612
16600
16612
16600
16612
16600
16612
16600
16612
16600
16612
16612
16625
16637
16650
16637
16625
16600
16600
16600
16625
16625
16662
16650
16662
16650
16662
16650
16662
16650
16662
16650
16662
16650
16637
16600
16587
16562
16550
16537
16525
16512
16500
16487
16475
16487
16475
16487
16475
16462
16450
16437
16425
16437
16450
16462
16475
16487
16475
16462
16450
16462
16450
16475
16487
16500
16487
16500
16500
16537
16562
16625
16687
16750
16825
16900
16975
17050
17150
17250
17362
17475
17562
17650
17737
17812
17900
17987
18075
18137
18175
18225
18275
18325
18350
18412
18450
18462
18487
18537
18587
18625
18662
18687
18687
18662
18650
18637
18600
18562
18550
18512
18475
18462
18450
18412
18375
18362
18312
18287
18262
18237
18212
18200
18175
18162
18150
18112
18075
18037
17975
17912
17850
17812
17775
17737
17700
17687
17650
17625
17587
17550
17512
17475
17425
17412
17400
17412
17412
17425
17425
17425
17400
17387
17400
17387
17375
17362
17350
17337
17325
17337
17325
17312
17300
17287
17287
17275
17262
17250
17237
17212
17200
17212
17200
17187
17175
17162
17137
17100
17087
17050
17037
17025
17037
17025
17012
17000
17012
17000
17012
17025
17037
17025
17037
17025
17037
17050
17062
17050
17062
17050
17037
17025
17037
17025
17037
17025
17012
17000
16987
16975
16962
16950
16937
16925
16887
16875
16862
16850
16837
16850
16837
16850
16837
16862
16862
16862
16825
16837
16812
16787
16787
16800
16787
16775
16787
16775
16787
16775
16787
16775
16787
16775
16787
16800
16812
16800
16812
16825
16812
16825
16862
16862
16875
16912
16950
16962
17012
17012
17012
16975
16987
16975
17000
17000
17037
17050
17062
17075
17112
17137
17175
17237
17300
17362
17425
17500
17562
17650
17737
17837
17937
18037
18125
18250
18362
18475
18575
18675
18750
18837
18912
18987
19062
19137
19175
19225
19250
19275
19275
19300
19275
19287
19275
19287
19275
19262
19250
19237
19212
19200
19187
19175
19162
19175
19162
19150
19137
19125
19087
19075
19062
19025
18987
18950
18912
18875
18837
18800
18762
18700
18637
18612
18575
18537
18500
18462
18425
18387
18350
18337
18325
18312
18300
18312
18300
18312
18300
18312
18300
18312
18287
18287
18287
18287
18262
18250
18212
18187
18150
18125
18100
18075
18012
18000
17962
17925
17887
17837
17800
17762
17750
17725
17712
17662
17612
17550
17487
17425
17387
17350
17312
17275
17262
17225
17187
17150
17112
17062
17000
16962
16925
16887
16875
16900
16887
16875
16887
16900
16900
16912
16950
16962
16975
16987
17000
17012
17025
17037
17050
17062
17075
17112
17137
17137
17187
17237
17262
17287
17325
17337
17350
17387
17425
17462
17500
17512
17525
17512
17500
17487
17475
17437
17425
17412
17375
17337
17300
17262
17225
17187
17150
17112
17062
17000
16962
16950
16987
17025
17100
17187
17275
17350
17450
17537
17650
17787
17925
18062
18200
18337
18462
18575
18687
18800
18900
18987
19075
19137
19187
19250
19287
19312
19362
19412
19437
19475
19512
19525
19512
19475
19437
19375
19312
19250
19187
19137
19075
19012
18950
18887
18825
18762
18662
18600
18550
18487
18425
18400
18337
18275
18212
18150
18087
18012
17937
17850
17762
17687
17600
17525
17437
17350
17262
17187
17112
17062
17000
16937
16875
16812
16775
16737
16700
16687
16700
16687
16700
16737
16775
16812
16875
16950
17025
17087
17137
17187
17237
17287
17337
17412
17487
17512
17562
17600
17625
17650
17712
17725
17737
17775
17812
17850
17887
17925
17962
18000
18012
18012
18037
18037
18037
18037
18100
18087
18075
18037
18000
17912
17850
17787
17725
17662
17600
17550
17487
17425
17350
17300
17250
17200
17150
17100
17037
16962
16875
16812
16762
16712
16662
16650
16612
16587
16575
16587
16562
16537
16537
16512
16487
16500
16512
16525
16562
16575
16587
16637
16675
16687
16737
16787
16812
16862
16937
16975
17012
17050
17087
17112
17175
17237
17312
17350
17387
17425
17437
17412
17437
17462
17462
17487
17512
17525
17512
17525
17512
17537
17537
17562
17587
17625
17650
17700
17750
17787
17850
17912
17975
18037
18100
18162
18275
18387
18512
18662
18787
18887
19012
19100
19150
19212
19275
19312
19350
19387
19400
19387
19375
19362
19350
19337
19362
19362
19362
19362
19350
19300
19275
19250
19200
19187
19175
19162
19150
19175
19162
19150
19112
19075
19037
19000
18962
18925
18875
18825
18775
18725
18675
18637
18587
18550
18500
18450
18425
18400
18350
18312
18300
18262
18225
18212
18200
18175
18162
18150
18112
18100
18087
18075
18062
18075
18062
18075
18062
18050
18012
18000
17962
17925
17887
17887
17862
17862
17850
17837
17837
17812
17787
17775
17787
17750
17762
17750
17762
17750
17762
17750
17762
17750
17762
17750
17737
17725
17712
17675
17637
17600
17575
17537
17525
17512
17500
17487
17475
17462
17450
17462
17450
17437
17425
17412
17400
17412
17450
17462
17500
17537
17575
17625
17675
17725
17775
17800
17800
17850
17875
17900
17950
18000
18037
18075
18112
18125
18137
18125
18112
18100
18075
18075
18075
18075
18075
18087
18050
18037
18025
18012
18000
17987
17987
17987
17987
17987
17987
17950
17937
17925
17912
17937
17950
17937
17900
17900
17862
17837
17812
17762
17725
17687
17675
17662
17675
17662
17650
17650
17650
17687
17725
17787
17850
17925
18012
18087
18175
18287
18387
18475
18562
18637
18700
18775
18850
18925
19000
19050
19087
19075
19087
19100
19137
19162
19250
19287
19337
19362
19362
19362
19362
19350
19362
19362
19337
19337
19312
19287
19275
19262
19250
19237
19212
19175
19162
19125
19087
19075
19062
19025
19012
19000
18962
18925
18887
18825
18762
18700
18637
18587
18525
18462
18400
18337
18262
18212
18187
18175
18150
18162
18150
18137
18125
18137
18125
18137
18125
18137
18125
18137
18125
18137
18150
18150
18150
18175
18162
18125
18137
18125
18087
18087
18087
18050
18012
17975
17937
17887
17862
17825
17812
17775
17775
17775
17775
17775
17775
17750
17725
17712
17700
17687
17675
17662
17650
17625
17625
17600
17550
17525
17525
17487
17475
17487
17475
17462
17450
17475
17462
17475
17462
17475
17475
17487
17475
17500
17500
17500
17525
17550
17562
17600
17612
17625
17637
17650
17637
17650
17637
17650
17650
17662
17675
17712
17750
17787
17825
17862
17875
17862
17862
17887
17862
17875
17925
17925
17925
17950
17962
17937
17950
17937
17950
17937
17950
17937
17950
17937
17950
17937
17950
17937
17925
17912
17887
17862
17837
17837
17812
17800
17762
17750
17737
17750
17787
17850
17925
18012
18087
18175
18262
18362
18437
18537
18637
18750
18837
18925
19000
19087
19150
19225
19300
19375
19437
19500
19562
19625
19675
19737
19800
19862
19925
19987
20050
20112
20150
20187
20225
20237
20200
20200
20175
20125
20100
20125
20100
20075
20075
20050
20000
19962
19925
19862
19837
19812
19787
19762
19737
19700
19675
19637
19575
19550
19500
19450
19400
19400
19362
19325
19275
19225
19150
19087
19012
18937
18862
18787
18712
18637
18587
18525
18487
18450
18412
18400
18387
18350
18337
18325
18287
18275
18262
18225
18212
18200
18200
18187
18200
18187
18175
18162
18150
18112
18075
18037
17975
17912
17850
17812
17775
17737
17700
17662
17625
17600
17562
17550
17525
17500
17475
17425
17400
17387
17375
17362
17400
17387
17400
17387
17400
17387
17400
17387
17400
17387
17400
17425
17437
17450
17487
17500
17500
17537
17525
17550
17600
17637
17675
17737
17762
17750
17762
17775
17787
17800
17812
17800
17762
17725
17662
17600
17550
17487
17412
17337
17262
17175
17087
17025
16950
16862
16787
16712
16637
16562
16512
16450
16387
16325
16300
16262
16225
16187
16175
16125
16112
16100
16112
16125
16162
16200
16262
16325
16387
16450
16512
16562
16625
16687
16750
16812
16875
16962
17025
17087
17137
17200
17250
17325
17412
17500
17587
17687
17787
17887
18000
18125
18250
18375
18500
18612
18725
18837
18962
19062
19150
19250
19350
19437
19525
19612
19675
19737
19800
19837
19887
19887
19912
19937
19962
19975
20037
20050
20062
20075
20087
20100
20112
20125
20137
20150
20137
20162
20162
20187
20212
20250
20262
20275
20287
20262
20250
20225
20200
20175
20150
20137
20125
20112
20075
20075
20037
19950
19912
19875
19812
19750
19737
19675
19625
19587
19550
19512
19462
19437
19412
19387
19362
19375
19362
19350
19337
19350
19362
19375
19362
19375
19362
19350
19337
19350
19337
19350
19337
19362
19362
19387
19412
19437
19450
19462
19475
19487
19525
19562
19625
19675
19750
19787
19825
19862
19875
19875
19912
19925
19937
19950
19962
19975
20012
20050
20087
20125
20137
20125
20125
20125
20087
20075
20050
19987
19925
19875
19800
19737
19675
19625
19587
19550
19512
19475
19437
19375
19312
19275
19237
19212
19175
19137
19075
19037
19000
18962
18962
18962
18937
18937
18937
18925
18912
18925
18912
18900
18862
18850
18812
18775
18737
18700
18637
18612
18575
18537
18525
18512
18500
18512
18550
18587
18637
18700
18775
18850
18937
19037
19137
19237
19337
19437
19537
19625
19725
19837
19937
20025
20100
20175
20225
20287
20350
20412
20475
20537
20575
20612
20650
20687
20700
20737
20750
20762
20750
20737
20700
20687
20650
20637
20625
20637
20625
20612
20575
20537
20500
20462
20425
20387
20350
20275
20225
20187
20137
20087
20050
19987
19925
19862
19775
19712
19650
19600
19537
19500
19437
19375
19312
19250
19187
19125
19075
19050
19050
19050
19087
19100
19112
19125
19162
19187
19225
19237
19250
19237
19237
19225
19212
19175
19162
19125
19112
19100
19087
19075
19062
19012
19000
18987
18987
18975
19000
18987
18975
18962
18962
18962
18987
19037
19050
19087
19125
19137
19150
19162
19187
19200
19250
19275
19300
19312
19300
19262
19250
19237
19212
19200
19187
19175
19162
19150
19112
19100
19062
19025
19012
19000
18962
18925
18887
18825
18762
18700
18662
18625
18575
18525
18475
18400
18337
18275
18212
18150
18100
18037
17975
17937
17900
17862
17812
17812
17787
17787
17812
17875
17887
17925
17962
18000
18012
18050
18087
18125
18150
18212
18275
18350
18425
18500
18575
18662
18750
18837
18937
19025
19112
19200
19300
19387
19475
19562
19637
19712
19787
19875
19950
20025
20100
20175
20225
20262
20300
20337
20375
20387
20425
20462
20475
20487
20500
20512
20500
20512
20525
20525
20525
20550
20525
20512
20512
20512
20487
20512
20500
20487
20450
20412
20350
20312
20275
20250
20237
20225
20187
20150
20112
20050
19987
19925
19862
19800
19712
19650
19600
19537
19462
19412
19337
19262
19187
19137
19075
19000
18925
18850
18800
18750
18712
18675
18637
18587
18550
18512
18475
18462
18450
18412
18400
18375
18362
18350
18362
18375
18425
18462
18500
18537
18575
18587
18600
18637
18650
18662
18687
18725
18762
18825
18862
18900
18912
18925
18912
18925
18912
18925
18937
18975
18987
19025
19062
19075
19087
19137
19150
19175
19187
19200
19200
19212
19212
19225
19237
19225
19237
19200
19200
19175
19150
19125
19125
19112
19100
19112
19100
19087
19075
19062
19025
18987
18975
18937
18900
18862
18825
18762
18700
18637
18587
18525
18462
18400
18337
18275
18212
18150
18100
18037
17975
17912
17875
17837
17837
17837
17862
17862
17887
17900
17937
17975
18037
18100
18150
18212
18287
18362
18437
18512
18562
18612
18650
18700
18750
18825
18887
18950
19012
19087
19162
19250
19337
19437
19537
19625
19725
19837
19937
20037
20125
20225
20312
20400
20475
20537
20600
20662
20700
20737
20750
20737
20700
20662
20600
20562
20525
20512
20500
20487
20475
20462
20450
20437
20450
20437
20450
20437
20425
20412
20400
20387
20350
20337
20300
20262
20212
20175
20112
20050
19975
19925
19875
19825
19775
19737
19662
19600
19525
19450
19375
19312
19250
19225
19212
19175
19162
19150
19100
19075
19062
19025
19012
19000
18962
18950
18937
18925
18912
18925
18937
18950
18962
18975
18987
19000
19012
19000
19012
19025
19012
19025
19037
19050
19075
19087
19100
19137
19175
19187
19250
19287
19325
19362
19400
19437
19475
19512
19525
19537
19525
19537
19525
19537
19525
19537
19550
19587
19575
19612
19650
19675
19712
19800
19862
19925
19987
20050
20112
20175
20225
20287
20350
20412
20475
20512
20487
20462
20412
20337
20287
20275
20275
20262
20250
20200
20187
20137
20087
20062
20037
19975
19925
19875
19800
19737
19675
19612
19562
19500
19437
19375
19325
19287
19237
19187
19162
19112
19037
18975
18912
18825
18762
18700
18662
18637
18625
18637
18662
18700
18762
18825
18887
18950
19025
19100
19200
19300
19425
19537
19662
19800
19962
20100
20262
20425
20562
20675
20787
20875
20962
21062
21150
21225
21312
21387
21462
21525
21612
21687
21750
21787
21825
21862
21900
21912
21925
21937
21925
21887
21850
21812
21750
21725
21675
21650
21625
21600
21550
21512
21450
21387
21350
21312
21287
21250
21212
21150
21087
21025
20950
20875
20800
20725
20662
20575
20512
20450
20412
20350
20312
20250
20187
20100
19987
19912
19837
19762
19700
19675
19625
19562
19525
19487
19450
19437
19425
19387
19387
19387
19387
19387
19412
19400
19412
19400
19437
19450
19462
19475
19450
19425
19425
19425
19425
19462
19475
19487
19525
19537
19575
19587
19575
19562
19512
19500
19487
19500
19487
19537
19550
19550
19550
19550
19550
19550
19550
19550
19575
19550
19550
19587
19600
19612
19687
19712
19712
19737
19737
19725
19687
19700
19687
19700
19675
19700
19675
19650
19625
19612
19600
19587
19562
19550
19537
19525
19512
19512
19500
19487
19450
19400
19350
19275
19200
19137
19075
19012
18950
18887
18825
18737
18687
18637
18600
18550
18525
18462
18400
18337
18275
18212
18150
18100
18062
18025
17987
17975
17962
17950
17962
18000
18037
18100
18162
18212
18262
18312
18362
18400
18437
18475
18512
18525
18537
18550
18562
18550
18575
18575
18600
18625
18662
18700
18762
18825
18887
18975
19062
19137
19250
19375
19475
19575
19687
19775
19850
19925
19987
20050
20112
20175
20200
20225
20225
20237
20237
20287
20312
20362
20375
20387
20375
20387
20375
20387
20375
20387
20412
20425
20437
20450
20462
20475
20500
20525
20550
20575
20562
20550
20537
20525
20512
20500
20487
20475
20450
20437
20412
20387
20337
20300
20225
20175
20112
20050
19987
19912
19837
19787
19725
19675
19625
19575
19500
19437
19375
19312
19275
19225
19187
19137
19087
19012
18950
18887
18825
18762
18700
18637
18587
18525
18462
18400
18337
18300
18262
18225
18187
18175
18150
18137
18125
18137
18150
18200
18250
18325
18400
18462
18525
18562
18600
18637
18662
18675
18712
18725
18737
18750
18787
18800
18837
18875
18887
18912
18962
18987
19025
19100
19137
19175
19225
19262
19287
19312
19325
19362
19400
19437
19500
19562
19600
19587
19600
19612
19625
19637
19700
19712
19725
19725
19762
19775
19812
19850
19887
19925
19962
20000
20037
20075
20112
20175
20212
20250
20275
20287
20300
20312
20325
20312
20300
20287
20275
20250
20237
20225
20187
20175
20150
20125
20100
20100
20075
20062
20062
20037
19987
19937
19887
19787
19737
19687
19650
19600
19562
19525
19487
19450
19437
19425
19387
19375
19362
19350
19362
19400
19437
19500
19562
19625
19700
19775
19850
19937
20037
20150
20262
20387
20525
20612
20725
20837
20937
21025
21125
21200
21287
21375
21450
21512
21575
21637
21700
21750
21812
21837
21875
21925
21950
21975
22037
22087
22100
22112
22125
22112
22075
22062
22050
21975
21925
21875
21787
21750
21737
21700
21687
21687
21650
21612
21600
21550
21500
21475
21475
21425
21387
21350
21287
21212
21150
21087
21025
20962
20900
20837
20775
20712
20662
20600
20525
20450
20375
20300
20225
20175
20112
20037
19962
19887
19812
19737
19675
19650
19600
19550
19525
19500
19475
19462
19450
19437
19450
19437
19450
19487
19525
19537
19587
19612
19637
19662
19700
19737
19775
19812
19825
19837
19850
19887
19925
19950
19987
19987
20000
19987
20012
19987
19975
19950
19925
19900
19875
19887
19875
19862
19862
19875
19875
19900
19925
19937
19975
19987
20000
20012
20025
20012
20025
20012
20025
20012
20000
19962
19950
19912
19875
19862
19850
19812
19775
19737
19675
19625
19562
19487
19412
19337
19262
19187
19137
19075
19012
18937
18862
18787
18712
18637
18587
18550
18512
18500
18475
18487
18512
18537
18525
18562
18587
18600
18625
18675
18712
18725
18737
18725
18737
18725
18737
18725
18712
18700
18687
18687
18675
18662
18650
18637
18637
18637
18637
18637
18662
18662
18700
18762
18837
18925
19012
19100
19200
19300
19400
19512
19600
19712
19812
19912
20012
20112
20187
20275
20362
20437
20512
20587
20625
20675
20712
20775
20812
20887
20937
20987
21000
21037
21050
21037
21025
21012
20975
20937
20900
20837
20775
20712
20662
20600
20537
20475
20412
20350
20287
20212
20150
20075
20000
19925
19862
19800
19737
19662
19587
19487
19375
19250
19137
19050
18987
18912
18850
18787
18725
18637
18587
18525
18487
18450
18412
18412
18400
18362
18325
18325
18287
18262
18262
18287
18300
18337
18400
18462
18525
18587
18625
18675
18737
18800
18862
18950
19012
19050
19087
19125
19137
19150
19162
19175
19187
19200
19212
19225
19212
19162
19112
19062
19000
18937
18887
18837
18762
18700
18637
18587
18525
18462
18400
18337
18275
18237
18200
18175
18162
18150
18137
18125
18112
18075
18062
18025
18012
18000
17987
17950
17937
17900
17862
17825
17787
17725
17687
17650
17625
17587
17587
17550
17512
17475
17462
17412
17400
17387
17400
17387
17375
17362
17350
17337
17325
17337
17325
17350
17350
17375
17400
17450
17487
17550
17575
17612
17637
17675
17712
17787
17825
17862
17900
17912
17925
17962
17975
17987
18000
18012
18025
18037
18050
18087
18100
18112
18125
18112
18100
18087
18050
18037
18050
18037
18025
18012
17975
17912
17850
17787
17725
17662
17625
17600
17587
17600
17637
17687
17762
17862
17962
18062
18175
18312
18437
18562
18700
18850
18975
19087
19212
19287
19362
19450
19525
19587
19687
19775
19850
19925
19987
20050
20087
20125
20162
20200
20225
20287
20325
20362
20375
20387
20375
20362
20325
20287
20250
20225
20187
20125
20112
20075
20037
20000
19987
19950
19912
19875
19837
19825
19787
19750
19712
19700
19662
19612
19562
19512
19437
19375
19312
19275
19237
19175
19100
19025
18950
18875
18887
18875
18887
18900
18912
18900
18912
18925
18912
18925
18912
18925
18912
18925
18937
18950
18937
18950
18937
18900
18887
18875
18837
18800
18762
18725
18687
18662
18625
18587
18550
18512
18475
18462
18450
18412
18400
18387
18375
18362
18375
18362
18387
18375
18387
18375
18362
18337
18325
18262
18250
18237
18225
18212
18225
18212
18200
18200
18187
18200
18187
18200
18212
18225
18237
18250
18262
18237
18250
18237
18250
18237
18250
18237
18250
18237
18250
18237
18225
18212
18200
18175
18162
18150
18137
18125
18137
18125
18100
18075
18075
18050
18025
18012
18000
17962
17950
17937
17950
17962
17962
17962
17962
17962
17937
17950
17925
17925
17925
17925
17900
17912
17900
17887
17875
17850
17837
17825
17812
17800
17800
17762
17787
17762
17762
17762
17812
17825
17900
17987
18087
18187
18300
18412
18512
18612
18712
18837
18950
19062
19175
19287
19362
19437
19500
19537
19575
19612
19625
19637
19675
19687
19700
19725
19737
19750
19750
19762
19750
19737
19725
19725
19725
19712
19700
19687
19675
19675
19650
19650
19625
19600
19537
19525
19487
19487
19487
19487
19462
19462
19412
19387
19362
19362
19325
19300
19275
19250
19212
19175
19137
19075
19012
18950
18887
18825
18762
18700
18637
18587
18550
18537
18525
18537
18550
18562
18575
18575
18575
18575
18575
18575
18587
18612
18625
18612
18550
18550
18512
18512
18512
18537
18525
18512
18500
18487
18512
18500
18487
18437
18425
18375
18337
18325
18325
18287
18275
18262
18212
18187
18162
18162
18137
18125
18112
18100
18075
18062
18075
18062
18075
18062
18075
18087
18100
18112
18150
18175
18187
18200
18212
18200
18200
18187
18200
18187
18200
18212
18212
18212
18212
18212
18187
18175
18162
18150
18137
18125
18137
18125
18137
18125
18137
18125
18112
18100
18087
18050
18012
18000
17962
17950
17937
17925
17912
17900
17887
17862
17875
17862
17875
17862
17887
17912
17937
17962
17987
18012
18025
18037
18050
18062
18075
18062
18087
18087
18112
18137
18175
18212
18287
18362
18437
18525
18625
18725
18837
18950
19037
19137
19250
19350
19462
19575
19650
19725
19800
19862
19925
19987
20075
20137
20175
20212
20250
20250
20287
20350
20412
20450
20462
20475
20462
20450
20425
20425
20400
20375
20350
20337
20300
20262
20225
20200
20162
20150
20137
20100
20075
20075
20050
20025
20025
19987
19925
19862
19800
19737
19675
19612
19562
19512
19462
19437
19412
19362
19337
19337
19337
19375
19412
19450
19487
19500
19512
19562
19575
19562
19550
19537
19487
19450
19437
19425
19387
19375
19362
19325
19337
19337
19300
19262
19225
19162
19125
19112
19087
19062
19012
18962
18862
18812
18750
18650
18575
18525
18450
18400
18387
18350
18337
18325
18287
18275
18262
18250
18237
18250
18237
18250
18237
18250
18262
18275
18300
18325
18362
18375
18412
18412
18437
18450
18462
18450
18462
18450
18437
18425
18437
18425
18437
18425
18412
18375
18362
18325
18287
18250
18237
18200
18200
18187
18200
18187
18175
18162
18175
18162
18175
18187
18175
18175
18175
18175
18175
18200
18187
18175
18162
18150
18112
18100
18112
18100
18087
18100
18087
18075
18062
18050
18050
18050
18050
18050
18050
18012
17975
17937
17925
17950
18012
18087
18175
18275
18375
18475
18575
18687
18800
18912
19012
19100
19212
19325
19425
19525
19612
19675
19737
19775
19825
19875
19925
19987
20050
20100
20150
20175
20187
20200
20212
20225
20237
20250
20262
20275
20262
20250
20212
20200
20162
20125
20087
20050
19987
19950
19912
19875
19837
19800
19762
19725
19700
19687
19675
19637
19625
19600
19550
19500
19475
19425
19387
19337
19312
19250
19187
19137
19087
19012
18937
18900
18862
18825
18787
18800
18800
18800
18825
18875
18887
18900
18912
18925
18912
18925
18912
18900
18862
18825
18787
18750
18737
18725
18737
18725
18737
18725
18737
18725
18712
18675
18662
18662
18650
18637
18650
18637
18625
18612
18600
18587
18575
18562
18550
18562
18550
18562
18575
18575
18575
18562
18525
18462
18437
18412
18400
18412
18450
18450
18462
18475
18487
18500
18525
18537
18550
18562
18550
18537
18500
18462
18400
18337
18300
18262
18225
18187
18175
18137
18125
18137
18150
18162
18187
18200
18200
18212
18225
18237
18250
18262
18312
18337
18362
18387
18412
18400
18412
18425
18400
18412
18425
18437
18450
18500
18487
18475
18462
18475
18487
18525
18587
18637
18712
18800
18900
19012
19112
19212
19312
19412
19500
19587
19662
19750
19825
19912
20000
20087
20137
20187
20187
20187
20162
20162
20137
20125
20075
20062
20025
19987
19950
19925
19862
19800
19762
19725
19725
19700
19675
19625
19575
19500
19462
19412
19362
19312
19287
19237
19237
19225
19212
19212
19200
19162
19150
19137
19075
19075
19050
19000
18950
18912
18825
18787
18750
18712
18662
18637
18600
18550
18525
18512
18475
18462
18437
18387
18375
18362
18325
18325
18325
18287
18275
18262
18225
18212
18200
18200
18187
18175
18162
18150
18112
18075
18062
18025
18012
17987
17962
17912
17887
17825
17775
17750
17712
17650
17600
17550
17487
17425
17362
17300
17275
17225
17175
17125
17075
17025
16987
16950
16912
16900
16862
16825
16812
16800
16787
16800
16800
16800
16800
16800
16800
16812
16825
16862
16900
16937
16975
17012
17050
17087
17112
17175
17237
17312
17400
17462
17550
17650
17737
17812
17912
17975
18037
18100
18150
18212
18275
18337
18400
18462
18525
18587
18637
18700
18725
18775
18825
18875
18900
18962
19000
19012
19025
19062
19075
19062
19075
19062
19050
19025
19025
19000
19000
18962
18912
18887
18862
18812
18775
18762
18700
18637
18575
18500
18412
18325
18237
18187
18150
18137
18150
18175
18212
18275
18350
18425
18512
18587
18675
18750
18825
18900
18975
19050
19125
19175
19212
19237
19275
19312
19375
19437
19500
19562
19600
19637
19675
19700
19737
19800
19862
19900
19950
20000
20050
20075
20125
20162
20175
20200
20212
20237
20237
20237
20200
20175
20137
20087
20025
19962
19900
19800
19712
19637
19575
19500
19437
19375
19312
19237
19162
19100
19025
18937
18887
18837
18787
18737
18700
18662
18612
18550
18487
18450
18387
18350
18312
18275
18212
18150
18100
18062
18025
17987
17950
17912
17850
17812
17775
17737
17700
17687
17650
17625
17612
17587
17537
17487
17437
17387
17350
17312
17300
17275
17250
17250
17250
17250
17262
17250
17250
17237
17225
17212
17187
17175
17200
17200
17225
17262
17275
17262
17275
17262
17250
17237
17225
17212
17200
17212
17200
17187
17150
17112
17087
17050
17050
17050
17050
17050
17050
17037
17050
17062
17075
17112
17125
17137
17162
17162
17175
17212
17262
17275
17287
17287
17262
17225
17200
17187
17150
17100
17075
17037
17000
16962
16962
16925
16887
16875
16862
16850
16837
16850
16862
16900
16912
16925
16937
16925
16912
16937
16987
17037
17100
17175
17250
17325
17412
17500
17612
17725
17850
17975
18075
18187
18287
18400
18500
18587
18687
18787
18837
18900
18937
18987
19012
19062
19075
19112
19100
19087
19075
19087
19100
19112
19162
19200
19225
19250
19325
19337
19350
19400
19425
19425
19475
19525
19537
19575
19612
19625
19637
19650
19662
19650
19675
19662
19675
19650
19650
19612
19587
19537
19500
19437
19362
19287
19212
19125
19087
19050
19012
18975
18975
18962
18950
18937
18950
18937
18937
18937
18962
18962
18987
19012
19025
19012
19025
19000
18962
18937
18912
18887
18875
18837
18800
18787
18750
18750
18737
18725
18712
18700
18687
18662
18675
18675
18712
18750
18800
18812
18825
18812
18775
18737
18700
18637
18587
18525
18462
18425
18387
18350
18312
18275
18200
18150
18112
18062
18012
17975
17912
17850
17812
17775
17762
17775
17787
17800
17837
17875
17912
17975
18037
18100
18150
18212
18275
18337
18400
18462
18525
18587
18637
18700
18737
18775
18812
18825
18837
18850
18800
18725
18687
18625
18575
18575
18575
18537
18500
18487
18450
18387
18375
18362
18325
18262
18275
18237
18225
18212
18212
18200
18212
18200
18187
18187
18187
18162
18125
18087
18075
18025
18012
18025
18062
18075
18125
18175
18237
18300
18400
18500
18575
18675
18787
18887
18987
19087
19187
19287
19387
19487
19575
19650
19725
19800
19862
19925
19987
20012
20050
20087
20125
20162
20212
20250
20287
20287
20287
20300
20325
20350
20387
20412
20437
20450
20437
20425
20387
20375
20337
20300
20287
20275
20225
20212
20200
20162
20125
20112
20050
19987
19925
19862
19800
19737
19675
19587
19537
19487
19437
19375
19375
19325
19275
19225
19187
19175
19137
19100
19062
19050
19000
18987
18975
18962
18925
18912
18875
18837
18825
18775
18737
18700
18662
18612
18612
18575
18537
18487
18462
18450
18412
18375
18350
18325
18262
18225
18187
18150
18100
18037
17975
17912
17850
17825
17787
17750
17737
17725
17675
17662
17650
17612
17587
17587
17562
17562
17575
17587
17575
17562
17550
17562
17550
17537
17550
17537
17525
17512
17537
17537
17562
17562
17587
17600
17637
17650
17687
17725
17725
17687
17700
17687
17650
17650
17650
17625
17612
17625
17600
17600
17600
17600
17575
17600
17587
17600
17612
17625
17625
17637
17650
17637
17650
17637
17625
17587
17575
17537
17487
17462
17437
17412
17387
17400
17387
17400
17375
17412
17450
17512
17600
17725
17825
17950
18062
18175
18300
18425
18525
18637
18750
18850
18937
19025
19062
19125
19200
19275
19337
19437
19500
19562
19625
19675
19737
19800
19862
19925
19987
20050
20112
20175
20225
20287
20350
20412
20475
20537
20600
20662
20712
20775
20812
20862
20875
20887
20875
20887
20850
20825
20775
20725
20650
20612
20562
20500
20475
20462
20412
20362
20325
20250
20175
20100
20025
19950
19875
19800
19737
19675
19612
19537
19462
19387
19337
19275
19237
19200
19200
19175
19162
19125
19112
19062
19025
19012
19000
18987
18975
18962
18950
18937
18937
18912
18912
18887
18887
18850
18837
18800
18787
18750
18712
18712
18712
18687
18662
18662
18637
18625
18612
18600
18587
18575
18562
18550
18537
18500
18487
18450
18412
18400
18387
18350
18337
18325
18312
18300
18312
18325
18337
18325
18337
18325
18312
18300
18312
18300
18262
18262
18262
18275
18275
18325
18312
18325
18300
18312
18300
18312
18300
18312
18287
18287
18262
18237
18187
18187
18175
18175
18175
18175
18162
18175
18162
18175
18187
18200
18187
18162
18150
18125
18112
18100
18125
18112
18137
18125
18112
18100
18087
18075
18062
18075
18062
18075
18062
18075
18087
18100
18112
18125
18137
18125
18137
18150
18175
18212
18275
18337
18425
18512
18625
18737
18850
18937
19025
19100
19187
19275
19375
19475
19562
19637
19725
19812
19862
19925
19987
20050
20100
20175
20262
20350
20437
20525
20575
20575
20587
20600
20625
20650
20687
20687
20687
20650
20612
20600
20575
20575
20600
20650
20675
20737
20725
20737
20737
20737
20737
20750
20700
20662
20625
20562
20537
20500
20437
20375
20300
20225
20187
20137
20087
20050
19987
19925
19862
19800
19737
19675
19625
19562
19500
19425
19375
19325
19275
19225
19212
19187
19175
19162
19175
19150
19150
19125
19100
19050
19012
18950
18887
18825
18787
18750
18712
18700
18687
18662
18662
18662
18612
18600
18612
18587
18562
18562
18500
18462
18425
18387
18350
18362
18325
18287
18250
18212
18175
18175
18162
18175
18187
18200
18187
18175
18175
18175
18175
18187
18212
18225
18237
18250
18237
18225
18212
18187
18150
18125
18125
18100
18112
18150
18175
18162
18200
18237
18275
18287
18325
18337
18325
18312
18287
18287
18262
18237
18212
18225
18212
18200
18212
18175
18175
18162
18175
18175
18237
18275
18350
18425
18500
18575
18637
18712
18787
18875
18962
19062
19150
19262
19362
19462
19562
19662
19725
19787
19862
19900
19925
19987
20050
20100
20175
20225
20287
20350
20412
20475
20537
20600
20637
20675
20712
20725
20737
20750
20762
20750
20762
20750
20762
20750
20762
20750
20762
20750
20762
20750
20762
20737
20737
20737
20725
20712
20712
20662
20625
20600
20587
20562
20562
20550
20537
20487
20450
20412
20350
20287
20225
20175
20112
20050
19987
19950
19900
19850
19800
19750
19700
19675
19637
19600
19587
19512
19487
19487
19487
19462
19500
19487
19475
19487
19500
19487
19500
19487
19450
19412
19400
19362
19362
19350
19337
19300
19262
19212
19187
19175
19162
19150
19112
19100
19062
19025
19012
19000
18987
18975
18962
18950
18962
18950
18937
18925
18887
18812
18762
18750
18725
18725
18762
18775
18775
18812
18825
18812
18825
18812
18800
18812
18812
18812
18812
18787
18762
18750
18700
18637
18600
18550
18475
18437
18437
18412
18387
18400
18412
18400
18387
18400
18387
18350
18337
18325
18312
18300
18287
18275
18262
18250
18212
18212
18212
18237
18262
18337
18400
18462
18525
18587
18650
18725
18800
18887
18975
19050
19125
19212
19300
19400
19500
19587
19662
19737
19800
19875
19950
20025
20100
20175
20225
20287
20350
20425
20475
20525
20575
20637
20662
20712
20775
20837
20837
20887
20925
20962
20975
21012
21025
21012
20975
20937
20900
20837
20800
20762
20737
20700
20662
20625
20587
20550
20512
20475
20437
20400
20362
20325
20287
20225
20175
20112
20050
19987
19925
19887
19850
19812
19775
19737
19675
19650
19612
19575
19537
19525
19487
19475
19450
19450
19425
19425
19400
19387
19375
19387
19375
19362
19350
19337
19300
19262
19262
19262
19225
19212
19200
19162
19137
19125
19087
19075
19062
19050
19037
19050
19037
19050
19037
19050
19037
19025
19012
19000
18962
18950
18937
18925
18912
18925
18912
18887
18887
18887
18862
18862
18862
18837
18837
18837
18812
18800
18787
18750
18712
18700
18687
18687
18675
18662
18650
18637
18625
18612
18625
18612
18600
18587
18575
18537
18525
18512
18500
18487
18500
18487
18500
18487
18500
18512
18525
18512
18525
18512
18500
18487
18475
18437
18425
18375
18362
18350
18362
18350
18350
18337
18325
18287
18237
18212
18137
18112
18075
18050
17987
17987
17975
17962
17975
18025
18075
18112
18200
18287
18375
18475
18537
18612
18700
18787
18862
18975
19050
19125
19200
19275
19350
19437
19525
19600
19662
19750
19800
19862
19925
19987
20037
20112
20175
20262
20350
20437
20525
20600
20662
20712
20775
20812
20850
20862
20875
20862
20875
20862
20850
20837
20812
20762
20712
20687
20650
20600
20550
20500
20425
20375
20337
20325
20312
20300
20287
20275
20250
20237
20225
20175
20150
20125
20100
20075
20062
20025
19987
19925
19862
19800
19737
19675
19650
19612
19575
19537
19500
19425
19350
19325
19275
19250
19237
19250
19225
19237
19225
19237
19237
19250
19262
19275
19287
19275
19262
19225
19212
19187
19150
19137
19125
19112
19100
19112
19100
19087
19050
19037
19025
19000
19000
19000
19000
19000
19012
19000
19012
19000
18962
18925
18912
18875
18862
18850
18862
18850
18812
18812
18812
18825
18825
18875
18862
18875
18850
18837
18825
18837
18825
18812
18825
18812
18775
18737
18725
18687
18687
18675
18662
18650
18612
18575
18562
18550
18537
18550
18562
18550
18562
18550
18562
18550
18575
18562
18575
18562
18575
18550
18562
18575
18587
18575
18562
18550
18512
18500
18537
18550
18537
18550
18575
18550
18550
18575
18575
18562
18550
18537
18550
18537
18525
18512
18500
18437
18425
18387
18350
18337
18350
18337
18350
18362
18375
18387
18425
18475
18550
18612
18687
18762
18825
18900
18975
19050
19125
19187
19262
19337
19412
19487
19575
19637
19712
19787
19862
19925
19987
20050
20125
20187
20262
20337
20412
20475
20537
20600
20662
20712
20775
20837
20900
20962
21025
21087
21112
21137
21137
21137
21112
21100
21062
21012
20975
20937
20925
20950
20987
21025
21050
21050
21000
20950
20850
20762
20700
20662
20612
20575
20537
20475
20412
20337
20262
20187
20100
20025
19962
19900
19837
19800
19737
19662
19600
19525
19450
19375
19312
19250
19187
19137
19100
19062
19025
18987
18975
18937
18900
18887
18875
18837
18825
18812
18775
18762
18750
18750
18725
18700
18687
18662
18612
18600
18587
18537
18525
18512
18500
18487
18500
18475
18450
18400
18350
18262
18212
18162
18150
18112
18087
18037
17987
17950
17925
17900
17900
17900
17912
17900
17887
17875
17862
17800
17787
17775
17762
17750
17737
17700
17700
17662
17650
17625
17650
17637
17637
17637
17650
17650
17637
17650
17637
17625
17587
17575
17537
17500
17487
17475
17462
17450
17437
17425
17400
17375
17375
17375
17337
17350
17337
17325
17300
17337
17312
17312
17287
17275
17237
17225
17187
17175
17150
17137
17137
17137
17137
17175
17200
17200
17225
17250
17262
17275
17312
17350
17362
17375
17412
17450
17487
17550
17575
17625
17687
17762
17837
17962
18050
18125
18200
18275
18350
18425
18500
18575
18637
18712
18787
18862
18975
19050
19112
19175
19225
19250
19312
19375
19437
19500
19562
19625
19662
19700
19737
19750
19762
19775
19787
19762
19775
19762
19750
19712
19700
19675
19637
19600
19587
19550
19512
19500
19487
19475
19462
19475
19462
19450
19412
19375
19312
19250
19187
19125
19087
19025
18962
18900
18875
18812
18800
18787
18775
18762
18750
18737
18725
18712
18675
18687
18650
18612
18562
18537
18475
18450
18425
18400
18375
18350
18287
18250
18225
18175
18162
18150
18112
18075
18037
18000
17962
17950
17925
17925
17900
17900
17875
17862
17850
17837
17825
17812
17800
17787
17775
17737
17737
17725
17687
17675
17662
17612
17587
17562
17537
17500
17475
17450
17450
17425
17412
17425
17412
17400
17387
17400
17387
17375
17362
17350
17337
17325
17337
17350
17387
17425
17487
17525
17562
17575
17587
17575
17562
17525
17487
17425
17362
17300
17237
17175
17112
17087
17050
17037
17025
17012
17000
16987
16975
16987
17000
17012
17012
17012
17012
17037
17062
17112
17175
17237
17300
17362
17437
17512
17600
17700
17812
17912
18000
18087
18150
18225
18312
18400
18487
18575
18637
18700
18762
18825
18887
18950
19012
19075
19137
19200
19275
19350
19425
19500
19562
19600
19637
19650
19662
19650
19637
19600
19550
19500
19450
19400
19350
19312
19250
19187
19162
19112
19062
19012
18962
18887
18812
18762
18712
18662
18625
18587
18525
18462
18400
18362
18350
18312
18300
18287
18250
18187
18137
18100
18050
18025
17987
17987
17962
17937
17887
17875
17837
17825
17812
17800
17762
17750
17712
17700
17687
17675
17662
17675
17662
17675
17687
17700
17687
17700
17687
17700
17687
17700
17687
17712
17700
17712
17700
17712
17687
17675
17675
17662
17650
17662
17675
17637
17650
17637
17612
17575
17550
17475
17425
17375
17325
17300
17287
17275
17250
17262
17250
17262
17250
17275
17262
17275
17262
17275
17262
17275
17262
17275
17262
17275
17262
17275
17262
17250
17237
17250
17237
17225
17237
17225
17187
17175
17187
17175
17187
17237
17250
17262
17275
17287
17287
17300
17312
17325
17337
17325
17300
17275
17250
17225
17200
17187
17175
17162
17162
17150
17162
17162
17187
17187
17212
17225
17262
17275
17312
17350
17400
17450
17525
17587
17662
17725
17787
17862
17937
18012
18087
18175
18250
18350
18450
18537
18625
18725
18800
18887
18987
19075
19187
19287
19375
19450
19525
19575
19637
19712
19787
19837
19875
19887
19875
19862
19850
19812
19800
19787
19787
19775
19762
19750
19737
19700
19662
19625
19525
19475
19412
19350
19287
19262
19187
19137
19075
19012
18950
18887
18825
18737
18687
18637
18600
18550
18525
18462
18400
18362
18325
18325
18312
18300
18262
18250
18200
18175
18162
18150
18112
18100
18087
18075
18087
18100
18087
18075
18062
18025
17987
17950
17937
17900
17862
17862
17850
17837
17825
17812
17762
17725
17687
17650
17625
17612
17600
17562
17525
17487
17425
17387
17350
17337
17325
17337
17350
17362
17375
17387
17400
17412
17425
17437
17450
17475
17462
17475
17462
17475
17475
17487
17500
17512
17525
17512
17525
17512
17500
17487
17475
17437
17437
17437
17412
17412
17437
17425
17412
17425
17437
17425
17412
17400
17387
17375
17362
17375
17387
17400
17387
17400
17387
17375
17387
17375
17325
17275
17262
17200
17162
17137
17137
17112
17100
17087
17112
17125
17187
17250
17337
17412
17487
17550
17625
17700
17775
17862
17937
18012
18087
18175
18250
18325
18400
18462
18525
18587
18662
18737
18812
18887
18950
19012
19075
19137
19187
19250
19312
19387
19462
19537
19612
19675
19725
19750
19775
19787
19825
19837
19875
19887
19875
19837
19800
19725
19687
19662
19625
19612
19612
19575
19562
19550
19537
19500
19500
19462
19450
19412
19400
19375
19362
19325
19275
19250
19237
19250
19287
19325
19337
19275
19137
18975
18850
18725
18675
18662
18662
18625
18587
18525
18462
18362
18312
18262
18212
18187
18200
18200
18200
18237
18250
18287
18300
18312
18300
18312
18325
18325
18300
18300
18275
18225
18212
18200
18175
18162
18175
18162
18175
18187
18200
18187
18175
18162
18150
18137
18125
18112
18075
18062
18025
17987
17975
17962
17950
17937
17950
17962
17962
17962
17962
17937
17912
17900
17887
17875
17862
17862
17862
17837
17837
17837
17800
17787
17775
17737
17725
17712
17662
17637
17637
17625
17600
17612
17600
17562
17525
17487
17425
17387
17350
17312
17275
17237
17175
17112
17087
17037
17012
17012
17012
17012
17025
17037
17025
17037
17025
17037
17025
17050
17037
17025
16987
16975
16925
16887
16850
16812
16750
16687
16650
16612
16612
16612
16662
16687
16737
16787
16837
16875
16937
17000
17062
17137
17187
17250
17312
17375
17412
17500
17562
17637
17712
17787
17850
17912
17975
18037
18100
18150
18212
18275
18312
18362
18375
18362
18350
18337
18287
18237
18187
18137
18100
18087
18087
18087
18062
18025
17950
17875
17787
17725
17662
17600
17550
17500
17425
17362
17262
17200
17125
17037
16962
16900
16800
16712
16637
16562
16512
16450
16375
16287
16200
16100
16000
15925
15850
15762
15675
15575
15475
15387
15300
15225
15150
15062
14962
14862
14775
14675
14587
14500
14412
14337
14250
14162
14087
14000
13912
13850
13775
13700
13625
13587
13537
13487
13437
13425
13387
13375
13387
13425
13437
13450
13437
13400
13337
13275
13212
13150
13087
13025
12950
12875
12812
12725
12637
12562
12487
12437
12412
12375
12325
12300
12275
12250
12225
12212
12175
12112
12075
12037
12000
12000
11975
11925
11875
11825
11750
11687
11625
11562
11500
11437
11400
11375
11337
11300
11287
11250
11237
11225
11237
11212
11187
11137
11087
11012
10950
10912
10875
10850
10837
10825
10787
10750
10737
10700
10662
10650
10637
10600
10562
10525
10462
10400
10337
10287
10225
10162
10100
10037
9975
9912
9825
9775
9737
9687
9637
9637
9600
9600
9600
9625
9625
9625
9612
9600
9587
9600
9612
9600
9587
9575
9537
9525
9512
9525
9512
9500
9487
9500
9487
9500
9487
9512
9512
9537
9537
9587
9575
9587
9575
9587
9600
9637
9675
9737
9787
9850
9912
9987
10062
10137
10212
10287
10362
10450
10537
10650
10737
10837
10937
11037
11125
11225
11312
11425
11550
11675
11775
11900
12000
12087
12162
12250
12325
12412
12500
12587
12662
12725
12787
12825
12875
12912
12962
13012
13087
13125
13175
13187
13200
13187
13200
13175
13187
13212
13225
13237
13275
13312
13337
13400
13437
13475
13500
13525
13550
13575
13587
13600
13612
13600
13587
13550
13512
13450
13400
13362
13287
13262
13237
13212
13162
13150
13087
13012
12975
12937
12912
12900
12900
12887
12875
12887
12850
12862
12850
12862
12875
12912
12925
12950
12962
12975
12987
13000
12987
13000
13012
13025
13012
13025
13037
13025
13037
13075
13062
13087
13112
13137
13162
13237
13275
13337
13400
13450
13512
13550
13587
13625
13662
13700
13762
13825
13887
13937
14000
14062
14125
14187
14250
14312
14375
14437
14500
14575
14625
14675
14725
14762
14775
14812
14850
14887
14900
14937
14975
14987
15000
14962
14925
14887
14850
14812
14825
14837
14825
14837
14825
14837
14825
14837
14850
14900
14912
14950
14987
14987
14975
15000
15012
15037
15075
15112
15150
15150
15162
15162
15175
15187
15237
15250
15312
15337
15362
15350
15387
15412
15462
15525
15637
15737
15837
15937
16025
16112
16200
16250
16325
16400
16475
16550
16662
16750
16837
16925
17012
17087
17137
17212
17287
17375
17462
17562
17650
17725
17787
17850
17912
17975
18037
18100
18150
18212
18275
18312
18350
18362
18375
18362
18350
18312
18275
18237
18200
18175
18137
18100
18075
18037
18000
17962
17925
17875
17825
17800
17775
17775
17750
17737
17700
17662
17587
17525
17450
17375
17300
17237
17175
17112
17062
17000
16937
16900
16850
16800
16750
16700
16625
16562
16512
16437
16387
16362
16337
16312
16300
16287
16250
16237
16262
16275
16262
16250
16237
16187
16150
16112
16075
16037
16000
15975
15950
15962
15937
15950
15937
15925
15875
15875
15837
15800
15762
15750
15687
15637
15612
15587
15525
15500
15500
15475
15475
15500
15475
15475
15462
15475
15475
15487
15475
15475
15450
15437
15450
15437
15450
15437
15450
15437
15425
15412
15400
15362
15362
15337
15312
15287
15287
15275
15287
15300
15337
15350
15362
15400
15412
15400
15412
15375
15350
15325
15325
15325
15350
15362
15375
15387
15375
15387
15375
15387
15375
15362
15350
15337
15325
15300
15300
15275
15275
15250
15237
15200
15200
15175
15187
15187
15212
15200
15212
15187
15200
15212
15225
15237
15250
15262
15250
15262
15275
15312
15350
15412
15475
15525
15587
15650
15725
15800
15875
15950
16012
16087
16162
16237
16312
16387
16450
16512
16562
16637
16712
16787
16862
16950
17025
17100
17162
17225
17275
17325
17337
17375
17387
17400
17387
17375
17362
17350
17312
17275
17262
17225
17212
17200
17212
17225
17237
17250
17262
17275
17262
17250
17237
17225
17212
17200
17187
17150
17112
17062
17000
16937
16900
16862
16825
16787
16750
16687
16650
16612
16587
16550
16512
16475
16437
16400
16362
16350
16337
16312
16312
16312
16312
16287
16275
16262
16250
16212
16175
16162
16125
16112
16100
16087
16075
16062
16037
16000
15987
15950
15937
15925
15912
15900
15887
15850
15837
15825
15812
15800
15787
15750
15737
15700
15662
15650
15637
15625
15612
15600
15587
15600
15587
15600
15612
15625
15612
15625
15637
15650
15637
15625
15612
15575
15550
15512
15500
15462
15450
15425
15437
15450
15462
15475
15525
15537
15550
15562
15575
15562
15550
15537
15525
15512
15525
15550
15562
15600
15637
15650
15637
15650
15625
15575
15550
15500
15462
15450
15462
15450
15500
15537
15587
15637
15712
15775
15837
15900
15962
16037
16087
16137
16187
16237
16262
16325
16387
16450
16512
16562
16625
16687
16750
16800
16875
16912
16950
16987
17000
17012
17050
17087
17100
17137
17150
17137
17137
17137
17112
17112
17112
17100
17087
17075
17062
17050
17012
16975
16937
16875
16812
16787
16750
16712
16675
16662
16612
16587
16575
16562
16525
16525
16512
16475
16437
16425
16375
16337
16325
16312
16275
16262
16250
16212
16200
16187
16150
16112
16100
16062
16037
16025
16012
16000
15987
16000
15987
16000
16012
16025
16037
16050
16062
16050
16062
16062
16075
16062
16075
16062
16037
16025
15987
15962
15937
15937
15912
15937
15925
15937
15925
15912
15875
15837
15775
15712
15675
15637
15600
15587
15575
15575
15562
15575
15562
15575
15562
15575
15562
15575
15562
15575
15562
15575
15562
15575
15562
15575
15562
15575
15562
15575
15575
15600
15600
15600
15587
15575
15550
15537
15525
15512
15500
15487
15475
15462
15425
15412
15400
15387
15375
15362
15350
15362
15350
15362
15375
15387
15400
15412
15425
15462
15475
15487
15500
15512
15500
15512
15500
15512
15500
15512
15500
15512
15500
15512
15525
15550
15587
15650
15712
15725
15775
15825
15875
15925
16012
16062
16112
16162
16212
16287
16362
16437
16512
16562
16600
16662
16737
16812
16887
16987
17062
17112
17175
17237
17300
17337
17375
17387
17375
17362
17350
17312
17300
17287
17275
17287
17287
17287
17287
17262
17212
17175
17112
17050
17000
16950
16900
16850
16812
16750
16712
16675
16637
16625
16612
16587
16550
16512
16450
16387
16325
16237
16200
16187
16175
16187
16225
16212
16200
16187
16175
16162
16175
16162
16150
16137
16150
16125
16100
16100
16075
16025
16025
16025
16025
16025
16062
16062
16075
16087
16100
16087
16075
16062
16037
16000
15987
15950
15900
15887
15875
15875
15875
15887
15887
15887
15875
15862
15875
15862
15850
15812
15775
15737
15700
15662
15650
15637
15600
15562
15550
15525
15512
15525
15537
15550
15575
15587
15600
15637
15650
15662
15675
15687
15675
15687
15675
15687
15675
15662
15650
15637
15625
15612
15625
15612
15600
15600
15600
15600
15600
15625
15637
15650
15662
15675
15687
15675
15687
15712
15725
15712
15725
15712
15687
15675
15687
15700
15737
15775
15837
15900
15962
16050
16137
16225
16325
16412
16487
16562
16650
16725
16812
16900
16975
17050
17112
17175
17237
17300
17362
17425
17487
17550
17587
17625
17637
17650
17637
17650
17662
17675
17662
17675
17687
17662
17675
17687
17675
17662
17650
17650
17637
17625
17612
17600
17562
17525
17475
17450
17425
17400
17375
17387
17350
17312
17300
17287
17275
17262
17250
17212
17200
17162
17137
17125
17112
17075
17025
17000
16950
16937
16900
16875
16850
16825
16762
16750
16725
16700
16675
16687
16662
16650
16600
16587
16550
16512
16500
16500
16462
16450
16437
16425
16412
16425
16412
16400
16387
16400
16387
16375
16400
16400
16375
16375
16362
16350
16337
16350
16337
16337
16325
16312
16275
16262
16250
16212
16212
16212
16212
16200
16212
16187
16162
16112
16075
16012
16000
15975
15950
15925
15925
15875
15850
15825
15800
15775
15762
15750
15737
15750
15737
15750
15737
15750
15725
15737
15750
15762
15775
15800
15812
15800
15812
15837
15850
15862
15875
15887
15862
15875
15850
15850
15825
15800
15775
15762
15750
15725
15725
15700
15700
15675
15687
15675
15687
15675
15650
15625
15625
15600
15600
15612
15600
15587
15575
15575
15575
15612
15625
15675
15725
15775
15825
15912
15975
16062
16150
16237
16312
16400
16475
16537
16612
16687
16750
16812
16875
16950
17025
17087
17162
17237
17300
17362
17400
17450
17475
17512
17550
17600
17650
17700
17737
17750
17737
17700
17662
17600
17550
17462
17400
17337
17275
17212
17175
17137
17112
17075
17062
17050
17012
17000
16987
16950
16912
16900
16862
16825
16812
16787
16775
16750
16725
16675
16637
16562
16537
16500
16462
16450
16437
16425
16412
16425
16412
16425
16450
16462
16450
16425
16412
16362
16350
16337
16337
16300
16287
16250
16237
16225
16237
16225
16237
16250
16250
16250
16250
16225
16200
16187
16150
16112
16075
16012
15987
15950
15912
15875
15862
15850
15837
15850
15887
15900
15912
15950
15962
15975
15987
16000
16012
16025
16037
16050
16062
16050
16062
16062
16075
16087
16100
16112
16125
16137
16150
16162
16175
16162
16175
16162
16175
16162
16175
16162
16175
16187
16225
16237
16275
16262
16275
16287
16300
16287
16300
16287
16250
16212
16200
16187
16175
16162
16175
16162
16175
16200
16225
16250
16300
16350
16387
16425
16475
16525
16562
16625
16712
16787
16862
16937
17000
17062
17112
17175
17237
17300
17375
17450
17525
17587
17662
17687
17737
17787
17837
17887
17950
17987
18000
18012
18000
18012
18000
17987
17975
17962
17900
17887
17900
17875
17875
17900
17875
17850
17825
17775
17725
17700
17650
17625
17612
17600
17562
17525
17487
17425
17362
17300
17237
17175
17112
17087
17037
17012
16987
16962
16912
16875
16812
16750
16687
16625
16587
16562
16525
16512
16500
16512
16500
16512
16500
16512
16475
16487
16475
16487
16462
16475
16462
16475
16462
16487
16462
16462
16462
16462
16437
16450
16437
16425
16412
16425
16450
16462
16475
16487
16500
16475
16487
16475
16487
16475
16487
16475
16462
16450
16437
16400
16387
16375
16362
16350
16337
16325
16312
16300
16287
16300
16287
16275
16262
16250
16212
16175
16137
16100
16062
16037
16000
16000
15962
15950
15937
15925
15900
15862
15837
15837
15837
15837
15887
15900
15887
15900
15887
15875
15825
15837
15825
15862
15850
15900
15887
15900
15862
15875
15862
15875
15887
15900
15912
15925
15937
15925
15937
15925
15937
15887
15900
15887
15900
15887
15937
15925
15950
15925
15925
15925
15925
15912
15950
15987
16012
16075
16112
16162
16212
16262
16312
16387
16450
16512
16587
16662
16737
16812
16887
16962
17037
17100
17175
17237
17300
17362
17425
17487
17550
17600
17637
17650
17662
17650
17625
17612
17600
17587
17575
17562
17550
17537
17500
17487
17462
17437
17412
17412
17375
17375
17337
17325
17287
17287
17262
17250
17237
17225
17187
17150
17112
17087
17050
17000
16975
16950
16900
16850
16812
16750
16662
16612
16587
16575
16550
16575
16562
16550
16537
16550
16537
16525
16512
16487
16462
16437
16437
16437
16450
16462
16475
16487
16475
16487
16475
16462
16425
16387
16300
16262
16225
16212
16187
16212
16187
16187
16162
16150
16137
16125
16112
16100
16112
16100
16087
16075
16050
16037
16012
16012
15987
15975
15962
15950
15937
15950
15987
16000
16037
16050
16037
16025
16012
16000
15987
16000
15987
15975
15962
15925
15912
15925
15937
15950
16012
16012
16012
16012
16012
15987
16000
15987
16000
15987
16000
15987
15975
15962
15950
15937
15925
15912
15875
15862
15825
15812
15800
15825
15850
15912
15950
16012
16075
16150
16237
16325
16400
16475
16537
16562
16625
16687
16750
16825
16900
16975
17050
17112
17175
17237
17300
17362
17425
17487
17550
17600
17637
17675
17687
17675
17662
17650
17650
17637
17625
17612
17625
17612
17600
17612
17600
17587
17575
17587
17550
17550
17525
17525
17500
17500
17487
17462
17437
17412
17387
17337
17300
17262
17225
17187
17150
17112
17062
17000
16937
16900
16862
16812
16787
16762
16712
16687
16675
16675
16650
16650
16662
16662
16650
16662
16637
16612
16600
16600
16575
16587
16562
16537
16487
16475
16425
16400
16400
16387
16350
16350
16325
16300
16287
16300
16287
16300
16287
16300
16287
16300
16287
16312
16300
16287
16275
16250
16212
16187
16150
16125
16137
16125
16112
16137
16125
16075
16062
16050
16050
16037
16062
16050
16037
16025
16012
16000
15987
15975
15962
15950
15937
15925
15937
15925
15937
15925
15937
15925
15937
15925
15937
15925
15912
15850
15825
15800
15775
15775
15800
15812
15800
15812
15800
15825
15812
15800
15787
15775
15725
15662
15637
15612
15575
15575
15575
15575
15575
15587
15562
15587
15575
15550
15537
15525
15487
15475
15462
15450
15437
15450
15462
15475
15487
15525
15562
15612
15687
15762
15837
15900
15962
16037
16112
16187
16275
16350
16425
16500
16562
16625
16687
16750
16812
16887
16962
17037
17100
17175
17237
17275
17312
17350
17387
17425
17462
17500
17537
17575
17625
17662
17700
17712
17725
17687
17700
17687
17712
17700
17712
17700
17687
17662
17650
17625
17612
17600
17562
17525
17475
17425
17375
17325
17300
17287
17250
17212
17175
17112
17062
17000
16937
16875
16812
16775
16737
16700
16687
16662
16637
16612
16625
16600
16612
16600
16612
16600
16612
16600
16612
16600
16612
16612
16625
16637
16650
16662
16650
16637
16625
16600
16600
16600
16612
16625
16650
16637
16587
16562
16525
16500
16462
16437
16387
16337
16262
16175
16137
16100
16087
16075
16112
16100
16112
16100
16112
16075
16087
16075
16087
16075
16087
16075
16062
16037
16025
16012
15962
15950
15937
15925
15912
15937
15925
15937
15950
15962
15975
15987
16000
15987
16000
16012
16037
16050
16062
16075
16087
16075
16062
16025
16012
15987
15975
15962
15975
15987
15987
15987
15987
15987
15975
15975
15975
15975
16000
15987
16000
15987
16000
15975
15975
15975
15975
15937
15950
15937
15900
15887
15887
15875
15862
15850
15837
15825
15812
15825
15862
15900
15962
16012
16075
16137
16212
16300
16362
16425
16487
16537
16562
16625
16700
16737
16775
16812
16850
16875
16950
17025
17087
17137
17187
17225
17262
17300
17362
17425
17462
17500
17537
17575
17612
17650
17687
17700
17725
17700
17675
17650
17650
17600
17587
17587
17562
17537
17537
17525
17512
17500
17462
17425
17387
17375
17350
17325
17300
17250
17200
17162
17137
17125
17112
17075
17062
17050
17012
16975
16962
16912
16887
16862
16837
16787
16750
16687
16625
16587
16562
16525
16512
16500
16462
16450
16437
16400
16387
16375
16337
16300
16287
16275
16262
16275
16287
16300
16287
16300
16287
16275
16262
16250
16237
16225
16212
16200
16187
16175
16162
16150
16112
16100
16062
16062
16050
16062
16062
16100
16100
16100
16050
16050
16025
16000
15975
15987
15950
15937
15925
15937
15925
15937
15925
15937
15925
15937
15925
15937
15925
15937
15925
15937
15925
15937
15925
15937
15950
15950
15950
15950
15925
15900
15887
15875
15900
15912
15925
15937
15950
15925
15937
15925
15900
15887
15900
15887
15900
15900
15925
15925
15950
15937
15975
15950
15925
15900
15887
15850
15812
15800
15762
15750
15775
15800
15825
15875
15925
15962
16025
16100
16175
16212
16275
16325
16375
16387
16462
16512
16575
16637
16737
16812
16875
16950
17025
17087
17162
17237
17300
17362
17425
17487
17550
17587
17625
17637
17650
17650
17687
17700
17737
17775
17787
17800
17812
17825
17812
17825
17800
17800
17775
17750
17725
17712
17700
17662
17650
17612
17600
17575
17562
17525
17512
17475
17475
17462
17450
17437
17412
17350
17300
17250
17200
17162
17125
17100
17075
17025
17000
16987
16950
16912
16912
16887
16862
16837
16837
16800
16762
16750
16737
16725
16700
16700
16675
16675
16650
16612
16587
16587
16575
16575
16600
16587
16575
16562
16525
16512
16500
16487
16475
16487
16475
16462
16425
16387
16350
16312
16300
16287
16300
16287
16275
16262
16275
16250
16250
16250
16250
16225
16187
16175
16162
16150
16137
16175
16162
16175
16162
16150
16137
16125
16112
16100
16112
16087
16112
16137
16162
16187
16250
16262
16275
16287
16300
16287
16300
16325
16400
16437
16500
16525
16550
16525
16537
16525
16525
16512
16500
16462
16425
16387
16362
16312
16287
16250
16262
16212
16212
16212
16212
16187
16187
16162
16137
16162
16162
16162
16187
16237
16225
16237
16225
16237
16225
16237
16250
16312
16350
16387
16425
16462
16512
16550
16625
16700
16775
16837
16900
16937
17000
17062
17112
17175
17237
17300
17375
17450
17525
17600
17687
17762
17837
17912
17975
18037
18075
18112
18150
18175
18175
18175
18175
18150
18112
18075
18037
18000
17962
17950
17937
17950
17937
17925
17887
17850
17787
17750
17700
17675
17650
17625
17587
17550
17487
17425
17362
17300
17237
17200
17162
17137
17100
17087
17050
17012
17000
16987
16950
16937
16925
16912
16900
16912
16900
16912
16900
16912
16900
16912
16900
16925
16912
16900
16862
16850
16800
16787
16775
16787
16775
16762
16750
16737
16687
16662
16637
16587
16575
16562
16550
16537
16525
16512
16500
16462
16450
16437
16400
16412
16412
16387
16387
16375
16337
16287
16287
16287
16300
16312
16350
16362
16350
16337
16300
16287
16250
16212
16137
16100
16062
16025
16000
16025
16012
16000
15987
16000
16012
16012
16012
16012
16012
15987
16000
15987
16000
16012
16025
16037
16050
16062
16050
16062
16050
16062
16050
16062
16050
16062
16062
16062
16075
16112
16125
16112
16112
16062
16025
16025
16012
16025
16062
16112
16137
16187
16237
16287
16337
16412
16487
16550
16625
16687
16750
16812
16875
16937
17000
17062
17112
17175
17237
17300
17362
17425
17487
17550
17600
17662
17725
17762
17800
17850
17862
17875
17912
17925
17925
17925
17925
17925
17925
17900
17912
17900
17887
17875
17862
17825
17812
17775
17737
17700
17687
17650
17625
17587
17587
17562
17562
17562
17562
17525
17512
17500
17487
17475
17437
17425
17375
17325
17300
17287
17225
17175
17125
17062
17025
16987
16950
16912
16875
16812
16775
16737
16700
16687
16675
16662
16650
16637
16625
16612
16612
16612
16612
16587
16587
16562
16550
16537
16525
16512
16500
16487
16475
16462
16425
16425
16425
16450
16462
16500
16500
16500
16475
16462
16450
16437
16400
16387
16412
16400
16387
16400
16412
16387
16375
16387
16375
16362
16350
16337
16325
16312
16325
16325
16325
16325
16325
16275
16237
16225
16187
16150
16137
16125
16087
16075
16087
16075
16062
16050
16037
16037
16025
16037
16050
16062
16075
16087
16075
16087
16100
16100
16112
16112
16137
16137
16137
16137
16175
16162
16175
16162
16137
16125
16112
16075
16062
16062
16062
16050
16037
16025
16012
15975
15962
15950
15937
15925
15937
15912
15912
15887
15887
15850
15850
15825
15800
15775
15787
15775
15787
15825
15875
15925
15987
16062
16137
16162
16212
16262
16312
16362
16450
16512
16562
16637
16712
16787
16862
16937
17000
17062
17112
17175
17237
17300
17375
17425
17475
17500
17500
17462
17450
17412
17375
17325
17312
17300
17287
17275
17300
17287
17250
17212
17175
17112
17037
16987
16937
16887
16862
16862
16825
16812
16800
16762
16725
16687
16625
16587
16562
16525
16512
16500
16500
16487
16500
16487
16462
16437
16425
16412
16400
16425
16400
16400
16375
16350
16275
16250
16225
16200
16175
16200
16187
16175
16162
16150
16137
16125
16112
16100
16112
16100
16087
16075
16062
16062
16037
16050
16037
16025
16012
16012
16000
15987
16000
16012
16025
16037
16050
16062
16050
16062
16050
16037
16025
16050
16012
16012
16012
15987
15962
15950
15937
15925
15937
15925
15937
15950
15962
15975
15987
15975
15962
15950
15937
15925
15912
15912
15912
15912
15912
15937
15912
15912
15912
15900
15887
15912
15912
15912
15925
15937
15925
15962
15962
15962
15962
15987
15987
16012
16087
16162
16237
16312
16387
16450
16512
16575
16650
16725
16812
16900
16975
17050
17137
17200
17262
17325
17362
17375
17412
17450
17487
17550
17600
17637
17687
17712
17712
17725
17737
17737
17775
17787
17787
17787
17787
17750
17737
17725
17712
17700
17712
17725
17737
17775
17775
17775
17775
17775
17750
17737
17700
17662
17625
17600
17550
17500
17450
17375
17300
17237
17162
17112
17062
17000
16912
16887
16837
16800
16787
16800
16762
16750
16737
16700
16687
16675
16637
16625
16612
16612
16600
16625
16625
16625
16625
16650
16625
16612
16625
16612
16587
16575
16550
16525
16500
16512
16487
16500
16487
16500
16475
16487
16475
16487
16475
16462
16425
16387
16362
16337
16312
16312
16312
16275
16225
16212
16175
16162
16150
16150
16137
16125
16087
16075
16062
16062
16050
16037
16000
16000
15975
15975
15975
16000
15987
16000
15987
15975
15962
15950
15937
15925
15912
15900
15887
15875
15862
15875
15862
15850
15837
15825
15812
15800
15787
15775
15762
15725
15687
15675
15637
15600
15562
15550
15550
15537
15550
15575
15612
15662
15737
15812
15887
15962
16025
16100
16175
16250
16325
16387
16462
16525
16600
16687
16775
16850
16925
17000
17062
17112
17175
17237
17300
17362
17425
17487
17525
17537
17525
17512
17475
17462
17450
17437
17425
17412
17400
17387
17400
17387
17375
17362
17350
17312
17275
17262
17225
17187
17175
17162
17137
17125
17112
17100
17087
17075
17075
17050
17000
16950
16900
16812
16750
16725
16687
16650
16637
16625
16612
16600
16587
16550
16537
16500
16462
16425
16387
16350
16312
16275
16237
16225
16187
16175
16162
16150
16137
16100
16075
16050
16025
16012
16012
16000
15987
15975
15975
15962
15925
15912
15887
15862
15850
15862
15837
15850
15825
15825
15825
15837
15825
15837
15825
15812
15800
15812
15800
15787
15775
15762
15750
15737
15750
15725
15725
15700
15700
15675
15687
15675
15687
15675
15687
15675
15650
15637
15625
15612
15600
15600
15537
15512
15500
15475
15475
15500
15512
15500
15512
15500
15487
15487
15512
15512
15537
15575
15587
15600
15650
15662
15675
15687
15675
15650
15637
15600
15587
15550
15550
15550
15575
15600
15675
15725
15800
15875
15950
16012
16075
16137
16200
16262
16300
16362
16425
16487
16537
16650
16700
16750
16800
16850
16875
16937
17000
17062
17112
17175
17237
17300
17362
17425
17462
17500
17537
17550
17562
17575
17562
17550
17537
17500
17462
17425
17387
17350
17337
17325
17337
17362
17362
17337
17337
17287
17237
17212
17187
17162
17162
17137
17100
17062
17000
16937
16900
16850
16800
16750
16700
16625
16550
16525
16487
16450
16412
16425
16400
16375
16350
16350
16337
16350
16362
16375
16387
16375
16337
16325
16312
16300
16287
16275
16262
16250
16237
16225
16212
16200
16175
16150
16112
16112
16112
16125
16137
16162
16175
16200
16212
16200
16212
16200
16175
16162
16175
16162
16175
16162
16200
16187
16175
16162
16150
16112
16100
16087
16075
16062
16062
16050
16037
16025
16012
15975
15962
15950
15937
15912
15925
15912
15925
15937
15962
15950
15925
15912
15875
15862
15875
15887
15862
15862
15837
15812
15800
15812
15800
15812
15800
15812
15800
15812
15800
15812
15825
15825
15800
15800
15800
15775
15787
15800
15812
15825
15837
15850
15887
15900
15912
15950
15987
16000
16037
16050
16037
16025
16012
15975
15962
15950
15912
15900
15887
15875
15862
15875
15887
15925
15962
16012
16075
16137
16212
16287
16362
16437
16512
16587
16662
16737
16825
16900
16975
17050
17137
17212
17287
17362
17425
17487
17550
17600
17637
17675
17737
17750
17737
17750
17737
17700
17675
17675
17650
17625
17612
17600
17562
17525
17512
17512
17487
17487
17487
17462
17425
17412
17400
17387
17400
17387
17375
17337
17287
17250
17212
17175
17162
17162
17162
17150
17137
17100
17087
17050
17012
16975
16937
16875
16837
16800
16800
16775
16750
16700
16650
16562
16537
16500
16487
16475
16487
16475
16462
16450
16437
16437
16425
16412
16400
16387
16362
16350
16362
16350
16362
16350
16362
16350
16362
16350
16362
16350
16362
16350
16337
16287
16275
16237
16225
16212
16212
16200
16187
16175
16162
16150
16137
16125
16112
16100
16112
16100
16112
16125
16137
16150
16162
16175
16187
16200
16175
16187
16175
16162
16150
16175
16162
16137
16125
16112
16100
16087
16087
16075
16050
16050
16037
16000
15987
15987
15950
15937
15950
15937
15925
15912
15900
15887
15875
15862
15875
15887
15900
15912
15925
15937
15950
15962
15975
15987
16000
16012
16025
15987
16000
16012
16000
16012
16050
16062
16037
16037
16037
16037
16037
16050
16000
15987
15975
15962
15950
16000
16012
16037
16075
16137
16200
16262
16325
16387
16450
16512
16575
16650
16737
16825
16925
17012
17087
17162
17237
17300
17362
17425
17462
17512
17562
17600
17625
17675
17662
17675
17662
17650
17637
17650
17625
17587
17575
17537
17525
17512
17525
17537
17537
17512
17512
17475
17437
17412
17387
17337
17325
17287
17287
17275
17262
17212
17162
17075
17012
16937
16875
16812
16750
16712
16675
16637
16625
16612
16587
16575
16562
16550
16537
16550
16537
16550
16562
16587
16600
16637
16650
16637
16625
16612
16612
16600
16587
16575
16562
16550
16562
16562
16537
16537
16512
16487
16462
16437
16412
16387
16387
16375
16362
16350
16337
16300
16287
16300
16287
16300
16287
16300
16287
16312
16312
16312
16312
16337
16325
16337
16350
16362
16350
16337
16325
16312
16275
16262
16275
16250
16250
16250
16225
16200
16187
16175
16162
16150
16137
16150
16137
16150
16187
16200
16187
16200
16187
16150
16112
16075
16012
15987
15950
15937
15925
15937
15962
15975
15987
16025
16050
16075
16137
16200
16237
16287
16337
16337
16375
16437
16462
16500
16600
16662
16737
16837
16912
16987
17062
17112
17175
17237
17312
17350
17387
17425
17462
17487
17550
17587
17625
17650
17650
17650
17650
17612
17587
17562
17537
17512
17500
17487
17475
17437
17425
17412
17400
17387
17375
17337
17337
17312
17287
17262
17237
17175
17112
17062
17000
16962
16925
16887
16850
16812
16775
16737
16700
16687
16675
16637
16600
16587
16562
16525
16512
16500
16462
16425
16412
16375
16312
16287
16287
16262
16262
16287
16275
16262
16250
16237
16225
16237
16225
16212
16200
16187
16175
16187
16200
16187
16200
16187
16175
16150
16162
16150
16162
16175
16187
16187
16187
16187
16162
16175
16162
16175
16162
16175
16162
16187
16187
16187
16162
16162
16125
16087
16075
16062
16062
16050
16037
16025
16012
16000
15987
15962
15937
15912
15887
15862
15875
15862
15875
15862
15875
15887
15900
15912
15925
15937
15925
15912
15900
15887
15850
15812
15800
15762
15725
15712
15725
15712
15700
15712
15700
15687
15675
15662
15625
15587
15550
15525
15487
15475
15487
15500
15525
15587
15650
15712
15775
15837
15900
15962
16025
16100
16150
16225
16300
16362
16425
16512
16562
16625
16687
16750
16812
16887
16962
17000
17050
17100
17112
17125
17137
17137
17112
17112
17112
17125
17137
17162
17200
17212
17212
17225
17237
17225
17237
17262
17275
17262
17287
17275
17262
17225
17187
17112
17062
17000
16937
16875
16837
16787
16737
16687
16662
16612
16612
16600
16587
16550
16537
16500
16462
16450
16437
16400
16387
16375
16362
16312
16325
16312
16325
16312
16362
16350
16337
16325
16312
16275
16262
16250
16212
16200
16187
16150
16112
16075
16012
15962
15925
15887
15850
15837
15825
15812
15775
15762
15750
15737
15725
15737
15750
15725
15737
15700
15662
15625
15625
15587
15600
15637
15637
15637
15637
15612
15587
15575
15575
15562
15550
15537
15525
15512
15525
15550
15587
15625
15675
15687
15700
15687
15675
15650
15637
15625
15612
15600
15562
15550
15550
15537
15550
15562
15575
15575
15625
15637
15650
15662
15675
15650
15662
15675
15687
15675
15687
15700
15737
15775
15837
15862
15912
15962
16012
16075
16175
16250
16325
16387
16450
16512
16575
16650
16725
16800
16875
16937
17000
17062
17112
17137
17187
17237
17287
17337
17425
17500
17562
17612
17662
17712
17725
17712
17725
17712
17675
17662
17650
17625
17612
17600
17587
17575
17587
17562
17537
17512
17487
17462
17450
17462
17450
17462
17450
17437
17400
17387
17350
17312
17275
17237
17200
17162
17137
17100
17062
17000
16925
16875
16825
16800
16775
16787
16775
16787
16775
16787
16775
16787
16775
16762
16750
16737
16725
16712
16737
16725
16712
16700
16687
16662
16650
16637
16625
16612
16587
16575
16562
16550
16525
16525
16500
16475
16425
16412
16400
16387
16400
16412
16425
16412
16400
16387
16375
16337
16300
16287
16250
16237
16212
16225
16237
16237
16237
16275
16275
16250
16262
16250
16237
16225
16237
16225
16237
16225
16237
16225
16237
16225
16237
16250
16287
16300
16337
16350
16362
16350
16362
16350
16362
16350
16362
16375
16375
16375
16375
16387
16362
16375
16362
16375
16350
16362
16350
16362
16350
16362
16350
16362
16350
16362
16350
16362
16350
16362
16375
16412
16450
16512
16562
16625
16687
16750
16812
16875
16937
17000
17062
17112
17175
17250
17337
17425
17512
17587
17637
17687
17737
17787
17837
17887
17925
17925
17900
17850
17800
17725
17687
17637
17625
17625
17637
17637
17675
17712
17725
17737
17750
17762
17750
17737
17725
17712
17712
17700
17687
17650
17612
17550
17512
17475
17437
17425
17412
17375
17337
17300
17262
17225
17187
17175
17162
17137
17100
17087
17050
17012
16975
16962
16950
16937
16925
16937
16925
16925
16900
16900
16875
16875
16837
16825
16787
16775
16737
16700
16662
16662
16625
16587
16575
16562
16525
16512
16500
16487
16475
16462
16425
16412
16400
16387
16400
16412
16425
16437
16450
16462
16500
16512
16525
16537
16512
16500
16487
16475
16462
16462
16425
16412
16375
16337
16300
16262
16225
16187
16150
16137
16125
16112
16087
16087
16062
16037
16025
16012
15975
15937
15925
15912
15900
15887
15875
15862
15850
15837
15850
15862
15875
15862
15850
15837
15825
15787
15775
15787
15775
15787
15800
15812
15800
15812
15800
15812
15800
15762
15750
15725
15700
15700
15725
15737
15762
15787
15775
15800
15812
15825
15837
15862
15875
15862
15850
15812
15812
15787
15762
15762
15787
15775
15787
15825
15875
15925
15987
16062
16137
16200
16262
16325
16387
16450
16462
16512
16550
16612
16650
16750
16812
16875
16925
17000
17037
17075
17112
17125
17112
17125
17112
17100
17087
17075
17087
17100
17112
17125
17137
17125
17137
17162
17212
17287
17375
17450
17525
17575
17600
17587
17587
17562
17537
17512
17487
17425
17362
17300
17237
17175
17112
17062
17000
16962
16925
16912
16900
16850
16837
16825
16787
16775
16800
16762
16725
16712
16675
16662
16650
16662
16650
16662
16650
16662
16650
16637
16625
16612
16587
16550
16550
16525
16525
16525
16525
16512
16500
16487
16475
16487
16462
16462
16437
16412
16362
16350
16312
16300
16287
16300
16287
16300
16287
16300
16287
16300
16287
16275
16262
16250
16200
16187
16200
16187
16200
16225
16250
16237
16262
16262
16300
16287
16312
16300
16312
16287
16300
16287
16300
16287
16262
16250
16237
16225
16212
16212
16175
16162
16125
16087
16075
16100
16087
16075
16087
16075
16062
16062
16075
16062
16050
16037
16037
16037
16050
16087
16100
16125
16112
16125
16112
16100
16075
16062
16037
16025
16012
15975
15962
15950
15900
15887
15875
15837
15825
15812
15787
15800
15800
15800
15812
15825
15825
15862
15900
15962
16012
16075
16137
16200
16262
16325
16387
16462
16525
16600
16675
16750
16812
16875
16937
17000
17062
17100
17137
17162
17200
17212
17250
17287
17325
17337
17375
17412
17425
17437
17450
17462
17475
17487
17500
17512
17525
17512
17500
17487
17500
17450
17437
17425
17412
17412
17412
17400
17387
17337
17287
17275
17237
17200
17175
17112
17037
17000
16962
16925
16887
16875
16837
16787
16762
16737
16737
16712
16700
16687
16725
16700
16700
16700
16675
16625
16612
16612
16600
16612
16600
16612
16600
16612
16600
16612
16600
16587
16587
16575
16537
16500
16462
16412
16375
16362
16350
16337
16325
16312
16300
16312
16350
16362
16362
16362
16337
16312
16287
16300
16287
16275
16237
16200
16137
16112
16087
16050
16050
16075
16062
16075
16100
16112
16100
16112
16100
16112
16100
16112
16100
16087
16075
16062
16062
16050
16062
16050
16062
16050
16037
16037
16037
16037
16037
16062
16062
16075
16100
16100
16112
16125
16137
16137
16162
16175
16162
16175
16187
16200
16212
16250
16262
16275
16275
16275
16275
16275
16275
16312
16325
16337
16375
16387
16400
16437
16450
16462
16475
16500
16525
16575
16612
16675
16700
16725
16737
16775
16812
16875
16937
17000
17062
17137
17212
17287
17362
17425
17500
17562
17600
17662
17700
17725
17750
17787
17800
17812
17825
17812
17800
17787
17775
17737
17675
17662
17625
17625
17625
17662
17650
17662
17650
17650
17637
17650
17637
17625
17587
17550
17487
17475
17450
17450
17437
17425
17387
17362
17312
17275
17237
17175
17112
17062
17025
16987
16950
16912
16900
16862
16850
16837
16825
16812
16800
16787
16775
16787
16775
16762
16750
16712
16700
16687
16675
16662
16662
16600
16575
16550
16537
16525
16550
16537
16525
16525
16525
16500
16475
16450
16412
16375
16362
16350
16337
16325
16312
16275
16237
16237
16187
16187
16187
16212
16200
16237
16200
16200
16200
16200
16175
16175
16162
16125
16087
16075
16062
16062
16050
16062
16062
16075
16087
16125
16162
16175
16212
16225
16200
16200
16200
16200
16200
16212
16200
16187
16150
16112
16100
16062
16037
16025
16037
16012
16012
16012
15962
15937
15950
15937
15925
15962
15950
15950
15937
15925
15887
15875
15812
15787
15762
15762
15737
15750
15737
15750
15762
15800
15812
15862
15912
15962
16012
16100
16175
16262
16350
16425
16500
16562
16600
16637
16687
16700
16712
16750
16762
16712
16737
16737
16737
16737
16787
16800
16800
16775
16775
16737
16700
16675
16650
16600
16587
16562
16525
16487
16487
16462
16462
16462
16487
16475
16487
16475
16462
16450
16437
16400
16362
16325
16262
16200
16137
16075
16012
15950
15900
15850
15800
15750
15712
15637
15587
15537
15500
15475
15462
15425
15412
15400
15387
15375
15387
15375
15387
15375
15350
15325
15325
15325
15325
15362
15400
15437
15475
15512
15550
15562
15575
15562
15575
15562
15550
15512
15475
15412
15350
15287
15250
15200
15150
15100
15050
15000
14975
14937
14900
14862
14800
14737
14675
14612
14575
14537
14537
14525
14537
14537
14575
