t = 60.000000, p = 564.000000
17637
17650
17687
17687
17675
17712
17725
17750
17762
17775
17787
17800
17800
17812
17825
17837
17850
17837
17850
17837
17837
17837
17837
17837
17837
17837
17837
17837
17837
17837
17825
17812
17825
17812
17825
17812
17825
17812
17825
17837
17837
17837
17837
17837
17812
17825
17812
17825
17812
17825
17812
17825
17812
17825
17812
17825
17837
17850
17875
17925
17975
18025
18100
18162
18250
18337
18437
18537
18637
18725
18825
18925
19012
19100
19187
19275
19350
19425
19500
19575
19637
19712
19787
19837
19875
19937
19950
19962
20000
20012
20000
20037
20050
20037
20050
20037
20025
20012
20025
20012
20000
19962
19950
19900
19875
19850
19825
19800
19787
19775
19750
19725
19662
19587
19525
19462
19400
19350
19300
19250
19200
19162
19112
19100
19037
19012
18987
18962
18937
18937
18925
18937
18950
18962
19000
19012
19025
19037
19050
19062
19075
19087
19100
19112
19100
19087
19050
19037
18987
18962
18937
18912
18887
18862
18837
18812
18812
18787
18775
18737
18725
18687
18662
18650
18625
18600
18600
18600
18600
18612
18625
18637
18662
18700
18762
18825
18887
18950
18987
19025
19062
19075
19112
19137
19162
19187
19237
19237
19275
19312
19350
19375
19437
19512
19562
19612
19637
19662
19675
19700
19737
19775
19812
19850
19862
19875
19912
19925
19937
19950
19962
19975
20012
20050
20112
20150
20187
20225
20250
20287
20350
20412
20475
20512
20550
20587
20600
20612
20650
20687
20700
20737
20762
20800
20850
20925
21000
21087
21175
21250
21337
21437
21525
21612
21712
21787
21850
21912
21975
22000
22062
22125
22200
22250
22300
22350
22400
22400
22437
22475
22475
22487
22500
22512
22500
22525
22512
22525
22512
22500
22487
22475
22462
22437
22437
22450
22437
22400
22375
22350
22300
22262
22225
22187
22125
22062
22025
21987
21950
21912
21900
21850
21837
21812
21787
21762
21750
21737
21725
21737
21725
21737
21725
21737
21750
21762
21775
21787
21800
21787
21775
21725
21712
21675
21637
21600
21600
21562
21512
21500
21487
21450
21437
21437
21387
21362
21337
21312
21287
21287
21262
21237
21175
21150
21100
21050
21000
20987
20937
20912
20887
20862
20812
20800
20762
20737
20725
20712
20700
20675
20675
20650
20625
20600
20587
20550
20537
20562
20537
20512
20512
20487
20425
20412
20400
20362
20350
20362
20350
20337
20350
20337
20300
20287
20275
20275
20262
20275
20262
20250
20212
20200
20162
20150
20137
20125
20112
20100
20062
20050
20037
20000
19987
19975
19962
19950
19937
19925
19912
19875
19837
19825
19812
19825
19862
19925
19987
20050
20112
20175
20250
20337
20425
20525
20612
20687
20787
20887
20975
21075
21175
21237
21312
21387
21425
21487
21525
21562
21575
21612
21600
21587
21575
21562
21550
21537
21550
21537
21550
21525
21550
21550
21550
21550
21562
21550
21537
21550
21525
21525
21525
21512
21500
21500
21475
21450
21437
21400
21350
21325
21275
21237
21175
21150
21100
21050
21000
20962
20900
20862
20825
20812
20800
20837
20825
20837
20825
20837
20800
20825
20812
20825
20812
20800
20775
20762
20737
20725
20712
20675
20637
20625
20587
20550
20537
20525
20512
20500
20487
20450
20437
20400
20387
20375
20362
20350
20325
20300
20275
20250
20212
20200
20187
20175
20162
20150
20112
20075
20037
20000
19962
19925
19862
19825
19787
19775
19762
19750
19737
19725
19725
19700
19675
19650
19625
19600
19587
19575
19562
19550
19537
19525
19512
19500
19487
19475
19500
19500
19500
19500
19475
19437
19425
19412
19387
19387
19362
19325
19300
19287
19275
19262
19287
19275
19287
19275
19287
19262
19262
19237
19237
19225
19237
19225
19237
19237
19262
19287
19337
19375
19450
19525
19600
19662
19737
19812
19887
19962
20037
20125
20187
20262
20337
20412
20475
20537
20575
20612
20650
20687
20687
20725
20737
20762
20762
20800
20800
20850
20837
20837
20837
20837
20812
20800
20812
20800
20812
20800
20812
20800
20812
20800
20812
20800
20787
20775
20762
20737
20700
20662
20600
20537
20475
20400
20325
20275
20225
20187
20150
20112
20075
20075
20050
20050
20050
20025
19987
19975
19925
19912
19900
19887
19875
19875
19862
19850
19812
19800
19787
19775
19762
19750
19737
19725
19700
19687
19675
19662
19650
19662
19650
19637
19625
19612
19575
19537
19525
19487
19475
19462
19450
19437
19400
19375
19375
19375
19350
19375
19362
19350
19337
19350
19337
19350
19337
19325
19312
19300
19312
19300
19312
19300
19325
19287
19275
19262
19237
19212
19212
19212
19212
19225
19237
19225
19237
19225
19237
19212
19212
19187
19187
19162
19150
19137
19125
19112
19100
19087
19075
19062
19025
18987
18950
18887
18825
18787
18750
18737
18725
18712
18675
18662
18637
18625
18612
18625
18612
18625
18612
18600
18600
18600
18600
18625
18675
18687
18725
18762
18800
18825
18887
18950
19012
19075
19137
19200
19287
19375
19462
19550
19625
19687
19762
19850
19937
20025
20100
20150
20200
20237
20287
20312
20337
20350
20337
20325
20337
20350
20337
20312
20300
20287
20275
20287
20312
20300
20287
20275
20275
20250
20250
20225
20200
20150
20137
20100
20062
20025
19987
19900
19837
19775
19712
19662
19650
19600
19550
19500
19475
19425
19412
19400
19387
19387
19387
19362
19362
19362
19350
19337
19325
19312
19300
19262
19250
19237
19237
19237
19225
19212
19200
19162
19137
19125
19087
19050
19037
19000
18987
18975
18962
18925
18912
18875
18862
18850
18837
18825
18812
18775
18775
18775
18750
18712
18712
18675
18675
18662
18662
18650
18637
18625
18612
18600
18587
18600
18575
18575
18575
18550
18525
18512
18500
18487
18500
18487
18475
18487
18487
18462
18462
18450
18412
18387
18387
18362
18350
18312
18275
18237
18200
18175
18137
18125
18087
18075
18062
18050
18012
18012
17987
17962
17962
17987
17975
17987
18000
18012
18000
18012
18000
17987
17987
18012
18012
18037
18087
18125
18162
18237
18312
18387
18462
18537
18625
18725
18825
18925
19025
19100
19187
19275
19362
19437
19475
19512
19550
19587
19600
19612
19625
19612
19600
19612
19625
19612
19625
19612
19600
19612
19625
19637
19650
19637
19625
19612
19575
19562
19550
19537
19525
19512
19475
19437
19362
19312
19262
19212
19200
19175
19125
19075
19025
18950
18887
18850
18812
18800
18787
18800
18775
18775
18750
18750
18725
18737
18725
18712
18700
18687
18687
18662
18662
18662
18650
18612
18587
18525
18462
18412
18387
18362
18350
18337
18325
18287
18275
18262
18250
18225
18200
18175
18150
18112
18100
18112
18100
18087
18075
18062
18050
18025
18025
18025
18025
17987
17987
17962
17962
17937
17950
17937
17925
17912
17900
17887
17862
17862
17837
17837
17812
17800
17787
17800
17787
17775
17787
17775
17762
17750
17762
17750
17762
17750
17737
17725
17712
17700
17687
17675
17675
17662
17650
17637
17650
17625
17625
17587
17575
17562
17550
17512
17512
17487
17437
17425
17412
17400
17387
17400
17387
17400
17375
17375
17350
17350
17325
17312
17300
17287
17275
17262
17300
17312
17362
17412
17500
17550
17637
17725
17812
17887
17962
18050
18112
18187
18262
18337
18412
18500
18575
18637
18700
18750
18787
18800
18837
18875
18887
18900
18912
18925
18912
18925
18912
18937
18925
18912
18900
18887
18862
18850
18837
18825
18812
18800
18787
18800
18787
18775
18762
18750
18712
18675
18662
18637
18600
18562
18512
18462
18400
18337
18300
18275
18225
18187
18150
18100
18062
18025
18012
18000
18025
18012
18025
18012
18000
17975
17962
17950
17937
17925
17912
17900
17862
17850
17825
17800
17775
17775
17750
17762
17750
17737
17725
17712
17700
17687
17712
17712
17712
17712
17712
17700
17712
17725
17737
17775
17787
17812
17812
17825
17812
17825
17800
17825
17812
17825
17812
17825
17837
17850
17837
17850
17837
17800
17787
17775
17737
17725
17712
17700
17687
17700
17687
17700
17675
17675
17650
17625
17612
17600
17587
17575
17562
17550
17537
17525
17512
17525
17512
17500
17487
17475
17462
17450
17462
17450
17462
17475
17487
17500
17512
17525
17537
17575
17600
17662
17737
17812
17887
17975
18062
18125
18200
18287
18362
18437
18512
18587
18637
18700
18762
18825
18887
18962
19000
19037
19050
19062
19062
19075
19087
19087
19087
19087
19112
19112
19150
19162
19175
19162
19187
19187
19187
19162
19162
19125
19087
19050
19012
18950
18875
18800
18725
18650
18587
18550
18512
18500
18487
18500
18487
18500
18487
18475
18462
18475
18450
18462
18475
18462
18450
18450
18412
18400
18387
18350
18312
18300
18262
18225
18212
18225
18212
18200
18212
18200
18200
18175
18175
18150
18125
18112
18112
18087
18087
18087
18050
18037
18025
18037
18025
18037
18025
18012
17975
17962
17925
17912
17900
17862
17850
17862
17825
17825
17825
17825
17800
17800
17787
17775
17762
17775
17787
17800
17812
17825
17812
17825
17812
17825
17812
17800
17787
17762
17737
17712
17712
17687
17662
17637
17637
17612
17600
17600
17562
17525
17500
17437
17412
17387
17375
17362
17362
17350
17350
17337
17325
17337
17325
17337
17350
17362
17375
17412
17450
17450
17475
17462
17450
17437
17462
17487
17550
17587
17625
17650
17700
17750
17837
17925
18012
18087
18150
18225
18300
18375
18462
18550
18612
18687
18775
18850
18937
19025
19112
19175
19250
19312
19337
19375
19387
19375
19375
19387
19387
19387
19412
19425
19462
19475
19512
19525
19550
19550
19575
19600
19625
19637
19650
19662
19675
19687
19700
19712
19700
19662
19650
19612
19575
19537
19500
19437
19375
19312
19250
19187
19125
19075
19025
18975
18950
18937
18900
18837
18825
18787
18775
18787
18825
18837
18850
18862
18875
18887
18900
18912
18900
18887
18875
18837
18800
18787
18750
18700
18675
18650
18637
18612
18600
18562
18562
18537
18500
18487
18475
18450
18425
18412
18400
18387
18375
18350
18312
18287
18287
18262
18250
18275
18262
18250
18237
18250
18237
18212
18200
18212
18200
18187
18212
18200
18200
18187
18200
18187
18175
18175
18162
18150
18137
18125
18100
18087
18087
18075
18087
18075
18062
18050
18025
18012
18025
18025
17987
17975
17950
17937
17937
17962
18012
18037
18025
18012
17962
17912
17862
17875
17862
17887
17912
17975
17962
17950
17937
17925
17875
17862
17875
17887
17900
17912
17887
17900
17887
17875
17862
17862
17850
17837
17825
17812
17825
17837
17850
17862
17900
17937
17975
18037
18100
18162
18250
18337
18425
18525
18600
18675
18750
18825
18900
18975
19050
19125
19187
19225
19262
19300
19312
19325
19362
19362
19362
19362
19362
19337
19325
19287
19275
19237
19212
19175
19137
19075
19037
18987
18937
18887
18837
18762
18687
18637
18587
18525
18437
18362
18262
18200
18150
18137
18150
18162
18175
18187
18200
18187
18175
18175
18187
18200
18212
18250
18237
18262
18287
18312
18337
18362
18375
18362
18375
18362
18400
18375
18375
18375
18375
18325
18337
18325
18287
18275
18262
18225
18212
18200
18175
18162
18150
18100
18087
18075
18037
18025
18050
18037
18025
18037
18025
17987
17975
17950
17925
17900
17900
17900
17900
17900
17900
17900
17875
17862
17850
17837
17800
17762
17750
17700
17650
17625
17600
17587
17575
17562
17550
17537
17525
17500
17475
17450
17462
17425
17400
17400
17375
17312
17300
17275
17250
17225
17200
17150
17137
17112
17100
17075
17075
17087
17075
17062
17062
17037
17000
16987
16975
16962
16975
16962
16975
17000
17050
17087
17162
17237
17300
17387
17450
17512
17575
17625
17662
17737
17825
17912
18000
18087
18150
18212
18275
18337
18400
18462
18500
18537
18550
18562
18575
18575
18575
18575
18575
18550
18562
18550
18537
18525
18512
18500
18487
18500
18475
18475
18450
18425
18375
18362
18312
18262
18212
18162
18100
18037
17962
17912
17862
17812
17762
17750
17712
17675
17662
17650
17650
17637
17650
17637
17650
17637
17650
17637
17650
17637
17650
17637
17650
17637
17650
17637
17625
17612
17587
17562
17537
17512
17487
17475
17462
17450
17475
17462
17437
17412
17412
17375
17350
17362
17350
17312
17300
17287
17250
17237
17225
17212
17200
17187
17175
17162
17137
17125
17112
17075
17062
17050
17050
17037
17050
17037
17050
17050
17062
17075
17087
17100
17087
17100
17087
17100
17112
17125
17112
17125
17112
17100
17087
17062
17050
17037
17025
17012
17037
17025
17012
17000
16987
16975
16962
16950
16937
16925
16887
16875
16862
16850
16837
16850
16837
16850
16837
16850
16837
16850
16837
16850
16837
16850
16837
16825
16825
16850
16875
16937
17000
17062
17112
17175
17237
17325
17412
17500
17575
17650
17725
17787
17850
17925
18000
18075
18137
18212
18275
18312
18350
18387
18425
18437
18475
18475
18475
18450
18450
18450
18450
18462
18475
18462
18450
18450
18437
18425
18437
18425
18412
18400
18387
18375
18362
18375
18362
18375
18362
18350
18312
18300
18262
18250
18237
18225
18187
18150
18125
18087
18037
18012
17975
17912
17850
17825
17775
17737
17725
17712
17700
17687
17712
17712
17712
17712
17712
17700
17687
17700
17687
17700
17687
17675
17662
17650
17650
17637
17625
17625
17625
17600
17600
17600
17587
17575
17587
17550
17550
17525
17525
17500
17525
17512
17500
17462
17462
17412
17387
17362
17337
17300
17287
17275
17262
17250
17237
17225
17212
17200
17212
17200
17212
17200
17212
17200
17187
17187
17187
17187
17187
17187
17175
17162
17137
17125
17112
17100
17087
17100
17087
17100
17087
17075
17062
17050
17012
17000
17012
17000
16987
17000
16987
16975
16962
16975
16962
16950
16937
16925
16912
16900
16887
16850
16837
16800
16787
16775
16762
16750
16725
16712
16687
16687
16662
16687
16675
16700
16725
16775
16812
16875
16937
17012
17075
17162
17250
17337
17425
17512
17600
17687
17775
17850
17937
18000
18062
18125
18175
18212
18250
18287
18325
18337
18350
18362
18375
18350
18362
18350
18362
18350
18350
18337
18325
18312
18300
18312
18300
18312
18300
18312
18300
18287
18275
18262
18225
18187
18150
18100
18037
18000
17950
17900
17850
17825
17775
17737
17700
17687
17650
17625
17625
17625
17625
17625
17650
17650
17662
17675
17687
17712
17700
17712
17687
17687
17650
17650
17637
17625
17612
17600
17587
17575
17562
17525
17512
17475
17462
17437
17437
17412
17412
17387
17375
17362
17350
17312
17300
17287
17275
17250
17225
17200
17175
17137
17125
17137
17112
17112
17112
17112
17087
17100
17087
17100
17087
17075
17075
17075
17050
17050
17050
17037
17050
17050
17050
17050
17050
17025
17037
17025
17037
17025
17037
17012
17025
17012
17025
17000
16987
16962
16937
16912
16900
16912
16900
16912
16900
16887
16875
16862
16850
16837
16850
16837
16825
16812
16800
16762
16750
16737
16700
16687
16675
16662
16650
16662
16637
16637
16637
16625
16625
16637
16650
16662
16675
16675
16675
16675
16650
16662
16675
16712
16750
16812
16887
16962
17037
17137
17250
17325
17400
17487
17537
17587
17675
17762
17837
17912
17975
18037
18100
18150
18212
18275
18312
18350
18387
18400
18412
18425
18412
18375
18375
18350
18350
18350
18387
18375
18362
18350
18337
18312
18300
18312
18300
18287
18275
18250
18225
18200
18175
18125
18100
18050
17987
17950
17912
17875
17837
17812
17762
17725
17662
17625
17625
17612
17625
17637
17625
17612
17600
17587
17600
17612
17625
17637
17650
17637
17650
17637
17650
17637
17650
17637
17625
17587
17575
17537
17500
17462
17462
17437
17412
17412
17412
17400
17375
17350
17325
17300
17275
17262
17237
17225
17212
17175
17162
17162
17137
17137
17137
17112
17112
17112
17100
17112
17125
17112
17100
17087
17075
17050
17050
17050
17050
17025
17037
17025
17037
17025
17037
17025
17037
17012
17025
17012
17000
16987
16975
16962
16950
16937
16925
16925
16912
16900
16887
16875
16862
16850
16837
16825
16812
16800
16762
16725
16725
16700
16700
16700
16725
16712
16725
16712
16700
16687
16700
16712
16725
16762
16812
16862
16925
17012
17087
17162
17237
17312
17387
17475
17562
17662
17750
17850
17937
18012
18087
18150
18212
18250
18287
18325
18337
18350
18387
18400
18412
18425
18437
18425
18437
18425
18437
18425
18437
18425
18412
18400
18387
18375
18362
18375
18362
18350
18337
18325
18287
18250
18212
18150
18100
18037
17975
17912
17875
17837
17800
17762
17750
17712
17675
17662
17650
17650
17650
17662
17650
17662
17650
17650
17625
17625
17625
17612
17600
17600
17575
17550
17525
17500
17475
17450
17425
17400
17387
17375
17362
17325
17325
17287
17250
17212
17200
17162
17162
17150
17137
17125
17112
17075
17062
17050
17037
17025
17050
17025
17025
17000
17000
16962
16975
16962
16975
16962
16975
16962
16975
16962
16975
16962
16975
16950
16962
16950
16962
16950
16950
16937
16950
16925
16925
16925
16925
16925
16925
16925
16950
16937
16900
16900
16875
16850
16837
16862
16850
16837
16825
16812
16787
16775
16762
16750
16725
16700
16675
16675
16650
16637
16625
16612
16612
16600
16612
16600
16612
16600
16612
16612
16662
16712
16787
16887
16987
17087
17187
17300
17387
17475
17550
17637
17712
17787
17850
17925
17975
18037
18100
18137
18137
18175
18187
18212
18237
18287
18325
18362
18362
18387
18387
18362
18337
18325
18312
18300
18287
18287
18275
18275
18275
18300
18287
18287
18275
18262
18250
18237
18225
18212
18200
18175
18162
18150
18137
18112
18087
18037
17987
17912
17875
17825
17762
17725
17687
17625
17612
17600
17587
17575
17587
17575
17587
17575
17562
17550
17537
17525
17512
17525
17512
17525
17512
17500
17487
17475
17437
17425
17412
17400
17387
17400
17387
17375
17337
17325
17287
17250
17212
17200
17162
17137
17125
17112
17062
17050
17037
17025
17012
17012
17000
16987
16975
16987
16987
16987
16987
16962
16937
16950
16925
16925
16925
16925
16900
16912
16900
16887
16875
16862
16850
16837
16850
16837
16850
16837
16850
16837
16825
16825
16825
16800
16800
16800
16787
16775
16762
16750
16737
16700
16700
16700
16675
16650
16650
16600
16587
16562
16562
16537
16550
16537
16550
16537
16550
16537
16550
16562
16587
16625
16687
16750
16812
16875
16937
17000
17062
17112
17200
17300
17400
17500
17587
17662
17725
17787
17850
17912
17975
18050
18087
18125
18162
18175
18175
18187
18200
18187
18200
18212
18225
18187
18187
18187
18175
18175
18187
18175
18162
18150
18112
18100
18087
18050
18012
17975
17912
17850
17787
17725
17662
17600
17575
17537
17500
17487
17462
17412
17387
17362
17337
17350
17362
17375
17387
17400
17387
17400
17387
17400
17387
17400
17375
17375
17350
17350
17325
17312
17300
17287
17275
17262
17237
17212
17187
17162
17150
17125
17112
17100
17087
17075
17075
17062
17050
17012
17000
16987
16975
16962
16975
16962
16950
16937
16925
16887
16875
16862
16850
16837
16812
16800
16787
16750
16737
16737
16725
16700
16700
16675
16675
16650
16637
16625
16612
16612
16600
16612
16600
16612
16587
16587
16562
16562
16525
16537
16525
16537
16525
16525
16512
16500
16487
16475
16512
16500
16487
16475
16500
16450
16450
16450
16425
16362
16362
16337
16312
16312
16312
16300
16287
16300
16287
16275
16262
16250
16237
16250
16262
16287
16300
16325
16350
16400
16450
16525
16600
16675
16750
16812
16887
16962
17037
17137
17250
17350
17450
17537
17600
17662
17725
17787
17850
17887
17925
17937
17950
17937
17950
17937
17950
17937
17925
17912
17900
17912
17912
17912
17912
17912
17887
17875
17862
17862
17862
17862
17862
17862
17825
17812
17775
17737
17700
17687
17650
17625
17587
17550
17475
17437
17400
17362
17325
17300
17237
17200
17162
17162
17150
17162
17162
17162
17162
17162
17162
17150
17162
17150
17162
17150
17137
17125
17112
17075
17062
17050
17012
17000
16987
16950
16912
16875
16837
16800
16787
16762
16762
16737
16737
16712
16700
16687
16675
16662
16650
16662
16650
16637
16600
16600
16587
16587
16587
16612
16600
16612
16600
16575
16562
16550
16537
16525
16550
16537
16525
16512
16500
16487
16475
16487
16475
16487
16475
16487
16450
16450
16450
16450
16450
16475
16462
16450
16437
16425
16412
16425
16400
16400
16375
16375
16350
16337
16325
16312
16300
16287
16275
16262
16250
16237
16225
16237
16212
16225
16212
16225
16212
16237
16225
16237
16225
16237
16225
16200
16200
16200
16200
16225
16287
16325
16387
16450
16512
16587
16662
16750
16837
16912
17000
17087
17175
17262
17350
17425
17487
17550
17600
17675
17725
17775
17825
17875
17887
17925
17937
17950
17937
17950
17937
17950
17937
17950
17925
17925
17900
17900
17875
17887
17875
17862
17850
17837
17825
17812
17800
17762
17725
17662
17600
17550
17487
17425
17362
17300
17287
17250
17212
17200
17187
17162
17150
17162
17150
17162
17150
17162
17150
17137
17125
17112
17100
17087
17100
17087
17075
17062
17050
17012
17012
17012
16987
16962
16962
16925
16887
16875
16862
16875
16862
16850
16812
16812
16762
16737
16712
16712
16700
16687
16675
16687
16675
16662
16650
16637
16600
16587
16562
16550
16537
16550
16537
16550
16537
16562
16562
16562
16537
16537
16525
16512
16525
16525
16525
16500
16512
16500
16525
16525
16525
16512
16487
16462
16462
16462
16462
16475
16487
16475
16487
16475
16462
16450
16437
16425
16412
16425
16400
16400
16375
16375
16350
16337
16325
16300
16275
16250
16250
16250
16262
16275
16287
16300
16287
16275
16262
16275
16262
16250
16262
16275
16250
16275
16325
16350
16375
16437
16475
16512
16587
16662
16737
16812
16875
16950
17025
17087
17175
17262
17350
17437
17525
17575
17625
17675
17725
17775
17825
17875
17900
17937
17950
18000
18000
18025
18037
18050
18012
18012
18012
17987
17962
17975
17987
17975
17962
17975
17962
17925
17925
17925
17925
17925
17950
17937
17950
17925
17900
17850
17800
17725
17662
17625
17587
17537
17487
17437
17362
17300
17262
17225
17187
17175
17162
17162
17150
17162
17150
17162
17150
17137
17125
17112
17075
17037
17025
17012
17000
16987
16975
16937
16900
16862
16850
16825
16825
16800
16775
16750
16737
16700
16687
16675
16662
16650
16637
16625
16612
16587
16575
16562
16550
16537
16550
16537
16550
16537
16525
16512
16525
16500
16512
16525
16537
16525
16550
16537
16550
16537
16550
16537
16525
16512
16500
16462
16425
16425
16400
16362
16350
16362
16337
16337
16337
16312
16287
16262
16212
16200
16187
16175
16162
16175
16162
16175
16187
16225
16225
16250
16275
16300
16300
16362
16425
16487
16525
16600
16675
16750
16825
16937
17025
17087
17162
17250
17325
17400
17475
17550
17612
17687
17737
17787
17812
17837
17862
17887
17912
17925
17925
17900
17900
17875
17887
17875
17912
17900
17887
17875
17862
17800
17787
17775
17762
17737
17712
17687
17662
17625
17575
17525
17450
17375
17300
17237
17200
17162
17162
17150
17162
17150
17162
17150
17162
17150
17137
17125
17112
17100
17087
17100
17087
17075
17037
17037
17012
16987
16987
16987
16975
16950
16950
16925
16925
16900
16887
16875
16862
16825
16812
16800
16812
16800
16812
16800
16787
16762
16750
16712
16700
16687
16662
16650
16662
16650
16637
16625
16612
16612
16600
16612
16600
16587
16575
16562
16550
16537
16525
16525
16525
16525
16525
16550
16537
16525
16512
16500
16487
16475
16462
16450
16437
16425
16412
16400
16400
16400
16400
16400
16400
16387
16375
16362
16375
16375
16375
16375
16375
16350
16362
16350
16362
16350
16337
16325
16312
16300
16287
16300
16287
16300
16287
16312
16287
16287
16262
16262
16225
16237
16225
16237
16250
16262
16275
16312
16350
16387
16462
16550
16650
16750
16850
16937
17037
17137
17250
17362
17462
17537
17600
17662
17725
17787
17825
17862
17900
17912
17925
17937
17950
17937
17950
17937
17950
17925
17925
17925
17925
17925
17937
17925
17912
17925
17912
17900
17912
17887
17875
17850
17850
17825
17812
17750
17725
17675
17625
17587
17525
17487
17437
17387
17375
17375
17325
17312
17300
17250
17237
17250
17225
17225
17250
17250
17225
17237
17225
17187
17175
17162
17162
17150
17137
17125
17137
17100
17087
17075
17062
17025
17012
17000
16987
16950
16937
16925
16887
16875
16862
16850
16837
16862
16850
16837
16825
16812
16762
16750
16737
16700
16687
16675
16662
16650
16662
16650
16662
16650
16662
16650
16637
16625
16637
16625
16612
16625
16600
16587
16587
16587
16562
16575
16562
16550
16537
16525
16512
16525
16512
16500
16512
16487
16475
16462
16475
16462
16487
16500
16512
16500
16512
16500
16462
16450
16437
16425
16412
16425
16412
16425
16412
16425
16412
16400
16350
16337
16300
16262
16262
16275
16250
16262
16262
16250
16237
16250
16225
16212
16200
16187
16175
16162
16175
16187
16200
16212
16250
16262
16275
16312
16350
16387
16450
16512
16562
16637
16725
16812
16875
16975
17050
17137
17237
17362
17450
17537
17600
17662
17725
17787
17825
17862
17900
17912
17925
17937
17950
17975
17987
17975
18000
18000
17962
17962
17962
17950
17937
17950
17925
17937
17925
17937
17925
17925
17912
17900
17887
17875
17862
17850
17837
17800
17787
17762
17712
17637
17587
17525
17462
17387
17362
17312
17262
17237
17225
17212
17200
17212
17200
17187
17175
17187
17200
17212
17225
17212
17200
17162
17162
17150
17162
17150
17137
17125
17112
17075
17062
17050
17037
17012
17012
16987
16962
16912
16900
16862
16825
16775
16750
16725
16700
16675
16687
16675
16662
16650
16637
16625
16612
16612
16600
16612
16600
16612
16600
16587
16575
16562
16550
16537
16550
16537
16525
16512
16525
16512
16525
16537
16525
16512
16500
16487
16475
16462
16450
16462
16450
16437
16450
16425
16412
16400
16412
16400
16400
16362
16350
16312
16275
16262
16237
16212
16212
16212
16187
16200
16187
16175
16162
16150
16137
16125
16112
16125
16125
16125
16125
16125
16125
16137
16150
16162
16150
16150
16175
16200
16250
16325
16400
16475
16537
16612
16687
16762
16837
16925
17012
17087
17175
17275
17362
17462
17550
17637
17712
17762
17800
17812
17825
17812
17825
17812
17825
17812
17825
17812
17825
17812
17825
17812
17825
17812
17800
17787
17775
17737
17700
17662
17600
17550
17512
17462
17412
17362
17287
17225
17175
17125
17112
17137
17125
17112
17125
17137
17125
17112
17125
17112
17100
17087
17075
17062
17050
17037
17025
17037
17025
17012
17000
16975
16950
16925
16900
16875
16862
16812
16787
16787
16762
16737
16725
16712
16675
16637
16625
16612
16612
16600
16612
16600
16587
16575
16562
16550
16537
16525
16512
16487
16475
16462
16475
16487
16500
16475
16475
16450
16425
16412
16425
16412
16425
16412
16400
16400
16400
16400
16400
16400
16387
16375
16362
16350
16362
16350
16337
16300
16300
16275
16275
16275
16300
16287
16275
16262
16250
16237
16225
16212
16200
16175
16150
16112
16112
16087
16100
16087
16112
16100
16112
16125
16137
16125
16137
16125
16112
16125
16137
16150
16187
16225
16262
16325
16387
16450
16512
16562
16625
16687
16750
16837
16937
17025
17125
17225
17312
17387
17462
17537
17600
17637
17675
17712
17750
17762
17800
17812
17800
17787
17800
17787
17775
17787
17762
17750
17737
17750
17737
17737
17725
17712
17700
17687
17700
17687
17675
17662
17650
17625
17612
17600
17562
17525
17512
17475
17437
17400
17362
17300
17225
17150
17100
17062
17037
17025
17037
17025
17037
17062
17075
17062
17075
17062
17037
17025
17000
17000
17000
17000
17000
17012
16975
16937
16900
16862
16850
16825
16825
16800
16775
16750
16737
16700
16687
16700
16675
16650
16650
16625
16587
16575
16562
16550
16537
16525
16512
16500
16487
16475
16487
16475
16500
16487
16475
16462
16450
16425
16412
16400
16387
16375
16362
16350
16337
16325
16337
16325
16312
16325
16312
16300
16287
16300
16287
16300
16287
16312
16300
16325
16312
16300
16275
16287
16250
16250
16250
16250
16225
16212
16200
16187
16150
16137
16125
16112
16100
16112
16100
16087
16075
16062
16062
16050
16062
16050
16037
16025
16012
16000
16012
16025
16012
16025
16012
16000
15987
16000
16012
16037
16075
16137
16200
16262
16325
16412
16487
16575
16675
16787
16875
16962
17050
17137
17212
17287
17337
17387
17437
17487
17537
17587
17625
17650
17662
17675
17687
17700
17687
17700
17687
17700
17687
17675
17662
17675
17662
17650
17662
17650
17625
17625
17625
17600
17575
17550
17487
17425
17362
17300
17237
17150
17100
17062
17012
16987
16975
16962
16950
16962
16937
16950
16950
16950
16950
16987
17000
17012
17025
17012
17000
16987
16950
16937
16925
16912
16900
16887
16850
16837
16800
16762
16762
16762
16737
16712
16712
16675
16662
16650
16637
16600
16562
16537
16500
16462
16462
16462
16437
16437
16437
16425
16412
16400
16387
16412
16387
16387
16387
16387
16350
16337
16325
16312
16300
16287
16275
16262
16250
16237
16225
16212
16200
16187
16150
16137
16125
16112
16100
16087
16075
16062
16062
16050
16062
16050
16037
16025
16012
15962
15962
15987
15987
15987
16025
16012
16000
15987
15975
15962
15950
15937
15925
15912
15900
15887
15875
15862
15875
15862
15875
15862
15850
15850
15875
15862
15875
15912
15937
15962
16037
16112
16187
16275
16350
16437
16512
16600
16700
16800
16900
16975
17062
17137
17225
17300
17375
17425
17475
17512
17525
17537
17550
17537
17525
17512
17525
17512
17525
17512
17525
17512
17525
17512
17525
17512
17537
17525
17512
17500
17487
17437
17400
17387
17350
17312
17300
17275
17225
17175
17125
17062
17000
16925
16887
16850
16812
16800
16800
16787
16800
16812
16800
16812
16800
16762
16750
16737
16725
16712
16687
16662
16662
16637
16612
16600
16587
16562
16525
16512
16500
16462
16450
16437
16400
16387
16375
16362
16337
16312
16287
16262
16237
16225
16212
16200
16187
16175
16162
16187
16187
16187
16162
16162
16125
16112
16100
16112
16100
16125
16112
16125
16112
16100
16075
16062
16062
16050
16037
16000
15987
15950
15937
15925
15912
15875
15862
15825
15812
15800
15787
15775
15762
15725
15712
15700
15687
15675
15637
15625
15612
15600
15587
15600
15587
15575
15575
15562
15550
15537
15550
15537
15525
15550
15550
15562
15562
15587
15575
15587
15575
15587
15600
15637
15675
15712
15750
15800
15862
15925
16000
16112
16225
16325
16437
16512
16600
16675
16750
16812
16900
16950
17000
17062
17100
17112
17150
17187
17187
17212
17225
17237
17262
17287
17287
17287
17287
17250
17237
17225
17212
17200
17212
17200
17212
17200
17187
17175
17162
17137
17100
17087
17050
17012
16975
16937
16875
16812
16750
16687
16625
16587
16562
16550
16537
16550
16537
16550
16562
16575
16587
16600
16612
16600
16587
16575
16562
16550
16537
16525
16512
16487
16462
16462
16462
16437
16425
16412
16375
16337
16275
16250
16200
16150
16125
16125
16087
16075
16087
16062
16062
16062
16062
16037
16012
15987
15962
15937
15925
15912
15900
15912
15887
15887
15887
15900
15875
15862
15850
15837
15812
15800
15812
15800
15812
15800
15787
15775
15762
15750
15737
15750
15737
15750
15737
15750
15725
15737
15725
15737
15700
15712
15712
15712
15725
15750
15737
15725
15712
15687
15675
15687
15675
15687
15675
15687
15675
15687
15675
15687
15675
15687
15675
15662
15650
15662
15650
15662
15675
15687
15675
15687
15700
15712
15725
15762
15800
15837
15900
15962
16012
16100
16162
16225
16300
16375
16425
16500
16562
16637
16712
16787
16862
16962
17025
17087
17137
17200
17237
17262
17287
17312
17312
17287
17300
17287
17275
17262
17275
17262
17275
17262
17275
17250
17250
17250
17250
17225
17237
17225
17225
17225
17225
17200
17175
17112
17062
17000
16937
16875
16837
16787
16737
16712
16675
16637
16600
16587
16562
16562
16562
16575
16587
16600
16612
16600
16612
16600
16612
16587
16587
16562
16537
16512
16525
16512
16500
16512
16500
16462
16425
16412
16375
16362
16350
16337
16325
16312
16275
16262
16250
16212
16212
16212
16187
16162
16162
16125
16112
16100
16112
16100
16087
16075
16062
16062
16050
16062
16050
16062
16037
16037
16012
15987
15962
15975
15962
15975
15987
16012
15987
15987
15962
15962
15962
15962
15962
15962
15962
15925
15937
15925
15912
15900
15887
15887
15887
15887
15887
15887
15875
15862
15875
15887
15887
15862
15862
15825
15800
15787
15800
15787
15812
15800
15812
15800
15787
15775
15762
15762
15762
15762
15762
15762
15750
15737
15725
15712
15687
15675
15662
15650
15637
15637
15600
15587
15575
15575
15562
15575
15562
15575
15562
15575
15562
15575
15562
15550
15537
15550
15550
15587
15625
15662
15712
15737
15775
15850
15925
15975
16062
16137
16212
16287
16362
16450
16525
16612
16700
16787
16837
16900
16950
16962
16987
17037
17050
17062
17112
17125
17137
17162
17175
17162
17175
17187
17175
17162
17175
17162
17162
17150
17162
17150
17162
17150
17137
17125
17112
17075
17037
17000
16937
16875
16812
16750
16675
16625
16600
16587
16587
16600
16612
16600
16612
16587
16600
16600
16612
16625
16650
16662
16650
16637
16625
16612
16587
16575
16562
16550
16537
16562
16550
16537
16525
16512
16462
16425
16412
16375
16337
16325
16312
16275
16262
16250
16237
16225
16212
16200
16187
16175
16187
16187
16187
16187
16162
16137
16125
16112
16100
16112
16100
16112
16100
16087
16075
16062
16062
16050
16062
16050
16062
16050
16037
16025
16012
16000
15987
15975
15937
15937
15912
15887
15887
15887
15875
15862
15875
15862
15850
15850
15850
15825
15800
15800
15762
15725
15687
15675
15662
15650
15637
15650
15637
15625
15612
15637
15625
15612
15600
15587
15575
15562
15575
15562
15575
15562
15575
15575
15600
15600
15625
15637
15700
15737
15800
15862
15925
15962
16037
16112
16187
16275
16350
16437
16512
16600
16687
16775
16862
16925
16987
17037
17087
17100
17137
17150
17162
17150
17162
17150
17162
17150
17162
17150
17162
17150
17162
17150
17162
17150
17162
17150
17162
17137
17137
17112
17112
17087
17100
17075
17075
17050
17025
16975
16937
16875
16800
16750
16700
16650
16600
16562
16537
16500
16487
16475
16487
16475
16487
16475
16487
16475
16487
16475
16462
16462
16462
16437
16437
16437
16400
16362
16325
16262
16225
16175
16150
16125
16100
16050
16037
16012
15975
15962
15950
15912
15900
15887
15850
15837
15850
15837
15850
15862
15875
15862
15850
15837
15825
15812
15800
15787
15775
15762
15750
15737
15750
15737
15750
15737
15725
15712
15687
15675
15662
15675
15662
15687
15675
15662
15650
15637
15625
15612
15625
15612
15625
15612
15600
15587
15575
15575
15562
15550
15537
15550
15525
15525
15525
15525
15487
15487
15462
15487
15475
15475
15475
15500
15475
15462
15475
15462
15450
15437
15450
15437
15450
15462
15462
15462
15462
15462
15437
15425
15387
15375
15337
15337
15362
15412
15462
15550
15637
15737
15837
15937
16012
16112
16212
16312
16412
16500
16562
16637
16725
16812
16900
16987
17037
17075
17087
17100
17087
17100
17087
17100
17087
17075
17062
17050
17037
17025
17037
17025
17012
17000
16987
16950
16937
16912
16862
16800
16762
16700
16650
16625
16600
16587
16537
16487
16412
16375
16312
16300
16287
16300
16287
16275
16225
16212
16175
16137
16125
16112
16062
16012
15987
15950
15900
15875
15875
15850
15825
15837
15825
15812
15800
15812
15800
15812
15787
15787
15762
15762
15737
15750
15737
15725
15712
15700
15687
15675
15687
15675
15687
15675
15687
15675
15687
15662
15662
15662
15662
15662
15675
15687
15662
15662
15637
15637
15612
15600
15587
15562
15550
15525
15537
15512
15500
15487
15462
15437
15425
15412
15400
15400
15362
15350
15337
15325
15312
15300
15300
15300
15275
15275
15275
15237
15225
15212
15200
15187
15175
15162
15150
15137
15125
15137
15150
15187
15200
15250
15300
15350
15412
15500
15600
15700
15800
15900
15975
16050
16137
16225
16300
16375
16450
16512
16562
16600
16637
16650
16662
16675
16725
16737
16775
16787
16800
16762
16762
16762
16762
16737
16750
16762
16750
16762
16775
16787
16775
16787
16775
16762
16750
16737
16700
16687
16675
16637
16600
16587
16562
16525
16525
16500
16450
16387
16350
16275
16225
16175
16162
16150
16137
16150
16162
16175
16150
16150
16125
16125
16100
16075
16062
16050
16025
15987
16000
15962
15925
15887
15850
15800
15762
15725
15712
15687
15662
15637
15637
15600
15600
15575
15550
15550
15550
15550
15550
15550
15500
15475
15450
15425
15400
15412
15400
15387
15375
15387
15375
15387
15362
15362
15362
15362
15337
15325
15312
15275
15262
15250
15262
15250
15262
15250
15237
15225
15212
15175
15162
15175
15162
15150
15162
15137
15112
15087
15087
15062
15075
15062
15050
15037
15025
15025
15012
15000
14987
14975
14962
14950
14937
14925
14912
14900
14887
14900
14887
14900
14887
14900
14887
14900
14912
14912
14912
14912
14912
14912
14950
15000
15087
15150
15225
15287
15350
15400
15475
15525
15587
15650
15725
15800
15875
15950
16025
16100
16175
16250
16325
16387
16450
16487
16525
16537
16550
16562
16587
16600
16637
16650
16662
16650
16662
16650
16662
16650
16662
16687
16700
16725
16737
16725
16712
16700
16650
16612
16575
16512
16475
16437
16400
16350
16325
16275
16225
16200
16187
16150
16150
16112
16087
16062
16062
16050
16075
16062
16087
16087
16087
16087
16112
16100
16112
16100
16087
16075
16062
16062
16037
16037
16012
15987
15975
15975
15950
15950
15950
15900
15875
15850
15825
15800
15812
15800
15787
15775
15762
15750
15737
15725
15712
15700
15662
15650
15625
15600
15562
15550
15550
15550
15550
15562
15550
15512
15500
15462
15450
15437
15450
15437
15450
15437
15450
15437
15450
15437
15450
15437
15425
15412
15425
15412
15400
15412
15400
15362
15350
15337
15325
15312
15300
15287
15275
15237
15200
15187
15175
15162
15175
15175
15175
15150
15150
15125
15112
15100
15087
15050
15037
15025
15025
15000
15012
15000
15012
15000
15025
15012
15025
15012
15000
14987
14975
14962
14975
15000
15037
15100
15175
15250
15325
15400
15475
15525
15587
15650
15712
15775
15850
15925
15987
16062
16137
16212
16287
16362
16437
16487
16525
16562
16575
16587
16600
16612
16612
16612
16612
16612
16612
16600
16612
16600
16612
16600
16612
16600
16587
16575
16562
16525
16487
16475
16437
16425
16387
16350
16287
16225
16137
16075
16037
16000
15975
15950
15950
15925
15937
15912
15912
15912
15912
15912
15925
15937
15925
15912
15900
15887
15875
15862
15850
15812
15800
15762
15725
15725
15725
15700
15675
15675
15637
15600
15587
15575
15575
15562
15550
15512
15500
15462
15450
15437
15450
15437
15450
15437
15425
15412
15425
15412
15400
15412
15400
15387
15375
15362
15350
15337
15325
15312
15350
15350
15350
15325
15325
15275
15262
15250
15262
15250
15262
15250
15262
15250
15262
15250
15262
15250
15237
15237
15237
15237
15237
15262
15250
15262
15275
15287
15300
15300
15312
15300
15312
15300
15325
15312
15325
15312
15325
15337
15375
15412
15475
15525
15600
15675
15750
15825
15900
15962
16025
16100
16175
16250
16325
16387
16462
16525
16612
16675
16737
16800
16837
16862
16912
16937
16950
16987
17000
17012
17025
17037
17025
17037
17012
17025
17012
17025
17012
17037
17025
17037
17025
17037
17025
17037
17025
17037
17012
17012
16987
16962
16912
16875
16812
16775
16737
16700
16687
16675
16637
16625
16612
16612
16587
16587
16587
16587
16587
16575
16587
16575
16562
16525
16537
16500
16487
16475
16462
16450
16437
16425
16412
16400
16387
16375
16337
16300
16287
16250
16212
16212
16212
16187
16187
16187
16150
16137
16125
16112
16100
16112
16100
16087
16075
16087
16062
16062
16062
16037
16037
16037
16037
16037
16037
16025
16012
16000
15975
15975
15950
15925
15900
15912
15900
15887
15900
15887
15875
15850
15850
15850
15825
15800
15812
15800
15762
15775
15762
15750
15737
15750
15737
15750
15737
15750
15737
15725
15712
15700
15687
15662
15662
15637
15600
15575
15562
15537
15525
15550
15537
15550
15550
15562
15550
15562
15550
15550
15537
15525
15512
15525
15550
15587
15650
15725
15800
15875
15950
16012
16075
16137
16212
16287
16362
16450
16525
16600
16675
16750
16787
16850
16887
16937
16987
17062
17100
17150
17187
17225
17237
17250
17287
17300
17312
17325
17337
17362
17375
17387
17400
17412
17387
17400
17387
17375
17362
17350
17300
17275
17250
17200
17150
17112
17050
16975
16900
16825
16750
16712
16675
16662
16650
16662
16650
16662
16650
16662
16650
16662
16650
16662
16637
16650
16637
16625
16625
16637
16612
16612
16612
16587
16550
16537
16500
16487
16462
16462
16437
16412
16387
16375
16337
16325
16312
16275
16262
16250
16237
16225
16237
16225
16212
16200
16187
16150
16112
16112
16087
16062
16025
16025
16000
15962
15950
15975
15962
15950
15975
15962
15950
15937
15950
15925
15937
15912
15912
15887
15862
15850
15850
15850
15850
15850
15837
15812
15787
15787
15775
15762
15787
15775
15762
15750
15737
15700
15700
15675
15687
15662
15675
15662
15650
15637
15637
15625
15612
15600
15587
15562
15562
15550
15562
15550
15550
15537
15550
15537
15525
15537
15525
15512
15525
15525
15525
15512
15500
15462
15462
15462
15500
15525
15587
15625
15675
15737
15800
15862
15950
16025
16100
16175
16262
16350
16437
16512
16625
16700
16775
16812
16862
16887
16950
16975
17025
17062
17100
17112
17150
17187
17200
17212
17225
17237
17250
17250
17250
17250
17250
17250
17250
17250
17225
17200
17175
17162
17137
17100
17062
17000
16937
16862
16787
16737
16675
16637
16612
16575
16550
16512
16475
16437
16437
16412
16425
16412
16425
16412
16425
16412
16400
16387
16400
16375
16350
16350
16325
16275
16262
16275
16262
16237
16237
16212
16187
16162
16150
16137
16112
16087
16062
16037
16025
16012
16000
15975
15950
15925
15900
15850
15812
15800
15762
15750
15762
15775
15762
15750
15750
15725
15700
15700
15700
15687
15675
15687
15675
15687
15675
15662
15650
15625
15600
15600
15600
15575
15600
15600
15575
15575
15562
15550
15550
15537
15525
15512
15500
15462
15462
15437
15425
15425
15425
15400
15400
15400
15362
15325
15312
15275
15262
15250
15262
15275
15275
15275
15275
15275
15250
15262
15250
15262
15250
15262
15275
15312
15350
15425
15487
15562
15650
15737
15812
15900
15987
16087
16187
16287
16375
16450
16512
16587
16637
16687
16750
16775
16812
16850
16887
16912
16925
16937
16975
16987
17000
17025
17050
17050
17075
17075
17100
17087
17100
17112
17112
17112
17112
17112
17087
17075
17037
17000
16937
16875
16812
16750
16687
16625
16562
16512
16450
16412
16400
16375
16375
16375
16375
16375
16375
16375
16375
16375
16350
16375
16375
16375
16375
16375
16362
16350
16362
16337
16337
16312
16287
16225
16200
16175
16150
16150
16162
16150
16150
16137
16125
16112
16137
16100
16075
16050
16025
15975
15937
15925
15887
15850
15837
15825
15812
15800
15825
15812
15800
15787
15775
15725
15712
15700
15687
15675
15687
15675
15687
15675
15662
15650
15637
15625
15612
15625
15612
15600
15587
15575
15575
15562
15550
15537
15525
15512
15500
15512
15475
15475
15450
15450
15425
15425
15412
15400
15362
15350
15337
15300
15287
15275
15262
15250
15237
15225
15212
15200
15187
15200
15187
15200
15187
15200
15187
15200
15187
15175
15162
15175
15187
15200
15237
15275
15312
15325
15387
15450
15525
15612
15750
15837
15925
15987
16062
16125
16237
16325
16400
16475
16537
16562
16625
16687
16750
16812
16825
16850
16875
16875
16875
16900
16887
16887
16887
16887
16912
16925
16925
16950
16950
16950
16962
16975
16962
16975
16962
16975
16962
16950
16937
16925
16887
16875
16850
16800
16725
16687
16625
16562
16537
16525
16475
16412
16387
16325
16287
16250
16225
16200
16187
16175
16162
16175
16162
16175
16187
16200
16212
16225
16237
16225
16237
16225
16237
16225
16212
16200
16187
16150
16150
16125
16100
16075
16050
15987
15975
15925
15900
15875
15862
15837
15825
15787
15750
15737
15700
15687
15675
15650
15637
15625
15612
15600
15625
15612
15625
15600
15600
15575
15575
15562
15550
15537
15525
15512
15500
15487
15475
15487
15475
15462
15487
15475
15462
15450
15462
15437
15425
15412
15400
15387
15375
15387
15375
15387
15375
15387
15375
15362
15350
15337
15325
15300
15300
15275
15275
15250
15262
15250
15262
15237
15237
15212
15212
15187
15175
15162
15150
15137
15125
15112
15100
15087
15075
15062
15075
15062
15050
15037
15050
15037
15050
15062
15075
15062
15075
15087
15125
15162
15225
15287
15350
15412
15475
15537
15612
15700
15787
15875
15950
16037
16125
16212
16300
16375
16450
16512
16562
16625
16662
16712
16775
16787
16800
16837
16862
16850
16887
16900
16912
16900
16912
16925
16937
16962
16975
16962
16950
16937
16887
16875
16862
16825
16787
16750
16687
16650
16600
16562
16512
16462
16387
16325
16262
16200
16162
16125
16112
16087
16087
16062
16062
16075
16087
16100
16112
16100
16087
16087
16062
16062
16062
16037
16025
16012
15975
15962
15950
15937
15912
15912
15887
15887
15850
15850
15825
15800
15775
15762
15725
15712
15700
15662
15650
15637
15625
15600
15600
15562
15550
15550
15550
15525
15537
15525
15512
15500
15512
15487
15487
15487
15475
15462
15462
15462
15437
15450
15437
15450
15437
15450
15437
15450
15437
15425
15412
15400
15387
15375
15362
15350
15337
15325
15312
15325
15312
15300
15287
15275
15225
15212
15225
15212
15225
15250
15225
15212
15200
15187
15175
15200
15187
15175
15162
15150
15137
15125
15137
15112
15112
15087
15087
15062
15075
15062
15050
15037
15050
15037
15050
15062
15050
15037
15050
15037
15050
15087
15087
15112
15175
15237
15300
15412
15512
15600
15687
15787
15875
15950
16037
16125
16200
16275
16350
16425
16500
16562
16625
16687
16712
16750
16787
16800
16812
16837
16850
16837
16850
16862
16875
16887
16900
16887
16887
16887
16900
16900
16925
16912
16925
16900
16912
16887
16887
16862
16837
16812
16800
16750
16725
16700
16650
16600
16562
16512
16450
16387
16325
16287
16237
16212
16187
16187
16187
16200
16187
16200
16187
16175
16162
16175
16162
16150
16137
16125
16087
16075
16062
16037
16025
16012
15975
15937
15925
15887
15850
15837
15825
15825
15812
15800
15762
15750
15700
15687
15675
15687
15675
15650
15625
15600
15550
15550
15537
15500
15462
15450
15400
15387
15375
15387
15375
15387
15375
15362
15350
15337
15325
15312
15325
15300
15300
15300
15287
15275
15275
15275
15250
15237
15200
15187
15150
15112
15100
15087
15075
15062
15050
15037
15025
15025
15000
15000
14975
14975
14950
14962
14950
14962
14950
14962
14950
14962
14950
14975
14975
15000
15012
15062
15100
15175
15262
15350
15437
15525
15625
15712
15800
15900
16000
16112
16200
16287
16350
16412
16450
16512
16550
16587
16612
16650
16662
16700
16712
16725
16712
16725
16737
16750
16737
16750
16737
16725
16712
16725
16737
16750
16775
16800
16800
16800
16800
16787
16775
16762
16762
16762
16762
16762
16762
16750
16737
16700
16662
16650
16612
16587
16550
16512
16450
16387
16325
16262
16200
16137
16100
16062
16037
16025
16037
16037
16050
16062
16075
16062
16062
16062
16075
16062
16075
16050
16050
16037
16050
16037
16062
16050
16037
16025
16012
15975
15962
15950
15912
15900
15887
15875
15862
15850
15812
15800
15750
15725
15700
15675
15650
15637
15600
15550
15537
15512
15475
15487
15500
15475
15475
15475
15450
15437
15450
15437
15425
15412
15400
15400
15387
15400
15387
15400
15375
15387
15375
15362
15350
15325
15312
15300
15312
15287
15312
15300
15312
15300
15300
15287
15275
15225
15212
15225
15212
15225
15250
15237
15225
15212
15200
15175
15175
15150
15150
15125
15137
15112
15112
15087
15087
15062
15050
15037
15012
15012
15000
14987
14975
14975
14962
14950
14962
14950
14962
14950
14937
14925
14912
14900
14887
14900
14887
14900
14887
14900
14887
14900
14887
14900
14912
14950
14975
15037
15100
15162
15225
15287
15350
15425
15500
15587
15687
15787
15887
15962
16062
16125
16200
16262
16325
16375
16450
16487
16537
16562
16587
16600
16625
16637
16650
16662
16650
16662
16675
16687
16712
16737
16762
16762
16762
16750
16725
16700
16675
16675
16650
16637
16600
16562
16512
16450
16387
16325
16262
16200
16137
16075
16012
15987
15950
15912
15900
15875
15875
15875
15875
15875
15887
15875
15850
15862
15850
15837
15825
15825
15812
15800
15812
15787
15787
15762
15775
15750
15737
15700
15662
15612
15575
15575
15550
15550
15525
15500
15475
15462
15462
15437
15437
15400
15400
15362
15375
15387
15437
15450
15487
15525
15550
15562
15575
15612
15625
15637
15675
15712
15725
15737
15750
15737
15725
15712
15687
15662
15637
15612
15587
15575
15550
15512
15475
15437
15400
15362
15350
15337
15325
15312
15300
15300
15300
15275
15275
15262
15237
15200
15187
15150
15150
15125
15112
15100
15087
15087
15087
15087
15100
15112
15112
15137
15162
15200
15262
15325
15400
15487
15562
15637
15725
15800
15875
15950
16012
16075
16150
16225
16300
16375
16450
16512
16562
16600
16637
16675
16687
16700
16700
16700
16700
16700
16700
16712
16725
16712
16725
16712
16737
16725
16750
16750
16750
16712
16712
16675
16637
16625
16612
16587
16575
16550
16525
16500
16475
16425
16387
16325
16287
16250
16212
16175
16137
16075
16037
16000
15975
15975
15975
15975
15987
16000
15987
16012
16012
16012
15987
15987
15950
15912
15900
15887
15875
15862
15850
15812
15800
15762
15725
15725
15712
15675
15662
15650
15625
15600
15600
15575
15550
15537
15525
15512
15487
15487
15462
15437
15375
15362
15325
15312
15300
15325
15312
15325
15300
15300
15275
15275
15250
15262
15250
15237
15237
15237
15212
15212
15212
15200
15175
15187
15175
15187
15175
15200
15187
15200
15175
15175
15150
15150
15125
15137
15125
15112
15075
15087
15075
15050
15062
15075
15062
15050
15075
15037
15037
15012
15012
15000
15025
15000
15000
14975
14975
14950
14962
14950
14962
14950
14962
14975
14987
15000
15012
15025
15025
15062
15100
15162
15225
15312
15375
15450
15525
15612
15687
15787
15887
15962
16050
16125
16200
16275
16350
16400
16462
16487
16512
16537
16575
16575
16612
16612
16612
16612
16600
16600
16600
16575
16562
16550
16525
16500
16500
16500
16487
16437
16412
16362
16287
16237
16175
16125
16075
16012
15962
15925
15850
15800
15762
15725
15712
15725
15712
15725
15737
15725
15712
15725
15712
15725
15737
15725
15712
15687
15662
15637
15612
15587
15575
15575
15562
15550
15512
15500
15462
15425
15412
15400
15362
15362
15362
15337
15312
15312
15250
15237
15225
15212
15200
15212
15175
15162
15150
15112
15100
15087
15050
15037
15025
15025
15012
15025
15012
14987
14987
14987
14962
14962
14975
14962
14950
14962
14950
14962
14950
14937
14925
14912
14900
14887
14875
14862
14875
14850
14825
14825
14800
14750
14737
14750
14737
14725
14737
14725
14712
14700
14712
14700
14725
14725
14750
14750
14775
14762
14775
14762
14775
14787
14800
14825
14875
14925
15000
15075
15137
15200
15262
15312
15387
15462
15537
15612
15687
15762
15850
15925
15987
16062
16150
16200
16250
16262
16275
16275
16275
16275
16287
16300
16287
16300
16287
16275
16262
16250
16237
16225
16237
16225
16237
16212
16212
16187
16187
16150
16125
16075
16000
15937
15875
15812
15750
15712
15650
15612
15575
15550
15550
15550
15550
15550
15575
15562
15575
15562
15575
15562
15575
15562
15575
15562
15550
15537
15525
15487
15450
15437
15400
15400
15387
15375
15362
15350
15300
15287
15262
15237
15212
15187
15137
15125
15087
15050
15037
15025
15025
15000
15000
14975
14975
14937
14950
14962
14962
14925
14937
14912
14887
14875
14900
14887
14900
14887
14875
14862
14850
14837
14850
14862
14875
14887
14875
14862
14887
14862
14862
14862
14875
14850
14875
14875
14900
14887
14900
14887
14875
14862
14850
14837
14825
14812
14800
14787
14775
14762
14750
14737
14712
14687
14650
14637
14600
14600
14575
14600
14575
14575
14550
14550
14525
14537
14525
14537
14550
14550
14537
14537
14537
14525
14512
14512
14512
14512
14525
14550
14575
14625
14675
14725
14812
14887
14950
15025
15100
15175
15250
15325
15400
15475
15537
15612
15712
15812
15912
16000
16075
16125
16150
16175
16162
16175
16162
16175
16162
16150
16137
16125
16087
16087
16087
16087
16087
16112
16125
16112
16100
16087
16075
16050
16037
16025
16000
15950
15937
15912
15862
15812
15787
15725
15662
15600
15575
15525
15512
15500
15487
15475
15462
15450
15437
15450
15462
15475
15462
15475
15462
15450
15437
15425
15387
15350
15312
15300
15287
15275
15287
15262
15237
15212
15212
15187
15175
15137
15087
15037
15012
15000
14975
14962
14950
14912
14875
14862
14850
14837
14825
14837
14825
14812
14775
14775
14750
14750
14750
14775
14787
14800
14787
14800
14787
14775
14762
14775
14762
14787
14775
14787
14775
14787
14762
14775
14787
14787
14762
14762
14737
14712
14700
14687
14675
14662
14650
14637
14625
14612
14625
14612
14625
14637
14650
14625
14625
14600
14600
14575
14562
14550
14537
14537
14525
14537
14525
14537
14525
14512
14500
14487
14475
14462
14475
14462
14450
14450
14450
14450
14450
14487
14500
14550
14612
14700
14775
14850
14925
14987
15062
15137
15212
15287
15362
15437
15500
15575
15650
15712
15787
15862
15937
16000
16075
16112
16150
16162
16175
16162
16175
16162
16175
16162
16175
16162
16175
16162
16175
16162
16175
16162
16150
16137
16150
16137
16125
16112
16075
16012
15962
15900
15862
15825
15787
15750
15712
15625
15562
15500
15475
15437
15450
15437
15462
15462
15487
15487
15525
15500
15500
15475
15437
15412
15412
15387
15387
15387
15387
15375
15362
15325
15300
15250
15212
15200
15175
15150
15100
15075
15025
15000
14987
14975
14962
14950
14937
14900
14887
14850
14837
14825
14812
14800
14787
14750
14750
14750
14750
14750
14750
14750
14750
14725
14725
14725
14712
14700
14712
14700
14725
14712
14700
14687
14675
14650
14625
14625
14600
14562
14537
14550
14537
14525
14550
14537
14512
14500
14512
14500
14487
14475
14462
14462
14450
14437
14450
14437
14412
14400
14412
14400
14412
14400
14412
14400
14412
14387
14412
14412
14412
14437
14487
14525
14587
14675
14750
14825
14900
14975
15037
15125
15212
15300
15387
15487
15575
15662
15750
15825
15900
15962
16012
16075
16112
16150
16162
16175
16187
16200
16212
16225
16250
16250
16250
16250
16250
16237
16225
16237
16225
16237
16225
16237
16225
16237
16225
16237
16212
16212
16187
16187
16162
16175
16162
16150
16112
16075
16012
15962
15900
15837
15775
15737
15700
15662
15650
15625
15575
15550
15525
15512
15500
15512
15500
15487
15475
15462
15450
15437
15450
15437
15412
15387
15387
15362
15337
15350
15337
15300
15287
15275
15262
15250
15237
15200
15187
15150
15137
15125
15137
15125
15112
15100
15125
15087
15075
15062
15050
15012
15000
14987
14975
14937
14925
14900
14887
14875
14862
14850
14850
14837
14825
14837
14800
14800
14800
14800
14800
14825
14812
14800
14787
14775
14750
14750
14725
14725
14737
14762
14762
14762
14762
14725
14712
14700
14712
14700
14712
14700
14687
14675
14687
14675
14662
14675
14650
14600
14575
14550
14512
14500
14487
14450
14437
14425
14425
14412
14425
14412
14425
14400
14412
14387
14362
14350
14362
14350
14375
14400
14412
14425
14462
14487
14562
14637
14737
14837
14937
15050
15175
15275
15375
15462
15550
15625
15700
15775
15862
15912
15962
16012
16037
16037
16062
16075
16087
16125
16137
16150
16187
16187
16187
16187
16187
16162
16175
16162
16175
16200
16200
16200
16200
16175
16137
16125
16087
16075
16062
16037
16000
15962
15900
15837
15775
15712
15637
15562
15512
15475
15450
15437
15462
15450
15437
15425
15437
15400
15400
15437
15437
15412
15425
15437
15412
15400
15412
15400
15387
15375
15362
15325
15312
15262
15212
15200
15175
15125
15112
15100
15050
15037
15025
15025
15012
15000
14987
14962
14937
14912
14887
14862
14850
14837
14812
14812
14787
14750
14725
14737
14712
14712
14725
14700
14675
14662
14650
14637
14650
14637
14650
14637
14625
14612
14600
14587
14575
14562
14550
14562
14550
14562
14575
14587
14575
14587
14575
14562
14562
14587
14562
14537
14550
14525
14487
14462
14487
14450
14412
14400
14387
14362
14350
14362
14350
14362
14337
14325
14312
14300
14287
14300
14312
14300
14312
14300
14287
14275
14287
14300
14312
14325
14362
14400
14437
14525
14587
14650
14712
14775
14825
14900
14987
15087
15175
15262
15337
15412
15475
15525
15600
15675
15725
15787
15850
15875
15900
15950
15962
15975
16012
16025
16037
16050
16037
16037
16037
16037
16037
16037
16025
16012
16000
15987
16000
15987
15975
15962
15950
15912
15875
15837
15800
15762
15725
15675
15650
15600
15550
15550
15525
15500
15475
15450
15412
15400
15387
15375
15362
15350
15362
15350
15362
15375
15387
15400
15412
15400
15412
15400
15362
15362
15350
15337
15325
15300
15275
15262
15225
15187
15187
15125
15100
15100
15125
15112
15125
15100
15075
15025
15000
14987
14975
14937
14925
14912
14875
14837
14825
14787
14775
14762
14750
14750
14750
14750
14750
14737
14725
14712
14675
14637
14637
14625
14612
14625
14637
14625
14612
14600
14587
14575
14562
14550
14562
14550
14562
14575
14587
14600
14612
14600
14612
14587
14562
14562
14562
14537
14550
14537
14512
14500
14487
14475
14462
14437
14425
14412
14400
14387
14412
14400
14387
14375
14362
14350
14337
14325
14312
14325
14312
14325
14337
14350
14337
14350
14362
14375
14387
14425
14462
14487
14562
14637
14712
14787
14875
14962
15050
15150
15250
15325
15400
15475
15537
15612
15687
15762
15837
15900
15962
16000
16037
16050
16062
16062
16075
16087
16100
16112
16100
16112
16100
16112
16087
16087
16087
16087
16062
16075
16087
16075
16062
16075
16062
16037
16000
15987
15937
15887
15837
15787
15712
15650
15587
15550
15512
15487
15462
15462
15437
15450
15437
15425
15412
15425
15412
15425
15437
15450
15462
15475
15462
15487
15487
15462
15462
15462
15450
15437
15450
15437
15425
15412
15400
15387
15375
15362
15325
15287
15250
15212
15200
15175
15175
15150
15125
15100
15087
15075
15062
15075
15050
15050
15025
15025
15012
15000
14987
14975
14937
14900
14887
14875
14862
14875
14887
14875
14862
14850
14837
14850
14862
14837
14837
14812
14787
14762
14750
14737
14725
14712
14700
14712
14700
14712
14700
14712
14700
14687
14675
14662
14650
14637
14625
14625
14612
14612
14600
14587
14562
14550
14512
14500
14487
14475
14462
14475
14462
14475
14462
14450
14437
14425
14412
14400
14412
14400
14412
14400
14412
14425
14462
14487
14550
14625
14700
14787
14875
14950
15037
15137
15237
15337
15437
15537
15625
15712
15800
15887
15950
16012
16050
16100
16137
16175
16212
16225
16212
16200
16225
16212
16225
16237
16250
16225
16237
16225
16237
16225
16237
16225
16237
16225
16212
16175
16137
16075
16012
15962
15900
15837
15775
15712
15650
15625
15587
15550
15537
15525
15512
15500
15512
15500
15512
15500
15512
15500
15512
15500
15512
15500
15487
15475
15462
15450
15425
15400
15350
15337
15300
15275
15250
15250
15200
15175
15150
15150
15112
15112
15087
15087
15062
15075
15062
15050
15050
15037
15000
14962
14950
14900
14875
14850
14850
14825
14837
14825
14812
14812
14812
14787
14800
14812
14812
14812
14812
14775
14762
14750
14737
14750
14762
14750
14737
14725
14712
14687
14700
14687
14700
14687
14687
14675
14662
14650
14637
14650
14637
14625
14612
14600
14587
14575
14562
14525
14512
14487
14475
14462
14450
14437
14425
14412
14400
14387
14375
14362
14350
14325
14325
14300
14300
14275
14287
14275
14287
14275
14287
14275
14287
14312
14337
14362
14425
14475
14537
14625
14712
14762
14850
14912
15000
15087
15200
15275
15350
15412
15475
15525
15587
15650
15712
15775
15812
15850
15887
15925
15937
15950
15962
15975
15962
15975
15987
15975
15975
15975
15975
15975
16000
15987
16000
15987
16000
15987
16012
16000
15987
15950
15937
15887
15850
15812
15775
15712
15675
15637
15587
15537
15512
15475
15425
15387
15350
15312
15275
15237
15237
15237
15212
15212
15212
15200
15187
15200
15187
15175
15137
15100
15062
15012
14962
14925
14912
14875
14850
14862
14837
14812
14787
14762
14712
14700
14662
14625
14612
14587
14562
14537
14512
14500
14487
14475
14462
14450
14412
14400
14362
14325
14312
14300
14262
14225
14212
14175
14137
14125
14112
14100
14087
14100
14087
14075
14062
14050
14037
14025
14037
14025
14037
14025
14012
14000
13987
13987
13975
13950
13937
13925
13887
13875
13875
13862
13837
13837
13812
13787
13737
13725
13712
13687
13687
13687
13687
13687
13700
13687
13700
13687
13675
13662
13675
13662
13675
13662
13675
13662
13675
13687
13725
13762
13825
13887
13937
14000
14062
14137
14212
14287
14362
14437
14487
14587
14662
14737
14812
14887
14925
14975
15037
15100
15137
15187
15237
15262
15287
15312
15287
15287
15287
15287
15325
15362
15375
15387
15400
15375
15387
15362
15375
15387
15400
15425
15450
15437
15425
15412
15362
15350
15325
15300
15275
15225
15187
15162
15112
15062
15037
14975
14925
14887
14850
14837
14825
14837
14825
14837
14825
14837
14825
14812
14800
14787
14750
14737
14725
14687
14675
14662
14625
14587
14575
14537
14512
14475
14437
14375
14337
14300
14287
14275
14262
14250
14237
14200
14187
14175
14162
14150
14162
14137
14137
14137
14137
14137
14150
14137
14125
14112
14112
14112
14112
14087
14087
14075
14062
14050
14062
14050
14037
14025
14037
14025
14037
14025
14012
13975
13962
13937
13925
13912
13900
13900
13887
13875
13837
13850
13850
13850
13850
13875
13875
13850
13862
13850
13862
13850
13875
13875
13900
13925
13962
14000
14062
14137
14212
14300
14387
14462
14562
14637
14712
14787
14862
14912
15000
15075
15150
15225
15287
15350
15412
15475
15525
15587
15625
15675
15700
15725
15725
15750
15737
15750
15762
15775
15762
15775
15787
15775
15787
15800
15812
15800
15812
15800
15787
15775
15762
15725
15687
15637
15600
15550
15512
15462
15450
15400
15387
15362
15337
15287
15262
15200
15175
15150
15150
15125
15137
15125
15137
15125
15112
15100
15087
15075
15062
15087
15075
15062
15025
15012
14975
14937
14900
14887
14850
14812
14800
14787
14750
14737
14725
14675
14662
14650
14637
14625
14625
14612
14600
14562
14550
14537
14537
14525
14512
14500
14512
14500
14512
14512
14512
14475
14462
14462
14462
14437
14450
14437
14412
14425
14425
14425
14425
14400
14375
14362
14350
14337
14350
14337
14350
14337
14325
14312
14300
14262
14250
14237
14225
14200
14200
14175
14175
14150
14137
14125
14112
14075
14062
14075
14062
14075
14087
14100
14087
14100
14112
14150
14187
14262
14337
14412
14500
14587
14675
14762
14850
14925
15012
15087
15162
15225
15287
15350
15412
15475
15537
15587
15637
15687
15737
15750
15787
15800
15812
15825
15837
15862
15887
15887
15887
15912
15900
15912
15925
15912
15912
15900
15887
15875
15850
15812
15775
15737
15700
15675
15662
15637
15587
15537
15487
15412
15350
15312
15275
15262
15250
15262
15250
15237
15237
15237
15237
15237
15275
15262
15275
15262
15275
15250
15262
15250
15262
15237
15237
15212
15212
15187
15175
15137
15150
15125
15100
15100
15100
15050
15037
15012
15000
14975
14950
14925
14912
14875
14862
14850
14837
14825
14812
14800
14787
14750
14737
14725
14687
14675
14662
14625
14625
14625
14600
14600
14600
14587
14575
14587
14575
14562
14550
14562
14537
14537
14537
14512
14500
14487
14475
14462
14475
14462
14475
14462
14475
14462
14450
14437
14425
14412
14400
14412
14400
14412
14400
14387
14375
14362
14350
14337
14325
14312
14287
14262
14262
14250
14237
14262
14262
14237
14225
14212
14175
14162
14150
14162
14137
14137
14137
14137
14137
14150
14162
14150
14162
14150
14162
14175
14212
14250
14325
14400
14462
14537
14612
14687
14762
14850
14925
15012
15100
15187
15262
15337
15412
15475
15525
15587
15625
15662
15700
15737
15775
15812
15850
15862
15875
15862
15887
15875
15887
15875
15887
15862
15875
15862
15875
15862
15875
15862
15875
15862
15850
15837
15825
15775
15750
15712
15650
15587
15525
15450
15375
15287
15225
15200
15175
15175
15187
15162
15162
15162
15162
15162
15200
15187
15200
15187
15175
15162
15150
15112
15112
15112
15087
15100
15100
15087
15075
15062
15037
15025
14987
14962
14962
14937
14937
14950
14937
14900
14887
14850
14812
14800
14787
14737
14725
14700
14687
14675
14675
14662
14662
14625
14587
14575
14562
14550
14537
14550
14537
14537
14525
14512
14500
14487
14475
14462
14475
14450
14450
14425
14425
14400
14412
14400
14412
14400
14412
14400
14387
14350
14350
14350
14350
14350
14375
14362
14350
14337
14325
14312
14300
14262
14250
14237
14200
14187
14175
14162
14150
14137
14125
14150
14125
14125
14125
14125
14087
14100
14087
14100
14075
14075
14075
14075
14075
14087
14100
14087
14100
14112
14125
14150
14200
14250
14312
14400
14462
14550
14637
14712
14787
14862
14925
15000
15075
15150
15225
15287
15350
15412
15475
15525
15562
15600
15637
15650
15675
15700
15725
15712
15737
15725
15737
15762
15787
15775
15800
15800
15800
15812
15825
15825
15825
15812
15825
15837
15850
15862
15875
15862
15875
15862
15850
15837
15825
15787
15750
15712
15650
15587
15512
15450
15412
15375
15337
15312
15287
15225
15187
15150
15137
15125
15112
15112
15100
15087
15100
15112
15087
15100
15087
15075
15062
15050
15037
15025
15000
14987
14975
14937
14900
14862
14825
14812
14787
14762
14762
14737
14687
14675
14662
14625
14612
14600
14562
14550
14537
14512
14500
14487
14475
14462
14487
14475
14487
14475
14462
14450
14437
14425
14412
14437
14412
14400
14387
14362
14325
14325
14325
14300
14312
14325
14312
14300
14312
14300
14262
14250
14237
14225
14212
14200
14200
14200
14175
14175
14175
14137
14125
14100
14075
14050
14025
14000
13987
13962
13925
13912
13875
13862
13850
13837
13825
13812
13800
13787
13800
13787
13800
13787
13800
13812
13812
13812
13800
13787
13775
13800
13800
13837
13875
13887
13912
13962
14037
14125
14237
14337
14425
14487
14562
14637
14712
14787
14862
14925
14975
15037
15100
15162
15225
15262
15312
15362
15387
15412
15462
15475
15500
15525
15550
15562
15562
15550
15562
15550
15550
15562
15575
15550
15562
15550
15562
15550
15575
15562
15575
15550
15550
15512
15475
15412
15362
15287
15250
15200
15150
15100
15050
14975
14950
14900
14875
14850
14825
14800
14787
14775
14762
14775
14762
14775
14750
14762
14750
14762
14750
14787
14775
14762
14725
14712
14662
14625
14612
14600
14562
14550
14537
14512
14512
14500
14462
14450
14437
14387
14375
14362
14350
14337
14350
14337
14350
14337
14325
14312
14300
14262
14250
14237
14225
14212
14200
14187
14175
14162
14150
14162
14150
14162
14150
14137
14125
14112
14100
14087
14100
14087
14075
14062
14050
14037
14025
14037
14025
14012
14000
13987
13987
13975
13987
13975
13987
13975
13962
13950
13937
13925
13912
13900
13850
13837
13800
13787
13775
13775
13762
13750
13712
13675
13662
13650
13637
13625
13637
13625
13612
13600
13612
13600
13612
13600
13612
13587
13625
13637
13675
13712
13787
13837
13912
14000
14087
14175
14262
14350
14437
14512
14600
14675
14737
14787
14862
14925
14975
15037
15100
15162
15200
15237
15275
15287
15275
15287
15275
15262
15250
15262
15250
15262
15250
15225
15212
15200
15200
15187
15187
15175
15162
15112
15100
15087
15087
15075
15062
15050
15037
15000
14962
14925
14862
14800
14737
14675
14612
14550
14512
14487
14475
14462
14450
14450
14450
14450
14450
14475
14462
14475
14462
14475
14462
14450
14437
14425
14387
14375
14362
14350
14337
14312
14287
14287
14262
14262
14275
14262
14250
14237
14200
14162
14150
14112
14075
14062
14075
14062
14050
14062
14050
14012
14000
13987
13987
13975
13987
13962
13962
13937
13937
13912
13925
13912
13937
13937
13937
13937
13937
13925
13912
13887
13887
13887
13862
13862
13862
13837
13812
13812
13787
13775
13775
13775
13750
13750
13750
13737
13725
13737
13725
13737
13725
13712
13675
13637
13625
13600
13575
13550
13550
13500
13512
13500
13487
13475
13462
13437
13425
13437
13425
13437
13425
13437
13425
13450
13450
13450
13450
13450
13437
13425
13437
13450
13475
13525
13600
13675
13750
13837
13912
14025
14112
14200
14275
14350
14400
14462
14550
14637
14712
14800
14862
14925
14975
15025
15062
15100
15112
15125
15137
15125
15150
15150
15175
15175
15200
15187
15200
15187
15200
15187
15200
15212
15225
15212
15225
15212
15200
15187
15175
15162
15150
15112
15075
15025
14987
14950
14900
14850
14812
14737
14700
14662
14625
14612
14600
14587
14575
14587
14600
14612
14637
14650
14687
14675
14687
14662
14650
14612
14600
14587
14575
14587
14575
14562
14550
14537
14512
14475
14437
14400
14362
14350
14337
14325
14312
14300
14262
14250
14237
14200
14162
14150
14100
14075
14075
14075
14037
14037
14037
14012
14012
14025
14012
14000
13987
13950
13950
13962
13950
13962
13987
13962
13925
13912
13875
13862
13837
13837
13812
13812
13812
13825
13837
13837
13837
13812
13787
13762
13750
13737
13725
13737
13725
13737
13725
13737
13725
13712
13700
13687
13637
13625
13612
13600
13587
13612
13600
13612
13587
13600
13587
13600
13587
13612
13600
13612
13625
13637
13650
13662
13675
13662
13675
13687
13725
13762
13825
13887
13937
14000
14062
14125
14187
14250
14312
14375
14437
14512
14587
14662
14737
14800
14862
14925
15000
15075
15150
15225
15262
15275
15287
15300
15287
15325
15350
15375
15375
15400
15375
15387
15400
15412
15400
15412
15400
15387
15375
15387
15375
15387
15375
15362
15350
15337
15325
15300
15275
15225
15175
15100
15037
14975
14925
14887
14850
14812
14800
14812
14800
14812
14825
14837
14825
14837
14812
14825
14812
14825
14812
14812
14775
14762
14762
14762
14762
14787
14775
14750
14725
14725
14687
14687
14662
14637
14612
14600
14562
14550
14537
14537
14512
14487
14462
14462
14437
14425
14412
14400
14362
14325
14312
14300
14262
14250
14237
14225
14212
14200
14187
14175
14137
14125
14112
14100
14087
14100
14087
14100
14087
14100
14087
14100
14075
14087
14075
14087
14075
14100
14087
14062
14075
14075
14075
14075
14112
14087
14100
14087
14075
14062
14050
14037
14025
14037
14025
14012
14000
13987
13962
13950
13937
13925
13912
13900
13887
13875
13837
13837
13825
13812
13800
13812
13787
13775
13762
13775
13762
13775
13787
13800
13787
13800
13787
13800
13787
13800
13787
13800
13812
13825
13837
13875
13912
13937
14012
14062
14125
14187
14262
14325
14412
14475
14562
14637
14737
14837
14925
15025
15100
15150
15200
15250
15287
15325
15362
15412
15425
15437
15450
15437
15412
15400
15387
15412
15425
15412
15425
15412
15362
15325
15312
15275
15237
15200
15162
15125
15075
15025
15000
14975
14937
14900
14862
14825
14787
14775
14762
14775
14787
14800
14812
14825
14837
14825
14837
14850
14850
14850
14850
14850
14825
14837
14825
14812
14812
14812
14787
14787
14787
14750
14737
14725
14687
14675
14662
14625
14612
14600
14562
14512
14487
14450
14425
14400
14412
14400
14387
14375
14362
14350
14337
14350
14325
14325
14300
14275
14250
14237
14225
14212
14225
14212
14225
14212
14225
14200
14200
14175
14175
14150
14162
14150
14162
14150
14137
14125
14112
14100
14087
14100
14087
14075
14062
14050
14037
14025
14037
14025
14037
14025
14012
14000
13987
13987
13975
13962
13950
13937
13925
13912
13887
13875
13862
13825
13812
13812
13800
13787
13800
13787
13775
13762
13750
13750
13775
13825
13875
13937
14012
14100
14187
14287
14387
14475
14562
14650
14725
14800
14862
14925
14987
15075
15162
15225
15300
15337
15362
15412
15450
15450
15475
15475
15450
15475
15487
15500
15512
15500
15475
15487
15475
15487
15487
15487
15487
15487
15487
15525
15525
15525
15525
15525
15500
15512
15500
15487
15475
15450
15425
15400
15362
15300
15237
15175
15112
15062
15012
14962
14937
14900
14887
14875
14900
14875
14875
14875
14875
14850
14875
14900
14887
14875
14887
14862
14837
14825
14812
14800
14787
14775
14762
14750
14712
14700
14650
14625
14600
14600
14562
14562
14537
14512
14475
14462
14425
14387
14375
14362
14350
14337
14325
14312
14300
14287
14275
14262
14225
14225
14200
14175
14175
14162
14150
14137
14150
14137
14162
14150
14162
14150
14162
14150
14162
14150
14162
14150
14162
14150
14162
14150
14137
14100
14087
14075
14062
14050
14062
14050
14050
14037
14025
14012
14000
13987
13975
13962
13925
13912
13900
13887
13862
13887
13887
13887
13887
13925
13912
13900
13887
13875
13862
13875
13912
13950
14000
14050
14112
14175
14237
14325
14412
14475
14550
14625
14700
14787
14875
14975
15062
15150
15225
15287
15350
15387
15450
15475
15500
15525
15562
15562
15600
15612
15625
15637
15650
15662
15675
15687
15675
15687
15675
15687
15675
15687
15675
15687
15675
15662
15625
15612
15575
15575
15550
15525
15500
15462
15400
15350
15300
15212
15162
15112
15087
15050
15025
14975
14950
14912
14900
14887
14900
14887
14875
14837
14825
14812
14800
14787
14800
14775
14750
14750
14750
14725
14737
14725
14725
14712
14725
14712
14725
14700
14687
14650
14637
14625
14612
14625
14625
14600
14587
14562
14537
14525
14537
14525
14537
14525
14487
14475
14462
14450
14437
14450
14450
14450
14425
14400
14400
14362
14312
14312
14312
14287
14287
14300
14287
14275
14287
14275
14300
14275
14275
14250
14250
14212
14225
14212
14225
14212
14200
14187
14175
14162
14150
14162
14150
14137
14100
14087
14050
14037
14025
14037
14025
14012
14000
13987
13962
13950
13937
13887
13875
13862
13825
13812
13837
13825
13812
13825
13812
13800
13787
13800
13787
13800
13787
13775
13762
13775
13762
13775
13812
13850
13887
13937
14012
14087
14162
14237
14312
14375
14437
14512
14612
14712
14812
14900
14975
15050
15125
15200
15275
15325
15362
15400
15412
15425
15462
15475
15487
15525
15537
15550
15562
15575
15562
15575
15562
15575
15562
15537
15525
15512
15475
15437
15412
15375
15337
15300
15262
15225
15162
15100
15037
14975
14925
14887
14850
14812
14800
14787
14775
14762
14775
14762
14775
14762
14775
14762
14750
14737
14725
14712
14700
14687
14675
14662
14625
14612
14600
14587
14575
14562
14550
14537
14512
14475
14437
14400
14350
14325
14300
14300
14275
14287
14275
14287
14275
14262
14250
14237
14225
14212
14200
14187
14175
14162
14150
14162
14150
14137
14125
14112
14100
14087
14100
14087
14075
14062
14075
14062
14050
14062
14050
14000
13987
13975
13975
13962
13987
13975
13987
13975
13987
13975
13962
13962
13962
13962
13962
13962
13950
13937
13900
13887
13875
13862
13850
13812
13800
13787
13775
13762
13775
13762
13750
13737
13725
13737
13712
13712
13687
13687
13662
13675
13662
13675
13662
13675
13662
13675
13687
13700
13712
13750
13787
13825
13887
13962
14037
14112
14187
14275
14362
14462
14562
14675
14762
14837
14912
15000
15050
15112
15175
15225
15275
15350
15412
15450
15487
15500
15512
15500
15512
15525
15537
15550
15562
15550
15537
15525
15512
15500
15512
15500
15487
15475
15462
15425
15387
15350
15287
15225
15162
15100
15037
14975
14950
14900
14875
14850
14825
14800
14787
14775
14762
14775
14762
14775
14762
14775
14762
14750
14737
14725
14687
14675
14662
14625
14612
14600
14587
14550
14550
14525
14500
14487
14487
14475
14462
14450
14412
14400
14362
14350
14337
14350
14337
14325
14312
14300
14262
14250
14237
14200
14187
14175
14162
14150
14137
14125
14137
14125
14137
14150
14137
14125
14087
14062
14062
14062
14037
14062
14050
14012
14000
13987
13962
13962
13962
13937
13937
13937
13925
13912
13925
13912
13900
13887
13875
13862
13837
13837
13812
13787
13762
13750
13712
13700
13687
13675
13662
13700
13700
13700
13675
13687
13650
13650
13650
13675
13662
13675
13662
13675
13662
13675
13687
13700
13712
13750
13787
13825
13862
13912
13950
14000
14075
14175
14275
14375
14487
14600
14712
14825
14900
14975
15037
15100
15150
15200
15250
15300
15350
15400
15450
15462
15475
15462
15425
15425
15425
15425
15425
15450
15437
15450
15437
15425
15412
15400
15362
15325
15287
15225
15162
15100
15037
14975
14925
14862
14825
14787
14750
14737
14750
14725
14725
14725
14725
14700
14712
14700
14712
14725
14737
14725
14737
14725
14712
14700
14687
14675
14662
14650
14637
14625
14587
14550
14512
14475
14450
14425
14400
14350
14337
14300
14250
14237
14225
14212
14200
14200
14162
14150
14137
14112
14112
14112
14112
14112
14112
14112
14112
14087
14062
14050
14037
14025
14012
14000
13987
13987
13975
13987
13975
13987
13975
13962
13925
13912
13900
13887
13912
13925
13912
13900
13887
13837
13825
13812
13800
13775
13775
13737
13725
13687
13687
13662
13675
13662
13637
13625
13612
13612
13612
13625
13625
13625
13587
13587
13587
13587
13575
13612
13600
13587
13575
13600
13575
13587
13637
13662
13687
13737
13800
13850
13937
14037
14137
14237
14337
14412
14475
14550
14612
14675
14737
14800
14862
14925
14962
15000
15050
15100
15150
15200
15237
15250
15262
15275
15312
15325
15362
15375
15387
15375
15387
15375
15387
15375
15387
15362
15362
15337
15337
15312
15300
15262
15225
15162
15100
15037
15000
14962
14912
14862
14812
14762
14725
14712
14700
14712
14700
14725
14725
14725
14725
14725
14687
14675
14687
14662
14662
14662
14637
14612
14600
14587
14575
14587
14575
14562
14550
14525
14512
14475
14462
14425
14400
14350
14337
14300
14287
14275
14237
14212
14212
14187
14162
14187
14175
14162
14150
14137
14125
14112
14075
14062
14075
14062
14075
14087
14075
14062
14050
14037
14025
14012
14000
13987
13987
13975
13962
13962
13962
13937
13937
13962
13950
13962
13975
13962
13925
13912
13875
13887
13887
13887
13862
13862
13850
13837
13825
13850
13837
13812
13800
13787
13762
13750
13700
13675
13675
13675
13675
13687
13700
13687
13675
13662
13675
13662
13675
13662
13675
13662
13650
13650
13650
13662
13662
13687
13675
13687
13687
13725
13762
13825
13887
13937
14000
14075
14150
14225
14300
14375
14437
14525
14612
14700
14812
14887
14950
15000
15062
15100
15162
15225
15262
15300
15337
15350
15375
15425
15450
15475
15525
15537
15525
15537
15512
15500
15487
15500
15487
15512
15500
15512
15500
15475
15450
15425
15375
15350
15337
15300
15262
15225
15162
15100
15025
14975
14937
14887
14862
14837
14812
14787
14762
14737
14725
14712
14700
14712
14700
14712
14700
14687
14687
14687
14687
14687
14712
14700
14687
14675
14650
14637
14625
14612
14612
14612
14575
14537
14525
14487
14450
14412
14412
14375
14337
14300
14300
14262
14237
14237
14237
14225
14200
14200
14200
14187
14150
14150
14125
14062
14050
14037
14025
14012
14037
14025
14037
14012
14012
13987
13987
13975
13962
13950
13962
13950
13962
13975
13987
13975
13987
13975
13962
13950
13937
13925
13912
13900
13887
13875
13862
13850
13837
13825
13812
13800
13787
13775
13762
13750
13712
13700
13712
13700
13687
13662
13650
13612
13600
13587
13587
13575
13562
13550
13537
13550
13537
13550
13562
13600
13637
13700
13762
13825
13887
13950
14025
14112
14212
14312
14400
14487
14575
14650
14725
14800
14862
14925
14975
15050
15100
15150
15200
15262
15287
15337
15387
15412
15425
15462
15475
15487
15500
15512
15525
15512
15512
15512
15512
15487
15512
15500
15512
15500
15487
15475
15462
15450
15425
15400
15350
15300
15262
15225
15187
15150
15112
15025
14950
14875
14825
14775
14737
14725
14725
14712
14700
14687
14675
14687
14675
14662
14675
14662
14625
14612
14587
14562
14537
14537
14525
14537
14525
14512
14500
14487
14450
14437
14412
14387
14362
14337
14312
14300
14262
14250
14237
14200
14187
14175
14175
14162
14150
14137
14125
14075
14062
14050
14037
14025
14037
14012
14012
14012
14012
13987
14000
13987
13987
13975
13987
13962
13962
13962
13962
13937
13950
13937
13925
13912
13925
13912
13900
13887
13875
13837
13825
13812
13800
13787
13775
13762
13750
13737
13725
13712
13700
13687
13650
13637
13625
13612
13600
13587
13575
13562
13512
13500
13487
13487
13475
13475
13437
13437
13412
13412
13412
13437
13412
13412
13412
13412
13412
13450
13475
13512
13587
13662
13737
13787
13850
13900
13975
14050
14150
14250
14350
14450
14550
14650
14737
14800
14862
14925
14987
15025
15062
15075
15062
15050
15050
15025
15000
15000
14975
14962
14937
14937
14912
14912
14887
14875
14862
14850
14837
14825
14812
14800
14787
14787
14762
14737
14675
14637
14562
14512
14500
14487
14450
14412
14375
14312
14275
14237
14225
14237
14250
14237
14250
14262
14250
14262
14275
14287
14275
14262
14250
14237
14200
14162
14150
14112
14100
14087
14075
14037
14025
13987
13987
13975
13950
13925
13900
13875
13850
13837
13800
13762
13700
13675
13637
13625
13612
13600
13575
13562
13550
13525
13525
13487
13475
13475
13475
13450
13462
13450
13450
13450
13475
13462
13475
13475
13475
13475
13487
13500
13487
13500
13487
13500
13487
13500
13487
13500
13475
13475
13450
13425
13400
13387
13375
13362
13350
13312
13300
13262
13225
13212
13200
13187
13200
13200
13200
13200
13175
13150
13137
13125
13112
13125
13112
13087
13062
13062
13062
13087
13150
13212
13275
13350
13400
13450
13487
13550
13600
13675
13750
13825
13887
13937
14012
14112
14187
14275
14362
14437
14475
14562
14612
14675
14712
14750
14775
14800
14812
14850
14862
14875
14912
14950
14975
15012
15050
15062
15075
15062
15075
15062
15075
15062
15075
15062
15050
15037
15025
15000
14950
14900
14825
14750
14675
14612
14550
14512
14487
14450
14412
14400
14362
14325
14312
14300
14300
14287
14300
14312
14325
14325
14337
14350
14337
14325
14312
14300
14287
14275
14262
14250
14237
14200
14200
14200
14175
14175
14175
14137
14125
14112
14075
14037
14037
14000
13987
13975
13987
13987
14000
13975
13975
13950
13937
13912
13937
13925
13900
13887
13900
13875
13887
13912
13925
13937
13950
13962
13987
14000
14012
14025
14050
14075
14100
14125
14175
14212
14212
14237
14225
14225
14187
14187
14162
14175
14150
14162
14175
14187
14200
14237
14250
14262
14275
14287
14275
14287
14275
14287
14275
14287
14275
14287
14275
14287
14275
14287
14275
14287
14275
14287
14300
14312
14325
14362
14375
14387
14425
14462
14512
14587
14662
14750
14825
14900
14975
15062
15137
15212
15287
15362
15437
15500
15575
15650
15737
15787
15837
15887
15937
15937
15975
16012
16025
16037
16050
16062
16062
16075
16087
16100
16112
16100
16125
16125
16125
16100
16100
16062
16037
16000
15962
15900
15837
15775
15700
15650
15600
15550
15537
15525
15487
15475
15462
15450
15437
15450
15437
15450
15437
15450
15437
15450
15437
15450
15437
15450
15437
15462
15450
15462
15450
15437
15387
15375
15337
15275
15262
15250
15212
15200
15212
15175
15175
15175
15175
15175
15200
15187
15175
15137
15125
15087
15050
15037
15025
15000
14962
14962
14937
14937
14937
14937
14925
14912
14900
14887
14875
14837
14825
14787
14775
14787
14787
14762
14762
14737
14712
14700
14712
14700
14712
14725
14737
14725
14737
14725
14712
14725
14725
14725
14725
14725
14687
14700
14687
14700
14687
14687
14650
14612
14575
14537
14512
14475
14462
14425
14412
14400
14387
14375
14362
14325
14325
14325
14325
14350
14375
14387
14425
14462
14500
14575
14650
14725
14800
14875
14937
15012
15100
15200
15287
15387
15475
15562
15637
15712
15775
15837
15900
15962
16012
16075
16150
16200
16225
16225
16225
16187
16175
16162
16175
16162
16150
16137
16125
16087
16075
16062
16062
16050
16025
16012
16000
15987
15975
15975
15962
15950
15912
15900
15887
15850
15812
15775
15712
15650
15587
15550
15512
15500
15487
15475
15462
15450
15437
15425
15437
15425
15475
15462
15475
15462
15450
15412
15400
15387
15375
15362
15350
15337
15325
15312
15325
15312
15300
15287
15275
15237
15200
15162
15100
15037
14975
14950
14912
14875
14862
14850
14812
14800
14787
14775
14762
14775
14762
14775
14762
14750
14737
14725
14712
14700
14725
14725
14725
14725
14725
14712
14700
14712
14687
14687
14687
14687
14687
14700
14712
14700
14687
14675
14687
14675
14662
14675
14687
14675
14662
14675
14662
14650
14637
14625
14612
14625
14600
14600
14600
14575
14550
14562
14537
14512
14487
14462
14425
14412
14400
14387
14375
14362
14350
14337
14350
14337
14325
14312
14325
14312
14325
14337
14350
14362
14400
14437
14512
14550
14600
14650
14700
14737
14837
14912
15000
15100
15187
15262
15337
15412
15475
15537
15612
15687
15762
15837
15900
15962
16000
16037
16050
16062
16050
16062
16050
16037
16025
16012
16012
16012
16037
16025
16037
16037
16037
16012
16025
16012
16000
15987
16000
15987
16000
15987
15975
15937
15937
15900
15862
15825
15775
15687
15600
15537
15512
15475
15437
15412
15362
15325
15300
15300
15300
15300
15287
15275
15262
15250
15262
15250
15262
15250
15262
15250
15262
15250
15237
15225
15212
15175
15175
15162
15150
15137
15125
15100
15087
15050
15012
15000
14975
14937
14887
14862
14837
14812
14787
14775
14762
14725
14687
14675
14687
14662
14637
14637
14612
14562
14550
14537
14512
14500
14487
14475
14462
14450
14437
14425
14412
14400
14412
14400
14387
14375
14362
14350
14362
14375
14362
14350
14312
14250
14212
14175
14137
14125
14112
14100
14087
14100
14087
14112
14087
14062
14037
14037
14000
14012
14025
14037
14025
14012
14000
14012
14000
14012
14025
14037
14050
14087
14125
14187
14250
14325
14400
14462
14550
14637
14712
14800
14900
15000
15112
15225
15325
15400
15475
15525
15600
15637
15675
15712
15750
15750
15762
15775
15762
15750
15737
15725
15725
15712
15700
15687
15675
15625
15612
15575
15550
15512
15500
15462
15425
15387
15350
15287
15225
15187
15125
15062
15000
14962
14912
14875
14862
14850
14837
14825
14837
14825
14837
14825
14837
14825
14850
14850
14850
14850
14850
14850
14850
14850
14850
14875
14850
14825
14837
14825
14787
14762
14762
14725
14712
14687
14700
14675
14675
14650
14662
14637
14625
14612
14600
14587
14575
14587
14575
14550
14537
14525
14525
14512
14537
14525
14537
14525
14512
14500
14487
14475
14462
14475
14462
14450
14437
14425
14387
14375
14362
14350
14337
14350
14337
14350
14337
14350
14337
14350
14337
14325
14312
14300
14287
14275
14287
14275
14262
14250
14237
14225
14212
14200
14200
14200
14200
14200
14225
14212
14225
14212
