t = 60.000000, p = 277.000000
7700
7687
7675
7675
7675
7650
7650
7650
7637
7625
7637
7625
7612
7600
7587
7575
7562
7575
7562
7575
7562
7575
7587
7600
7612
7625
7637
7625
7637
7625
7637
7625
7637
7650
7662
7675
7687
7700
7687
7675
7637
7625
7587
7575
7562
7550
7537
7525
7512
7500
7487
7475
7462
7450
7437
7450
7437
7450
7462
7500
7537
7600
7662
7712
7775
7837
7900
7937
7975
7987
8000
8012
8025
8012
8025
8012
8000
7987
8000
7987
8000
7987
8000
7987
8000
7987
8012
8012
8037
8037
8037
8025
8012
8000
7987
7975
7937
7925
7887
7875
7862
7850
7837
7825
7812
7825
7837
7825
7837
7850
7837
7850
7862
7875
7862
7850
7837
7825
7812
7787
7800
7787
7800
7787
7812
7800
7787
7775
7762
7762
7750
7762
7750
7762
7750
7737
7725
7712
7700
7687
7700
7687
7700
7687
7700
7687
7700
7687
7700
7687
7675
7662
7650
7637
7625
7637
7625
7612
7600
7612
7600
7612
7625
7637
7625
7637
7625
7637
7625
7612
7600
7587
7575
7562
7575
7550
7562
7550
7562
7550
7575
7587
7587
7587
7612
7612
7612
7625
7637
7625
7637
7625
7637
7625
7637
7650
7662
7675
7712
7737
7775
7837
7900
7962
8025
8062
8100
8137
8150
8137
8150
8137
8125
8112
8100
8087
8075
8062
8050
8062
8050
8037
8025
8037
8025
8037
8050
8062
8050
8062
8050
8062
8050
8062
8050
8037
8025
8012
7975
7937
7925
7887
7850
7837
7825
7812
7825
7837
7850
7862
7875
7862
7875
7862
7875
7887
7900
7912
7925
7912
7900
7887
7875
7862
7850
7812
7800
7762
7737
7725
7712
7700
7687
7700
7712
7725
7712
7725
7737
7725
7737
7750
7762
7750
7762
7750
7762
7750
7762
7750
7737
7725
7712
7700
7687
7675
7662
7675
7650
7650
7650
7650
7625
7637
7625
7637
7625
7637
7625
7612
7600
7587
7575
7562
7550
7537
7525
7512
7525
7537
7550
7562
7575
7562
7575
7587
7600
7612
7625
7637
7625
7637
7650
7687
7712
7750
7787
7825
7862
7900
7962
8025
8062
8100
8112
8125
8112
8100
8087
8075
8037
8025
8012
8000
7987
8000
7987
7975
7962
7950
7912
7900
7887
7875
7850
7850
7850
7850
7850
7862
7875
7887
7925
7937
7975
7987
7975
7962
7950
7937
7925
7912
7900
7887
7850
7837
7825
7812
7800
7812
7800
7812
7800
7787
7775
7762
7762
7750
7737
7725
7737
7712
7712
7712
7712
7687
7700
7687
7700
7687
7700
7687
7675
7662
7650
7637
7625
7637
7625
7637
7625
7612
7612
7612
7612
7612
7612
7612
7612
7612
7612
7637
7625
7637
7625
7637
7625
7637
7625
7637
7625
7637
7625
7612
7600
7612
7600
7587
7600
7612
7600
7587
7600
7587
7575
7562
7550
7537
7550
7537
7525
7537
7525
7512
7525
7537
7550
7562
7575
7587
7625
7625
7662
7675
7687
7700
7737
7775
7837
7900
7937
7975
8012
8025
8037
8050
8062
8050
8037
8025
8012
7975
7962
7950
7937
7925
7937
7925
7937
7925
7937
7925
7937
7925
7937
7925
7937
7950
7962
7950
7962
7950
7937
7925
7912
7875
7837
7775
7737
7712
7700
7712
7737
7750
7787
7800
7812
7800
7787
7775
7762
7737
7725
7737
7725
7712
7700
7687
7650
7650
7650
7650
7650
7650
7637
7625
7637
7625
7637
7625
7637
7625
7637
7612
7612
7587
7587
7562
7575
7562
7550
7537
7525
7512
7500
7487
7475
7462
7450
7437
7450
7462
7462
7462
7462
7462
7437
7450
7437
7450
7437
7450
7437
7450
7437
7450
7437
7450
7437
7450
7437
7450
7437
7462
7450
7462
7450
7462
7437
7450
7437
7450
7437
7450
7437
7450
7437
7425
7412
7425
7412
7400
7412
7425
7412
7425
7462
7500
7537
7600
7662
7712
7750
7800
7850
7875
7875
7900
7887
7850
7837
7850
7825
7825
7825
7825
7825
7837
7850
7862
7875
7887
7900
7912
7925
7937
7925
7937
7925
7937
7925
7937
7925
7912
7875
7837
7800
7762
7737
7725
7712
7700
7712
7725
7737
7762
7800
7812
7825
7837
7825
7787
7775
7762
7737
7725
7712
7700
7687
7675
7637
7625
7612
7600
7587
7600
7587
7575
7562
7550
7537
7525
7512
7500
7512
7500
7512
7500
7512
7500
7512
7500
7512
7500
7512
7500
7512
7500
7512
7500
7512
7500
7487
7475
7462
7450
7437
7450
7437
7425
7412
7400
7387
7375
7387
7375
7387
7375
7387
7400
7412
7425
7462
7475
7487
7500
7512
7500
7487
7475
7462
7450
7437
7450
7437
7450
7437
7450
7437
7450
7437
7450
7462
7475
7487
7500
7512
7500
7512
7500
7512
7525
7562
7600
7637
7675
7687
7700
7712
7737
7775
7837
7875
7912
7925
7937
7925
7937
7925
7912
7875
7862
7825
7812
7825
7837
7850
7862
7875
7862
7875
7862
7875
7862
7875
7862
7875
7862
7850
7837
7812
7787
7762
7762
7750
7737
7725
7712
7675
7662
7650
7637
7650
7662
7675
7687
7700
7712
7725
7737
7750
7762
7750
7762
7750
7737
7725
7700
7675
7650
7650
7625
7637
7625
7637
7625
7637
7625
7637
7650
7650
7650
7675
7675
7650
7662
7650
7637
7625
7637
7625
7637
7625
7637
7625
7637
7625
7637
7650
7662
7675
7687
7700
7687
7675
7662
7650
7637
7650
7662
7650
7662
7650
7637
7625
7612
7600
7587
7575
7562
7550
7537
7525
7487
7475
7487
7475
7487
7500
7525
7525
7525
7525
7525
7512
7537
7562
7600
7662
7712
7762
7837
7900
7962
8000
8037
8050
8062
8050
8037
8025
8012
8000
7987
8000
7987
8000
7987
7975
7962
7950
7937
7925
7912
7900
7887
7850
7837
7850
7837
7825
7837
7850
7837
7825
7837
7825
7812
7800
7787
7775
7762
7762
7750
7762
7762
7775
7762
7775
7762
7737
7725
7712
7675
7662
7650
7637
7625
7637
7650
7662
7650
7662
7650
7637
7625
7637
7625
7637
7625
7637
7625
7637
7625
7612
7600
7587
7575
7562
7575
7562
7575
7562
7575
7562
7575
7562
7575
7562
7550
7537
7525
7512
7500
7512
7500
7512
7500
7512
7500
7487
7475
7487
7475
7487
7500
7512
7500
7512
7500
7512
7500
7512
7500
7512
7525
7537
7550
7587
7625
7662
7700
7737
7762
7800
7837
7900
7962
8000
8050
8100
8125
8125
8150
8137
8100
8087
8100
8087
8075
8087
8100
8087
8100
8137
8150
8162
8200
8225
8237
8275
8287
8300
8325
8375
8400
8450
8500
8512
8525
8525
8537
8550
8562
8575
8625
8662
8675
8712
8750
8762
8775
8800
8837
8887
8937
8987
9037
9087
9125
9162
9200
9237
9275
9300
9362
9425
9487
9562
9612
9662
9712
9737
9712
9712
9687
9637
9612
9600
9562
9550
9537
9500
9487
9475
9462
9450
9462
9450
9462
9475
9487
9500
9512
9500
9462
9425
9350
9300
9287
9262
9237
9250
9262
9250
9262
9275
9287
9275
9287
9300
9312
9300
9312
9300
9287
9275
9287
9275
9287
9275
9262
9250
9237
9225
9212
9225
9212
9225
9237
9250
9262
9300
9325
9337
9375
9387
9400
9387
9400
9387
9400
9387
9375
9362
9350
9350
9337
9350
9337
9350
9337
9350
9337
9350
9337
9350
9337
9325
9312
9325
9312
9300
9325
9325
9325
9337
9387
9425
9487
9550
9612
9675
9737
9787
9850
9912
9950
9987
10025
10037
10050
10062
10087
10087
10087
10062
10037
9975
9912
9875
9837
9812
9800
9787
9750
9737
9725
9687
9650
9612
9575
9537
9525
9512
9525
9537
9550
9562
9600
9612
9625
9662
9675
9687
9700
9712
9700
9687
9675
9662
9625
9587
9575
9537
9500
9487
9475
9437
9425
9412
9400
9387
9400
9387
9400
9387
9400
9387
9400
9387
9375
9362
9350
9325
9287
9275
9237
9200
9187
9175
9162
9150
9162
9150
9162
9150
9162
9150
9162
9150
9162
9150
9162
9150
9162
9150
9162
9150
9137
9100
9100
9075
9050
9050
9050
9037
9025
9037
9025
9037
9025
9012
9000
8987
8975
8987
9000
9012
9025
9037
9025
9037
9025
9037
9050
9062
9075
9087
9100
9112
9150
9187
9250
9300
9362
9425
9487
9550
9612
9675
9737
9775
9812
9837
9850
9862
9900
9912
9900
9887
9875
9837
9812
9800
9787
9750
9737
9725
9687
9675
9662
9650
9637
9650
9637
9650
9637
9650
9637
9650
9637
9650
9637
9650
9637
9650
9637
9650
9637
9625
9612
9600
9587
9575
9562
9525
9487
9450
9400
9375
9350
9350
9337
9350
9337
9350
9350
9362
9375
9412
9425
9412
9425
9412
9400
9387
9375
9337
9300
9275
9237
9225
9212
9225
9212
9225
9212
9225
9212
9200
9187
9175
9162
9150
9162
9150
9162
9150
9137
9125
9100
9075
9075
9075
9075
9087
9100
9087
9075
9037
9025
8987
8950
8937
8925
8912
8900
8887
8875
8862
8850
8837
8825
8812
8800
8800
8787
8800
8787
8800
8800
8812
8800
8812
8800
8800
8800
8812
8825
8862
8900
8912
8950
8962
8975
8962
8975
8962
8950
8950
8950
8962
8975
9012
9012
9037
9050
9062
9075
9112
9150
9187
9250
9300
9375
9450
9525
9600
9675
9712
9750
9762
9750
9737
9725
9687
9675
9662
9625
9587
9575
9525
9500
9475
9450
9425
9412
9400
9412
9425
9450
9475
9500
9500
9525
9512
9525
9512
9500
9462
9425
9362
9300
9275
9237
9200
9187
9200
9212
9225
9237
9250
9237
9225
9212
9225
9212
9200
9187
9175
9137
9125
9100
9075
9050
9050
9012
9012
8987
8987
8962
8975
8962
8950
8937
8925
8912
8900
8887
8875
8887
8875
8862
8875
8862
8850
8862
8875
8887
8900
8887
8875
8862
8825
8812
8800
8800
8787
8800
8787
8800
8787
8800
8787
8800
8787
8800
8800
8812
8825
8837
8850
8837
8850
8862
8875
8887
8900
8912
8900
8912
8900
8887
8875
8862
8825
8812
8800
8775
8762
8775
8762
8775
8787
8800
8787
8800
8800
8837
8850
8887
8925
8962
9000
9037
9075
9112
9125
9150
9212
9250
9287
9337
9387
9425
9487
9550
9612
9675
9712
9750
9762
9775
9762
9750
9737
9725
9687
9650
9612
9550
9512
9475
9437
9425
9412
9375
9362
9375
9362
9350
9337
9300
9250
9212
9175
9125
9100
9100
9075
9075
9087
9100
9087
9075
9062
9075
9062
9075
9087
9100
9087
9100
9087
9075
9062
9050
9012
9000
8987
8975
8962
8975
8950
8950
8925
8925
8900
8912
8900
8912
8900
8912
8925
8937
8950
8962
8975
8962
8975
8962
8975
8962
8987
8987
8987
9000
9012
9012
9012
9037
9025
9037
9025
9012
9012
9012
8987
8987
8987
8975
8987
9000
9012
9025
9000
8987
8975
8937
8900
8900
8862
8850
8837
8850
8837
8850
8837
8850
8837
8850
8837
8825
8812
8800
8800
8787
8775
8762
8775
8762
8775
8787
8800
8800
8837
8875
8937
9000
9062
9125
9187
9250
9300
9362
9425
9462
9500
9512
9525
9500
9500
9500
9487
9475
9475
9475
9450
9462
9450
9462
9450
9462
9450
9462
9475
9487
9500
9512
9525
9512
9525
9512
9525
9512
9500
9462
9450
9412
9400
9387
9400
9387
9375
9362
9375
9362
9350
9337
9300
9275
9237
9200
9162
9125
9062
9025
8987
8975
8950
8950
8950
8950
8950
8962
8975
8962
8975
8987
9000
9012
9050
9062
9050
9062
9050
9037
9025
9037
9050
9062
9075
9087
9100
9087
9100
9087
9075
9062
9050
9037
9025
9037
9025
9037
9050
9050
9050
9075
9075
9075
9087
9100
9087
9100
9087
9100
9087
9075
9062
9050
9037
9025
9012
9000
8987
8975
8962
8975
8962
8975
8962
8975
8962
8950
8937
8925
8887
8875
8887
8875
8887
8900
8912
8925
8962
9000
9037
9075
9112
9150
9187
9250
9300
9362
9425
9487
9550
9612
9675
9737
9787
9850
9887
9925
9937
9950
9937
9925
9912
9900
9887
9875
9862
9850
9837
9837
9825
9812
9800
9812
9800
9787
9800
9787
9775
9762
9750
9712
9712
9687
9662
9637
9637
9600
9562
9525
9512
9475
9437
9425
9437
9425
9437
9450
9462
9475
9487
9500
9512
9525
9512
9500
9487
9475
9437
9425
9412
9375
9362
9350
9350
9337
9350
9337
9325
9312
9300
9287
9275
9287
9275
9287
9275
9287
9300
9312
9300
9312
9300
9287
9275
9262
9225
9187
9150
9112
9100
9087
9075
9062
9050
9012
9000
8987
8975
8962
8975
8962
8975
8987
9000
9012
9025
9037
9025
9037
9025
9037
9025
9037
9050
9087
9100
9137
9150
9162
9175
9187
9200
9212
9225
9212
9225
9212
9225
9212
9225
9212
9225
9212
9200
9187
9200
9187
9200
9212
9225
9212
9237
9262
9287
9312
9350
9387
9425
9487
9550
9587
9625
9675
9725
9750
9800
9837
9875
9912
9950
9987
10025
10037
10050
10062
10075
10062
10075
10062
10050
10037
10025
10012
10000
9987
9975
9962
9950
9962
9975
9987
10000
10012
9987
9987
9962
9937
9912
9900
9887
9875
9862
9825
9812
9787
9775
9762
9775
9762
9775
9762
9775
9787
9787
9787
9812
9812
9812
9812
9787
9762
9737
9687
9675
9662
9625
9587
9550
9487
9450
9437
9425
9437
9450
9462
9450
9462
9450
9462
9450
9437
9425
9412
9400
9387
9400
9387
9400
9387
9400
9387
9400
9412
9425
9437
9475
9487
9500
9500
9500
9500
9500
9500
9512
9500
9487
9475
9437
9425
9412
9375
9337
9325
9300
9287
9275
9262
9250
9237
9225
9212
9200
9187
9175
9162
9150
9137
9125
9112
9100
9087
9100
9087
9100
9087
9100
9112
9125
9137
9150
9162
9150
9162
9175
9187
9200
9237
9250
9262
9300
9325
9375
9425
9475
9525
9575
9612
9675
9737
9787
9850
9887
9900
9887
9850
9812
9787
9750
9737
9725
9687
9675
9662
9650
9637
9650
9662
9675
9687
9700
9712
9700
9712
9700
9687
9650
9637
9600
9562
9550
9537
9525
9500
9500
9475
9475
9475
9487
9500
9537
9550
9562
9600
9612
9625
9637
9650
9637
9650
9637
9650
9637
9625
9612
9600
9587
9575
9587
9575
9562
9525
9512
9475
9437
9425
9412
9375
9362
9350
9350
9337
9325
9312
9300
9262
9250
9237
9225
9212
9225
9212
9225
9212
9200
9162
9150
9137
9125
9100
9100
9075
9050
9050
9062
9050
9062
9050
9037
9025
9012
9000
8987
8975
8962
8950
8912
8900
8862
8850
8862
8875
8887
8900
8887
8875
8887
8900
8912
8950
8987
9000
9012
9050
9087
9100
9137
9175
9212
9250
9287
9325
9350
9387
9400
9437
9475
9512
9550
9612
9675
9737
9775
9812
9837
9875
9912
9975
10012
10025
10037
10025
9975
9950
9925
9875
9850
9837
9837
9825
9812
9800
9787
9750
9712
9700
9662
9625
9612
9600
9562
9525
9487
9425
9362
9325
9300
9287
9275
9287
9275
9287
9275
9287
9275
9287
9275
9262
9250
9237
9200
9162
9150
9112
9075
9062
9050
9050
9037
9050
9062
9100
9100
9112
9125
9112
9112
9112
9137
9125
9137
9112
9112
9087
9100
9087
9075
9062
9050
9037
9025
9012
9000
8987
8975
8962
8975
8962
8975
8987
9000
9012
9025
9037
9050
9062
9075
9087
9075
9062
9050
9012
8975
8962
8925
8912
8900
8912
8900
8912
8900
8887
8875
8887
8875
8887
8925
8937
8950
8962
8987
8987
9012
9012
9037
9025
9037
9025
9012
9012
9012
9012
9012
9037
9025
9037
9050
9087
9125
9187
9225
9262
9300
9325
9362
9425
9487
9550
9612
9675
9712
9762
9787
9812
9812
9837
9825
9812
9800
9787
9750
9712
9675
9637
9600
9587
9575
9587
9600
9612
9625
9625
9637
9650
9662
9675
9700
9687
9675
9662
9650
9637
9625
9612
9600
9587
9575
9562
9550
9537
9525
9500
9500
9500
9500
9500
9512
9500
9487
9475
9437
9400
9362
9300
9275
9262
9250
9237
9250
9237
9225
9212
9225
9237
9250
9237
9250
9237
9225
9212
9200
9162
9150
9112
9100
9087
9100
9087
9100
9112
9125
9137
9150
9137
9125
9112
9100
9087
9100
9087
9100
9087
9100
9087
9100
9112
9125
9112
9125
9137
9150
9187
9225
9275
9312
9337
9362
9387
9400
9387
9375
9362
9350
9325
9312
9300
9287
9275
9287
9275
9287
9300
9312
9325
9337
9350
9337
9350
9350
9387
9425
9487
9550
9612
9675
9737
9787
9850
9925
10000
10050
10100
10125
10137
10125
10112
10075
10062
10025
9987
9975
9950
9900
9850
9825
9787
9775
9762
9775
9762
9775
9762
9775
9762
9775
9787
9787
9787
9787
9787
9762
9775
9762
9775
9762
9775
9762
9750
9750
9750
9750
9750
9750
9737
9725
9687
9675
9662
9625
9612
9600
9587
9575
9562
9550
9537
9500
9462
9450
9412
9375
9362
9350
9350
9337
9350
9350
9362
9375
9387
9400
9412
9425
9412
9400
9362
9300
9250
9212
9175
9137
9125
9112
9075
9062
9050
9037
9025
9012
9000
8987
8950
8937
8925
8912
8900
8912
8900
8912
8900
8912
8900
8912
8900
8887
8875
8862
8850
8825
8825
8800
8800
8787
8800
8800
8812
8800
8825
8812
8800
8787
8800
8800
8812
8825
8837
8850
8862
8875
8887
8900
8912
8925
8962
9000
9062
9125
9187
9250
9300
9362
9425
9487
9550
9612
9650
9687
9700
9687
9675
9662
9625
9587
9575
9537
9525
9512
9525
9512
9525
9512
9525
9512
9525
9512
9500
9487
9475
9462
9450
9462
9450
9437
9425
9412
9400
9387
9400
9387
9400
9387
9400
9387
9400
9387
9400
9387
9400
9387
9400
9412
9425
9437
9450
9462
9450
9462
9450
9462
9450
9462
9450
9462
9450
9437
9425
9412
9400
9387
9400
9387
9400
9387
9375
9362
9350
9325
9312
9300
9287
9275
9287
9300
9312
9325
9337
9350
9350
9362
9375
9387
9400
9387
9400
9387
9400
9387
9400
9387
9400
9387
9400
9387
9375
9337
9325
9300
9287
9275
9287
9275
9287
9275
9287
9275
9287
9275
9262
9250
9237
9225
9212
9225
9212
9200
9187
9175
9162
9150
9162
9150
9162
9150
9162
9150
9162
9150
9162
9175
9212
9250
9300
9362
9425
9500
9575
9650
9725
9787
9850
9912
9975
10012
10050
10062
10075
10062
10075
10062
10050
10012
9975
9937
9900
9862
9850
9837
9837
9825
9812
9800
9787
9775
9787
9800
9787
9800
9787
9750
9712
9700
9662
9625
9587
9550
9487
9450
9412
9400
9387
9400
9412
9425
9437
9475
9487
9500
9512
9525
9500
9500
9500
9500
9475
9487
9475
9437
9400
9387
9350
9350
9337
9325
9275
9250
9200
9175
9150
9162
9150
9162
9150
9162
9150
9162
9150
9162
9175
9187
9200
9237
9237
9237
9237
9212
9187
9175
9137
9125
9112
9075
9062
9050
9037
9025
9037
9050
9062
9075
9112
9150
9162
9200
9212
9225
9212
9225
9212
9225
9212
9225
9237
9250
9262
9300
9312
9325
9337
9350
9337
9350
9337
9350
9337
9325
9287
9275
9262
9275
9287
9325
9350
9387
9425
9500
9550
9612
9650
9700
9737
9775
9800
9862
9912
9962
10012
10050
10062
10075
10062
10075
10062
10050
10012
10000
9962
9925
9887
9850
9812
9775
9750
9725
9700
9675
9687
9675
9687
9700
9712
9700
9687
9650
9612
9550
9487
9425
9387
9350
9350
9337
9350
9337
9350
9350
9362
9375
9412
9425
9437
9475
9487
9475
9487
9475
9462
9450
9437
9400
9387
9350
9350
9337
9325
9312
9300
9287
9275
9262
9250
9262
9250
9262
9262
9262
9237
9212
9162
9150
9100
9075
9050
9025
9000
8987
8975
8962
8975
8962
8975
8962
8975
8962
8975
8962
8975
8962
8975
8987
9000
8987
9000
8987
8950
8937
8950
8937
8925
8937
8925
8912
8925
8937
8950
8962
8975
8962
8975
8962
8975
8962
8975
8962
8975
8962
8950
8937
8950
8925
8925
8925
8925
8900
8912
8900
8912
8925
8962
9000
9062
9125
9187
9250
9300
9362
9425
9487
9550
9612
9650
9687
9700
9687
9687
9687
9662
9662
9662
9625
9612
9600
9562
9525
9487
9450
9412
9400
9412
9450
9487
9525
9562
9575
9587
9575
9587
9575
9562
9525
9487
9450
9412
9400
9387
9400
9387
9400
9412
9425
9437
9450
9462
9450
9462
9450
9462
9450
9462
9450
9437
9425
9412
9400
9387
9375
9337
9300
9275
9237
9200
9187
9175
9162
9150
9125
9100
9100
9075
9050
9062
9050
9037
9025
9012
9000
8987
8975
8962
8975
8950
8962
8950
8962
8950
8975
8962
8950
8937
8950
8937
8950
8962
8975
8987
9000
9012
9025
9037
9025
9012
9000
8987
8975
8962
8975
8962
8950
8937
8950
8937
8950
8962
8975
8962
8975
8987
9000
8987
9000
8987
8975
8962
8950
8937
8925
8912
8925
8937
8950
8962
8975
8987
9000
9012
9050
9062
9075
9087
9100
9087
9100
9112
9125
9150
9200
9250
9287
9362
9425
9487
9550
9612
9675
9712
9750
9762
9750
9737
9725
9687
9650
9612
9575
9537
9500
9462
9450
9412
9400
9387
9400
9412
9425
9437
9450
9462
9450
9462
9450
9437
9425
9412
9375
9362
9350
9350
9337
9325
9312
9325
9312
9325
9337
9325
9312
9300
9287
9262
9262
9237
9212
9162
9150
9112
9100
9087
9100
9087
9100
9087
9100
9087
9100
9087
9100
9087
9100
9087
9100
9087
9075
9062
9050
9037
9025
9037
9025
9037
9025
9037
9025
9037
9025
9037
9025
9037
9025
9037
9025
9037
9025
9012
9000
8987
8975
8962
8950
8937
8925
8912
8900
8912
8900
8912
8900
8912
8900
8912
8900
8912
8925
8962
8975
9012
9050
9062
9075
9087
9100
9087
9100
9087
9100
9087
9075
9062
9050
9037
9025
9037
9025
9037
9025
9037
9050
9087
9125
9187
9250
9300
9362
9425
9487
9550
9612
9675
9737
9787
9825
9862
9900
9937
9950
9987
10025
10025
10037
10050
10062
10050
10050
10037
10025
9987
9950
9912
9875
9825
9787
9762
9737
9712
9700
9712
9700
9712
9700
9712
9700
9712
9700
9687
9650
9612
9575
9525
9475
9425
9375
9325
9300
9287
9275
9287
9275
9287
9275
9262
9225
9212
9175
9137
9125
9112
9075
9037
9025
8987
8950
8937
8925
8887
8875
8862
8825
8787
8775
8775
8762
8775
8800
8812
8825
8837
8850
8837
8850
8837
8850
8837
8850
8837
8850
8837
8850
8837
8850
8837
8850
8837
8850
8837
8850
8862
8875
8887
8900
8912
8900
8912
8900
8887
8875
8862
8850
8837
8825
8812
8800
8800
8787
8800
8787
8800
8787
8800
8800
8812
8825
8862
8875
8887
8900
8912
8900
8912
8900
8887
8875
8862
8825
8812
8800
8775
8762
8750
8750
8750
8775
8787
8837
8875
8937
9000
9062
9125
9187
9250
9300
9362
9400
9437
9475
9512
9512
9537
9537
9512
9487
9475
9437
9425
9412
9400
9387
9400
9387
9400
9387
9400
9412
9425
9437
9475
9475
9487
9525
9537
9550
9575
9587
9575
9562
9525
9487
9450
9412
9375
9337
9325
9300
9287
9300
9312
9325
9350
9362
9375
9412
9425
9437
9450
9462
9450
9437
9425
9437
9425
9412
9425
9412
9375
9362
9350
9325
9287
9250
9212
9175
9162
9150
9137
9125
9112
9075
9062
9075
9062
9050
9037
9025
8987
8975
8962
8975
8962
8975
8962
8950
8937
8925
8887
8887
8875
8837
8825
8812
8800
8800
8812
8825
8862
8875
8887
8900
8912
8900
8912
8900
8912
8900
8887
8875
8862
8850
8862
8875
8887
8925
8962
8975
9012
9050
9062
9075
9087
9075
9062
9050
9037
9050
9062
9075
9112
9150
9187
9250
9300
9375
9450
9525
9600
9675
9737
9787
9850
9887
9925
9937
9925
9912
9900
9850
9825
9825
9812
9787
9775
9762
9725
9712
9725
9737
9750
9762
9775
9762
9750
9737
9725
9712
9700
9712
9700
9687
9675
9662
9650
9637
9625
9612
9600
9587
9562
9562
9562
9562
9562
9575
9587
9575
9587
9575
9562
9550
9537
9500
9487
9475
9437
9425
9400
9375
9350
9350
9325
9337
9325
9337
9325
9325
9312
9300
9287
9300
9312
9300
9312
9300
9287
9275
9287
9262
9262
9262
9262
9262
9275
9262
9250
9237
9225
9200
9200
9200
9200
9200
9212
9225
9212
9225
9212
9225
9212
9225
9212
9225
9237
9250
9262
9275
9300
9287
9275
9262
9237
9212
9200
9212
9200
9200
9187
9175
9162
9150
9162
9175
9187
9200
9212
9225
9212
9225
9237
9275
9287
9325
9350
9387
9400
9437
9475
9512
9550
9612
9675
9737
9800
9875
9950
10025
10100
10162
10225
10262
10300
10312
10325
10312
10300
10262
10225
10162
10100
10062
10025
9987
9975
9987
9975
9962
9950
9912
9850
9812
9787
9750
9712
9700
9662
9650
9637
9625
9612
9625
9612
9625
9637
9650
9637
9650
9637
9625
9612
9600
9562
9550
9537
9500
9487
9475
9437
9425
9412
9400
9387
9375
9362
9375
9362
9375
9412
9425
9437
9450
9462
9450
9437
9425
9412
9375
9362
9375
9362
9375
9387
9400
9387
9400
9387
9400
9412
9425
9412
9425
9437
9425
9437
9475
9487
9500
9512
9500
9487
9500
9487
9475
9487
9475
9437
9425
9412
9400
9387
9400
9387
9400
9387
9375
9362
9375
9362
9375
9387
9400
9387
9400
9387
9400
9412
9450
9487
9550
9612
9675
9737
9787
9850
9912
9975
10012
10050
10062
10075
10062
10075
10062
10075
10062
10075
10062
10050
10012
10000
9962
9925
9912
9900
9887
9900
9912
9925
9962
9975
9987
10000
9987
9975
9962
9925
9912
9900
9887
9862
9862
9837
9837
9825
9837
9837
9850
9862
9875
9887
9900
9912
9900
9887
9875
9837
9837
9825
9837
9825
9812
9800
9812
9800
9812
9825
9812
9775
9737
9700
9650
9625
9600
9600
9600
9612
9625
9637
9650
9637
9650
9637
9650
9637
9625
9587
9550
9512
9475
9462
9450
9437
9425
9437
9425
9437
9450
9462
9450
9462
9450
9462
9450
9462
9450
9462
9450
9437
9425
9400
9387
9375
9400
9400
9437
9437
9462
9450
9462
9450
9462
9475
9487
9500
9537
9575
9612
9675
9737
9787
9850
9912
9987
10037
10087
10137
10187
10200
10237
10250
10262
10250
10262
10250
10237
10225
10212
10175
10162
10150
10112
10100
10087
10075
10062
10075
10062
10075
10062
10075
10062
10050
10037
10025
9987
9975
9950
9900
9850
9800
9762
9750
9737
9725
9737
9750
9737
9750
9762
9775
9762
9775
9762
9775
9762
9775
9762
9750
9712
9700
9662
9625
9612
9600
9562
9550
9537
9525
9512
9487
9475
9462
9450
9437
9437
9425
9412
9400
9387
9400
9387
9400
9387
9400
9412
9425
9437
9450
9462
9450
9462
9475
9487
9500
9537
9550
9562
9600
9612
9625
9662
9675
9687
9700
9712
9700
9712
9700
9712
9700
9712
9725
9737
9725
9712
9700
9662
9650
9637
9625
9587
9550
9487
9450
9412
9400
9387
9400
9387
9375
9362
9350
9350
9337
9350
9337
9350
9337
9350
9375
9425
9450
9500
9537
9587
9637
9712
9775
9850
9912
9975
10037
10112
10187
10262
10312
10362
10375
10387
10375
10387
10375
10362
10350
10337
10300
10262
10250
10212
10200
10212
10225
10237
10250
10262
10275
10287
10275
10287
10300
10287
10275
10262
10250
10212
10175
10162
10150
10137
10125
10112
10100
10087
10075
10062
10075
10062
10075
10062
10075
10062
10075
10062
10075
10062
10075
10062
10075
10062
10050
10037
10025
9987
9950
9912
9850
9812
9787
9750
9737
9725
9687
9650
9612
9575
9537
9525
9512
9525
9512
9525
9512
9500
9500
9500
9500
9500
9525
9512
9525
9512
9525
9512
9525
9512
9525
9512
9525
9512
9525
9512
9525
9512
9525
9500
9500
9475
9475
9450
9462
9437
9437
9437
9437
9437
9450
9462
9450
9462
9475
9487
9475
9500
9525
9525
9550
9575
9587
9575
9587
9575
9587
9575
9562
9550
9562
9550
9537
9550
9537
9500
9500
9500
9512
9525
9562
9562
9587
9600
9637
9675
9737
9787
9862
9937
10012
10087
10162
10225
10262
10300
10312
10325
10312
10325
10312
10300
10287
10275
10262
10250
10262
10250
10262
10250
10262
10250
10262
10250
10237
10225
10212
10175
10137
10100
10037
9975
9950
9912
9900
9912
9925
9937
9962
9987
9987
10012
10000
9987
9975
9962
9925
9912
9900
9887
9875
9887
9875
9887
9875
9862
9825
9787
9762
9725
9712
9700
9712
9700
9712
9700
9712
9687
9687
9662
9662
9637
9650
9637
9650
9662
9700
9712
9750
9762
9775
9762
9775
9762
9775
9762
9775
9762
9750
9712
9675
9612
9575
9537
9500
9487
9475
9462
9450
9462
9450
9462
9450
9462
9475
9487
9475
9500
9500
9475
9475
9475
9462
9450
9462
9450
9437
9425
9412
9400
9412
9412
9412
9412
9412
9412
9425
9437
9475
9512
9550
9612
9675
9737
9787
9850
9912
9975
10037
10112
10162
10212
10262
10312
10325
10362
10387
10400
10387
10400
10412
10400
10387
10400
10387
10387
10375
10387
10375
10362
10350
10337
10325
10312
10325
10312
10325
10312
10325
10312
10300
10287
10275
10237
10200
10162
10125
10087
10050
10012
9975
9937
9900
9887
9875
9862
9850
9837
9837
9837
9850
9862
9875
9887
9875
9887
9875
9887
9875
9887
9875
9862
9850
9837
9837
9825
9812
9812
9812
9787
9787
9787
9787
9800
9825
9850
9875
9887
9900
9900
9900
9900
9900
9875
9862
9850
9837
9837
9825
9837
9825
9837
9825
9837
9825
9837
9825
9837
9837
9850
9837
9825
9787
9737
9700
9662
9650
9637
9625
9612
9600
9587
9575
9587
9562
9562
9562
9562
9562
9575
9562
9550
9537
9525
9512
9525
9537
9550
9537
9550
9537
9525
9512
9525
9512
9525
9512
9525
9512
9525
9537
9550
9562
9600
9612
9625
9662
9700
9737
9787
9850
9912
9975
10037
10075
10112
10150
10187
10225
10287
10337
10375
10412
10425
10437
10425
10437
10425
10412
10400
10387
10387
10375
10387
10387
10400
10412
10425
10437
10450
10462
10475
10512
10525
10537
10550
10562
10550
10537
10500
10462
10400
10337
10312
10275
10237
10200
10187
10150
10112
10100
10087
10050
10037
10050
10037
10025
10037
10025
10012
10000
10012
10000
9987
9975
9962
9950
9937
9925
9912
9900
9887
9875
9862
9850
9837
9812
9775
9762
9725
9687
9675
9662
9650
9637
9650
9637
9625
9612
9600
9587
9575
9587
9575
9587
9575
9587
9575
9587
9575
9587
9575
9562
9550
9537
9525
9512
9525
9512
9525
9500
9500
9475
9475
9450
9462
9450
9462
9450
9462
9437
9437
9437
9437
9412
9425
9412
9400
9387
9400
9387
9400
9412
9425
9437
9450
9437
9425
9412
9400
9387
9400
9387
9400
9412
9425
9437
9475
9487
9500
9512
9525
9537
9550
9562
9575
9587
9600
9637
9675
9737
9775
9812
9862
9912
9962
10037
10100
10162
10225
10287
10337
10375
10412
10450
10462
10475
10512
10525
10537
10550
10537
10500
10487
10450
10437
10425
10412
10400
10387
10362
10325
10312
10275
10237
10225
10212
10175
10162
10150
10137
10125
10137
10150
10162
10150
10162
10150
10112
10075
10062
10025
10012
9987
9962
9937
9912
9862
9850
9862
9850
9862
9900
9912
9925
9962
9975
9987
10000
10012
10000
9987
9950
9912
9850
9787
9762
9725
9687
9675
9662
9625
9625
9625
9600
9600
9600
9587
9575
9587
9600
9612
9625
9637
9650
9662
9675
9687
9725
9737
9750
9762
9750
9737
9725
9712
9700
9712
9700
9712
9700
9712
9700
9712
9700
9712
9725
9737
9750
9762
9775
9762
9775
9762
9775
9762
9775
9762
9775
9787
9787
9787
9812
9812
9812
9837
9850
9862
9900
9912
9925
9937
9950
9937
9925
9887
9875
9837
9812
9775
9762
9725
9712
9725
9762
9787
9862
9937
10012
10100
10187
10262
10325
10400
10462
10500
10537
10550
10537
10500
10487
10450
10437
10425
10437
10425
10412
10400
10387
10387
10362
10362
10362
10362
10362
10387
10400
10387
10400
10387
10387
10375
10362
10350
10337
10300
10287
10275
10237
10225
10212
10200
10187
10200
10187
10200
10187
10212
10212
10212
10212
10237
10225
10237
10250
10262
10250
10237
10200
10187
10150
10112
10100
10087
10075
10062
10075
10062
10075
10087
10100
10112
10125
10137
10125
10137
10125
10137
10150
10162
10150
10162
10150
10137
10125
10137
10150
10162
10175
10187
10200
10187
10175
10162
10150
10137
10125
10112
10100
10087
10050
10012
10000
9962
9950
9937
9950
9937
9950
9937
9925
9887
9850
9812
9787
9775
9762
9775
9762
9750
9737
9712
9687
9687
9687
9662
9675
9662
9625
9612
9600
9587
9600
9612
9600
9612
9625
9637
9650
9687
9725
9762
9787
9825
9875
9925
9975
10025
10100
10162
10225
10287
10337
10375
10412
10425
10437
10425
10412
10375
10362
10337
10325
10312
10325
10337
10362
10387
10412
10437
10425
10412
10400
10387
10362
10350
10337
10300
10262
10250
10212
10175
10162
10150
10137
10125
10137
10125
10137
10150
10162
10175
10187
10200
10187
10200
10187
10200
10187
10175
10137
10125
10087
10050
10037
10025
9987
9950
9912
9850
9812
9787
9775
9762
9775
9762
9750
9737
9750
9737
9750
9762
9750
9737
9725
9687
9650
9637
9600
9587
9575
9562
9550
9562
9550
9562
9600
9612
9625
9637
9650
9662
9675
9687
9725
9737
9725
9737
9725
9687
9650
9637
9600
9562
9550
9537
9500
9487
9500
9487
9500
9537
9550
9562
9575
9587
9575
9587
9575
9587
9575
9562
9550
9537
9525
9512
9525
9537
9575
9612
9675
9737
9787
9850
9912
9975
10037
10100
10162
10225
10287
10325
10362
10375
10387
10375
10387
10387
10387
10362
10362
10337
10325
10312
10300
10287
10275
10262
10250
10237
10225
10212
10200
10187
10200
10187
10200
10187
10175
10162
10150
10100
10087
10075
10037
10000
10000
9987
9975
10000
10012
10025
10012
10025
10025
10037
10025
10037
10025
9987
9975
9962
9925
9912
9900
9887
9875
9862
9850
9837
9812
9800
9787
9750
9737
9725
9712
9700
9712
9700
9712
9700
9712
9700
9687
9675
9662
9650
9637
9650
9637
9625
9587
9575
9537
9500
9487
9475
9462
9450
9437
9425
9437
9425
9437
9450
9475
9475
9500
9500
9537
9537
9575
9587
9600
9575
9575
9537
9500
9487
9475
9462
9450
9462
9450
9462
9450
9437
9425
9412
9400
9412
9425
9437
9450
9462
9475
9512
9525
9562
9575
9587
9575
9587
9600
9612
9625
9637
9650
9662
9700
9737
9787
9850
9912
9987
10062
10137
10212
10287
10337
10400
10462
10525
10587
10650
10712
10750
10762
10775
10762
10750
10737
10725
10712
10700
10662
10625
10587
10550
10512
10500
10487
10500
10487
10500
10487
10500
10512
10550
10562
10575
10587
10575
10537
10525
10500
10450
10400
10375
10337
10300
10287
10275
10262
10250
10262
10250
10262
10275
10287
10300
10337
10350
10362
10387
10400
10412
10450
10487
10500
10512
10525
10512
10475
10437
10400
10337
10287
10225
10187
10150
10112
10100
10087
10075
10062
10075
10062
10075
10062
10075
10062
10075
10062
10075
10062
10075
10062
10075
10062
10075
10062
10050
10037
10025
9987
9975
9962
9950
9937
9950
9937
9950
9962
9975
9962
9975
9987
9975
9987
10000
9987
9975
9962
9925
9912
9925
9912
9925
9937
9950
9937
9950
9937
9950
9937
9950
9937
9950
9937
9950
9962
9975
9987
10000
9987
9975
9962
9925
9912
9925
9937
9975
10037
10100
10162
10225
10287
10337
10400
10462
10525
10587
10662
10712
10762
10812
10837
10850
10862
10875
10862
10850
10837
10825
10787
10750
10737
10687
10637
10612
10587
10562
10550
10562
10550
10562
10550
10562
10550
10562
10550
10562
10575
10587
10575
10562
10525
10462
10425
10387
10362
10325
10287
10250
10212
10200
10187
10200
10212
10225
10237
10250
10262
10250
10262
10250
10262
10250
10262
10250
10262
10237
10212
10187
10162
10112
10100
10087
10075
10062
10075
10062
10075
10087
10100
10112
10150
10162
10175
10187
10200
10187
10175
10162
10150
10137
10125
10137
10125
10112
10062
10037
9987
9937
9887
9875
9837
9837
9825
9837
9825
9812
9800
9787
9750
9737
9725
9712
9700
9687
9675
9662
9625
9612
9600
9587
9575
9562
9550
9537
9500
9487
9475
9462
9450
9437
9425
9437
9425
9412
9425
9412
9400
9412
9425
9450
9462
9475
9487
9500
9500
9537
9550
9562
9575
9587
9600
9612
9625
9662
9700
9737
9787
9862
9937
10012
10087
10162
10225
10287
10325
10362
10387
10400
10412
10450
10487
10500
10537
10550
10562
10550
10537
10500
10462
10400
10362
10362
10362
10375
10412
10425
10437
10425
10437
10425
10437
10425
10412
10400
10387
10362
10325
10312
10275
10237
10225
10212
10200
10212
10225
10237
10250
10262
10250
10262
10250
10262
10275
10287
10300
10312
10325
10312
10325
10312
10325
10312
10325
10312
10325
10312
10325
10312
10325
10312
10325
10312
10325
10312
10325
10312
10300
10300
10300
10300
10325
10350
10337
10350
10337
10325
10312
10325
10312
10325
10312
10325
10312
10300
10287
10275
10262
10250
10262
10275
10275
10275
10275
10275
10250
10262
10250
10225
10200
10175
10150
10150
10162
10175
10187
10200
10187
10175
10162
10175
10162
10175
10187
10175
10162
10175
10162
10150
10175
10175
10150
10150
10150
10137
10150
10187
10225
10287
10337
10400
10462
10525
10587
10650
10712
10775
10862
10925
10987
11025
11050
11037
11025
10987
10950
10887
10850
10825
10787
10775
10762
10750
10737
10725
10712
10700
10662
10650
10637
10600
10600
10587
10575
10562
10575
10575
10587
10600
10637
10650
10637
10650
10637
10600
10587
10575
10562
10550
10537
10500
10487
10450
10437
10425
10412
10375
10362
10337
10300
10287
10275
10262
10250
10262
10250
10237
10225
10212
10200
10187
10200
10187
10200
10187
10200
10212
10225
10237
10250
10237
10225
10212
10200
10187
10200
10187
10200
10187
10200
10187
10175
10175
10175
10150
10125
10125
10087
10075
10050
10050
10025
10025
10025
10037
10050
10087
10100
10087
10112
10112
10112
10112
10137
10125
10137
10125
10112
10100
10087
10050
10037
10025
10012
10000
10012
10000
10012
10000
10012
10025
10037
10050
10062
10075
10062
10075
10062
10075
10087
10125
10137
10175
10212
10262
10300
10375
10450
10525
10587
10650
10687
10737
10787
10825
10875
10950
11012
11075
11137
11175
11187
11200
11187
11150
11137
11125
11087
11075
11050
11025
11000
10975
10925
10912
10875
10875
10862
10850
10837
10850
10837
10825
10837
10825
10812
10800
10787
10750
10737
10700
10662
10612
10587
10537
10512
10487
10500
10487
10500
10487
10500
10487
10500
10487
10500
10487
10475
10462
10450
10437
10412
10425
10412
10400
10387
10387
10362
10325
10312
10262
10237
10212
10187
10162
10150
10137
10125
10137
10125
10137
10150
10162
10175
10187
10212
10212
10212
10212
10212
10200
10187
10200
10187
10200
10187
10200
10187
10200
10187
10200
10187
10200
10187
10200
10212
10225
10237
10250
10262
10250
10237
10225
10212
10200
10187
10175
10162
10150
10137
10125
10137
10125
10137
10125
10137
10125
10137
10125
10137
10125
10137
10150
10162
10175
10187
10200
10187
10200
10187
10175
10137
10100
10037
10000
9962
9950
9962
10000
10012
10062
10087
10125
10162
10225
10275
10337
10400
10462
10525
10587
10625
10675
10737
10787
10825
10862
10862
10850
10825
10787
10750
10712
10675
10637
10625
10612
10625
10612
10625
10637
10675
10687
10725
10737
10750
10737
10750
10737
10725
10687
10675
10637
10600
10562
10550
10512
10500
10487
10500
10487
10500
10487
10500
10512
10525
10537
10575
10587
10600
10612
10625
10612
10625
10612
10600
10587
10575
10562
10550
10525
10500
10500
10475
10450
10462
10475
10487
10500
10537
10575
10612
10650
10687
10700
10687
10675
10637
10600
10562
10550
10512
10500
10487
10475
10475
10475
10475
10475
10500
10512
10525
10512
10525
10512
10500
10487
10500
10487
10475
10462
10437
10412
10387
10362
10350
10337
10300
10287
10275
10262
10250
10262
10275
10287
10300
10337
10350
10362
10375
10387
10375
10387
10387
10400
10412
10425
10437
10425
10437
10425
10437
10450
10462
10475
10487
10500
10512
10525
10537
10575
10612
10625
10662
10700
10737
10775
10825
10887
10950
11012
11075
11137
11200
11262
11300
11337
11350
11362
11350
11337
11325
11312
11275
11237
11225
11187
11175
11162
11175
11162
11175
11187
11200
11187
11200
11187
11150
11137
11125
11087
11050
11012
10975
10937
10900
10887
10875
10850
10850
10875
10875
10900
10950
10962
10962
10975
10987
10975
10962
10925
10912
10875
10875
10862
10850
10837
10850
10825
10825
10850
10850
10825
10812
10800
10762
10750
10737
10725
10687
10675
10637
10600
10587
10575
10537
10525
10512
10500
10487
10500
10487
10500
10487
10500
10487
10500
10487
10500
10487
10500
10487
10500
10487
10500
10487
10500
10487
10475
10437
10400
10337
10287
10250
10212
10175
10162
10150
10137
10125
10137
10162
10212
10262
10325
10400
10462
10525
10587
10650
10712
10775
10825
10887
10950
11012
11050
11087
11125
11137
11125
11137
11125
11112
11100
11087
11075
11062
11050
11062
11075
11087
11100
11112
11100
11087
11075
11062
11050
11037
11050
11037
11025
10987
10975
10937
10900
10887
10875
10875
10862
10875
10862
10875
10862
10850
10812
10775
10737
10700
10687
10675
10662
10625
10612
10575
10537
10525
10512
10500
10487
10500
10487
10500
10487
10475
10462
10450
10437
10425
10437
10425
10437
10425
10437
10425
10437
10425
10412
10400
10387
10362
10350
10337
10300
10287
10275
10237
10225
10212
10200
10212
10250
10287
10325
10337
10350
10362
10350
10362
10375
10362
10325
10275
10225
10175
10150
10125
10137
10125
10137
10125
10137
10150
10187
10225
10262
10300
10312
10325
10312
10325
10312
10325
10337
10362
10400
10462
10525
10587
10650
10712
10775
10825
10887
10950
11025
11100
11175
11250
11325
11375
11437
11462
11487
11512
11512
11487
11475
11437
11375
11350
11312
11300
11287
11300
11287
11300
11287
11300
11287
11300
11312
11325
11312
11300
11262
11187
11112
11037
10987
10937
10900
10862
10812
10787
10750
10737
10750
10800
10825
10862
10900
10937
10950
10962
10975
10987
10975
10962
10925
10912
10875
10875
10862
10875
10850
10825
10800
10775
10725
10712
10700
10687
10675
10687
10712
10737
10737
10762
10762
10750
10737
10750
10737
10750
10762
10775
10787
10825
10837
10850
10862
10875
10875
10887
10900
10912
10925
10912
10900
10887
10875
10875
10862
10837
10812
10787
10762
10737
10750
10725
10725
10700
10700
10675
10687
10675
10662
10650
10637
10625
10612
10600
10587
10575
10562
10550
10562
10550
10537
10525
10512
10475
10462
10450
10412
10400
10412
10425
10462
10500
10550
10600
10650
10700
10775
10825
10887
10950
11012
11075
11137
11200
11262
11325
11375
11437
11500
11537
11550
11537
11500
11437
11375
11325
11287
11250
11237
11225
11212
11200
11187
11175
11162
11175
11162
11175
11162
11150
11137
11125
11087
11050
11012
10950
10887
10850
10825
10787
10775
10787
10775
10787
10825
10850
10862
10900
10937
10950
10962
11000
11000
11000
11000
10975
10912
10887
10837
10800
10750
10712
10675
10637
10625
10637
10675
10687
10725
10762
10775
10787
10800
10812
10800
10812
10800
10812
10800
10812
10800
10812
10800
10812
10825
10837
10850
10875
10887
10900
10912
10925
10912
10900
10887
10875
10850
10812
10775
10712
10675
10637
10600
10587
10575
10562
10550
10562
10550
10562
10550
10537
10525
10512
10500
10487
10475
10462
10450
10437
10450
10500
10550
10625
10700
10775
10825
10887
10950
11012
11075
11137
11200
11262
11325
11375
11412
11425
11412
11362
11325
11275
11250
11225
11237
11225
11237
11225
11237
11250
11262
11275
11287
11275
11237
11200
11162
11125
11087
11050
11037
11000
10962
10925
10912
10875
10875
10875
10887
10900
10937
10975
10987
11025
11062
11075
11087
11100
11112
11100
11112
11100
11087
11075
11062
11025
10987
10975
10937
10925
10912
10887
10875
10862
10862
10850
10875
10862
10875
10875
10887
10900
10912
10925
10937
10950
10962
10975
10987
11000
11012
11025
11037
11025
11012
11000
10962
10950
10937
10925
10912
10925
10912
10900
10887
10875
10875
10862
10875
10862
10850
10837
10825
10787
10775
10762
10725
10712
10700
10662
10625
10612
10575
10537
10525
10512
10475
10437
10425
10387
10387
10375
10387
10387
10437
10487
10562
10650
10712
10775
10825
10887
10937
11012
11075
11137
11175
11225
11250
11275
11300
11350
11362
11400
11425
11462
11475
11512
11550
11562
11575
11587
11612
11612
11637
11637
11662
11650
11662
11650
11662
11650
11662
11650
11637
11625
11612
11600
11587
11575
11562
11550
11537
11512
11512
11487
11487
11462
11450
11437
11425
11400
11387
11375
11362
11350
11337
11300
11287
11250
11212
11175
11162
11112
11100
11087
11075
11062
11062
11025
10987
10950
10912
10875
10850
10837
10825
10787
10775
10762
10750
10737
10750
10737
10750
10762
10800
10812
10825
10837
10825
10812
10800
10787
10775
10762
10750
10737
10725
10712
10725
10712
10700
10725
10750
10750
10750
10775
10762
10725
10712
10700
10662
10625
10612
10600
10587
10600
10612
10600
10587
10575
10562
10550
10562
10550
10562
10550
10562
10550
10562
10550
10562
10550
10537
10500
10462
10425
10412
10400
10387
10400
10387
10387
10387
10400
10412
10450
10487
10500
10537
10575
10612
10650
10712
10775
10825
10887
10950
11012
11075
11137
11200
11262
11325
11375
11437
11475
11512
11525
11537
11525
11537
11525
11537
11525
11512
11500
11487
11475
11462
11475
11462
11450
11412
11400
11375
11362
11350
11362
11350
11337
11325
11312
11275
11262
11250
11212
11175
11137
11100
11050
11025
11000
10975
10950
10937
10925
10912
10925
10912
10925
10912
10925
10912
10900
10862
10850
10825
10787
10775
10762
10712
10687
10662
10637
10612
10625
10612
10625
10612
10625
10612
10625
10637
10637
10637
10637
10612
10562
10550
10512
10500
10487
10500
10487
10500
10487
10500
10487
10500
10487
10500
10487
10500
10487
10500
10487
10500
10487
10500
10512
10550
10562
10600
10637
10650
10662
10675
10662
10650
10637
10600
10587
10575
10537
10525
10537
10562
10587
10637
10662
10687
10675
10687
10700
10712
10700
10712
10700
10700
10725
10775
10800
10825
10837
10850
10850
10887
10950
11012
11075
11137
11200
11262
11325
11375
11437
11500
11537
11575
11587
11600
11587
11575
11562
11550
11537
11550
11587
11625
11662
11700
11712
11700
11687
11675
11637
11600
11562
11525
11487
11475
11462
11450
11412
11400
11375
11362
11350
11362
11350
11362
11375
11400
11437
11500
11537
11575
11612
11612
11612
11612
11587
11537
11525
11487
11450
11437
11425
11400
11387
11375
11337
11325
11312
11275
11237
11225
11212
11200
11212
11225
11212
11200
11212
11200
11212
11225
11237
11225
11212
11175
11162
11125
11112
11100
11112
11100
11087
11050
11037
11000
10962
10950
10962
10950
10962
10975
10962
10950
10937
10900
10887
10875
10875
10862
10850
10812
10800
10762
10725
10712
10700
10687
10675
10662
10650
10637
10625
10612
10625
10612
10637
10625
10637
10625
10637
10637
10650
10662
10675
10687
10675
10687
10675
10687
10675
10662
10650
10662
10675
10712
10775
10825
10887
10950
11025
11100
11175
11250
11325
11375
11437
11500
11537
11575
11587
11575
11537
11500
11462
11425
11400
11387
11375
11362
11350
11362
11375
11387
11375
11387
11400
11387
11375
11362
11350
11312
11275
11262
11250
11237
11225
11237
11225
11237
11250
11262
11275
11312
11325
11312
11300
11300
11262
11225
11212
11200
11150
11112
11100
11062
11050
11037
11025
11012
11000
10962
10950
10937
10925
10912
10925
10912
10925
10912
10925
10912
10900
10887
10875
10875
10862
10875
10862
10850
10812
10775
10737
10700
10662
10650
10637
10625
10612
10625
10637
10650
10662
10700
10712
10725
10737
10750
10737
10750
10737
10750
10737
10750
10737
10750
10762
10775
10787
10800
10812
10825
10825
10825
10825
10825
10800
10812
10800
10812
10800
10787
10775
10762
10750
10737
10750
10737
10750
10762
10800
10812
10850
10875
10912
10950
11012
11075
11137
11200
11262
11325
11375
11437
11500
11562
11600
11637
11650
11637
11625
11600
11575
11550
11525
11475
11437
11400
11375
11362
11350
11362
11350
11362
11350
11337
11300
11262
11200
11162
11112
11087
11062
11037
10987
10975
10937
10925
10912
10925
10912
10925
10912
10925
10912
10925
10937
10950
10962
10975
10987
10975
10962
10925
10912
10875
10850
10837
10825
10787
10750
10712
10675
10637
10625
10612
10600
10587
10575
10562
10550
10537
10525
10537
10525
10537
10550
10537
10537
10537
10512
10512
10512
10500
10487
10500
10487
10475
10462
10450
10437
10425
10437
10425
10437
10425
10437
10425
10437
10425
10437
10450
10462
10475
10487
10500
10512
10525
10512
10525
10512
10500
10487
10500
10512
10525
10537
10575
10587
10600
10637
10687
10737
10800
10875
10950
11012
11075
11112
11162
11212
11262
11312
11375
11437
11475
11512
11550
11562
11575
11587
11600
11587
11600
11587
11600
11587
11600
11587
11575
11562
11575
11562
11575
11587
11600
11575
11575
11550
11525
11475
11437
11375
11325
11262
11200
11137
11100
11062
11050
11037
11025
11012
11025
11012
11025
11037
11025
10987
10975
10937
10900
10887
10875
10875
10862
10875
10862
10850
10837
10825
10812
10800
10787
10775
10762
10750
10737
10750
10737
10750
10762
10775
10787
10800
10812
10800
10812
10825
10837
10850
10862
10875
10862
10875
10862
10875
10862
10875
10862
10875
10862
10875
10862
10875
10862
10875
10850
10850
10825
10825
10800
10812
10800
10812
10800
10787
10775
10762
10725
10712
10700
10687
10675
10687
10675
10687
10675
10687
10675
10687
10700
10712
10725
10737
10750
10737
10750
10737
10750
10762
10800
10825
10900
10975
11050
11125
11200
11262
11325
11387
11462
11537
11612
11662
11700
11712
11725
11712
11725
11712
11700
11662
11625
11587
11550
11512
11500
11487
11475
11462
11475
11462
11475
11462
11475
11462
11475
11462
11450
11412
11375
11325
11262
11200
11137
11100
11062
11025
11012
11025
11037
11075
11112
11150
11187
11200
11212
11225
11212
11200
11187
11150
11137
11125
11087
11050
11012
10950
10912
10875
10875
10875
10887
10900
10937
10950
10962
10975
10987
11000
11012
11000
11012
11000
10962
10925
10887
10850
10825
10812
10800
10812
10800
10812
10800
10812
10825
10850
10862
10900
10912
10900
10887
10875
10875
10862
10875
10862
10875
10875
10887
10875
10887
10875
10875
10862
10850
10812
10775
10737
10700
10687
10675
10687
10675
10662
10650
10637
10625
10612
10625
10637
10675
10712
10775
10812
10850
10875
10912
10950
11012
11075
11137
11200
11262
11325
11375
11437
11475
11512
11550
11562
11575
11587
11575
11562
11550
11512
11475
11462
11412
11400
11400
11400
11375
11387
11400
11387
11375
11387
11375
11362
11350
11337
11300
11262
11200
11162
11125
11087
11050
11037
11000
10962
10925
10912
10900
10887
10875
10887
10875
10875
10862
10875
10862
10850
10837
10825
10787
10775
10762
10750
10737
10750
10737
10750
10737
10750
10737
10750
10737
10750
10737
10725
10687
10675
10637
10625
10612
10625
10612
10625
10612
10600
10562
10550
10512
10475
10462
10450
10437
10425
10412
10400
10387
10362
10350
10362
10350
10362
10375
10387
10375
10387
10375
10387
10375
10362
10350
10337
10300
10262
10250
10212
10200
10212
10225
10237
10250
10262
10250
10262
10250
10237
10225
10212
10200
10187
10175
10137
10125
10087
10075
10062
10087
10112
10137
10162
10212
10250
10287
10350
10425
10500
10575
10650
10712
10775
10825
10887
10950
11012
11050
11087
11100
11087
11075
11062
11050
11062
11100
11137
11200
11237
11275
11287
11300
11287
11300
11287
11300
11287
11275
11237
11225
11187
11150
11112
11100
11062
11050
11037
11050
11037
11050
11037
11050
11062
11075
11087
11125
11137
11125
11137
11125
11087
11050
11037
11000
10987
10975
10962
10925
10912
10875
10837
10812
10787
10762
10737
10750
10737
10750
10737
10750
10737
10750
10737
10750
10737
10750
10737
10750
10737
10750
10737
10750
10737
10750
10737
10750
10762
10800
10812
10850
10875
10887
10875
10887
10875
10875
10862
10850
10812
10800
10762
10750
10737
10750
10737
10725
10687
10675
10637
10637
10662
10687
10712
10762
10775
10787
10800
10812
10800
10787
10775
10762
10725
10712
10700
10662
10650
10637
10625
10612
10625
10612
10625
10637
10650
10662
10700
10737
10775
10825
10887
10950
11012
11075
11137
11200
11262
11325
11375
11437
11475
11512
11550
11550
11562
11575
11587
11575
11600
11587
11575
11537
11525
11487
11450
11412
11400
11375
11362
11350
11362
11375
11387
11400
11412
11425
11425
11437
11425
11412
11375
11350
11300
11250
11200
11175
11125
11087
11050
11037
11025
11012
11000
11012
11025
11037
11050
11087
11100
11087
11075
11062
11050
11037
11025
11012
11000
10962
10950
10937
10925
10912
10925
10912
10925
10937
10937
10937
10962
10962
10937
10950
10962
10950
10937
10950
10937
10925
10912
10925
10912
10900
10887
10875
10875
10862
10850
10837
10825
10787
10775
10762
10725
10712
10700
10662
10650
10637
10600
10587
10575
10537
10525
10512
10475
10462
10450
10437
10425
10437
10425
10437
10425
10437
10450
10462
10475
10487
10512
10500
10525
10550
10575
10587
10612
10625
10637
10650
10662
10700
10737
10750
10787
10825
10850
10862
10900
10937
10950
10962
11000
11037
11075
11150
11225
11300
11400
11500
11562
11625
11675
11712
11750
11787
11825
11837
11825
11812
11800
11787
11775
11762
11750
11725
11700
11675
11650
11625
11612
11600
11587
11600
11587
11575
11562
11575
11562
11550
11562
11550
11537
11525
11537
11525
11537
11525
11537
11525
11512
11475
11462
11425
11400
11387
11375
11362
11350
11362
11375
11387
11400
11425
11437
11450
11487
11500
11487
11475
11437
11400
11375
11337
11325
11312
11275
11262
11250
11212
11200
11187
11150
11137
11125
11087
11075
11062
11050
11037
11050
11037
11050
11062
11075
11087
11100
11112
11125
11137
11150
11187
11200
11212
11250
11287
11300
11337
11350
11362
11375
11387
11400
11412
11425
11412
11425
11412
11425
11425
11437
11450
11462
11475
11462
11450
11450
11450
11425
11400
11400
11375
11362
11350
11337
11325
11312
11275
11237
11200
11137
11075
11012
10975
10937
10900
10887
10875
10850
10837
10825
10812
10825
10850
10862
10900
10937
10975
11012
11075
11137
11200
11262
11325
11375
11437
11512
11587
11662
11737
11812
11862
11925
12000
12050
12100
12125
12125
12112
12125
12112
12100
12112
12100
12087
12075
12087
12075
12087
12075
12087
12075
12087
12075
12087
12075
12087
12075
12087
12075
12087
12075
12062
12050
12037
12000
11962
11925
11887
11850
11825
11800
11775
11750
11737
11700
11687
11675
11662
11675
11687
11700
11712
11725
11712
11725
11712
11700
11687
11675
11637
11625
11612
11600
11587
11600
11587
11600
11612
11625
11637
11675
11687
11700
11712
11725
11712
11725
11712
11725
11712
11700
11662
11625
11562
11500
11437
11400
11375
11362
11350
11337
11325
11312
11300
11287
11300
11287
11300
11287
11275
11237
11225
11187
11150
11137
11125
11087
11050
11037
11000
10987
10975
10987
11000
11012
11000
11012
11000
10962
10925
10912
10875
10850
10837
10850
10850
10887
10950
11012
11075
11150
11225
11300
11362
11437
11512
11587
11662
11737
11812
11862
11925
11987
12050
12075
12100
12125
12125
12125
12162
12175
12162
12150
12137
12100
12062
12050
12037
12025
12012
12025
12037
12050
12062
12075
12087
12075
12087
12062
12037
12012
11987
11937
11900
11862
11837
11800
11787
11775
11787
11800
11812
11825
11862
11875
11887
11900
11887
11850
11837
11825
11812
11800
11787
11750
11712
11675
11637
11600
11587
11550
11537
11525
11512
11475
11462
11425
11400
11387
11375
11337
11300
11262
11200
11162
11125
11087
11050
11037
11000
10987
10975
10987
11000
11037
11050
11087
11125
11137
11150
11162
11150
11137
11125
11087
11075
11062
11050
11037
11025
11012
11000
10987
10975
11000
11000
11025
11025
11050
11062
11075
11087
11100
11112
11100
11112
11125
11137
11125
11137
11125
11112
11100
11112
11100
11112
11100
11112
11100
11112
11125
11137
11150
11187
11225
11262
11325
11375
11437
11500
11562
11625
11687
11750
11812
11862
11937
12012
12087
12137
12187
12200
12212
12200
12212
12200
12187
12175
12162
12125
12112
12100
12062
12050
12037
12000
11962
11925
11862
11812
11750
11687
11625
11550
11500
11437
11375
11325
11300
11250
11212
11200
11187
11150
11137
11125
11112
11100
11087
11050
11037
11000
10987
10975
10962
10950
10937
10900
10887
10875
10875
10862
10875
10862
10875
10862
10875
10862
10875
10862
10875
10875
10887
10900
10912
10925
10912
10925
10937
10950
10962
10975
10987
11000
11012
11025
11037
11050
11037
11050
11025
11025
11000
11000
10975
10987
10975
10987
10975
10962
10950
10937
10925
10912
10925
10912
10900
10887
10875
10875
10862
10875
10862
10875
10862
10875
10862
10875
10862
10875
10875
10887
10900
10912
10925
10937
10975
11012
11075
11137
11200
11262
11325
11375
11437
11500
11575
11662
11750
11825
11887
11912
11900
11862
11812
11775
11737
11700
11687
11700
11687
11700
11737
11750
11762
11775
11787
11800
11812
11800
11787
11750
11687
11625
11587
11550
11537
11550
11587
11625
11662
11700
11737
11750
11762
11775
11787
11775
11787
11775
11762
11750
11737
11700
11662
11650
11612
11575
11537
11525
11487
11475
11462
11475
11462
11450
11412
11412
11400
11375
11350
11325
11262
11225
11187
11175
11187
11200
11212
11250
11262
11275
11287
11300
11287
11275
11237
11225
11187
11175
11187
11200
11212
11250
11262
11275
11312
11325
11337
11350
11375
11375
11375
11375
11375
11337
11300
11262
11225
11187
11150
11137
11125
11087
11075
11062
11050
11037
11050
11037
11050
11062
11075
11087
11125
11162
11200
11262
11325
11400
11475
11550
11625
11687
11750
11812
11862
11925
11987
12025
12062
12075
12087
12075
12062
12025
11987
11925
11862
11837
11825
11812
11800
11812
11800
11787
11775
11762
11750
11725
11700
11675
11650
11600
11562
11525
11487
11475
11487
11500
11512
11550
11587
11625
11662
11700
11700
11700
11675
11675
11650
11637
11625
11637
11625
11612
11600
11587
11575
11587
11600
11612
11600
11587
11550
11537
11525
11537
11525
11512
11500
11487
11475
11487
11500
11512
11525
11537
11525
11537
11525
11537
11525
11537
11525
11537
11525
11537
11525
11537
11525
11512
11475
11462
11425
11400
11387
11375
11337
11325
11312
11275
11262
11250
11212
11175
11162
11125
11087
11075
11062
11025
11012
11000
10962
10950
10962
10950
10937
10950
10962
10950
10962
10975
10987
10975
10987
11000
11037
11075
11137
11200
11262
11325
11400
11475
11550
11625
11687
11750
11812
11862
11925
11962
11975
11962
11950
11912
11887
11837
11812
11762
11737
11712
11725
11712
11725
11737
11750
11737
11750
11737
11700
11650
11625
11575
11550
11525
11512
11500
11487
11475
11487
11500
11512
11550
11587
11600
11637
11675
11687
11700
11712
11725
11737
11750
11737
11750
11725
11700
11675
11650
11600
11562
11525
11487
11450
11412
11400
11375
11337
11325
11312
11300
11287
11300
11275
11275
11250
11250
11225
11212
11200
11187
11150
11112
11100
11062
11025
10987
10975
10937
10925
10912
10925
10912
10925
10937
10950
10937
10950
10937
10925
10912
10900
10887
10875
10850
10837
10825
10787
10775
10762
10750
10737
10750
10737
10750
10737
10750
10737
10750
10737
10750
10737
10725
10712
10700
10662
10625
10587
10550
10512
10500
10475
10475
10450
10450
10425
10437
10450
10462
10475
10525
10550
10575
10625
10675
10712
10775
10825
10887
10950
11012
11075
11137
11200
11262
11325
11375
11437
11500
11562
11625
11662
11700
11737
11750
11762
11775
11787
11775
11787
11775
11787
11800
11837
11850
11887
11900
11912
11900
11912
11900
11887
11850
11812
11750
11687
11650
11612
11575
11562
11575
11562
11575
11587
11600
11612
11625
11612
11600
11562
11500
11462
11425
11400
11362
11325
11287
11250
11237
11225
11212
11200
11187
11150
11137
11125
11087
11075
11062
11050
11037
11025
11012
11025
11012
11025
11037
11050
11037
11050
11037
11050
11037
11025
11012
11000
10987
10975
10987
10975
10987
10975
10987
11000
11012
11025
11062
11075
11087
11125
11162
11175
11212
11225
11212
11200
11175
11150
11125
11125
11087
11087
11062
11062
11037
11025
11012
11025
11012
11025
11037
11050
11062
11075
11087
11100
11112
11100
11112
11125
11137
11150
11187
11225
11262
11325
11375
11450
11525
11600
11675
11750
11812
11862
11925
12000
12075
12150
12225
12300
12337
12387
12425
12450
12450
12475
12462
12437
12400
12387
12350
12312
12275
12237
12175
12112
12075
12037
12025
12012
12025
12012
12025
12012
12025
12012
12025
12000
12000
11975
11975
11950
11937
11900
11862
11812
11750
11687
11625
11562
11525
11487
11475
11462
11450
11437
11425
11425
11425
11425
11437
11450
11462
11450
11475
11487
11525
11537
11575
11587
11575
11562
11550
11537
11525
11537
11525
11512
11475
11437
11375
11325
11262
11200
11137
11075
11037
11000
10962
10950
10937
10925
10937
10950
10962
10975
10987
11000
11012
11025
11037
11050
11037
11025
11012
11000
10987
10975
10962
10950
10937
10925
10912
10925
10912
10925
10937
10950
10962
11000
11012
11025
11062
11075
11087
11100
11112
11100
11112
11087
11087
11087
11087
11087
11100
11112
11100
11112
11100
11112
11125
11162
11175
11212
11225
11212
11200
11187
11150
11112
11100
11062
11025
11012
11000
10987
10975
10987
10975
10987
11000
11037
11075
11137
11200
11262
11325
11375
11437
11500
11562
11625
11687
11750
11812
11862
11925
11962
12000
12012
12025
12012
12000
11987
11975
11937
11900
11862
11812
11775
11762
11750
11762
11775
11787
11800
11812
11825
11837
11850
11825
11825
11800
11775
11725
11712
11662
11612
11562
11512
11462
11425
11400
11387
11400
11387
11400
11412
11425
11450
11475
11500
11525
11537
11525
11512
11475
11437
11400
11375
11337
11325
11312
11300
11287
11300
11287
11300
11312
11325
11337
11350
11362
11350
11362
11350
11362
11375
11387
11400
11425
11437
11425
11450
11450
11450
11437
11462
11450
11437
11425
11425
11400
11387
11362
11337
11312
11287
11262
11250
11212
11175
11162
11150
11137
11150
11162
11175
11187
11200
11187
11200
11187
11150
11137
11125
11087
11075
11062
11025
10987
10950
10887
10850
10825
10812
10800
10812
10800
10812
10825
10850
10887
10950
11025
11100
11175
11250
11325
11375
11437
11500
11562
11600
11637
11650
11637
11625
11637
11625
11612
11600
11587
11550
11537
11525
11537
11550
11562
11575
11587
11575
11537
11525
11487
11475
11462
11450
11412
11375
11350
11312
11300
11287
11300
11287
11300
11287
11300
11287
11300
11287
11275
11262
11250
11237
11225
11237
11225
11237
11225
11212
11200
11187
11150
11137
11125
11087
11075
11062
11025
10987
10975
10937
10925
10912
10925
10912
10925
10912
10925
10937
10950
10962
10975
10987
11000
11037
11050
11062
11075
11062
11050
11037
11050
11037
11025
11012
11000
10987
10975
10987
10975
10987
11000
11012
11025
11037
11025
11012
11000
10987
10975
10987
10975
10987
10975
10962
10950
10937
10937
10937
10962
10987
11037
11075
11150
11225
11300
11362
11437
11500
11562
11625
11687
11750
11812
11887
11962
12037
12112
12175
12237
12300
12362
12412
12450
12487
12500
12512
12500
12487
12450
12412
12362
12325
12287
12275
12262
12275
12287
12300
12287
12300
12287
12275
12262
12250
12212
12175
12112
12050
11987
11925
11862
11812
11750
11712
11675
11662
11650
11662
11650
11637
11600
11562
11500
11437
11375
11350
11312
11300
11287
11300
11287
11275
11262
11250
11237
11225
11237
11225
11237
11225
11237
11225
11237
11225
11237
11225
11237
11225
11237
11225
11237
11225
11237
11225
11237
11225
11212
11200
11187
11150
11137
11125
11112
11100
11112
11125
11137
11150
11162
11175
11187
11225
11262
11300
11337
11375
11387
11375
11362
11350
11312
11275
11262
11250
11212
11200
11187
11175
11162
11175
11187
11200
11225
11250
11275
11300
11325
11312
11325
11312
11300
11287
11300
11287
11300
11312
11350
11375
11437
11500
11562
11625
11687
11750
11812
11862
11925
11987
12062
12137
12212
12287
12362
12400
12437
12462
12475
12462
12450
12412
12362
12300
12237
12175
12112
12050
12012
11975
11962
11950
11937
11900
11887
11862
11825
11787
11775
11737
11700
11662
11650
11612
11575
11562
11550
11512
11500
11487
11475
11462
11475
11487
11525
11562
11600
11637
11675
11687
11700
11712
11700
11662
11625
11587
11550
11512
11475
11462
11425
11400
11387
11400
11387
11375
11387
11375
11362
11350
11362
11375
11387
11400
11412
11425
11412
11425
11412
11400
11387
11375
11362
11350
11362
11350
11337
11325
11337
11325
11337
11350
11362
11375
11387
11400
11412
11400
11387
11375
11362
11350
11362
11375
11387
11400
11412
11400
11387
11375
11362
11350
11362
11350
11362
11375
11387
11375
11387
11400
11387
11375
11350
11337
11300
11262
11225
11200
11162
11125
11087
11075
11062
11050
11037
11050
11037
11062
11062
11087
11112
11162
11200
11262
11325
11387
11462
11537
11625
11712
11787
11850
11925
11987
12050
12087
12100
12112
12100
12087
12075
12087
12075
12062
12050
12037
12025
12012
12000
11962
11950
11912
11887
11875
11862
11825
11787
11750
11687
11625
11562
11500
11437
11400
11400
11400
11412
11450
11487
11525
11562
11600
11650
11675
11700
11725
11750
11762
11775
11762
11725
11712
11675
11637
11625
11612
11575
11562
11550
11537
11525
11537
11525
11537
11550
11562
11575
11587
11600
11575
11575
11550
11550
11525
11537
11525
11537
11525
11537
11550
11562
11550
11562
11575
11562
11575
11587
11600
11587
11575
11537
11525
11487
11450
11437
11425
11425
11412
11425
11412
11425
11412
11400
11387
11375
11362
11350
11337
11325
11312
11262
11237
11212
11187
11162
11175
11162
11150
11137
11125
11112
11100
11112
11125
11162
11175
11212
11225
11250
11275
11325
11375
11462
11537
11612
11687
11762
11825
11900
11975
12050
12112
12150
12187
12225
12237
12250
12262
12250
12212
12200
12162
12150
12137
12150
12137
12150
12137
12150
12162
12175
12162
12150
12112
12050
12012
11975
11937
11900
11862
11812
11775
11737
11725
11737
11775
11812
11850
11887
11912
11925
11937
11950
11937
11900
11862
11812
11750
11712
11675
11662
11650
11662
11650
11662
11650
11662
11675
11687
11700
11712
11725
11712
11725
11712
11700
11662
11625
11587
11550
11512
11475
11462
11425
11400
11362
11350
11312
11275
11262
11250
11212
11200
11187
11175
11162
11175
11162
11175
11162
11150
11137
11125
11087
11075
11062
11050
11037
11050
11037
11050
11062
11075
11087
11125
11162
11175
11212
11250
11262
11275
11312
11325
11312
11300
11262
11225
11187
11175
11162
11175
11162
11175
