t = 60.000000, p = 328.000000
10412
10375
10375
10362
10362
10362
10375
10350
10350
10325
10337
10337
10350
10337
10350
10337
10300
10287
10275
10262
10250
10275
10262
10275
10262
10237
10212
10200
10187
10175
10175
10162
10150
10137
10162
10162
10162
10187
10175
10150
10150
10150
10125
10112
10100
10087
10050
10037
10025
10012
10025
10025
10025
10025
10037
10012
10037
10037
10062
10025
10050
10025
10025
10000
10000
9987
9987
9950
9937
9925
9875
9850
9862
9850
9837
9850
9837
9837
9812
9812
9812
9787
9775
9800
9787
9775
9812
9800
9787
9812
9800
9787
9787
9750
9725
9750
9750
9775
9812
9800
9787
9775
9775
9762
9762
9762
9762
9750
9750
9775
9762
9775
9750
9725
9725
9712
9700
9725
9737
9725
9725
9725
9687
9687
9687
9662
9662
9662
9637
9612
9612
9587
9600
9587
9575
9587
9575
9562
9575
9587
9575
9550
9550
9550
9525
9525
9525
9500
9475
9487
9475
9500
9487
9512
9487
9500
9512
9525
9525
9537
9537
9512
9525
9512
9500
9487
9512
9512
9537
9612
9687
9775
9887
10000
10112
10212
10325
10462
10625
10762
10912
11037
11175
11287
11400
11525
11637
11725
11800
11912
12012
12125
12237
12337
12387
12412
12425
12437
12425
12412
12400
12387
12350
12312
12300
12287
12250
12237
12212
12187
12162
12175
12162
12162
12162
12162
12125
12112
12125
12137
12137
12162
12162
12175
12162
12162
12162
12187
12175
12162
12175
12162
12150
12137
12150
12125
12100
12075
12037
11962
11925
11875
11812
11775
11750
11700
11662
11612
11525
11437
11337
11237
11162
11100
11037
11012
11000
10962
10925
10875
10825
10787
10762
10762
10775
10762
10775
10762
10750
10737
10750
10737
10750
10737
10750
10737
10725
10712
10725
10712
10725
10725
10725
10687
10700
10675
10662
10625
10625
10575
10562
10550
10537
10500
10512
10487
10462
10462
10437
10387
10375
10362
10337
10350
10337
10325
10312
10325
10312
10300
10287
10275
10237
10200
10187
10175
10150
10150
10137
10137
10112
10100
10087
10075
10050
10050
10050
10050
10050
10050
10025
10037
10025
10012
10000
10012
9975
9962
9962
9962
9937
9950
9937
9912
9887
9862
9837
9825
9837
9837
9837
9837
9837
9837
9837
9825
9812
9825
9812
9812
9812
9812
9775
9762
9725
9725
9700
9712
9700
9687
9687
9687
9662
9675
9687
9650
9637
9650
9612
9600
9600
9600
9562
9562
9562
9562
9562
9575
9562
9562
9537
9525
9512
9525
9525
9550
9562
9575
9562
9562
9562
9537
9537
9562
9550
9537
9562
9562
9562
9550
9562
9562
9562
9525
9525
9500
9475
9450
9462
9450
9462
9437
9437
9412
9387
9375
9362
9325
9312
9325
9312
9325
9337
9350
9337
9325
9312
9325
9300
9300
9300
9300
9275
9262
9262
9287
9287
9312
9337
9362
9400
9462
9525
9625
9700
9800
9912
10037
10162
10300
10462
10612
10762
10900
11025
11150
11250
11350
11462
11562
11662
11762
11850
11912
11987
12050
12112
12125
12162
12162
12125
12125
12125
12100
12112
12112
12100
12075
12075
12037
12012
11962
11950
11950
11975
11962
11987
11987
11950
11925
11937
11912
11925
11937
11912
11912
11912
11912
11900
11912
11887
11887
11862
11825
11787
11762
11675
11612
11562
11475
11387
11337
11275
11200
11137
11075
11012
10937
10900
10850
10850
10825
10812
10787
10775
10725
10687
10687
10662
10662
10662
10687
10700
10700
10700
10687
10700
10675
10687
10662
10687
10662
10675
10687
10700
10700
10700
10675
10662
10662
10637
10612
10612
10550
10525
10500
10500
10500
10525
10500
10500
10475
10462
10450
10425
10425
10412
10387
10362
10387
10375
10362
10362
10362
10337
10337
10337
10300
10287
10275
10225
10212
10200
10187
10175
10175
10175
10175
10175
10175
10175
10162
10137
10125
10112
10100
10087
10125
10100
10100
10100
10100
10062
10050
10037
10050
10025
10000
10000
10000
9975
9962
9975
9962
9925
9912
9925
9912
9925
9937
9950
9937
9950
9937
9950
9937
9925
9925
9912
9900
9875
9875
9837
9812
9812
9787
9775
9762
9775
9750
9775
9750
9750
9750
9750
9750
9762
9750
9737
9750
9737
9725
9737
9750
9737
9725
9712
9700
9687
9675
9700
9725
9725
9700
9700
9687
9662
9675
9687
9675
9662
9662
9662
9650
9662
9675
9675
9637
9637
9612
9587
9575
9550
9525
9537
9525
9500
9550
9537
9525
9512
9512
9475
9512
9500
9487
9500
9487
9462
9475
9475
9475
9462
9450
9412
9412
9412
9425
9412
9425
9437
9412
9387
9400
9412
9400
9437
9462
9475
9487
9525
9550
9612
9687
9750
9850
9950
10062
10175
10287
10400
10525
10662
10800
10950
11087
11212
11312
11437
11562
11687
11800
11912
11987
12062
12150
12212
12287
12325
12325
12312
12325
12300
12287
12275
12262
12225
12187
12150
12112
12087
12087
12075
12087
12087
12087
12062
12075
12062
12100
12087
12112
12137
12137
12137
12150
12162
12150
12150
12137
12125
12075
12062
12050
12037
12025
12037
11987
11975
11937
11925
11887
11862
11800
11737
11650
11562
11475
11400
11312
11262
11200
11137
11075
11050
10987
10962
10937
10912
10862
10850
10850
10825
10825
10825
10837
10812
10825
10812
10825
10825
10837
10825
10837
10850
10837
10862
10887
10875
10850
10837
10837
10825
10812
10812
10812
10762
10737
10725
10700
10662
10675
10662
10650
10612
10612
10575
10537
10537
10537
10512
10512
10512
10462
10437
10412
10362
10350
10337
10337
10337
10337
10312
10312
10262
10237
10212
10237
10225
10225
10225
10212
10175
10150
10112
10087
10075
10062
10050
10075
10050
10062
10050
10062
10037
10050
10025
10025
9987
9987
9962
9975
9962
9962
9962
9962
9950
9925
9937
9950
9950
9950
9962
9937
9912
9887
9862
9862
9862
9862
9875
9887
9900
9912
9925
9937
9912
9900
9912
9900
9912
9925
9925
9925
9925
9925
9937
9950
9937
9962
9950
9987
9987
10012
10000
10000
9975
9962
9950
9925
9925
9937
9950
9925
9937
9925
9900
9875
9900
9900
9925
9912
9925
9887
9875
9862
9862
9825
9825
9800
9800
9787
9787
9787
9787
9750
9750
9750
9725
9725
9725
9687
9650
9650
9625
9600
9612
9612
9600
9587
9600
9562
9587
9575
9587
9575
9600
9600
9600
9625
9637
9650
9675
9737
9775
9862
9950
10050
10150
10237
10325
10437
10550
10687
10837
11000
11162
11312
11450
11575
11700
11812
11925
12050
12162
12262
12350
12412
12475
12512
12550
12550
12575
12562
12550
12537
12525
12487
12475
12462
12437
12437
12437
12412
12387
12387
12375
12362
12375
12387
12400
12387
12400
12387
12412
12412
12437
12437
12462
12462
12462
12487
12512
12512
12512
12525
12512
12487
12500
12475
12487
12462
12475
12450
12437
12425
12412
12400
12387
12362
12312
12262
12187
12112
12037
11962
11875
11812
11762
11712
11662
11612
11537
11450
11400
11350
11325
11300
11262
11225
11200
11150
11125
11150
11125
11100
11100
11075
11062
11062
11062
11075
11087
11062
11062
11100
11100
11137
11162
11187
11175
11187
11162
11187
11212
11237
11237
11225
11200
11175
11175
11162
11200
11200
11200
11162
11162
11125
11125
11125
11125
11087
11087
11062
11000
10987
10975
10912
10875
10850
10837
10812
10800
10787
10775
10725
10712
10700
10700
10700
10700
10675
10687
10650
10637
10612
10612
10612
10612
10587
10600
10575
10537
10537
10537
10512
10525
10512
10475
10462
10475
10462
10450
10437
10425
10387
10387
10375
10362
10350
10337
10325
10312
10300
10287
10275
10262
10250
10237
10225
10212
10200
10175
10175
10175
10162
10150
10137
10125
10075
10075
10037
10037
10050
10062
10075
10100
10100
10087
10087
10075
10062
10087
10075
10087
10062
10075
10050
10037
10037
10050
10025
10000
10000
9987
9975
9987
9987
9962
9937
9937
9912
9900
9912
9900
9887
9862
9862
9862
9887
9875
9900
9900
9875
9850
9862
9850
9837
9850
9837
9800
9775
9787
9775
9762
9787
9787
9750
9737
9712
9700
9687
9700
9675
9662
9637
9650
9625
9612
9625
9600
9587
9575
9587
9600
9612
9600
9600
9600
9575
9587
9575
9587
9562
9575
9562
9575
9562
9587
9575
9587
9575
9587
9612
9637
9662
9725
9787
9850
9950
10075
10187
10300
10412
10525
10612
10712
10837
10975
11137
11300
11437
11587
11725
11812
11900
12000
12075
12150
12225
12275
12325
12350
12375
12362
12387
12375
12387
12375
12400
12387
12362
12350
12337
12300
12300
12312
12287
12287
12287
12287
12275
12287
12300
12337
12337
12375
12387
12400
12412
12425
12437
12437
12437
12437
12450
12450
12487
12500
12525
12512
12525
12537
12550
12550
12550
12550
12512
12512
12487
12500
12487
12512
12500
12475
12450
12425
12375
12312
12250
12162
12075
12025
11962
11887
11837
11812
11750
11712
11687
11637
11550
11512
11437
11400
11375
11350
11287
11262
11212
11200
11175
11187
11175
11162
11150
11137
11125
11100
11100
11062
11087
11062
11100
11100
11125
11100
11100
11087
11087
11062
11037
11037
11025
11012
11000
10987
10950
10912
10900
10875
10850
10825
10800
10762
10750
10737
10750
10737
10725
10687
10675
10625
10612
10600
10612
10587
10575
10550
10525
10475
10462
10450
10437
10425
10412
10375
10387
10375
10350
10350
10375
10350
10337
10337
10337
10312
10287
10287
10287
10287
10275
10300
10300
10275
10250
10262
10275
10262
10275
10262
10262
10237
10237
10225
10237
10237
10225
10212
10212
10225
10200
10212
10200
10187
10175
10175
10175
10162
10175
10137
10137
10112
10125
10112
10137
10125
10112
10075
10075
10037
10025
10000
10000
9987
9975
9962
9950
9950
9925
9937
9900
9912
9887
9900
9887
9887
9887
9887
9850
9837
9862
9875
9875
9912
9912
9912
9912
9925
9887
9912
9900
9900
9887
9912
9912
9900
9875
9862
9862
9837
9837
9837
9837
9837
9812
9812
9787
9787
9750
9762
9737
9737
9712
9725
9700
9712
9700
9712
9687
9687
9687
9675
9662
9662
9675
9662
9687
9687
9712
9700
9687
9675
9687
9675
9687
9725
9737
9725
9737
9750
9762
9800
9875
9962
10025
10100
10175
10275
10387
10550
10712
10875
11012
11137
11250
11375
11487
11612
11737
11850
11937
12025
12100
12175
12237
12300
12350
12375
12400
12412
12425
12400
12400
12400
12375
12350
12337
12325
12275
12250
12250
12250
12250
12262
12250
12250
12275
12262
12250
12275
12262
12250
12250
12300
12287
12300
12312
12312
12287
12325
12325
12325
12337
12350
12325
12337
12325
12312
12300
12312
12300
12287
12300
12287
12250
12212
12162
12087
11987
11887
11812
11762
11700
11650
11625
11562
11487
11412
11337
11275
11200
11137
11075
11025
10950
10912
10862
10850
10825
10825
10800
10787
10775
10787
10800
10812
10850
10862
10875
10862
10875
10862
10887
10862
10862
10825
10825
10800
10775
10762
10737
10725
10737
10737
10700
10712
10687
10637
10612
10612
10575
10562
10537
10512
10500
10475
10462
10437
10450
10412
10387
10362
10350
10337
10312
10325
10300
10287
10275
10275
10237
10225
10200
10175
10175
10175
10150
10162
10137
10125
10112
10125
10112
10137
10100
10100
10062
10050
10012
10037
10012
10037
10037
10037
10025
10012
10000
10012
10025
10012
10037
10050
10037
10012
10025
10037
10000
9987
9987
9975
9937
9950
9937
9925
9912
9900
9887
9875
9862
9850
9862
9850
9875
9887
9875
9862
9850
9800
9787
9800
9787
9762
9775
9775
9750
9750
9762
9750
9737
9725
9712
9725
9737
9750
9762
9775
9750
9762
9750
9737
9737
9737
9725
9737
9750
9725
9737
9725
9712
9700
9712
9700
9712
9687
9687
9687
9687
9687
9687
9687
9662
9662
9637
9662
9650
9637
9600
9587
9537
9500
9487
9475
9462
9450
9462
9450
9462
9450
9425
9412
9400
9362
9362
9375
9387
9387
9425
9412
9400
9375
9387
9362
9387
9400
9412
9400
9425
9387
9387
9387
9387
9375
9412
9412
9412
9437
9437
9437
9475
9512
9550
9587
9662
9725
9812
9912
10050
10150
10262
10387
10512
10650
10787
10937
11075
11212
11312
11425
11525
11625
11712
11800
11862
11925
12000
12050
12100
12125
12162
12162
12150
12137
12150
12125
12100
12087
12075
12037
12000
11962
11950
11937
11912
11912
11900
11900
11887
11900
11875
11887
11887
11887
11887
11900
11912
11900
11912
11900
11887
11875
11850
11825
11775
11725
11650
11587
11525
11462
11375
11287
11200
11100
11000
10912
10850
10787
10737
10675
10650
10600
10550
10525
10512
10512
10512
10512
10512
10512
10500
10487
10475
10475
10475
10475
10500
10525
10512
10537
10537
10537
10537
10562
10550
10537
10525
10537
10512
10512
10550
10537
10525
10512
10512
10475
10462
10425
10437
10400
10362
10350
10337
10325
10312
10300
10287
10275
10237
10225
10212
10200
10187
10175
10162
10175
10137
10125
10112
10075
10037
10050
10025
10025
10025
10025
10000
9975
9962
9950
9937
9912
9925
9937
9950
9937
9962
9950
9925
9900
9900
9900
9900
9912
9925
9912
9875
9887
9862
9862
9887
9900
9900
9900
9900
9875
9862
9862
9862
9837
9837
9825
9825
9825
9825
9800
9787
9787
9750
9712
9712
9712
9700
9700
9725
9700
9700
9687
9687
9662
9675
9687
9675
9662
9675
9662
9662
9650
9662
9650
9637
9612
9600
9587
9575
9562
9550
9537
9525
9500
9500
9475
9487
9475
9475
9500
9525
9500
9500
9500
9487
9475
9500
9525
9537
9537
9537
9512
9487
9475
9475
9450
9450
9450
9450
9450
9462
9475
9450
9450
9412
9412
9412
9412
9412
9437
9425
9412
9437
9437
9412
9425
9437
9425
9412
9425
9437
9425
9437
9437
9437
9412
9387
9362
9375
9362
9350
9375
9375
9375
9375
9400
9412
9425
9437
9475
9512
9575
9662
9737
9837
9950
10062
10175
10312
10462
10600
10712
10825
10950
11075
11225
11375
11537
11687
11800
11900
12000
12087
12150
12187
12225
12250
12262
12275
12287
12300
12287
12275
12262
12250
12237
12250
12225
12225
12212
12200
12150
12137
12100
12075
12050
12062
12050
12025
12037
12012
11987
11987
12000
12012
12025
12037
12025
12050
12062
12087
12075
12112
12100
12062
12050
12050
12000
11962
11950
11912
11887
11837
11812
11762
11700
11612
11537
11437
11325
11262
11187
11137
11075
11025
10975
10937
10875
10825
10812
10775
10775
10762
10775
10775
10775
10762
10800
10812
10800
10837
10837
10837
10825
10850
10837
10837
10837
10837
10825
10850
10875
10850
10850
10862
10850
10850
10837
10850
10825
10800
10787
10775
10737
10725
10737
10700
10675
10675
10650
10625
10612
10600
10587
10575
10562
10550
10525
10512
10487
10462
10425
10400
10375
10362
10337
10337
10362
10337
10312
10312
10312
10287
10275
10287
10300
10287
10275
10287
10262
10237
10212
10187
10162
10175
10150
10162
10162
10175
10150
10175
10162
10162
10112
10112
10075
10037
10025
10050
10025
10025
10012
10000
9987
9987
9962
9975
9987
9962
9937
9950
9937
9900
9900
9887
9887
9875
9887
9875
9875
9850
9825
9812
9787
9800
9787
9787
9787
9787
9750
9737
9750
9737
9725
9737
9712
9700
9687
9700
9675
9687
9687
9712
9700
9737
9725
9725
9700
9712
9687
9712
9700
9687
9675
9662
9625
9625
9650
9650
9637
9650
9650
9612
9600
9600
9600
9575
9587
9562
9562
9562
9562
9562
9575
9562
9550
9562
9537
9537
9537
9512
9487
9475
9462
9450
9437
9425
9412
9400
9387
9400
9387
9400
9387
9400
9387
9400
9375
9375
9350
9350
9337
9350
9337
9350
9337
9325
9325
9325
9300
9312
9325
9300
9312
9325
9300
9300
9325
9312
9325
9337
9350
9337
9350
9337
9350
9350
9400
9425
9475
9525
9587
9637
9712
9787
9900
10012
10162
10312
10487
10662
10825
10975
11112
11237
11362
11512
11687
11825
11962
12062
12150
12200
12275
12350
12400
12437
12450
12462
12462
12462
12487
12512
12512
12487
12500
12487
12475
12462
12487
12475
12462
12437
12437
12437
12450
12450
12450
12475
12475
12475
12475
12512
12525
12537
12550
12562
12575
12587
12600
12612
12612
12612
12625
12637
12625
12650
12650
12637
12612
12612
12587
12562
12537
12525
12487
12450
12437
12412
12400
12387
12362
12312
12262
12187
12100
12000
11887
11812
11737
11662
11600
11575
11500
11437
11362
11300
11262
11212
11187
11175
11162
11150
11150
11125
11100
11100
11100
11087
11112
11125
11137
11112
11137
11125
11125
11125
11125
11125
11112
11137
11125
11112
11087
11075
11050
11025
11025
11000
11000
10962
10937
10912
10887
10850
10812
10812
10787
10787
10775
10762
10712
10700
10662
10637
10637
10637
10575
10562
10575
10550
10525
10550
10525
10500
10475
10487
10437
10425
10412
10400
10387
10387
10375
10362
10362
10337
10350
10337
10300
10287
10262
10237
10237
10237
10212
10237
10237
10212
10212
10212
10175
10187
10175
10162
10150
10137
10100
10075
10050
10050
10050
10025
10037
10012
10000
9962
9962
9937
9950
9925
9962
9950
9962
9950
9937
9887
9887
9850
9837
9850
9850
9837
9837
9812
9800
9787
9787
9787
9812
9800
9812
9787
9787
9750
9725
9700
9700
9675
9687
9725
9725
9725
9750
9750
9725
9737
9725
9712
9700
9712
9725
9737
9750
9762
9750
9737
9725
9725
9725
9725
9700
9700
9662
9650
9662
9662
9637
9637
9650
9625
9612
9625
9600
9562
9562
9550
9537
9525
9512
9475
9487
9475
9475
9475
9475
9462
9450
9437
9425
9412
9400
9412
9425
9450
9475
9475
9475
9475
9462
9450
9462
9450
9462
9487
9500
9525
9587
9662
9725
9862
10000
10125
10237
10362
10487
10612
10737
10875
11000
11125
11237
11375
11475
11600
11712
11800
11887
12000
12087
12137
12200
12212
12237
12262
12275
12287
12300
12300
12275
12287
12262
12250
12212
12212
12187
12162
12162
12187
12175
12162
12150
12137
12125
12112
12100
12125
12112
12112
12112
12137
12150
12175
12187
12200
12212
12225
12237
12250
12287
12287
12287
12312
12312
12287
12312
12312
12287
12262
12262
12225
12175
12125
12075
12000
11925
11862
11812
11737
11687
11637
11562
11475
11425
11325
11262
11212
11200
11150
11125
11075
11025
10975
10912
10875
10837
10837
10825
10812
10812
10837
10825
10812
10850
10875
10875
10912
10937
10950
10925
10937
10937
10937
10937
10912
10887
10862
10850
10850
10862
10837
10812
10787
10737
10687
10700
10675
10650
10650
10650
10600
10587
10600
10587
10575
10562
10525
10487
10450
10437
10412
10412
10387
10400
10375
10362
10350
10337
10300
10262
10275
10262
10275
10287
10275
10262
10237
10212
10187
10212
10187
10200
10187
10175
10162
10150
10112
10075
10075
10087
10075
10087
10087
10087
10075
10087
10050
10075
10100
10100
10087
10087
10062
10000
9962
9962
9962
9962
9950
9937
9900
9900
9900
9900
9862
9862
9837
9825
9825
9837
9837
9837
9837
9812
9825
9812
9800
9787
9812
9800
9775
9775
9750
9737
9725
9712
9700
9712
9675
9662
9637
9650
9625
9612
9612
9637
9600
9612
9612
9600
9562
9575
9550
9537
9537
9562
9562
9550
9562
9537
9537
9537
9537
9562
9562
9562
9537
9550
9512
9537
9537
9537
9512
9525
9500
9475
9450
9450
9412
9375
9362
9387
9387
9375
9387
9375
9362
9350
9350
9325
9325
9300
9287
9275
9262
9262
9287
9275
9287
9300
9300
9275
9300
9300
9287
9287
9287
9250
9250
9262
9237
9237
9262
9250
9237
9262
9250
9237
9250
9287
9287
9325
9350
9387
9400
9462
9500
9550
9600
9687
9762
9887
10000
10125
10237
10325
10412
10512
10625
10737
10850
10987
11150
11250
11350
11462
11562
11625
11725
11800
11862
11900
11950
11950
11950
11950
11950
11912
11912
11912
11912
11900
11912
11900
11887
11837
11812
11787
11762
11737
11750
11762
11737
11712
11712
11725
11700
11712
11712
11712
11700
11687
11675
11712
11725
11700
11737
11737
11725
11737
11750
11750
11762
11750
11712
11712
11675
11637
11587
11562
11512
11462
11412
11375
11312
11225
11125
11050
10975
10887
10812
10750
10675
10587
10525
10462
10400
10375
10362
10337
10350
10350
10337
10325
10337
10312
10337
10337
10362
10375
10412
10437
10450
10450
10450
10450
10425
10437
10425
10437
10425
10412
10375
10362
10337
10300
10287
10275
10262
10250
10262
10237
10237
10212
10187
10125
10112
10062
10050
10012
10012
10012
10012
10025
10025
10037
10000
10000
9950
9962
9925
9937
9925
9900
9887
9887
9850
9837
9862
9850
9837
9825
9812
9812
9775
9787
9787
9787
9750
9775
9750
9737
9737
9750
9725
9700
9712
9687
9662
9662
9662
9662
9662
9662
9675
9687
9687
9687
9712
9700
9687
9687
9675
9637
9625
9637
9600
9600
9600
9600
9575
9587
9562
9562
9562
9562
9537
9525
9512
9500
9487
9462
9487
9475
9462
9450
9475
9437
9450
9425
9425
9425
9437
9437
9475
9487
9475
9487
9512
9512
9512
9512
9525
9500
9500
9487
9500
9500
9500
9500
9500
9500
9512
9512
9475
9487
9475
9450
9462
9462
9462
9462
9437
9412
9437
9425
9412
9437
9437
9412
9425
9425
9387
9375
9362
9325
9312
9325
9312
9325
9337
9350
9337
9350
9337
9325
9312
9325
9312
9325
9337
9350
9337
9350
9337
9350
9337
9350
9350
9387
9437
9512
9600
9700
9825
9950
10087
10212
10325
10437
10550
10662
10775
10912
11037
11175
11275
11400
11525
11650
11750
11837
11950
12000
12062
12125
12187
12225
12275
12325
12350
12350
12350
12350
12312
12300
12312
12287
12262
12275
12250
12200
12200
12200
12187
12187
12187
12150
12137
12137
12137
12137
12162
12162
12150
12137
12150
12125
12125
12100
12100
12100
12112
12137
12150
12175
12175
12200
12187
12187
12175
12150
12125
12100
12100
12062
12062
12037
12012
11950
11925
11862
11812
11750
11687
11587
11500
11412
11325
11262
11187
11137
11087
11037
10987
10950
10875
10800
10787
10737
10712
10725
10737
10700
10712
10700
10700
10687
10700
10712
10725
10700
10712
10700
10687
10700
10700
10675
10675
10675
10650
10662
10675
10662
10625
10612
10575
10562
10550
10562
10537
10537
10512
10512
10487
10500
10487
10500
10487
10475
10462
10437
10425
10387
10387
10362
10375
10350
10337
10312
10275
10237
10212
10212
10175
10175
10137
10125
10087
10062
10037
10025
10012
10000
9987
9950
9937
9900
9887
9875
9862
9862
9862
9837
9850
9850
9837
9825
9812
9800
9812
9800
9812
9812
9825
9800
9775
9750
9762
9737
9750
9750
9762
9737
9737
9712
9725
9700
9687
9675
9662
9650
9637
9650
9662
9675
9687
9687
9687
9650
9650
9625
9612
9575
9587
9550
9537
9550
9562
9537
9562
9562
9512
9500
9487
9437
9425
9462
9450
9437
9450
9450
9412
9387
9400
9375
9350
9337
9350
9325
9325
9300
9300
9300
9312
9300
9325
9312
9300
9287
9312
9300
9287
9287
9312
9300
9287
9287
9287
9262
9262
9262
9287
9275
9287
9262
9275
9262
9250
9237
9237
9225
9212
9225
9212
9200
9187
9200
9187
9175
9187
9175
9162
9150
9162
9175
9162
9175
9175
9175
9137
9175
9162
9187
9175
9175
9162
9175
9162
9162
9200
9175
9175
9175
9200
9212
9275
9300
9375
9462
9575
9675
9787
9912
10037
10150
10275
10425
10525
10650
10775
10912
11025
11162
11262
11362
11462
11587
11687
11762
11850
11950
12000
12087
12150
12187
12212
12237
12250
12262
12250
12237
12250
12225
12225
12212
12200
12187
12187
12162
12175
12187
12175
12162
12187
12187
12200
12212
12250
12250
12275
12262
12275
12287
12287
12287
12287
12300
12275
12287
12300
12312
12287
12325
12325
12287
12250
12212
12162
12112
12075
12025
11975
11912
11862
11812
11750
11725
11662
11600
11537
11487
11387
11287
11200
11137
11050
10975
10900
10850
10825
10800
10775
10750
10725
10700
10687
10700
10725
10725
10725
10750
10750
10775
10775
10775
10787
10787
10787
10812
10825
10800
10787
10787
10787
10762
10737
10750
10725
10687
10687
10675
10625
10600
10587
10562
10550
10525
10512
10487
10475
10462
10462
10450
10437
10425
10400
10400
10375
10362
10312
10262
10225
10187
10150
10150
10137
10125
10112
10125
10112
10137
10150
10150
10150
10150
10125
10100
10075
10062
10050
10025
10000
10012
9987
9987
9987
9987
9987
9987
10000
10025
10025
10025
10025
10012
9987
9987
9962
9975
9962
9962
9962
9962
9912
9887
9887
9862
9837
9825
9825
9812
9787
9787
9787
9787
9787
9775
9762
9787
9762
9775
9800
9787
9775
9762
9737
9712
9700
9687
9687
9687
9687
9712
9700
9687
9687
9687
9662
9675
9687
9687
9675
9700
9675
9675
9650
9662
9637
9650
9637
9625
9625
9612
9612
9600
9612
9625
9637
9637
9637
9662
9650
9650
9650
9662
9650
9662
9675
9687
9700
9687
9650
9650
9612
9600
9587
9612
9600
9637
9637
9637
9625
9650
9625
9612
9600
9562
9525
9500
9475
9475
9500
9475
9487
9487
9487
9462
9487
9475
9462
9450
9437
9412
9387
9412
9412
9400
9387
9400
9375
9375
9412
9450
9462
9500
9537
9575
9612
9687
9775
9875
10000
10150
10287
10437
10575
10700
10800
10912
11037
11175
11312
11437
11562
11662
11750
11812
11887
11962
12037
12087
12150
12175
12212
12225
12262
12237
12250
12225
12237
12212
12200
12200
12200
12200
12212
12212
12200
12187
12175
12162
12187
12175
12187
12187
12187
12187
12225
12237
12250
12287
12325
12337
12375
12387
12375
12375
12375
12375
12375
12362
12362
12350
12312
12275
12250
12200
12162
12125
12087
12025
11937
11850
11762
11687
11600
11537
11462
11375
11325
11287
11225
11162
11137
11075
11037
10987
10950
10887
10862
10825
10787
10775
10762
10762
10762
10750
10750
10750
10737
10762
10787
10800
10812
10825
10800
10825
10825
10825
10825
10825
10812
10825
10825
10800
10812
10787
10737
10725
10712
10662
10625
10625
10587
10550
10537
10512
10475
10437
10437
10412
10400
10362
10362
10337
10325
10337
10350
10337
10325
10287
10262
10237
10212
10212
10237
10212
10225
10225
10200
10150
10137
10087
10075
10087
10087
10062
10037
10050
10012
10012
10037
10050
10025
10012
10012
9987
10000
9975
9987
9962
9962
9937
9925
9912
9925
9900
9900
9900
9900
9875
9862
9850
9837
9837
9825
9812
9750
9737
9700
9687
9675
9712
9725
9712
9712
9712
9725
9700
9725
9712
9737
9700
9700
9700
9687
9662
9662
9675
9662
9662
9675
9712
9700
9675
9687
9662
9637
9625
9650
9675
9687
9675
9662
9662
9612
9600
9575
9575
9562
9562
9562
9575
9587
9562
9537
9525
9500
9475
9462
9475
9450
9462
9450
9462
9475
9487
9462
9462
9437
9412
9412
9412
9412
9412
9412
9387
9400
9387
9375
9375
9362
9350
9362
9400
9375
9400
9400
9400
9375
9375
9362
9375
9350
9362
9412
9437
9437
9487
9525
9562
9625
9712
9787
9887
9987
10100
10212
10325
10462
10600
10725
10875
11025
11162
11287
11412
11537
11675
11787
11912
12037
12150
12250
12312
12375
12400
12412
12425
12437
12437
12450
12437
12425
12412
12400
12387
12400
12387
12375
12337
12325
12287
12287
12287
12287
12287
12287
12287
12275
12287
12312
12337
12325
12350
12375
12362
12375
12387
12400
12412
12425
12412
12425
12437
12425
12437
12450
12462
12462
12462
12475
12487
12462
12462
12462
12425
12400
12375
12325
12275
12262
12225
12212
12200
12175
12100
12050
11962
11875
11800
11762
11687
11625
11562
11512
11437
11375
11312
11237
11150
11062
11000
10925
10875
10825
10775
10750
10725
10712
10687
10662
10650
10650
10637
10675
10712
10725
10775
10800
10775
10775
10800
10787
10775
10825
10850
10812
10800
10787
10737
10675
10650
10600
10550
10525
10537
10525
10512
10500
10487
10450
10437
10425
10412
10375
10325
10300
10262
10250
10212
10225
10200
10200
10175
10200
10187
10175
10175
10175
10137
10150
10150
10150
10125
10150
10125
10112
10087
10112
10100
10087
10100
10087
10075
10050
10062
10037
10037
10012
10025
10000
10025
10025
10025
10000
9975
9937
9900
9887
9875
9850
9837
9825
9800
9787
9812
9800
9775
9775
9787
9775
9762
9762
9737
9700
9687
9675
9687
9700
9712
9687
9700
9687
9700
9687
9687
9675
9662
9650
9637
9625
9625
9625
9625
9625
9612
9612
9612
9587
9600
9650
9650
9650
9675
9662
9625
9612
9625
9612
9600
9612
9587
9562
9537
9550
9525
9537
9512
9512
9500
9500
9462
9475
9450
9437
9425
9450
9412
9412
9375
9362
9362
9375
9387
9400
9387
9362
9337
9337
9325
9337
9325
9350
9337
9350
9350
9375
9375
9400
9412
9450
9500
9600
9687
9787
9900
10012
10100
10200
10337
10475
10625
10775
10925
11062
11200
11300
11425
11550
11687
11775
11887
11975
12050
12112
12162
12237
12312
12362
12400
12462
12487
12487
12487
12475
12487
12462
12462
12487
12487
12450
12450
12425
12425
12412
12437
12425
12437
12437
12450
12462
12512
12562
12562
12587
12612
12637
12625
12675
12687
12700
12712
12737
12750
12800
12825
12862
12900
12887
12887
12887
12850
12837
12862
12837
12837
12837
12812
12787
12775
12737
12700
12662
12625
12562
12525
12487
12437
12400
12375
12312
12250
12225
12150
12100
12062
12012
11937
11887
11812
11775
11712
11637
11562
11487
11387
11350
11312
11300
11275
11250
11225
11200
11137
11125
11112
11075
11062
11050
11025
11025
11025
11000
11025
11050
11050
11075
11100
11112
11100
11087
11075
11062
11012
11000
10975
10962
10937
10925
10875
10862
10850
10837
10850
10862
10850
10812
10800
10750
10700
10650
10625
10575
10562
10550
10537
10487
10487
10462
10462
10462
10475
10425
10425
10387
10375
10350
10362
10337
10337
10312
10337
10312
10325
10312
10300
10275
10275
10262
10250
10275
10275
10275
10250
10262
10237
10212
10225
10237
10250
10262
10275
10250
10250
10237
10225
10212
10225
10212
10200
10187
10200
10187
10200
10187
10175
10162
10175
10162
10150
10162
10150
10112
10125
10125
10125
10125
10112
10087
10075
10062
10050
10075
10050
10025
10000
10000
9975
9962
9975
9962
9950
9925
9925
9925
9912
9912
9925
9900
9875
9887
9862
9837
9862
9862
9837
9837
9837
9812
9800
9787
9775
9762
9775
9750
9750
9725
9725
9700
9712
9700
9687
9675
9662
9650
9637
9650
9637
9650
9625
9637
9600
9600
9562
9562
9550
9562
9562
9575
9562
9550
9525
9500
9462
9450
9437
9425
9425
9437
9450
9425
9412
9400
9412
9400
9400
9400
9387
9387
9387
9387
9412
9412
9362
9337
9337
9350
9362
9387
9412
9437
9450
9450
9500
9550
9600
9662
9750
9850
9950
10075
10187
10300
10400
10537
10687
10862
11037
11225
11375
11512
11612
11712
11800
11900
11987
12075
12187
12262
12300
12312
12325
12312
12325
12325
12325
12300
12275
12250
12237
12225
12212
12200
12162
12150
12137
12150
12137
12150
12162
12175
12162
12187
12212
12200
12225
12250
12262
12275
12300
12312
12350
12362
12375
12387
12400
12387
12400
12375
12375
12350
12325
12300
12312
12300
12287
12262
12212
12137
12050
11962
11875
11812
11762
11700
11637
11587
11512
11437
11362
11325
11275
11225
11200
11162
11087
11037
10987
10900
10837
10812
10775
10750
10762
10762
10762
10762
10737
10712
10737
10737
10737
10762
10787
10775
10787
10800
10812
10800
10812
10800
10812
10825
10850
10837
10825
10825
10800
10762
10737
10737
10687
10662
10637
10612
10587
10550
10512
10500
10475
10450
10450
10450
10425
10412
10400
10375
10362
10362
10375
10350
10337
10337
10300
10275
10262
10275
10275
10275
10250
10225
10200
10137
10125
10112
10125
10112
10100
10075
10050
10025
9987
10000
9975
9975
9950
9962
9962
9962
9962
9950
9950
9912
9925
9912
9937
9925
9950
9937
9950
9925
9937
9925
9937
9912
9937
9925
9900
9887
9912
9887
9862
9850
9825
9787
9775
9762
9775
9762
9775
9762
9775
9762
9737
9737
9725
9687
9687
9700
9662
9675
9687
9662
9637
9650
9625
9625
9625
9625
9612
9600
9562
9550
9537
9525
9500
9500
9500
9500
9500
9512
9525
9512
9525
9512
9500
9500
9500
9500
9500
9500
9487
9475
9462
9450
9462
9450
9437
9425
9412
9400
9387
9375
9337
9337
9312
9275
9262
9250
9225
9200
9200
9175
9137
9112
9125
9112
9125
9150
9137
9125
9087
9087
9075
9087
9075
9112
9087
9100
9112
9125
9112
9137
9137
9112
9112
9150
9137
9125
9137
9125
9100
9112
9112
9125
9137
9150
9175
9212
9250
9300
9400
9462
9575
9700
9837
9962
10112
10237
10337
10450
10550
10675
10800
10925
11050
11175
11275
11375
11450
11550
11637
11725
11787
11887
11937
11987
12050
12062
12050
12062
12050
12025
12012
12025
12012
11987
11975
11950
11925
11925
11937
11937
11950
11962
11975
11975
11987
11987
11987
11962
11987
12000
12012
12037
12062
12050
12037
12062
12037
12062
12075
12087
12075
12100
12100
12100
12100
12087
12100
12075
12087
12062
12075
12025
12012
11975
11950
11900
11862
11837
11787
11737
11687
11625
11537
11462
11412
11375
11325
11275
11250
11187
11125
11062
11025
10962
10912
10850
10825
10762
10725
10687
10662
10637
10637
10625
10612
10600
10612
10612
10612
10612
10612
10612
10650
10662
10675
10712
10687
10675
10650
10675
10675
10687
10687
10687
10675
10662
10650
10612
10612
10575
10562
10550
10525
10512
10500
10450
10425
10412
10362
10350
10362
10362
10362
10350
10350
10312
10300
10287
10312
10287
10300
10262
10250
10212
10225
10200
10187
10175
10150
10112
10112
10112
10087
10100
10087
10075
10062
10075
10050
10062
10037
10050
10037
10037
10025
10025
9987
9975
10000
9987
9975
9962
9962
9925
9925
9925
9950
9937
9950
9912
9912
9887
9862
9862
9862
9850
9837
9850
9825
9812
9800
9787
9775
9762
9775
9762
9750
9737
9750
9725
9725
9725
9737
9712
9725
9700
9700
9687
9687
9662
9675
9687
9675
9662
9687
9687
9662
9625
9637
9612
9587
9562
9575
9537
9537
9537
9562
9562
9562
9550
9562
9537
9537
9525
9525
9500
9512
9487
9512
9525
9525
9500
9512
9487
9462
9450
9437
9437
9437
9412
9412
9412
9400
9387
9375
9375
9375
9375
9375
9375
9362
9350
9325
9287
9300
9287
9275
9287
9287
9262
9262
9262
9237
9250
9262
9275
9275
9275
9287
9275
9262
9300
9350
9387
9450
9512
9562
9637
9712
9800
9912
10025
10150
10287
10437
10575
10725
10862
10987
11125
11250
11362
11487
11612
11725
11800
11887
11950
12012
12062
12150
12175
12200
12225
12250
12237
12225
12212
12200
12162
12125
12112
12087
12062
12037
12050
12037
12025
12012
12025
12000
11975
11987
11975
11962
11975
11987
12012
12025
12037
12050
12050
12012
12012
11975
11937
11912
11887
11850
11837
11775
11750
11725
11700
11637
11587
11500
11437
11375
11325
11275
11212
11150
11087
11037
10975
10925
10850
10800
10750
10725
10700
10650
10600
10587
10537
10512
10550
10550
10550
10562
10575
10550
10562
10550
10537
10525
10537
10525
10512
10525
10512
10475
10487
10475
10462
10450
10437
10362
10337
10325
10300
10300
10312
10325
10312
10300
10262
10250
10200
10150
10125
10125
10100
10087
10075
10075
10050
10025
10000
10000
9950
9925
9900
9900
9875
9862
9850
9837
9837
9812
9825
9812
9787
9762
9775
9737
9737
9750
9762
9750
9775
9762
9737
9750
9737
9725
9700
9712
9662
9675
9662
9687
9662
9662
9650
9637
9625
9637
9650
9625
9625
9587
9612
9587
9600
9587
9587
9562
9537
9512
9512
9537
9512
9550
9550
9550
9525
9550
9525
9537
9525
9512
9487
9475
9437
9425
9437
9412
9387
9387
9362
9325
9312
9325
9325
9325
9325
9325
9300
9287
9275
9250
9250
9237
9225
9212
9212
9200
9200
9175
9175
9200
9187
9200
9200
9200
9200
9200
9200
9212
9200
9200
9187
9175
9187
9187
9187
9200
9212
9200
9200
9187
9200
9187
9175
9200
9187
9150
9137
9125
9100
9087
9100
9087
9112
9100
9112
9100
9087
9062
9075
9062
9037
9037
9037
9037
9025
9050
9050
9050
9025
9037
9025
9012
9012
9012
9012
9012
9050
9037
9050
9037
9050
9025
9037
9025
9037
9050
9100
9125
9200
9262
9337
9412
9525
9625
9725
9850
9975
10112
10250
10400
10550
10700
10812
10925
11037
11137
11237
11350
11487
11612
11737
11837
11925
12000
12050
12100
12125
12125
12112
12100
12087
12100
12087
12075
12087
12075
12037
12050
12025
12000
12000
12000
12000
12012
12000
11987
11962
11950
11962
11962
11962
11975
11987
11975
12000
12000
12025
12037
12050
12062
12075
12087
12062
12087
12087
12112
12100
12125
12125
12125
12125
12137
12125
12087
12050
12012
11950
11887
11825
11750
11700
11662
11612
11562
11525
11450
11375
11312
11225
11137
11075
11012
10962
10925
10875
10787
10737
10675
10600
10562
10537
10487
10462
10450
10437
10450
10462
10475
10487
10500
10487
10512
10512
10512
10487
10500
10475
10475
10500
10525
10537
10550
10562
10550
10562
10537
10512
10462
10450
10412
10387
10362
10362
10337
10325
10312
10300
10262
10225
10200
10175
10175
10175
10162
10137
10137
10112
10087
10075
10075
10050
10025
10000
10000
9962
9925
9887
9875
9837
9837
9837
9825
9825
9825
9800
9787
9787
9750
9762
9762
9737
9712
9712
9700
9687
9712
9725
9737
9737
9737
9725
9725
9725
9700
9712
9700
9712
9700
9712
9700
9712
9675
9675
9650
9650
9625
9650
9625
9625
9600
9575
9562
9550
9537
9525
9512
9487
9475
9462
9450
9462
9450
9462
9450
9462
9450
9425
9412
9425
9412
9400
9425
9437
9425
9437
9450
9462
9450
9475
9462
9475
9487
9487
9487
9500
9487
9500
9512
9525
9525
9562
9550
9550
9537
9562
9550
9537
9562
9562
9525
9525
9550
9525
9537
9550
9525
9512
9512
9500
9525
9550
9525
9525
9525
9500
9475
9500
9500
9475
9487
9500
9462
9450
9462
9437
9412
9425
9437
9425
9412
9425
9412
9400
9387
9400
9387
9400
9387
9400
9387
9375
9375
9375
9387
9387
9425
9425
9425
9387
9387
9375
9362
9375
9425
9450
9475
9550
9600
9650
9725
9800
9862
9987
10100
10237
10375
10550
10700
10837
10950
11087
11212
11337
11462
11600
11725
11775
11837
11912
11975
12037
12112
12162
12212
12237
12250
12262
12250
12237
12225
12212
12187
12187
12162
12137
12125
12125
12125
12125
12150
12162
12175
12162
12150
12137
12125
12112
12125
12137
12150
12137
12150
12137
12150
12125
12125
12087
12100
12075
12062
12025
12037
11987
11937
11887
11837
11762
11712
11675
11637
11575
11537
11462
11375
11300
11237
11150
11075
11012
10950
10887
10825
10775
10700
10650
10587
10525
10500
10487
10450
10425
10437
10400
10400
10400
10437
10437
10450
10450
10487
10475
10500
10525
10525
10525
10525
10512
10475
10475
10437
10437
10437
10437
10437
10437
10437
10400
10412
10412
10412
10387
10375
10362
10337
10325
10312
10325
10300
10300
10275
10250
10225
10212
10175
10162
10150
10137
10125
10100
10075
10075
10025
10012
10012
10025
10000
10000
9987
9962
9925
9900
9862
9837
9850
9837
9825
9850
9862
9850
9837
9850
9875
9875
9875
9862
9850
9825
9812
9787
9800
9787
9750
9737
9750
9725
9725
9725
9700
9675
9700
9700
9700
9700
9700
9662
9650
9637
9625
9612
9625
9612
9600
9612
9600
9587
9562
9575
9537
9525
9512
9512
9500
9512
9525
9512
9500
9487
9500
9487
9500
9500
9512
9487
9487
9450
9462
9437
9450
9437
9462
9437
9437
9412
9425
9412
9437
9437
9437
9425
9400
9375
9375
9362
9325
9337
9312
9300
9312
9312
9275
9275
9250
9225
9212
9225
9212
9200
9200
9187
9175
9162
9187
9175
9200
9187
9175
9162
9150
9112
9112
9112
9062
9050
9062
9037
9037
9075
9062
9075
9100
9100
9100
9137
9150
9187
9250
9337
9437
9550
9687
9850
9987
10137
10275
10425
10537
10662
10787
10925
11050
11187
11300
11412
11525
11625
11712
11775
11837
11862
11900
11950
12000
12012
12050
12037
12000
11962
11950
11912
11887
11875
11887
11850
11837
11825
11825
11800
11800
11775
11775
11737
11700
11712
11725
11712
11725
11737
11725
11700
11725
11750
11762
11775
11800
11800
11812
11825
11812
11800
11800
11750
11737
11725
11737
11700
11675
11625
11600
11537
11487
11425
11350
11287
11225
11162
11112
11075
11012
10950
10887
10812
10737
10675
10612
10550
10525
10487
10450
10412
10400
10375
10362
10350
10325
10312
10300
10312
10300
10325
10337
10350
10362
10400
10412
10425
10437
10425
10412
10400
10387
10375
10387
10375
10362
10350
10337
10325
10312
10325
10312
10325
10312
10300
10262
10250
10237
10212
10187
10200
10187
10150
10125
10125
10087
10075
10062
10050
10012
10012
9987
9962
9937
9937
9900
9900
9900
9900
9875
9875
9825
9825
9825
9825
9800
9812
9787
9775
9787
9800
9787
9775
9762
9750
9737
9725
9737
9725
9712
9687
9687
9700
9700
9700
9712
9737
9725
9725
9725
9712
9700
9712
9712
9712
9725
9700
9687
9675
9662
9650
9662
9637
9662
9650
9637
9625
9612
9587
9562
9562
9537
9537
9500
9512
9487
9500
9512
9537
9512
9525
9500
9487
9475
9475
9475
9475
9462
9450
9437
9425
9412
9400
9387
9400
9387
9375
9362
9350
9325
9312
9325
9312
9325
9337
9312
9300
9275
9262
9250
9275
9287
9312
9325
9337
9312
9300
9287
9287
9275
9300
9287
9275
9250
9262
9237
9237
9275
9275
9250
9275
9275
9237
9237
9237
9225
9212
9225
9237
9237
9237
9237
9237
9237
9237
9237
9237
9237
9237
9237
9250
9262
9275
9237
9250
9250
9250
9225
9250
9237
9237
9225
9250
9275
9287
9287
9325
9337
9325
9375
9425
9500
9537
9650
9750
9862
9962
10112
10225
10325
10475
10625
10775
10937
11075
11200
11325
11450
11600
11737
11825
11937
12025
12100
12150
12225
12275
12300
12287
12300
12287
12275
12262
12275
12262
12250
12212
12200
12187
12175
12162
12175
12187
12162
12162
12162
12162
12137
12150
12162
12200
12200
12237
12250
12262
12287
12312
12300
12312
12325
12300
12312
12325
12337
12325
12312
12300
12287
12275
12262
12250
12212
12150
12087
12025
11962
11900
11862
11800
11725
11675
11625
11575
11525
11500
11437
11375
11312
11250
11162
11087
11012
10950
10887
10850
10850
10812
10800
10787
10750
10712
10700
10687
10662
10675
10650
10650
10650
10687
10675
10700
10700
10700
10675
10687
10675
10687
10700
10700
10675
10675
10650
10600
10600
10587
10550
10537
10525
10475
10475
10462
10450
10437
10450
10425
10412
10375
10362
10337
10300
10262
10250
10212
10175
10162
10137
10087
10062
10037
9987
9975
9962
9925
9912
9900
9862
9850
9837
9837
9837
9837
9812
9825
9787
9737
9725
9700
9662
9675
9675
9662
9662
9675
9650
9637
9625
9612
9562
9562
9562
9537
9537
9537
9500
9487
9475
9437
9425
9412
9375
9362
9350
9325
9312
9325
9312
9287
9287
9287
9262
9237
9225
9212
9200
9187
9200
9212
9200
9187
9200
9175
9187
9200
9175
9175
9175
9175
9162
9200
9187
9187
9175
9175
9162
9150
9175
9162
9175
9162
9175
9175
9187
9162
9175
9187
9162
9162
9200
9200
9162
9162
9162
9125
9087
9100
9125
9100
9112
9125
9100
9037
9025
8987
8975
8962
8975
8950
8950
8925
8925
8900
8912
8887
8900
8887
8875
8862
8887
8875
8887
8900
8887
8850
8837
8825
8812
8825
8837
8850
8837
8850
8812
8825
8812
8825
8812
8825
8825
8825
8800
8825
8837
8850
8862
8912
8950
9037
9112
9212
9312
9412
9525
9650
9762
9862
9987
10100
10200
10350
10500
10637
10762
10887
10987
11112
11200
11287
11375
11437
11475
11550
11587
11612
11637
11662
11650
11662
11675
11687
11675
11687
11662
11637
11612
11612
11587
11575
11562
11550
11537
11550
11562
11550
11562
11550
11537
11525
11537
11525
11537
11525
11537
11550
11587
11600
11612
11625
11600
11575
11550
11550
11512
11512
11487
11462
11450
11450
11425
11387
11337
11287
11225
11162
11112
11075
11012
10950
10887
10812
10737
10675
10600
10550
10500
10487
10450
10412
10400
10387
10350
10337
10362
10350
10337
10350
10325
10300
10300
10325
10325
10362
10387
10412
10412
10437
10425
10412
10425
10425
10437
10437
10462
10425
10437
10400
10400
10375
10387
10362
10362
10337
10337
10312
10325
10312
10287
10275
10250
10225
10200
10212
10175
10187
10175
10150
10125
10112
10087
10050
10050
10050
10050
10025
10012
10000
9962
9925
9925
9925
9900
9875
9887
9862
9837
9812
9812
9812
9800
9812
9825
9812
9812
9812
9812
9812
9812
9812
9812
9812
9812
9837
9825
9837
9825
9812
9800
9787
9775
9750
9762
9750
9762
9775
9787
9762
9775
9762
9750
9750
9775
9750
9750
9762
9762
9762
9800
9825
9850
9862
9887
9875
9862
9812
9825
9825
9825
9787
9812
9800
9775
9775
9787
9775
9787
9787
9787
9812
9812
9787
9775
9762
9750
9762
9787
9812
9812
9812
9787
9775
9737
9750
9725
9737
9725
9737
9725
9750
9737
9750
9762
9775
9762
9775
9762
9750
9737
9725
9712
9700
9712
9700
9687
9675
9662
9625
9575
9562
9512
9500
9475
9500
9487
9512
9525
9525
9525
9525
9525
9500
9500
9500
9500
9475
9475
9475
9462
9450
9462
9450
9462
9450
9475
9475
9475
9475
9500
9487
9475
9487
9500
9512
9550
9625
9700
9775
9862
9962
10050
10150
10237
10350
10462
10600
10725
10862
11000
11150
11275
11400
11525
11650
11750
11825
11912
12000
12050
12100
12150
12200
12250
12300
12312
12325
12300
12262
12225
12237
12212
12200
12187
12175
12125
12087
12087
12062
12025
12025
12012
11987
11962
11975
11950
11962
11975
11975
12000
12025
12025
12025
12037
12025
12012
12000
11987
11975
11937
11900
11862
11850
11800
11775
11737
11725
11662
11600
11512
11437
11325
11262
11200
11137
11062
11037
10975
10925
10862
10800
10737
10700
10662
10637
10650
10625
10575
10550
10525
10500
10487
10500
10487
10512
10512
10537
10537
10562
10537
10537
10512
10525
10512
10512
10487
10487
10475
10450
10450
10450
10412
10400
10375
10325
10300
10275
10262
10250
10262
10250
10250
10225
10200
10150
10125
10100
10050
10050
10025
10000
9962
9962
9925
9900
9875
9862
9837
9825
9837
9800
9800
9775
9750
9737
9750
9725
9700
9700
9662
9650
9637
9650
9637
9625
9612
9625
9637
9637
9637
9637
9637
9600
9600
9625
9612
9575
9575
9575
9537
9537
9562
9562
9562
9575
9587
9600
9612
9600
9612
9587
9537
9537
9537
9537
9550
9550
9525
9537
9512
9487
9500
9487
9462
9450
9437
9425
9437
9425
9412
9437
9425
9412
9425
9437
9437
9450
9462
9437
9450
9437
9450
9437
9437
9437
9437
9437
9437
9462
9437
9437
9400
9387
9375
9375
9375
9387
9375
9362
9350
9350
9350
9350
9350
9350
9350
9337
9350
9337
9350
9325
9325
9325
9312
9300
9300
9300
9275
9262
9262
9250
9250
9237
9262
9237
9262
9250
9237
9212
9225
9200
9175
9187
9200
9187
9200
9212
9225
9200
9200
9175
9175
9175
9187
9175
9187
9162
9137
9112
9125
9100
9087
9075
9062
9037
9050
9050
9050
9075
9062
9050
9050
9062
9050
9087
9125
9200
9237
9312
9362
9437
9525
9637
9737
9887
10037
10162
10300
10437
10575
10687
10812
10950
11075
11200
11312
11425
11512
11600
11675
11750
11812
11850
11887
11900
11912
11937
11950
11937
11950
11925
11912
11900
11887
11875
11887
11862
11837
11850
11825
11812
11800
11812
11812
11850
11850
11862
11850
11850
11850
11850
11875
11900
11912
11912
11912
11937
11950
11975
11950
11962
11925
11937
11887
11900
11887
11900
11875
11862
11812
11762
11712
11662
11612
11550
11487
11400
11325
11287
11225
11150
11100
11050
10962
10900
10850
10762
10712
10662
10600
10562
10537
10487
10462
10450
10437
10425
10412
10400
10412
10400
10412
10425
10412
10412
10400
10400
10387
10400
10375
10400
10375
10387
10375
10362
10362
10375
10362
10375
10387
10362
10350
10337
10300
10300
10275
10250
10250
10250
10212
10225
10212
10175
10162
10137
10112
10112
10112
10087
10075
10062
10012
9987
9950
9937
9900
9900
9875
9837
9812
9787
9787
9775
9775
9775
9762
9737
9712
9725
9700
9725
9700
9700
9700
9700
9650
9662
9650
9612
9612
9625
9600
9600
9600
9587
9575
9562
9525
9525
9500
9500
9487
9500
9500
9500
9475
9487
9462
9437
9437
9425
9412
9412
9387
9362
9350
9325
9312
9325
9312
9300
9325
9312
9275
9262
9275
9237
9237
9237
9237
9200
9200
9175
9150
9125
9112
9100
9087
9100
9087
9075
9062
9050
9037
9025
9050
9050
9050
9050
9050
9037
9025
9037
9025
9050
9037
9025
9012
9000
8975
8962
8975
8950
8962
8937
8937
8912
8925
8900
8875
8862
8837
8812
8812
8825
8787
8787
8787
8775
8775
8787
8762
8750
8737
8725
8737
8762
8750
8737
8725
8687
8675
8662
8675
8662
8687
8687
8712
8700
8725
8712
8737
8725
8750
8762
8775
8775
8800
8837
8875
8937
9012
9087
9162
9262
9375
9500
9625
9750
9850
9975
10075
10187
10312
10437
10550
10675
10775
10875
10975
11075
11162
11237
11312
11362
11400
11412
11425
11412
11425
11412
11400
11387
11375
11362
11350
11362
11337
11337
11312
11287
11262
11250
11237
11225
11237
11225
11250
11250
11250
11250
11300
11287
11275
11287
11300
11262
11250
11237
11200
11162
11125
11112
11087
11062
11012
10950
10887
10825
10762
10725
10675
10600
10562
10512
10450
10412
10362
10300
10250
10200
10150
10137
10125
10112
10100
10087
10075
10062
10075
10062
10075
10087
10100
10112
10150
10162
10175
10187
10175
10187
10187
10187
10187
10212
10187
10175
10162
10150
10150
10137
10162
10150
10137
10125
10112
10087
10075
10050
9987
9962
9900
9862
9875
9875
9875
9875
9850
9787
9775
9737
9737
9725
9712
9687
9700
9675
9687
9700
9712
9700
9712
9700
9687
9650
9637
9587
9575
9600
9612
9600
9625
9612
9587
9575
9562
9562
9550
9512
9500
9487
9462
9437
9450
9437
9412
9387
9400
9400
9387
9412
9412
9412
9387
9375
9362
9350
9350
9337
9350
9337
9350
9337
9325
9312
9300
9287
9262
9262
9262
9262
9237
9250
9237
9200
9200
9187
9175
9162
9175
9150
9162
9137
9137
9112
9112
9087
9100
9087
9075
9062
9075
9062
9087
9100
9125
9125
9125
9075
9087
9062
9062
9050
9075
9075
9075
9087
9112
9137
9125
9137
9112
9125
9112
9137
9162
9175
9175
9175
9175
9150
9162
9150
9137
9125
9150
9137
9150
9187
9187
9175
9175
9187
9175
9200
9200
9225
9187
9200
9187
9200
9212
9250
9237
9250
9237
9225
9212
9200
9200
9200
9200
9200
9187
9175
9187
9175
9187
9212
9237
9262
9325
9350
9425
9450
9500
9562
9662
9762
9912
10025
10150
10262
10400
10525
10650
10750
10862
10975
11100
11225
11350
11462
11575
11650
11725
11800
11850
11875
11900
11950
11950
11962
11962
11987
11962
11950
11925
11912
11887
11875
11862
11850
11837
11850
11837
11850
11837
11850
11837
11850
11825
11800
11775
11787
11762
11775
11787
11812
11800
11825
11825
11825
11812
11825
11812
11800
11812
11787
11737
11687
11625
11537
11450
11350
11287
11225
11162
11100
11037
10950
10850
10775
10725
10675
10650
10612
10625
10637
10625
10612
10625
10587
10575
10587
10575
10587
10600
10575
10587
10600
10625
10625
10625
10612
10600
10575
10537
10550
10525
10525
10487
10450
10412
10387
10350
10337
10325
10312
10275
10275
10275
10262
10250
10262
10212
10175
10162
10137
10112
10112
10100
10075
10062
10037
10037
10012
10000
9975
9962
9925
9887
9887
9887
9875
9862
9887
9875
9862
9850
9862
9837
9837
9825
9837
9825
9812
9800
9812
9800
9787
9800
9787
9775
9762
9775
9762
9787
9787
9787
9762
9787
9762
9762
9762
9762
9737
9725
9712
9700
9687
9687
9687
9687
9675
9687
9687
9675
9637
9637
9612
9587
9575
9600
9562
9575
9550
9550
9512
9512
9487
9475
9462
9437
9450
9437
9462
9450
9450
9412
9412
9375
9375
9375
9375
9362
9387
9375
9387
9400
9425
9412
9387
9375
9350
9312
9287
9300
9275
9287
9275
9262
9250
9237
9225
9212
9225
9212
9225
9212
9225
9212
9225
9212
9225
9200
9200
9200
9200
9175
9187
9175
9162
9150
9162
9150
9175
9162
9187
9187
9175
9150
9162
9137
9112
9087
9062
9012
9000
8975
8987
8975
8962
8937
8925
8912
8900
8887
8875
8850
8825
8825
8825
8825
8837
8850
8837
8850
8837
8825
8825
8825
8850
8862
8875
8875
8875
8850
8862
8900
8937
9025
9112
9200
9312
9437
9550
9675
9837
10000
10162
10312
10450
10562
10662
10762
10862
10975
11075
11200
11262
11350
11412
11475
11512
11600
11612
11662
11687
11712
11737
11775
11775
11800
11800
11787
11775
11750
11750
11737
11725
11712
11700
11662
11662
11625
11612
11612
11612
11587
11600
11612
11625
11637
11650
11637
11625
11637
11625
11637
11675
11687
11700
11700
11712
11725
11737
11712
11725
11700
11650
11625
11612
11575
11537
11500
11437
11400
11362
11312
11250
11212
11125
11050
10975
10912
10812
10775
10712
10625
10562
10500
10412
10325
10300
10287
10275
10250
10275
10287
10275
10262
10262
10262
10225
10212
10225
10225
10212
10237
10237
10237
10250
10225
10200
10175
10150
10125
10137
10150
10162
10175
10187
10175
10137
10125
10112
10087
10062
10037
9987
9950
9925
9887
9887
9887
9850
9837
9825
9787
9762
9737
9712
9700
9687
9687
9675
9662
9650
9637
9612
9600
9587
9562
9562
9525
9487
9462
9450
9437
9425
9437
9437
9425
9387
9387
9400
9375
9387
9400
9387
9362
9350
9350
9362
9362
9362
9387
9387
9350
9362
9350
9350
9337
9325
9312
9300
9262
9250
9262
9250
9237
9225
9212
9175
9162
9175
9175
9175
9175
9150
9125
9137
9125
9112
9125
9112
9100
9087
9100
9087
9062
9050
9025
9000
8975
8987
9000
9025
9025
9050
9050
9012
9012
9012
8987
9000
9000
8987
8975
9000
8975
8987
8975
8987
8950
8962
8950
8962
8950
8987
8962
8962
8962
8962
8925
8937
8950
8937
8925
8937
8925
8912
8900
8887
8887
8887
8862
8862
8862
8850
8837
8850
8837
8850
8837
8812
8812
8812
8812
8812
8850
8837
8850
8837
8850
8837
8850
8837
8812
8825
8837
8850
8862
8925
8912
8937
8962
8987
9012
9075
9137
9212
9350
9475
9612
9725
9837
9962
10100
10237
10400
10562
10687
10812
10925
11037
11137
11250
11312
11375
11450
11500
11537
11600
11625
11612
11625
11600
11587
11575
11562
11550
11525
11500
11475
11475
11450
11475
11437
11450
11425
11425
11400
11425
11400
11400
11375
11375
11375
11387
11375
11387
11400
11400
11400
11425
11450
11437
11425
11450
11437
11437
11450
11425
11400
11387
11375
11350
11325
11275
11225
11150
11075
11000
10925
10837
10750
10662
10600
10525
10487
10450
10425
10375
10337
10287
10250
10212
10212
10212
10212
10175
10162
10137
10112
10112
10112
10125
10087
10100
10087
10112
10125
10162
10150
10162
10175
10162
10175
10175
10175
10175
10162
10162
10162
10162
10125
10125
10125
10125
10125
10137
10125
10100
10087
10037
10012
9987
9962
9925
9925
9900
9875
9825
9812
9775
9750
9725
9725
9725
9737
9725
9712
9700
9662
9650
9625
9625
9600
9575
9550
9537
9525
9500
9525
9525
9525
9525
9562
9550
9537
9550
9562
9550
9537
9562
9550
9537
9525
9512
9500
9500
9475
9475
9475
9462
9450
9462
9450
9462
9450
9437
9425
9437
9412
9412
9400
9362
9337
9362
9350
9375
9387
9362
9325
9325
9312
9300
9287
9275
9237
9225
9212
9200
9187
9175
9162
9137
9137
9112
9112
9075
9087
9075
9100
9075
9112
9087
9100
9075
9075
9062
9075
9050
9050
9050
9037
9012
9012
8987
9000
8987
8987
8987
8975
8962
8950
8975
8962
8987
8975
8950
8937
8925
8912
8887
8900
8887
8887
8887
8887
8887
8862
8862
8837
8850
8837
8862
8862
8862
8837
8837
8800
8800
8787
8800
8812
8825
8812
8825
8812
8800
8787
8775
8737
8750
8737
8750
8762
8812
8862
8912
8975
9075
9125
9187
9325
9462
9600
9762
9912
10050
10175
10312
10437
10562
10662
10750
10837
10937
11037
11137
11225
11312
11362
11400
11425
11462
11462
11500
11500
11512
11500
11525
11512
11537
11500
11500
11462
11462
11437
11437
11400
11412
11400
11400
11400
11400
11362
11350
11337
11325
11350
11362
11387
11375
11387
11387
11400
11400
11412
11425
11412
11425
11412
11425
11437
11462
11450
11462
11450
11425
11412
11400
11362
11350
11312
11275
11237
11200
11137
11075
11012
10975
10925
10875
10825
10775
10700
10612
10525
10425
10362
10325
10275
10225
10225
10162
10125
10100
10075
10037
10050
10037
10050
10062
10087
10075
10100
10087
10112
10125
10150
10162
10187
10200
10175
10175
10150
10150
10125
10137
10125
10137
10100
10100
10100
10087
10075
10087
10087
10050
10050
10012
10000
9987
9987
9962
9975
9950
9925
9925
9925
9900
9887
9850
9825
9775
9750
9712
9700
9675
9687
9662
9675
9650
9625
9600
9600
9575
9562
9562
9562
9537
9512
9525
9525
9512
9525
9525
9512
9475
9450
9437
9437
9412
9412
9412
9400
9387
9375
9337
9337
9325
9300
9312
9312
9300
9287
9312
9287
9312
9300
9312
9312
9325
9300
9312
9287
9262
9237
9237
9200
9212
9200
9187
9200
9200
9187
9175
9187
9150
9162
9137
9112
9087
9062
9037
9050
9050
9050
9075
9062
9012
9012
8987
8962
8950
8987
8987
8975
8962
8950
8937
8900
8900
8900
8900
8900
8925
8950
8950
8937
8937
8925
8925
8912
8937
8912
8900
8875
8862
8825
8812
8800
8800
8787
8775
8762
8750
8737
8712
8712
8687
8687
8687
8687
8662
8675
8687
8662
8650
8662
8637
8612
8600
8612
8600
8612
8625
8637
8650
8662
8675
8687
8675
8662
8650
8650
8650
8662
8687
8700
8712
8725
8787
8812
8887
8950
9012
9062
9162
9275
9400
9550
9700
9862
10012
10175
10300
10450
10575
10662
10750
10850
10950
11037
11150
11262
11325
11375
11412
11450
11450
11450
11437
11450
11425
11425
11425
11425
11400
11400
11375
11375
11375
11375
11350
11350
11312
11287
11275
11287
11300
11350
11350
11375
11400
11400
11400
11412
11400
11400
11400
11400
11400
11400
11362
11350
11300
11250
11225
11187
11150
11125
11100
11037
10987
10912
10837
10762
10712
10662
10600
10537
10487
10412
10362
10325
10275
10212
10175
10112
10062
10000
9987
9950
9962
9975
10025
10037
10075
10062
10050
10050
10050
10025
10037
10037
10000
10000
9987
9962
9950
9975
9950
9937
9925
9937
9887
9875
9887
9875
9862
9875
9862
9812
9762
9750
9725
9700
9687
9700
9662
9625
9612
9600
9562
9550
9537
9500
9487
9462
9437
9437
9437
9437
9437
9437
9412
9412
9387
9400
9387
9375
9362
9375
9362
9350
9362
9350
9312
9300
9312
9287
9287
9300
9312
9287
9300
9275
9287
9250
9250
9250
9262
9237
9250
9237
9225
9212
9225
9212
9200
9187
9175
9162
9150
9137
9137
9125
9112
9087
9112
9087
9075
9075
9075
9050
9037
9050
9012
9025
9012
9000
8950
8937
8925
8912
8887
8912
8912
8900
8887
8887
8850
8862
8837
8837
8875
8912
8900
8900
8862
8812
8812
8812
8812
8825
8837
8800
8800
8800
8812
8787
8787
8787
8775
8775
8787
8800
8787
8775
8787
8800
8800
8812
8825
8787
8787
8775
8775
8762
8750
8737
8725
8687
8687
8712
8700
8712
8700
8687
8650
8637
8600
8612
8600
8612
8637
8625
8625
8625
8625
8612
8637
8625
8612
8600
8600
8587
8612
8637
8637
8625
8650
8662
8662
8662
8662
8675
8662
8700
8775
8850
8912
9012
9100
9187
9287
9375
9500
9612
9737
9850
10012
10150
10250
10337
10462
10575
10662
10775
10912
11012
11075
11137
11200
11262
11300
11362
11400
11425
11425
11437
11450
11462
11475
11450
11425
11412
11400
11375
11387
11400
11375
11375
11375
11362
11350
11337
11325
11312
11300
11312
11300
11300
11325
11350
11337
11375
11400
11400
11400
11412
11425
11425
11437
11425
11437
11425
11425
11412
11400
11387
11362
11337
11312
11287
11237
11187
11150
11100
11037
10975
10950
10862
10787
10737
10675
10612
10562
10525
10450
10412
10337
10287
10212
10150
10062
10012
9962
9925
9912
9900
9887
9875
9900
9900
9900
9912
9950
9937
9975
10012
10037
10037
10050
10037
10050
10037
10050
10062
10050
10037
10012
9987
9962
9937
9912
9925
9912
9925
9925
9900
9850
9800
9775
9737
9725
9712
9725
9687
9687
9662
9662
9637
9650
9625
9625
9600
9575
9562
9562
9537
9512
9512
9475
9462
9450
9475
9475
9475
9475
9462
9450
9437
9450
9425
9437
9412
9412
9375
9375
9350
9350
9350
9337
9350
9350
9350
9300
9312
9312
9300
9287
9325
9325
9287
9300
9275
9250
9250
9262
9262
9262
9262
9237
9237
9237
9250
9237
9250
9225
9212
9187
9187
9187
9187
9175
9175
9175
9150
9137
9125
9112
9100
9087
9100
9087
9112
9112
9112
9112
9112
9100
9087
9062
9050
9037
9025
9037
9062
9050
9062
9050
9037
9050
9062
9050
9062
9075
9037
9037
9037
9037
9000
9012
8987
8987
8987
9025
9025
9050
9050
9025
8975
8962
8950
8937
8925
8912
8912
8887
8887
8887
8887
8875
8887
8875
8850
8850
8850
8825
8787
8812
8812
8812
8812
8825
8825
8825
8825
8825
8825
8837
8850
8837
8850
8862
8812
8787
8800
8787
8800
8825
8850
8837
8825
8812
8800
8800
8787
8800
8787
8800
8787
8800
8825
8875
8925
9000
9075
9150
9250
9387
9525
9675
9812
9937
10050
10175
10300
10425
10550
10675
10787
10887
10987
11087
11175
11262
11337
11425
11475
11512
11550
11562
11550
11562
11575
11550
11525
11525
11525
11487
11500
11487
11487
11450
11450
11412
11400
11400
11400
11400
11400
11400
11400
11400
11400
11400
11425
11412
11425
11425
11462
11462
11487
11475
11487
11487
11487
11462
11437
11425
11400
11400
11387
11362
11325
11287
11225
11175
11137
11075
11012
10937
10862
10775
10725
10650
10587
10525
10475
10400
10337
10325
10262
10237
10212
10212
10162
10150
10125
10100
10050
10037
10012
10000
9987
10000
10012
10037
10062
10075
10062
10075
10075
10062
10100
10112
10100
10100
10100
10087
10100
10087
10100
10087
10050
10037
10012
9987
9987
9987
9950
9962
9937
9912
9887
9875
9850
9837
9800
9775
9787
9762
9712
9725
9700
9662
9625
9637
9600
9600
9562
9562
9537
9537
9500
9500
9475
9450
9437
9425
9412
9387
9387
9350
9350
9337
9350
9337
9350
9337
9325
9325
9325
9325
9312
9337
9325
9300
9300
9300
9262
9250
9250
9237
9237
9237
9237
9237
9200
9187
9175
9162
9137
9137
9137
9112
9087
9100
9087
9075
9087
9075
9062
9075
9037
9050
9062
9050
9037
9025
9000
8975
8975
8975
8987
9000
9000
9000
8962
8962
8962
8950
8950
8987
9000
8975
9000
8975
8950
8950
8950
8950
8962
8975
8962
8950
8937
8925
8887
8887
8887
8887
8887
8887
8875
8862
8850
8825
8825
8800
8800
8787
8800
8787
8800
8787
8800
8775
8775
8775
8775
8775
8787
8800
8800
8787
8775
8787
8775
8775
8787
8800
8787
8800
8825
8875
8925
9025
9087
9162
9237
9325
9412
9562
9712
9887
10062
10225
10362
10500
10612
10725
10812
10925
11025
11100
11187
11275
11325
11362
11412
11462
11475
11512
11512
11537
11525
11537
11525
11537
11550
11562
11550
11537
11500
11462
11450
11437
11425
11437
11425
11425
11425
11425
11437
11437
11437
11412
11425
11412
11425
11425
11437
11450
11462
11487
11475
11500
11500
11537
11537
11575
11575
11575
11562
11550
11550
11537
11525
11525
11525
11512
11500
11487
11437
11412
11362
11312
11250
11187
11087
11025
10950
10875
10825
10775
10700
10625
10562
10462
10362
10300
10237
10162
10100
10087
10050
10050
10050
10075
10062
10087
10087
10087
10087
10087
10075
10062
10087
10112
10125
10112
10137
10112
10087
10075
10087
10062
10075
10062
10075
10062
10075
10050
10050
10025
10000
9975
9962
9925
9912
9900
9862
9862
9862
9875
9875
9875
9862
9837
9812
9787
9787
9750
9762
9750
9725
9712
9712
9700
9687
9712
9687
9662
9650
9625
9600
9587
9562
9537
9550
9512
9525
9550
9525
9500
9525
9487
9475
9475
9475
9450
9462
9450
9462
9450
9462
9450
9475
9462
9475
9462
9475
9450
9437
9400
9387
9375
9350
9350
9375
9375
9375
9387
9375
9337
9337
9312
9312
9325
9337
9337
9350
9350
9337
9350
9337
9350
9337
9325
9287
9287
9250
9237
9225
9250
9225
9212
9200
9212
9187
9175
9187
9175
9137
9137
9125
9112
9100
9125
9112
9112
9112
9112
9100
9112
9125
9137
9150
9137
9125
9112
9100
9087
9100
9087
9075
9062
9075
9050
9062
9062
9062
9025
9050
9025
9037
9012
9025
8962
8962
8925
8937
8912
8937
8912
8925
8887
8900
8912
8900
8887
8887
8875
8837
8850
8837
8850
8812
8800
8800
8787
8787
8812
8812
8812
8825
8800
8800
8787
8775
8737
8725
8712
8737
8762
8812
8887
8975
9075
9162
9250
9312
9412
9537
9662
9812
10000
10137
10250
10375
10500
10612
10725
10837
10962
11087
11200
11287
11350
11400
11425
11462
11475
11525
11537
11550
11537
11525
11500
11487
11437
11437
11437
11437
11425
11450
11425
11425
11412
11425
11425
11437
11412
11412
11387
11387
11400
11425
11450
11475
11487
11462
11475
11487
11500
11512
11525
11537
11525
11537
11525
11512
11462
11437
11375
11325
11250
11187
11100
11050
10987
10925
10887
10837
10775
10712
10662
10587
10550
10487
10425
10362
10287
10237
10187
10175
10137
10150
10125
10112
10087
10087
10075
10100
10100
10100
10100
10100
10062
10075
10050
10062
10050
10075
10075
10087
10087
10087
10050
10037
10050
10037
10000
9987
9987
9950
9937
9950
9962
9937
9925
9887
9875
9825
9812
9787
9800
9750
9750
9750
9750
9712
9737
9725
9687
9675
9687
9675
9650
9625
9612
9562
9550
9537
9550
9550
9550
9537
9537
9550
9537
9525
9512
9487
9450
9437
9425
9425
9437
9450
9425
9412
9400
9412
9400
9400
9437
9425
9425
9412
9400
9387
9412
9387
9400
9437
9425
9387
9400
9375
9362
9350
9375
9362
9362
9325
9325
9325
9312
9325
9337
9350
9337
9325
9287
9300
9287
9262
9262
9262
9212
9200
9225
9200
9200
9225
9212
9200
9187
9200
9187
9200
9187
9225
9212
9225
9212
9237
9237
9237
9237
9262
9250
9262
9250
9250
9225
9225
9200
9225
9200
9200
9200
9187
9175
9175
9175
9175
9175
9187
9175
9162
9150
9150
9112
9125
9087
9062
9062
9050
9012
9050
9050
9050
9062
9100
9075
9075
9050
9050
9050
9062
9050
9062
9050
9050
9037
9062
9050
9075
9062
9062
9050
9050
9037
9025
9012
9012
9037
9025
9037
9075
9075
9075
9112
9150
9187
9225
9275
9337
9400
9475
9600
9712
9837
9962
10075
10175
10262
10375
10512
10662
10787
10900
11012
11112
11212
11287
11362
11437
11512
11550
11587
11612
11650
11650
11675
11687
11700
11675
11650
11625
11637
11625
11650
11662
11675
11637
11650
11625
11612
11600
11637
11650
11662
11675
11687
11675
11662
11675
11675
11675
11712
11712
11712
11750
11762
11762
11800
11837
11850
11862
11875
11850
11837
11825
11837
11812
11825
11800
11762
11725
11675
11625
11562
11512
11462
11437
11400
11350
11287
11225
11150
11100
11050
11000
10912
10825
10750
10687
10625
10575
10525
10462
10412
10387
10375
10387
10362
10337
10312
10312
10275
10275
10275
10287
10262
10275
10262
10275
10250
10275
10275
10275
10250
10262
10237
10237
10237
10262
10250
10237
10237
10225
10212
10187
10187
10150
10112
10087
10050
10037
10025
10025
10025
10025
9975
9950
9925
9862
9850
9837
9800
9775
9750
9725
9700
9712
9700
9725
9700
9700
9662
9650
9625
9625
9600
9575
9562
9525
9487
9450
9450
9450
9450
9437
9462
9462
9412
9400
9425
9400
9412
9425
9425
9400
9387
9337
9350
9337
9350
9362
9375
9387
9375
9375
9375
9412
9400
9412
9425
9437
9437
9437
9462
9450
9437
9437
9437
9412
9425
9425
9425
9412
9425
9425
9437
9412
9425
9412
9375
9362
9350
9350
9337
9350
9337
9350
9337
9350
9337
9325
9312
9300
9300
9300
9300
9300
9325
9312
9325
9337
9350
9350
9337
9325
9337
9312
9300
9287
9287
9250
9250
9262
9262
9262
9262
9262
9225
9250
9237
9237
9237
9237
9225
9212
9225
9212
9225
9212
9200
9187
9162
9150
9125
9125
9125
9137
9112
9125
9137
9125
9112
9125
9112
9100
9112
9112
9112
9112
9137
9137
9187
9237
9287
9312
9400
9500
9612
9762
9925
10087
10212
10350
10462
10575
10675
10775
10912
11050
11175
11300
11425
11512
11600
11712
11775
11837
11875
11912
11925
11962
11962
11962
11962
11937
11912
11912
11925
11912
11900
11887
11862
11825
11825
11825
11825
11825
11825
11812
11825
11812
11800
11825
11825
11837
11850
11887
11912
11937
11950
11950
11950
11937
11937
11912
11925
11937
11925
11912
11900
11887
11887
11862
11812
11787
11725
11675
11625
11600
11575
11537
11487
11437
11375
11325
11287
11225
11150
11087
11000
10912
10825
10775
10712
10650
10637
10612
10587
10587
10587
10537
10525
10537
10525
10537
10537
10537
10537
10575
10575
10612
10625
10637
10637
10650
10637
10650
10637
10625
10612
10587
10562
10537
10512
10512
10500
10462
10462
10437
10387
10387
10387
10387
10375
10362
10350
10325
10300
10275
10250
10200
10187
10150
10137
10112
10112
10075
10062
10025
10025
10025
10012
9975
9975
9912
9875
9887
9887
9875
9900
9875
9850
9825
9812
9787
9787
9787
9800
9812
9825
9837
9812
9825
9812
9825
9812
9812
9800
9775
9762
9737
9737
9700
9700
9662
9662
9637
9662
9662
9662
9637
9637
9625
9600
9600
9600
9575
9550
9537
9525
9512
9537
9512
9512
9475
9462
9412
9412
9387
9375
9362
9387
9375
9362
9375
9387
9350
9312
9312
9287
9287
9287
9300
9275
9275
9237
9225
9212
9225
9212
9200
9187
9200
9187
9175
9187
9200
9187
9175
9162
9150
9137
9150
9162
9175
9187
9175
9162
9150
9162
9137
9150
9125
9100
9075
9062
9037
9025
9037
9025
9012
9012
9000
8987
8975
8987
8937
8937
8937
8937
8912
8937
8925
8912
8887
8887
8900
8900
8875
8900
8887
8862
8875
8875
8875
8887
8912
8900
8925
8912
8950
8937
8975
9012
9075
9112
9187
9250
9337
9425
9537
9650
9762
9887
10012
10125
10237
10362
10487
10612
10725
10862
10975
11075
11175
11262
11325
11400
11475
11562
11625
11700
11725
11762
11787
11812
11812
11837
11825
11812
11787
11775
11762
11775
11762
11787
11775
11762
11750
11725
11725
11712
11737
11737
11775
11762
11800
11800
11825
11825
11862
11862
11887
11887
11912
11912
11937
11937
11962
11950
11962
11950
11975
11962
11950
11912
11900
11862
11825
11812
11775
11712
11625
11562
11500
11450
11387
11350
11287
11212
11125
11025
10950
10875
10787
10750
10700
10650
10587
10537
10462
10412
10362
10325
10262
10237
10237
10212
10200
10187
10187
10162
10162
10162
10200
10187
10212
10212
10212
10212
10250
10237
10225
10237
10225
10200
10212
10225
10200
10175
10125
10075
10062
10062
10062
10087
10087
10050
10012
10000
9950
9887
9850
9837
9800
9762
9737
9712
9662
9625
9625
9625
9600
9575
9575
9537
9525
9512
9525
9512
9500
9487
9475
9462
9450
9437
9425
9412
9400
9387
9375
9362
9350
9325
9287
9287
9262
9275
9262
9275
9250
9250
9212
9200
9187
9200
9187
9175
9200
9175
9162
9150
9137
9112
9150
9125
9137
9150
9162
9137
9137
9125
9137
9100
9100
9087
9087
9062
9087
9062
9075
9037
9037
9012
9025
9012
9012
9012
9000
9012
9000
9012
8987
9012
8987
9012
9000
9025
9000
9000
8975
8987
8962
8975
8962
8937
8937
8937
8937
8937
8975
8962
8975
8962
8950
8937
8950
8937
8950
8962
8950
8912
8900
8900
8900
8900
8937
8950
8925
8925
8925
8887
8875
8862
8875
8875
8875
8887
8887
8862
8850
8862
8837
8850
8837
8825
8812
8800
8800
8787
8812
8812
8837
8825
8850
8862
8875
8900
8912
8937
8937
8962
8987
9062
9137
9225
9337
9450
9550
9650
9775
9912
10050
10187
10337
10487
10612
10737
10875
11000
11112
11237
11337
11450
11525
11612
11687
11725
11750
11775
11762
11725
11712
11700
11662
11662
11662
11662
11637
11637
11637
11637
11637
11625
11637
11637
11625
11625
11662
11675
11700
11725
11750
11737
11750
11725
11737
11700
11712
11700
11687
11650
11625
11587
11550
11537
11512
11487
11462
11437
11425
11387
11337
11287
11225
11125
11025
10975
10900
10825
10775
10762
10712
10662
10625
10625
10575
10550
10512
10475
10425
10400
10387
10375
10400
10387
10425
10412
10437
10462
10487
10487
10500
10525
10500
10512
10500
10512
10487
10475
10475
10462
10425
10387
10375
10337
10325
10312
10325
10287
10287
10250
10212
10187
10175
10125
10112
10087
10025
10000
9975
9925
9887
9887
9850
9837
9825
9837
9812
9812
9787
9762
9737
9725
9687
9687
9687
9687
9687
9687
9675
9650
9625
9600
9612
9587
9600
9587
9600
9562
9562
9562
9550
9537
9537
9537
9512
9487
9475
9462
9462
9450
9487
9475
9487
9462
9475
9450
9437
9437
9437
9450
9450
9437
9412
9412
9375
9375
9375
9375
9350
9325
9312
9300
9287
9275
9262
9250
9262
9250
9262
9250
9250
9225
9225
9200
9225
9212
9225
9200
9200
9162
9162
9137
9162
9150
9175
9162
9175
9150
9137
9125
9112
9062
9050
9025
9000
9000
9037
9025
9050
9050
9050
9012
9012
8987
9000
9012
9037
9037
9062
9050
9037
9012
9012
8987
8987
8962
8975
8950
8950
8950
8950
8950
8962
8975
8962
8950
8912
8900
8887
8875
8850
8850
8862
8850
8837
8837
8850
8825
8800
8800
8800
8800
8800
8825
8825
8850
8825
8837
8825
8837
8850
8900
8912
8962
9025
9062
9100
9187
9250
9337
9462
9587
9700
9825
9937
10062
10200
10325
10462
10625
10762
10900
11062
11212
11337
11462
11575
11637
11700
11737
11737
11750
11762
11737
11737
11737
11725
11712
11700
11687
11675
11662
11637
11637
11637
11637
11612
11625
11612
11600
11587
11612
11600
11612
11600
11612
11612
11625
11637
11675
11687
11675
11700
11700
11712
11712
11737
11725
11712
11700
11675
11650
11625
11600
11525
11475
11425
11362
11337
11312
11275
11200
11162
11087
11037
10987
10925
10862
10800
10725
10675
10637
10575
10525
10475
10400
10337
10325
10275
10275
10262
10250
10225
10225
10175
10162
10175
10162
10175
10187
10175
10162
10150
10137
10125
10137
10150
10162
10150
10162
10150
10137
10125
10112
10100
10087
10037
10012
9987
9962
9962
9962
9962
9950
9900
9862
9837
9800
9762
9737
9700
9687
9675
9650
9662
9650
9612
9575
9587
9562
9537
9537
9537
9500
9487
9475
9437
9425
9437
9425
9412
9400
9387
9375
9350
9350
9350
9350
9325
9325
9300
9300
9275
9262
9225
9212
9200
9212
9212
9237
9237
9237
9200
9175
9150
9150
9112
9112
9112
9112
9087
9075
9062
9037
9012
8987
8987
8987
9000
8987
9000
8975
8975
8975
9000
9000
9012
8975
8962
8925
8925
8925
8912
8925
8912
8900
8887
8875
8837
8862
8850
8837
8862
8862
8850
8837
8862
8862
8862
8862
8862
8850
8837
8850
8862
8875
8887
8900
8912
8887
8887
8862
8862
8825
8825
8825
8800
8787
8787
8762
8762
8775
8737
8737
8725
8675
8650
8662
8637
8662
8675
8662
8650
8625
8587
8587
8587
8587
8600
8612
8600
8612
8600
8612
8600
8612
8600
8612
8600
8587
8587
8587
8550
8562
8575
8575
8575
8612
8600
8612
8600
8612
8625
8662
8712
8800
8912
9000
9112
9212
9325
9437
9587
9712
9837
9975
10112
10237
10337
10475
10600
10712
10825
10962
11062
11162
11237
11312
11362
11400
11412
11450
11487
11525
11525
11537
11525
11487
11475
11462
11450
11412
11375
11350
11312
11275
11262
11275
11262
11275
11287
11300
11287
11300
11287
11312
11312
11337
11362
11387
11400
11412
11425
11412
11425
11412
11400
11362
11350
11300
11250
11225
11200
11150
11112
11075
11012
10937
10887
10837
10775
10725
10687
10625
10550
10500
10425
10375
10325
10275
10225
10200
10175
10150
10125
10125
10100
10050
10037
10025
10012
10025
10037
10050
10087
10100
10075
10087
10075
10062
10075
10100
10087
10100
10087
10075
10062
10037
10012
9987
9962
9937
9925
9925
9912
9900
9875
9875
9825
9825
9812
9825
9800
9812
9787
9762
9700
9675
9625
9600
9575
9587
9562
9575
9550
9525
9500
9487
9475
9462
9450
9437
9425
9400
9387
9375
9362
9375
9362
9325
9325
9300
9287
9287
9312
9287
9300
9312
9300
9287
9312
9325
9312
9325
9337
9350
9350
9325
9312
9337
9312
9312
9337
9350
9337
9350
9337
9325
9312
9325
9312
9325
9325
9325
9300
9300
9275
9262
9250
9225
9200
9200
9187
9175
9175
9175
9150
9162
9150
9137
9150
9150
9125
9125
9125
9100
9087
9075
9075
9075
9050
9025
9025
8987
8975
8950
8962
8937
8950
8937
8937
8925
8925
8912
8900
8925
8900
8925
8912
8900
8875
8875
8850
8837
8825
8787
8787
8775
8737
8725
8737
8700
8687
8687
8700
8675
8687
8675
8662
8637
8612
8600
8625
8637
8625
8650
8637
8625
8625
8625
8625
8625
8612
8625
8637
8662
8687
8737
8825
8937
9037
9175
9312
9425
9550
9675
9812
9925
10050
10175
10275
10375
10475
10575
10675
10787
10887
10987
11075
11137
11200
11262
11287
11325
11337
11350
11337
11362
11350
11325
11312
11300
11262
11262
11275
11250
11250
11225
11200
11175
11175
11150
11150
11137
11150
11137
11150
11162
11175
11162
11175
11162
11175
11187
11187
11187
11187
11212
11187
11212
11212
11237
11212
11212
11212
11212
11187
11187
11187
11150
11150
11137
11100
11087
11075
11025
10987
10975
10925
10875
10825
10775
10700
10625
10575
10512
10437
10400
10362
10300
10262
10212
10162
10087
10087
10037
10000
9937
9925
9875
9825
9837
9850
9837
9850
9887
9862
9862
9887
9887
9875
9900
9925
9950
9937
9962
9962
9962
9937
9950
9937
9925
9925
9912
9900
9912
9912
9875
9875
9850
9837
9825
9837
9825
9812
9775
9737
9700
9650
9625
9600
9575
9525
9537
9512
9487
9462
9437
9412
9375
9337
9325
9337
9312
9300
9325
9312
9275
9287
9287
9250
9225
9225
9175
9162
9175
9187
9175
9187
9175
9162
9137
9137
9112
9112
9112
9125
9112
9100
9100
9075
9075
9075
9112
9100
9087
9075
9062
9037
9012
8987
8962
8962
8937
8950
8987
9000
8987
8975
8962
8925
8925
8900
8900
8862
8875
8850
8850
8850
8862
8825
8812
8825
8787
8775
8762
8750
8725
8737
8750
8750
8725
8725
8725
8687
8687
8712
8712
8712
8712
8725
8712
8725
8712
8712
8712
8712
8687
8700
8700
8687
8675
8687
8650
8662
8650
8675
8675
8712
8712
8712
8700
8675
8662
8637
8650
8625
8637
8612
8625
8587
8600
8587
8575
8562
8562
8550
8537
8550
8537
8512
8500
8487
8450
8412
8412
8375
8375
8362
8375
8387
8400
8400
8400
8400
8375
8375
8350
8362
8350
8387
8400
8412
8425
8437
8400
8387
8400
8387
8375
8387
8400
8375
8387
8437
8487
8537
8637
8750
8850
8950
9050
9137
9225
9350
9487
9637
9787
9937
10087
10212
10362
10487
10612
10687
10775
10825
10887
10937
10975
11012
11025
11037
11025
11050
11062
11075
11062
11050
11037
10987
10975
10962
10950
10937
10925
10912
10887
10887
10887
10900
10900
10912
10925
10912
10925
10912
10925
10937
10937
10962
10975
10987
10975
11000
10962
10987
10987
11012
11000
11000
10950
10887
10825
10775
10737
10700
10662
10600
10550
10462
10400
10350
10287
10212
10150
10050
9937
9875
9800
9737
9700
9675
9625
9612
9575
9550
9525
9525
9500
9525
9500
9525
9525
9550
9575
9612
9600
9612
9600
9587
9600
9612
9600
9612
9625
9612
9587
9587
9562
9512
9487
9475
9462
9437
9450
9437
9425
9387
9387
9350
9350
9325
9325
9287
9275
9237
9237
9212
9225
9200
9175
9150
9125
9100
9087
9075
9075
9062
9062
9062
9062
9050
9037
8987
8975
8962
8950
8950
8950
8912
8900
8887
8875
8887
8925
8937
8950
8937
8950
8925
8925
8900
8925
8900
8912
8887
8887
8887
8887
8887
8925
8925
8900
8875
8850
8825
8812
8787
8787
8762
8750
8725
8737
8725
8737
8725
8750
8737
8750
8737
8750
8725
8737
8725
8712
8700
8687
8650
8650
8675
8662
8675
8675
8662
8650
8650
8625
8650
8650
8650
8637
8612
8587
8587
8562
8575
8600
8587
8575
8562
8550
8562
8575
8587
8587
8587
8587
8575
8562
8562
8575
8562
8562
8575
8575
8562
8575
8587
8562
8575
8562
8550
8537
8550
8525
8537
8512
8512
8487
8475
8450
8437
8437
8437
8437
8437
8437
8425
8412
8437
8437
8437
8450
8450
8412
8400
8387
8362
8350
8362
8375
8375
8387
8387
8400
8375
8400
8375
8387
8387
8387
8375
8375
8387
8362
8375
8362
8400
8400
8400
8412
8450
8462
8462
8525
8575
8625
8675
8775
8875
8987
9112
9250
9375
9512
9637
9750
9887
10000
10100
10212
10325
10412
10537
10662
10775
10850
10925
10987
11050
11100
11175
11250
11287
11312
11312
11287
11262
11237
11212
11187
11162
11137
11125
11112
11100
11112
11100
11112
11100
11075
11062
11087
11075
11100
11137
11162
11137
11162
11150
11162
11150
11175
11150
11150
11125
11087
11050
11012
10950
10887
10812
10750
10687
10650
10612
10575
10500
10425
10325
10237
10162
10087
10050
10000
9950
9925
9912
9887
9875
9862
9862
9850
9850
9850
9887
9875
9900
9912
9912
9900
9925
9925
9887
9912
9912
9912
9900
9937
9912
9887
9862
9875
9850
9825
9837
9812
9775
9750
9737
9675
9662
9650
9612
9600
9600
9562
9550
9537
9525
9500
9512
9462
9462
9437
9425
9412
9437
9412
9425
9425
9387
9375
9362
9350
9337
9350
9337
9325
9325
9312
9300
9312
9312
9300
9300
9300
9275
9262
9250
9225
9200
9200
9187
9175
9175
9200
9175
9187
9175
9187
9175
9175
9150
9162
9150
9137
9137
9162
9150
9175
9162
9175
9162
9150
9125
9112
9100
9087
9100
9087
9100
9087
9100
9087
9075
9062
9050
9037
9025
9012
9000
8987
8975
8962
8975
8962
8950
8950
8950
8925
8937
8937
8900
8887
8875
8850
8837
8850
8825
8825
8825
8825
8837
8837
8837
8812
8812
8800
8812
8800
8787
8775
8775
8762
8775
8787
8800
8775
8775
8775
8775
8775
8787
8800
8775
8775
8750
8750
8725
8737
8712
8725
8712
8700
8687
8675
8650
8650
8650
8612
8625
8612
8562
8550
8537
8525
8512
8537
8525
8550
8537
8550
8537
8525
8512
8525
8500
8500
8500
8475
8450
8437
8425
8437
8487
8550
8612
8687
8737
8825
8925
9050
9175
9337
9462
9575
9687
9812
9925
10025
10137
10250
10362
10475
10587
10687
10762
10825
10887
10950
11012
11037
11062
11100
11100
11100
11112
11125
11100
11087
11075
11062
11025
10987
10987
10950
10937
10950
10962
10937
10950
10937
10925
10900
10900
10875
10887
10862
10875
10862
10887
10862
10887
10887
10887
10875
10875
10875
10875
10887
10875
10912
10912
10912
10900
10875
10850
10825
10787
10750
10750
10700
10662
10625
10612
10562
10512
10487
10450
10387
10300
10250
10162
10100
10025
9987
9912
9887
9837
9800
9775
9750
9700
9637
9587
9537
9512
9475
9475
9475
9475
9450
9437
9425
9437
9412
9412
9412
9412
9387
9412
9400
9412
9425
9425
9412
9437
9437
9400
9400
9362
9325
9325
9312
9300
9287
9287
9262
9250
9237
9225
9200
9175
9175
9150
9125
9100
9062
9050
9012
9025
9012
9037
9000
9012
8987
8950
8925
8912
8875
8862
8862
8825
8825
8812
8800
8787
8800
8787
8800
8775
8775
8750
8750
8725
8737
8725
8737
8725
8737
8725
8737
8725
8737
8725
8737
8750
8762
8750
8762
8775
8750
8750
8750
8750
8750
8750
8762
8762
8762
8737
8750
8750
8762
8775
8787
8800
8787
8800
8787
8775
8762
8737
8725
8737
8750
8725
8737
8712
8662
8637
8625
8612
8587
8587
8587
8587
8587
8600
8612
8587
8587
8587
8575
8562
8587
8562
8537
8525
8512
8500
8512
8500
8525
8525
8525
8525
8550
8525
8525
8500
8500
8512
8512
8512
8550
8550
8500
8525
8500
8475
8500
8525
8525
8575
8575
8562
8562
8562
8525
8537
8525
8512
8500
8500
8487
8462
8475
8462
8475
8450
8462
8462
8462
8437
8425
8387
8350
8337
8325
8337
8350
8362
8350
8362
8350
8337
8325
8312
8312
8312
8312
8275
8275
8237
8237
8225
8250
8237
8250
8237
8250
8237
8250
8237
8250
8225
8237
8225
8237
8250
8300
8350
8450
8562
8700
8850
9000
9137
9237
9362
9475
9575
9675
9800
9925
10075
10212
10362
10512
10637
10737
10800
10850
10875
10887
10875
10887
10862
10850
10825
10800
10750
10750
10725
10700
10700
10700
10687
10700
10700
10700
10700
10700
10700
10712
10725
10762
10762
10775
10787
10800
10787
10825
10825
10825
10825
10825
10812
10775
10775
10750
10725
10675
10637
10600
10537
10475
10412
10350
10287
10237
10175
10100
10025
9950
9875
9812
9762
9712
9662
9600
9537
9512
9487
9462
9475
9475
9475
9475
9487
9500
9525
9550
9575
9587
9575
9587
9562
9562
9537
9550
9537
9525
9525
9525
9487
9475
9500
9475
9475
9450
9437
9400
9375
9350
9350
9325
9325
9300
9287
9275
9287
9262
9262
9225
9175
9137
9100
9087
9100
9125
9112
9125
9112
9075
9062
9050
9037
9025
9037
9025
9037
9050
9050
9062
9050
9050
9012
9025
8987
9000
8962
8987
8962
8950
8937
8962
8937
8912
8912
8912
8887
8862
8875
8862
8850
8837
8862
8850
8862
8850
8862
8837
8850
8837
8850
8837
8850
8837
8850
8837
8825
8812
8800
8800
8762
8775
8762
8775
8762
8775
8775
8762
8750
8737
8750
8725
8737
8725
8750
8737
8750
8737
8750
8725
8737
8712
8712
8675
8687
8675
8700
8700
8737
8725
8712
8675
8687
8675
8687
8687
8687
8662
8662
8637
8650
8662
8675
8650
8675
8662
8650
8637
8662
8637
8625
8650
8650
8612
8612
8612
8600
8587
8612
8637
8637
8612
8625
8587
8537
8537
8537
8500
8512
8525
8487
8500
8512
8537
8525
8562
8550
8562
8537
8525
8512
8500
8487
8500
8512
8525
8537
8550
8537
8562
8550
8562
8550
8562
8525
8525
8500
8512
8500
8537
8600
8675
8750
8862
8987
9062
9150
9237
9362
9487
9637
9787
9937
10062
10175
10300
10425
10562
10687
10812
10925
11025
11087
11150
11187
11200
11212
11225
11237
11225
11212
11200
11187
11150
11137
11112
11087
11062
11062
11037
11050
11062
11062
11062
11100
11100
11112
11137
11137
11125
11150
11137
11112
11125
11112
11100
11112
11125
11137
11150
11162
11150
11175
11162
11175
11162
11150
11137
11112
11062
11037
11012
10962
10925
10887
10825
10800
10750
10700
10637
10575
10487
10400
10337
10287
10250
10200
10187
10137
10137
10112
10125
10112
10137
10112
10137
10125
10137
10125
10150
10125
10150
10150
10150
10125
10150
10137
10150
10162
10175
10175
10162
10150
10137
10125
10100
10087
10075
10050
10050
10012
9975
9900
9837
9775
9725
9662
9637
9587
9537
9537
9537
9475
9475
9475
9437
9425
9437
9400
9362
9325
9300
9262
9275
9262
9250
9237
9237
9225
9200
9200
9200
9200
9175
9200
9175
9162
9150
9162
9137
9125
9112
9100
9087
9075
9100
9087
9112
9112
9112
9112
9112
9100
9062
9050
9037
9025
9012
9025
9012
9012
9000
8987
8975
8987
8962
8975
8962
8937
8912
8925
8900
8900
8900
8900
8862
8862
8837
8850
8837
8850
8837
8850
8837
8850
8837
8862
8862
8850
8850
8837
8825
8800
8812
8787
8800
8787
8775
8762
8775
8762
8750
8762
8750
8737
8725
8737
8725
8737
8750
8762
8750
8775
8775
8750
8750
8750
8750
8737
8762
8762
8762
8762
8775
8750
8725
8725
8687
8675
8662
8675
8650
8662
8637
8637
8612
8600
8575
8550
8525
8500
8500
8500
8512
8500
8512
8525
8500
8475
8487
8475
8462
8450
8462
8437
8450
8425
8437
8425
8412
8387
8400
8412
8412
8437
8437
8412
8387
8375
8362
8350
8362
8375
8387
8400
8437
8487
8550
8637
8737
8850
8962
9087
9200
9325
9462
9600
9700
9800
9925
10050
10162
10287
10425
10537
10637
10737
10800
10862
10937
10975
11000
11025
11025
11012
11025
11000
11000
11025
11025
11025
11037
11025
10987
10987
10950
10937
10925
10950
10925
10950
10950
10950
10937
10975
10975
10975
10975
10987
10962
10975
10987
11000
11000
11025
11012
11025
11037
11062
11062
11062
11062
11062
11050
11037
11050
11025
11000
10950
10900
10850
10825
10812
10775
10737
10675
10637
10562
10537
10500
10450
10375
10287
10237
10162
10075
10025
9975
9862
9800
9762
9687
9650
9612
9575
9537
9512
9500
9487
9450
9450
9425
9387
9387
9387
9350
9362
9375
9362
9350
9362
9375
9387
9400
9437
9450
9462
9450
9437
9425
9412
9400
9412
9412
9412
9412
9412
9387
9375
9362
9350
9325
9312
9287
9237
9212
9187
9137
9125
9137
9125
9112
9087
9100
9075
9050
9050
9062
9012
9000
8987
8975
8950
8950
8912
8925
8900
8887
8887
8900
8887
8887
8875
8862
8850
8812
8812
8825
8800
8800
8787
8787
8775
8787
8775
8800
8787
8775
8775
8775
8775
8762
8775
8750
8750
8725
8712
8700
8712
8700
8712
8712
8712
8687
8700
8687
8687
8687
8687
8650
8637
8625
8612
8587
8600
8562
8562
8525
8537
8537
8537
8537
8537
8537
8512
8512
8500
8500
8487
8475
8450
8450
8437
8425
8437
8450
8437
8437
8412
8400
8400
8412
8425
8437
8437
8437
8437
8437
8437
8412
8425
8387
8375
8387
8400
8412
8425
8437
8412
8412
8375
8387
8375
8400
8400
8425
8412
8425
8400
8400
8375
8375
8375
8387
8375
8387
8362
8350
8337
8350
8337
8337
8337
8337
8337
8337
8375
8350
8325
8300
8300
8287
8287
8287
8287
8262
8250
8225
8225
8200
8212
8200
8200
8200
8200
8200
8212
8225
8237
8250
8225
8212
8200
8187
8175
8187
8200
8212
8200
8212
8225
8250
8275
8325
8400
8462
8525
8625
8725
8825
8925
9037
9150
9262
9387
9525
9650
9787
9937
10062
10175
10275
10362
10450
10550
10650
10737
10825
10887
10937
10962
10987
11000
11000
11000
11025
11012
10975
10975
10950
10925
10900
10900
10862
10850
10825
10825
10800
10787
10787
10812
10775
10787
10800
10800
10775
10812
10800
10812
10825
10837
10850
10862
10900
10900
10900
10887
10912
10887
10912
10937
10975
10975
11000
10962
10962
10950
10937
10900
10887
10837
10800
10750
10687
10625
10587
10512
10450
10387
10300
10200
10087
10000
9912
9875
9837
9837
9812
9787
9775
9762
9725
9700
9700
9687
9675
9687
9700
9712
9700
9712
9725
9725
9725
9750
9750
9750
9762
9775
9750
9762
9750
9762
9750
9750
9737
9725
9712
9687
9662
9650
9637
9587
9575
9562
9550
9525
9537
9525
9512
9500
9500
9475
9475
9462
9450
9425
9400
9375
9350
9325
9287
9275
9237
9237
9212
9200
9200
9187
9187
9162
9175
9150
9162
9137
9162
9150
9137
9125
9112
9062
9037
9037
9000
9000
8987
8987
8962
8975
8950
8950
8950
8950
8925
8925
8925
8925
8900
8900
8875
8875
8837
8850
8837
8850
8837
8825
8825
8825
8825
8825
8850
8837
8850
8862
8875
8887
8900
8887
8850
8837
8825
8800
8812
8825
8800
8787
8812
8787
8762
8775
8750
8737
8725
8737
8712
8687
8662
8675
8650
8675
8700
8725
8712
8712
8700
8687
8687
8675
8700
8700
8700
8700
8700
8700
8700
8725
8700
8712
8687
8700
8687
8725
8737
8775
8762
8775
8775
8775
8750
8762
8775
8750
8762
8775
8762
8712
8712
8675
8662
8650
8687
8675
8700
8687
8700
8675
8700
8675
8687
8675
8687
8662
8675
8662
8675
8662
8675
8662
8687
8675
8687
8675
8700
8712
8750
8812
8912
9012
9087
9175
9250
9325
9425
9550
9675
9812
9987
10125
10275
10412
10562
10687
10800
10900
11012
11100
11150
11225
11300
11337
11375
11412
11425
11425
11425
11425
11425
11400
11387
11400
11375
11375
11400
11400
11375
11362
11350
11337
11325
11337
11337
11350
11362
11362
11375
11400
11412
11387
11375
11350
11350
11325
11337
11350
11362
11350
11375
11375
11400
11400
11425
11412
11400
11387
11375
11337
11300
11250
11175
11087
11000
10912
10837
10762
10687
10600
10512
10425
10350
10287
10225
10187
10137
10087
10037
9987
9912
9875
9837
9837
9825
9837
9825
9837
9837
9862
9850
9862
9862
9850
9837
9862
9862
9837
9850
9875
9862
9850
9825
9812
9775
9762
9750
9750
9750
9750
9712
9712
9700
9650
9625
9587
9550
9525
9525
9525
9550
9525
9525
9500
9475
9450
9462
9437
9437
9412
9412
9387
9375
9362
9350
9325
9275
9262
9225
9212
9200
9225
9212
9200
9187
9175
9137
9137
9137
9137
9125
9137
9112
9112
9087
9075
9062
9050
9037
9012
9037
9037
9037
9037
9050
9012
9000
9012
9000
8975
8975
8950
8925
8925
8925
8925
8912
8900
8862
8875
8850
8862
8850
8837
8812
8800
8775
8762
8750
8750
8737
8762
8750
8762
8737
8750
8700
8700
8700
8687
8675
8687
8687
8662
8675
8662
8675
8650
8650
8650
8675
8662
8662
8662
8637
8587
8575
8587
8562
8575
8575
8575
8575
8587
8562
8575
8562
8525
8512
8500
8487
8475
8487
8500
8500
8500
8500
8500
8462
8462
8425
8412
8362
8362
8337
8350
8362
8387
8362
8362
8337
8287
8262
8250
8250
8237
8250
8237
8225
8187
8150
8125
8100
8112
8125
8137
8150
8162
8112
8100
8087
8075
8062
8075
8100
8125
8137
8150
8187
8200
8225
8275
8362
8450
8537
8637
8737
8825
8937
9075
9187
9325
9475
9612
9725
9850
9962
10075
10187
10312
10400
10512
10587
10650
10700
10775
10812
10887
10950
10987
10987
10987
11000
10987
10975
11000
11025
11000
11000
11025
11000
10987
10987
10987
10987
11012
11025
11037
11050
11037
11062
11087
11100
11125
11150
11137
11125
11150
11162
11175
11212
11225
11237
11250
11262
11250
11262
11250
11212
11225
11225
11225
11225
11212
11175
11175
11137
11125
11112
11075
11000
10925
10812
10750
10700
10637
10612
10587
10512
10437
10362
10262
10212
10187
10125
10075
10025
9987
9900
9850
9850
9837
9787
9762
9775
9737
9737
9737
9762
9750
9787
9787
9812
9812
9837
9862
9875
9862
9887
9875
9875
9875
9900
9887
9875
9850
9837
9837
9825
9812
9800
9787
9750
9737
9712
9687
9662
9662
9637
9650
9637
9625
9575
9575
9525
9500
9500
9500
9475
9512
9500
9487
9475
9462
9400
9400
9350
9350
9312
9312
9312
9312
9312
9325
9312
9312
9312
9275
9262
9250
9225
9212
9200
9187
9175
9175
9150
9175
9150
9162
9137
9137
9112
9137
9112
9112
9100
9087
9075
9050
9037
9062
9062
9037
9075
9062
9050
9037
9050
9025
9037
9025
9012
9000
8987
8975
8962
8950
8937
8950
8925
8900
8900
8875
8850
8837
8825
8812
8825
8800
8812
8812
8812
8787
8800
8787
8800
8787
8800
8787
8800
8787
8800
8775
8775
8750
8750
8725
8737
8725
8737
8725
8737
8712
8725
8700
8712
8687
8712
8687
8700
8675
8662
8637
8650
8637
8625
8637
8625
8612
8625
8625
8625
8625
8625
8587
8600
8587
8575
8537
8537
8500
8500
8487
8500
8512
8500
8450
8475
8462
8412
8437
8450
8425
8412
8437
8412
8387
8387
8412
8387
8400
8425
8400
8375
8375
8362
8350
8337
8337
8337
8312
8312
8337
8350
8387
8425
8462
8512
8562
8612
8687
8762
8850
8937
9037
9150
9262
9375
9500
9625
9750
9862
9987
10112
10225
10300
10400
10512
10575
10662
10750
10825
10850
10925
10950
10975
10962
10987
11000
11000
10975
10975
10950
10925
10912
10925
10912
10925
10900
10900
10875
10850
10837
10850
10837
10825
10837
10850
10850
10875
10900
10925
10900
10900
10900
10925
10900
10925
10950
10937
10925
10962
10950
10900
10862
10825
10775
10725
10675
10625
10550
10462
10362
10300
10250
10162
10112
10062
9987
9912
9887
9837
9812
9775
9737
9700
9662
9625
9612
9600
9562
9562
9562
9562
9562
9600
9600
9600
9612
9625
9637
9650
9662
9662
9662
9662
9650
9637
9625
9637
9612
9600
9612
9600
9587
9562
9575
9537
9537
9500
9475
9437
9425
9375
9362
9350
9350
9337
9350
9325
9325
9287
9275
9237
9250
9225
9212
9200
9175
9150
9137
9112
9087
9100
9050
9025
9012
9000
8987
9025
9025
9025
9025
8987
8962
8950
8962
8950
8950
8937
8925
8887
8875
8887
8875
8887
8900
8925
8912
8900
8887
8900
8850
8837
8825
8825
8837
8850
8862
8900
8900
8850
8862
8837
8812
8812
8825
8825
8837
8850
8837
8825
8825
8825
8825
8825
8850
8837
8850
8825
8837
8812
8825
8812
8812
8775
8775
8750
8737
8750
8750
8750
8750
8762
8737
8750
8737
8750
8725
8750
8737
8725
8712
8725
8687
8700
8700
8700
8662
8687
8662
8687
8687
8725
8712
8737
8725
8750
8737
8750
8737
8750
8725
8737
8725
8750
8737
8750
8737
8725
8700
8725
8712
8725
8737
8750
8725
8700
8675
8650
8600
8575
8562
8550
8537
8550
8537
8512
8487
8500
8487
8475
8500
8500
8462
8450
8462
8450
8437
8450
8462
8450
8437
8450
8462
8437
8437
8462
8462
8462
8512
8562
8612
8687
8812
8887
9000
9112
9225
9312
9450
9575
9700
9825
9962
10112
10225
10350
10437
10550
10637
10725
10775
10850
10875
10912
10950
11025
11062
11100
11137
11137
11125
11112
11075
11050
11037
11000
11012
11025
11000
10975
10975
10962
10937
10950
10950
10950
10925
10912
10900
10900
10900
10900
10900
10887
10900
10887
10900
10912
10925
10912
10925
10912
10925
10937
10950
10937
10950
10937
10925
10912
10925
10900
10900
10900
10875
10850
10837
10787
10750
10700
10650
10600
10562
10475
10437
10350
10287
10237
10175
10125
10075
10000
9925
9875
9775
9712
9637
9562
9487
9450
9437
9400
9400
9400
9400
9375
9412
9412
9437
9437
9462
9450
9462
9450
9462
9475
9475
9475
9462
9475
9450
9462
9450
9475
9437
9437
9437
9462
9437
9450
9437
9425
9375
9375
9350
9362
9337
9350
9325
9325
9325
9325
9287
9262
9237
9187
9162
9175
9187
9175
9162
9150
9100
9075
9050
9025
9000
8987
8975
8962
8950
8900
8887
8875
8837
8837
8837
8837
8812
8837
8812
8825
8800
8800
8787
8775
8762
8775
8737
8737
8737
8750
8737
8750
8762
8775
8750
8762
8762
8762
8762
8787
8787
8787
8787
8787
8787
8762
8787
8775
8762
8750
8775
8762
8750
8775
8762
8750
8762
8762
8725
8737
8750
8725
8737
8775
8775
8750
8762
8775
8750
8750
8775
8762
8762
8762
8762
8737
8750
8725
8750
8725
8725
8700
8712
8687
8712
8712
8712
8700
8687
8675
8662
8675
8662
8687
8687
8712
8712
8737
8725
8737
8725
8737
8725
8712
8675
8675
8650
8625
8625
8625
8587
8575
8562
8550
8537
8512
8512
8512
8487
8462
8475
8425
8412
8400
8412
8400
8400
8400
8387
8375
8362
8375
8350
8362
8337
8362
8350
8337
8325
8350
8325
8337
8350
8387
8375
8400
8400
8425
8400
8425
8412
8437
8425
8462
8462
8487
8500
8562
8575
8650
8712
8787
8862
8975
9075
9175
9262
9375
9487
9612
9737
9887
10012
10125
10225
10337
10462
10600
10712
10800
10887
10925
10950
10975
10987
10975
10987
10975
10987
10975
10962
10950
10937
10900
10900
10900
10875
10850
10850
10825
10812
10800
10812
10800
10812
10800
10812
10800
10787
10775
10762
10750
10762
10775
10787
10787
10787
10800
10812
10825
10837
10812
10787
10762
10712
10700
10687
10625
10587
10550
10475
10437
10412
10350
10287
10225
10162
10100
10037
10012
9987
9937
9875
9825
9787
9750
9687
9675
9662
9650
9637
9625
9612
9600
9575
9562
9587
9600
9600
9600
9600
9600
9600
9587
9587
9587
9562
9550
9562
9562
9562
9562
9550
9562
9525
9512
9487
9487
9450
9462
9450
9450
9425
9412
9375
9362
9350
9325
9325
9312
9275
9262
9250
9200
9200
9200
9162
9162
9162
9150
9137
9137
9125
9100
9075
9050
9050
9025
9000
8987
8975
8962
8937
8950
8925
8925
8900
8887
8875
8862
8850
8837
8850
8837
8825
8825
8812
8800
8787
8775
8762
8750
8737
8725
8737
8725
8712
8675
8662
8625
8612
8600
8612
8600
8587
8575
8562
8550
8537
8550
8537
8550
8525
8525
8500
8500
8462
8462
8437
8450
8437
8437
8437
8437
8400
8362
8362
8337
8312
8312
8312
8275
8275
8262
8250
8262
8275
8250
8237
8200
8200
8175
8150
8150
8150
8125
8137
8137
8112
8112
8075
8050
8037
8025
8012
8000
7987
8000
8012
8025
8050
8037
8025
8037
8050
8050
8075
8075
8050
8037
8037
8012
8012
8012
8000
8012
8012
8012
8012
8012
7987
8012
8012
8012
8012
8012
8000
7987
7975
7962
7975
7962
7937
7950
7925
7900
7875
7887
7862
7850
7837
7825
7837
7837
7875
7875
7900
7875
7887
7887
7887
7900
7900
7900
7912
7937
7925
7950
7950
7912
7900
7887
7887
7875
7900
7900
7925
7937
7987
8025
8100
8175
8275
8400
8525
8637
8750
8875
8987
9112
9237
9375
9512
9650
9750
9850
9962
10025
10087
10150
10237
10275
10337
10375
10425
10450
10475
10512
10500
10487
10475
10500
10475
10462
10475
10450
10412
10412
10412
10375
10375
10350
10337
10312
10325
10337
10350
10337
10362
10362
10362
10362
10387
10375
10387
10375
10387
10387
10387
10400
10400
10362
10325
10312
10262
10212
10200
10187
10150
10112
10062
9975
9875
9812
9750
9712
9675
9637
9562
9512
9462
9387
9350
9300
9275
9262
9250
9237
9237
9237
9212
9237
9225
9237
9225
9237
9212
9225
9237
9250
9262
9300
9312
9325
9337
9350
9337
9325
9312
9325
9312
9325
9325
9337
9312
9312
9287
9275
9250
9237
9225
9212
9225
9200
9175
9162
9150
9150
9125
9137
9112
9112
9112
9137
9125
9137
9162
9137
9125
9137
9125
9075
9075
9062
9050
9037
9062
9025
9050
9037
9050
9012
9037
9000
9025
9025
9025
9012
9012
9000
9012
9012
9025
9037
9037
9012
9037
9025
9012
9000
8987
8950
8950
8937
8900
8887
8900
8862
8862
8900
8900
8875
8887
8875
8850
8837
8850
8862
8875
8862
8850
8850
8812
8812
8800
8812
8812
8825
8775
8800
8787
8775
8762
8800
8787
8775
8775
8762
8762
8762
8787
8775
8800
8775
8775
8775
8775
8775
8775
8750
8737
8750
8737
8762
8787
8775
8775
8775
8775
8775
8800
8775
8787
8775
8762
8750
8775
8762
8775
8775
8775
8750
8762
8750
8775
8775
8800
8787
8800
8787
8800
8787
8775
8762
8775
8750
8750
8775
8762
8750
8750
8725
8700
8687
8675
8662
8675
8650
8662
8637
8637
8612
8625
8587
8587
8587
8587
8587
8575
8575
8537
8550
8525
8550
8537
8525
8487
8500
8475
8475
8475
8487
8462
8450
8437
8462
8450
8462
8462
8475
8450
8462
8450
8437
8412
8400
8400
8400
8462
8487
8562
8625
8712
8762
8875
8987
9100
9237
9425
9550
9675
9787
9900
9987
10125
10225
10312
10387
10462
10525
10587
10650
10712
10750
10787
10800
10825
10837
10850
10837
10825
10812
10787
10762
10762
10750
10725
10687
10650
10612
10587
10562
10537
10512
10487
10462
10450
10437
10462
10462
10487
10475
10512
10512
10537
10562
10587
10600
10612
10600
10600
10600
10575
10550
10525
10487
10437
10387
10337
10287
10225
10150
10075
10000
9925
9825
9762
9712
9637
9562
9537
9487
9437
9400
9387
9350
9325
9312
9300
9287
9300
9300
9300
9287
9275
9275
9287
9275
9300
9300
9300
9300
9325
9325
9325
9312
9287
9275
9250
9250
9225
9237
9212
9225
9212
9225
9212
9200
9162
9150
9112
9100
9087
9062
9037
9000
8975
8950
8937
8937
8950
8925
8937
8950
8925
8925
8925
8925
8912
8900
8887
8862
8825
8825
8825
8825
8837
8862
8850
8875
8875
8862
8850
8875
8850
8862
8862
8850
8812
8787
8775
8762
8750
8725
8725
8712
8712
8675
8675
8675
8650
8650
8662
8675
8662
8650
8637
8662
8650
8637
8650
8637
8587
8587
8587
8587
8575
8600
8587
8575
8562
8562
8550
8537
8550
8525
8537
8525
8550
8537
8575
8550
8550
8537
8537
8537
8550
8537
8525
8537
8500
8512
8525
8550
8537
8562
8550
8562
8537
8550
8537
8550
8525
8537
8550
8562
8575
8600
8587
8575
8587
8575
8587
8600
8612
8600
8612
8600
8612
8600
8612
8600
8625
8625
8650
8650
8637
8625
8612
8612
8612
8650
8637
8650
8625
8600
8575
8550
8525
8500
8500
8475
8487
8475
8450
8437
8425
8387
8387
8387
8375
8362
8375
8337
8337
8337
8337
8312
8300
8287
8250
8250
8237
8250
8250
8250
8262
8250
8250
8250
8275
8250
8287
8300
8312
8325
8337
8337
8337
8337
8337
8387
8437
8487
8562
8650
8725
8825
8950
9087
9212
9337
9462
9575
9675
9775
9912
10050
10200
10312
10425
10512
10600
10662
10725
10775
10800
10812
10787
10787
10787
10775
10762
10762
10762
10725
10725
10725
10712
10712
10712
10712
10712
10750
10737
10762
10787
10787
10787
10787
10787
10787
10787
10800
10812
10825
10837
10850
10850
10875
10887
10912
10925
10937
10900
10900
10887
10887
10862
10887
10875
10837
10812
10812
10787
10762
10737
10687
10612
10537
10462
10400
10337
10312
10250
10212
10150
10087
10000
9937
9850
9787
9737
9675
9612
9587
9562
9537
9537
9537
9525
9500
9500
9475
9475
9475
9487
9500
9500
9512
9500
9512
9500
9537
9512
9512
9512
9512
9500
9512
9500
9462
9462
9437
9412
9412
9412
9375
9375
9362
9312
9312
9312
9275
9262
9262
9237
9212
9187
9175
9162
9150
9125
9112
9100
9075
9050
9037
9025
9000
8987
8975
8962
8950
8912
8912
8875
8862
8850
8862
8837
8825
8812
8800
8800
8787
8800
8787
8800
8787
8775
8762
8775
8762
8750
8762
8775
8750
8762
8750
8750
8725
8712
8700
8700
8700
8700
8700
8687
8675
8650
8612
8625
8600
8625
8625
8637
8625
8612
8600
8587
8600
8587
8612
8600
8587
8550
8537
8500
8500
8500
8500
8500
8500
8487
8475
8462
8450
8437
8425
8400
8400
8375
8350
8325
8337
8312
8325
8312
8325
8300
8312
8287
8312
8275
8275
8250
8250
8237
8250
8225
8237
8225
8250
8250
8262
8250
8250
8250
8250
8275
8275
8300
8287
8300
8287
8300
8312
8325
8312
8325
8312
8312
8312
8312
8312
8337
8312
8287
8287
8250
8225
8200
8200
8175
8187
8175
8187
8162
8162
8125
8125
8087
8087
8062
8075
8050
8062
8075
8087
8075
8100
8100
8075
8087
8100
8062
8062
8062
8062
8062
8062
8062
8062
8050
8037
8037
8037
8025
8025
8025
8050
8037
8075
8075
8125
8137
8200
8225
8300
8350
8475
8575
8737
8900
9075
9200
9337
9450
9575
9675
9800
9912
10037
10112
10200
10275
10337
10400
10462
10525
10562
10612
10612
10612
10600
10587
10562
10550
10537
10500
10500
10475
10475
10475
10475
10462
10450
10450
10437
10450
10437
10450
10425
10437
10450
10462
10450
10462
10487
10487
10487
10525
10537
10537
10525
10550
10537
10550
10525
10550
10537
10512
10462
10425
10375
10337
10287
10237
10187
10112
10037
9975
9912
9850
9787
9737
9700
9662
9587
9562
9537
9487
9437
9462
9412
9387
9350
9337
9300
9300
9275
9287
9275
9287
9275
9287
9300
9312
9325
9325
9325
9325
9325
9325
9350
9350
9325
9325
9300
9287
9275
9287
9262
9262
9237
9237
9212
9225
9212
9187
9162
9137
9075
9037
9012
8987
8962
8950
8937
8950
8925
8900
8900
8875
8825
8812
8825
8812
8787
8800
8825
8787
8775
8775
8762
8725
8737
8750
8750
8750
8750
8725
8700
8687
8650
8662
8662
8662
8650
8675
8650
8625
8600
8612
8587
8587
8625
8625
8600
8612
8587
8537
8525
8512
8500
8500
8500
8512
8525
8500
8500
8500
8487
8500
8500
8500
8500
8475
8450
8437
8425
8400
8412
8387
8400
8387
8412
8400
8400
8400
8400
8400
8400
8437
8425
8412
8400
8387
8362
8350
8387
8387
8375
8362
8350
8312
8312
8325
8312
8300
8287
8275
8262
8250
8275
8262
8262
8262
8300
8300
8300
8287
8300
8262
8262
8275
8287
8275
8300
8287
8275
8262
8250
8250
8237
8275
8262
8275
8250
8262
8225
8225
8225
8225
8187
8200
8187
8137
8125
8150
8125
8125
8137
8112
8087
8062
8050
8062
8075
8100
8112
8112
8087
8100
8075
8100
8087
8100
8075
8075
8050
8062
8075
8087
8075
8087
8062
8012
8000
8012
8000
8025
8075
8125
8162
8212
8287
8337
8400
8462
8525
8600
8700
8812
8925
9087
9212
9337
9462
9600
9700
9800
9912
10012
10100
10200
10287
10375
10412
10475
10500
10525
10525
10562
10550
10562
10550
10562
10537
10537
10512
10487
10462
10437
10412
10375
10387
10375
10400
