t = 60.000000, p = 487.000000
16300
16287
16300
16287
16300
16287
16300
16287
16275
16262
16250
16237
16225
16237
16225
16237
16225
16237
16225
16237
16225
16237
16225
16237
16225
16237
16225
16237
16225
16237
16225
16237
16225
16237
16225
16237
16225
16237
16225
16237
16212
16212
16212
16212
16212
16225
16237
16225
16237
16225
16237
16225
16237
16225
16237
16250
16262
16250
16262
16250
16237
16250
16262
16275
16287
16300
16287
16300
16312
16325
16337
16350
16362
16375
16387
16400
16412
16425
16412
16425
16412
16425
16412
16425
16412
16425
16412
16425
16412
16425
16412
16425
16412
16400
16387
16400
16387
16400
16412
16425
16412
16425
16412
16425
16412
16425
16412
16425
16412
16425
16412
16425
16412
16425
16412
16425
16412
16425
16412
16400
16387
16375
16362
16350
16337
16337
16337
16337
16337
16362
16350
16362
16350
16362
16350
16362
16350
16362
16350
16362
16350
16362
16337
16337
16312
16312
16287
16300
16287
16300
16287
16300
16287
16300
16287
16300
16287
16300
16287
16300
16287
16300
16287
16300
16287
16275
16262
16250
16237
16225
16237
16225
16237
16225
16237
16225
16237
16225
16237
16225
16237
16225
16237
16225
16212
16200
16187
16175
16162
16175
16162
16175
16162
16175
16162
16175
16162
16175
16162
16175
16162
16175
16162
16175
16162
16175
16162
16175
16187
16200
16212
16225
16237
16225
16237
16225
16237
16225
16237
16225
16237
16250
16262
16275
16287
16300
16312
16325
16337
16350
16362
16350
16362
16350
16362
16350
16362
16350
16362
16350
16337
16337
16337
16337
16337
16362
16350
16362
16350
16362
16350
16362
16350
16362
16350
16362
16350
16362
16350
16362
16350
16362
16350
16362
16350
16362
16350
16337
16325
16312
16300
16287
16300
16287
16300
16287
16300
16287
16300
16287
16300
16287
16275
16262
16250
16237
16225
16237
16225
16237
16225
16237
16225
16237
16225
16237
16225
16237
16225
16237
16225
16212
16200
16187
16175
16162
16175
16162
16175
16162
16150
16137
16125
16112
16100
16112
16100
16112
16100
16112
16100
16112
16100
16112
16100
16087
16075
16087
16062
16062
16087
16087
16062
16087
16087
16062
16062
16062
16062
16050
16062
16050
16062
16050
16062
16062
16075
16087
16100
16112
16100
16112
16100
16112
16100
16112
16100
16112
16100
16112
16100
16112
16125
16162
16175
16212
16225
16237
16225
16212
16200
16187
16175
16162
16175
16162
16175
16162
16175
16162
16175
16162
16175
16162
16175
16162
16175
16162
16175
16162
16175
16162
16175
16162
16175
16162
16175
16162
16175
16162
16150
16112
16100
16062
16062
16050
16062
16050
16062
16050
16062
16050
16037
16025
16012
16000
15987
16000
15987
16000
15987
15975
15962
15950
15937
15925
15937
15925
15937
15925
15937
15925
15937
15925
15937
15925
15937
15925
15937
15925
15937
15925
15912
15900
15887
15875
15862
15875
15862
15875
15862
15875
15862
15875
15862
15875
15862
15875
15862
15875
15887
15900
15912
15925
15937
15925
15912
15900
15887
15875
15862
15875
15887
15900
15887
15900
15912
15900
15912
15925
15937
15925
15912
15900
15887
15875
15887
15900
15887
15900
15912
15900
15912
15925
15937
15925
15937
15925
15937
15950
15962
15975
15987
16000
15987
16000
15987
15975
15962
15950
15937
15925
15937
15925
15937
15925
15937
15925
15937
15925
15937
15925
15937
15925
15937
15925
15937
15925
15937
15925
15912
15900
15887
15875
15887
15900
15887
15900
15887
15875
15862
15875
15862
15875
15862
15875
15862
15875
15862
15887
15887
15912
15912
15937
15925
15937
15925
15937
15925
15912
15900
15912
15900
15912
15925
15937
15925
15912
15900
15887
15875
15862
15875
15862
15875
15862
15850
15837
15850
15837
15825
15837
15825
15812
15800
15812
15800
15812
15800
15812
15800
15812
15800
15812
15800
15812
15800
15812
15800
15812
15800
15812
15800
15812
15800
15812
15800
15825
15812
15825
15812
15825
15825
15837
15850
15887
15900
15912
15925
15937
15925
15937
15925
15937
15925
15937
15925
15937
15925
15937
15925
15937
15925
15937
15925
15937
15925
15937
15925
15937
15925
15937
15925
15937
15925
15937
15925
15937
15925
15937
15925
15937
15925
15912
15900
15887
15887
15887
15912
15912
15937
15925
15937
15925
15937
15925
15937
15925
15937
15925
15937
15925
15937
15925
15937
15925
15937
15925
15937
15925
15937
15925
15937
15925
15937
15925
15937
15925
15937
15925
15937
15925
15937
15925
15937
15925
15937
15925
15937
15925
15937
15925
15937
15925
15937
15925
15937
15925
15937
15925
15937
15925
15937
15925
15937
15925
15937
15925
15912
15900
15887
15875
15862
15875
15862
15875
15862
15875
15862
15875
15862
15875
15862
15875
15862
15875
15862
15875
15862
15875
15862
15875
15862
15875
15862
15875
15887
15900
15912
15925
15937
15925
15937
15925
15937
15950
15962
15975
16012
16025
16037
16050
16062
16062
16062
16062
16062
16062
16050
16062
16050
16062
16050
16037
16025
16012
16000
15987
15975
15962
15950
15937
15925
15937
15925
15937
15925
15937
15925
15937
15925
15912
15900
15887
15875
15862
15875
15862
15875
15862
15875
15862
15875
15862
15875
15862
15875
15862
15875
15862
15850
15837
15850
15837
15850
15862
15875
15862
15850
15837
15825
15812
15800
15812
15800
15812
15800
15812
15800
15812
15800
15812
15800
15812
15800
15812
15825
15837
15825
15837
15850
15837
15850
15862
15875
15862
15875
15862
15850
15837
15825
15812
15800
15812
15800
15812
15825
15837
15850
15862
15875
15862
15875
15862
15875
15862
15875
15862
15875
15887
15900
15912
15925
15937
15950
15962
15975
15987
16000
15987
16000
15987
16000
15987
16000
15987
16000
15987
16000
15987
16000
16012
16025
16037
16050
16062
16050
16062
16050
16062
16050
16037
16025
16012
15975
15962
15950
15937
15925
15937
15925
15937
15950
15962
15950
15962
15950
15937
15925
15937
15925
15912
15900
15887
15875
15862
15875
15862
15875
15862
15875
15862
15875
15862
15850
15837
15850
15837
15850
15862
15875
15850
15850
15850
15850
15850
15862
15875
15862
15875
15862
15875
15862
15875
15862
15875
15862
15875
15862
15875
15862
15875
15862
15875
15862
15875
15862
15875
15862
15875
15862
15875
15862
15875
15862
15875
15862
15875
15862
15875
15862
15875
15850
15850
15825
15825
15800
15812
15800
15812
15800
15812
15800
15812
15800
15812
15800
15812
15800
15812
15825
15837
15850
15862
15850
15837
15825
15812
15800
15812
15800
15812
15800
15812
15800
15812
15800
15812
15800
15812
15800
15812
15800
15812
15800
15812
15825
15837
15850
15887
15900
15912
15925
15937
15925
15937
15925
15937
15925
15937
15925
15937
15925
15937
15925
15937
15925
15937
15925
15937
15925
15937
15925
15937
15950
15962
15975
15975
15975
15950
15950
15925
15912
15900
15887
15875
15862
15875
15862
15875
15862
15875
15862
15875
15862
15850
15837
15825
15812
15800
15812
15800
15812
15800
15812
15825
15837
15850
15862
15875
15862
15875
15862
15875
15862
15875
15862
15875
15862
15875
15862
15875
15862
15875
15862
15875
15887
15900
15912
15925
15912
15900
15912
15900
15912
15925
15937
15925
15937
15950
15962
15975
15987
16000
15987
16000
15987
16000
15987
16000
15987
16000
15987
16000
15987
16000
15987
16000
15987
16000
15987
16000
15987
16000
16012
16025
16012
16025
16037
16025
16037
16050
16062
16050
16062
16050
16062
16050
16037
16025
16012
16000
15987
16000
15987
16000
15987
16000
15987
16000
15987
16000
15987
16000
15987
16000
15987
16000
16012
16025
16037
16050
16062
16062
16075
16062
16075
16087
16075
16062
16075
16062
16062
16050
16062
16050
16062
16050
16062
16050
16062
16050
16062
16050
16062
16050
16037
16025
16012
16000
16012
16025
16037
16050
16062
16050
16037
16025
16012
16000
15987
16000
15987
16000
15987
16000
15987
16000
15987
16000
15987
16000
15987
15975
15962
15950
15937
15925
15937
15925
15937
15925
15937
15925
15937
15925
15937
15925
15937
15925
15937
15925
15937
15925
15937
15925
15937
15925
15937
15925
15937
15925
15937
15925
15937
15925
15937
15925
15912
15912
15912
15912
15912
15912
15900
15887
15875
15887
15900
15912
15925
15937
15925
15937
15925
15937
15925
15937
15925
15937
15925
15937
15925
15937
15925
15937
15925
15937
15950
15962
15975
15987
16000
15987
16000
15987
16000
15987
16000
15987
16000
15987
16000
15987
16000
16012
16025
16037
16050
16062
16050
16062
16050
16062
16062
16075
16087
16100
16112
16125
16137
16150
16162
16175
16162
16150
16137
16125
16112
16100
16112
16100
16112
16100
16112
16100
16112
16100
16112
16100
16112
16100
16112
16100
16112
16100
16087
16075
16062
16062
16050
16062
16050
16062
16050
16037
16025
16012
16000
15987
16000
15987
16000
15987
16000
15987
16000
15987
16000
16012
16025
16012
16025
16012
15975
15962
15950
15937
15925
15937
15925
15937
15925
15937
15925
15912
15912
15912
15912
15912
15937
15925
15912
15900
15887
15875
15862
15875
15862
15875
15862
15875
15862
15875
15862
15875
15862
15875
15862
15875
15862
15875
15862
15875
15862
15850
15837
15825
15812
15800
15812
15800
15812
15825
15837
15850
15862
15875
15862
15875
15862
15875
15862
15875
15862
15875
15887
15900
15912
15925
15937
15925
15937
15925
15937
15925
15937
15925
15937
15950
15962
15950
15962
15975
15962
15975
15987
16000
15987
16000
15987
16000
15987
16000
15987
15975
15962
15950
15937
15925
15937
15925
15937
15925
15937
15925
15937
15925
15937
15925
15937
15925
15937
15925
15937
15925
15937
15925
15937
15925
15937
15925
15937
15925
15912
15900
15887
15875
15862
15875
15862
15875
15862
15875
15862
15875
15862
15875
15862
15875
15862
15875
15862
15875
15862
15875
15862
15875
15862
15875
15862
15850
15837
15825
15812
15825
15837
15825
15837
15825
15812
15800
15812
15800
15812
15800
15812
15800
15812
15800
15812
15800
15812
15800
15812
15800
15812
15800
15812
15800
15812
15800
15812
15800
15812
15800
15812
15800
15812
15800
15825
15825
15850
15850
15875
15862
15875
15862
15850
15837
15850
15837
15825
15850
15850
15850
15850
15875
15862
15875
15862
15875
15862
15875
15887
15900
15912
15925
15937
15925
15937
15925
15937
15925
15937
15925
15937
15925
15937
15925
15937
15925
15937
15925
15937
15925
15937
15925
15937
15925
15937
15925
15937
15925
15937
15925
15937
15925
15937
15925
15937
15925
15937
15925
15937
15925
15937
15925
15937
15950
15962
15975
15987
16000
15987
16000
15987
16000
15987
16000
15987
16000
15987
16000
15987
16000
15987
16000
15987
16000
15987
16000
15987
16000
15987
15975
15962
15950
15937
15925
15937
15925
15937
15925
15912
15900
15887
15875
15862
15875
15862
15850
15837
15825
15812
15800
15787
15775
15762
15725
15712
15700
15687
15675
15687
15675
15687
15675
15687
15675
15687
15675
15662
15650
15637
15625
15612
15625
15612
15625
15612
15625
15637
15650
15662
15675
15687
15675
15687
15675
15687
15675
15687
15675
15687
15700
15712
15725
15737
15750
15737
15750
15737
15750
15737
15750
15737
15750
15737
15750
15762
15775
15787
15800
15812
15800
15812
15800
15812
15800
15787
15775
15762
15750
15737
15750
15737
15750
15737
15750
15737
15750
15737
15750
15737
15750
15737
15750
15737
15750
15737
15750
15737
15725
15712
15725
15712
15700
15712
15725
15712
15725
15737
15725
15712
15700
15687
15675
15687
15675
15687
15675
15687
15675
15687
15675
15687
15675
15687
15675
15687
15675
15687
15675
15687
15675
15687
15675
15662
15650
15637
15625
15612
15625
15637
15637
15637
15637
15637
15612
15625
15612
15625
15612
15625
15612
15625
15612
15625
15612
15625
15612
15625
15612
15625
15612
15625
15612
15625
15612
15625
15612
15625
15612
15625
15612
15625
15612
15625
15612
15625
15637
15650
15662
15675
15687
15675
15662
15650
15637
15625
15612
15625
15612
15625
15612
15625
15612
15625
15612
15625
15612
15625
15612
15625
15612
15625
15637
15650
15662
15675
15687
15700
15712
15725
15762
15775
15787
15800
15812
15800
15812
15800
15812
15825
15837
15850
15862
15875
15862
15875
15862
15875
15862
15875
15862
15875
15862
15875
15862
15875
15862
15875
15862
15875
15862
15850
15837
15825
15787
15775
15762
15725
15712
15700
15687
15675
15687
15675
15662
15625
15612
15575
15550
15537
15525
15512
15500
15512
15500
15512
15500
15512
15500
15487
15475
15462
15450
15437
15450
15437
15450
15437
15450
15437
15450
15437
15450
15437
15450
15437
15450
15437
15450
15437
15425
15412
15400
15387
15375
15387
15375
15387
15375
15387
15375
15387
15375
15362
15350
15337
15325
15312
15325
15312
15325
15312
15325
15312
15325
15312
15325
15312
15300
15287
15275
15262
15250
15275
15275
15300
15300
15325
15312
15325
15312
15325
15312
15325
15312
15325
15337
15350
15362
15375
15387
15375
15387
15375
15387
15400
15412
15425
15437
15450
15437
15450
15437
15450
15462
15475
15487
15500
15512
15500
15512
15500
15512
15500
15512
15500
15487
15475
15487
15475
15462
15475
15462
15450
15437
15450
15437
15450
15437
15450
15462
15475
15487
15487
15487
15462
15462
15437
15450
15437
15450
15437
15450
15437
15450
15437
15425
15412
15425
15412
15425
15437
15450
15437
15450
15437
15450
15437
15450
15437
15450
15437
15450
15437
15450
15437
15450
15437
15450
15437
15450
15462
15475
15487
15500
15512
15500
15512
15500
15512
15500
15512
15500
15487
15475
15462
15450
15462
15475
15487
15500
15512
15500
15512
15500
15512
15500
15512
15500
15487
15475
15462
15450
15437
15450
15437
15450
15437
15450
15437
15450
15437
15450
15437
15450
15462
15475
15487
15500
15512
15500
15512
15500
15512
15500
15512
15500
15512
15500
15512
15500
15512
15500
15512
15500
15512
15500
15512
15500
15512
15525
15537
15550
15562
15575
15562
15575
15562
15575
15562
15575
15562
15575
15562
15550
15537
15525
15512
15500
15512
15500
15512
15500
15512
15500
15512
15500
15512
15500
15487
15475
15462
15450
15437
15425
15412
15425
15412
15425
15437
15450
15437
15450
15437
15425
15412
15400
15387
15375
15400
15387
15400
15387
15400
15375
15387
15375
15387
15400
15412
15425
15437
15450
15437
15425
15387
15375
15337
15325
15312
15325
15312
15325
15337
15350
15362
15375
15387
15375
15387
15375
15387
15375
15387
15375
15387
15375
15387
15375
15387
15375
15387
15375
15387
15375
15387
15375
15387
15375
15387
15375
15387
15375
15387
15375
15362
15350
15337
15325
15312
15300
15287
15275
15262
15250
15262
15250
15262
15250
15262
15275
15287
15300
15312
15325
15312
15325
15312
15325
15312
15325
15312
15325
15312
15325
15337
15350
15362
15375
15387
15400
15412
15425
15437
15450
15437
15450
15437
15450
15437
15450
15437
15450
15462
15475
15487
15500
15512
15500
15512
15500
15512
15500
15512
15500
15487
15475
15462
15450
15437
15462
15462
15487
15487
15487
15475
15462
15450
15437
15450
15437
15450
15437
15450
15437
15450
15437
15425
15412
15400
15387
15375
15387
15375
15387
15375
15387
15400
15412
15425
15437
15425
15412
15400
15387
15375
15387
15375
15387
15375
15387
15375
15387
15375
15387
15375
15387
15375
15387
15375
15387
15375
15387
15375
15387
15375
15387
15375
15387
15375
15387
15375
15387
15375
15387
15375
15387
15375
15387
15375
15387
15375
15387
15375
15387
15362
15375
15350
15350
15350
15362
15337
15350
15337
15325
15312
15325
15312
15325
15312
15325
15312
15325
15312
15325
15337
15350
15362
15400
15412
15425
15437
15450
15437
15450
15437
15450
15462
15475
15462
15475
15487
15475
15462
15475
15462
15450
15437
15450
15437
15450
15437
15450
15462
15475
15487
15500
15487
15475
15462
15450
15437
15450
15437
15450
15437
15425
15412
15425
15412
15425
15437
15450
15437
15450
15437
15425
15412
15400
15362
15350
15337
15325
15312
15325
15312
15325
15312
15325
15337
15350
15362
15375
15362
15350
15337
15325
15312
15325
15312
15325
15312
15325
15312
15325
15312
15325
15312
15325
15312
15300
15287
15275
15262
15275
15287
15300
15312
15325
15312
15325
15312
15325
15312
15325
15312
15325
15312
15325
15312
15325
15312
15325
15312
15300
15300
15300
15300
15300
15325
15312
15325
15337
15350
15362
15375
15387
15375
15387
15375
15387
15400
15412
15425
15437
15450
15437
15450
15462
15475
15487
15500
15512
15500
15512
15525
15525
15525
15525
15525
15525
15537
15525
15537
15525
15512
15500
15512
15500
15512
15500
15512
15500
15512
15500
15512
15500
15487
15475
15462
15450
15437
15450
15437
15450
15437
15450
15437
15450
15437
15450
15437
15450
15437
15450
15437
15450
15437
15450
15437
15450
15437
15450
15437
15450
15437
15450
15437
15450
15437
15450
15437
15450
15437
15450
15437
15450
15437
15450
15437
15450
15437
15450
15437
15425
15412
15400
15387
15375
15387
15375
15387
15375
15387
15375
15387
15375
15387
15375
15387
15375
15387
15375
15387
15375
15387
15375
15387
15375
15387
15375
15387
15375
15387
15375
15387
15375
15387
15375
15387
15375
15387
15375
15387
15375
15362
15350
15337
15325
15312
15325
15312
15325
15312
15325
15337
15375
15387
15425
15437
15450
15437
15450
15437
15450
15437
15450
15462
15475
15487
15500
15512
15500
15512
15500
15512
15500
15512
15525
15537
15525
15537
15550
15537
15550
15562
15575
15562
15550
15537
15550
15537
15525
15537
15525
15512
15500
15512
15500
15512
15500
15512
15500
15512
15500
15487
15475
15462
15450
15437
15450
15437
15425
15412
15400
15387
15375
15387
15375
15387
15375
15387
15375
15387
15375
15387
15375
15387
15375
15387
15375
15387
15375
15387
15375
15387
15375
15362
15350
15337
15325
15312
15325
15312
15325
15337
15350
15337
15350
15337
15325
15312
15325
15312
15325
15312
15325
15312
15325
15312
15325
15312
15325
15312
15325
15312
15325
15312
15325
15312
15300
15300
15300
15300
15300
15325
15312
15325
15312
15325
15312
15325
15337
15350
15337
15350
15337
15325
15312
15325
15312
15325
15337
15350
15362
15375
15387
15375
15362
15350
15362
15375
15387
15425
15437
15450
15437
15450
15437
15450
15462
15475
15462
15475
15487
15475
15487
15500
15512
15500
15512
15500
15512
15500
15487
15475
15462
15450
15437
15450
15437
15450
15437
15450
15437
15450
15437
15450
15437
15450
15437
15450
15437
15450
15437
15450
15437
15450
15437
15450
15437
15450
15437
15450
15437
15450
15437
15450
15437
15425
15412
15400
15387
15400
15412
15425
15437
15450
15437
15450
15437
15450
15437
15450
15437
15450
15437
15450
15437
15450
15437
15450
15437
15450
15437
15450
15437
15450
15437
15450
15437
15450
15437
15425
15412
15400
15387
15375
15387
15375
15387
15375
15387
15375
15387
15375
15387
15375
15387
15375
15387
15375
15387
15375
15387
15375
15387
15362
15362
15362
15350
15337
15362
15362
15337
15350
15337
15325
15312
15325
15312
15325
15312
15325
15312
15325
15312
15325
15337
15350
15362
15375
15387
15375
15387
15375
15387
15375
15387
15375
15387
15375
15387
15375
15387
15375
15387
15375
15387
15375
15387
15375
15362
15350
15337
15325
15312
15325
15312
15300
15287
15300
15287
15300
15312
15300
15287
15275
15262
15250
15262
15250
15262
15250
15262
15250
15262
15250
15262
15250
15262
15250
15262
15250
15262
15250
15262
15250
15262
15250
15237
15225
15212
15200
15187
15200
15187
15200
15175
15175
15150
15150
15125
15150
15150
15175
15175
15200
15187
15200
15187
15200
15187
15200
15187
15200
15187
15200
15187
15200
15187
15200
15187
15200
15187
15200
15187
15200
15187
15200
15187
15200
15187
15200
15187
15200
15187
15175
15162
15175
15162
15175
15187
15200
15187
15200
15187
15175
15162
15150
15137
15125
15137
15125
15137
15125
15137
15125
15137
15150
15187
15200
15237
15250
15262
15250
15275
15275
15300
15300
15325
15312
15325
15312
15325
15312
15325
15312
15325
15312
15325
15312
15325
15312
15325
15312
15325
15312
15325
15312
15325
15312
15325
15312
15300
15287
15275
15262
15250
15237
15225
15212
15175
15175
15175
15150
15150
15150
15137
15125
15137
15125
15137
15125
15137
15125
15137
15125
15137
15125
15137
15125
15137
15125
15137
15125
15137
15125
15137
15125
15137
15125
15137
15125
15137
15125
15137
15125
15137
15125
15137
15125
15112
15100
15087
15075
15062
15075
15062
15075
15062
15075
15062
15075
15062
15075
15062
15075
15062
15075
15062
15075
15062
15075
15062
15075
15062
15050
15037
15025
15025
15025
15025
15025
15025
15025
15012
15025
15012
15025
15012
15000
14987
14975
14962
14950
14962
14975
14987
15000
15012
15025
15012
15025
15012
15025
15012
15025
15012
15025
15012
15025
15012
15025
15025
15037
15050
15087
15100
15112
15125
15112
15100
15087
15075
15087
15100
15112
15125
15137
15150
15162
15175
15187
15200
15187
15200
15187
15200
15187
15200
15187
15200
15187
15200
15187
15200
15187
15200
15187
15200
15187
15200
15187
15200
15187
15175
15162
15150
15137
15125
15137
15112
15112
15087
15087
15062
15075
15062
15075
15062
15075
15087
15100
15087
15100
15087
15075
15062
15075
15062
15050
15037
15025
15025
15012
15025
15012
15025
15012
15025
15012
15025
15012
15025
15012
15025
15012
15025
15012
15025
15012
15025
15012
15025
15012
15000
14987
14975
14962
14950
14962
14950
14962
14950
14962
14950
14962
14975
14987
15000
15012
15025
15012
15025
15012
15025
15012
15000
14987
14975
14962
14950
14962
14950
14962
14950
14962
14975
14987
15000
15012
15025
15025
15037
15050
15087
15100
15112
15125
15137
15125
15137
15150
15150
15150
15175
15175
15175
15187
15200
15187
15200
15187
15200
15187
15200
15187
15200
15187
15175
15162
15150
15137
15125
15137
15125
15137
15125
15137
15125
15137
15125
15137
15125
15137
15125
15137
15125
15137
15125
15137
15125
15137
15125
15137
15125
15137
15125
15137
15125
15137
15125
15137
15125
15137
15125
15137
15125
15112
15100
15112
15100
15087
15100
15087
15075
15062
15075
15062
15075
15062
15075
15062
15075
15062
15075
15062
15075
15062
15075
15062
15075
15062
15075
15062
15075
15062
15050
15037
15025
15025
15012
15025
15012
15025
15012
15025
15012
15025
15012
15025
15012
15000
14987
15000
14987
15000
15012
15025
15012
15025
15012
15025
15012
15025
15025
15037
15025
15037
15025
15025
15025
15037
15050
15062
15075
15087
15100
15112
15125
15137
15125
15112
15100
15087
15075
15062
15075
15062
15075
15087
15100
15087
15100
15087
15075
15062
15075
15062
15075
15062
15075
15062
15075
15062
15075
15062
15075
15062
15075
15062
15075
15062
15075
15062
15075
15062
15075
15062
15075
15062
15075
15062
15075
15062
15050
15037
15025
15025
15012
15025
15012
15025
15012
15025
15025
15037
15025
15037
15025
15025
15012
15025
15012
15025
15012
15025
15012
15025
15012
15025
15012
15025
15012
15025
15012
15025
15012
15025
15012
15000
14987
14975
14962
14975
14987
15000
15012
15025
15012
15025
15025
15037
15050
15050
15050
15025
15025
15012
15025
15025
15037
15050
15062
15075
15062
15075
15087
15100
15112
15125
15137
15125
15137
15125
15137
15125
15137
15125
15137
15125
15150
15150
15175
15175
15200
15187
15200
15187
15175
15162
15150
15137
15125
15137
15125
15137
15125
15112
15100
15087
15075
15062
15075
15062
15075
15062
15075
15062
15075
15062
15050
15037
15025
15025
15012
15025
15012
15025
15012
15025
15012
15025
15025
15037
15050
15062
15075
15062
15075
15062
15075
15062
15075
15062
15075
15062
15075
15062
15050
15037
15050
15037
15050
15062
15075
15062
15075
15062
15075
15062
15075
15062
15075
15062
15075
15062
15075
15062
15075
15062
15075
15062
15075
15062
15075
15062
15075
15062
15075
15062
15075
15062
15050
15037
15025
15025
15012
15025
15025
15037
15050
15062
15050
15037
15050
15037
15050
15062
15075
15062
15050
15037
15050
15037
15050
15062
15075
15062
15075
15062
15075
15062
15075
15062
15075
15062
15075
15062
15075
15062
15075
15087
15100
15112
15125
15137
15150
15162
15175
15187
15200
15187
15200
15187
15200
15187
15200
15187
15200
15187
15200
15187
15200
15187
15200
15187
15200
15187
15200
15187
15200
15187
15200
15187
15200
15187
15200
15187
15200
15187
15200
15187
15200
15187
15200
15187
15200
15187
15200
15187
15200
15187
15200
15187
15200
15187
15175
15162
15150
15137
15125
15137
15125
15137
15125
15137
15125
15137
15125
15137
15125
15137
15125
15137
15125
15137
15125
15137
15125
15137
15125
15137
15112
15112
15112
15112
15087
15100
15087
15075
15062
15075
15062
15075
15062
15075
15062
15075
15062
15075
15062
15075
15062
15075
15062
15050
15037
15025
15025
15012
15025
15012
15025
15012
15025
15012
15025
15012
15025
15012
15025
15012
15025
15012
15025
15012
15025
15012
15025
15012
15000
14987
14975
14962
14950
14962
14950
14962
14950
14962
14975
14987
15000
15012
15025
15025
15037
15050
15062
15075
15062
15075
15062
15075
15062
15075
15062
15075
15062
15075
15087
15100
15112
15125
15137
15150
15162
15150
15162
15175
15162
15175
15187
15200
15187
15200
15187
15200
15212
15225
15237
15250
15262
15250
15262
15250
15262
15250
15262
15250
15262
15250
15262
15250
15237
15225
15237
15225
15237
15250
15262
15250
15262
15250
15262
15250
15262
15250
15237
15225
15212
15200
15187
15200
15187
15200
15187
15200
15187
15200
15187
15200
15187
15175
15162
15150
15137
15125
15137
15125
15137
15125
15137
15125
15137
15125
15137
15125
15137
15150
15162
15175
15187
15200
15187
15200
15187
15200
15187
15200
15187
15200
15187
15200
15187
15200
15187
15200
15187
15200
15187
15200
15187
15200
15187
15200
15187
15200
15187
15200
15187
15200
15187
15200
15187
15200
15187
15200
15187
15200
15187
15175
15162
15150
15137
15125
15137
15125
15137
15125
15112
15100
15087
15075
15062
15075
15062
15075
15062
15050
15037
15050
15037
15050
15062
15075
15062
15050
15037
15025
15025
15012
15025
15012
15025
15012
15000
14987
14975
14962
14950
14962
14950
14962
14975
14987
14975
14987
14975
14962
14950
14962
14950
14962
14975
14987
14975
14987
14975
14962
14950
14962
14975
14987
14975
14987
14975
14962
14950
14962
14950
14962
14975
14987
15000
15012
15025
15012
15025
15012
15025
15012
15025
15012
15025
15012
15000
14987
14975
14962
14950
14962
14950
14962
14950
14962
14950
14962
14950
14962
14950
14962
14950
14962
14950
14962
14950
14962
14950
14962
14950
14962
14950
14962
14950
14962
14950
14962
14950
14962
14950
14962
14950
14962
14937
14937
14937
14937
14937
14950
14962
14950
14962
14950
14962
14950
14962
14950
14962
14950
14962
14950
14962
14950
14962
14950
14962
14950
14937
14925
14912
14900
14912
14925
14937
14975
14987
15000
15012
15025
15012
15025
15025
15037
15062
15087
15112
15112
15137
15125
15137
15125
15137
15125
15137
15125
15137
15125
15137
15125
15137
15125
15137
15125
15137
15125
15137
15125
15112
15100
15087
15075
15062
15075
15062
15075
15062
15050
15037
15025
15025
15012
15025
15012
15025
15012
15025
15012
15000
14987
14975
14962
14950
14962
14950
14962
14950
14962
14950
14962
14950
14962
14950
14962
14950
14962
14950
14962
14950
14962
14950
14937
14925
14912
14900
14887
14900
14887
14900
14887
14900
14887
14900
14887
14900
14887
14900
14887
14900
14887
14900
14887
14900
14887
14900
14887
14900
14887
14900
14887
14900
14887
14900
14887
14900
14887
14900
14912
14950
14962
14975
14987
14975
14962
14950
14962
14950
14962
14950
14962
14950
14962
14975
14987
15000
15012
15025
15012
15025
15012
15025
15012
15025
15012
15025
15025
15062
15075
15112
15125
15137
15125
15112
15112
15112
15112
15112
15112
15100
15087
15075
15062
15075
15062
15050
15037
15025
15025
15012
15025
15012
15000
14987
14975
14962
14950
14962
14950
14962
14950
14962
14950
14962
14975
14987
15000
15012
15025
15012
15025
15012
15000
14987
14975
14962
14950
14962
14950
14962
14950
14962
14950
14962
14950
14962
14950
14962
14950
14937
14925
14912
14900
14912
14925
14937
14950
14937
14925
14912
14900
14887
14900
14887
14875
14862
14850
14837
14825
14837
14825
14837
14825
14837
14825
14837
14825
14837
14850
14862
14875
14875
14887
14875
14887
14875
14900
14887
14900
14887
14900
14912
14925
14937
14950
14962
14975
14987
15000
15012
15025
15012
15025
15012
15025
15012
15025
15012
15025
15012
15025
15012
15025
15012
15025
15012
15025
15012
15025
15012
15025
15012
15025
15012
15025
15025
15037
15050
15062
15050
15037
15025
15025
15012
15025
15012
14987
14975
14962
14950
14937
14962
14950
14962
14950
14962
14950
14962
14950
14937
14925
14912
14900
14887
14900
14887
14900
14887
14900
14887
14900
14887
14875
14862
14850
14837
14850
14862
14875
14887
14900
14887
14900
14887
14900
14887
14900
14887
14900
14887
14900
14887
14900
14887
14900
14887
14900
14887
14900
14887
14900
14887
14875
14862
14850
14837
14825
14837
14825
14837
14825
14837
14825
14837
14825
14837
14825
14837
14825
14837
14825
14837
14825
14812
14800
14812
14787
14787
14812
14812
14812
14825
14837
14850
14862
14875
14912
14925
14937
14950
14962
14950
14962
14975
14987
14975
14987
14975
14962
14950
14962
14950
14962
14950
14962
14950
14962
14950
14962
14950
14962
14950
14962
14950
14962
14950
14962
14950
14962
14950
14962
14950
14937
14925
14912
14900
14887
14900
14887
14900
14887
14900
14887
14900
14887
14875
14862
14850
14837
14825
14837
14825
14837
14825
14837
14825
14837
14825
14837
14825
14837
14825
14812
14800
14812
14800
14812
14825
14837
14825
14837
14825
14837
14825
14850
14837
14850
14837
14850
14825
14837
14825
14837
14825
14812
14800
14787
14775
14762
14775
14762
14775
14787
14800
14812
14825
14837
14825
14837
14825
14837
14850
14862
14875
14887
14900
14887
14900
14912
14925
14937
14975
14987
15000
15012
15025
15012
15025
15000
15000
14975
14975
14950
14962
14950
14962
14975
14987
15000
15012
15000
14987
14975
14962
14950
14962
14950
14962
14950
14962
14950
14962
14950
14962
14950
14962
14950
14962
14950
14962
14950
14962
14950
14962
14950
14962
14950
14962
14950
14962
14950
14937
14925
14912
14900
14887
14900
14887
14900
14912
14925
14937
14950
14962
14950
14962
14950
14962
14950
14937
14925
14912
14900
14887
14900
14912
14925
14912
14925
14912
14900
14887
14900
14887
14900
14887
14900
14887
14900
14887
14900
14887
14900
14887
14900
14887
14900
14887
14900
14887
14900
14887
14900
14887
14900
14887
14900
14887
14900
14887
14900
14887
14900
14887
14875
14862
14850
14837
14825
14812
14800
14787
14775
14787
14800
14787
14800
14787
14775
14762
14775
14762
14775
14762
14775
14787
14800
14812
14825
14837
14825
14837
14825
14837
14825
14812
14800
14787
14775
14762
14775
14762
14750
14737
14725
14712
14700
14712
14700
14687
14650
14637
14625
14612
14600
14612
14600
14587
14575
14587
14575
14587
14575
14587
14575
14587
14575
14587
14575
14562
14550
14537
14537
14525
14537
14525
14512
14500
14487
14475
14462
14475
14462
14475
14462
14475
14462
14475
14462
14475
14462
14450
14437
14425
14412
14400
14412
14400
14412
14400
14412
14400
14412
14400
14387
14375
14362
14350
14337
14325
14312
14325
14312
14325
14337
14325
14312
14300
14287
14275
14287
14275
14287
14275
14287
14275
14287
14275
14287
14275
14287
14275
14287
14300
14312
14325
14337
14350
14337
14350
14362
14375
14387
14400
14412
14400
14412
14425
14437
14450
14462
14475
14462
14475
14462
14475
14462
14475
14462
14475
14462
14475
14462
14475
14462
14475
14462
14475
14462
14475
14462
14450
14437
14425
14412
14400
14412
14400
14412
14400
14412
14400
14412
14400
14387
14375
14362
14350
14337
14350
14362
14375
14387
14400
14412
14425
14437
14450
14462
14450
14450
14450
14450
14450
14475
14462
14475
14462
14475
14462
14475
14462
14475
14462
14475
14462
14475
14462
14475
14462
14475
14462
14475
14462
14450
14437
14425
14412
14425
14437
14450
14462
14475
14462
14475
14462
14475
14462
14475
14462
14475
14462
14475
14462
14475
14462
14475
14462
14475
14462
14475
14462
14475
14462
14475
14462
14475
14462
14475
14462
14475
14462
14475
14462
14475
14462
14475
14462
14475
14462
14475
14462
14475
14462
14475
14462
14475
14462
14475
14462
14475
14487
14500
14512
14525
14537
14525
14537
14525
14537
14525
14537
14525
14537
14525
14537
14525
14537
14537
14550
14562
14575
14587
14575
14587
14575
14587
14575
14587
14575
14587
14575
14587
14575
14587
14575
14562
14550
14537
14537
14525
14537
14525
14537
14525
14512
14500
14487
14475
14462
14475
14462
14475
14462
14475
14487
14500
14512
14525
14537
14525
14537
14525
14537
14525
14537
14525
14512
14500
14487
14475
14462
14475
14462
14475
14462
14475
14462
14475
14462
14475
14462
14475
14462
14475
14462
14475
14462
14450
14437
14425
14412
14400
14412
14400
14412
14400
14412
14400
14412
14400
14412
14400
14412
14425
14437
14450
14462
14475
14462
14475
14462
14475
14462
14475
14462
14475
14462
14475
14462
14475
14462
14475
14487
14500
14512
14525
14537
14525
14537
14525
14537
14525
14537
14525
14537
14525
14537
14525
14537
14537
14550
14562
14575
14587
14600
14612
14625
14637
14650
14662
14675
14687
14700
14712
14700
14712
14700
14712
14700
14712
14700
14687
14675
14662
14650
14637
14650
14637
14650
14637
14650
14637
14650
14637
14625
14612
14625
14612
14625
14637
14625
14612
14600
14587
14575
14587
14575
14587
14575
14587
14575
14587
14575
14587
14575
14587
14575
14587
14575
14587
14575
14587
14575
14562
14550
14537
14537
14525
14537
14525
14537
14525
14537
14525
14537
14525
14537
14525
14537
14537
14550
14537
14550
14537
14537
14537
14550
14562
14575
14587
14575
14587
14575
14587
14575
14562
14550
14537
14537
14525
14537
14525
14537
14525
14537
14512
14512
14512
14512
14487
14500
14487
14475
14462
14475
14450
14450
14425
14425
14425
14437
14450
14487
14500
14512
14525
14537
14525
14537
14525
14537
14525
14537
14525
14537
14537
14562
14562
14587
14600
14612
14625
14637
14650
14637
14650
14637
14650
14637
14650
14637
14650
14637
14650
14637
14650
14637
14650
14637
14650
14637
14650
14637
14650
14637
14650
14625
14625
14625
14625
14625
14637
14650
14637
14650
14637
14650
14637
14625
14612
14600
14587
14575
14587
14575
14587
14575
14562
14550
14537
14537
14525
14537
14525
14537
14525
14537
14525
14537
14525
14537
14525
14537
14525
14537
14525
14537
14525
14537
14525
14512
14500
14487
14475
14462
14475
14462
14475
14462
14475
14462
14475
14462
14475
14462
14475
14462
14475
14462
14475
14462
14475
14462
14450
14437
14425
14412
14425
14437
14450
14462
14475
14462
14475
14462
14475
14462
14475
14487
14500
14512
14525
14537
14525
14537
14537
14550
14562
14575
14587
14575
14587
14600
14612
14600
14612
14600
14587
14575
14587
14600
14612
14600
14612
14625
14612
14625
14637
14650
14637
14650
14662
14675
14687
14700
14712
14700
14712
14700
14712
14700
14687
14687
14687
14662
14662
14662
14650
14637
14650
14637
14625
14612
14600
14587
14575
14587
14575
14562
14550
14537
14537
14525
14537
14525
14537
14525
14537
14525
14537
14525
14512
14500
14487
14475
14462
14475
14462
14475
14462
14475
14462
14475
14462
14475
14462
14475
14462
14475
14462
14475
14462
14475
14462
14450
14437
14450
14425
14425
14450
14437
14437
14450
14462
14450
14450
14437
14450
14437
14450
14450
14450
14450
14450
14450
14462
14475
14462
14475
14462
14475
14462
14475
14462
14475
14462
14475
14462
14475
14462
14475
14462
14475
14487
14500
14512
14525
14537
14525
14537
14537
14550
14562
14575
14587
14575
14587
14575
14587
14600
14612
14625
14637
14650
14637
14650
14637
14650
14637
14650
14637
14650
14637
14650
14637
14650
14637
14625
14612
14600
14587
14575
14587
14575
14587
14575
14587
14575
14587
14575
14587
14575
14562
14550
14537
14537
14525
14537
14525
14537
14525
14537
14525
14537
14525
14537
14525
14537
14525
14537
14525
14537
14525
14537
14525
14537
14525
14537
14525
14537
14525
14537
14525
14537
14525
14537
14525
14537
14525
14537
14525
14537
14525
14537
14525
14537
14525
14537
14525
14537
14525
14537
14525
14537
14525
14537
14537
14537
14537
14562
14562
14562
14575
14587
14575
14587
14575
14587
14600
14600
14612
14625
14637
14625
14650
14637
14650
14637
14650
14637
14650
14637
14650
14637
14650
14662
14675
14687
14700
14712
14700
14712
14725
14737
14750
14762
14775
14762
14775
14762
14775
14762
14775
14762
14775
14762
14775
14762
14775
14762
14775
14762
14775
14762
14775
14762
14775
14762
14750
14737
14725
14712
14700
14712
14700
14687
14675
14662
14650
14637
14650
14637
14650
14637
14650
14637
14650
14637
14650
14637
14650
14637
14650
14637
14650
14637
14650
14637
14650
14637
14650
14637
14650
14662
14675
14687
14700
14687
14675
14662
14650
14637
14650
14637
14650
14637
14650
14637
14650
14637
14650
14637
14650
14637
14650
14637
14650
14637
14650
14637
14650
14637
14650
14637
14650
14637
14650
14637
14650
14637
14650
14637
14625
14612
14625
14612
14625
14637
14650
14637
14650
14637
14650
14637
14650
14637
14650
14637
14650
14637
14650
14637
14650
14625
14625
14600
14600
14600
14612
14625
14637
14650
14637
14650
14637
14625
14612
14625
14612
14625
14637
14650
14662
14700
14712
14750
14787
14800
14812
14850
14862
14875
14887
14900
14887
14900
14887
14900
14887
14900
14887
14900
14887
14875
14862
14850
14837
14825
14837
14825
14837
14825
14837
14825
14837
14825
14837
14825
14837
14825
14812
14800
14787
14775
14762
14775
14762
14775
14762
14750
14737
14725
14712
14700
14712
14700
14712
14700
14712
14725
14737
14750
14762
14750
14737
14725
14712
14700
14712
14700
14712
14700
14712
14700
14712
14700
14712
14687
14687
14662
14662
14637
14650
14637
14650
14637
14650
14637
14650
14637
14650
14637
14650
14637
14650
14637
14650
14637
14625
14612
14625
14612
14625
14637
14625
14612
14600
14587
14575
14587
14575
14587
14600
14612
14625
14637
14650
14637
14650
14637
14650
14637
14650
14662
14675
14687
14700
14712
14700
14712
14700
14712
14700
14712
14725
14737
14750
14762
14775
14762
14775
14762
14775
14762
14775
14762
14775
14762
14775
14762
14750
14737
14725
14712
14700
14687
14675
14662
14650
14637
14650
14637
14650
14637
14650
14637
14650
14637
14650
14637
14650
14637
14650
14637
14650
14637
14650
14637
14650
14637
14650
14637
14650
14637
14650
14637
14650
14637
14650
14637
14650
14637
14650
14637
14650
14637
14650
14637
14650
14637
14650
14637
14650
14637
14625
14612
14600
14587
14575
14562
14550
14562
14550
14537
14550
14537
14537
14525
14537
14525
14537
14525
14537
14525
14537
14525
14537
14525
14537
14525
14537
14525
14537
14525
14537
14525
14537
14537
14550
14562
14575
14587
14575
14587
14575
14587
14600
14612
14625
14625
14637
14625
14637
14650
14675
14687
14700
14712
14700
14712
14700
14712
14700
14712
14725
14737
14750
14762
14775
14762
14775
14762
14775
14762
14775
14787
14800
14787
14800
14787
14775
14762
14775
14762
14775
14762
14775
14762
14775
14762
14775
14762
14775
14762
14750
14737
14725
14712
14700
14712
14700
14687
14675
14687
14675
14662
14675
14662
14650
14637
14650
14637
14650
14637
14625
14625
14625
14625
14625
14650
14637
14650
14637
14650
14637
14625
14612
14625
14612
14600
14612
14600
14587
14575
14587
14575
14587
14575
14587
14575
14587
14575
14587
14575
14587
14575
14587
14600
14612
14625
14637
14650
14637
14650
14637
14650
14637
14650
14637
14650
14637
14650
14637
14650
14637
14650
14637
14662
14662
14687
14687
14712
14700
14712
14700
14712
14700
14712
14700
14712
14700
14712
14700
14712
14725
14737
14750
14762
14775
14762
14775
14762
14775
14762
14775
14762
14775
14787
14800
14812
14825
14850
14850
14875
14875
14900
14887
14875
14862
14850
14837
14825
14850
14850
14850
14862
14875
14875
14875
14900
14887
14900
14887
14900
14887
14900
14887
14900
14887
14900
14887
14900
14887
14900
14887
14875
14862
14850
14837
14825
14837
14825
14837
14825
14837
14825
14837
14825
14837
14825
14812
14800
14787
14750
14737
14725
14687
14675
14662
14650
14637
14650
14637
14650
14637
14650
14637
14650
14637
14650
14637
14650
14637
14650
14637
14650
14637
14650
14637
14625
14625
14625
14600
14600
14600
14587
14575
14587
14575
14587
14600
14612
14600
14612
14600
14587
14575
14587
14575
14587
14575
14587
14575
14587
14575
14587
14575
14587
14575
14587
14575
14587
14575
14587
14575
14587
14575
14587
14600
14612
14625
14637
14650
14637
14650
14637
14650
14662
14675
14687
14700
14712
14725
14737
14750
14762
14775
14762
14775
14762
14775
14762
14775
14762
14775
14787
14800
14812
14825
14837
14825
14837
14825
14837
14825
14837
14825
14837
14825
14837
14825
14837
14825
14837
14825
14837
14825
14837
14825
14812
14800
14787
14775
14762
14775
14762
14775
14762
14775
14762
14775
14762
14750
14737
14725
14712
14700
14712
14700
14712
14700
14712
14700
14712
14700
14712
14700
14712
14700
14712
14700
14712
14700
14712
14700
14712
14700
14687
14675
14687
14675
14687
14700
14712
14700
14712
14700
14712
14700
14712
14700
14687
14675
14687
14675
14687
14700
14712
14700
14687
14687
14687
14687
14687
14712
14700
14687
14675
14687
14675
14687
14700
14712
14700
14712
14700
14712
14700
14712
14700
14712
14700
14712
14700
14687
14675
14687
14675
14662
14675
14662
14650
14637
14650
14637
14625
14612
14600
14587
14575
14587
14575
14587
14575
14587
14575
14587
14575
14562
14550
14537
14537
14537
14562
14562
14587
14575
14587
14575
14587
14600
14612
14625
14637
14650
14637
14650
14637
14650
14662
14675
14687
14700
14712
14700
14712
14700
14725
14725
14725
14725
14725
14712
14700
14712
14700
14712
14700
14712
14700
14712
14700
14712
14700
14712
14700
14712
14700
14712
14700
14712
14700
14712
14700
14712
14700
14712
14700
14712
14700
14712
14700
14712
14700
14712
14725
14737
14750
14762
14775
14762
14775
14762
14775
14762
14775
14762
14775
14762
14775
14762
14775
14762
14775
14762
14775
14762
14775
14762
14775
14762
14775
14762
14775
14762
14775
14762
14775
14762
14775
14762
14750
14737
14725
14687
14675
14662
14650
14637
14625
14612
14600
14587
14575
14587
14575
14587
14575
14562
14550
14537
14537
14525
14537
14525
14512
14500
14487
14475
14462
14475
14462
14475
14462
14450
14437
14425
14412
14400
14412
14425
14437
14450
14462
14475
14462
14475
14462
14475
14462
14475
14487
14500
14487
14500
14512
14500
14512
14525
14537
14512
14512
14487
14487
14462
14475
14462
14475
14462
14475
14462
14475
14462
14450
14437
14412
14400
14387
14400
14387
14412
14400
14412
14400
14412
14400
14412
14400
14412
14400
14412
14400
14412
14400
14412
14400
14412
14400
14412
14400
14412
14400
14412
14425
14437
14425
14437
14425
14412
14400
14412
14400
14412
14400
14387
14375
14362
14350
14337
14350
14337
14350
14337
14350
14337
14350
14362
14375
14387
14400
14412
14400
14412
14400
14412
14400
14412
14400
14387
14375
14362
14350
14337
14350
14337
14350
14337
14350
14337
14350
14337
14350
14362
14375
14387
14400
14412
14400
14412
14400
14387
14375
14387
14375
14387
14400
14412
14400
14412
14425
14437
14450
14462
14475
14462
14475
14462
14475
14487
14500
14512
14525
14537
14537
14550
14562
14575
14587
14575
14587
14575
14587
14575
14587
14575
14587
14575
14587
14575
14587
14575
14587
14575
14587
14575
14587
14575
14587
14575
14562
14550
14537
14537
14525
14537
14525
14537
14525
14537
14525
14537
14525
14537
14525
14537
14525
14512
14500
14512
14500
14512
14525
14537
14525
14537
14525
14512
14500
14487
14475
14462
14475
14462
14475
14462
14475
14462
14475
14462
14475
14462
14450
14437
14425
14412
14400
14412
14400
14412
14400
14412
14400
14412
14400
14412
14400
14412
14400
14412
14400
14412
14400
14412
14400
14412
14400
14412
14400
14412
14400
14387
14375
14387
14375
14387
14400
14412
14400
14412
14400
14412
14400
14412
14400
14412
14400
14412
14425
14437
14450
14462
14475
14462
14475
14462
14475
14462
14475
14462
14475
14462
14475
14462
14475
14462
14475
14462
14475
14462
14475
14462
14475
14462
14475
14462
14475
14462
14475
14487
14500
14512
14525
14537
14525
14537
14525
14537
14525
14537
14525
14537
14525
14537
14525
14512
14500
14487
14475
14462
14475
14462
14475
14462
14450
14437
14425
14412
14400
14412
14400
14412
14400
14412
14400
14412
14400
14412
14400
14412
14400
14387
14375
14362
14350
14337
14350
14337
14350
14337
14350
14337
14325
14312
14300
14287
14275
14287
14275
14287
14275
14287
14275
14287
14275
14262
14250
14237
14225
14212
14225
14212
14225
14212
14225
14212
14225
14212
14225
14212
14225
14212
14225
14212
14225
14212
14225
14212
14200
14187
14200
14187
14200
14212
14225
14237
14250
14262
14275
14287
14275
14287
14275
14287
14275
14287
14275
14287
14275
14287
14275
14287
14300
14312
14325
14337
14350
14337
14362
14350
14375
14375
14400
14387
14412
14425
14437
14450
14462
14475
14462
14475
14462
14475
14462
14475
14462
14450
14437
14425
14412
14400
14412
14400
14412
14400
14412
14400
14412
14400
14412
14400
14412
14400
14412
14400
14412
14400
14412
14400
14412
14400
14412
14400
14412
14400
14412
14400
14412
14400
14412
14400
14412
14400
14412
14400
14387
14375
14387
14375
14387
14400
14412
14400
14412
14400
14412
14400
14412
14400
14412
14400
14412
14400
14412
14400
14412
14400
14412
14400
14412
14400
14387
14375
14362
14350
14337
14350
14362
14375
14387
14400
14412
14400
14412
14400
14412
14400
14412
14400
14412
14400
14412
14400
14412
14400
14387
14387
14387
14387
14387
14412
14400
14412
14400
14412
14400
14412
14400
14412
14400
14412
14400
14412
14425
14437
14450
14487
14500
14512
14525
14537
14525
14537
14525
14537
14525
14537
14525
14537
14525
14537
14525
14537
14525
14537
14525
14537
14525
14537
14525
14537
14525
14537
14525
14537
14525
14537
14525
14537
14525
14537
14525
14512
14500
14487
14475
14462
14475
14462
14450
14437
14450
14437
14425
14437
14425
14412
14400
14412
14400
14412
14400
14412
14400
14412
14400
14412
14400
14412
14400
14412
14400
14412
14400
14412
14400
14412
14400
14412
14400
14412
14400
14412
14400
14412
14400
14412
14400
14412
14400
14412
14400
14412
14400
14412
14400
14412
14400
14412
14400
14387
14375
14387
14375
14387
14400
14412
14400
14412
14400
14412
14400
14412
14400
14412
14400
14412
14400
14387
14375
14362
14350
14337
14350
14337
14350
14337
14350
14337
14362
14362
14387
14387
14412
14400
14412
14400
14412
14400
14412
14400
14412
14400
14412
14425
14437
14450
14487
14500
14512
14525
14537
14525
14537
14525
14537
14537
14550
14562
14575
14562
14550
14562
14550
14562
14575
14587
14575
14587
14575
14587
14575
14587
14600
14612
14625
14637
14625
14612
14600
14587
14575
14587
14575
14587
14575
14587
14575
14562
14550
14537
14537
14525
14537
14525
14537
14525
14537
14525
14537
14525
14537
14525
14512
14500
14487
14475
14462
14475
14462
14475
14462
14475
14462
14475
14462
14475
14462
14450
14437
14425
14387
14375
14362
14350
14337
14350
14337
14325
14312
14300
14287
14275
14287
14275
14287
14275
14287
14275
14287
14275
14287
14275
14287
14275
14287
14275
14287
14275
14287
14275
14287
14275
14287
14275
14287
14275
14287
14275
14287
14275
14287
14275
14287
14275
14262
14250
14262
14250
14262
14275
14287
14275
14287
14275
14287
14300
14312
14300
14312
14325
14312
14325
14337
14350
14362
14375
14387
14400
14412
14400
14412
14400
14412
14425
14437
14425
14437
14450
14437
14450
14462
14475
14462
14475
14462
14475
14462
14475
14462
14475
14462
14475
14487
14500
14512
14525
14537
14525
14537
14525
14537
14525
14512
14500
14487
14475
14462
14475
14462
14475
14487
14500
14487
14500
14487
14475
14462
14475
14462
14450
14437
14425
14412
14400
14412
14400
14412
14400
14412
14400
14412
14400
14412
14400
14412
14400
14412
14400
14412
14400
14412
14400
14412
14400
14412
14400
14412
14400
14412
14400
14387
14375
14362
14350
14337
14350
14337
14325
14312
14300
14287
14275
14287
14275
14287
14275
14287
14275
14287
14275
14287
14275
14287
14275
14287
14275
14287
14275
14287
14275
14287
14275
14287
14275
14287
14275
14287
14275
14262
14262
14262
14262
14262
14287
14275
14287
14275
14287
14275
14287
14275
14287
14275
14287
14275
14287
14275
14287
14275
14287
14275
14300
14300
14325
14325
14350
14337
14350
14362
14375
14362
14387
14387
14387
14387
14412
14400
14412
14400
14412
14400
14412
14400
14412
14400
14412
14400
14412
14400
14387
14375
14362
14350
14362
14375
14387
14400
14412
14400
14387
14375
14362
14350
14337
14350
14337
14350
14337
14325
14312
14300
14287
14275
14287
14275
14287
14275
14287
14275
14262
14250
14237
14225
14212
14225
14212
14225
14212
14225
14212
14225
14212
14225
14212
14225
14212
14200
14187
14175
14162
14175
14187
14175
14187
14175
14162
14150
14162
14150
14162
14150
14162
14150
14162
14150
14162
14150
14162
14150
14162
14150
14162
14150
14162
14150
14162
14150
14162
14150
14162
14150
14162
14150
14162
14150
14162
14150
14162
14150
14162
14150
14162
14175
14187
14200
14212
14225
14212
14200
14187
14175
14162
14150
14162
14150
14175
14175
14200
14200
14225
14212
14225
14212
14225
14212
14225
14212
14225
14212
14225
14237
14250
14262
14275
14287
14300
14312
14300
14312
14325
14312
14325
14337
14350
14337
14350
14337
14350
14337
14350
14337
14350
14362
14375
14387
14400
14412
14400
14412
14400
14387
14375
14362
14350
14337
14350
14337
14350
14337
14350
14337
14350
14337
14350
14337
14325
14312
14325
14312
14300
14312
14300
14287
14275
14287
14275
14287
14275
14287
14275
14287
14275
14287
14275
14287
14275
14287
14275
14287
14300
14312
14300
14312
14300
14287
14275
14262
14250
14237
14225
14212
14200
14187
14175
14162
14150
14137
14125
14112
14100
14087
14100
14112
14125
14137
14137
14137
14112
14112
14087
14100
14087
14075
14062
14050
14037
14025
14012
14000
13987
13987
13975
13987
13975
13987
13975
13987
13975
13987
13975
13987
13975
13962
13950
13937
13925
13912
13925
13912
13925
13912
13925
13912
13925
13912
13925
13912
13925
13912
13925
13912
13925
13912
13925
13912
13925
13912
13925
13937
13950
13962
13975
13987
13975
13987
13987
14000
14012
14025
14037
14025
14037
14025
14037
14025
14037
14025
14037
14025
14037
14025
14037
14025
14037
14025
14037
14050
14062
14075
14087
14100
14087
14075
14062
14050
14037
14025
14037
14050
14062
14050
14075
14075
14075
14075
14100
14087
14075
14062
14050
14037
14025
14037
14025
14037
14025
14037
14025
14037
14025
14037
14025
14037
14025
14037
14025
14037
14025
14012
14000
13987
13987
13975
13987
13975
13987
13975
13987
13975
13987
13975
13987
13975
13987
13975
13987
13975
13987
13975
13987
13975
13987
13975
13987
13975
13987
13975
13987
13975
13987
13975
13987
13975
13987
13975
13987
13975
13987
13975
13987
13975
13987
13975
13987
13975
13962
13950
13962
13950
13962
13975
13987
13987
14025
14037
14075
14087
14100
14087
14100
14112
14125
14137
14150
14162
14150
14162
14175
14187
14200
14212
14225
14212
14200
14187
14175
14162
14150
14162
14150
14162
14150
14162
14137
14137
14112
14112
14087
14100
14087
14100
14087
14100
14087
14100
14087
14100
14087
14100
14087
14100
14087
14100
14087
14075
14062
14050
14037
14025
14037
14025
14037
14025
14037
14025
14037
14025
14037
14025
14037
14025
14037
14025
14037
14025
14012
14000
13987
13987
13975
13987
13975
13962
13950
13962
13950
13962
13975
13987
13975
13987
13987
14000
14012
14025
14037
14025
14012
14000
13987
13987
13975
13987
13975
13987
13975
13987
13975
13987
13987
14000
14012
14025
14037
14025
14037
14025
14037
14025
14037
14025
14037
14050
14062
14075
14087
14100
14112
14125
14137
14150
14162
14150
14162
14150
14162
14175
14187
14200
14212
14225
14237
14250
14262
14275
14287
14275
14287
14275
14287
14275
14287
14275
14287
14275
14287
14275
14287
14275
14287
14275
14287
14275
14287
14275
14287
14275
14287
14275
14287
14275
14287
14275
14287
14275
14287
14275
14287
14275
14287
14275
14287
14275
14287
14275
14287
14275
14287
14275
14287
14275
14287
14275
14287
14275
14287
14275
14287
14300
14312
14325
14337
14350
14337
14350
14337
14350
14337
14350
14337
14350
14337
14350
14337
14350
14337
14350
14337
14350
14337
14350
14337
14350
14337
14350
14337
14350
14337
14350
14337
14350
14337
14350
14337
14350
14337
14350
14337
14350
14337
14350
14337
14350
14337
14350
14337
14325
14312
14325
14312
14300
14312
14300
14287
14275
14287
14275
14287
14275
14287
14275
14287
14275
14287
14300
14312
14300
14312
14325
14312
14325
14337
14350
14337
14350
14337
14350
14337
14350
14337
14350
14325
14337
14325
14337
14325
14350
14337
14350
14337
14350
14362
14375
14387
14400
14412
14400
14412
14425
14437
14450
14487
14500
14512
14525
14537
14525
14537
14525
14537
14525
14537
14537
14550
14562
14575
14587
14575
14587
14575
14587
14575
14587
14575
14587
14575
14587
14575
14562
14550
14537
14537
14525
14537
14525
14537
14525
14537
14525
14537
14525
14512
14500
14487
14475
14462
14475
14462
14450
14450
14450
14425
14425
14425
14412
14400
14412
14400
14387
14375
14387
14375
14387
14400
14387
14375
14362
14350
14337
14325
14312
14300
14287
14275
14287
14275
14287
14275
14287
14275
14287
14300
14312
14325
14337
14350
14337
14350
14337
14350
14337
14350
14337
14350
14337
14350
14337
14350
14337
14350
14337
14350
14337
14350
14337
14350
14337
14350
14337
14350
14337
14350
14337
14350
14337
14350
14337
14350
14362
14375
14387
14400
14412
14400
14412
14400
14412
14400
14412
14400
14412
14400
14412
14425
14437
14450
14462
14475
14462
14475
14462
14475
14462
14475
14462
14475
14462
14475
14462
14475
14462
14475
14462
14475
14462
14475
14462
14475
14462
14475
14462
14475
14462
14475
14450
14450
14425
14425
14400
14412
14400
14412
14400
14412
14400
14412
14400
14412
14400
14412
14400
14412
14400
14412
14400
14412
14400
14412
14400
14412
14400
14412
14400
14387
14387
14375
14362
14375
14387
14362
14375
14362
14350
14337
14350
14337
14350
14337
14350
14337
14350
14337
14325
14312
14300
14287
14275
14287
14275
14287
14275
14287
14275
14287
14275
14287
14275
14287
14275
14287
14275
14287
14275
14287
14275
14287
14275
14287
14275
14287
14275
14287
14275
14287
14275
14262
14250
14237
14225
14212
14225
14212
14225
14212
14225
14212
14225
14212
14225
14212
14225
14212
14200
14187
14175
14162
14175
14187
14175
14200
14200
14200
14200
14225
14212
14225
14237
14250
14262
14300
14312
14325
14337
14350
14337
14350
14362
14375
14387
14400
14412
14400
14412
14400
14412
14425
14437
14450
14462
14475
14462
14475
14462
14475
14462
14450
14437
14425
14412
14400
14412
14400
14412
14400
14412
14400
14387
14387
14387
14387
14387
14412
14400
14412
14400
14412
14400
14412
14400
14412
14400
14412
14400
14412
14400
14412
14400
14412
14400
14412
14400
14412
14400
14412
14400
14387
14387
14387
14387
14387
14412
14400
14412
14400
14412
14400
14412
14400
14412
14400
14412
14387
14387
14362
14362
14337
14325
14312
14300
14287
14300
14312
14325
14337
14350
14337
14350
14337
14350
14337
14350
14337
14350
14337
14350
14337
14350
14362
14375
14362
14375
14387
14375
14387
14400
14412
14400
14412
14400
14412
14400
14412
14400
14412
14400
14412
14400
14412
14425
14437
14450
14462
14475
14487
14500
14512
14525
14537
14525
14537
14525
14537
14537
14550
14562
14575
14587
14575
14587
14600
14612
14600
14612
14600
14587
14575
14587
14575
14587
14575
14587
14575
14587
14575
14587
14575
14587
14575
14587
14562
14562
14537
14537
14525
14537
14525
14537
14525
14537
14525
14512
14500
14487
14475
14462
14475
14462
14475
14462
14475
14462
14475
14462
14475
14462
14475
14462
14475
14462
14475
14462
14475
14462
14475
14462
14450
14437
14425
14412
14400
14412
14400
14412
14400
14412
14400
14412
14400
14412
14400
14387
14375
14362
14350
14337
14350
14337
14350
14337
14350
14337
14350
14337
14350
14337
14350
14337
14350
14337
14350
14337
14350
14337
14350
14337
14350
14337
14350
14337
14350
14337
14350
14337
14350
14337
14350
14337
14350
14337
14350
14337
14350
14337
14350
14337
14350
14337
14350
14337
14350
14337
14350
14337
14350
14337
14350
14337
14325
14312
14300
14287
14275
14287
14275
14287
14275
14287
14275
14287
14275
14287
14275
14287
14275
14287
14275
14287
14275
14287
14275
14287
14275
14287
14275
14287
14300
14312
14325
14337
14350
14362
14375
14387
14400
14412
14400
14412
14400
14412
14425
14437
14450
14462
14475
14462
14475
14462
14475
14462
14475
14462
14475
14462
14475
14462
14475
14462
14475
14462
14475
14462
14450
14437
14450
14437
14450
14462
14475
14462
14475
14462
14475
14462
14475
14487
14500
14512
14537
14550
14562
14575
14587
14575
14587
14575
14562
14562
14562
14562
14562
14587
14575
14587
14575
14587
14600
14612
14625
14637
14650
14637
14650
14637
14650
14637
14650
14637
14650
14637
14625
14625
14625
14625
14625
14625
14612
14600
14587
14575
14562
14550
14537
14512
14500
14487
14450
14437
14450
14437
14450
14462
14475
14462
14475
14462
14475
14462
14475
14462
14475
14462
14475
14462
14475
14462
14475
14462
14475
14462
14475
14487
14500
14512
14525
14537
14525
14537
14525
14537
14525
14537
14525
14537
14525
14537
14525
14537
14525
14537
14525
14537
14525
14537
14525
14512
14500
14487
14475
14462
14475
14462
14475
14462
14475
14462
14450
14437
14425
14412
14400
14412
14400
14387
14375
14387
14375
14387
14400
14412
14400
14412
14400
14412
14400
14412
14400
14412
14400
14412
14400
14412
14400
14412
14400
14412
14400
14412
14400
14412
14400
14412
14400
14412
14400
14412
14400
14387
14375
14387
14375
14387
14400
14412
14387
14387
14362
14362
14337
14350
14337
14350
14337
14325
14312
14300
14300
14300
14325
14325
14350
14337
14325
14312
14300
14287
14300
14312
14325
14337
14350
14337
14350
14337
14350
14337
14350
14337
14350
14362
14375
14387
14425
14437
14450
14462
14475
14462
14475
14462
14475
14462
14475
14462
14475
14462
14487
14487
14512
14512
14537
14525
14537
14537
14550
14562
14575
14587
14562
14562
14537
14537
14525
14537
14525
14512
14500
14487
14475
14462
14450
14450
14437
14437
14437
14437
14425
14425
14412
14400
14412
14400
14412
14400
14387
14375
14387
14375
14387
14400
14412
14400
14412
14400
14412
14400
14412
14400
14412
14400
14412
14387
14387
14362
14362
14337
14350
14337
14350
14337
14350
14337
14350
14337
14350
14337
14350
14337
14350
14362
14375
14387
14387
14387
14387
14387
14362
14375
14387
14375
14387
14400
14412
14400
14412
14400
14387
14375
14362
14350
14337
14350
14337
14350
14325
14325
14300
14300
14275
14287
14275
14287
14275
14287
14275
14287
14275
14287
14275
14287
14275
14287
14300
14312
14325
14337
14350
14337
14350
14337
14350
14362
14375
14387
14400
14412
14400
14412
14400
14412
14400
14412
14400
14412
14400
14412
14400
14412
14400
14412
14425
14437
14450
14462
14475
14462
14475
14462
14475
14462
14475
14462
14475
14462
14475
14462
14450
14437
14425
14412
14400
14412
14400
14412
14400
14412
14400
14412
14400
14387
14375
14362
14350
14337
14350
14337
14350
14325
14325
14325
14325
14325
14337
14350
14337
14350
14337
14350
14337
14350
14337
14350
14337
14350
14337
14350
14337
14350
14337
14350
14337
14325
14312
14300
14287
14275
14287
14275
14287
14275
14287
14275
14287
14275
14287
14275
14287
14275
14287
14275
14287
14275
14287
14275
14287
14275
14262
14250
14237
14225
14212
14225
14237
14250
14237
14250
14237
14225
14212
14225
14212
14225
14212
14225
14212
14225
14212
14200
14187
14175
14162
14150
14162
14150
14162
14150
14162
14150
14162
14150
14162
14150
14162
14150
14162
14150
14162
14150
14162
14150
14162
14150
14162
14150
14162
14175
14187
14200
14212
14225
14212
14225
14212
14225
14212
14225
14212
14225
14212
14225
14212
14225
14237
14250
14262
14275
14287
14300
14312
14300
14312
14325
14312
14300
14312
14300
14287
14275
14287
14275
14287
14275
14262
14250
14237
14225
14212
14225
14212
14225
14212
14225
14212
14225
14212
14225
14212
14225
14212
14225
14212
14225
14212
14225
14212
14225
14212
14225
14212
14225
14212
14225
14212
14225
14212
14225
14212
14225
14212
14225
14212
14200
14187
14200
14187
14175
14187
14200
14187
14200
14212
14225
14212
14225
14212
14225
14212
14200
14187
14175
14162
14150
14162
14150
14162
14150
14162
14150
14162
14150
14162
14150
14162
14150
14162
14150
14162
14150
14162
14150
14162
14150
14162
14150
14162
14150
14162
14175
14187
14200
14212
14225
14212
14225
14212
14225
14212
14225
14212
14225
14212
14225
14212
14225
14212
14225
14212
14225
14237
14275
14287
14325
14362
14375
14387
14400
14412
14400
14412
14400
14412
14400
14412
14400
14412
14400
14412
14400
14412
14400
14412
14400
14412
14400
14412
14400
14387
14375
14362
14350
14337
14350
14337
14350
14337
14350
14337
14325
14312
14300
14287
14275
14287
14275
14287
14275
14287
14275
14287
14275
14262
14250
14237
14225
14212
14225
14212
14225
14212
14225
14212
14225
14212
14225
14212
14225
14212
14225
14212
14225
14212
14225
14212
14225
14212
14225
14212
14225
14212
14200
14187
14175
14162
14150
14162
14150
14162
14150
14162
14150
14162
14150
14162
14150
14162
14150
14162
14150
14162
14150
14162
14150
14162
14150
14162
14150
14162
14150
14137
14125
14137
14125
14112
14125
14137
14125
14137
14150
14162
14150
14162
14150
14162
14150
14162
14175
14187
14200
14212
14225
14212
14225
14212
14225
14212
14225
14212
14225
14237
14250
14262
14275
14287
14275
14287
14275
14287
14275
14287
14275
14287
14275
14287
14275
14287
14262
14262
14237
14237
14212
14225
14212
14225
14212
14225
14212
14225
14212
14225
14212
14225
14212
14225
14212
14200
14187
14175
14162
14150
14162
14150
14162
14150
14162
14150
14162
14150
14162
14150
14162
14150
14162
14150
14137
14125
14112
14100
14087
14100
14087
14100
14087
14100
14087
14100
14087
14100
14087
14100
14087
14100
14087
14100
14075
14075
14075
14075
14075
14087
14075
14062
14050
14037
14025
14037
14025
14037
14025
14037
14025
14037
14025
14037
14025
14012
14000
13987
13987
13975
13987
13975
13987
13987
14000
14012
14025
14037
14025
14037
14025
14037
14025
14037
14025
14037
14025
14037
14025
14037
14025
14037
14025
14037
14025
14037
14050
14062
14075
14112
14125
14137
14150
14162
14175
14187
14200
14212
14225
14212
14225
14237
14250
14262
14275
14287
14275
14287
14300
14300
14300
14300
14300
14275
14287
14275
14300
14300
14300
14300
14300
14287
14275
14287
14275
14262
14250
14237
14225
14212
14225
14212
14200
14187
14175
14162
14150
14162
14150
14137
14125
14112
14075
14062
14050
14037
14025
14037
14025
14037
14025
14037
14025
14012
14000
13987
13987
13975
13987
13975
13962
13962
13950
13937
13950
13962
13962
13975
13987
13975
13987
13975
13987
13975
13987
13975
13987
13975
13987
13975
13962
13950
13962
13950
13962
13975
13987
13975
13987
13975
13987
13975
13987
13975
13987
13975
13987
13975
13987
13975
13987
13975
13987
13975
13962
13950
13937
13925
13912
13925
13912
13925
13912
13925
13912
13925
13937
13950
13962
13975
13987
13975
13987
13975
13987
13987
14000
14012
14025
14037
14050
14062
14075
14087
14100
14087
