t = 60.000000, p = 525.434387
17175
17125
17087
17062
17050
17037
17025
17037
17025
17012
17000
17012
17000
16987
17012
17000
16987
16962
16962
16925
16900
16875
16862
16825
16787
16750
16687
16650
16612
16587
16537
16512
16462
16412
16362
16350
16312
16275
16262
16250
16237
16225
16212
16200
16187
16175
16162
16150
16137
16125
16087
16050
16012
15987
15950
15937
15925
15912
15900
15887
15875
15850
15850
15825
15825
15800
15812
15800
15787
15775
15762
15725
15712
15700
15687
15675
15662
15650
15637
15625
15612
15625
15612
15600
15600
15587
15575
15562
15575
15562
15550
15550
15550
15525
15525
15525
15512
15500
15487
15450
15437
15425
15412
15400
15412
15400
15362
15350
15337
15300
15287
15275
15262
15250
15237
15225
15200
15175
15150
15150
15125
15137
15125
15137
15125
15150
15150
15150
15150
15150
15137
15150
15162
15150
15162
15150
15112
15100
15087
15075
15062
15050
15037
15025
15025
15012
15000
15000
14987
14975
14987
15000
15000
15012
15000
15000
15000
14975
14975
15000
14987
15000
15012
15025
15012
15025
15025
15062
15100
15162
15237
15312
15387
15462
15550
15637
15737
15837
15937
16062
16187
16312
16437
16575
16712
16850
16975
17125
17262
17412
17562
17725
17875
18025
18162
18312
18450
18575
18687
18800
18875
18962
19050
19125
19212
19300
19350
19387
19400
19412
19425
19437
19450
19462
19450
19412
19412
19387
19362
19337
19337
19300
19287
19275
19287
19275
19287
19275
19287
19275
19300
19300
19300
19300
19300
19287
19275
19287
19262
19262
19237
19212
19175
19162
19112
19062
19012
18962
18887
18825
18750
18675
18600
18537
18450
18375
18287
18187
18087
18012
17912
17825
17750
17662
17600
17562
17512
17462
17425
17387
17350
17312
17300
17287
17275
17262
17275
17262
17275
17262
17275
17262
17250
17237
17225
17212
17200
17212
17187
17187
17162
17162
17150
17137
17100
17087
17037
16987
16937
16912
16862
16825
16812
16800
16762
16725
16712
16675
16637
16625
16612
16612
16600
16587
16575
16562
16525
16487
16450
16412
16375
16362
16350
16362
16337
16337
16312
16312
16287
16300
16275
16275
16250
16225
16200
16187
16175
16162
16150
16137
16125
16087
16075
16062
16062
16062
16075
16062
16050
16050
16037
16037
16037
16062
16050
16062
16037
16037
16012
15987
15962
15975
15962
15950
15937
15925
15875
15850
15825
15825
15800
15812
15800
15812
15800
15787
15775
15762
15750
15725
15700
15675
15650
15600
15587
15575
15575
15562
15550
15537
15525
15487
15475
15462
15425
15387
15375
15337
15325
15312
15300
15287
15300
15287
15300
15312
15325
15312
15300
15287
15275
15262
15250
15262
15250
15262
15250
15262
15250
15262
15237
15237
15212
15212
15187
15200
15187
15200
15187
15200
15187
15200
15187
15175
15162
15150
15137
15125
15137
15125
15137
15125
15137
15125
15137
15125
15137
15150
15187
15237
15312
15387
15475
15575
15675
15787
15912
16025
16150
16287
16412
16537
16675
16812
16937
17075
17212
17362
17525
17687
17837
18012
18150
18300
18437
18562
18687
18825
18937
19050
19137
19225
19300
19375
19437
19475
19487
19500
19512
19500
19487
19475
19462
19425
19387
19375
19387
19375
19387
19400
19387
19375
19387
19362
19362
19362
19362
19362
19375
19362
19375
19362
19325
19325
19312
19275
19262
19250
19237
19212
19187
19137
19087
19012
18937
18862
18787
18712
18625
18562
18475
18375
18275
18187
18087
18012
17937
17862
17787
17725
17662
17625
17600
17562
17550
17537
17500
17462
17425
17387
17375
17362
17375
17387
17400
17387
17400
17387
17400
17387
17412
17412
17412
17412
17412
17375
17337
17325
17287
17237
17187
17137
17062
17000
16962
16925
16887
16875
16862
16850
16862
16875
16900
16950
17000
17050
17100
17137
17162
17175
17187
17200
17212
17200
17187
17137
17112
17075
17025
16975
16937
16875
16812
16750
16675
16625
16575
16562
16537
16525
16487
16450
16387
16350
16312
16275
16237
16200
16137
16075
16037
16012
16012
16000
16012
16000
15987
15962
15950
15912
15900
15887
15850
15812
15800
15762
15725
15712
15725
15712
15725
15762
15800
15837
15900
15962
16012
16062
16125
16162
16187
16237
16287
16300
16337
16375
16387
16375
16362
16350
16312
16300
16275
16237
16200
16162
16100
16037
15987
15925
15850
15812
15787
15762
15762
15800
15787
15775
15762
15750
15700
15662
15625
15587
15525
15475
15400
15325
15275
15212
15150
15125
15100
15075
15087
15125
15137
15175
15225
15250
15275
15325
15375
15412
15450
15487
15525
15550
15587
15650
15687
15725
15762
15775
15787
15800
15812
15800
15812
15800
15825
15825
15862
15900
15962
16025
16125
16212
16312
16412
16512
16612
16737
16862
16975
17100
17225
17362
17500
17650
17800
17962
18087
18212
18337
18450
18550
18662
18762
18862
18962
19050
19125
19187
19250
19312
19375
19412
19450
19462
19475
19462
19475
19462
19450
19412
19400
19362
19350
19337
19325
19312
19300
19262
19250
19262
19250
19237
19250
19237
19212
19200
19187
19175
19162
19175
19162
19150
19137
19125
19087
19050
19012
18950
18887
18825
18762
18700
18637
18587
18512
18437
18362
18262
18162
18075
18000
17912
17850
17787
17725
17662
17600
17550
17512
17475
17462
17450
17462
17450
17462
17450
17437
17425
17412
17375
17337
17325
17287
17250
17237
17212
17187
17162
17137
17125
17112
17075
17037
17025
16987
16950
16937
16925
16887
16850
16837
16800
16762
16750
16737
16700
16687
16675
16662
16650
16637
16600
16562
16537
16487
16462
16437
16412
16362
16350
16312
16275
16262
16250
16212
16175
16162
16125
16087
16075
16062
16037
16025
16012
15975
15962
15950
15912
15875
15862
15825
15812
15800
15812
15800
15812
15800
15812
15800
15787
15775
15787
15775
15762
15750
15737
15687
15662
15637
15612
15600
15600
15575
15575
15575
15575
15562
15575
15562
15550
15537
15525
15487
15450
15437
15425
15412
15400
15412
15400
15362
15362
15350
15350
15337
15350
15325
15337
15312
15325
15312
15325
15312
15325
15312
15300
15287
15275
15262
15250
15237
15225
15212
15200
15187
15200
15187
15175
15162
15150
15137
15125
15137
15125
15137
15125
15112
15100
15087
15087
15087
15087
15087
15087
15075
15062
15075
15062
15050
15037
15025
15025
15025
15050
15075
15125
15162
15225
15287
15362
15437
15525
15637
15762
15875
15975
16112
16225
16337
16450
16550
16650
16762
16875
17000
17137
17275
17400
17512
17637
17750
17875
18000
18100
18200
18312
18400
18500
18587
18675
18750
18825
18900
18975
19050
19100
19125
19137
19125
19087
19075
19062
19050
19037
19050
19025
19025
19000
19000
18975
18962
18950
18937
18925
18912
18925
18900
18900
18875
18850
18825
18812
18800
18775
18750
18700
18650
18587
18550
18487
18450
18400
18337
18250
18175
18062
17975
17887
17800
17712
17637
17562
17487
17400
17325
17250
17200
17162
17137
17137
17137
17112
17112
17112
17100
17087
17075
17062
17050
17037
17012
17012
16987
16950
16912
16887
16837
16812
16800
16762
16725
16687
16650
16612
16587
16575
16562
16525
16487
16450
16412
16375
16337
16325
16312
16275
16262
16250
16212
16175
16162
16125
16087
16050
16050
16037
16012
15987
15987
15950
15937
15925
15912
15900
15875
15850
15825
15825
15800
15787
15775
15762
15750
15737
15725
15712
15700
15662
15650
15637
15625
15612
15625
15612
15600
15587
15562
15550
15525
15537
15525
15512
15500
15487
15462
15437
15425
15412
15387
15362
15362
15362
15337
15350
15337
15325
15312
15300
15262
15250
15212
15200
15187
15200
15187
15175
15162
15150
15137
15125
15137
15125
15137
15125
15137
15125
15137
15112
15112
15112
15112
15112
15125
15112
15100
15087
15050
15037
15025
15025
15012
15025
15012
15000
15000
15000
14975
14975
14975
14962
14950
14975
14975
14975
14975
14975
14962
14975
14987
15000
15025
15062
15100
15162
15237
15312
15387
15462
15550
15637
15737
15850
15950
16062
16175
16275
16375
16475
16587
16687
16812
16937
17050
17175
17312
17437
17525
17662
17800
17925
18050
18187
18300
18400
18512
18587
18687
18775
18875
18962
19050
19125
19175
19187
19175
19162
19125
19087
19075
19062
19025
19012
19000
19000
18987
19000
18987
19000
18962
18962
18925
18925
18900
18887
18850
18825
18762
18700
18637
18575
18487
18387
18287
18187
18087
18012
17937
17850
17762
17687
17612
17537
17462
17375
17312
17237
17175
17112
17087
17075
17062
17075
17087
17100
17112
17125
17112
17125
17137
17112
17112
17112
17087
17037
17000
16962
16925
16887
16875
16862
16850
16825
16800
16750
16725
16675
16637
16625
16600
16587
16562
16537
16512
16487
16437
16412
16375
16337
16312
16287
16262
16250
16212
16200
16187
16150
16137
16125
16087
16075
16062
16037
16025
16012
15975
15962
15950
15937
15925
15912
15900
15887
15850
15812
15800
15762
15725
15712
15700
15687
15675
15662
15625
15612
15575
15575
15562
15550
15550
15550
15525
15525
15525
15512
15500
15525
15525
15525
15525
15525
15512
15500
15512
15500
15487
15475
15487
15462
15462
15462
15437
15412
15400
15387
15375
15362
15325
15312
15275
15262
15250
15237
15225
15237
15225
15212
15225
15237
15225
15237
15250
15262
15250
15262
15250
15237
15225
15212
15200
15175
15175
15150
15150
15125
15137
15125
15112
15100
15087
15050
15037
15025
15025
15012
15025
15012
15025
15012
15025
15012
15025
15025
15062
15100
15175
15262
15350
15437
15550
15650
15750
15862
15975
16100
16237
16362
16475
16612
16737
16862
16987
17100
17225
17350
17475
17600
17725
17862
17987
18112
18250
18387
18500
18612
18725
18825
18912
19000
19087
19137
19187
19250
19287
19325
19362
19387
19387
19412
19400
19412
19400
19412
19400
19387
19375
19362
19350
19337
19350
19337
19350
19337
19362
19362
19387
19375
19387
19362
19362
19337
19325
19312
19300
19287
19262
19275
19262
19250
19237
19225
19187
19137
19087
19012
18950
18875
18787
18687
18587
18487
18387
18275
18162
18037
17925
17800
17687
17575
17512
17450
17387
17362
17350
17312
17300
17287
17275
17287
17287
17287
17287
17287
17262
17250
17237
17225
17187
17187
17175
17162
17137
17112
17062
17037
16987
16950
16912
16900
16850
16800
16775
16750
16687
16662
16637
16612
16600
16587
16550
16537
16500
16487
16475
16462
16450
16437
16400
16362
16325
16287
16250
16237
16225
16212
16200
16187
16175
16162
16175
16150
16162
16150
16137
16125
16125
16087
16075
16062
16037
16037
16037
16000
15987
15975
15950
15925
15937
15912
15887
15862
15837
15825
15825
15825
15825
15825
15787
15775
15762
15750
15737
15750
15762
15775
15787
15800
15787
15775
15762
15750
15737
15725
15712
15700
15662
15650
15637
15600
15587
15575
15575
15562
15575
15575
15575
15575
15575
15575
15562
15575
15562
15575
15562
15575
15562
15550
15537
15525
15512
15500
15487
15475
15462
15450
15437
15450
15437
15425
15412
15400
15387
15375
15387
15375
15387
15362
15362
15337
15337
15312
15325
15312
15325
15312
15325
15337
15350
15362
15400
15437
15475
15562
15675
15787
15900
16000
16100
16187
16287
16400
16512
16662
16800
16950
17087
17237
17375
17512
17650
17800
17950
18087
18250
18412
18550
18700
18850
18987
19112
19237
19337
19425
19500
19562
19600
19612
19625
19612
19575
19562
19550
19512
19500
19487
19475
19462
19450
19437
19450
19437
19450
19462
19450
19437
19450
19437
19425
19437
19425
19412
19400
19387
19375
19362
19325
19287
19250
19212
19175
19125
19100
19062
18987
18925
18862
18775
18700
18625
18550
18462
18362
18262
18175
18100
18037
17975
17900
17825
17775
17725
17675
17662
17650
17650
17637
17625
17612
17600
17587
17600
17612
17625
17637
17650
17637
17650
17637
17625
17612
17600
17562
17525
17512
17475
17437
17400
17387
17350
17312
17300
17275
17225
17175
17125
17087
17050
17012
17000
16987
16950
16912
16900
16862
16825
16812
16800
16762
16725
16712
16675
16662
16650
16637
16600
16587
16562
16550
16537
16550
16537
16525
16512
16500
16462
16425
16412
16375
16362
16325
16325
16300
16275
16250
16250
16237
16225
16237
16225
16212
16200
16187
16175
16162
16150
16137
16125
16112
16100
16087
16075
16062
16037
16000
15987
15950
15937
15925
15937
15925
15912
15900
15887
15875
15862
15875
15862
15875
15862
15850
15837
15825
15787
15775
15762
15725
15712
15700
15687
15675
15687
15675
15687
15700
15712
15700
15725
15725
15725
15725
15750
15737
15725
15712
15687
15637
15612
15587
15550
15537
15525
15487
15475
15462
15462
15450
15437
15437
15437
15425
15425
15450
15437
15450
15437
15450
15437
15450
15462
15475
15500
15537
15587
15637
15712
15800
15887
15962
16062
16162
16262
16362
16462
16587
16725
16850
16987
17125
17250
17375
17500
17625
17762
17900
18025
18162
18300
18437
18550
18675
18775
18875
18962
19062
19137
19225
19300
19375
19437
19475
19487
19500
19487
19450
19412
19362
19312
19262
19237
19225
19212
19200
19175
19175
19162
19175
19162
19187
19162
19150
19112
19100
19062
19012
18987
18962
18912
18850
18787
18700
18612
18537
18462
18387
18300
18237
18162
18087
18012
17950
17862
17787
17725
17662
17600
17550
17487
17450
17400
17375
17350
17350
17325
17337
17325
17312
17300
17287
17250
17212
17200
17150
17112
17050
16987
16900
16850
16800
16762
16725
16725
16687
16650
16612
16575
16537
16500
16462
16450
16425
16400
16375
16375
16337
16312
16287
16262
16212
16200
16187
16175
16162
16150
16112
16100
16062
16062
16050
16037
16025
16012
15975
15975
15975
15950
15925
15925
15912
15900
15912
15925
15912
15912
15900
15900
15900
15900
15887
15887
15850
15837
15812
15762
15737
15712
15662
15650
15637
15600
15600
15600
15600
15600
15625
15612
15625
15600
15600
15575
15575
15562
15575
15550
15550
15525
15500
15475
15462
15450
15437
15425
15412
15400
15387
15375
15387
15375
15387
15375
15362
15350
15362
15337
15337
15337
15337
15312
15300
15300
15300
15300
15300
15325
15312
15325
15300
15300
15300
15300
15262
15275
15262
15250
15237
15237
15225
15212
15200
15187
15175
15162
15175
15150
15150
15150
15125
15100
15087
15075
15062
15075
15062
15075
15062
15075
15062
15075
15062
15075
15087
15100
15112
15125
15162
15200
15262
15325
15425
15525
15637
15750
15875
15962
16075
16187
16312
16425
16537
16662
16775
16900
17012
17137
17237
17362
17462
17575
17700
17825
17925
18025
18137
18237
18350
18462
18550
18625
18700
18775
18850
18900
18950
18975
18962
18950
18937
18900
18887
18862
18837
18800
18762
18700
18650
18612
18575
18537
18500
18462
18400
18337
18275
18212
18175
18150
18112
18075
18025
17950
17875
17800
17712
17637
17562
17487
17400
17325
17250
17200
17162
17162
17150
17162
17150
17162
17150
17162
17150
17162
17150
17162
17150
17137
17125
17112
17075
17037
17000
16937
16875
16812
16775
16737
16700
16662
16625
16587
16562
16525
16487
16450
16412
16375
16362
16350
16362
16350
16337
16325
16312
16300
16287
16300
16287
16275
16262
16250
16237
16225
16237
16212
16212
16187
16162
16137
16125
16112
16100
16087
16075
16062
16062
16050
16062
16050
16037
16025
16012
16000
15987
16000
15987
16000
15987
16000
15987
16000
15987
15975
15975
15975
15950
15950
15950
15937
15925
15912
15900
15887
15850
15837
15825
15787
15775
15762
15725
15712
15700
15687
15675
15662
15650
15625
15600
15575
15575
15562
15550
15537
15525
15512
15500
15487
15475
15462
15450
15437
15450
15425
15425
15400
15400
15400
15412
15425
15437
15450
15437
15450
15437
15450
15437
15450
15425
15425
15400
15375
15350
15337
15300
15300
15287
15275
15262
15275
15250
15262
15250
15262
15250
15262
15250
15262
15275
15312
15350
15425
15487
15575
15662
15762
15862
15950
16050
16162
16275
16387
16500
16612
16725
16837
16950
17062
17187
17300
17425
17537
17650
17775
17925
18050
18187
18337
18462
18562
18662
18762
18850
18950
19037
19112
19175
19250
19287
19325
19337
19362
19362
19362
19325
19312
19262
19237
19225
19212
19175
19162
19125
19112
19100
19112
19100
19087
19075
19062
19050
19037
19025
19025
19025
19000
18975
18950
18887
18850
18812
18775
18737
18700
18637
18587
18525
18462
18400
18337
18262
18187
18112
18037
17975
17925
17875
17812
17762
17687
17612
17550
17487
17450
17412
17400
17387
17400
17387
17400
17387
17400
17387
17400
17387
17375
17337
17300
17237
17200
17150
17112
17087
17062
17012
17000
16987
16950
16912
16900
16862
16825
16812
16800
16762
16725
16687
16612
16562
16525
16500
16475
16487
16475
16462
16450
16437
16400
16400
16400
16375
16375
16375
16337
16300
16262
16225
16187
16175
16150
16150
16125
16125
16100
16112
16125
16137
16125
16137
16150
16137
16125
16137
16125
16112
16100
16112
16100
16087
16050
16037
16012
15975
15962
15950
15912
15900
15887
15850
15837
15825
15812
15800
15787
15775
15762
15762
15750
15762
15750
15762
15737
15725
15712
15700
15662
15625
15612
15600
15575
15575
15575
15575
15562
15575
15562
15575
15562
15575
15562
15575
15562
15550
15537
15525
15487
15487
15487
15462
15437
15450
15425
15400
15400
15400
15387
15375
15362
15350
15362
15337
15350
15362
15375
15362
15362
15350
15362
15350
15337
15350
15362
15375
15412
15475
15525
15600
15687
15775
15875
15962
16075
16175
16300
16412
16525
16637
16762
16875
16987
17125
17250
17387
17512
17662
17787
17912
18025
18150
18262
18387
18512
18637
18750
18862
18962
19050
19125
19187
19250
19312
19375
19412
19450
19462
19437
19412
19387
19362
19325
19325
19300
19275
19250
19237
19237
19212
19212
19187
19187
19162
19175
19162
19175
19150
19150
19125
19125
19100
19087
19075
19050
19025
19000
18975
18950
18925
18875
18825
18775
18700
18625
18562
18487
18412
18337
18262
18187
18112
18037
17950
17875
17800
17725
17662
17587
17525
17450
17400
17350
17312
17312
17312
17312
17312
17337
17312
17312
17287
17287
17262
17250
17237
17225
17212
17200
17187
17175
17162
17137
17100
17062
17000
16937
16900
16850
16800
16750
16725
16675
16637
16600
16562
16512
16475
16437
16400
16387
16375
16337
16325
16312
16275
16237
16225
16187
16175
16162
16150
16137
16125
16087
16075
16062
16062
16050
16062
16050
16037
16000
15987
15950
15937
15925
15912
15900
15887
15850
15837
15825
15812
15800
15812
15800
15787
15775
15762
15750
15737
15725
15712
15700
15662
15650
15625
15600
15575
15575
15562
15575
15562
15575
15562
15575
15562
15550
15537
15525
15512
15500
15512
15500
15487
15487
15487
15462
15462
15462
15450
15437
15450
15437
15425
15412
15425
15400
15400
15425
15450
15450
15462
15475
15462
15450
15437
15450
15437
15450
15437
15462
15462
15462
15462
15462
15450
15437
15450
15437
15425
15412
15400
15387
15375
15362
15350
15337
15325
15312
15325
15312
15325
15350
15400
15450
15537
15637
15737
15850
15950
16075
16212
16350
16475
16612
16750
16875
17012
17150
17300
17462
17612
17762
17912
18037
18162
18312
18437
18550
18675
18800
18862
18950
19050
19125
19175
19250
19275
19287
19275
19262
19225
19212
19187
19150
19112
19100
19062
19025
19012
19000
18987
18975
18962
18950
18937
18925
18912
18925
18912
18900
18887
18875
18862
18850
18837
18800
18762
18725
18675
18637
18587
18537
18462
18400
18337
18275
18212
18150
18100
18037
17975
17912
17837
17762
17687
17612
17575
17537
17525
17512
17525
17512
17500
17487
17475
17462
17437
17437
17412
17387
17362
17350
17312
17275
17262
17225
17187
17150
17112
17062
17000
16937
16900
16862
16825
16787
16775
16737
16700
16662
16662
16637
16612
16587
16587
16562
16525
16512
16487
16462
16437
16437
16400
16400
16375
16350
16325
16312
16300
16287
16275
16262
16275
16262
16275
16287
16275
16262
16250
16237
16225
16237
16225
16212
16200
16187
16150
16137
16125
16112
16100
16087
16075
16062
16037
16037
16025
16012
16025
16025
16012
16012
16012
15987
16000
15987
15975
15962
15975
15950
15925
15900
15875
15825
15787
15775
15762
15750
15737
15725
15712
15700
15662
15662
15662
15662
15662
15662
15662
15662
15637
15637
15637
15625
15612
15625
15612
15600
15600
15600
15575
15575
15575
15575
15562
15575
15562
15575
15550
15550
15525
15525
15500
15512
15500
15487
15475
15487
15475
15462
15475
15450
15425
15400
15400
15400
15400
15400
15400
15400
15375
15362
15350
15337
15325
15337
15375
15425
15512
15612
15737
15862
15987
16112
16250
16375
16487
16600
16737
16850
16962
17100
17262
17412
17562
17712
17850
17975
18100
18237
18387
18512
18637
18775
18887
18975
19075
19150
19237
19337
19437
19500
19562
19587
19600
19612
19625
19612
19600
19587
19550
19512
19500
19475
19450
19450
19450
19450
19462
19475
19462
19475
19462
19475
19462
19475
19462
19450
19437
19425
19387
19350
19337
19300
19262
19225
19187
19137
19075
19000
18925
18850
18762
18662
18562
18475
18375
18287
18212
18150
18087
18012
17937
17862
17787
17725
17687
17650
17650
17637
17650
17637
17650
17637
17650
17637
17625
17587
17575
17537
17500
17462
17425
17362
17325
17287
17250
17212
17175
17137
17112
17075
17062
17050
17012
17012
17012
16987
16962
16937
16875
16812
16775
16725
16700
16675
16637
16600
16575
16562
16537
16525
16512
16500
16487
16475
16487
16475
16462
16450
16437
16425
16412
16400
16387
16375
16337
16325
16312
16275
16262
16250
16212
16200
16187
16175
16162
16175
16162
16150
16137
16125
16112
16100
16087
16075
16062
16037
16037
16025
16025
16025
16025
16012
16012
15975
15962
15950
15912
15900
15887
15875
15850
15850
15825
15825
15787
15787
15762
15762
15762
15775
15762
15750
15750
15725
15700
15700
15687
15662
15662
15662
15637
15650
15637
15625
15612
15600
15587
15600
15587
15575
15587
15575
15575
15562
15575
15562
15575
15562
15575
15562
15575
15562
15550
15512
15512
15487
15462
15462
15462
15425
15425
15412
15400
15387
15400
15375
15387
15375
15362
15350
15337
15325
15312
15325
15337
15350
15362
15400
15437
15475
15525
15600
15675
15775
15875
15987
16112
16250
16362
16462
16600
16725
16850
16987
17137
17275
17412
17550
17675
17812
17962
18100
18237
18387
18512
18625
18737
18850
18962
19062
19175
19275
19362
19437
19475
19512
19550
19587
19600
19612
19600
19587
19550
19512
19500
19487
19475
19462
19450
19450
19475
19475
19512
19550
19550
19525
19500
19437
19375
19312
19250
19187
19137
19075
19012
18950
18887
18825
18762
18687
18612
18537
18450
18362
18275
18187
18112
18050
17975
17912
17850
17812
17775
17737
17725
17712
17700
17687
17700
17712
17725
17712
17725
17700
17675
17650
17650
17637
17625
17587
17575
17537
17500
17462
17425
17387
17350
17312
17275
17262
17225
17187
17150
17112
17062
17000
16962
16925
16887
16850
16837
16800
16762
16750
16737
16700
16687
16662
16637
16612
16612
16600
16612
16600
16587
16575
16550
16500
16487
16475
16437
16437
16437
16400
16362
16325
16300
16262
16225
16187
16187
16137
16100
16087
16075
16062
16037
16050
16037
16025
16012
16012
16000
15987
16000
15987
16000
15987
15975
15962
15950
15937
15925
15937
15925
15912
15875
15862
15825
15812
15800
15812
15800
15787
15750
15737
15700
15687
15675
15662
15650
15637
15625
15612
15625
15612
15625
15612
15625
15612
15625
15612
15625
15612
15600
15587
15575
15550
15512
15500
15462
15425
15412
15400
15400
15387
15400
15387
15400
15375
15362
15325
15312
15300
15275
15275
15275
15275
15250
15262
15275
15312
15325
15362
15400
15437
15475
15525
15600
15687
15775
15875
15987
16125
16250
16400
16537
16675
16812
16950
17075
17212
17350
17487
17625
17762
17912
18037
18175
18300
18425
18525
18650
18762
18875
18975
19075
19150
19225
19275
19325
19337
19350
19325
19287
19250
19212
19200
19187
19187
19187
19187
19175
19162
19175
19187
19200
19212
19225
19237
19237
19262
19262
19262
19250
19237
19237
19225
19212
19175
19137
19075
19000
18925
18850
18775
18700
18625
18562
18487
18400
18312
18237
18162
18100
18037
17962
17887
17812
17737
17687
17650
17650
17637
17625
17587
17575
17537
17500
17462
17425
17350
17300
17250
17200
17150
17137
17112
17075
17037
17000
16962
16925
16912
16900
16912
16887
16887
16862
16837
16812
16800
16762
16725
16687
16650
16612
16612
16600
16587
16575
16562
16550
16537
16525
16512
16500
16462
16450
16437
16425
16412
16400
16387
16375
16337
16325
16312
16275
16262
16250
16212
16200
16187
16175
16162
16150
16112
16100
16062
16037
16025
16012
16000
15987
16000
15987
16000
15987
16000
15987
15975
15962
15950
15937
15925
15912
15912
15912
15887
15862
15875
15850
15825
15800
15800
15762
15725
15712
15700
15687
15675
15687
15675
15662
15650
15637
15625
15612
15625
15600
15612
15600
15612
15600
15600
15587
15575
15575
15562
15537
15512
15487
15462
15437
15450
15437
15425
15412
15400
15362
15350
15337
15325
15312
15325
15312
15300
15287
15275
15262
15275
15287
15275
15287
15275
15262
15250
15275
15275
15275
15275
15300
15287
15300
15312
15325
15312
15337
15362
15412
15462
15525
15600
15687
15775
15875
16000
16125
16250
16387
16500
16625
16737
16862
16975
17100
17237
17400
17537
17687
17825
17962
18087
18212
18350
18487
18600
18700
18812
18900
19000
19087
19162
19212
19262
19275
19262
19225
19212
19187
19150
19112
19100
19062
19050
19037
19025
19012
19000
18962
18950
18937
18925
18912
18900
18862
18825
18787
18737
18687
18637
18587
18512
18437
18350
18262
18175
18100
18025
17950
17862
17775
17675
17587
17512
17437
17362
17325
17287
17275
17262
17275
17262
17275
17262
17250
17237
17225
17212
17200
17187
17175
17162
17125
17112
17100
17062
17025
17025
16987
16950
16912
16875
16837
16800
16762
16750
16725
16700
16675
16650
16625
16612
16612
16587
16600
16575
16575
16550
16562
16537
16550
16537
16525
16512
16500
16487
16475
16462
16450
16437
16425
16412
16400
16387
16375
16337
16325
16312
16275
16262
16250
16212
16212
16212
16187
16162
16162
16125
16087
16075
16062
16062
16062
16062
16037
16037
16012
15975
15962
15950
15912
15912
15912
15887
15887
15887
15875
15862
15875
15850
15825
15800
15775
15750
15737
15725
15712
15700
15687
15675
15662
15625
15625
15600
15575
15575
15575
15550
15537
15525
15487
15475
15462
15450
15437
15450
15437
15425
15412
15400
15387
15375
15362
15350
15337
15325
15312
15325
15312
15300
15287
15275
15237
15225
15212
15200
15187
15200
15187
15200
15175
15175
15150
15150
15125
15137
15150
15200
15250
15325
15400
15475
15550
15625
15712
15800
15887
15987
16100
16212
16350
16450
16587
16712
16850
16975
17112
17237
17387
17525
17650
17800
17950
18075
18200
18337
18462
18562
18675
18775
18862
18937
19012
19075
19112
19125
19137
19125
19087
19075
19062
19025
19012
19000
18962
18950
18937
18925
18912
18925
18912
18925
18912
18925
18912
18900
18887
18875
18862
18850
18837
18787
18737
18662
18575
18500
18425
18350
18275
18212
18137
18075
18000
17925
17850
17775
17700
17625
17550
17475
17400
17350
17300
17275
17262
17250
17212
17200
17187
17162
17162
17187
17187
17187
17200
17187
17175
17162
17137
17125
17112
17100
17075
17050
17000
16950
16875
16837
16800
16762
16725
16687
16625
16600
16587
16550
16512
16475
16425
16362
16337
16312
16312
16287
16275
16262
16250
16237
16212
16212
16187
16187
16162
16175
16162
16150
16137
16125
16087
16050
16012
15962
15900
15862
15825
15812
15800
15812
15787
15787
15762
15762
15737
15750
15737
15750
15737
15750
15737
15725
15687
15675
15637
15600
15587
15575
15550
15537
15525
15512
15500
15512
15500
15487
15475
15462
15450
15437
15425
15412
15400
15387
15375
15387
15375
15387
15362
15362
15337
15337
15312
15325
15312
15325
15300
15300
15275
15275
15250
15262
15250
15225
15212
15200
15187
15175
15175
15162
15150
15137
15125
15137
15125
15137
15125
15112
15100
15087
15075
15062
15050
15037
15025
15025
15012
15025
15012
15025
15012
15025
15012
15000
14987
15000
14987
15000
15012
15025
15025
15062
15100
15175
15250
15350
15450
15575
15712
15850
15962
16087
16225
16337
16462
16587
16725
16837
16975
17100
17250
17400
17537
17675
17837
17975
18112
18250
18375
18487
18575
18662
18762
18850
18925
19012
19075
19125
19150
19175
19162
19175
19162
19175
19162
19150
19137
19125
19112
19087
19100
19087
19075
19062
19062
19050
19037
19050
19062
19075
19087
19100
19087
19075
19087
19075
19062
19075
19062
19025
18987
18975
18937
18900
18862
18825
18762
18700
18637
18587
18512
18437
18362
18287
18212
18150
18100
18037
17962
17887
17800
17712
17625
17550
17487
17425
17387
17350
17337
17325
17337
17325
17337
17350
17350
17350
17350
17325
17275
17275
17250
17225
17187
17175
17112
17062
17025
17000
16950
16912
16875
16800
16750
16700
16650
16625
16612
16612
16587
16562
16537
16512
16462
16450
16437
16400
16387
16375
16337
16300
16287
16250
16237
16225
16212
16175
16162
16125
16112
16100
16112
16100
16112
16087
16062
16037
16012
15975
15962
15950
15937
15925
15937
15925
15912
15900
15887
15850
15837
15825
15812
15800
15787
15787
15787
15762
15762
15750
15725
15700
15675
15650
15637
15600
15587
15575
15575
15562
15550
15512
15500
15487
15462
15462
15462
15437
15412
15425
15400
15375
15375
15350
15325
15312
15325
15300
15300
15275
15275
15250
15262
15250
15237
15225
15212
15200
15175
15187
15175
15162
15150
15150
15137
15125
15112
15100
15087
15075
15062
15050
15037
15025
15000
15000
15000
14975
14975
14975
14962
14950
14937
14925
14937
14925
14912
14925
14912
14900
14887
14875
14862
14875
14862
14875
14912
14950
15000
15075
15150
15250
15350
15437
15550
15675
15787
15887
16000
16112
16225
16337
16462
16587
16725
16862
16987
17112
17237
17375
17500
17637
17775
17925
18062
18200
18337
18462
18562
18625
18712
18762
18825
18887
18925
18950
19000
19012
19025
19037
19050
19037
19025
19012
19000
18962
18950
18937
18900
18887
18900
18887
18900
18912
18900
18887
18875
18862
18850
18837
18825
18800
18775
18750
18712
18675
18650
18612
18562
18525
18462
18400
18325
18237
18137
18037
17950
17850
17762
17675
17612
17562
17512
17462
17425
17362
17300
17237
17200
17162
17162
17150
17162
17150
17137
17125
17112
17100
17075
17087
17062
17062
17037
17025
17000
16987
16950
16900
16850
16775
16725
16675
16637
16600
16550
16512
16462
16412
16362
16325
16287
16250
16237
16212
16212
16187
16162
16137
16125
16087
16075
16062
16037
16025
16012
16000
15987
15975
15962
15950
15912
15900
15887
15850
15837
15825
15812
15800
15787
15775
15762
15750
15737
15725
15687
15675
15637
15600
15587
15575
15575
15562
15550
15512
15512
15487
15462
15462
15462
15425
15412
15400
15387
15362
15375
15350
15350
15325
15337
15312
15300
15287
15300
15287
15275
15300
15300
15275
15275
15275
15262
15250
15262
15250
15262
15250
15262
15250
15262
15250
15262
15237
15237
15212
15187
15162
15150
15112
15100
15087
15075
15062
15075
15062
15075
15062
15050
15037
15025
15025
15025
15025
15025
15025
15025
15012
15000
14987
15000
15000
15050
15137
15237
15337
15437
15550
15650
15750
15862
15975
16087
16225
16362
16487
16625
16787
16937
17087
17250
17400
17537
17675
17812
17937
18050
18175
18300
18412
18525
18625
18712
18812
18900
18987
19062
19137
19175
19212
19225
19237
19225
19212
19200
19187
19150
19137
19125
19087
19075
19087
19075
19062
19075
19062
19050
19062
19075
19087
19100
19112
19100
19112
19100
19112
19087
19062
19012
18950
18862
18787
18712
18662
18625
18562
18500
18425
18325
18225
18137
18050
17962
17862
17775
17687
17600
17525
17450
17375
17325
17287
17275
17250
17250
17250
17275
17275
17287
17300
17287
17275
17262
17275
17262
17275
17250
17225
17175
17125
17062
17000
16962
16925
16887
16850
16812
16775
16725
16700
16675
16650
16600
16562
16537
16500
16462
16450
16437
16400
16387
16375
16337
16325
16312
16300
16287
16275
16237
16225
16187
16150
16137
16125
16087
16075
16062
16037
16025
16012
16000
15987
16000
16012
16025
16037
16037
16037
16037
16037
16012
16025
16012
15975
15937
15900
15837
15800
15762
15725
15712
15700
15687
15675
15687
15675
15662
15650
15637
15637
15637
15637
15637
15637
15625
15612
15600
15587
15575
15537
15525
15512
15475
15462
15462
15425
15412
15400
15387
15375
15362
15350
15337
15325
15312
15300
15287
15275
15237
15225
15237
15225
15237
15237
15237
15212
15212
15187
15200
15187
15175
15162
15150
15112
15100
15087
15075
15062
15050
15037
15025
15000
14987
14975
14962
14950
14962
14950
14962
14950
14962
14950
14962
14950
14962
14950
14962
14975
15000
15037
15100
15162
15237
15312
15387
15475
15575
15675
15787
15900
16012
16150
16287
16412
16537
16675
16825
16950
17087
17250
17400
17512
17662
17812
17962
18100
18250
18387
18512
18600
18700
18787
18862
18937
19012
19075
19137
19187
19225
19262
19275
19287
19275
19262
19262
19262
19237
19237
19237
19237
19237
19250
19262
19275
19287
19275
19287
19275
19287
19275
19287
19275
19262
19225
19187
19137
19100
19050
18975
18900
18812
18700
18587
18512
18425
18337
18250
18175
18087
18012
17925
17837
17750
17675
17600
17550
17487
17425
17362
17325
17287
17275
17262
17275
17287
17300
17312
17312
17312
17312
17312
17287
17300
17287
17250
17212
17200
17150
17137
17112
17087
17037
17000
16962
16925
16887
16875
16862
16825
16787
16750
16712
16700
16687
16675
16662
16625
16587
16562
16525
16487
16475
16437
16425
16412
16387
16362
16337
16325
16300
16287
16275
16262
16212
16200
16175
16162
16150
16137
16100
16075
16037
16012
15975
15962
15975
15962
15937
15950
15937
15900
15887
15887
15875
15862
15850
15837
15825
15787
15775
15762
15725
15712
15700
15662
15650
15637
15600
15587
15575
15550
15537
15525
15512
15500
15487
15475
15462
15450
15437
15425
15412
15400
15387
15375
15387
15375
15387
15375
15362
15350
15362
15350
15362
15375
15362
15350
15337
15325
15312
15300
15287
15275
15237
15225
15212
15175
15162
15175
15162
15175
15187
15175
15162
15150
15137
15125
15137
15125
15112
15100
15087
15075
15062
15075
15087
15125
15162
15237
15312
15387
15462
15550
15650
15762
15887
16012
16162
16300
16425
16562
16712
16862
17012
17162
17312
17475
17625
17775
17950
18087
18225
18362
18487
18600
18712
18825
18925
19012
19100
19175
19250
19312
19350
19387
19400
19412
19400
19387
19375
19362
19325
19312
19325
19312
19325
19337
19350
19337
19350
19337
19350
19362
19400
19412
19450
19462
19475
19462
19475
19462
19475
19462
19475
19462
19450
19412
19400
19362
19325
19287
19250
19175
19112
19037
18962
18887
18825
18762
18700
18625
18562
18475
18387
18300
18225
18137
18075
17987
17887
17787
17700
17637
17600
17562
17550
17537
17500
17487
17500
17487
17475
17487
17475
17462
17450
17437
17400
17387
17350
17312
17275
17262
17225
17212
17200
17187
17150
17137
17112
17075
17037
17000
16962
16925
16887
16850
16812
16775
16737
16700
16662
16650
16612
16587
16550
16537
16500
16487
16462
16462
16437
16412
16362
16350
16312
16275
16262
16250
16212
16200
16187
16175
16162
16175
16187
16200
16187
16200
16187
16150
16137
16125
16087
16075
16062
16037
16025
16012
15975
15962
15950
15912
15875
15862
15825
15812
15800
15812
15800
15787
15775
15762
15725
15725
15712
15700
15687
15662
15625
15600
15575
15562
15575
15550
15550
15525
15525
15500
15487
15475
15462
15450
15437
15425
15412
15400
15387
15375
15362
15325
15312
15275
15262
15250
15262
15250
15262
15250
15237
15225
15212
15175
15162
15150
15137
15125
15137
15125
15112
15100
15087
15075
15062
15050
15037
15050
15037
15025
15037
15025
15025
15012
15025
15012
15025
15025
15062
15112
15187
15275
15375
15475
15575
15687
15800
15900
16000
16112
16237
16362
16500
16650
16800
16937
17062
17200
17325
17475
17625
17775
17912
18050
18187
18300
18412
18525
18637
18725
18812
18900
18975
19050
19125
19175
19212
19237
19250
19237
19250
19237
19237
19237
19237
19237
19237
19237
19225
19237
19225
19237
19237
19250
19262
19275
19262
19250
19262
19250
19262
19275
19262
19250
19237
19212
19200
19187
19175
19162
19137
19087
19037
18962
18875
18800
18712
18625
18550
18462
18362
18275
18175
18075
17987
17925
17850
17787
17725
17675
17600
17550
17487
17425
17362
17325
17287
17250
17237
17225
17212
17200
17187
17175
17187
17175
17162
17175
17162
17162
17150
17162
17137
17112
17087
17062
17037
17025
17012
17000
16975
16925
16875
16850
16800
16787
16762
16737
16687
16637
16562
16512
16475
16425
16400
16375
16350
16300
16287
16250
16237
16212
16212
16187
16162
16137
16125
16087
16075
16062
16037
16000
16000
15962
15925
15887
15875
15825
15787
15775
15762
15750
15725
15725
15687
15687
15662
15650
15637
15637
15600
15587
15575
15575
15562
15575
15550
15550
15525
15525
15500
15512
15500
15487
15475
15462
15425
15412
15400
15362
15350
15337
15325
15312
15300
15287
15275
15262
15250
15237
15225
15212
15200
15187
15200
15187
15175
15162
15150
15112
15100
15087
15075
15062
15075
15062
15050
15037
15050
15037
15025
15037
15025
15000
14987
14975
14937
14925
14912
14900
14887
14875
14875
14862
14850
14837
14850
14825
14837
14825
14837
14825
14837
14825
14812
14800
14787
14750
14750
14737
14725
14712
14725
14700
14712
14725
14762
14800
14862
14925
15012
15100
15187
15300
15400
15475
15575
15700
15812
15925
16062
16187
16312
16437
16562
16687
16825
16950
17075
17200
17337
17462
17587
17700
17837
17962
18062
18162
18275
18375
18462
18550
18625
18675
18725
18775
18787
18800
18812
18812
18812
18825
18812
18825
18812
18800
18787
18800
18787
18775
18762
18750
18712
18700
18687
18687
18675
18687
18675
18662
18650
18637
18600
18562
18525
18462
18400
18337
18275
18212
18150
18087
18012
17925
17825
17712
17600
17512
17425
17362
17300
17250
17175
17125
17062
17025
16987
16975
16962
16975
16962
16975
16950
16950
16925
16900
16850
16837
16800
16787
16762
16737
16712
16687
16662
16650
16637
16600
16562
16512
16475
16437
16400
16362
16350
16312
16275
16262
16237
16212
16187
16162
16137
16125
16087
16075
16062
16037
16000
15962
15925
15875
15850
15825
15825
15800
15787
15775
15762
15750
15725
15725
15700
15675
15650
15637
15625
15612
15600
15562
15550
15525
15512
15500
15512
15500
15487
15475
15487
15475
15462
15450
15412
15375
15337
15300
15287
15275
15237
15225
15212
15175
15175
15162
15150
15137
15125
15075
15075
15050
15050
15050
15050
15012
14975
14950
14912
14900
14887
14875
14862
14850
14837
14825
14812
14800
14787
14775
14762
14750
14737
14725
14712
14700
14687
14675
14687
14675
14662
14675
14662
14650
14637
14625
14612
14600
14587
14575
14562
14550
14537
14537
14525
14512
14500
14487
14475
14462
14450
14437
14450
14462
14475
14512
14562
14625
14687
14775
14850
14925
15012
15100
15187
15287
15387
15512
15637
15762
15875
15987
16087
16200
16312
16425
16512
16637
16750
16875
17000
17125
17225
17350
17462
17587
17700
17825
17925
18025
18100
18187
18262
18337
18400
18462
18500
18537
18550
18562
18550
18562
18550
18537
18525
18512
18500
18487
18500
18487
18512
18512
18512
18512
18512
18500
18487
18500
18487
18500
18487
18475
18462
18450
18412
18375
18337
18275
18200
18125
18050
17962
17875
17787
17700
17612
17512
17412
17312
17212
17125
17062
17000
16962
16912
16887
16862
16837
16787
16775
16737
16700
16687
16675
16662
16650
16675
16675
16675
16675
16675
16637
16625
16612
16587
16550
16537
16500
16462
16425
16387
16325
16287
16275
16250
16225
16200
16150
16075
16012
15987
15950
15912
15900
15887
15850
15837
15825
15787
15775
15762
15750
15725
15725
15700
15675
15612
15587
15562
15550
15525
15512
15500
15462
15425
15412
15400
15387
15375
15387
15375
15387
15375
15362
15350
15337
15325
15312
15300
15287
15275
15262
15250
15237
15200
15162
15100
15062
15025
15000
14987
14975
14937
14925
14912
14900
14887
14900
14887
14900
14887
14875
14862
14850
14837
14812
14812
14812
14800
14787
14787
14787
14762
14775
14762
14775
14762
14750
14737
14725
14687
14675
14662
14625
14612
14600
14562
14550
14537
14537
14525
14537
14525
14537
14525
14537
14525
14512
14500
14512
14500
14487
14500
14487
14450
14450
14450
14450
14475
14525
14575
14662
14750
14850
14925
15025
15125
15237
15337
15450
15575
15712
15837
15962
16087
16225
16337
16450
16550
16662
16762
16862
16975
17062
17162
17262
17362
17462
17562
17662
17762
17862
17950
18025
18100
18150
18212
18275
18337
18400
18425
18462
18475
18487
18462
18487
18475
18462
18450
18450
18450
18450
18450
18450
18450
18437
18425
18450
18450
18475
18475
18500
18487
18500
18487
18475
18437
18425
18387
18350
18312
18275
18212
18150
18100
18025
17950
17875
17787
17700
17625
17550
17487
17425
17362
17287
17237
17175
17112
17062
17012
16925
16850
16800
16750
16700
16687
16675
16637
16625
16612
16612
16600
16612
16600
16587
16575
16562
16550
16537
16525
16512
16500
16462
16425
16387
16325
16262
16225
16175
16125
16100
16075
16037
16025
16012
15975
15937
15925
15887
15850
15837
15825
15787
15750
15737
15725
15700
15700
15687
15675
15637
15637
15612
15625
15612
15600
15587
15575
15550
15537
15550
15525
15525
15525
15525
15500
15487
15475
15462
15450
15437
15425
15387
15387
15362
15337
15337
15337
15325
15312
15300
15287
15275
15237
15225
15212
15175
15162
15150
15112
15100
15087
15075
15062
15075
15062
15075
15050
15062
15050
15037
15025
15025
15025
15012
15000
14987
14975
14962
14950
14962
14950
14937
14925
14937
14925
14912
14925
14912
14875
14862
14850
14837
14825
14837
14825
14837
14825
14812
14800
14787
14750
14737
14725
14712
14700
14687
14675
14662
14650
14637
14650
14662
14712
14775
14862
14937
15037
15125
15212
15312
15412
15512
15625
15750
15862
15987
16112
16237
16337
16437
16525
16650
16775
16900
17012
17137
17250
17362
17487
17612
17725
17837
17950
18037
18112
18200
18287
18375
18462
18550
18637
18700
18762
18800
18837
18862
18887
18900
18912
18925
18912
18937
18937
18962
18962
18962
18950
18937
18925
18937
18950
18962
18975
18987
18975
18987
18975
18987
18975
18987
18975
18987
18975
18987
18975
18962
18925
18887
18825
18762
18700
18637
18587
18512
18437
18362
18287
18212
18150
18087
18000
17912
17825
17737
17650
17575
17512
17437
17362
17300
17225
17175
17125
17112
17087
17075
17062
17075
17062
17050
17062
17050
17037
17025
17037
17025
17012
16975
16975
16937
16900
16887
16875
16825
16787
16750
16712
16675
16637
16625
16600
16587
16550
16512
16450
16425
16375
16362
16350
16337
16300
16287
16250
16212
16175
16162
16125
16087
16075
16050
16050
16037
16025
15987
15987
15950
15912
15900
15887
15875
15862
15850
15812
15800
15762
15725
15687
15675
15662
15637
15637
15637
15612
15587
15575
15575
15562
15550
15537
15512
15487
15487
15487
15462
15475
15462
15412
15387
15362
15337
15312
15300
15300
15300
15275
15250
15250
15237
15225
15212
15225
15212
15200
15187
15175
15162
15150
15137
15125
15112
15100
15087
15075
15062
15075
15062
15075
15050
15050
15025
15025
15012
15025
15012
15025
15000
14975
14950
14925
14900
14887
14875
14862
14850
14837
14825
14812
14812
14800
14787
14775
14787
14762
14775
14762
14775
14800
14850
14900
14962
15050
15125
15200
15300
15400
15500
15612
15737
15850
15962
16075
16187
16312
16412
16500
16625
16737
16850
16962
17087
17200
17325
17437
17550
17675
17800
17912
18025
18112
18225
18337
18462
18562
18662
18750
18837
18912
18987
19062
19112
19150
19162
19175
19162
19175
19162
19175
19187
19187
19187
19212
19212
19212
19225
19237
19225
19237
19225
19237
19237
19250
19262
19275
19287
19275
19262
19250
19237
19212
19175
19137
19100
19062
19025
18987
18950
18887
18825
18750
18675
18587
18500
18375
18287
18175
18075
18000
17925
17825
17750
17675
17600
17550
17487
17425
17362
17300
17237
17200
17162
17162
17150
17162
17150
17162
17162
17187
17175
17187
17187
17187
17162
17150
17137
17112
17075
17062
17050
17012
16975
16962
16912
16887
16850
16812
16775
16737
16700
16662
16625
16587
16562
16525
16487
16475
16437
16400
16387
16375
16337
16300
16287
16250
16212
16200
16187
16175
16150
16150
16125
16100
16075
16062
16062
16037
16037
16037
16037
16012
16000
15987
15950
15912
15900
15887
15850
15837
15825
15812
15787
15787
15762
15762
15737
15750
15737
15725
15712
15700
15662
15625
15612
15575
15550
15512
15512
15487
15462
15462
15462
15450
15437
15425
15412
15425
15412
15400
15412
15400
15387
15375
15362
15350
15337
15325
15312
15325
15312
15300
15300
15300
15275
15275
15300
15287
15300
15312
15325
15312
15300
15287
15275
15237
15225
15212
15175
15162
15150
15137
15125
15137
15125
15137
15112
15112
15087
15087
15062
15050
15037
15050
15037
15050
15062
15087
15087
15112
15112
15150
15187
15262
15337
15437
15550
15650
15750
15862
15950
16062
16187
16300
16412
16537
16662
16787
16912
17025
17137
17250
17375
17487
17612
17750
17887
18000
18137
18275
18400
18512
18612
18712
18800
18875
18950
19012
19075
19112
19150
19187
19200
19212
19225
19237
19225
19237
19225
19212
19212
19212
19187
19200
19200
19187
19175
19187
19187
19187
19187
19212
19212
19212
19225
19212
19175
19137
19062
18987
18900
18812
18725
18637
18550
18462
18362
18262
18175
18075
17975
17875
17762
17637
17562
17500
17425
17362
17312
17262
17225
17187
17175
17162
17162
17150
17137
17125
17112
17100
17075
17050
17025
17000
16950
16912
16912
16875
16837
16800
16787
16737
16725
16712
16700
16662
16650
16612
16587
16550
16537
16487
16437
16387
16362
16312
16275
16237
16225
16175
16150
16125
16100
16050
16012
15962
15925
15912
15887
15887
15875
15862
15825
15800
15775
15762
15750
15737
15725
15687
15675
15637
15625
15612
15625
15612
15625
15600
15600
15575
15575
15562
15550
15537
15525
15512
15500
15487
15450
15437
15400
15387
15375
15362
15350
15337
15300
15287
15275
15237
15225
15212
15175
15162
15150
15137
15125
15112
15100
15087
15075
15062
15050
15037
15025
15000
14987
14975
14962
14950
14962
14950
14937
14925
14912
14875
14862
14850
14837
14850
14862
14850
14862
14850
14850
14850
14850
14850
14850
14837
14825
14812
14800
14787
14775
14762
14775
14762
14750
14737
14725
14712
14700
14712
14725
14762
14775
14812
14850
14900
14937
15012
15100
15187
15287
15387
15487
15600
15725
15837
15937
16050
16175
16287
16400
16537
16675
16800
16937
17050
17175
17300
17425
17537
17662
17775
17887
17987
18075
18162
18250
18325
18400
18462
18525
18562
18612
18637
18662
18675
18700
18725
18750
18750
18750
18750
18737
18725
18712
18700
18687
18687
18675
18687
18675
18662
18662
18650
18637
18650
18662
18662
18675
18687
18675
18662
18625
18612
18575
18537
18500
18487
18425
18362
18300
18237
18137
18075
18000
17925
17837
17750
17662
17575
17500
17425
17362
17300
17262
17225
17175
17125
17100
17062
17012
17000
17012
17000
16987
17000
16987
16975
16950
16950
16950
16950
16925
16937
16925
16887
16887
16875
16837
16825
16812
16762
16725
16687
16650
16612
16587
16575
16562
16525
16487
16475
16437
16400
16362
16325
16287
16237
16212
16187
16162
16137
16125
16112
16100
16075
16062
16050
16025
16025
16025
16012
16000
15987
15937
15925
15887
15875
15862
15875
15850
15850
15825
15800
15775
15762
15750
15737
15725
15725
15725
15700
15700
15700
15662
15650
15637
15625
15612
15600
15587
15575
15550
15550
15550
15525
15525
15525
15487
15475
15462
15425
15412
15400
15362
15350
15337
15325
15312
15300
15287
15275
15237
15225
15237
15212
15212
15212
15212
15187
15200
15175
15175
15150
15125
15100
15087
15087
15075
15087
15075
15087
15062
15050
15037
15025
15025
15012
15025
15012
15000
15000
15000
14975
14975
14975
14962
14950
14962
14950
14962
14950
14937
14925
14912
14900
14887
14875
14862
14850
14837
14825
14837
14825
14812
14800
14787
14775
14762
14775
14762
14750
14750
14750
14750
14750
14775
14762
14775
14762
14775
14800
14825
14862
14925
14975
15037
15125
15212
15325
15437
15562
15700
15837
15950
16075
16187
16300
16400
16500
16625
16750
16887
17012
17137
17237
17362
17462
17575
17675
17787
17875
17962
18050
18150
18237
18325
18412
18487
18562
18625
18700
18762
18800
18837
18850
18862
18875
18887
18900
18912
18937
18925
18937
18950
18962
18962
19000
19012
19025
19037
19050
19037
19050
19062
19062
19062
19062
19037
19012
19000
18962
18925
18887
18850
18800
18775
18737
18700
18625
18562
18475
18387
18287
18187
18087
18012
17925
17837
17762
17675
17612
17550
17487
17425
17375
17300
17237
17200
17162
17162
17150
17162
17150
17162
17150
17162
17150
17137
17100
17062
17000
16962
16925
16887
16875
16850
16825
16800
16800
16775
16762
16725
16712
16675
16637
16600
16587
16562
16525
16487
16475
16425
16400
16375
16350
16300
16287
16250
16212
16175
16175
16150
16125
16125
16125
16112
16100
16087
16075
16087
16062
16037
16037
16012
16000
15987
15975
15962
15950
15912
15900
15887
15875
15862
15850
15837
15825
15812
15800
15787
15775
15762
15750
15737
15725
15712
15700
15687
15675
15687
15675
15662
15625
15612
15575
15550
15512
15475
15437
15400
15387
15375
15387
15375
15387
15375
15362
15350
15325
15300
15300
15300
15300
15312
15325
15312
15300
15287
15275
15262
15250
15262
15250
15262
15250
15237
15225
15212
15200
15187
15200
15187
15200
15187
15175
15162
15175
15162
15150
15162
15175
15150
15150
15150
15150
15125
15112
15100
15087
15050
15037
15012
15012
15000
14987
14975
14975
14962
14950
14962
14950
14962
14950
14937
14925
14937
14950
14962
15000
15025
15062
15100
15175
15250
15337
15425
15512
15600
15700
15800
15900
16000
16112
16225
16337
16437
16562
16675
16775
16887
16987
17062
17162
17275
17375
17475
17600
17712
17812
17912
18000
18075
18175
18275
18362
18462
18550
18612
18700
18787
18862
18937
18987
19025
19062
19075
19087
19100
19087
19075
19062
19050
19037
19050
19062
19075
19087
19100
19087
19075
19087
19075
19087
19100
19112
19100
19112
19100
19112
19100
19087
19050
19012
18950
18887
18812
18725
18637
18550
18462
18375
18300
18212
18125
18050
17987
17900
17825
17750
17687
17600
17550
17487
17425
17362
17300
17262
17212
17187
17162
17162
17150
17162
17150
17162
17150
17162
17150
17137
17125
17112
17075
17062
17050
17037
17025
17037
17012
17012
16975
16937
16875
16825
16775
16737
16700
16662
16650
16612
16587
16550
16550
16512
16500
16487
16475
16450
16437
16400
16362
16325
16287
16250
16237
16212
16212
16187
16162
16137
16125
16087
16075
16062
16062
16050
16037
16037
16025
16012
16000
16012
15987
16000
15987
15975
15962
15950
15937
15912
15912
15887
15887
15862
15875
15862
15850
15837
15825
15787
15775
15762
15725
15687
15675
15637
15625
15612
15600
15587
15575
15550
15512
15500
15462
15450
15437
15425
15412
15387
15375
15362
15350
15337
15337
15325
15312
15325
15312
15325
15312
15300
15262
15225
15162
15125
15087
15050
15037
15025
15000
14987
14975
14962
14950
14937
14900
14887
14837
14787
14737
14712
14662
14650
14637
14625
14612
14600
14562
14525
14512
14487
14475
14450
14450
14425
14425
14400
14387
14350
14337
14325
14312
14300
14287
14287
14262
14237
14237
14262
14275
14312
14387
14450
14537
14625
14737
14837
14937
15050
15162
15275
15387
15500
15612
15725
15837
15950
16062
16187
16337
16450
16575
16700
16825
16925
17025
17125
17225
17337
17450
17550
17637
17737
17787
17837
17887
17912
17925
17962
17975
17962
17950
17912
17887
17850
17837
17825
17812
17762
17725
17687
17650
17625
17612
17600
17587
17562
17537
17487
17437
17362
17287
17237
17175
17112
17062
17012
16937
16875
16800
16725
16637
16537
16450
16362
16275
16200
16137
16100
16037
15987
15962
15937
15887
15887
15887
15850
15850
15837
15825
15812
15825
15800
15787
15750
15712
15675
15637
15600
15562
15525
15475
15437
15400
15362
15325
15287
15225
15162
15125
15087
15050
15012
15000
14962
14937
14912
14887
14837
14825
14787
14750
14712
14675
14612
14550
14525
14500
14462
14425
14387
14300
14250
14200
14150
14125
14100
14087
14062
14062
14037
14025
14000
13987
13962
13950
13937
13900
13862
13850
13812
13775
13762
13750
13712
13675
13637
13600
13562
13525
13512
13500
13475
13462
13450
13437
13425
13412
13375
13362
13325
13287
13275
13262
13250
13225
13225
13200
13200
13175
13162
13150
13137
13125
13112
13125
13112
13125
13112
13137
13137
13137
13137
13137
13100
13087
13075
13062
13050
13062
13050
13025
12975
12925
12850
12812
12775
12737
12700
12662
12625
12587
12550
12537
12512
12487
12462
12462
12450
12462
12450
12462
12450
12462
12450
12437
12425
12412
12400
12387
12400
12387
12400
12387
12375
12362
12375
12387
12412
12475
12562
12650
12750
12850
12975
13087
13212
13325
13450
13575
13700
13825
13962
14100
14237
14362
14475
14587
14687
14787
14875
14950
15025
15100
15175
15225
15275
15300
15325
15312
15325
15337
15350
15337
15325
15312
15262
15237
15212
15187
15137
15100
15037
15000
14962
14912
14887
14850
14812
14787
14762
14737
14725
14687
14650
14612
14550
14487
14462
14425
14387
14350
14300
14250
14187
14125
14062
14012
13937
13887
13825
13787
13737
13687
13662
13637
13612
13600
13612
13625
13637
13662
13687
13712
13712
13750
13750
13775
13800
13850
13862
13900
13912
13937
13937
13937
13937
13962
13950
13962
13975
13987
13987
14012
14012
14050
14050
14075
14075
14075
14062
14075
14062
14075
14087
14100
14087
14100
14112
14125
14137
14175
14187
14200
14237
14250
14262
14300
14312
14325
14362
14375
14387
14400
14412
14425
14437
14462
14500
14550
14600
14675
14737
14800
14862
14925
14962
14975
14987
15000
15000
15037
15100
15137
15175
15187
15200
15225
15250
15275
15287
15275
15250
15225
15175
15162
15150
15137
15125
15137
15125
15137
15125
15137
15125
15112
15100
15087
15050
15037
15025
15025
15012
15025
15012
15000
14950
14937
14900
14887
14875
14875
14875
14875
14850
14850
14875
14862
14850
14862
14850
14837
14825
14837
14812
14812
14787
14787
14762
14750
14737
14725
14712
14700
14712
14700
14687
14650
14650
14625
14600
14575
14575
14562
14550
14562
14575
14587
14562
14562
14562
14562
14562
14600
14637
14675
14737
14812
14887
14975
15075
15175
15287
15387
15512
15637
15787
15925
16075
16237
16400
16550
16687
16812
16925
17037
17137
17250
17375
17487
17587
17687
17775
17862
17937
18025
18087
18150
18187
18200
18200
18225
18225
18200
18187
18150
18100
18037
17975
17937
17900
17887
17875
17887
17875
17887
17875
17850
17825
17787
17750
17712
17712
17687
17712
17712
17712
17712
17712
17675
17662
17650
17625
17587
17550
17475
17400
17325
17275
17225
17187
17150
17112
17062
16987
16912
16837
16762
16725
16700
16675
16675
16700
16675
16675
16675
16650
16625
16612
16587
16575
16562
16550
16537
16550
16537
16525
16487
16450
16412
16375
16362
16337
16312
16262
16237
16187
16150
16137
16125
16087
16050
16012
15962
15925
15887
15875
15850
15862
15837
15837
15800
15800
15762
15762
15737
15712
15700
15687
15650
15637
15637
15600
15562
15525
15475
15437
15400
15387
15375
15387
15400
15437
15450
15487
15500
15487
15475
15450
15425
15387
15375
15325
15312
15275
15250
15225
15237
15225
15250
15262
15275
15262
15275
15250
15237
15225
15200
15175
15150
15150
15125
15112
15100
15087
15050
15037
15025
15025
15012
15025
15012
15025
15037
15062
15087
15112
15137
15125
15137
15125
15137
15125
15137
15125
15137
15125
15137
15125
15137
15125
15112
15100
15087
15050
15037
15025
15000
14962
14925
14887
14850
14837
14825
14812
14800
14787
14775
14762
14775
14762
14775
14762
14775
14762
14775
14762
14775
14762
14775
14762
14750
14737
14750
14762
14812
14887
14987
15087
15212
15325
15425
15537
15662
15775
15887
15975
16087
16200
16300
16412
16525
16625
16712
16775
16825
16862
16875
16900
16925
16962
17000
17062
17125
17212
17300
17387
17462
17537
17600
17662
17725
17787
17850
17912
17975
18037
18100
18150
18187
18200
18187
18150
18125
18087
18050
18000
17950
17900
17850
17800
17762
17725
17662
17600
17550
17487
17425
17362
17300
17237
17162
17112
17075
17025
16975
16937
16875
16812
16775
16737
16700
16662
16625
16587
16562
16550
16537
16562
16562
16587
16587
16612
16612
16612
16587
16587
16562
16525
16512
16500
16462
16450
16425
16375
16325
16275
16200
16137
16075
16012
15962
15925
15875
15825
15775
15725
15650
15587
15550
15525
15487
15450
15437
15400
15387
15400
15412
15425
15437
15450
15437
15462
15462
15462
15462
15462
15450
15437
15425
15412
15400
15387
15375
15387
15375
15387
15375
15362
15350
15337
15325
15312
15325
15312
15325
15312
15325
15312
15300
15262
15225
15187
15150
15137
15125
15137
15150
15162
15175
15187
15200
15212
15225
15237
15250
15262
15250
15225
15200
15175
15150
15125
15137
15125
15137
15125
15137
15125
15137
15125
15137
15125
15137
15125
15137
15125
15137
15125
15112
15075
15062
15025
15000
14987
14975
14962
14950
14962
14975
14987
15000
15012
15025
15012
15000
14987
14975
14937
14925
14912
14900
14887
14900
14887
14900
14912
14950
14975
15037
15100
15162
15237
15312
15400
15512
15625
15750
15875
15975
16075
16200
16312
16425
16537
16662
16762
16862
16962
17037
17100
17175
17237
17300
17362
17425
17500
17575
17662
17762
17862
17950
18037
18112
18200
18262
18325
18375
18400
18412
18462
18487
18512
18562
18587
18600
18612
18625
18612
18625
18637
18662
18687
18737
18762
18737
18712
18650
18562
18487
18412
18337
18275
18212
18137
18062
17962
17850
17737
17637
17537
17462
17387
17312
17225
17150
17075
17012
16962
16925
16887
16875
16887
16875
16887
16887
16887
16887
16912
16912
16950
16962
16950
16937
16950
16937
16925
16937
16925
16887
16850
16837
16787
16762
16737
16737
16712
16700
16687
16675
16637
16625
16612
16587
16550
16500
16450
16425
16400
16362
16362
16337
16312
16287
16300
16287
16275
16262
16250
16212
16200
16187
16150
16137
16125
16112
16125
16137
16125
16112
16075
16012
15962
15900
15837
15800
15787
15800
15812
15850
15887
15900
15925
15950
15975
15975
16000
15987
16000
15987
16000
15975
15975
15950
15925
15900
15875
15825
15775
15750
15700
15662
15650
15637
15600
15587
15600
15587
15600
15612
15625
15650
15675
15700
15725
15750
15737
15750
15737
15750
15737
15750
15737
15725
15725
15725
15725
15725
15750
15725
15725
15700
15675
15650
15637
15625
15612
15625
15637
15675
15712
15775
15837
15900
15962
16025
16075
16125
16150
16175
16162
16150
16137
16125
16112
16100
16087
16075
16062
16062
16050
16062
16062
16087
16112
16175
16250
16362
16475
16612
16737
16850
16962
17050
17150
17262
17375
17475
17575
17687
17787
17887
17987
18075
18137
18212
18250
18287
18325
18362
18400
18462
18537
18600
18675
18750
18837
18912
18987
19062
19137
19187
19250
19312
19375
19437
19475
19525
19550
19575
19600
19650
19662
19700
19725
19762
19800
19837
19850
19837
19800
19737
19662
19625
19575
19525
19475
19425
19350
19275
19187
19112
19037
18962
18875
18787
18700
18612
18537
18450
18375
18275
18175
18075
18037
17987
17987
17987
18012
18025
18062
18075
18112
18125
18137
18125
18112
18062
18012
17925
17862
17787
17725
17662
17612
17550
17487
17450
17412
17375
17337
17300
17262
17225
17212
17200
17187
17175
17162
17137
17137
17125
17112
17100
17087
17062
17037
17012
16987
16987
16962
16950
16912
16912
16887
16862
16862
16862
16825
16787
16787
16762
16737
16737
16762
16750
16762
16775
16762
16762
16750
16737
16725
16737
16700
16700
16675
16650
16625
16612
16612
16600
16587
16575
16562
16550
16537
16550
16537
16550
16537
16550
16537
16550
16562
16612
16637
16700
16737
16762
16762
16787
16800
16812
16825
16837
16825
16812
16800
16762
16762
16762
16762
16787
16812
16825
16837
16850
16862
16875
16887
16887
16887
16887
16887
16887
16900
16887
16875
16887
16875
16862
16875
16862
16850
16862
16900
16937
17000
17037
17075
17112
17125
17112
17125
17137
17125
17137
17150
17137
17125
17112
17075
17062
17037
17012
17012
17050
17075
17150
17225
17337
17437
17537
17662
17787
17875
17962
18050
18112
18187
18262
18337
18400
18462
18525
18587
18650
18737
18800
18862
18925
18975
18987
19025
19075
19100
19125
19175
19250
19287
19350
19412
19462
19500
19562
19600
19650
19675
19700
19737
19800
19825
19887
19937
19987
20037
20112
20175
20225
20287
20350
20387
20425
20437
20425
20375
20350
20300
20237
20187
20137
20062
20012
19975
19937
19900
19850
19775
19700
19625
19550
19475
19400
19350
19275
19212
19150
19087
19012
18950
18875
18787
18700
18612
18537
18462
18387
18312
18237
18162
18087
18012
17937
17850
17762
17687
17612
17550
17512
17500
17487
17500
17512
17525
17512
17525
17512
17525
17512
17525
17512
17537
17537
17562
17562
17587
17575
17537
17450
17362
17237
17112
17025
16975
16925
16887
16837
16812
16762
16712
16687
16675
16637
16625
16612
16612
16600
16612
16587
16587
16562
16562
16537
16525
16487
16450
16412
16375
16337
16325
16312
16275
16262
16237
16212
16187
16187
16162
16150
16137
16125
16087
16075
16062
16037
16025
16012
16000
15987
15975
15937
15937
15912
15887
15862
15862
15825
15812
15800
15787
15775
15762
15725
15687
15675
15637
15600
15587
15575
15550
15550
15537
15525
15500
15500
15487
15487
15462
15475
15462
15425
15412
15400
15362
15350
15337
15325
15300
15300
15275
15275
15250
15262
15250
15237
15200
15187
15175
15162
15175
15187
15175
15162
15150
15137
15125
15137
15125
15112
15100
15087
15075
15062
15075
15087
15100
15112
15125
15137
15125
15137
15150
15187
15237
15312
15400
15475
15562
15662
15762
15862
15962
16087
16200
16325
16437
16550
16675
16812
16937
17062
17212
17337
17462
17575
17675
17775
17887
17975
18062
18162
18262
18350
18437
18525
18600
18675
18750
18800
18850
18875
18900
18900
18925
18912
18925
18912
18925
18912
18925
18912
18925
18912
18925
18937
18950
18962
18975
18962
18925
18887
18825
18762
18700
18637
18587
18512
18437
18362
18287
18212
18137
18075
18000
17925
17850
17787
17725
17662
17600
17550
17487
17450
17412
17400
17412
17412
17412
17412
17412
17375
17375
17350
17325
17275
17262
17212
17187
17162
17137
17100
17087
17050
17012
16975
16937
16875
16837
16800
16762
16725
16687
16650
16600
16587
16562
16537
16512
16500
16462
16450
16437
16400
16387
16375
16337
16300
16300
16275
16250
16225
16225
16187
16150
16150
16150
16125
16125
16112
16087
16087
16087
16062
16050
16037
16012
15975
15962
15950
15912
15900
15887
15850
15837
15825
15812
15800
15812
15825
15825
15825
15825
15800
15775
15762
15750
15737
15750
15737
15725
15712
15700
15662
15650
15637
15600
15562
15550
15525
15487
15475
15462
15450
15437
15450
15437
15425
15425
15425
15400
15400
15400
15387
15375
15387
15375
15387
15375
15362
15350
15337
15300
15287
15275
15262
15250
15262
15250
15237
15225
15212
15200
15212
15225
15212
15225
15212
15200
15212
15225
15237
15275
15287
15300
15312
15325
15312
15325
15312
15300
15287
15300
15312
15350
15425
15500
15600
15700
15812
15912
16012
16137
16262
16400
16525
16650
16775
16900
17012
17150
17287
17412
17537
17662
17787
17912
18025
18137
18250
18362
18475
18562
18675
18787
18900
19000
19100
19175
19250
19312
19375
19437
19500
19562
19625
19675
19750
19825
19900
19975
20050
20112
20175
20225
20287
20350
20412
20475
20537
20575
20612
20625
20637
20662
20687
20712
20750
20775
20787
20800
20812
20800
20787
20775
20762
20737
20700
20650
20575
20500
20425
20350
20287
20225
20175
20100
20025
19950
19875
19800
19737
19675
19625
19562
19525
19512
19525
19562
19625
19675
19737
19775
19825
19850
19875
19875
19900
19887
19875
19837
19800
19737
19712
19700
19675
19675
19675
19637
19625
19612
19600
19587
19600
19587
19575
19562
19550
19512
19475
19437
19400
19362
19350
19337
19350
19362
19375
19387
19400
19387
19375
19362
19325
19287
19275
19237
19237
19225
19212
19200
19187
19175
19187
19200
19212
19225
19237
19225
19212
19200
19187
19175
19162
19150
19137
19125
19112
19125
19137
19150
19187
19200
19212
19225
19212
19175
19137
19075
19037
18987
18937
18912
18887
18837
18825
18800
18775
18750
18725
18700
18687
18662
18650
18637
18625
18612
18625
18612
18625
18637
18650
18662
18687
18725
18762
18825
18862
18900
18937
18975
18987
19025
19037
19025
18987
18950
18912
18875
18837
18800
18787
18737
18675
18637
18600
18550
18500
18487
18450
18437
18425
18437
18450
18462
18450
18462
18450
18437
18425
18437
18425
18437
18425
18437
18450
18462
18475
18512
18550
18587
18637
18712
18800
18887
18987
19087
19212
19350
19500
19637
19787
19912
20025
20125
20200
20300
20412
20525
20625
20762
20875
20975
21062
21162
21225
21300
21375
21412
21412
21425
21412
21400
21400
21425
21412
21400
21387
21375
21362
21350
21337
21325
21312
21312
21312
21325
21337
21387
21412
21412
21437
21437
21425
21437
21450
21462
21475
21487
21475
21462
21450
21425
21375
21325
21262
21175
21087
20987
20887
20787
20700
20625
20550
20462
20375
20287
20187
20100
20012
19925
19837
19762
19687
19625
19587
19537
19487
19437
19387
19312
19250
19187
19137
19075
19012
18950
18887
18825
18762
18687
18612
18550
18475
18400
18337
18262
18187
18100
18025
17925
17825
17712
17612
17500
17400
17300
17212
17112
17037
16962
16887
16800
16725
16650
16575
16537
16487
16437
16412
16387
16337
16300
16262
16200
16162
16125
16087
16075
16062
16062
16050
16062
16050
16062
16100
16162
16225
16287
16337
16350
16362
16350
16337
16300
16262
16225
16187
16150
16137
16150
16125
16100
16100
16075
16037
16000
16000
15975
15950
15925
15925
15912
15900
15887
15875
15862
15825
15812
15800
15787
15750
15737
15700
15662
15625
15612
15575
15575
15562
15550
15537
15525
15487
15475
15462
15450
15437
15425
15412
15400
15362
15325
15312
15300
15287
15275
15287
15275
15237
15225
15237
15225
15212
15237
15225
15212
15200
15187
15162
15150
15112
15100
15087
15075
15062
15050
15037
15025
15025
15012
15025
15012
15000
14987
15000
14987
14975
14987
14975
14962
14950
14962
14975
14987
15000
15025
15062
15075
15137
15200
15275
15362
15462
15575
15700
15812
15912
16025
16137
16237
16350
16462
16600
16712
16837
16962
17062
17175
17287
17387
17475
17550
17600
17662
17725
17787
17850
17912
17950
18000
18025
18050
18075
18125
18162
18212
18262
18287
18325
18325
18350
18375
18425
18462
18500
18537
18575
18587
18600
18612
18625
18612
18625
18612
18625
18612
18600
18587
18575
18525
18500
18475
18425
18375
18337
18275
18212
18150
18100
18012
17925
17837
17750
17662
17600
17550
17487
17425
17362
17300
17262
17212
17187
17162
17162
17150
17137
17125
17112
17100
17075
17050
17025
17000
16950
16912
16875
16837
16800
16762
16750
16737
16700
16662
16625
16562
16512
16450
16412
16375
16337
16300
16287
16237
16212
16187
16187
16162
16175
16162
16150
16137
16125
16087
16075
16062
16062
16050
16037
16000
15987
15950
15912
15875
15875
15850
15850
15850
15850
15812
15800
15762
15725
15725
15712
15700
15687
15700
15675
15662
15625
15612
15575
15575
15562
15575
15562
15575
15562
15575
15562
15550
15537
15525
15487
15475
15462
15425
15412
15400
15362
15350
15362
15337
15337
15337
15337
15312
15300
15300
15300
15275
15275
15275
15262
15275
15287
15275
15287
15262
15237
15212
15212
15187
15200
15187
15175
15162
15150
15112
15100
15087
15075
15062
15075
15062
15075
15062
15075
15062
15050
15037
15050
15025
15025
15050
15075
15100
15162
15225
15300
15375
15450
15537
15637
15737
15850
15950
16075
16200
16325
16437
16562
16687
16800
16900
17000
17087
17175
17262
17362
17462
17537
17637
17737
17825
17900
17987
18062
18137
18237
18337
18425
18525
18600
18675
18750
18825
18887
18950
19012
19075
19112
19150
19187
19212
19225
19262
19275
19287
19275
19287
19275
19287
19275
19287
19275
19287
19275
19287
19275
19262
19250
19237
19237
19225
19212
19200
19187
19150
19112
19075
19012
18950
18887
18825
18762
18687
18612
18550
18462
18362
18275
18187
18100
18012
17925
17837
17750
17650
17575
17500
17437
17362
17325
17287
17287
17262
17275
17262
17250
17237
17225
17225
17225
17250
17250
17275
17262
17275
17262
17275
17287
17300
17312
17325
17312
17275
17237
17200
17162
17137
17125
17112
17100
17087
17100
17087
17100
17087
17112
17112
17137
17137
17162
17150
17162
17175
17225
17275
17350
17425
17487
17550
17600
17637
17675
17687
17700
17712
17750
17762
17800
17837
17875
17912
17975
18037
18100
18150
18187
18225
18262
18275
18287
18300
18312
18300
18312
18300
18325
18312
18337
18337
18362
18350
18375
18387
18400
18412
18425
18412
18362
18337
18312
18287
18262
18275
18287
18275
18287
18325
18337
18325
18337
18325
18312
18325
18337
18325
18312
18300
18262
18225
18187
18175
18150
18100
18075
18050
18025
18000
18012
17987
17962
17937
17912
17862
17825
17812
17800
17812
17850
17887
17925
17937
17962
17962
17987
17987
18012
18000
18012
18000
18025
18025
18025
18000
17975
17912
17875
17837
17825
17812
17825
17837
17875
17925
17975
18037
18100
18175
18262
18400
18537
18675
18800
18912
19012
19100
19175
19262
19350
19425
19512
19587
19662
19762
19862
19950
20037
20087
20125
20162
20175
20187
20200
20187
20150
20137
20100
20062
20050
20037
20000
19987
19962
19937
19900
19862
19787
19750
19687
19650
19625
19612
19575
19537
19500
19462
19425
19387
19337
19312
19262
19237
19225
19212
19200
19187
19150
19112
19075
19037
19000
18962
18925
18887
18850
18800
18775
18775
18775
18750
18737
18675
18587
18512
18425
18312
18250
18175
18087
18012
17950
17862
17812
17775
17762
17737
17737
17712
17687
17662
17675
17662
17650
17662
17650
17625
17612
17600
17587
17575
17562
17525
17512
17475
17437
17400
17387
17350
17312
17275
17237
17200
17150
17137
17112
17087
17062
17050
17012
16975
16937
16875
16837
16800
16762
16750
16737
16700
16687
16675
16662
16650
16637
16625
16612
16587
16537
16512
16462
16437
16412
16400
16387
16375
16362
16350
16362
16337
16337
16312
16312
16287
16275
16262
16250
16237
16225
16212
16175
16137
16100
16062
16062
16050
16062
16050
16037
16025
16012
16000
15987
15975
15962
15950
15937
15925
15912
15900
15887
15850
15812
15800
15787
15775
15762
15775
15762
15725
15712
15700
15687
15675
15687
15675
15687
15675
15662
15650
15637
15625
15612
15625
15612
15600
15587
15575
15550
15512
15500
15462
15450
15437
15425
15412
15400
15400
15400
15400
15400
15400
15387
15400
15412
15400
15412
15400
15387
15400
15412
15425
15462
15500
15537
15612
15700
15800
15900
15987
16087
16212
16325
16437
16550
16675
16775
16887
17000
17137
17262
17387
17500
17587
17675
17762
17850
17937
18012
18087
18150
18212
18275
18350
18400
18450
18500
18550
18587
18637
18675
18725
18750
18775
18800
18825
18850
18900
18925
18950
18975
18987
19000
19037
19050
19100
19125
19150
19150
19175
19162
19175
19162
19175
19162
19150
19137
19112
19062
19012
18962
18887
18825
18762
18687
18600
18525
18437
18350
18262
18175
18075
18012
17937
17875
17812
17762
17687
17612
17575
17537
17500
17487
17475
17462
17450
17462
17450
17437
17425
17412
17400
17387
17400
17387
17375
17362
17350
17337
17325
17312
17300
17287
17250
17212
17175
17100
17062
17012
16962
16950
16950
16925
16900
16862
16812
16762
16737
16712
16700
16687
16675
16637
16625
16600
16562
16537
16512
16487
16475
16462
16450
16437
16400
16387
16375
16337
16325
16312
16275
16237
16200
16175
16150
16125
16125
16125
16112
16100
16087
16075
16062
16062
16050
16037
16025
16012
16000
15987
15975
15937
15925
15887
15850
15812
15800
15762
15750
15737
15750
15737
15725
15712
15700
15687
15675
15687
15675
15662
15650
15637
15600
15587
15575
15550
15537
15525
15512
15500
15512
15500
15475
15450
15450
15425
15400
15412
15400
15362
15350
15337
15325
15312
15300
15287
15275
15237
15225
15212
15200
15212
15225
15212
15237
15237
15237
15225
15237
15212
15212
15187
15212
15200
15212
15237
15262
15287
15350
15412
15462
15550
15637
15725
15825
15912
16012
16125
16250
16362
16475
16600
16712
16812
16937
17037
17150
17275
17400
17500
17575
17675
17750
17825
17912
18000
18050
18100
18150
18175
18212
18275
18312
18362
18387
18412
18437
18462
18475
18487
18500
18512
18525
18537
18575
18587
18612
18625
18637
18625
18612
18562
18525
18462
18387
18312
18237
18162
18087
18000
17912
17825
17737
17662
17587
17525
17475
17412
17350
17300
17250
17175
17137
17112
17075
17037
17000
16962
16925
16887
16850
16812
16775
16725
16675
16625
16600
16550
16525
16500
16500
16462
16462
16437
16412
16387
16375
16337
16325
16312
16262
16237
16212
16187
16150
16150
16125
16100
16075
16050
16050
16037
16025
16012
16012
15975
15962
15950
15912
15900
15887
15875
15862
15850
15837
15825
15787
15750
15712
15675
15637
15600
15587
15575
15575
15562
15575
15562
15575
15550
15525
15500
15500
15475
15462
15475
15462
15425
15387
15350
15312
15262
15237
15212
15212
15187
15200
15187
15175
15162
15150
15137
15150
15162
15150
15162
15150
15137
15125
15137
15125
15112
15100
15087
15075
15062
15087
15087
15087
15087
15087
15050
15037
15025
15025
15012
15025
15012
15000
14987
14975
14962
14950
14962
14950
14962
14950
14962
14950
14962
14975
15000
15050
15100
15162
15237
15325
15400
15525
15637
15762
15875
16000
16125
16262
16387
16500
16612
16737
16850
16962
17075
17187
17287
17362
17412
17462
17512
17550
17600
17662
17725
17787
17850
17912
17975
18037
18100
18150
18187
18225
18262
18275
18287
18300
18312
18325
18337
18350
18387
18400
18412
18450
18450
18450
18450
18425
18375
18325
18275
18225
18175
18137
18100
18037
17962
17887
17812
17725
17662
17612
17562
17500
17450
17375
17300
17237
17175
17137
17112
17100
17087
17075
17062
17050
17037
17025
17012
17000
17012
17000
17012
17025
17012
17000
16987
16950
16912
16875
16837
16800
16762
16725
16687
16625
16600
16575
16537
16525
16512
16462
16425
16412
16375
16337
16300
16287
16250
16212
16175
16162
16125
16112
16100
16087
16075
16062
16037
16025
16012
15975
15962
15950
15912
15900
15887
15875
15862
15875
15862
15875
15862
15850
15837
15825
15812
15800
15812
15800
15787
15775
15787
15762
15762
15762
15762
15725
15700
15687
15675
15637
15612
15612
15575
15575
15562
15575
15562
15575
15562
15550
15537
15525
15487
15475
15462
15425
15412
15400
15387
15375
15362
15350
15325
15300
15275
15275
15250
15262
15250
15237
15225
15212
15200
15187
15200
15187
15200
15187
15175
15162
15137
15112
15087
15087
15087
15087
15087
15087
15062
15037
15050
15037
15025
15037
15012
15000
15000
15000
15000
15012
15025
15012
15025
15025
15062
15100
15162
15212
15300
15387
15475
15587
15700
15800
15900
16012
16125
16250
16387
16500
16625
16750
16862
16975
17062
17162
17250
17337
17412
17500
17562
17637
17712
17787
17850
17925
18000
18075
18137
18212
18275
18350
18400
18450
18500
18550
18562
18600
18637
18650
18662
18687
18725
18737
18775
18787
18800
18812
18825
18837
18850
18862
18875
18887
18900
18912
18925
18912
18900
18900
18887
18875
18862
18850
18800
18762
18700
18637
18587
18525
18462
18400
18325
18237
18137
18037
17937
17837
17750
17675
17625
17587
17537
17487
17437
17362
17300
17262
17225
17187
17175
17162
17162
17150
17162
17150
17162
17150
17137
17125
17112
17075
17062
17037
17012
16987
16950
16912
16887
16837
16787
16750
16687
16650
16612
16587
16575
16562
16525
16487
16450
16412
16375
16325
16300
16275
16225
16175
16162
16125
16087
16075
16062
16037
16025
16012
16000
15987
16000
15987
15975
15962
15950
15937
15925
15912
15900
15887
15875
15850
15850
15825
15825
15800
15787
15775
15750
15725
15700
15675
15650
15637
15600
15587
15575
15550
15537
15525
15487
15475
15462
15450
15437
15450
15437
15425
15412
15425
15412
15400
15412
15400
15362
15350
15337
15325
15312
15325
15300
15300
15275
15250
15225
15212
15200
15187
15175
15162
15150
15137
15125
15112
15112
15112
15087
15087
15087
15050
15037
15050
15037
15050
15062
15050
15050
15050
15025
15025
15050
15037
15050
15087
15125
15162
15225
15287
15362
15437
15537
15637
15762
15875
16000
16137
16275
16400
16525
16650
16762
16887
16987
17087
17187
17287
17387
17487
17575
17675
17762
17850
17937
18025
18100
18187
18262
18350
18425
18500
18575
18650
18725
18800
18875
18925
18962
19000
19012
19025
19062
19075
19100
19125
19150
19175
19212
19225
19262
19300
19312
19325
19362
19400
19412
19425
19412
19400
19362
19325
19287
19250
19187
19162
19125
19087
19037
18987
18912
18837
18762
18700
18637
18587
18512
18437
18362
18275
18187
18100
18025
17937
17850
17762
17687
17637
17600
17562
17525
17512
17475
17437
17425
17412
17400
17387
17400
17387
17375
17362
17350
17337
17325
17312
17300
17287
17250
17250
17250
17225
17225
17250
17237
17225
17237
17250
17237
17250
17262
17275
17287
17325
17337
17375
17387
17400
17412
17425
17450
17462
17475
17462
17450
17425
17412
17375
17362
17350
17337
17325
17337
17325
17312
17312
17300
17287
17300
17312
17312
17350
17387
17437
17487
17537
17587
17625
17662
17700
17737
17750
17762
17737
17737
17712
17712
17687
17675
17662
17650
17650
17637
17650
17650
17662
17675
17712
17750
17787
17825
17837
17825
17812
17775
17762
17750
17725
17700
17675
17625
17587
17550
17487
17412
17362
17312
17262
17212
17175
17137
17112
17100
17087
17075
17075
17075
17075
17075
17100
17087
17112
17112
17137
17137
17162
17162
17200
17237
17300
17362
17400
17437
17450
17437
17400
17387
17350
17337
17325
17337
17325
17337
17325
17350
17337
17350
17362
17412
17450
17525
17637
17762
17900
18037
18187
18350
18500
18637
18800
18962
19075
19212
19325
19425
19525
19637
19762
19887
20000
20087
20175
20225
20287
20350
20412
20450
20487
20525
20537
20550
20562
20575
20587
20625
20662
20712
20775
20837
20900
20962
21037
21112
21187
21250
21325
21387
21425
21462
21475
21487
21475
21487
21475
21487
21475
21462
21425
21412
21375
21337
21300
21250
21187
21112
21037
20962
20900
20837
20762
20675
20600
20512
20425
20337
20262
20187
20125
20050
20012
19975
19962
19950
19937
19925
19937
19925
19937
19950
19937
19925
19912
19875
19837
19800
19737
19675
19625
19562
19500
19437
19375
19337
19300
19262
19225
19187
19137
19075
19012
18950
18887
18825
18787
18775
18762
18775
18812
18825
18837
18850
18862
18875
18887
18875
18887
18875
18837
18825
18812
18800
18787
18775
18737
18725
18687
18662
18625
18587
18525
18462
18400
18337
18275
18212
18150
18100
18025
17987
17937
17887
17837
17800
17750
17712
17700
17687
17675
17637
17625
17600
17587
17575
17562
17550
17562
17550
17537
17525
17512
17475
17437
17400
17362
17300
17237
17175
17112
17062
17000
16962
16925
16887
16837
16775
16712
16650
16587
16537
16487
16412
16337
16262
16200
16162
16125
16087
16050
16037
16012
15975
15937
15925
15887
15850
15812
15775
15737
15700
15662
15650
15662
15637
15612
15612
15575
15562
15562
15612
15637
15675
15700
15700
15687
15675
15662
15625
15587
15525
15475
15437
15400
15400
15387
15400
15412
15412
15375
15387
15375
15362
15387
15412
15400
15412
15425
15450
15475
15525
15587
15650
15700
15787
15875
15962
16075
16200
16325
16437
16550
16675
16812
16950
17075
17212
17350
17462
17562
17675
17762
17850
17937
18012
18087
18175
18225
18275
18337
18387
18437
18512
18587
18650
18725
18800
18875
18950
19012
19075
19137
19187
19250
19312
19375
19437
19500
19562
19625
19662
19700
19725
19750
19775
19800
19812
19850
19887
19900
19937
19950
19975
20000
20050
20075
20125
20162
20175
20162
20175
20162
20125
20087
20037
19950
19862
19775
19675
19600
19525
19450
19362
19287
19200
19100
19012
18925
18837
18737
18650
18562
18487
18387
18312
18225
18162
18100
18037
18000
17975
17925
17912
17900
17887
17875
17887
17862
17862
17837
17837
17812
17825
17812
17800
17787
17762
17737
17712
17687
17637
17625
17600
17562
17525
17487
17412
17337
17287
17237
17212
17200
17187
17150
17137
17112
17075
17062
17050
17012
16975
16962
16925
16887
16850
16837
16800
16762
16725
16712
16675
16637
16625
16612
16612
16600
16587
16575
16587
16575
16562
16550
16537
16500
16462
16450
16437
16400
16387
16375
16362
16350
16325
16300
16275
16250
16225
16237
16225
16212
16200
16187
16150
16137
16125
16112
16100
16087
16075
16062
16062
16050
16037
16025
16012
16000
15987
16000
15987
15975
15937
15925
15912
15900
15912
15912
15912
15875
15862
15850
15850
15825
15837
15825
15812
15800
15812
15800
15787
15775
15762
15750
15737
15725
15712
15700
15687
15675
15662
15650
15637
15600
15587
15600
15575
15575
15575
15575
15562
15575
15562
15550
15537
15525
15512
15500
15487
15475
15462
15425
15425
15425
15400
15412
15425
15437
15475
15562
15650
15762
15875
15987
16112
16225
16350
16450
16575
16675
16800
16925
17025
17137
17262
17362
17462
17550
17650
17737
17837
17925
18012
18087
18150
18225
18300
18387
18475
18562
18650
18737
18825
18912
18987
19062
19137
19212
19287
19362
19437
19475
19512
19550
19587
19625
19675
19712
19762
19787
19787
19800
19812
19825
19837
19875
19875
19900
19912
19950
19962
20000
20037
20037
20050
20062
20050
20037
20062
20050
20037
20025
19987
19950
19912
19875
19825
19775
19700
19625
19550
19500
19437
19375
19300
19237
19150
19075
18975
18887
18787
18687
18600
18537
18462
18400
18325
18250
18175
18100
18037
17975
17937
17887
17862
17837
17812
17787
17775
17737
17725
17712
17700
17687
17700
17687
17675
17625
17600
17562
17512
17487
17475
17437
17400
17362
17325
17287
17250
17237
17225
17175
17150
17125
17087
17037
17025
16987
16987
16975
16962
16925
16912
16862
16825
16812
16800
16787
16775
16762
16725
16712
16675
16662
16650
16637
16625
16612
16612
16612
16625
16612
16625
16612
16612
16600
16612
16600
16612
16600
16612
16587
16587
16562
16537
16512
16500
16462
16425
16412
16375
16362
16350
16337
16325
16312
16300
16287
16275
16262
16250
16212
16200
16175
16150
16125
16100
16050
16037
16012
15975
15962
15937
15925
15912
15925
15912
15912
15900
15887
15875
15850
15850
15825
15825
15800
15787
15775
15787
15762
15762
15762
15737
15725
15712
15700
15687
15700
15675
15662
15650
15637
15625
15612
15625
15612
15600
15587
15575
15575
15562
15550
15537
15525
15512
15500
15487
15475
15462
15425
15412
15400
15400
15400
15400
15400
15425
15412
15425
15462
15500
15525
15587
15650
15725
15812
15900
16012
16125
16262
16387
16500
16625
16750
16850
16962
17075
17200
17325
17437
17525
17612
17700
17787
17887
17987
18075
18162
18262
18362
18475
18562
18662
18775
18850
18925
19000
19075
19125
19187
19250
19312
19375
19437
19475
19525
19575
19600
19625
19675
19700
19712
19750
19787
19825
19837
19875
19912
19950
19950
19975
20000
20000
19975
19962
19925
19862
19800
19762
19725
19700
19650
19600
19525
19450
19375
19312
19237
19162
19100
19025
18937
18862
18787
18700
18612
18537
18450
18362
18287
18200
18125
18062
17987
17912
17875
17837
17825
17812
17825
17812
17800
17787
17800
17775
17775
17775
17775
17750
17737
17725
17712
17675
17662
17650
17625
17587
17550
17512
17475
17437
17400
17362
17325
17287
17250
17212
17212
17175
17162
17150
17137
17100
17087
17050
17012
16975
16937
16875
16837
16800
16762
16725
16712
16675
16637
16625
16612
16587
16575
16562
16550
16537
16525
16487
16487
16462
16437
16412
16412
16375
16337
16300
16262
16225
16187
16150
16137
16125
16112
16100
16112
16100
16087
16075
16062
16037
16000
15987
15950
15912
15900
15887
15850
15837
15825
15812
15800
15812
15800
15787
15775
15762
15750
15737
15750
15737
15725
15712
15700
15687
15675
15662
15650
15637
15625
15612
15625
15637
15637
15612
15612
15587
15575
15562
15575
15550
15550
15525
15525
15487
15487
15462
15462
15437
15425
15425
15425
15400
15400
15400
15387
15362
15362
15362
15362
15362
15362
15362
15362
15362
15337
15350
15337
15325
15337
15375
15412
15475
15537
15625
15712
15812
15912
16037
16162
16287
16412
16525
16650
16775
16912
17037
17175
17300
17412
17512
17625
17737
17850
17975
18075
18175
18275
18362
18437
18525
18612
18700
18800
18900
19000
19087
19187
19275
19375
19462
19537
19612
19662
19700
19725
19762
19800
19875
19937
20025
20100
20175
20225
20287
20350
20412
20450
20487
20500
20512
20525
20537
20525
20512
20475
20412
20350
20287
20225
20162
20087
20012
19937
19850
19762
19675
19587
19512
19425
19350
19262
19162
19075
18987
18900
18825
18750
18700
18650
18612
18562
18525
18462
18437
18412
18412
18437
18462
18450
18475
18475
18450
18450
18450
18412
18375
18337
18300
18250
18225
18200
18175
18137
18100
18025
17975
17925
17875
17850
17837
17800
17762
17725
17687
17650
17650
17637
17625
17587
17575
17537
17525
17512
17537
17537
17525
17525
17525
17487
17475
17500
17487
17500
17512
17500
17462
17450
17412
17375
17337
17325
17287
17275
17262
17275
17262
17250
17237
17250
17262
17275
17287
17275
17225
17187
17137
17125
17100
17087
17075
17062
17050
17062
17075
17075
17112
17125
17137
17162
17175
17162
17175
17162
17162
17150
17162
17150
17162
17162
17200
17200
17225
17250
17275
17275
17312
17325
17337
17325
17337
17325
17337
17312
17312
17275
17237
17175
17125
17100
17075
17050
17050
17050
17037
17050
17087
17100
17137
17150
17162
17162
17200
17237
17300
17337
17375
17412
17425
17437
17450
17437
17437
17462
17450
17475
17500
17512
17500
17525
17512
17525
17512
17525
17537
17575
17612
17687
17762
17850
17937
18037
18162
18312
18450
18575
18675
18787
18875
18962
19050
19137
19212
19287
19362
19437
19500
19562
19600
19637
19650
19637
19600
19562
19500
19437
19400
19362
19325
19287
19275
19237
19212
19175
19162
19150
19162
19187
19250
19287
19325
19337
19350
19362
19375
19362
19375
19362
19325
19287
19275
19237
19212
19175
19137
19062
18987
18912
18812
18712
18587
18475
18325
18187
18050
17950
17837
17750
17662
17575
17512
17437
17362
17287
17237
17187
17137
17125
17112
17100
17087
17100
17087
17100
17087
17075
17037
17025
16975
16925
16875
16825
16750
16687
16650
16612
16612
16600
16612
16600
16587
16575
16562
16525
16512
16500
16462
16450
16437
16425
16412
16425
16412
16400
16387
16375
16362
16350
16337
16325
16312
16300
16287
16275
16262
16250
16237
16225
16212
16200
16187
16175
16150
16150
16125
16125
16100
16087
16075
16062
16037
16025
16012
15975
15962
15950
15912
15912
15912
15887
15862
15862
15825
15787
15775
15762
15725
15712
15700
15687
15675
15662
15650
15625
15600
15575
15550
15537
15512
15487
15462
15462
15437
15450
15437
15425
15412
15400
15387
15375
15387
15375
15387
15375
15362
15362
15350
15337
15362
15387
15400
15450
15500
15512
15550
15562
15575
15575
15587
15600
15637
15650
15637
15662
15662
15662
15662
15687
15675
15687
15700
15737
15775
15812
15850
15862
15875
15887
15925
15937
15975
16012
16037
16075
16137
16200
16262
16337
16425
16512
16637
16775
16912
17037
17175
17287
17400
17500
17600
17700
17812
17912
18012
18112
18225
18325
18400
18475
18512
18550
18587
18637
18700
18762
18825
18887
18950
19025
19100
19162
19212
19262
19300
19312
19325
19337
19350
19362
19400
19437
19475
19512
19525
19537
19525
19537
19525
19537
19512
19512
19487
19450
19375
19312
19225
19137
19075
19000
18925
18850
18775
18700
18637
18587
18525
18462
18400
18337
18312
18275
18275
18262
18275
18237
18237
18225
18250
18250
18262
18275
18262
18225
18187
18175
18150
18112
18100
18087
18050
18012
18000
17962
17925
17875
17850
17825
17800
17775
17762
17725
17687
17650
17625
17587
17575
17525
17475
17450
17425
17400
17387
17375
17362
17350
17312
17300
17287
17275
17250
17262
17237
17237
17212
17225
17200
17187
17175
17187
17175
17187
17187
17187
17162
17162
17162
17162
17162
17162
17137
17100
17087
17050
17012
16975
16937
16875
16812
16775
16737
16700
16662
16625
16587
16562
16525
16487
16450
16387
16325
16262
16187
16112
16037
15987
15950
15912
15900
15887
15850
15837
15825
15787
15775
15762
15750
15737
15750
15737
15750
15737
15750
15762
15775
15787
15787
15787
15762
15762
15737
15725
15712
15687
15662
15637
15612
15562
15525
15475
15437
15400
15350
15325
15287
15262
15237
15212
15162
15150
15100
15050
15037
15012
15012
15000
15012
15000
15000
14987
14975
14962
14937
14937
14912
14912
14887
14900
14887
14900
14887
14900
14887
14875
14837
14825
14787
14775
14750
14750
14725
14700
14675
14662
14650
14637
14650
14662
14675
14700
14750
14800
14850
14925
15012
15100
15225
15350
15462
15587
15725
15837
15962
16087
16200
16312
16425
16512
16612
16725
16825
16912
16987
17062
17112
17150
17187
17225
17262
17300
17337
17375
17387
17400
17387
17400
17387
17400
17387
17375
17362
17375
17350
17325
17300
17275
17225
17175
17150
17125
17112
17075
17050
17000
16950
16875
16812
16750
16687
16625
16562
16512
16450
16387
16350
16312
16275
16275
16275
16250
16250
16250
16212
16200
16187
16175
16150
16125
16112
16087
16037
16000
15962
15900
15837
15775
15737
15700
15662
15662
15662
15637
15612
15587
15550
15525
15487
15450
15437
15400
15362
15350
15337
15300
15287
15275
15237
15237
15237
15212
15212
15200
15187
15175
15162
15150
15150
15137
15125
15137
15125
15137
15125
15112
15100
15087
15075
15062
15050
15050
15050
15025
15025
15025
15025
15012
15025
15012
15000
14962
14950
14912
14900
14912
14912
14912
14900
14900
14875
14862
14850
14850
14837
14825
14812
14800
14812
14800
14787
14800
14787
14750
14737
14750
14737
14725
14737
14725
14712
14700
14712
14700
14712
14700
14712
14700
14687
14675
14662
14650
14662
14662
14662
14662
14637
14612
14625
14612
14625
14637
14650
14637
14650
14637
14625
14612
14625
14612
14600
14612
14625
14637
14675
14737
14800
14875
14937
15037
15150
15262
15375
15475
15575
15675
15787
15887
15987
16100
16225
16337
16450
16562
16675
16762
16850
16937
17000
17062
17137
17212
17262
17312
17362
17412
17462
17537
17600
17662
17725
17800
17850
17900
17925
17950
17962
17975
17987
18000
18012
18025
18025
18025
18050
18050
18025
18012
17975
17937
17900
17862
17850
17825
17775
17750
17725
17675
17637
17600
17550
17487
17425
17387
17337
17287
17237
17187
17112
17062
17000
16962
16925
16887
16850
16812
16775
16737
16700
16687
16700
16675
16675
16675
16675
16650
16637
16600
16587
16562
16525
16512
16487
16462
16437
16400
16362
16362
16337
16312
16300
16262
16200
16137
16100
16062
16037
16025
16000
15975
15950
15925
15875
15862
15825
15787
15775
15750
15737
15725
15712
15700
15687
15662
15637
15637
15612
15600
15587
15575
15550
15537
15525
15512
15500
15487
15475
15462
15450
15437
15425
15412
15400
15362
15350
15337
15325
15337
15350
15337
15325
15312
15275
15262
15250
15237
