3808.0891
3807.3685
3805.8829
3803.6322
3800.6166
3796.8359
3793.0190
3789.1658
3785.2763
3781.3505
3777.3884
3773.3901
3769.3555
3765.2845
3761.9665
3759.4013
3757.5889
3756.5294
3756.2228
3756.6690
3757.8681
3759.8200
3761.4397
3762.7271
3763.6823
3764.3053
3764.5960
3764.5545
3764.1807
3763.4747
3762.8894
3762.4247
3762.0807
3761.8574
3761.7547
3761.7727
3761.9113
3762.1707
3762.2313
3762.0933
3761.7566
3761.2213
3760.4873
3759.5546
3758.4233
3757.0933
3759.3698
3765.2526
3774.7419
3787.8376
3804.5397
3824.8482
3848.7631
3876.2845
3903.0555
3929.0761
3954.3463
3978.8662
4002.6357
4025.6548
4047.9235
4069.4419
4087.4614
4101.9818
4113.0034
4120.5259
4124.5495
4125.0742
4122.0999
4115.6266
4109.9874
4105.1822
4101.2111
4098.0740
4095.7709
4094.3018
4093.6668
4093.8658
4093.8324
4093.5667
4093.0685
4092.3380
4091.3750
4090.1797
4088.7520
4087.0919
4084.8218
4081.9418
4078.4519
4074.3520
4069.6421
4064.3223
4058.3926
4051.8529
4043.0584
4032.0091
4018.7049
4003.1458
3985.3320
3965.2632
3942.9397
3918.3612
3897.8616
3881.4407
3869.0986
3860.8352
3856.6507
3856.5448
3860.5178
3868.5695
3874.6504
3878.7605
3880.8999
3881.0684
3879.2661
3875.4930
3869.7492
3862.0345
3854.8503
3848.1967
3842.0735
3836.4808
3831.4187
3826.8871
3822.8859
3819.4153
3815.8631
3812.2293
3808.5139
3804.7169
3800.8383
3796.8782
3792.8365
3788.7131
3785.2413
3782.4210
3780.2523
3778.7350
3777.8693
3777.6550
3778.0923
3779.1811
3780.3179
3781.5027
3782.7355
3784.0163
3785.3451
3786.7219
3788.1468
3789.6196
3790.3099
3790.2178
3789.3432
3787.6861
3785.2466
3782.0246
3778.0201
3773.2331
3768.6787
3764.3567
3760.2671
3756.4101
3752.7855
3749.3934
3746.2338
3743.3066
3740.6574
3738.2861
3736.1928
3734.3774
3732.8400
3731.5806
3730.5991
3729.8956
3729.8437
3730.4435
3731.6950
3733.5982
3736.1531
3739.3597
3743.2180
3747.7279
3751.3029
3753.9428
3755.6478
3756.4178
3756.2528
3755.1528
3753.1178
3750.1478
3746.7522
3742.9310
3738.6842
3734.0118
3728.9139
3723.3903
3717.4412
3711.0665
3709.7941
3713.6240
3722.5564
3736.5910
3755.7281
3779.9674
3809.3092
3843.7533
3876.7058
3908.1667
3938.1361
3966.6140
3993.6002
4019.0949
4043.0981
4065.6096
4085.6666
4103.2688
4118.4164
4131.1094
4141.3476
4149.1313
4154.4602
4157.3345
4158.1056
4156.7735
4153.3382
4147.7996
4140.1578
4130.4128
4118.5646
4104.6132
4092.0470
4080.8660
4071.0703
4062.6598
4055.6346
4049.9946
4045.7398
4042.8703
4040.7352
4039.3346
4038.6684
4038.7368
4039.5395
4041.0767
4043.3484
4046.3545
4046.7768
4044.6151
4039.8696
4032.5401
4022.6268
4010.1296
3995.0485
3977.3835
3960.8672
3945.4996
3931.2807
3918.2104
3906.2889
3895.5160
3885.8918
3877.4164
3870.3754
3864.7689
3860.5969
3857.8594
3856.5565
3856.6880
3858.2540
3861.2546
3862.7651
3862.7855
3861.3159
3858.3563
3853.9066
3847.9668
3840.5370
3831.6172
3823.9722
3817.6020
3812.5067
3808.6862
3806.1405
3804.8697
3804.8736
3806.1525
3807.0053
3807.4320
3807.4328
3807.0075
3806.1562
3804.8789
3803.1756
3801.0462
3798.3857
3795.1940
3791.4712
3787.2172
3782.4320
3777.1157
3771.2682
3764.8896
3759.0519
3753.7551
3748.9993
3744.7844
3741.1104
3737.9774
3735.3853
3733.3341
3731.4951
3729.8683
3728.4536
3727.2511
3726.2608
3725.4826
3724.9165
3724.5627
3723.3975
3721.4210
3718.6331
3715.0340
3710.6235
3705.4017
3699.3685
3692.5241
3686.6009
3681.5992
3677.5188
3674.3597
3672.1220
3670.8056
3670.4106
3670.9369
3671.7632
3672.8895
3674.3158
3676.0421
3678.0683
3680.3946
3683.0208
3685.9471
3686.9352
3685.9851
3683.0970
3678.2707
3671.5062
3662.8037
3652.1630
3639.5841
3632.2498
3630.1600
3633.3146
3641.7138
3655.3575
3674.2456
3698.3783
3727.7554
3755.7546
3782.3757
3807.6187
3831.4837
3853.9707
3875.0797
3894.8106
3913.1635
3930.4834
3946.7702
3962.0239
3976.2446
3989.4322
4001.5868
4012.7084
4022.7968
4031.1414
4037.7422
4042.5990
4045.7119
4047.0810
4046.7062
4044.5875
4040.7249
4037.0799
4033.6526
4030.4428
4027.4507
4024.6763
4022.1194
4019.7802
4017.6585
4013.3331
4006.8037
3998.0705
3987.1334
3973.9925
3958.6477
3941.0990
3921.3465
3903.7632
3888.3490
3875.1041
3864.0284
3855.1219
3848.3846
3843.8165
3841.4177
3839.2791
3837.4010
3835.7832
3834.4258
3833.3287
3832.4920
3831.9157
3831.5997
3831.5408
3831.7390
3832.1942
3832.9065
3833.8759
3835.1023
3836.5858
3838.3264
3838.9186
3838.3625
3836.6581
3833.8053
3829.8042
3824.6547
3818.3570
3810.9108
3804.3293
3798.6123
3793.7600
3789.7722
3786.6490
3784.3904
3782.9964
3782.4670
3781.7506
3780.8472
3779.7569
3778.4796
3777.0153
3775.3641
3773.5260
3771.5008
3769.3346
3767.0274
3764.5791
3761.9897
3759.2594
3756.3879
3753.3754
3750.2219
3746.8973
3743.4016
3739.7349
3735.8972
3731.8884
3727.7085
3723.3576
3718.8356
3715.0064
3711.8699
3709.4261
3707.6751
3706.6168
3706.2512
3706.5784
3707.5982
3708.4235
3709.0541
3709.4901
3709.7315
3709.7783
3709.6304
3709.2879
3708.7507
3708.2407
3707.7578
3707.3021
3706.8734
3706.4719
3706.0976
3705.7503
3705.4302
3705.2417
3705.1850
3705.2600
3705.4667
3705.8051
3706.2752
3706.8769
3707.6104
3707.7981
3707.4401
3706.5362
3705.0866
3703.0912
3700.5500
3697.4631
3693.8304
3690.7676
3688.2750
3686.3523
3684.9996
3684.2170
3684.0044
3684.3618
3685.2892
3689.5637
3697.1853
3708.1541
3722.4699
3740.1328
3761.1428
3785.4998
3813.2040
3839.2890
3863.7547
3886.6013
3907.8286
3927.4366
3945.4255
3961.7951
3976.5456
3990.0896
4002.4273
4013.5587
4023.4837
4032.2024
4039.7147
4046.0206
4051.1203
4055.3073
4058.5817
4060.9436
4062.3930
4062.9297
4062.5539
4061.2655
4059.0645
4057.4433
4056.4017
4055.9398
4056.0577
4056.7552
4058.0325
4059.8894
4062.3261
4061.3003
4056.8121
4048.8615
4037.4484
4022.5730
4004.2350
3982.4347
3957.1720
3935.0332
3916.0184
3900.1276
3887.3608
3877.7180
3871.1992
3867.8044
3867.5336
3867.2865
3867.0633
3866.8638
3866.6881
3866.5362
3866.4081
3866.3038
3866.2232
3866.1472
3866.0758
3866.0088
3865.9465
3865.8887
3865.8354
3865.7867
3865.7425
3864.7677
3862.8623
3860.0263
3856.2597
3851.5624
3845.9346
3839.3762
3831.8871
3825.2564
3819.4841
3814.5701
3810.5144
3807.3171
3804.9782
3803.4976
3802.8753
3802.3289
3801.8585
3801.4639
3801.1452
3800.9024
3800.7354
3800.6444
3800.6292
3800.9078
3801.4802
3802.3464
3803.5063
3804.9599
3806.7074
3808.7486
3811.0835
3813.9625
3817.3853
3821.3522
3825.8630
3830.9177
3836.5164
3842.6590
3849.3457
3854.9596
3859.5010
3862.9697
3865.3657
3866.6891
3866.9399
3866.1181
3864.2236
3862.6392
3861.3650
3860.4009
3859.7470
3859.4031
3859.3694
3859.6458
3860.2324
3860.6791
3860.9861
3861.1534
3861.1808
3861.0685
3860.8164
3860.4245
3859.8929
3859.7130
3859.8850
3860.4087
3861.2843
3862.5116
3864.0907
3866.0216
3868.3043
3868.8062
3867.5273
3864.4676
3859.6271
3853.0058
3844.6037
3834.4208
3822.4571
3817.7778
3820.3827
3830.2720
3847.4456
3871.9035
3903.6457
3942.6722
3988.9831
4030.3381
4066.7373
4098.1805
4124.6679
4146.1995
4162.7752
4174.3950
4181.0589
4184.7142
4185.3607
4182.9986
4177.6278
4169.2482
4157.8600
4143.4631
4126.0574
4110.7021
4097.3971
4086.1423
4076.9379
4069.7838
4064.6800
4061.6265
4060.6233
4056.6717
4049.7717
4039.9234
4027.1268
4011.3817
3992.6883
3971.0465
3946.4564
3924.8282
3906.1620
3890.4578
3877.7156
3867.9353
3861.1170
3857.2606
3856.3663
3855.7614
3855.4461
3855.4203
3855.6840
3856.2372
3857.0799
3858.2121
3859.6338
3859.5762
3858.0391
3855.0227
3850.5269
3844.5516
3837.0970
3828.1630
3817.7496
3809.1238
3802.2857
3797.2352
3793.9723
3792.4971
3792.8095
3794.9096
3798.7972
3802.2717
3805.3329
3807.9810
3810.2157
3812.0373
3813.4457
3814.4408
3815.0227
3814.6266
3813.2524
3810.9001
3807.5698
3803.2615
3797.9751
3791.7106
3784.4681
3777.7894
3771.6745
3766.1235
3761.1363
3756.7130
3752.8534
3749.5577
3746.8259
3744.3466
3742.1197
3740.1454
3738.4236
3736.9544
3735.7376
3734.7734
3734.0617
3734.0425
3734.7159
3736.0818
3738.1402
3740.8912
3744.3347
3748.4708
3753.2994
3756.2651
3757.3679
3756.6079
3753.9850
3749.4991
3743.1505
3734.9389
3724.8644
3717.2773
3712.1775
3709.5652
3709.4401
3711.8024
3716.6521
3723.9891
3733.8135
3746.9070
3763.2695
3782.9012
3805.8019
3831.9717
3861.4106
3894.1186
3930.0956
3961.5353
3988.4376
4010.8024
4028.6298
4041.9199
4050.6725
4054.8877
4054.5656
4053.7789
4052.5277
4050.8120
4048.6319
4045.9872
4042.8780
4039.3043
4035.2662
4031.4529
4027.8646
4024.5012
4021.3627
4018.4491
4015.7605
4013.2967
4011.0579
4008.4345
4005.4265
4002.0339
3998.2568
3994.0950
3989.5486
3984.6177
3979.3021
3972.2131
3963.3505
3952.7144
3940.3047
3926.1216
3910.1649
3892.4347
3872.9310
3855.1957
3839.2287
3825.0301
3812.5999
3801.9381
3793.0446
3785.9195
3780.5628
3776.0423
3772.3580
3769.5098
3767.4979
3766.3221
3765.9825
3766.4791
3767.8118
3769.1245
3770.4171
3771.6896
3772.9420
3774.1744
3775.3866
3776.5788
3777.7508
3778.3255
3778.3028
3777.6827
3776.4652
3774.6503
3772.2380
3769.2283
3765.6213
3761.9259
3758.1423
3754.2704
3750.3102
3746.2618
3742.1251
3737.9001
3733.5868
3730.0578
3727.3131
3725.3526
3724.1764
3723.7844
3724.1767
3725.3533
3727.3141
3727.8206
3726.8727
3724.4706
3720.6141
3715.3033
3708.5381
3700.3186
3690.6448
3682.9964
3677.3734
3673.7758
3672.2035
3672.6567
3675.1353
3679.6392
3686.1686
3692.2771
3697.9646
3703.2314
3708.0772
3712.5021
3716.5062
3720.0894
3723.2517
3724.5344
3723.9375
3721.4611
3717.1050
3710.8694
3702.7542
3692.7595
3680.8851
3672.9476
3668.9468
3668.8828
3672.7556
3680.5651
3692.3114
3707.9945
3727.6144
3747.1030
3766.4603
3785.6863
3804.7810
3823.7444
3842.5765
3861.2773
3879.8468
3894.0215
3903.8014
3909.1865
3910.1768
3906.7724
3898.9731
3886.7791
3870.1902
3857.5056
3848.7253
3843.8491
3842.8773
3845.8097
3852.6463
3863.3872
3878.0323
3890.9503
3902.1411
3911.6047
3919.3411
3925.3504
3929.6325
3932.1874
3933.0152
3931.2294
3926.8300
3919.8170
3910.1905
3897.9503
3883.0967
3865.6294
3845.5485
3828.6219
3814.8495
3804.2314
3796.7675
3792.4578
3791.3024
3793.3012
3798.4543
3804.1966
3810.5283
3817.4492
3824.9594
3833.0589
3841.7477
3851.0258
3860.8932
3869.4882
3876.8107
3882.8607
3887.6384
3891.1436
3893.3764
3894.3367
3894.0246
3891.7666
3887.5626
3881.4127
3873.3168
3863.2750
3851.2872
3837.3535
3821.4739
3807.5694
3795.6402
3785.6861
3777.7072
3771.7035
3767.6750
3765.6216
3765.5435
3765.7785
3766.3265
3767.1876
3768.3619
3769.8492
3771.6496
3773.7631
3776.1896
3779.2636
3782.9850
3787.3538
3792.3700
3798.0336
3804.3446
3811.3030
3818.9089
3824.9356
3829.3832
3832.2516
3833.5410
3833.2512
3831.3823
3827.9343
3822.9072
3817.7066
3812.3324
3806.7847
3801.0635
3795.1688
3789.1005
3782.8587
3776.4434
3771.6431
3768.4577
3766.8873
3766.9319
3768.5914
3771.8659
3776.7553
3783.2597
3787.7888
3790.3428
3790.9215
3789.5250
3786.1532
3780.8062
3773.4840
3764.1866
3756.6377
3750.8375
3746.7860
3744.4830
3743.9287
3745.1231
3748.0660
3752.7576
3758.4862
3765.2518
3773.0545
3781.8943
3791.7711
3802.6849
3814.6357
3827.6237
3841.9461
3857.6030
3874.5945
3892.9204
3912.5809
3933.5759
3955.9054
3979.5695
4001.0276
4020.2798
4037.3260
4052.1664
4064.8008
4075.2293
4083.4518
4089.4684
4093.5432
4095.6760
4095.8669
4094.1160
4090.4231
4084.7883
4077.2117
4067.6931
4057.8712
4047.7460
4037.3175
4026.5856
4015.5504
4004.2119
3992.5701
3980.6249
3969.8455
3960.2320
3951.7843
3944.5023
3938.3862
3933.4359
3929.6514
3927.0327
3924.7780
3922.8873
3921.3606
3920.1979
3919.3992
3918.9645
3918.8938
3919.1872
3919.4962
3919.8209
3920.1613
3920.5175
3920.8893
3921.2769
3921.6802
3922.0991
3921.5861
3920.1411
3917.7642
3914.4552
3910.2143
3905.0413
3898.9364
3891.8995
3885.8566
3880.8077
3876.7528
3873.6918
3871.6249
3870.5520
3870.4731
3871.3881
3872.2010
3872.9118
3873.5204
3874.0268
3874.4311
3874.7333
3874.9333
3875.0311
3874.2580
3872.6139
3870.0987
3866.7126
3862.4554
3857.3273
3851.3282
3844.4581
3838.3493
3833.0017
3828.4154
3824.5905
3821.5268
3819.2244
3817.6832
3816.9034
3816.4779
3816.4068
3816.6900
3817.3276
3818.3196
3819.6660
3821.3667
3823.4217
3823.8923
3822.7784
3820.0800
3815.7972
3809.9299
3802.4781
3793.4418
3782.8210
3773.8339
3766.4805
3760.7607
3756.6747
3754.2223
3753.4035
3754.2185
3756.6671
3758.6649
3760.2119
3761.3081
3761.9536
3762.1482
3761.8920
3761.1850
3760.0273
3763.4092
3771.3308
3783.7921
3800.7930
3822.3337
3848.4140
3879.0340
3914.1937
3945.9428
3974.2815
3999.2096
4020.7272
4038.8343
4053.5308
4064.8168
4072.6923
4079.1905
4084.3113
4088.0548
4090.4210
4091.4098
4091.0213
4089.2555
4086.1123
4083.6661
4081.9170
4080.8650
4080.5099
4080.8519
4081.8910
4083.6270
4086.0601
4085.2773
4081.2786
4074.0641
4063.6336
4049.9872
4033.1249
4013.0467
3989.7527
3969.1231
3951.1581
3935.8577
3923.2218
3913.2504
3905.9436
3901.3012
3899.3235
3896.9859
3894.2885
3891.2312
3887.8141
3884.0372
3879.9004
3875.4038
3870.5474
3866.1072
3862.0833
3858.4756
3855.2841
3852.5088
3850.1498
3848.2070
3846.6805
3844.5752
3841.8912
3838.6284
3834.7869
3830.3666
3825.3676
3819.7899
3813.6334
3808.2773
3803.7214
3799.9658
3797.0105
3794.8555
3793.5008
3792.9464
3793.1923
3793.3930
3793.5485
3793.6588
3793.7239
3793.7438
3793.7185
3793.6480
3793.5323
3791.0855
3786.3075
3779.1984
3769.7582
3757.9869
3743.8845
3727.4509
3708.6862
3694.2815
3684.2367
3678.5519
3677.2270
3680.2622
3687.6573
3699.4123
3715.5273
3728.5142
3738.3729
3745.1034
3748.7058
3749.1801
3746.5262
3740.7441
3731.8339
3723.1682
3714.7470
3706.5702
3698.6380
3690.9502
3683.5070
3676.3082
3669.3540
3663.2186
3657.9022
3653.4048
3649.7262
3646.8666
3644.8260
3643.6042
3643.2014
3642.8176
3642.4527
3642.1068
3641.7798
3641.4718
3641.1827
3640.9126
3640.6615
3643.3991
3649.1253
3657.8404
3669.5441
3684.2365
3701.9177
3722.5875
3746.2461
3769.5468
3792.4895
3815.0743
3837.3012
3859.1702
3880.6813
3901.8345
3922.6297
3942.2688
3960.7517
3978.0784
3994.2490
4009.2635
4023.1218
4035.8239
4047.3699
4054.9386
4058.5300
4058.1441
4053.7809
4045.4404
4033.1226
4016.8276
3996.5552
3982.1010
3973.4650
3970.6471
3973.6474
3982.4659
3997.1025
4017.5573
4043.8302
4062.7761
4074.3948
4078.6866
4075.6512
4065.2888
4047.5992
4022.5827
3990.2390
3960.7970
3934.2566
3910.6178
3889.8807
3872.0452
3857.1113
3845.0790
3835.9484
3829.5939
3826.0154
3825.2130
3827.1867
3831.9365
3839.4623
3849.7642
3862.8422
3873.8837
3882.8887
3889.8572
3894.7893
3897.6849
3898.5440
3897.3666
3894.1527
3891.1978
3888.5018
3886.0647
3883.8865
3881.9672
3880.3069
3878.9055
3877.7630
3876.1191
3873.9738
3871.3271
3868.1790
3864.5296
3860.3787
3855.7264
3850.5727
3844.5486
3837.6542
3829.8895
3821.2544
3811.7489
3801.3731
3790.1269
3778.0104
3768.7083
3762.2207
3758.5476
3757.6889
3759.6448
3764.4151
3771.9999
3782.3991
3791.1316
3798.1974
3803.5965
3807.3289
3809.3945
3809.7934
3808.5256
3805.5910
3798.8669
3788.3531
3774.0498
3755.9568
3734.0743
3708.4022
3678.9405
3645.6892
3619.9711
3601.7862
3591.1345
3588.0161
3592.4308
3604.3788
3623.8599
3650.8743
3672.6519
3689.1928
3700.4970
3706.5645
3707.3952
3702.9893
3693.3466
3678.4671
3666.2509
3656.6980
3649.8083
3645.5818
3644.0185
3645.1185
3648.8817
3655.3082
3663.2839
3672.8089
3683.8832
3696.5068
3710.6796
3726.4018
3743.6732
3762.4939
3776.0848
3784.4459
3787.5772
3785.4787
3778.1503
3765.5922
3747.8043
3724.7866
3707.2962
3695.3334
3688.8979
3687.9899
3692.6093
3702.7562
3718.4304
3739.6321
3762.4926
3787.0120
3813.1902
3841.0272
3870.5230
3901.6777
3934.4911
3968.9634
3998.9009
4024.3034
4045.1710
4061.5038
4073.3017
4080.5647
4083.2928
4081.4860
4080.1469
4079.2754
4078.8717
4078.9356
4079.4671
4080.4663
4081.9332
4083.8678
4083.0279
4079.4137
4073.0250
4063.8620
4051.9245
4037.2126
4019.7264
3999.4657
3982.9986
3970.3251
3961.4452
3956.3588
3955.0660
3957.5668
3963.8611
3973.9491
3981.2780
3985.8478
3987.6587
3986.7105
3983.0033
3976.5370
3967.3118
3955.3275
3942.5162
3928.8780
3914.4129
3899.1208
3883.0018
3866.0558
3848.2829
3829.6830
3815.3190
3805.1908
3799.2985
3797.6421
3800.2216
3807.0369
3818.0881
3833.3751
3846.4424
3857.2900
3865.9178
3872.3258
3876.5142
3878.4827
3878.2316
3875.7607
3871.9294
3866.7379
3860.1861
3852.2739
3843.0014
3832.3686
3820.3755
3807.0221
3795.3335
3785.3096
3776.9506
3770.2563
3765.2268
3761.8621
3760.1622
3760.1270
3761.1874
3763.3433
3766.5947
3770.9417
3776.3841
3782.9221
3790.5556
3799.2846
3805.3237
3808.6729
3809.3322
3807.3016
3802.5810
3795.1706
3785.0703
3772.2801
3762.0000
3754.2302
3748.9706
3746.2212
3745.9820
3748.2530
3753.0343
3760.3257
3765.7780
3769.3913
3771.1655
3771.1006
3769.1967
3765.4537
3759.8716
3752.4504
3748.7779
3748.8541
3752.6790
3760.2525
3771.5747
3786.6455
3805.4651
3828.0333
3842.9747
3850.2892
3849.9770
3842.0379
3826.4721
3803.2794
3772.4599
3734.0136
3700.1705
3670.9306
3646.2940
3626.2606
3610.8304
3600.0034
3593.7797
3592.1591
3599.1313
3614.6962
3638.8539
3671.6042
3712.9473
3762.8831
3821.4117
3888.5329
3947.3736
3997.9337
4040.2133
4074.2122
4099.9306
4117.3684
4126.5257
4127.4023
4125.5599
4120.9985
4113.7179
4103.7183
4090.9997
4075.5620
4057.4052
4036.5294
4020.3637
4008.9082
4002.1629
4000.1278
4002.8028
4010.1880
4022.2834
4039.0889
4053.0274
4064.0990
4072.3035
4077.6411
4080.1116
4079.7152
4076.4517
4070.3213
4063.6577
4056.4609
4048.7309
4040.4678
4031.6715
4022.3420
4012.4793
4002.0835
3990.9718
3979.1441
3966.6006
3953.3411
3939.3658
3924.6745
3909.2674
3893.1443
3879.4473
3868.1764
3859.3315
3852.9127
3848.9199
3847.3533
3848.2126
3851.4981
3853.9507
3855.5706
3856.3576
3856.3119
3855.4333
3853.7220
3851.1778
3847.8009
3845.6116
3844.6100
3844.7962
3846.1700
3848.7314
3852.4806
3857.4175
3863.5420
3867.7006
3869.8933
3870.1200
3868.3808
3864.6757
3859.0046
3851.3676
3841.7646
3832.7313
3824.2675
3816.3733
3809.0488
3802.2938
3796.1084
3790.4926
3785.4464
3781.6874
3779.2156
3778.0310
3778.1337
3779.5236
3782.2007
3786.1650
3791.4165
3795.0395
3797.0340
3797.3999
3796.1373
3793.2462
3788.7265
3782.5783
3774.8016
3767.9309
3761.9661
3756.9074
3752.7546
3749.5078
3747.1670
3745.7321
3745.2033
3745.7429
3747.3510
3750.0277
3753.7728
3758.5864
3764.4685
3771.4191
3779.4382
3785.5557
3789.7715
3792.0856
3792.4981
3791.0089
3787.6181
3782.3256
3775.1315
3768.4375
3762.2434
3756.5495
3751.3555
3746.6617
3742.4679
3738.7741
3735.5804
3736.4441
3741.3651
3750.3435
3763.3793
3780.4725
3801.6231
3826.8310
3856.0964
3884.0518
3910.6974
3936.0332
3960.0591
3982.7751
4004.1813
4024.2776
4043.0641
4059.8715
4074.6999
4087.5494
4098.4198
4107.3112
4114.2236
4119.1569
4122.1113
4123.4964
4123.3123
4121.5589
4118.2362
4113.3444
4106.8832
4098.8529
4089.2532
4080.5237
4072.6642
4065.6748
4059.5555
4054.3062
4049.9270
4046.4179
4043.7788
4041.3494
4039.1296
4037.1193
4035.3187
4033.7277
4032.3462
4031.1744
4030.2122
4025.9865
4018.4972
4007.7445
3993.7283
3976.4485
3955.9053
3932.0986
3905.0283
3881.9578
3862.8869
3847.8157
3836.7443
3829.6725
3826.6005
3827.5281
3832.4554
3837.1860
3841.7198
3846.0569
3850.1972
3854.1408
3857.8876
3861.4377
3864.7910
3866.7567
3867.3348
3866.5252
3864.3281
3860.7433
3855.7709
3849.4108
3841.6632
3834.5981
3828.2155
3822.5154
3817.4979
3813.1629
3809.5104
3806.5405
3804.2531
3800.7837
3796.1322
3790.2986
3783.2830
3775.0854
3765.7057
3755.1439
3743.4001
3732.5540
3722.6057
3713.5550
3705.4020
3698.1468
3691.7893
3686.3294
3681.7673
3676.9738
3671.9489
3666.6925
3661.2048
3655.4857
3649.5351
3643.3532
3636.9399
3631.4020
3626.7396
3622.9527
3620.0412
3618.0052
3616.8447
3616.5597
3617.1501
3617.7290
3618.2964
3618.8521
3619.3964
3619.9291
3620.4502
3620.9598
3621.4579
3621.6348
3621.4907
3621.0254
3620.2391
3619.1317
3617.7032
3615.9536
3613.8828
3613.0485
3613.4505
3615.0888
3617.9635
3622.0745
3627.4219
3634.0057
3641.8257
3652.9457
3667.3655
3685.0853
3706.1048
3730.4243
3758.0436
3788.9629
3823.1819
3853.9867
3881.3770
3905.3529
3925.9145
3943.0617
3956.7945
3967.1129
3974.0170
3980.6382
3986.9766
3993.0322
3998.8049
4004.2948
4009.5019
4014.4261
4019.0676
4022.0624
4023.4107
4023.1124
4021.1675
4017.5761
4012.3381
4005.4535
3996.9224
3987.5491
3977.3336
3966.2759
3954.3761
3941.6340
3928.0499
3913.6235
3898.3550
3884.0819
3870.8042
3858.5221
3847.2354
3836.9441
3827.6483
3819.3479
3812.0430
3806.1064
3801.5380
3798.3379
3796.5061
3796.0425
3796.9472
3799.2201
3802.8613
3805.7822
3807.9825
3809.4625
3810.2221
3810.2613
3809.5800
3808.1784
3806.0563
3803.4149
3800.2542
3796.5742
3792.3749
3787.6562
3782.4183
3776.6610
3770.3844
3764.6274
3759.3901
3754.6723
3750.4742
3746.7957
3743.6368
3740.9976
3738.8779
3737.0353
3735.4697
3734.1812
3733.1697
3732.4352
3731.9778
3731.7974
3731.8941
3731.8549
3731.6798
3731.3689
3730.9222
3730.3396
3729.6211
3728.7668
3727.7767
3726.0900
3723.7067
3720.6268
3716.8503
3712.3773
3707.2077
3701.3415
3694.7788
3689.1360
3684.4132
3680.6104
3677.7275
3675.7647
3674.7217
3674.5988
3675.3958
3676.4073
3677.6333
3679.0737
3680.7286
3682.5979
3684.6817
3686.9800
3689.4927
3696.7853
3708.8577
3725.7101
3747.3424
3773.7546
3804.9467
3840.9186
3881.6705
3918.6317
3951.8022
3981.1821
4006.7713
4028.5698
4046.5777
4060.7949
4071.2214
4080.1395
4087.5493
4093.4507
4097.8436
4100.7282
4102.1044
4101.9722
4100.3316
4098.5835
4096.7280
4094.7650
4092.6945
4090.5165
4088.2311
4085.8382
4083.3378
4079.1667
4073.3247
4065.8119
4056.6284
4045.7740
4033.2488
4019.0529
4003.1861
3987.9395
3973.3131
3959.3068
3945.9207
3933.1547
3921.0089
3909.4832
3898.5777
3889.0633
3880.9399
3874.2076
3868.8664
3864.9162
3862.3571
3861.1890
3861.4120
3861.6455
3861.8893
3862.1436
3862.4083
3862.6834
3862.9689
3863.2649
3863.5713
3863.4061
3862.7693
3861.6610
3860.0811
3858.0297
3855.5067
3852.5121
3849.0460
3845.8495
3842.9225
3840.2651
3837.8773
3835.7590
3833.9103
3832.3312
3831.0217
3829.1682
3826.7708
3823.8295
3820.3443
3816.3151
3811.7420
3806.6250
3800.9641
3796.0976
3792.0254
3788.7477
3786.2643
3784.5753
3783.6807
3783.5805
3784.2747
3784.5629
3784.4451
3783.9214
3782.9917
3781.6560
3779.9144
3777.7668
3775.2133
3773.0934
3771.4071
3770.1544
3769.3354
3768.9500
3768.9983
3769.4802
3770.3957
3770.4489
3769.6400
3767.9688
3765.4353
3762.0396
3757.7816
3752.6614
3746.6790
3740.6349
3734.5293
3728.3622
3722.1334
3715.8431
3709.4911
3703.0777
3696.6026
3696.6295
3703.1584
3716.1893
3735.7222
3761.7571
3794.2939
3833.3328
3878.8736
3920.2551
3957.4773
3990.5401
4019.4435
4044.1876
4064.7724
4081.1978
4093.4639
4104.4121
4114.0423
4122.3546
4129.3490
4135.0255
4139.3840
4142.4246
4144.1473
4145.7900
4147.3526
4148.8353
4150.2379
4151.5605
4152.8031
4153.9657
4155.0482
4155.0562
4153.9896
4151.8484
4148.6326
4144.3423
4138.9774
4132.5378
4125.0237
4116.1532
4105.9264
4094.3431
4081.4035
4067.1075
4051.4551
4034.4464
4016.0813
3999.5383
3984.8176
3971.9191
3960.8428
3951.5887
3944.1568
3938.5471
3934.7596
3931.9579
3930.1419
3929.3116
3929.4670
3930.6082
3932.7351
3935.8477
3939.9460
3942.4677
3943.4128
3942.7813
3940.5732
3936.7885
3931.4271
3924.4891
3915.9745
3907.6758
3899.5929
3891.7258
3884.0746
3876.6392
3869.4197
3862.4160
3855.6281
3849.6109
3844.3643
3839.8883
3836.1829
3833.2482
3831.0840
3829.6905
3829.0676
3827.8835
3826.1383
3823.8319
3820.9644
3817.5358
3813.5460
3808.9950
3803.8829
3798.0907
3791.6183
3784.4657
3776.6329
3768.1199
3758.9268
3749.0535
3738.5001
3729.5198
3722.1127
3716.2787
3712.0180
3709.3304
3708.2160
3708.6747
3710.7067
3712.4906
3714.0265
3715.3144
3716.3543
3717.1461
3717.6900
3717.9858
3718.0336
3717.2486
3715.6307
3713.1800
3709.8965
3705.7801
3700.8308
3695.0487
3688.4338
3682.2081
3676.3717
3670.9246
3665.8667
3661.1981
3656.9188
3653.0288
3649.5280
3649.1986
3652.0405
3658.0538
3667.2384
3679.5944
3695.1216
3713.8203
3735.6902
3756.8059
3777.1673
3796.7743
3815.6270
3833.7254
3851.0696
3867.6594
3883.4948
3897.7008
3910.2773
3921.2244
3930.5419
3938.2299
3944.2884
3948.7174
3951.5170
3954.5667
3957.8667
3961.4168
3965.2172
3969.2679
3973.5687
3978.1197
3982.9210
3987.3546
3991.4206
3995.1190
3998.4498
4001.4129
4004.0083
4006.2362
4008.0964
4008.9651
4008.8423
4007.7280
4005.6222
4002.5249
3998.4360
3993.3557
3987.2838
3980.4710
3972.9171
3964.6223
3955.5865
3945.8097
3935.2918
3924.0330
3912.0332
3900.3812
3889.0769
3878.1203
3867.5115
3857.2504
3847.3371
3837.7715
3828.5537
3820.4173
3813.3624
3807.3890
3802.4971
3798.6866
3795.9576
3794.3101
3793.7441
3791.9750
3789.0030
3784.8280
3779.4500
3772.8691
3765.0851
3756.0981
3745.9082
3736.7503
3728.6245
3721.5307
3715.4690
3710.4394
3706.4418
3703.4762
3701.5427
3699.5392
3697.4657
3695.3222
3693.1087
3690.8251
3688.4716
3686.0481
3683.5545
3681.2378
3679.0979
3677.1348
3675.3485
3673.7391
3672.3065
3671.0507
3669.9717
3667.8043
3664.5484
3660.2039
3654.7711
3648.2497
3640.6398
3631.9415
3622.1547
3616.6109
3615.3103
3618.2528
3625.4383
3636.8670
3652.5387
3672.4536
3696.6116
3721.5199
3747.1787
3773.5879
3800.7475
3828.6575
3857.3179
3886.7288
3916.8900
3943.3594
3966.1368
3985.2222
4000.6158
4012.3174
4020.3271
4024.6449
4025.2708
4025.8912
4026.5062
4027.1157
4027.7199
4028.3186
4028.9119
4029.4997
4030.0821
4029.9109
4028.9862
4027.3078
4024.8758
4021.6902
4017.7510
4013.0582
4007.6118
4001.0690
3993.4300
3984.6946
3974.8629
3963.9349
3951.9106
3938.7900
3924.5730
3910.3770
3896.2018
3882.0476
3867.9143
3853.8018
3839.7103
3825.6397
3811.5901
3800.1817
3791.4147
3785.2890
3781.8046
3780.9616
3782.7599
3787.1996
3794.2806
3799.9380
3804.1718
3806.9820
3808.3686
3808.3316
3806.8710
3803.9868
3799.6790
3795.7680
3792.2538
3789.1363
3786.4157
3784.0918
3782.1647
3780.6344
3779.5008
3777.7073
3775.2536
3772.1399
3768.3662
3763.9324
3758.8386
3753.0847
3746.6707
3740.9426
3735.9002
3731.5436
3727.8729
3724.8879
3722.5888
3720.9754
3720.0478
3719.2921
3718.7081
3718.2960
3718.0557
3717.9872
3718.0905
3718.3657
3718.8126
3719.3334
3719.9281
3720.5967
3721.3391
3722.1554
3723.0455
3724.0096
3725.0475
3725.0946
3724.1509
3722.2164
3719.2912
3715.3751
3710.4682
3704.5706
3697.6822
3692.6129
3689.3628
3687.9319
3688.3202
3690.5277
3694.5544
3700.4003
3708.0653
3713.4014
3716.4086
3717.0869
3715.4362
3711.4566
3705.1480
3696.5105
3685.5441
3676.6995
3669.9766
3665.3755
3662.8962
3662.5386
3664.3028
3668.1888
3674.1965
3683.1256
3694.9761
3709.7479
3727.4410
3748.0555
3771.5913
3798.0485
3827.4270
3855.1098
3881.0970
3905.3886
3927.9844
3948.8846
3968.0891
3985.5980
4001.4112
4016.0095
4029.3929
4041.5614
4052.5151
4062.2539
4070.7778
4078.0868
4084.1810
4089.4171
4093.7953
4097.3155
4099.9777
4101.7819
4102.7281
4102.8163
4102.0465
4100.8296
4099.1656
4097.0546
4094.4964
4091.4911
4088.0387
4084.1392
4079.7926
4073.1486
4064.2072
4052.9685
4039.4324
4023.5989
4005.4681
3985.0399
3962.3143
3942.0865
3924.3563
3909.1239
3896.3891
3886.1521
3878.4128
3873.1712
3870.4274
3867.9795
3865.8276
3863.9717
3862.4118
3861.1479
3860.1800
3859.5082
3859.1323
3858.5656
3857.8082
3856.8601
3855.7213
3854.3917
3852.8713
3851.1602
3849.2584
3846.8200
3843.8449
3840.3331
3836.2847
3831.6997
3826.5781
3820.9198
3814.7248
3808.8744
3803.3686
3798.2073
3793.3905
3788.9183
3784.7906
3781.0074
3777.5688
3773.8944
3769.9840
3765.8377
3761.4556
3756.8376
3751.9837
3746.8939
3741.5682
3737.3154
3734.1353
3732.0279
3730.9934
3731.0317
3732.1427
3734.3266
3737.5832
3740.0186
3741.6330
3742.4262
3742.3983
3741.5492
3739.8790
3737.3877
3734.0753
3732.1457
3731.5992
3732.4356
3734.6549
3738.2572
3743.2424
3749.6106
3757.3617
3768.5933
3783.3053
3801.4977
3823.1706
3848.3239
3876.9577
3909.0719
3944.6666
3976.5624
4004.7595
4029.2578
4050.0572
4067.1578
4080.5597
4090.2627
4096.2670
4101.3899
4105.6315
4108.9917
4111.4706
4113.0682
4113.7845
4113.6195
4112.5731
4111.6673
4110.9020
4110.2772
4109.7930
4109.4494
4109.2463
4109.1837
4109.2617
4109.6149
4110.2433
4111.1469
4112.3256
4113.7795
4115.5087
4117.5130
4119.7925
4118.7895
4114.5039
4106.9358
4096.0852
4081.9520
4064.5364
4043.8381
4019.8574
3998.3930
3979.4449
3963.0133
3949.0979
3937.6990
3928.8163
3922.4501
3918.6002
3914.4781
3910.0838
3905.4172
3900.4785
3895.2675
3889.7843
3884.0289
3878.0013
3873.1333
3869.4247
3866.8757
3865.4863
3865.2564
3866.1860
3868.2752
3871.5239
3873.6082
3874.5281
3874.2836
3872.8747
3870.3015
3866.5638
3861.6617
3855.5953
3849.8368
3844.3864
3839.2439
3834.4095
3829.8831
3825.6646
3821.7542
3818.1517
3815.1387
3812.7150
3810.8806
3809.6356
3808.9800
3808.9138
3809.4369
3810.5494
3811.4962
3812.2773
3812.8928
3813.3427
3813.6269
3813.7454
3813.6983
3813.4855
3812.3924
3810.4190
3807.5653
3803.8312
3799.2168
3793.7221
3787.3470
3780.0917
3773.9840
3769.0240
3765.2117
3762.5471
3761.0302
3760.6610
3761.4395
3763.3657
3765.2046
3766.9562
3768.6206
3770.1976
3771.6873
3773.0897
3774.4048
3775.6327
3776.0499
3775.6564
3774.4523
3772.4376
3769.6122
3765.9762
3761.5296
3756.2723
3750.9995
3745.7112
3740.4075
3735.0882
3729.7534
3724.4032
3719.0374
3713.6562
3709.8502
3707.6195
3706.9640
3707.8837
3710.3787
3714.4489
3720.0944
3727.3152
3736.2721
3746.9653
3759.3948
3773.5604
3789.4623
3807.1005
3826.4748
3847.5854
3869.2235
3891.3890
3914.0821
3937.3026
3961.0507
3985.3262
4010.1292
4035.4597
4055.9359
4071.5578
4082.3255
4088.2388
4089.2979
4085.5028
4076.8533
4063.3495
4051.8953
4042.4907
4035.1356
4029.8301
4026.5741
4025.3677
4026.2109
4029.1036
4027.9874
4022.8623
4013.7284
4000.5856
3983.4338
3962.2733
3937.1038
3907.9254
3883.1510
3862.7806
3846.8141
3835.2517
3828.0931
3825.3386
3826.9879
3833.0413
3837.4188
3840.1203
3841.1459
3840.4955
3838.1693
3834.1671
3828.4890
3821.1350
3814.6160
3808.9320
3804.0830
3800.0690
3796.8900
3794.5460
3793.0370
3792.3631
3790.8791
3788.5850
3785.4810
3781.5670
3776.8429
3771.3088
3764.9647
3757.8106
3751.5214
3746.0972
3741.5379
3737.8436
3735.0142
3733.0498
3731.9503
3731.7158
3731.3431
3730.8321
3730.1830
3729.3957
3728.4701
3727.4064
3726.2044
3724.8643
3722.6940
3719.6935
3715.8629
3711.2022
3705.7113
3699.3902
3692.2390
3684.2577
3677.5670
3672.1670
3668.0575
3665.2388
3663.7106
3663.4731
3664.5263
3666.8701
3668.8428
3670.4446
3671.6753
3672.5350
3673.0237
3673.1414
3672.8881
3672.2638
3671.9343
3671.8998
3672.1601
3672.7154
3673.5655
3674.7106
3676.1505
3677.8854
3678.7564
3678.7636
3677.9069
3676.1864
3673.6020
3670.1538
3665.8418
3660.6659
3657.7884
3657.2094
3658.9287
3662.9463
3669.2624
3677.8769
3688.7898
3702.0010
3717.8162
3736.2354
3757.2585
3780.8857
3807.1167
3835.9518
3867.3907
3901.4337
3931.7740
3958.4117
3981.3468
4000.5792
4016.1090
4027.9362
4036.0607
4040.4827
4043.7171
4045.7640
4046.6234
4046.2953
4044.7797
4042.0765
4038.1859
4033.1078
4027.1813
4020.4063
4012.7829
4004.3110
3994.9908
3984.8221
3973.8050
3961.9394
3950.0456
3938.1236
3926.1733
3914.1947
3902.1879
3890.1529
3878.0895
3865.9980
3855.8831
3847.7448
3841.5831
3837.3981
3835.1897
3834.9580
3836.7029
3840.4244
3843.1006
3844.7315
3845.3170
3844.8571
3843.3519
3840.8014
3837.2055
3832.5643
3828.4079
3824.7365
3821.5499
3818.8482
3816.6314
3814.8995
3813.6525
3812.8904
3812.1962
3811.5699
3811.0116
3810.5213
3810.0989
3809.7444
3809.4579
3809.2393
3808.7300
3807.9300
3806.8393
3805.4579
3803.7858
3801.8230
3799.5695
3797.0253
3794.0456
3790.6304
3786.7797
3782.4935
3777.7718
3772.6146
3767.0219
3760.9937
3755.9376
3751.8535
3748.7414
3746.6013
3745.4333
3745.2373
3746.0133
3747.7614
3749.3083
3750.6540
3751.7986
3752.7421
3753.4843
3754.0254
3754.3654
3754.5042
3754.3436
3753.8837
3753.1244
3752.0658
3750.7078
3749.0505
3747.0937
3744.8377
3742.9875
3741.5433
3740.5050
3739.8726
3739.6461
3739.8256
3740.4110
3741.4023
3741.2779
3740.0380
3737.6823
3734.2111
3729.6242
3723.9216
3717.1034
3709.1696
3705.4140
3705.8365
3710.4371
3719.2160
3732.1730
3749.3082
3770.6216
3796.1131
3822.3981
3849.4767
3877.3488
3906.0144
3935.4735
3965.7261
3996.7722
4028.6119
4055.8757
4078.5638
4096.6760
4110.2124
4119.1730
4123.5578
4123.3667
4118.5999
4114.8943
4112.2498
4110.6666
4110.1446
4110.6839
4112.2843
4114.9459
4118.6688
4120.3825
4120.0873
4117.7829
4113.4695
4107.1470
4098.8155
4088.4749
4076.1253
4063.1483
4049.5440
4035.3123
4020.4534
4004.9671
3988.8535
3972.1125
3954.7443
3939.1764
3925.4090
3913.4420
3903.2754
3894.9093
3888.3436
3883.5783
3880.6134
3877.5816
3874.4828
3871.3170
3868.0842
3864.7845
3861.4178
3857.9841
3854.4834
3850.8192
3846.9914
3843.0001
3838.8452
3834.5268
3830.0448
3825.3993
3820.5902
3816.9522
3814.4853
3813.1894
3813.0646
3814.1109
3816.3283
3819.7167
3824.2762
3827.7265
3830.0676
3831.2996
3831.4223
3830.4359
3828.3403
3825.1354
3820.8214
3817.0661
3813.8695
3811.2316
3809.1524
3807.6319
3806.6701
3806.2670
3806.4227
3806.4701
3806.4092
3806.2402
3805.9630
3805.5775
3805.0839
3804.4820
3803.7719
3802.2262
3799.8448
3796.6279
3792.5752
3787.6870
3781.9631
3775.4036
3768.0085
3761.2589
3755.1549
3749.6965
3744.8837
3740.7164
3737.1947
3734.3186
3732.0881
3730.5802
3729.7950
3729.7324
3730.3924
3731.7750
3733.8803
3736.7082
3740.2588
3747.2141
3757.5743
3771.3393
3788.5091
3809.0838
3833.0632
3860.4475
3891.2365
3920.3004
3947.6389
3973.2523
3997.1403
4019.3032
4039.7407
4058.4531
4075.4401
4089.8416
4101.6573
4110.8874
4117.5318
4121.5906
4123.0637
4121.9511
4118.2529
4115.0573
4112.3644
4110.1742
4108.4867
4107.3018
4106.6196
4106.4401
4106.7633
4105.3158
4102.0975
4097.1085
4090.3489
4081.8185
4071.5174
4059.4456
4045.6031
4031.9820
4018.5823
4005.4041
3992.4473
3979.7119
3967.1979
3954.9054
3942.8343
3932.6301
3924.2928
3917.8224
3913.2189
3910.4823
3909.6127
3910.6099
3913.4740
3916.1021
3918.4941
3920.6501
3922.5701
3924.2540
3925.7019
3926.9137
3927.8895
3927.7641
3926.5376
3924.2098
3920.7809
3916.2509
3910.6196
3903.8872
3896.0536
3888.9866
3882.6864
3877.1529
3872.3861
3868.3860
3865.1526
3862.6859
3860.9859
3858.6573
3855.7001
3852.1142
3847.8997
3843.0566
3837.5849
3831.4845
3824.7555
3818.9860
3814.1759
3810.3253
3807.4342
3805.5025
3804.5303
3804.5176
3805.4643
3806.4558
3807.4919
3808.5728
3809.6984
3810.8686
3812.0836
3813.3433
3814.6477
3814.4548
3812.7647
3809.5775
3804.8929
3798.7112
3791.0323
3781.8561
3771.1827
3762.1264
3754.6874
3748.8656
3744.6609
3742.0734
3741.1031
3741.7500
3744.0141
3745.9634
3747.5981
3748.9182
3749.9235
3750.6142
3750.9902
3751.0515
3750.7982
3749.3049
3746.5717
3742.5985
3737.3855
3730.9325
3723.2396
3714.3068
3704.1340
3695.7679
3689.2085
3684.4557
3681.5096
3680.3702
3681.0374
3683.5112
3687.7917
3693.2888
3700.0025
3707.9328
3717.0797
3727.4432
3739.0233
3751.8199
3765.8332
3781.1386
3797.7362
3815.6260
3834.8079
3855.2820
3877.0482
3900.1067
3924.4572
3946.7487
3966.9810
3985.1541
4001.2680
4015.3228
4027.3185
4037.2550
4045.1323
4050.7481
4054.1023
4055.1950
4054.0261
4050.5957
4044.9037
4036.9501
4026.7351
4017.9279
4010.5287
4004.5373
3999.9539
3996.7785
3995.0109
3994.6513
3995.6996
3996.1881
3996.1167
3995.4854
3994.2943
3992.5434
3990.2326
3987.3619
3983.9315
3978.1697
3970.0768
3959.6527
3946.8973
3931.8107
3914.3929
3894.6439
3872.5637
3853.7315
3838.1474
3825.8113
3816.7232
3810.8832
3808.2912
3808.9473
3812.8515
3816.3925
3819.5705
3822.3854
3824.8372
3826.9260
3828.6516
3830.0142
3831.0137
3830.8978
3829.6666
3827.3199
3823.8579
3819.2805
3813.5877
3806.7795
3798.8559
3790.8910
3782.8848
3774.8373
3766.7485
3758.6184
3750.4470
3742.2343
3733.9803
3726.8245
3720.7668
3715.8074
3711.9461
3709.1829
3707.5180
3706.9512
3707.4826
3707.7421
3707.7299
3707.4458
3706.8900
3706.0623
3704.9628
3703.5915
3701.9484
3699.7035
3696.8566
3693.4079
3689.3574
3684.7050
3679.4507
3673.5946
3667.1366
3661.5211
3656.7481
3652.8176
3649.7296
3647.4841
3646.0811
3645.5206
3645.8027
3646.2609
3646.8954
3647.7061
3648.6930
3649.8561
3651.1954
3652.7110
3654.4027
3654.7452
3653.7383
3651.3820
3647.6765
3642.6215
3636.2173
3628.4637
3619.3608
3612.1971
3606.9725
3603.6871
3602.3409
3602.9339
3605.4660
3609.9374
3616.3479
3624.9477
3635.7369
3648.7154
3663.8832
3681.2404
3700.7868
3722.5226
3746.4478
3769.2707
3790.9916
3811.6103
3831.1268
3849.5412
3866.8535
3883.0636
3898.1715
3911.7441
3923.7813
3934.2831
3943.2495
3950.6805
3956.5761
3960.9363
3963.7611
3965.4080
3965.8771
3965.1684
3963.2818
3960.2174
3955.9751
3950.5549
3943.9569
3937.7881
3932.0485
3926.7380
3921.8568
3917.4048
3913.3819
3909.7883
3906.6238
3899.5345
3888.5203
3873.5812
3854.7173
3831.9284
3805.2148
3774.5762
3740.0128
3709.4658
3682.9353
3660.4213
3641.9237
3627.4425
3616.9779
3610.5297
3608.0979
3605.2830
3602.0848
3598.5035
3594.5390
3590.1912
3585.4603
3580.3461
3574.8488
3571.1517
3569.2549
3569.1584
3570.8621
3574.3661
3579.6703
3586.7748
3595.6796
3604.2230
3612.4050
3620.2256
3627.6849
3634.7828
3641.5193
3647.8944
3653.9082
3660.2715
3666.9844
3674.0468
3681.4588
3689.2203
3697.3314
3705.7920
3714.6022
3720.3487
3723.0314
3722.6503
3719.2055
3712.6970
3703.1246
3690.4886
3674.7888
3661.8254
3651.5984
3644.1077
3639.3535
3637.3357
3638.0542
3641.5092
3647.7006
3656.4340
3667.7096
3681.5272
3697.8869
3716.7887
3738.2326
3762.2186
3788.7467
3815.3943
3842.1614
3869.0479
3896.0540
3923.1795
3950.4246
3977.7891
4005.2731
4031.9097
4057.6990
4082.6408
4106.7353
4129.9823
4152.3819
4173.9342
4194.6390
4216.7624
4240.3042
4265.2644
4291.6431
4319.4403
4348.6559
4379.2900
4411.3426
4435.9632
4453.1517
4462.9083
4465.2329
4460.1255
4447.5862
4427.6148
4400.2114
4376.5408
4356.6028
4340.3976
4327.9250
4319.1852
4314.1780
4312.9036
4315.3618
4313.7228
4307.9866
4298.1531
4284.2223
4266.1943
4244.0691
4217.8466
4187.5268
4160.5800
4137.0061
4116.8052
4099.9772
4086.5222
4076.4402
4069.7310
4066.3949
4062.9133
4059.2863
4055.5138
4051.5960
4047.5327
4043.3239
4038.9698
4034.4702
4028.1723
4020.0762
4010.1818
3998.4891
3984.9981
3969.7089
3952.6213
3933.7355
3917.5340
3904.0169
3893.1840
3885.0354
3879.5711
3876.7911
3876.6954
3879.2841
3880.6695
3880.8519
3879.8311
3877.6071
3874.1800
3869.5498
3863.7164
3856.6799
3848.5304
3839.2679
3828.8924
3817.4040
3804.8025
3791.0881
3776.2607
3760.3204
3749.3506
3743.3514
3742.3228
3746.2647
3755.1773
3769.0604
3787.9142
3811.7385
3834.1943
3855.2815
3875.0003
3893.3505
3910.3322
3925.9453
3940.1900
3953.0661
3961.7423
3966.2185
3966.4947
3962.5709
3954.4472
3942.1235
3925.5998
3904.8762
3882.7299
3859.1608
3834.1691
3807.7547
3779.9175
3750.6577
3719.9751
3687.8699
3658.0476
3630.5084
3605.2521
3582.2788
3561.5885
3543.1812
3527.0569
3513.2155
3505.9584
3505.2855
3511.1969
3523.6924
3542.7722
3568.4362
3600.6845
3639.5169
3679.7663
3721.4327
3764.5160
3809.0162
3854.9334
3902.2676
3951.0187
4001.1868
4042.3267
4074.4386
4097.5224
4111.5782
4116.6058
4112.6054
4099.5769
4077.5203
4058.2252
4041.6914
4027.9189
4016.9079
4008.6582
4003.1700
4000.4431
4000.4776
4000.8086
4001.4361
4002.3601
4003.5806
4005.0976
4006.9112
4009.0212
4011.4277
4012.6982
4012.8328
4011.8313
4009.6938
4006.4204
4002.0109
3996.4655
3989.7840
3981.4005
3971.3148
3959.5271
3946.0373
3930.8454
3913.9515
3895.3554
3875.0573
3857.0532
3841.3431
3827.9272
3816.8053
3807.9774
3801.4436
3797.2039
3795.2582
3793.1626
3790.9170
3788.5215
3785.9760
3783.2807
3780.4353
3777.4401
3774.2949
3770.7311
3766.7486
3762.3476
3757.5279
3752.2896
3746.6326
3740.5571
3734.0629
3727.8497
3721.9176
3716.2664
3710.8963
3705.8072
3700.9990
3696.4719
3692.2258
3689.4337
3688.0956
3688.2115
3689.7814
3692.8053
3697.2832
3703.2150
3710.6009
3717.6058
3724.2297
3730.4726
3736.3346
3741.8156
3746.9155
3751.6346
3755.9726
3759.1401
3761.1371
3761.9636
3761.6196
3760.1051
3757.4201
3753.5645
3748.5385
3746.7482
3748.1937
3752.8750
3760.7921
3771.9450
3786.3337
3803.9581
3824.8184
3846.1630
3867.9919
3890.3052
3913.1029
3936.3850
3960.1514
3984.4022
4009.1373
4031.0697
4050.1993
4066.5262
4080.0503
4090.7716
4098.6902
4103.8060
4106.1191
4106.4051
4104.6640
4100.8958
4095.1005
4087.2781
4077.4286
4065.5520
4051.6484
4038.9036
4027.3176
4016.8904
4007.6221
3999.5127
3992.5620
3986.7703
3982.1373
3973.8219
3961.8242
3946.1440
3926.7814
3903.7364
3877.0090
3846.5992
3812.5069
3783.6068
3759.8988
3741.3830
3728.0593
3719.9277
3716.9882
3719.2408
3726.6856
3733.3143
3739.1270
3744.1237
3748.3042
3751.6688
3754.2173
3755.9498
3756.8662
3757.7674
3758.6534
3759.5242
3760.3798
3761.2203
3762.0455
3762.8555
3763.6503
3763.9037
3763.6158
3762.7866
3761.4161
3759.5042
3757.0510
3754.0564
3750.5205
3746.6421
3742.4213
3737.8580
3732.9522
3727.7040
3722.1133
3716.1801
3709.9045
3709.8935
3716.1473
3728.6659
3747.4491
3772.4971
3803.8097
3841.3871
3885.2293
3924.7383
3959.9142
3990.7571
4017.2668
4039.4434
4057.2870
4070.7974
4079.9748
4083.9235
4082.6435
4076.1349
4064.3977
4047.4317
4025.2372
3997.8140
3965.1621
3932.6957
3900.4146
3868.3189
3836.4086
3804.6836
3773.1441
3741.7899
3710.6212
3681.3258
3653.9039
3628.3554
3604.6804
3582.8788
3562.9506
3544.8958
3528.7145
3515.6485
3505.6979
3498.8626
3495.1427
3494.5381
3497.0489
3502.6750
3511.4165
3521.5963
3533.2144
3546.2708
3560.7655
3576.6984
3594.0697
3612.8793
3633.1272
3650.5896
3665.2667
3677.1584
3686.2648
3692.5857
3696.1213
3696.8715
3694.8363
3691.4585
3686.7381
3680.6751
3673.2695
3664.5213
3654.4305
3642.9972
3630.2212
3617.2549
3604.0982
3590.7511
3577.2137
3563.4860
3549.5678
3535.4593
3521.1605
3508.6049
3497.7925
3488.7234
3481.3975
3475.8148
3471.9753
3469.8791
3469.5261
3467.2235
3462.9713
3456.7695
3448.6181
3438.5171
3426.4665
3412.4663
3396.5166
3386.8001
3383.3169
3386.0670
3395.0504
3410.2671
3431.7171
3459.4004
3493.3170
3521.9225
3545.2168
3563.2001
3575.8722
3583.2333
3585.2832
3582.0220
3573.4497
3568.4229
3566.9415
3569.0056
3574.6152
3583.7702
3596.4707
3612.7167
3632.5081
3656.0566
3683.3622
3714.4249
3749.2447
3787.8215
3830.1554
3876.2463
3926.0944
3975.2193
4023.6209
4071.2994
4118.2547
4164.4867
4209.9956
4254.7813
4298.8438
4338.3297
4373.2391
4403.5720
4429.3283
4450.5081
4467.1113
4479.1380
4486.5881
4487.3237
4481.3449
4468.6515
4449.2436
4423.1213
4390.2844
4350.7331
4304.4672
4260.7916
4219.7063
4181.2112
4145.3065
4111.9920
4081.2677
4053.1337
4027.5900
4013.3048
4010.2779
4018.5095
4037.9995
4068.7480
4110.7549
4164.0202
4228.5440
4278.5374
4314.0003
4334.9329
4341.3351
4333.2068
4310.5482
4273.3592
4221.6397
4171.0608
4121.6224
4073.3244
4026.1670
3980.1501
3935.2737
3891.5377
3848.9423
3813.1014
3784.0149
3761.6829
3746.1054
3737.2823
3735.2138
3739.8997
3751.3400
3764.2212
3778.5431
3794.3057
3811.5092
3830.1533
3850.2383
3871.7640
3894.7304
3915.3427
3933.6008
3949.5046
3963.0543
3974.2497
3983.0910
3989.5780
3993.7109
3997.3852
4000.6009
4003.3580
4005.6566
4007.4967
4008.8781
4009.8010
4010.2653
4010.2096
4009.6338
4008.5378
4006.9219
4004.7858
4002.1296
3998.9534
3995.2571
3992.3600
3990.2620
3988.9631
3988.4635
3988.7630
3989.8617
3991.7595
3994.4565
3994.5998
3992.1895
3987.2255
3979.7079
3969.6367
3957.0118
3941.8332
3924.1011
3906.1750
3888.0552
3869.7416
3851.2341
3832.5328
3813.6377
3794.5488
3775.2660
3761.8573
3754.3226
3752.6618
3756.8751
3766.9624
3782.9236
3804.7589
3832.4682
3856.1249
3875.7291
3891.2808
3902.7799
3910.2265
3913.6205
3912.9620
3908.2510
3899.6658
3887.2065
3870.8730
3850.6653
3826.5836
3798.6277
3766.7976
3731.0934
3705.1534
3688.9776
3682.5659
3685.9184
3699.0351
3721.9160
3754.5610
3796.9702
3830.2731
3854.4696
3869.5598
3875.5436
3872.4211
3860.1922
3838.8570
3808.4154
3776.8587
3744.1868
3710.3997
3675.4974
3639.4800
3602.3474
3564.0997
3524.7367
3498.4002
3485.0900
3484.8062
3497.5488
3523.3177
3562.1130
3613.9347
3678.7828
3738.4040
3792.7984
3841.9658
3885.9064
3924.6201
3958.1069
3986.3669
4009.4000
4027.8038
4041.5784
4050.7236
4055.2396
4055.1264
4050.3838
4041.0120
4027.0109
4015.1340
4005.3813
3997.7527
3992.2483
3988.8681
3987.6120
3988.4801
3991.4724
3995.6381
4000.9774
4007.4901
4015.1764
4024.0361
4034.0694
4045.2761
4057.6564
4068.9748
4079.2315
4088.4264
4096.5595
4103.6308
4109.6403
4114.5880
4118.4740
4119.0326
4116.2638
4110.1678
4100.7444
4087.9936
4071.9155
4052.5100
4029.7773
4008.1608
3987.6606
3968.2768
3950.0092
3932.8580
3916.8231
3901.9045
3888.1023
3875.0959
3862.8854
3851.4707
3840.8520
3831.0291
3822.0021
3813.7711
3806.3358
3798.8099
3791.1933
3783.4860
3775.6879
3767.7992
3759.8197
3751.7496
3743.5887
3737.1045
3732.2970
3729.1662
3727.7120
3727.9345
3729.8337
3733.4096
3738.6622
3741.7347
3742.6271
3741.3396
3737.8720
3732.2243
3724.3966
3714.3889
3702.2011
3690.2636
3678.5764
3667.1393
3655.9526
3645.0161
3634.3299
3623.8939
3613.7081
3608.0092
3606.7971
3610.0718
3617.8333
3630.0816
3646.8168
3668.0387
3693.7475
3717.9979
3740.7900
3762.1237
3781.9991
3800.4162
3817.3750
3832.8754
3846.9175
3859.8394
3871.6411
3882.3227
3891.8841
3900.3254
3907.6465
3913.8474
3918.9282
3923.1114
3926.3970
3928.7851
3930.2756
3930.8685
3930.5638
3929.3616
3927.2618
3926.9146
3928.3200
3931.4779
3936.3885
3943.0517
3951.4674
3961.6358
3973.5567
3980.3103
3981.8965
3978.3154
3969.5669
3955.6511
3936.5679
3912.3174
3882.8996
3857.1521
3835.0749
3816.6681
3801.9316
3790.8655
3783.4697
3779.7442
3779.6891
3780.4233
3781.9467
3784.2594
3787.3614
3791.2526
3795.9330
3801.4028
3807.6618
3811.8109
3813.8501
3813.7794
3811.5988
3807.3082
3800.9078
3792.3975
3781.7773
3772.9847
3766.0199
3760.8826
3757.5730
3756.0911
3756.4369
3758.6103
3762.6113
3764.7903
3765.1473
3763.6821
3760.3949
3755.2857
3748.3543
3739.6009
3729.0255
3720.8042
3714.9371
3711.4243
3710.2656
3711.4612
3715.0110
3720.9150
3729.1731
3735.7838
3740.7469
3744.0625
3745.7306
3745.7512
3744.1242
3740.8498
3735.9278
3731.9601
3728.9468
3726.8878
3725.7832
3725.6329
3726.4370
3728.1954
3730.9082
3733.5428
3736.0993
3738.5777
3740.9779
3743.3000
3745.5440
3747.7099
3749.7976
3751.4944
3752.8003
3753.7153
3754.2394
3754.3727
3754.1150
3753.4665
3752.4270
3751.7163
3751.3342
3751.2808
3751.5561
3752.1601
3753.0928
3754.3541
3755.9441
3757.7619
3759.8074
3762.0807
3764.5817
3767.3105
3770.2670
3773.4513
3776.8633
3779.0377
3779.9745
3779.6736
3778.1351
3775.3589
3771.3452
3766.0938
3759.6048
3758.8602
3763.8600
3774.6042
3791.0929
3813.3260
3841.3036
3875.0256
3914.4919
3948.2781
3976.3841
3998.8098
4015.5553
4026.6206
4032.0057
4031.7105
4025.7351
4020.0711
4014.7184
4009.6771
4004.9472
4000.5286
3996.4214
3992.6256
3989.1411
3984.6038
3979.0137
3972.3708
3964.6751
3955.9266
3946.1253
3935.2712
3923.3643
3913.0330
3904.2772
3897.0970
3891.4923
3887.4632
3885.0097
3884.1317
3884.8293
3885.5280
3886.2277
3886.9284
3887.6302
3888.3331
3889.0370
3889.7420
3890.4480
3891.3660
3892.4959
3893.8378
3895.3916
3897.1574
3899.1351
3901.3248
3903.7264
3904.7490
3904.3925
3902.6570
3899.5424
3895.0488
3889.1761
3881.9243
3873.2935
3866.1378
3860.4572
3856.2516
3853.5211
3852.2656
3852.4853
3854.1800
3857.3498
3858.7315
3858.3251
3856.1307
3852.1482
3846.3777
3838.8190
3829.4724
3818.3376
3809.5371
3803.0710
3798.9392
3797.1416
3797.6784
3800.5495
3805.7549
3813.2946
3819.6488
3824.8174
3828.8004
3831.5979
3833.2098
3833.6362
3832.8770
3830.9323
3828.8017
3826.4854
3823.9833
3821.2954
3818.4218
3815.3623
3812.1171
3808.6860
3805.4822
3802.5057
3799.7563
3797.2342
3794.9393
3792.8717
3791.0313
3789.4181
3790.6271
3794.6583
3801.5117
3811.1872
3823.6848
3839.0047
3857.1467
3878.1109
3898.2103
3917.4448
3935.8146
3953.3195
3969.9596
3985.7348
4000.6453
4014.6909
4026.4749
4035.9973
4043.2580
4048.2570
4050.9945
4051.4703
4049.6844
4045.6369
4041.3293
4036.7615
4031.9335
4026.8453
4021.4970
4015.8885
4010.0199
4003.8911
3996.6301
3988.2369
3978.7115
3968.0539
3956.2642
3943.3423
3929.2882
3914.1019
3899.4698
3885.3921
3871.8687
3858.8995
3846.4846
3834.6240
3823.3176
3812.5656
3805.4307
3801.9129
3802.0122
3805.7287
3813.0624
3824.0132
3838.5811
3856.7661
3868.8899
3874.9523
3874.9534
3868.8932
3856.7716
3838.5888
3814.3446
3784.0391
3761.4886
3746.6930
3739.6524
3740.3667
3748.8360
3765.0603
3789.0395
3820.7737
3845.9830
3864.6674
3876.8268
3882.4614
3881.5710
3874.1558
3860.2156
3839.7506
3823.5646
3811.6576
3804.0297
3800.6808
3801.6109
3806.8201
3816.3084
3830.0757
3841.1526
3849.5392
3855.2355
3858.2414
3858.5571
3856.1824
3851.1173
3843.3619
3830.7742
3813.3541
3791.1017
3764.0170
3732.0998
3695.3504
3653.7686
3607.3545
3572.1799
3548.2449
3535.5495
3534.0937
3543.8775
3564.9009
3597.1638
3640.6663
3682.1971
3721.7561
3759.3433
3794.9587
3828.6024
3860.2743
3889.9744
3917.7028
3940.5565
3958.5356
3971.6401
3979.8699
3983.2250
3981.7056
3975.3115
3964.0427
3954.3817
3946.3285
3939.8830
3935.0454
3931.8154
3930.1932
3930.1788
3931.7722
3931.3874
3929.0245
3924.6835
3918.3644
3910.0672
3899.7918
3887.5384
3873.3068
3858.1024
3841.9252
3824.7751
3806.6523
3787.5566
3767.4881
3746.4468
3724.4327
3708.1407
3697.5709
3692.7233
3693.5978
3700.1945
3712.5134
3730.5544
3754.3176
3778.1997
3802.2007
3826.3206
3850.5594
3874.9171
3899.3937
3923.9891
3948.7035
3968.4096
3983.1073
3992.7968
3997.4779
3997.1507
3991.8153
3981.4715
3966.1193
3952.2129
3939.7520
3928.7367
3919.1671
3911.0431
3904.3647
3899.1319
3895.3447
3893.5656
3893.7945
3896.0314
3900.2763
3906.5293
3914.7902
3925.0592
3937.3363
3945.0940
3948.3324
3947.0515
3941.2512
3930.9317
3916.0928
3896.7346
3872.8572
3849.2859
3826.0209
3803.0622
3780.4097
3758.0634
3736.0234
3714.2896
3692.8621
3676.7968
3666.0938
3660.7531
3660.7747
3666.1585
3676.9046
3693.0129
3714.4836
3732.2843
3746.4151
3756.8759
3763.6669
3766.7879
3766.2391
3762.0203
3754.1316
3748.7532
3745.8852
3745.5274
3747.6801
3752.3430
3759.5163
3769.1998
3781.3938
3793.8169
3806.4692
3819.3508
3832.4615
3845.8015
3859.3706
3873.1690
3887.1966
3900.1978
3912.1725
3923.1208
3933.0428
3941.9383
3949.8074
3956.6500
3962.4663
3965.0721
3964.4674
3960.6523
3953.6267
3943.3907
3929.9442
3913.2873
3893.4199
3877.2064
3864.6468
3855.7412
3850.4894
3848.8916
3850.9477
3856.6578
3866.0217
3875.5966
3885.3823
3895.3790
3905.5867
3916.0052
3926.6346
3937.4750
3948.5263
3956.3618
3960.9815
3962.3854
3960.5735
3955.5458
3947.3023
3935.8430
3921.1679
3907.8963
3896.0282
3885.5637
3876.5026
3868.8451
3862.5910
3857.7405
3854.2934
3852.4529
3852.2190
3853.5915
3856.5706
3861.1563
3867.3484
3875.1471
3884.5523
3893.0420
3900.6162
3907.2748
3913.0179
3917.8455
3921.7575
3924.7540
3926.8350
3927.5651
3926.9445
3924.9731
3921.6509
3916.9779
3910.9542
3903.5796
3894.8543
3885.7919
3876.3924
3866.6559
3856.5823
3846.1717
3835.4241
3824.3393
3812.9175
3802.7335
3793.7872
3786.0786
3779.6078
3774.3747
3770.3793
3767.6217
3766.1018
3763.9762
3761.2447
3757.9074
3753.9644
3749.4155
3744.2609
3738.5004
3732.1342
3726.7277
3722.2808
3718.7937
3716.2663
3714.6986
3714.0906
3714.4423
3715.7537
3718.1239
3721.5530
3726.0409
3731.5876
3738.1932
3745.8576
3754.5809
3764.3630
3772.6030
3779.3010
3784.4570
3788.0710
3790.1428
3790.6727
3789.6605
3787.1063
3784.9683
3783.2465
3781.9409
3781.0516
3780.5785
3780.5216
3780.8809
3781.6565
3782.2424
3782.6388
3782.8456
3782.8627
3782.6903
3782.3283
3781.7767
3781.0356
3780.6386
3780.5858
3780.8773
3781.5129
3782.4928
3783.8169
3785.4852
3787.4978
3792.0123
3799.0287
3808.5472
3820.5676
3835.0900
3852.1144
3871.6408
3893.6691
3913.4034
3930.8436
3945.9899
3958.8420
3969.4001
3977.6642
3983.6342
3987.3102
3989.9396
3991.5223
3992.0584
3991.5478
3989.9906
3987.3868
3983.7363
3979.0392
3975.0955
3971.9051
3969.4680
3967.7843
3966.8540
3966.6770
3967.2534
3968.5832
3968.4902
3966.9745
3964.0361
3959.6750
3953.8911
3946.6846
3938.0553
3928.0034
3919.5077
3912.5683
3907.1851
3903.3582
3901.0876
3900.3732
3901.2151
3903.6133
3905.8306
3907.8671
3909.7228
3911.3977
3912.8917
3914.2049
3915.3373
3916.2889
3916.3843
3915.6237
3914.0070
3911.5342
3908.2053
3904.0203
3898.9792
3893.0821
3887.4466
3882.0729
3876.9609
3872.1106
3867.5221
3863.1952
3859.1301
3855.3267
3852.1315
3849.5446
3847.5658
3846.1952
3845.4328
3845.2786
3845.7326
3846.7948
3847.6362
3848.2568
3848.6565
3848.8354
3848.7935
3848.5307
3848.0471
3847.3427
3847.1253
3847.3949
3848.1514
3849.3950
3851.1255
3853.3431
3856.0476
3859.2391
3860.3316
3859.3251
3856.2195
3851.0149
3843.7113
3834.3086
3822.8070
3809.2063
3799.1021
3792.4945
3789.3834
3789.7689
3793.6509
3801.0295
3811.9046
3826.2762
3836.5581
3842.7501
3844.8524
3842.8649
3836.7876
3826.6205
3812.3636
3794.0169
3779.9242
3770.0857
3764.5012
3763.1708
3766.0944
3773.2722
3784.7040
3800.3898
3815.9710
3831.4475
3846.8193
3862.0864
3877.2488
3892.3066
3907.2596
3922.1079
3936.3709
3950.0484
3963.1406
3975.6475
3987.5689
3998.9050
4009.6556
4019.8209
4028.0517
4034.3478
4038.7094
4041.1364
4041.6288
4040.1867
4036.8100
4031.4987
4026.4833
4021.7638
4017.3402
4013.2126
4009.3808
4005.8450
4002.6051
3999.6611
3997.0298
3994.7113
3992.7055
3991.0124
3989.6320
3988.5643
3987.8094
3987.3672
3984.6092
3979.5352
3972.1454
3962.4396
3950.4180
3936.0806
3919.4272
3900.4580
3884.4481
3871.3978
3861.3068
3854.1753
3850.0032
3848.7906
3850.5374
3855.2436
3858.2297
3859.4956
3859.0414
3856.8670
3852.9724
3847.3577
3840.0229
3830.9679
3821.8837
3812.7705
3803.6281
3794.4566
3785.2559
3776.0262
3766.7673
3757.4792
3750.0490
3744.4765
3740.7618
3738.9049
3738.9058
3740.7644
3744.4808
3750.0550
3753.8552
3755.8815
3756.1338
3754.6122
3751.3167
3746.2472
3739.4037
3730.7863
3723.1898
3716.6140
3711.0591
3706.5251
3703.0119
3700.5195
3699.0479
3698.5972
3697.7993
3696.6542
3695.1618
3693.3222
3691.1354
3688.6014
3685.7201
3682.4917
3679.9147
3677.9892
3676.7152
3676.0926
3676.1215
3676.8019
3678.1338
3680.1171
3682.0711
3683.9955
3685.8905
3687.7561
3689.5923
3691.3989
3693.1762
3694.9240
3695.7355
3695.6108
3694.5497
3692.5524
3689.6188
3685.7489
3680.9427
3675.2002
3670.6444
3667.2751
3665.0924
3664.0963
3664.2867
3665.6638
3668.2274
3671.9777
3675.6353
3679.2003
3682.6727
3686.0525
3689.3397
3692.5342
3695.6362
3698.6456
3703.9980
3711.6936
3721.7323
3734.1141
3748.8391
3765.9071
3785.3183
3807.0725
3827.0712
3845.3144
3861.8020
3876.5341
3889.5106
3900.7316
3910.1970
3917.9069
3924.7418
3930.7018
3935.7869
3939.9970
3943.3323
3945.7926
3947.3779
3948.0884
3949.0721
3950.3292
3951.8596
3953.6633
3955.7403
3958.0907
3960.7143
3963.6113
3964.7709
3964.1931
3961.8779
3957.8253
3952.0354
3944.5080
3935.2433
3924.2411
3915.0721
3907.7361
3902.2332
3898.5634
3896.7267
3896.7230
3898.5525
3902.2150
3903.9073
3903.6293
3901.3812
3897.1627
3890.9741
3882.8152
3872.6861
3860.5868
3849.7413
3840.1497
3831.8119
3824.7279
3818.8978
3814.3215
3810.9991
3808.9305
3807.7538
3807.4690
3808.0761
3809.5751
3811.9659
3815.2487
3819.4233
3824.4899
3828.0000
3829.9537
3830.3510
3829.1919
3826.4764
3822.2044
3816.3761
3808.9913
3803.2792
3799.2396
3796.8726
3796.1781
3797.1563
3799.8070
3804.1304
3810.1263
3814.3573
3816.8233
3817.5245
3816.4606
3813.6319
3809.0382
3802.6796
3794.5560
3788.0599
3783.1913
3779.9501
3778.3365
3778.3503
3779.9916
3783.2604
3788.1566
3792.5516
3796.4454
3799.8379
3802.7292
3805.1193
3807.0081
3808.3957
3809.2820
3809.2367
3808.2597
3806.3511
3803.5109
3799.7389
3795.0353
3789.4001
3782.8332
3777.8136
3774.3411
3772.4158
3772.0378
3773.2070
3775.9234
3780.1870
3785.9978
3790.6839
3794.2451
3796.6817
3797.9934
3798.1804
3797.2426
3795.1801
3791.9928
3790.2068
3789.8221
3790.8387
3793.2567
3797.0760
3802.2966
3808.9185
3816.9417
3827.7532
3841.3528
3857.7406
3876.9166
3898.8808
3923.6332
3951.1738
3981.5025
4007.0426
4027.7941
4043.7569
4054.9310
4061.3164
4062.9132
4059.7214
4051.7408
4045.0040
4039.5107
4035.2611
4032.2551
4030.4927
4029.9740
4030.6989
4032.6675
4033.9187
4034.4527
4034.2694
4033.3688
4031.7510
4029.4158
4026.3634
4022.5937
4017.3836
4010.7331
4002.6421
3993.1108
3982.1390
3969.7268
3955.8743
3940.5813
3927.4738
3916.5518
3907.8153
3901.2643
3896.8988
3894.7187
3894.7242
3896.9152
3898.6950
3900.0634
3901.0206
3901.5666
3901.7013
3901.4247
3900.7369
3899.6378
3898.6698
3897.8330
3897.1274
3896.5529
3896.1096
3895.7974
3895.6163
3895.5665
3895.2641
3894.7092
3893.9018
3892.8419
3891.5295
3889.9646
3888.1472
3886.0773
3883.1611
3879.3986
3874.7897
3869.3346
3863.0332
3855.8854
3847.8913
3839.0510
3831.6418
3825.6639
3821.1172
3818.0018
3816.3175
3816.0645
3817.2428
3819.8523
3821.6197
3822.5451
3822.6284
3821.8697
3820.2690
3817.8262
3814.5414
3810.4145
3807.1181
3804.6522
3803.0168
3802.2119
3802.2375
3803.0937
3804.7803
3807.2974
3809.5500
3811.5381
3813.2618
3814.7210
3815.9157
3816.8459
3817.5117
3817.9130
3817.3981
3815.9672
3813.6201
3810.3570
3806.1777
3801.0824
3795.0709
3788.1433
3782.4570
3778.0118
3774.8078
3772.8450
3772.1234
3772.6430
3774.4038
3777.4057
3779.3208
3780.1490
3779.8902
3778.5445
3776.1120
3772.5925
3767.9861
3762.2927
3761.7022
3766.2144
3775.8294
3790.5471
3810.3676
3835.2909
3865.3170
3900.4458
3931.3948
3958.1640
3980.7534
3999.1631
4013.3929
4023.4430
4029.3132
4031.0037
4032.7278
4034.4857
4036.2772
4038.1024
4039.9614
4041.8540
4043.7803
4045.7403
4047.3875
4048.7219
4049.7436
4050.4524
4050.8484
4050.9317
4050.7021
4050.1598
4048.7550
4046.4878
4043.3583
4039.3663
4034.5119
4028.7950
4022.2158
4014.7741
4007.4412
4000.2170
3993.1015
3986.0947
3979.1967
3972.4073
3965.7267
3959.1547
3952.9476
3947.1054
3941.6279
3936.5153
3931.7675
3927.3845
3923.3663
3919.7129
3916.5983
3914.0224
3911.9853
3910.4869
3909.5272
3909.1063
3909.2241
3909.8807
3910.0008
3909.5843
3908.6313
3907.1417
3905.1156
3902.5531
3899.4539
3895.8183
3891.8979
3887.6928
3883.2030
3878.4285
3873.3693
3868.0253
3862.3967
3856.4833
3850.5049
3844.4614
3838.3530
3832.1795
3825.9410
3819.6375
3813.2690
3806.8355
3802.1088
3799.0890
3797.7760
3798.1699
3800.2706
3804.0782
3809.5926
3816.8139
3823.0154
3828.1972
3832.3592
3835.5015
3837.6239
3838.7267
3838.8096
3837.8728
3836.2939
3834.0727
3831.2095
3827.7040
3823.5565
3818.7667
3813.3348
3807.2608
3799.3754
3789.6787
3778.1706
3764.8513
3749.7206
3732.7786
3714.0252
3693.4606
3677.0001
3664.6438
3656.3916
3652.2436
3652.1998
3656.2602
3664.4247
3676.6934
3690.2044
3704.9579
3720.9537
3738.1919
3756.6725
3776.3954
3797.3607
3819.5684
3840.1969
3859.2462
3876.7162
3892.6071
3906.9187
3919.6511
3930.8043
3940.3783
3947.0426
3950.7970
3951.6417
3949.5766
3944.6018
3936.7171
3925.9227
3912.2186
3899.6833
3888.3168
3878.1193
3869.0906
3861.2308
3854.5399
3849.0178
3844.6646
3840.1369
3835.4345
3830.5575
3825.5058
3820.2796
3814.8788
3809.3033
3803.5533
3797.8166
3792.0933
3786.3834
3780.6869
3775.0037
3769.3340
3763.6776
3758.0346
3753.5086
3750.0997
3747.8079
3746.6332
3746.5755
3747.6349
3749.8114
3753.1049
3754.7861
3754.8551
3753.3118
3750.1562
3745.3883
3739.0082
3731.0157
3721.4110
3714.0324
3708.8798
3705.9534
3705.2530
3706.7787
3710.5305
3716.5083
3724.7123
3730.5244
3733.9446
3734.9729
3733.6094
3729.8541
3723.7068
3715.1677
3704.2367
3694.1364
3684.8667
3676.4276
3668.8191
3662.0413
3656.0941
3650.9776
3646.6917
3643.0536
3640.0635
3637.7213
3636.0270
3634.9806
3634.5821
3634.8315
3635.7288
3636.7108
3637.7778
3638.9295
3640.1660
3641.4873
3642.8934
3644.3843
3645.9601
3649.8695
3656.1126
3664.6895
3675.6000
3688.8442
3704.4222
3722.3338
3742.5791
3758.5075
3770.1190
3777.4136
3780.3913
3779.0521
3773.3960
3763.4229
3749.1329
3735.7503
3723.2749
3711.7069
3701.0462
3691.2928
3682.4467
3674.5079
3667.4764
3664.2514
3664.8329
3669.2210
3677.4155
3689.4166
3705.2241
3724.8382
3748.2588
3770.0205
3790.1235
3808.5678
3825.3532
3840.4799
3853.9477
3865.7568
3875.9071
3885.8214
3895.4995
3904.9416
3914.1476
3923.1175
3931.8514
3940.3492
3948.6109
3956.3473
3963.5584
3970.2442
3976.4047
3982.0399
3987.1498
3991.7344
3995.7937
3999.1251
4001.7285
4003.6041
4004.7518
4005.1716
4004.8634
4003.8274
4002.0635
4000.8734
4000.2571
4000.2147
4000.7460
4001.8513
4003.5303
4005.7832
4008.6099
4008.6949
4006.0383
4000.6400
3992.5000
3981.6183
3967.9950
3951.6299
3932.5232
3917.4283
3906.3453
3899.2740
3896.2145
3897.1668
3902.1309
3911.1067
3924.0944
3935.0759
3944.0510
3951.0198
3955.9823
3958.9386
3959.8885
3958.8322
3955.7695
3953.1362
3950.9321
3949.1573
3947.8118
3946.8956
3946.4086
3946.3509
3946.7225
3947.1768
3947.7138
3948.3335
3949.0358
3949.8209
3950.6886
3951.6390
3952.6722
3952.9836
3952.5734
3951.4415
3949.5879
3947.0127
3943.7158
3939.6972
3934.9570
3931.5193
3929.3843
3928.5518
3929.0219
3930.7947
3933.8700
3938.2479
3943.9285
3947.9810
3950.4057
3951.2023
3950.3710
3947.9118
3943.8246
3938.1094
3930.7663
3923.8109
3917.2434
3911.0636
3905.2716
3899.8673
3894.8509
3890.2222
3885.9813
3882.6064
3880.0975
3878.4547
3877.6778
3877.7670
3878.7221
3880.5433
3883.2305
3884.2080
3883.4759
3881.0341
3876.8826
3871.0214
3863.4507
3854.1702
3843.1801
3833.7065
3825.7496
3819.3092
3814.3854
3810.9781
3809.0875
3808.7134
3809.8559
3810.9765
3812.0751
3813.1517
3814.2063
3815.2390
3816.2497
3817.2385
3818.2052
3818.0278
3816.7062
3814.2405
3810.6305
3805.8764
3799.9781
3792.9355
3784.7488
3780.9289
3781.4757
3786.3892
3795.6694
3809.3164
3827.3302
3849.7106
3876.4578
3900.5280
3921.9212
3940.6374
3956.6765
3970.0387
3980.7238
3988.7320
3994.0631
3998.1854
4001.0988
4002.8034
4003.2991
4002.5859
4000.6639
3997.5331
3993.1934
3989.1964
3985.5423
3982.2309
3979.2624
3976.6366
3974.3536
3972.4134
3970.8160
3966.4505
3959.3170
3949.4154
3936.7457
3921.3080
3903.1023
3882.1284
3858.3865
3837.0054
3817.9851
3801.3256
3787.0269
3775.0890
3765.5119
3758.2956
3753.4401
3749.4685
3746.3809
3744.1773
3742.8576
3742.4219
3742.8701
3744.2023
3746.4185
3747.9925
3748.9243
3749.2140
3748.8615
3747.8669
3746.2301
3743.9511
3741.0300
3738.5901
3736.6314
3735.1539
3734.1575
3733.6424
3733.6085
3734.0557
3734.9842
3735.6394
3736.0214
3736.1301
3735.9656
3735.5278
3734.8168
3733.8326
3732.5751
3731.9313
3731.9012
3732.4849
3733.6822
3735.4933
3737.9181
3740.9566
3744.6089
3747.9115
3750.8645
3753.4678
3755.7216
3757.6257
3759.1802
3760.3851
3761.2403
3761.8883
3762.3289
3762.5622
3762.5882
3762.4069
3762.0182
3761.4222
3760.6190
3761.5038
3764.0769
3768.3381
3774.2874
3781.9249
3791.2506
3802.2644
3814.9664
3825.9773
3835.2972
3842.9260
3848.8637
3853.1104
3855.6661
3856.5307
3855.7042
3854.7438
3853.6494
3852.4210
3851.0586
3849.5623
3847.9319
3846.1676
3844.2694
3842.3511
3840.4129
3838.4546
3836.4764
3834.4782
3832.4599
3830.4217
3828.3635
3828.4977
3830.8242
3835.3431
3842.0544
3850.9580
3862.0541
3875.3425
3890.8232
3907.3258
3924.8502
3943.3965
3962.9645
3983.5544
4005.1662
4027.7997
4051.4551
4070.2959
4084.3220
4093.5335
4097.9304
4097.5126
4092.2802
4082.2332
4067.3715
4054.2392
4042.8364
4033.1629
4025.2188
4019.0042
4014.5189
4011.7630
4010.7366
4009.5778
4008.2866
4006.8632
4005.3073
4003.6192
4001.7987
3999.8459
3997.7607
3995.5573
3993.2356
3990.7956
3988.2374
3985.5608
3982.7660
3979.8529
3976.8215
3973.9908
3971.3607
3968.9313
3966.7025
3964.6743
3962.8468
3961.2199
3959.7937
3957.6855
3954.8954
3951.4233
3947.2694
3942.4334
3936.9155
3930.7157
3923.8340
3917.9613
3913.0977
3909.2432
3906.3978
3904.5615
3903.7343
3903.9162
3905.1072
3906.1972
3907.1862
3908.0742
3908.8613
3909.5474
3910.1325
3910.6166
3910.9997
3910.8898
3910.2867
3909.1906
3907.6014
3905.5191
3902.9437
3899.8752
3896.3137
3887.8973
3874.6260
3856.5000
3833.5191
3805.6833
3772.9928
3735.4474
3693.0471
3652.7934
3614.6863
3578.7257
3544.9117
3513.2442
3483.7233
3456.3490
3431.1211
3411.2631
3396.7750
3387.6566
3383.9080
3385.5293
3392.5203
3404.8812
3422.6119
3442.7935
3465.4260
3490.5093
3518.0436
3548.0287
3580.4648
3615.3517
3652.6895
3692.2879
3734.1469
3778.2665
3824.6466
3873.2873
3924.1886
3977.3505
4032.7729
4074.4809
4102.4745
4116.7537
4117.3185
4104.1689
4077.3049
4036.7265
3982.4336
3933.6577
3890.3987
3852.6566
3820.4314
3793.7231
3772.5317
3756.8572
3746.6997
3733.3887
3716.9242
3697.3064
3674.5351
3648.6104
3619.5322
3587.3006
3551.9156
3520.4612
3492.9375
3469.3444
3449.6821
3433.9503
3422.1493
3414.2789
3410.3391
3416.3259
3432.2392
3458.0790
3493.8454
3539.5382
3595.1576
3660.7034
3736.1758
3805.6450
3869.1109
3926.5737
3978.0332
4023.4894
4062.9425
4096.3923
4123.8389
4147.4578
4167.2489
4183.2122
4195.3478
4203.6556
4208.1357
4208.7880
4205.6126
4200.4554
4193.3166
4184.1960
4173.0938
4160.0099
4144.9443
4127.8970
4108.8680
4088.3336
4066.2939
4042.7488
4017.6983
3991.1424
3963.0811
3933.5145
3902.4425
3876.1283
3854.5719
3837.7735
3825.7328
3818.4500
3815.9250
3818.1578
3825.1485
3832.9667
3841.6122
3851.0853
3861.3857
3872.5136
3884.4689
3897.2517
3910.8619
3921.1885
3928.2315
3931.9908
3932.4665
3929.6586
3923.5671
3914.1919
3901.5331
3889.3699
3877.7022
3866.5301
3855.8536
3845.6726
3835.9872
3826.7974
3818.1032
3809.6037
3801.2990
3793.1891
3785.2739
3777.5536
3770.0280
3762.6972
3755.5612
3752.0873
3752.2754
3756.1256
3763.6379
3774.8122
3789.6486
3808.1471
3830.3076
3846.9809
3858.1669
3863.8656
3864.0770
3858.8012
3848.0381
3831.7878
3810.0501
3792.4314
3778.9315
3769.5505
3764.2884
3763.1451
3766.1207
3773.2152
3784.4286
3794.1907
3802.5015
3809.3610
3814.7692
3818.7261
3821.2317
3822.2860
3821.8891
3820.4660
3818.0169
3814.5417
3810.0405
3804.5131
3797.9597
3790.3802
3781.7746
3779.6525
3784.0140
3794.8590
3812.1875
3835.9995
3866.2950
3903.0741
3946.3367
3983.2618
4013.8493
4038.0994
4056.0120
4067.5871
4072.8247
4071.7248
4064.2875
4058.3127
4053.8005
4050.7510
4049.1641
4049.0398
4050.3781
4053.1790
4057.4425
4061.4636
4065.2421
4068.7781
4072.0716
4075.1226
4077.9311
4080.4971
4082.8205
4082.0346
4078.1393
4071.1346
4061.0206
4047.7971
4031.4643
4012.0220
3989.4704
3968.1891
3948.1780
3929.4372
3911.9666
3895.7663
3880.8362
3867.1764
3854.7869
3844.3560
3835.8838
3829.3703
3824.8154
3822.2193
3821.5818
3822.9030
3826.1828
3827.6997
3827.4537
3825.4447
3821.6727
3816.1378
3808.8400
3799.7792
3788.9554
3779.5866
3771.6726
3765.2136
3760.2095
3756.6602
3754.5659
3753.9265
3754.7420
3755.3102
3755.6310
3755.7045
3755.5306
3755.1094
3754.4409
3753.5250
3752.3617
3751.6363
3751.3488
3751.4991
3752.0873
3753.1133
3754.5771
3756.4789
3758.8184
3760.8318
3762.5188
3763.8796
3764.9140
3765.6223
3766.0042
3766.0599
3765.7893
3765.5739
3765.4136
3765.3085
3765.2586
3765.2638
3765.3242
3765.4398
3765.6105
3765.7886
3765.9739
3766.1665
3766.3665
3766.5737
3766.7883
3767.0101
3767.2393
3767.4317
3767.5873
3767.7060
3767.7880
3767.8332
3767.8416
3767.8133
3767.7481
3767.7840
3767.9209
3768.1590
3768.4981
3768.9383
3769.4795
3770.1218
3770.8652
3771.4256
3771.8030
3771.9973
3772.0086
3771.8368
3771.4820
3770.9442
3770.2234
3769.3124
3768.2111
3766.9196
3765.4378
3763.7659
3761.9037
3759.8513
3757.6087
3756.1430
3755.4543
3755.5425
3756.4077
3758.0499
3760.4690
3763.6651
3767.6381
3774.8213
3785.2146
3798.8180
3815.6316
3835.6553
3858.8891
3885.3330
3914.9871
3940.0666
3960.5715
3976.5019
3987.8577
3994.6389
3996.8456
3994.4777
3987.5352
3981.7303
3977.0631
3973.5334
3971.1414
3969.8869
3969.7701
3970.7909
3972.9493
3973.6557
3972.9101
3970.7125
3967.0628
3961.9612
3955.4076
3947.4019
3937.9443
3928.8523
3920.1260
3911.7654
3903.7706
3896.1414
3888.8779
3881.9801
3875.4480
3868.9201
3862.3965
3855.8771
3849.3620
3842.8511
3836.3445
3829.8421
3823.3440
3818.7665
3816.1096
3815.3734
3816.5578
3819.6628
3824.6885
3831.6348
3840.5017
3846.6129
3849.9684
3850.5681
3848.4121
3843.5003
3835.8328
3825.4095
3812.2305
3802.1034
3795.0280
3791.0045
3790.0328
3792.1130
3797.2450
3805.4288
3816.6645
3826.2770
3834.2665
3840.6328
3845.3760
3848.4962
3849.9932
3849.8671
3848.1179
3845.7960
3842.9013
3839.4338
3835.3936
3830.7807
3825.5950
3819.8365
3813.5053
3808.4469
3804.6615
3802.1490
3800.9094
3800.9427
3802.2490
3804.8281
3808.6801
3811.3328
3812.7862
3813.0403
3812.0950
3809.9504
3806.6064
3802.0632
3796.3206
3790.8877
3785.7645
3780.9510
3776.4473
3772.2532
3768.3689
3764.7943
3761.5294
3758.8376
3756.7190
3755.1734
3754.2010
3753.8018
3753.9756
3754.7226
3756.0427
3757.4924
3759.0716
3760.7804
3762.6187
3764.5867
3766.6841
3768.9112
3771.2678
3777.9686
3789.0135
3804.4026
3824.1358
3848.2132
3876.6348
3909.4006
3946.5105
3977.8132
4003.3086
4022.9969
4036.8779
4044.9518
4047.2184
4043.6778
4034.3300
4024.8098
4015.1174
4005.2526
3995.2155
3985.0062
3974.6245
3964.0704
3953.3441
3942.8247
3932.5121
3922.4064
3912.5075
3902.8155
3893.3304
3884.0522
3874.9808
3867.3360
3861.1176
3856.3257
3852.9603
3851.0214
3850.5090
3851.4231
3853.7637
3854.6430
3854.0611
3852.0180
3848.5137
3843.5482
3837.1215
3829.2335
3819.8843
3812.4242
3806.8533
3803.1716
3801.3789
3801.4755
3803.4611
3807.3359
3813.0999
3817.8371
3821.5477
3824.2315
3825.8886
3826.5191
3826.1228
3824.6998
3822.2501
3820.3267
3818.9296
3818.0588
3817.7143
3817.8960
3818.6041
3819.8384
3821.5990
3823.2134
3824.6817
3826.0038
3827.1797
3828.2094
3829.0929
3829.8303
3830.4214
3831.0566
3831.7359
3832.4591
3833.2265
3834.0378
3834.8932
3835.7926
3836.7361
3837.7041
3838.6967
3839.7138
3840.7555
3841.8218
3842.9126
3844.0280
3845.1679
3846.0659
3846.7218
3847.1358
3847.3078
3847.2378
3846.9258
3846.3718
3845.5759
3843.9196
3841.4029
3838.0259
3833.7885
3828.6908
3822.7327
3815.9143
3808.2355
3802.2008
3797.8101
3795.0635
3793.9609
3794.5024
3796.6879
3800.5175
3805.9911
3809.5995
3811.3426
3811.2205
3809.2332
3805.3806
3799.6628
3792.0797
3782.6314
3778.5733
3779.9054
3786.6277
3798.7402
3816.2429
3839.1358
3867.4190
3901.0923
3931.4581
3958.5163
3982.2670
4002.7102
4019.8458
4033.6738
4044.1943
4051.4073
4057.3665
4062.0719
4065.5234
4067.7212
4068.6652
4068.3554
4066.7917
4063.9743
4060.2842
4055.7215
4050.2862
4043.9782
4036.7975
4028.7442
4019.8183
4010.0197
4000.0477
3989.9025
3979.5838
3969.0919
3958.4266
3947.5879
3936.5759
3925.3905
3916.0170
3908.4554
3902.7056
3898.7677
3896.6416
3896.3274
3897.8251
3901.1346
3903.4353
3904.7273
3905.0105
3904.2850
3902.5506
3899.8075
3896.0557
3891.2951
3887.1706
3883.6823
3880.8302
3878.6143
3877.0345
3876.0909
3875.7835
3876.1123
3876.1012
3875.7504
3875.0599
3874.0295
3872.6594
3870.9496
3868.8999
3866.5105
3863.5095
3859.8971
3855.6731
3850.8376
3845.3905
3839.3320
3832.6619
3825.3803
3819.2140
3814.1629
3810.2272
3807.4067
3805.7016
3805.1117
3805.6371
3807.2779
3808.4958
3809.2909
3809.6632
3809.6127
3809.1395
3808.2434
3806.9245
3805.1829
3803.8913
3803.0497
3802.6582
3802.7167
3803.2253
3804.1839
3805.5926
3807.4514
3809.5965
3812.0279
3814.7458
3817.7499
3821.0405
3824.6174
3828.4807
3832.6303
3835.7648
3837.8841
3838.9882
3839.0771
3838.1508
3836.2093
3833.2527
3829.2809
3826.0351
3823.5153
3821.7215
3820.6537
3820.3120
3820.6963
3821.8066
3823.6429
3825.0283
3825.9629
3826.4465
3826.4793
3826.0612
3825.1922
3823.8723
3822.1016
3818.7900
3813.9375
3807.5441
3799.6099
3790.1348
3779.1189
3766.5621
3752.4644
3739.6534
3728.1291
3717.8915
3708.9405
3701.2762
3694.8986
3689.8077
3686.0034
3689.1029
3699.1061
3716.0130
3739.8236
3770.5380
3808.1561
3852.6779
3904.1034
3947.1194
3981.7257
4007.9225
4025.7096
4035.0871
4036.0550
4028.6134
4012.7621
3999.0524
3987.4843
3978.0577
3970.7727
3965.6293
3962.6274
3961.7671
3963.0484
3963.4831
3963.0711
3961.8124
3959.7072
3956.7553
3952.9567
3948.3115
3942.8197
3935.7151
3926.9976
3916.6672
3904.7241
3891.1681
3875.9993
3859.2176
3840.8231
3826.3877
3815.9113
3809.3939
3806.8356
3808.2363
3813.5961
3822.9149
3836.1927
3847.8805
3857.9783
3866.4860
3873.4037
3878.7313
3882.4688
3884.6164
3885.1739
3883.3023
3879.0018
3872.2722
3863.1136
3851.5260
3837.5094
3821.0638
3802.1891
3785.5536
3771.1571
3758.9998
3749.0816
3741.4026
3735.9626
3732.7617
3731.8000
3730.3057
3728.2789
3725.7196
3722.6278
3719.0034
3714.8465
3710.1571
3704.9352
3700.3954
3696.5378
3693.3623
3690.8689
3689.0577
3687.9286
3687.4817
3687.7169
3687.9942
3688.3134
3688.6747
3689.0781
3689.5234
3690.0108
3690.5403
3691.1118
3692.0417
3693.3300
3694.9767
3696.9819
3699.3455
3702.0676
3705.1480
3708.5869
3711.0969
3712.6779
3713.3300
3713.0532
3711.8474
3709.7127
3706.6490
3702.6565
3699.2574
3696.4517
3694.2396
3692.6209
3691.5957
3691.1640
3691.3257
3692.0809
3693.5988
3695.8793
3698.9224
3702.7281
3707.2965
3712.6276
3718.7212
3725.5775
3732.5786
3739.7246
3747.0154
3754.4510
3762.0315
3769.7568
3777.6270
3785.6420
3795.5637
3807.3922
3821.1275
3836.7696
3854.3184
3873.7739
3895.1362
3918.4053
3939.3049
3957.8350
3973.9956
3987.7867
3999.2083
4008.2604
4014.9430
4019.2561
4022.1865
4023.7342
4023.8993
4022.6817
4020.0814
4016.0985
4010.7328
4003.9845
3998.2627
3993.5674
3989.8985
3987.2561
3985.6402
3985.0507
3985.4878
3986.9513
3987.9242
3988.4063
3988.3978
3987.8985
3986.9086
3985.4280
3983.4568
3980.9948
3977.7623
3973.7594
3968.9860
3963.4421
3957.1277
3950.0428
3942.1874
3933.5615
3926.2324
3920.2001
3915.4645
3912.0257
3909.8837
3909.0384
3909.4899
3911.2382
3912.6299
3913.6650
3914.3435
3914.6654
3914.6307
3914.2395
3913.4916
3912.3872
3911.3955
3910.5165
3909.7502
3909.0967
3908.5558
3908.1277
3907.8123
3907.6096
3906.1186
3903.3394
3899.2718
3893.9160
3887.2719
3879.3394
3870.1187
3859.6097
3850.6681
3843.2939
3837.4870
3833.2475
3830.5754
3829.4707
3829.9333
3831.9633
3833.5933
3834.8231
3835.6529
3836.0826
3836.1122
3835.7417
3834.9712
3833.8006
3832.7130
3831.7085
3830.7871
3829.9488
3829.1936
3828.5215
3827.9324
3827.4264
3826.9116
3826.3881
3825.8557
3825.3146
3824.7647
3824.2060
3823.6385
3823.0622
3822.4893
3821.9197
3821.3534
3820.7905
3820.2309
3819.6746
3819.1217
3818.5721
3817.9802
3817.3458
3816.6690
3815.9499
3815.1884
3814.3845
3813.5382
3812.6495
3811.9180
3811.3438
3810.9268
3810.6670
3810.5645
3810.6192
3810.8311
3811.2003
3810.8644
3809.8236
3808.0778
3805.6271
3802.4713
3798.6106
3794.0449
3788.7742
3785.4402
3784.0429
3784.5823
3787.0583
3791.4711
3797.8205
3806.1066
3816.3295
3827.3267
3839.0985
3851.6447
3864.9653
3879.0605
3893.9301
3909.5742
3925.9927
3940.9010
3954.2990
3966.1867
3976.5642
3985.4315
3992.7885
3998.6352
4002.9717
4005.8154
4007.1664
4007.0247
4005.3903
4002.2631
3997.6432
3991.5306
3983.9253
3977.5008
3972.2573
3968.1946
3965.3129
3963.6120
3963.0921
3963.7530
3965.5949
3966.7815
3967.3128
3967.1890
3966.4098
3964.9755
3962.8859
3960.1411
3956.7410
3951.4872
3944.3795
3935.4181
3924.6029
3911.9338
3897.4110
3881.0344
3862.8039
3847.6447
3835.5566
3826.5396
3820.5939
3817.7193
3817.9158
3821.1835
3827.5224
3832.5235
3836.1867
3838.5121
3839.4996
3839.1493
3837.4612
3834.4352
3830.0714
3826.2392
3822.9387
3820.1697
3817.9324
3816.2267
3815.0526
3814.4102
3814.2994
3814.2487
3814.2581
3814.3276
3814.4573
3814.6471
3814.8970
3815.2071
3815.5773
3815.1205
3813.8368
3811.7260
3808.7884
3805.0237
3800.4321
3795.0136
3788.7680
3782.8368
3777.2199
3771.9173
3766.9290
3762.2551
3757.8954
3753.8501
3750.1190
3747.6228
3746.3614
3746.3348
3747.5430
3749.9861
3753.6639
3758.5766
3764.7240
3769.0046
3771.4184
3771.9653
3770.6453
3767.4585
3762.4048
3755.4842
3746.6968
3739.0826
3732.6417
3727.3741
3723.2798
3720.3587
3718.6108
3718.0363
3718.6350
3718.5442
3717.7639
3716.2941
3714.1349
3711.2861
3707.7479
3703.5202
3698.6029
3695.2253
3693.3873
3693.0889
3694.3300
3697.1108
3701.4312
3707.2911
3714.6907
3720.6641
3725.2113
3728.3324
3730.0273
3730.2961
3729.1387
3726.5551
3722.5454
3722.6761
3726.9473
3735.3589
3747.9109
3764.6033
3785.4361
3810.4094
3839.5231
3867.0560
3893.0080
3917.3792
3940.1696
3961.3791
3981.0077
3999.0555
4015.5225
4028.5307
4038.0801
4044.1707
4046.8025
4045.9755
4041.6898
4033.9452
4022.7418
4011.6281
4000.6041
3989.6697
3978.8249
3968.0699
3957.4045
3946.8287
3936.3426
3927.0936
3919.0817
3912.3069
3906.7692
3902.4686
3899.4051
3897.5787
3896.9894
3895.7605
3893.8920
3891.3840
3888.2365
3884.4493
3880.0227
3874.9564
3869.2506
3865.3083
3863.1295
3862.7141
3864.0622
3867.1738
3872.0489
3878.6874
3887.0894
3895.4316
3903.7140
3911.9366
3920.0994
3928.2024
3936.2455
3944.2288
3952.1523
3957.3377
3959.7850
3959.4941
3956.4651
3950.6980
3942.1927
3930.9493
3916.9678
3904.8204
3894.5072
3886.0281
3879.3832
3874.5723
3871.5957
3870.4532
3871.1448
3871.7474
3872.2611
3872.6857
3873.0214
3873.2681
3873.4258
3873.4945
3873.4743
3872.1535
3869.5321
3865.6102
3860.3877
3853.8646
3846.0410
3836.9169
3826.4921
3817.8124
3810.8776
3805.6878
3802.2430
3800.5431
3800.5882
3802.3783
3805.9134
3808.4356
3809.9450
3810.4415
3809.9252
3808.3960
3805.8540
3802.2991
3797.7314
3794.1959
3791.6925
3790.2214
3789.7825
3790.3757
3792.0012
3794.6588
3798.3486
3801.6677
3804.6159
3807.1933
3809.3999
3811.2357
3812.7007
3813.7949
3814.5183
3813.6468
3811.1805
3807.1194
3801.4635
3794.2127
3785.3671
3774.9267
3762.8915
3753.3337
3746.2535
3741.6508
3739.5257
3739.8780
3742.7079
3748.0153
3755.8003
3761.3678
3764.7178
3765.8504
3764.7655
3761.4632
3755.9434
3748.2062
3738.2515
3732.8096
3731.8806
3735.4643
3743.5609
3756.1702
3773.2924
3794.9273
3821.0751
3845.5582
3868.3766
3889.5304
3909.0195
3926.8439
3943.0037
3957.4987
3970.3291
3981.1772
3990.0429
3996.9262
4001.8271
4004.7457
4005.6820
4004.6358
4001.6073
3999.0673
3997.0158
3995.4527
3994.3782
3993.7921
3993.6945
3994.0854
3994.9647
3995.5107
3995.7234
3995.6026
3995.1486
3994.3611
3993.2403
3991.7861
3989.9986
3986.8454
3982.3265
3976.4420
3969.1918
3960.5759
3950.5944
3939.2472
3926.5343
3915.8553
3907.2102
3900.5989
3896.0215
3893.4780
3892.9683
3894.4926
3898.0506
3900.5299
3901.9303
3902.2519
3901.4946
3899.6585
3896.7435
3892.7497
3887.6770
3882.5975
3877.5112
3872.4179
3867.3178
3862.2109
3857.0971
3851.9764
3846.8488
3842.0584
3837.6052
3833.4892
3829.7102
3826.2685
3823.1639
3820.3965
3817.9662
3815.9143
3814.2408
3812.9457
3812.0290
3811.4907
3811.3307
3811.5492
3812.1460
3812.1536
3811.5720
3810.4012
3808.6411
3806.2918
3803.3533
3799.8256
3795.7086
3791.6352
3787.6053
3783.6189
3779.6760
3775.7767
3771.9208
3768.1085
3764.3398
3759.8765
3754.7187
3748.8664
3742.3196
3735.0783
3727.1425
3718.5121
3709.1873
3702.4991
3698.4475
3697.0325
3698.2541
3702.1123
3708.6071
3717.7385
3729.5065
3739.6753
3748.2448
3755.2151
3760.5861
3764.3579
3766.5305
3767.1039
3766.0779
3764.2351
3761.5752
3758.0984
3753.8047
3748.6939
3742.7662
3736.0216
3728.4599
3725.5960
3727.4299
3733.9615
3745.1908
3761.1179
3781.7427
3807.0652
3837.0855
3864.5095
3889.3372
3911.5687
3931.2039
3948.2429
3962.6855
3974.5319
3983.7820
3991.7066
3998.3055
4003.5788
4007.5266
4010.1487
4011.4453
4011.4162
4010.0616
4009.0416
4008.3563
4008.0058
4007.9899
4008.3088
4008.9623
4009.9505
4011.2734
4012.3928
4013.3086
4014.0208
4014.5294
4014.8345
4014.9360
4014.8340
4014.5284
4011.9351
4007.0540
3999.8853
3990.4288
3978.6845
3964.6526
3948.3330
3929.7256
3913.9466
3900.9960
3890.8737
3883.5799
3879.1144
3877.4773
3878.6685
3882.6882
3885.9017
3888.3091
3889.9103
3890.7053
3890.6942
3889.8770
3888.2536
3885.8241
3882.7023
3878.8883
3874.3821
3869.1837
3863.2930
3856.7101
3849.4350
3841.4677
3834.7773
3829.3639
3825.2276
3822.3682
3820.7858
3820.4804
3821.4520
3823.7006
3825.6315
3827.2448
3828.5403
3829.5181
3830.1782
3830.5207
3830.5454
3830.2525
3829.0945
3827.0713
3824.1830
3820.4296
3815.8111
3810.3275
3803.9787
3796.7649
3790.3840
3784.8361
3780.1212
3776.2393
3773.1904
3770.9744
3769.5914
3769.0414
3768.5856
3768.2238
3767.9561
3767.7825
3767.7030
3767.7177
3767.8264
3768.0292
3768.2315
3768.4333
3768.6345
3768.8352
3769.0354
3769.2350
3769.4341
3769.6326
3769.8588
3770.1125
3770.3938
3770.7027
3771.0391
3771.4031
3771.7948
3772.2140
3772.3721
3772.2692
3771.9053
3771.2804
3770.3944
3769.2474
3767.8394
3766.1703
3763.7154
3760.4746
3756.4481
3751.6357
3746.0375
3739.6535
3732.4836
3724.5279
3717.9271
3712.6812
3708.7901
3706.2539
3705.0726
3705.2462
3706.7746
3709.6580
3715.3016
3723.7056
3734.8699
3748.7945
3765.4795
3784.9248
3807.1304
3832.0963
3854.7679
3875.1452
3893.2281
3909.0168
3922.5110
3933.7110
3942.6166
3949.2279
3954.8014
3959.3370
3962.8347
3965.2946
3966.7166
3967.1008
3966.4471
3964.7556
3963.5976
3962.9730
3962.8820
3963.3244
3964.3003
3965.8097
3967.8527
3970.4291
3971.7410
3971.7885
3970.5716
3968.0903
3964.3445
3959.3343
3953.0596
3945.5205
3937.6170
3929.3491
3920.7167
3911.7199
3902.3587
3892.6331
3882.5430
3872.0885
3863.1356
3855.6841
3849.7342
3845.2858
3842.3389
3840.8936
3840.9498
3842.5074
3843.8728
3845.0458
3846.0264
3846.8147
3847.4106
3847.8142
3848.0254
3848.0443
3847.8757
3847.5196
3846.9760
3846.2450
3845.3265
3844.2205
3842.9270
3841.4460
3839.1168
3835.9392
3831.9132
3827.0390
3821.3164
3814.7455
3807.3263
3799.0587
3792.2305
3786.8417
3782.8923
3780.3822
3779.3115
3779.6802
3781.4883
3784.7357
3787.1268
3788.6614
3789.3396
3789.1614
3788.1268
3786.2358
3783.4884
3779.8846
3776.7510
3774.0876
3771.8945
3770.1715
3768.9188
3768.1363
3767.8241
3767.9821
3767.2472
3765.6196
3763.0991
3759.6859
3755.3798
3750.1809
3744.0892
3737.1047
3731.1768
3726.3053
3722.4903
3719.7318
3718.0298
3717.3843
3717.7953
3719.2628
3720.6917
3722.0821
3723.4339
3724.7472
3726.0219
3727.2581
3728.4556
3729.6147
3729.3703
3727.7224
3724.6711
3720.2164
3714.3582
3707.0966
3698.4316
3688.3631
3679.6209
3672.2050
3666.1155
3661.3522
3657.9152
3655.8046
3655.0202
3655.5622
3657.6122
3661.1704
3666.2367
3672.8111
3680.8937
3690.4843
3701.5831
3714.1899
3728.4488
3744.3597
3761.9226
3781.1376
3802.0045
3824.5235
3848.6944
3874.5174
3899.9129
3924.8808
3949.4212
3973.5341
3997.2195
4020.4774
4043.3077
4065.7105
4081.4738
4090.5974
4093.0815
4088.9261
4078.1310
4060.6964
4036.6222
4005.9085
3979.1866
3956.4565
3937.7184
3922.9721
3912.2177
3905.4551
3902.6844
3903.9056
3905.6019
3907.7732
3910.4196
3913.5411
3917.1377
3921.2094
3925.7562
3930.7780
3936.8344
3943.9253
3952.0508
3961.2108
3971.4053
3982.6344
3994.8980
4008.1961
4020.0689
4030.5163
4039.5384
4047.1351
4053.3065
4058.0525
4061.3731
4063.2684
4060.1913
4052.1417
4039.1197
4021.1253
3998.1584
3970.2191
3937.3073
3899.4231
3869.0861
3846.2961
3831.0532
3823.3575
3823.2089
3830.6073
3845.5529
3868.0456
3885.9708
3899.3285
3908.1186
3912.3413
3911.9964
3907.0840
3897.6041
3883.5566
3873.9896
3868.9030
3868.2967
3872.1709
3880.5254
3893.3603
3910.6757
3932.4714
3950.1889
3963.8282
3973.3893
3978.8722
3980.2769
3977.6034
3970.8518
3960.0218
3948.0042
3934.7988
3920.4057
3904.8249
3888.0563
3870.1000
3850.9560
3830.6242
3813.4393
3799.4015
3788.5105
3780.7665
3776.1695
3774.7194
3776.4163
3781.2601
3787.0372
3793.7476
3801.3912
3809.9681
3819.4783
3829.9218
3841.2985
3853.6085
3861.7492
3865.7206
3865.5227
3861.1554
3852.6189
3839.9130
3823.0378
3801.9933
3786.0994
3775.3563
3769.7638
3769.3219
3774.0308
3783.8903
3798.9005
3819.0613
3839.3116
3859.6512
3880.0802
3900.5986
3921.2064
3941.9036
3962.6902
3983.5662
4001.5178
4016.5450
4028.6477
4037.8260
4044.0799
4047.4094
4047.8145
4045.2952
4042.9932
4040.9086
4039.0415
4037.3917
4035.9593
4034.7443
4033.7467
4032.9665
4031.0782
4028.0818
4023.9773
4018.7647
4012.4439
4005.0151
3996.4781
3986.8331
3979.3046
3973.8928
3970.5976
3969.4189
3970.3569
3973.4115
3978.5827
3985.8705
3988.6576
3986.9440
3980.7296
3970.0146
3954.7989
3935.0824
3910.8652
3882.1474
3858.2270
3839.1042
3824.7790
3815.2513
3810.5211
3810.5885
3815.4535
3825.1160
3832.8234
3838.5760
3842.3735
3844.2160
3844.1036
3842.0362
3838.0138
3832.0364
3825.3838
3818.0559
3810.0528
3801.3744
3792.0208
3781.9919
3771.2879
3759.9085
3751.6282
3746.4468
3744.3644
3745.3810
3749.4965
3756.7111
3767.0246
3780.4371
3790.4781
3797.1475
3800.4454
3800.3718
3796.9266
3790.1099
3779.9216
3766.3618
3757.0015
3751.8406
3750.8792
3754.1172
3761.5546
3773.1915
3789.0278
3809.0636
3823.8633
3833.4269
3837.7545
3836.8460
3830.7014
3819.3208
3802.7042
3780.8514
3763.3954
3750.3361
3741.6735
3737.4076
3737.5384
3742.0660
3750.9902
3764.3112
3776.0146
3786.1006
3794.5690
3801.4199
3806.6532
3810.2691
3812.2675
3812.6483
3812.3294
3811.3108
3809.5925
3807.1746
3804.0569
3800.2395
3795.7224
3790.5056
3784.9480
3779.0497
3772.8107
3766.2308
3759.3103
3752.0490
3744.4469
3736.5041
3730.8125
3727.3720
3726.1827
3727.2445
3730.5575
3736.1216
3743.9369
3754.0034
3764.7246
3776.1007
3788.1314
3800.8170
3814.1573
3828.1524
3842.8023
3858.1070
3872.0216
3884.5462
3895.6807
3905.4253
3913.7798
3920.7443
3926.3187
3930.5031
3934.8017
3939.2146
3943.7416
3948.3828
3953.1382
3958.0078
3962.9916
3968.0896
3972.7369
3976.9333
3980.6790
3983.9740
3986.8181
3989.2115
3991.1542
3992.6460
3991.7409
3988.4387
3982.7395
3974.6433
3964.1501
3951.2598
3935.9726
3918.2883
3900.2512
3881.8613
3863.1186
3844.0231
3824.5747
3804.7735
3784.6195
3764.1127
3746.9225
3733.0490
3722.4920
3715.2516
3711.3279
3710.7208
3713.4303
3719.4564
3724.8829
3729.7096
3733.9367
3737.5641
3740.5917
3743.0198
3744.8481
3746.0767
3747.1668
3748.1182
3748.9309
3749.6051
3750.1406
3750.5375
3750.7958
3750.9155
3750.3518
3749.1047
3747.1743
3744.5606
3741.2634
3737.2829
3732.6191
3727.2719
3722.4934
3718.2837
3714.6427
3711.5705
3709.0671
3707.1323
3705.7664
3704.9692
3705.3383
3706.8738
3709.5757
3713.4439
3718.4784
3724.6793
3732.0466
3740.5802
3748.2706
3755.1179
3761.1219
3766.2827
3770.6004
3774.0749
3776.7061
3778.4942
3780.4048
3782.4380
3784.5936
3786.8718
3789.2724
3791.7956
3794.4413
3797.2096
3798.3524
3797.8698
3795.7618
3792.0284
3786.6696
3779.6854
3771.0758
3760.8408
3752.1094
3744.8818
3739.1579
3734.9376
3732.2211
3731.0082
3731.2991
3733.0936
3734.9080
3736.7423
3738.5964
3740.4704
3742.3642
3744.2779
3746.2114
3748.1648
3752.4120
3758.9528
3767.7874
3778.9157
3792.3378
3808.0535
3826.0630
3846.3662
3865.0157
3882.0114
3897.3535
3911.0418
3923.0764
3933.4573
3942.1844
3949.2579
3954.7274
3958.5929
3960.8545
3961.5122
3960.5659
3958.0156
3953.8615
3948.1033
3944.0891
3941.8189
3941.2925
3942.5101
3945.4716
3950.1770
3956.6263
3964.8196
3970.2232
3972.8370
3972.6612
3969.6958
3963.9406
3955.3957
3944.0612
3929.9370
3917.3205
3906.2118
3896.6109
3888.5177
3881.9324
3876.8547
3873.2849
3871.2228
3869.0181
3866.6709
3864.1810
3861.5485
3858.7734
3855.8558
3852.7955
3849.5926
3846.7464
3844.2569
3842.1239
3840.3477
3838.9280
3837.8651
3837.1587
3836.8090
3836.2737
3835.5527
3834.6461
3833.5538
3832.2759
3830.8123
3829.1630
3827.3282
3824.9772
3822.1101
3818.7269
3814.8276
3810.4122
3805.4807
3800.0331
3794.0694
3790.3761
3788.9532
3789.8008
3792.9187
3798.3070
3805.9657
3815.8949
3828.0944
3837.3276
3843.5945
3846.8951
3847.2294
3844.5974
3838.9990
3830.4344
3818.9034
3809.2704
3801.5352
3795.6980
3791.7587
3789.7173
3789.5738
3791.3282
3794.9806
3797.6485
3799.3320
3800.0311
3799.7457
3798.4759
3796.2217
3792.9831
3788.7600
3785.2250
3782.3779
3780.2189
3778.7479
3777.9649
3777.8699
3778.4630
3779.7440
3782.7825
3787.5783
3794.1315
3802.4422
3812.5102
3824.3356
3837.9184
3853.2586
3867.9812
3882.0863
3895.5738
3908.4438
3920.6962
3932.3310
3943.3482
3953.7479
3963.6672
3973.1061
3982.0646
3990.5426
3998.5402
4006.0574
4013.0942
4019.6506
4025.4614
4030.5264
4034.8459
4038.4196
4041.2478
4043.3303
4044.6671
4045.2583
4043.9567
4040.7623
4035.6752
4028.6953
4019.8226
4009.0572
3996.3990
3981.8481
3968.1945
3955.4385
3943.5798
3932.6186
3922.5549
3913.3885
3905.1196
3897.7482
3891.6745
3886.8986
3883.4204
3881.2399
3880.3572
3880.7723
3882.4851
3885.4957
3887.6433
3888.9280
3889.3497
3888.9085
3887.6044
3885.4373
3882.4072
3878.5142
3874.7719
3871.1803
3867.7394
3864.4491
3861.3096
3858.3207
3855.4825
3852.7950
3850.3874
3848.2596
3846.4118
3844.8439
3843.5558
3842.5477
3841.8194
3841.3710
3841.6202
3842.5670
3844.2114
3846.5533
3849.5928
3853.3298
3857.7644
3862.8966
3866.3613
3868.1584
3868.2880
3866.7501
3863.5446
3858.6716
3852.1311
3843.9230
3837.2876
3832.2250
3828.7350
3826.8177
3826.4731
3827.7013
3830.5021
3834.8756
3838.2077
3840.4984
3841.7477
3841.9555
3841.1219
3839.2469
3836.3304
3832.3726
3829.6399
3828.1324
3827.8501
3828.7930
3830.9611
3834.3544
3838.9729
3844.8165
3853.4287
3864.8095
3878.9588
3895.8767
3915.5631
3938.0180
3963.2415
3991.2336
4015.1485
4034.9861
4050.7466
4062.4299
4070.0360
4073.5649
4073.0166
4068.3912
4064.2640
4060.6352
4057.5048
4054.8727
4052.7389
4051.1035
4049.9664
4049.3276
4046.2096
4040.6124
4032.5359
4021.9802
4008.9452
3993.4310
3975.4376
3954.9650
3937.4290
3922.8298
3911.1673
3902.4416
3896.6525
3893.8002
3893.8847
3896.9058
3899.3227
3901.1353
3902.3436
3902.9477
3902.9475
3902.3430
3901.1342
3899.3212
3896.9270
3893.9517
3890.3952
3886.2576
3881.5389
3876.2390
3870.3579
3863.8957
3858.2524
3853.4280
3849.4225
3846.2358
3843.8680
3842.3191
3841.5891
3841.6780
3841.2553
3840.3210
3838.8752
3836.9178
3834.4488
3831.4682
3827.9761
3823.9724
3820.9379
3818.8728
3817.7769
3817.6503
3818.4931
3820.3050
3823.0863
3826.8369
3830.1110
3832.9089
3835.2304
3837.0755
3838.4442
3839.3367
3839.7527
3839.6924
3838.8701
3837.2859
3834.9397
3831.8316
3827.9615
3823.3294
3817.9354
3811.7795
3805.9579
3800.4707
3795.3178
3790.4994
3786.0153
3781.8656
3778.0503
3774.5694
3771.4897
3768.8111
3766.5337
3764.6575
3763.1824
3762.1085
3761.4359
3761.1643
3760.9251
3760.7182
3760.5435
3760.4011
3760.2910
3760.2132
3760.1676
3760.1544
3759.8532
3759.2642
3758.3872
3757.2224
3755.7696
3754.0290
3752.0004
3749.6840
3746.6951
3743.0336
3738.6997
3733.6933
3728.0143
3721.6629
3714.6390
3706.9426
3702.0743
3700.0342
3700.8223
3704.4385
3710.8829
3720.1555
3732.2562
3747.1851
3761.7112
3775.8345
3789.5551
3802.8728
3815.7878
3828.3000
3840.4094
3852.1160
3862.0973
3870.3531
3876.8835
3881.6884
3884.7680
3886.1222
3885.7509
3883.6542
3881.8456
3880.3250
3879.0925
3878.1480
3877.4916
3877.1232
3877.0429
3877.2506
3877.3808
3877.4336
3877.4089
3877.3067
3877.1271
3876.8700
3876.5354
3876.1234
3875.7965
3875.5550
3875.3986
3875.3275
3875.3416
3875.4409
3875.6255
3875.8953
3875.7683
3875.2444
3874.3237
3873.0062
3871.2918
3869.1806
3866.6725
3863.7676
3859.2371
3853.0810
3845.2993
3835.8921
3824.8592
3812.2008
3797.9167
3782.0071
3768.2178
3756.5488
3747.0001
3739.5717
3734.2636
3731.0759
3730.0084
3731.0612
3732.7476
3735.0676
3738.0211
3741.6081
3745.8287
3750.6829
3756.1706
3762.2918
3767.6843
3772.3480
3776.2829
3779.4890
3781.9663
3783.7148
3784.7346
3785.0256
3785.4227
3785.9260
3786.5354
3787.2510
3788.0727
3789.0006
3790.0346
3791.1748
3790.8611
3789.0935
3785.8719
3781.1965
3775.0672
3767.4839
3758.4468
3747.9558
3738.9495
3731.4279
3725.3911
3720.8390
3717.7716
3716.1890
3716.0911
3717.4780
3719.1901
3721.2274
3723.5900
3726.2778
3729.2909
3732.6292
3736.2928
3740.2816
3744.7765
3749.7774
3755.2844
3761.2975
3767.8166
3774.8419
3782.3732
3790.4105
3796.2709
3799.9542
3801.4605
3800.7898
3797.9421
3792.9174
3785.7156
3776.3369
3767.7471
3759.9463
3752.9344
3746.7115
3741.2775
3736.6325
3732.7764
3729.7094
3728.4689
3729.0552
3731.4681
3735.7077
3741.7740
3749.6670
3759.3866
3770.9329
3782.3803
3793.7287
3804.9782
3816.1288
3827.1805
3838.1333
3848.9871
3859.7421
3870.2497
3880.5100
3890.5230
3900.2886
3909.8070
3919.0781
3928.1018
3936.8782
3944.3040
3950.3792
3955.1037
3958.4776
3960.5009
3961.1736
3960.4956
3958.4670
3956.6977
3955.1876
3953.9368
3952.9453
3952.2130
3951.7401
3951.5264
3951.5719
3951.7855
3952.1670
3952.7166
3953.4341
3954.3196
3955.3732
3956.5947
3957.9842
3957.8944
3956.3255
3953.2773
3948.7498
3942.7431
3935.2572
3926.2920
3915.8476
3905.9005
3896.4506
3887.4981
3879.0428
3871.0848
3863.6240
3856.6606
3850.1944
3846.2518
3844.8327
3845.9372
3849.5653
3855.7170
3864.3923
3875.5911
3889.3135
3899.1607
3905.1329
3907.2300
3905.4520
3899.7989
3890.2708
3876.8675
3859.5891
3845.5428
3834.7287
3827.1467
3822.7968
3821.6790
3823.7933
3829.1398
3837.7183
3844.4286
3849.2706
3852.2442
3853.3496
3852.5866
3849.9553
3845.4558
3839.0879
3834.2063
3830.8111
3828.9022
3828.4797
3829.5434
3832.0935
3836.1299
3841.6527
3846.0454
3849.3083
3851.4412
3852.4442
3852.3172
3851.0603
3848.6734
3845.1566
3841.8418
3838.7289
3835.8180
3833.1091
3830.6022
3828.2973
3826.1943
3824.2933
3823.3192
3823.2718
3824.1512
3825.9574
3828.6905
3832.3503
3836.9369
3842.4504
3846.8277
3850.0691
3852.1743
3853.1435
3852.9767
3851.6738
3849.2349
3845.6599
3842.3367
3839.2655
3836.4461
3833.8786
3831.5630
3829.4992
3827.6873
3826.1273
3826.0209
3827.3682
3830.1690
3834.4235
3840.1316
3847.2934
3855.9087
3865.9777
3875.9887
3885.9415
3895.8362
3905.6729
3915.4515
3925.1720
3934.8344
3944.4387
3953.7906
3962.8899
3971.7368
3980.3312
3988.6731
3996.7625
4004.5994
4012.1839
4018.5467
4023.6878
4027.6073
4030.3052
4031.7815
4032.0361
4031.0691
4028.8805
4027.0937
4025.7089
4024.7259
4024.1448
4023.9657
4024.1884
4024.8131
4025.8396
4026.4322
4026.5909
4026.3157
4025.6066
4024.4635
4022.8866
4020.8757
4018.4309
4014.1645
4008.0766
4000.1671
3990.4361
3978.8836
3965.5094
3950.3138
3933.2965
3918.8656
3907.0210
3897.7627
3891.0907
3887.0050
3885.5057
3886.5926
3890.2659
3893.3851
3895.9502
3897.9613
3899.4183
3900.3212
3900.6700
3900.4648
3899.7055
3898.8598
3897.9275
3896.9087
3895.8035
3894.6117
3893.3335
3891.9688
3890.5176
3888.8173
3886.8679
3884.6694
3882.2218
3879.5252
3876.5795
3873.3846
3869.9407
3866.2331
3862.2618
3858.0268
3853.5281
3848.7657
3843.7397
3838.4499
3832.8964
3828.1293
3824.1485
3820.9542
3818.5462
3816.9246
3816.0894
3816.0405
3816.7781
3817.3882
3817.8708
3818.2259
3818.4537
3818.5539
3818.5267
3818.3721
3818.0899
3817.4021
3816.3086
3814.8093
3812.9043
3810.5936
3807.8772
3804.7551
3801.2273
3797.4821
3793.5198
3789.3401
3784.9432
3780.3289
3775.4975
3770.4487
3765.1827
3760.2481
3755.6448
3751.3731
3747.4327
3743.8237
3740.5461
3737.6000
3734.9852
3732.4093
3729.8722
3727.3739
3724.9144
3722.4938
3720.1119
3717.7689
3715.4647
3714.4845
3714.8284
3716.4963
3719.4882
3723.8042
3729.4442
3736.4082
3744.6963
3754.7977
3766.7123
3780.4401
3795.9811
3813.3354
3832.5029
3853.4837
3876.2777
3895.1505
3910.1023
3921.1328
3928.2423
3931.4306
3930.6978
3926.0438
3917.4687
3910.9686
3906.5436
3904.1935
3903.9184
3905.7183
3909.5933
3915.5432
3923.5682
3929.1743
3932.3615
3933.1299
3931.4794
3927.4101
3920.9219
3912.0148
3900.6889
3891.4121
3884.1844
3879.0058
3875.8762
3874.7958
3875.7645
3878.7823
3883.8491
3886.7533
3887.4947
3886.0734
3882.4893
3876.7425
3868.8330
3858.7608
3846.5258
3835.1848
3824.7377
3815.1846
3806.5254
3798.7601
3791.8888
3785.9114
3780.8280
3775.0003
3768.4283
3761.1120
3753.0514
3744.2466
3734.6975
3724.4041
3713.3664
3703.3339
3694.3065
3686.2843
3679.2673
3673.2555
3668.2488
3664.2473
3661.2509
3665.3383
3676.5093
3694.7641
3720.1026
3752.5248
3792.0307
3838.6204
3892.2937
3934.8020
3966.1450
3986.3229
3995.3357
3993.1834
3979.8659
3955.3832
3919.7354
3884.6971
3850.2683
3816.4489
3783.2391
3750.6387
3718.6478
3687.2663
3656.4944
3630.1914
3608.3573
3590.9921
3578.0959
3569.6686
3565.7103
3566.2209
3571.2004
3576.2927
3581.4977
3586.8155
3592.2461
3597.7895
3603.4456
3609.2145
3615.0962
3620.8308
3626.4184
3631.8590
3637.1525
3642.2991
3647.2986
3652.1510
3656.8565
3664.0487
3673.7276
3685.8932
3700.5455
3717.6846
3737.3104
3759.4229
3784.0222
3804.7179
3821.5099
3834.3984
3843.3833
3848.4646
3849.6423
3846.9164
3840.2869
3837.3788
3838.1922
3842.7269
3850.9831
3862.9607
3878.6596
3898.0800
3921.2218
3939.5958
3953.2019
3962.0402
3966.1106
3965.4132
3959.9480
3949.7149
3934.7140
3922.7210
3913.7360
3907.7589
3904.7898
3904.8286
3907.8754
3913.9301
3922.9927
3934.4815
3948.3962
3964.7370
3983.5039
4004.6968
4028.3157
4054.3607
4082.8317
4107.7977
4129.2586
4147.2145
4161.6652
4172.6110
4180.0516
4183.9872
4184.4178
4182.6216
4178.5987
4172.3491
4163.8728
4153.1697
4140.2399
4125.0835
4107.7003
4092.8397
4080.5018
4070.6866
4063.3941
4058.6242
4056.3770
4056.6524
4059.4505
4059.2457
4056.0381
4049.8275
4040.6141
4028.3978
4013.1786
3994.9565
3973.7315
3954.3142
3936.7046
3920.9027
3906.9085
3894.7220
3884.3432
3875.7721
3869.0087
3864.3026
3861.6539
3861.0626
3862.5286
3866.0520
3871.6327
3879.2708
3888.9663
3895.5708
3899.0844
3899.5071
3896.8389
3891.0798
3882.2297
3870.2887
3855.2568
3841.9183
3830.2733
3820.3216
3812.0634
3805.4985
3800.6271
3797.4491
3795.9645
3794.1592
3792.0332
3789.5864
3786.8188
3783.7305
3780.3215
3776.5917
3772.5412
3769.4163
3767.2171
3765.9434
3765.5954
3766.1731
3767.6763
3770.1052
3773.4597
3776.9682
3780.6308
3784.4475
3788.4182
3792.5430
3796.8218
3801.2547
3805.8416
3810.7443
3815.9627
3821.4968
3827.3467
3833.5123
3839.9936
3846.7907
3853.9035
3859.2031
3862.6897
3864.3632
3864.2236
3862.2708
3858.5050
3852.9261
3845.5340
3839.0018
3833.3295
3828.5170
3824.5644
3821.4717
3819.2388
3817.8658
3817.3526
3816.6800
3815.8480
3814.8565
3813.7055
3812.3951
3810.9253
3809.2959
3807.5072
3805.5260
3803.3523
3800.9862
3798.4276
3795.6765
3792.7330
3789.5970
3786.2686
3782.0635
3776.9819
3771.0236
3764.1888
3756.4774
3747.8893
3738.4247
3728.0834
3719.1596
3711.6533
3705.5645
3700.8931
3697.6392
3695.8027
3695.3837
3696.3822
3701.2896
3710.1058
3722.8309
3739.4648
3760.0076
3784.4593
3812.8198
3845.0892
3872.8159
3896.0001
3914.6416
3928.7406
3938.2969
3943.3106
3943.7817
3939.7102
3935.1440
3930.0831
3924.5275
3918.4772
3911.9322
3904.8925
3897.3581
3889.3290
3883.7914
3880.7453
3880.1907
3882.1276
3886.5560
3893.4758
3902.8872
3914.7901
3921.9324
3924.3141
3921.9353
3914.7960
3902.8961
3886.2356
3864.8146
3838.6331
3815.2789
3794.7522
3777.0529
3762.1810
3750.1366
3740.9195
3734.5299
3730.9677
3727.5464
3724.2658
3721.1260
3718.1271
3715.2690
3712.5517
3709.9751
3707.5394
3706.7116
3707.4915
3709.8792
3713.8747
3719.4780
3726.6891
3735.5080
3745.9348
3754.5980
3761.4976
3766.6338
3770.0064
3771.6155
3771.4610
3769.5430
3765.8615
3763.2608
3761.7408
3761.3016
3761.9432
3763.6655
3766.4687
3770.3525
3775.3172
3780.6322
3786.2975
3792.3131
3798.6791
3805.3954
3812.4620
3819.8789
3827.6462
3833.6343
3837.8432
3840.2729
3840.9235
3839.7948
3836.8870
3832.2000
3825.7338
3819.1418
3812.4240
3805.5803
3798.6109
3791.5157
3784.2946
3776.9477
3769.4751
3764.9664
3763.4218
3764.8412
3769.2246
3776.5721
3786.8836
3800.1592
3816.3987
3830.1390
3841.3799
3850.1216
3856.3639
3860.1069
3861.3506
3860.0950
3856.3401
3853.2455
3850.8113
3849.0373
3847.9237
3847.4704
3847.6774
3848.5447
3850.0724
3850.3929
3849.5063
3847.4127
3844.1119
3839.6041
3833.8891
3826.9670
3818.8378
3817.1597
3821.9325
3833.1564
3850.8313
3874.9571
3905.5340
3942.5620
3986.0409
4023.1702
4053.9500
4078.3801
4096.4607
4108.1916
4113.5730
4112.6048
4105.2869
4099.0550
4093.9089
4089.8488
4086.8745
4084.9861
4084.1837
4084.4671
4085.8364
4087.0761
4088.1863
4089.1669
4090.0179
4090.7394
4091.3313
4091.7937
4092.1265
4089.9978
4085.4075
4078.3556
4068.8422
4056.8672
4042.4307
4025.5327
4006.1731
3989.8692
3976.6210
3966.4285
3959.2918
3955.2108
3954.1855
3956.2159
3961.3020
3965.0185
3967.3652
3968.3422
3967.9496
3966.1872
3963.0551
3958.5533
3952.6819
3946.5138
3940.0490
3933.2877
3926.2297
3918.8752
3911.2239
3903.2761
3895.0317
3887.4274
3880.4633
3874.1393
3868.4555
3863.4118
3859.0083
3855.2450
3852.1218
3849.5149
3847.4243
3845.8500
3844.7919
3844.2501
3844.2245
3844.7153
3845.7223
3845.8840
3845.2003
3843.6714
3841.2971
3838.0774
3834.0125
3829.1022
3823.3465
3818.4141
3814.3049
3811.0189
3808.5560
3806.9164
3806.1000
3806.1068
3806.9368
3807.2852
3807.1519
3806.5371
3805.4407
3803.8627
3801.8031
3799.2620
3796.2392
3793.5412
3791.1680
3789.1197
3787.3962
3785.9975
3784.9236
3784.1745
3783.7502
3783.3971
3783.1153
3782.9047
3782.7653
3782.6971
3782.7001
3782.7744
3782.9198
3783.0440
3783.1470
