7853.1420
7853.7253
7854.5628
7855.6545
7857.0005
7858.6006
7858.5110
7856.7317
7853.2627
7848.1040
7841.2556
7832.7176
7822.4898
7810.5723
7800.5496
7792.4216
7786.1884
7781.8500
7779.4062
7778.8573
7780.2031
7783.4436
7786.7796
7790.2111
7793.7380
7797.3604
7801.0782
7804.8915
7808.8003
7812.8045
7817.7150
7823.5318
7830.2549
7837.8843
7846.4201
7855.8621
7866.2104
7877.4650
7893.2686
7913.6213
7938.5231
7967.9739
8001.9737
8040.5226
8083.6205
8131.2675
8175.8463
8217.3568
8255.7991
8291.1732
8323.4791
8352.7168
8378.8862
8401.9874
8420.1914
8433.4982
8441.9077
8445.4200
8444.0350
8437.7529
8426.5735
8410.4968
8398.1437
8389.5142
8384.6082
8383.4257
8385.9669
8392.2315
8402.2197
8415.9315
8424.0840
8426.6774
8423.7116
8415.1866
8401.1024
8381.4590
8356.2564
8325.4946
8298.5873
8275.5344
8256.3359
8240.9919
8229.5024
8221.8673
8218.0866
8218.1604
8217.5198
8216.1648
8214.0955
8211.3117
8207.8136
8203.6011
8198.6742
8193.0329
8187.6202
8182.4361
8177.4806
8172.7537
8168.2553
8163.9855
8159.9443
8156.1317
8151.7864
8146.9085
8141.4978
8135.5544
8129.0784
8122.0697
8114.5283
8106.4542
8098.5272
8090.7472
8083.1143
8075.6284
8068.2895
8061.0977
8054.0529
8047.1552
8040.2258
8033.2647
8026.2718
8019.2473
8012.1910
8005.1030
7997.9833
7990.8319
7984.8684
7980.0927
7976.5048
7974.1047
7972.8924
7972.8680
7974.0314
7976.3827
7977.8185
7978.3388
7977.9437
7976.6331
7974.4070
7971.2655
7967.2086
7962.2361
7956.5802
7950.2408
7943.2178
7935.5114
7927.1214
7918.0480
7908.2910
7897.8505
7888.4278
7880.0227
7872.6353
7866.2656
7860.9137
7856.5794
7853.2628
7850.9638
7848.9866
7847.3311
7845.9972
7844.9850
7844.2945
7843.9257
7843.8786
7844.1531
7843.2999
7841.3188
7838.2099
7833.9732
7828.6087
7822.1164
7814.4962
7805.7483
7798.1682
7791.7562
7786.5121
7782.4359
7779.5277
7777.7874
7777.2150
7777.8107
7787.7071
7806.9043
7835.4024
7873.2013
7920.3010
7976.7015
8042.4028
8117.4049
8181.7112
8235.3215
8278.2360
8310.4545
8331.9772
8342.8039
8342.9348
8332.3698
8322.4631
8313.2149
8304.6251
8296.6936
8289.4206
8282.8059
8276.8497
8271.5519
8265.5894
8258.9622
8251.6703
8243.7138
8235.0926
8225.8067
8215.8562
8205.2410
8192.3634
8177.2234
8159.8211
8140.1564
8118.2294
8094.0399
8067.5881
8038.8740
8014.5340
7994.5682
7978.9766
7967.7591
7960.9159
7958.4468
7960.3519
7966.6311
7972.3358
7977.4659
7982.0215
7986.0024
7989.4088
7992.2406
7994.4977
7996.1804
7995.5756
7992.6835
7987.5040
7980.0371
7970.2829
7958.2412
7943.9122
7927.2959
7913.1203
7901.3854
7892.0914
7885.2381
7880.8256
7878.8538
7879.3229
7882.2327
7883.1516
7882.0795
7879.0166
7873.9627
7866.9179
7857.8821
7846.8555
7833.8379
7824.0603
7817.5227
7814.2250
7814.1672
7817.3495
7823.7717
7833.4338
7846.3359
7855.8022
7861.8327
7864.4274
7863.5863
7859.3094
7851.5967
7840.4482
7825.8638
7814.0697
7805.0656
7798.8518
7795.4281
7794.7945
7796.9511
7801.8978
7809.6347
7815.4789
7819.4303
7821.4889
7821.6548
7819.9280
7816.3084
7810.7961
7803.3910
7796.4227
7789.8912
7783.7964
7778.1384
7772.9172
7768.1327
7763.7850
7759.8740
7757.0094
7755.1912
7754.4194
7754.6939
7756.0147
7758.3820
7761.7956
7766.2556
7768.4910
7768.5018
7766.2881
7761.8498
7755.1869
7746.2994
7735.1874
7721.8508
7716.1081
7717.9593
7727.4043
7744.4433
7769.0761
7801.3028
7841.1233
7888.5378
7934.5695
7979.2184
8022.4845
8064.3679
8104.8685
8143.9863
8181.7213
8218.0736
8249.3493
8275.5483
8296.6707
8312.7166
8323.6858
8329.5784
8330.3943
8326.1337
8322.5348
8319.5976
8317.3222
8315.7085
8314.7565
8314.4663
8314.8378
8315.8710
8315.9945
8315.2080
8313.5118
8310.9058
8307.3899
8302.9642
8297.6287
8291.3833
8284.2696
8276.2874
8267.4368
8257.7178
8247.1304
8235.6745
8223.3503
8210.1576
8195.5487
8179.5234
8162.0818
8143.2239
8122.9498
8101.2593
8078.1525
8053.6294
8033.0701
8016.4745
8003.8427
7995.1746
7990.4703
7989.7297
7992.9529
8000.1399
8005.4956
8009.0200
8010.7131
8010.5750
8008.6057
8004.8050
7999.1731
7991.7099
7984.1993
7976.6411
7969.0356
7961.3825
7953.6819
7945.9339
7938.1384
7930.2955
7922.6066
7915.0718
7907.6910
7900.4643
7893.3917
7886.4731
7879.7086
7873.0981
7867.5278
7862.9975
7859.5073
7857.0572
7855.6472
7855.2772
7855.9474
7857.6576
7859.4168
7861.2250
7863.0821
7864.9883
7866.9434
7868.9475
7871.0005
7873.1026
7873.8585
7873.2684
7871.3322
7868.0499
7863.4216
7857.4471
7850.1266
7841.4600
7832.7924
7824.1241
7815.4548
7806.7847
7798.1136
7789.4417
7780.7689
7772.0953
7764.8161
7758.9314
7754.4412
7751.3456
7749.6444
7749.3377
7750.4256
7752.9079
7755.2136
7757.3426
7759.2949
7761.0706
7762.6696
7764.0920
7765.3376
7766.4067
7766.7856
7766.4743
7765.4729
7763.7813
7761.3995
7758.3277
7754.5656
7750.1134
7749.0243
7751.2981
7756.9350
7765.9349
7778.2978
7794.0237
7813.1126
7835.5645
7862.8879
7895.0827
7932.1489
7974.0865
8020.8955
8072.5760
8129.1278
8190.5511
8244.0629
8289.6633
8327.3522
8357.1296
8378.9956
8392.9501
8398.9931
8397.1247
8393.6028
8388.4274
8381.5986
8373.1162
8362.9804
8351.1911
8337.7483
8322.6520
8309.8858
8299.4496
8291.3434
8285.5673
8282.1212
8281.0051
8282.2191
8285.7631
8288.4651
8290.3253
8291.3436
8291.5199
8290.8543
8289.3469
8286.9975
8283.8062
8276.7771
8265.9103
8251.2057
8232.6633
8210.2831
8184.0651
8154.0094
8120.1159
8091.6160
8068.5096
8050.7968
8038.4776
8031.5519
8030.0199
8033.8814
8043.1365
8051.3553
8058.5380
8064.6845
8069.7947
8073.8687
8076.9066
8078.9082
8079.8736
8079.8419
8078.8131
8076.7873
8073.7643
8069.7443
8064.7272
8058.7130
8051.7017
8043.8277
8035.0910
8025.4915
8015.0293
8003.7043
7991.5166
7978.4662
7964.5531
7952.7571
7943.0783
7935.5167
7930.0723
7926.7450
7925.5349
7926.4420
7929.4663
7930.8104
7930.4743
7928.4579
7924.7614
7919.3846
7912.3276
7903.5904
7893.1730
7884.8747
7878.6954
7874.6352
7872.6941
7872.8720
7875.1690
7879.5851
7886.1202
7889.3858
7889.3820
7886.1087
7879.5658
7869.7536
7856.6718
7840.3206
7820.6998
7804.1787
7790.7572
7780.4353
7773.2130
7769.0904
7768.0673
7770.1439
7775.3201
7779.7033
7783.2936
7786.0909
7788.0953
7789.3068
7789.7253
7789.3509
7788.1836
7786.3647
7783.8943
7780.7724
7776.9990
7772.5740
7767.4975
7761.7695
7755.3900
7749.9347
7745.4035
7741.7964
7739.1135
7737.3548
7736.5202
7736.6098
7737.6235
7739.0543
7740.9022
7743.1671
7745.8491
7748.9482
7752.4643
7756.3975
7760.7478
7769.6679
7783.1579
7801.2177
7823.8474
7851.0470
7882.8164
7919.1556
7960.0648
7999.5477
8037.6045
8074.2352
8109.4397
8143.2180
8175.5702
8206.4963
8235.9962
8260.0698
8278.7172
8291.9384
8299.7334
8302.1021
8299.0445
8290.5608
8276.6508
8264.5597
8254.2875
8245.8342
8239.1998
8234.3843
8231.3878
8230.2101
8230.8513
8231.9983
8233.6510
8235.8095
8238.4736
8241.6436
8245.3192
8249.5006
8254.1877
8253.6085
8247.7630
8236.6512
8220.2732
8198.6288
8171.7182
8139.5412
8102.0980
8069.8095
8042.6757
8020.6966
8003.8723
7992.2026
7985.6877
7984.3276
7988.1221
7992.3567
7997.0314
8002.1461
8007.7009
8013.6957
8020.1305
8027.0054
8034.3204
8039.4402
8042.3649
8043.0945
8041.6290
8037.9683
8032.1125
8024.0616
8013.8156
8005.2874
7998.4770
7993.3843
7990.0095
7988.3525
7988.4132
7990.1918
7993.6882
7996.8409
7999.6501
8002.1158
8004.2379
8006.0164
8007.4513
8008.5426
8009.2904
8008.9907
8007.6434
8005.2485
8001.8061
7997.3162
7991.7787
7985.1937
7977.5611
7970.8133
7964.9503
7959.9720
7955.8785
7952.6697
7950.3457
7948.9065
7948.3520
7945.4338
7940.1518
7932.5061
7922.4966
7910.1233
7895.3863
7878.2855
7858.8210
7841.8603
7827.4034
7815.4504
7806.0012
7799.0559
7794.6144
7792.6768
7793.2430
7793.9640
7794.8400
7795.8709
7797.0566
7798.3973
7799.8928
7801.5432
7803.3485
7804.7174
7805.6499
7806.1459
7806.2055
7805.8287
7805.0154
7803.7658
7802.0797
7801.7689
7802.8334
7805.2732
7809.0883
7814.2787
7820.8444
7828.7854
7838.1017
7845.8604
7852.0614
7856.7049
7859.7907
7861.3189
7861.2895
7859.7024
7856.5577
7861.8374
7875.5413
7897.6694
7928.2219
7967.1987
8014.5997
8070.4250
8134.6746
8190.6188
8238.2577
8277.5911
8308.6192
8331.3419
8345.7592
8351.8712
8349.6777
8346.4481
8342.1822
8336.8802
8330.5419
8323.1675
8314.7568
8305.3100
8294.8270
8285.9131
8278.5683
8272.7928
8268.5863
8265.9490
8264.8809
8265.3818
8267.4520
8269.0821
8270.2721
8271.0221
8271.3320
8271.2019
8270.6317
8269.6215
8268.1712
8262.0980
8251.4018
8236.0828
8216.1408
8191.5759
8162.3881
8128.5773
8090.1436
8057.5141
8030.6886
8009.6673
7994.4501
7985.0370
7981.4281
7983.6232
7991.6225
7997.0503
7999.9067
8000.1917
7997.9051
7993.0472
7985.6178
7975.6169
7963.0446
7951.5475
7941.1254
7931.7786
7923.5069
7916.3103
7910.1889
7905.1426
7901.1715
7897.8052
7895.0438
7892.8873
7891.3356
7890.3889
7890.0469
7890.3099
7891.1777
7891.8884
7892.4419
7892.8384
7893.0777
7893.1599
7893.0849
7892.8529
7892.4637
7892.1054
7891.7780
7891.4815
7891.2158
7890.9811
7890.7772
7890.6042
7890.4621
7890.1423
7889.6449
7888.9698
7888.1171
7887.0866
7885.8786
7884.4928
7882.9294
7882.2158
7882.3519
7883.3377
7885.1733
7887.8587
7891.3938
7895.7786
7901.0132
7905.4718
7909.1544
7912.0611
7914.1917
7915.5464
7916.1251
7915.9278
7914.9546
7912.3115
7907.9987
7902.0160
7894.3634
7885.0411
7874.0490
7861.3870
7847.0552
7834.8061
7824.6396
7816.5556
7810.5544
7806.6357
7804.7997
7805.0463
7807.3755
7809.4748
7811.3444
7812.9841
7814.3940
7815.5740
7816.5243
7817.2447
7817.7352
7815.9507
7811.8912
7805.5567
7796.9471
7786.0625
7772.9028
7757.4681
7739.7584
7728.3294
7723.1811
7724.3136
7731.7268
7745.4208
7765.3954
7791.6509
7824.1870
7859.2310
7896.7829
7936.8427
7979.4104
8024.4859
8072.0694
8122.1607
8174.7599
8219.6118
8256.7165
8286.0740
8307.6842
8321.5472
8327.6630
8326.0315
8316.6528
8308.5815
8301.8177
8296.3613
8292.2123
8289.3708
8287.8367
8287.6101
8288.6909
8289.7655
8290.8338
8291.8959
8292.9518
8294.0015
8295.0449
8296.0821
8297.1130
8297.1313
8296.1369
8294.1298
8291.1100
8287.0775
8282.0323
8275.9745
8268.9039
8258.7736
8245.5836
8229.3337
8210.0242
8187.6548
8162.2257
8133.7368
8102.1882
8073.2862
8047.0308
8023.4221
8002.4600
7984.1445
7968.4756
7955.4534
7945.0778
7935.6076
7927.0427
7919.3833
7912.6292
7906.7805
7901.8372
7897.7993
7894.6667
7891.7800
7889.1391
7886.7439
7884.5946
7882.6911
7881.0334
7879.6216
7878.4555
7877.5770
7876.9860
7876.6826
7876.6668
7876.9386
7877.4978
7878.3447
7879.4791
7880.9667
7882.8073
7885.0010
7887.5479
7890.4479
7893.7010
7897.3072
7901.2665
7906.7556
7913.7744
7922.3231
7932.4016
7944.0098
7957.1478
7971.8156
7988.0132
8001.4434
8012.1062
8020.0016
8025.1297
8027.4903
8027.0835
8023.9093
8017.9678
8011.5756
8004.7328
7997.4395
7989.6956
7981.5011
7972.8560
7963.7603
7954.2140
7944.8509
7935.6708
7926.6739
7917.8601
7909.2294
7900.7819
7892.5175
7884.4361
7876.0748
7867.4335
7858.5122
7849.3108
7839.8295
7830.0681
7820.0268
7809.7054
7800.5291
7792.4979
7785.6117
7779.8706
7775.2745
7771.8235
7769.5176
7768.3568
7768.7701
7770.7576
7774.3193
7779.4552
7786.1653
7794.4496
7804.3080
7815.7407
7825.7345
7834.2895
7841.4057
7847.0831
7851.3218
7854.1215
7855.4825
7855.4047
7854.9402
7854.0890
7852.8511
7851.2265
7849.2151
7846.8171
7844.0324
7840.8610
7836.4769
7830.8800
7824.0704
7816.0481
7806.8130
7796.3652
7784.7047
7771.8314
7763.4702
7759.6208
7760.2835
7765.4581
7775.1447
7789.3433
7808.0538
7831.2763
7857.2786
7886.0608
7917.6228
7951.9646
7989.0863
8028.9877
8071.6690
8117.1302
8157.7297
8193.4676
8224.3438
8250.3584
8271.5114
8287.8027
8299.2325
8305.8005
8311.1996
8315.4297
8318.4908
8320.3829
8321.1059
8320.6600
8319.0451
8316.2612
8315.0842
8315.5142
8317.5512
8321.1951
8326.4461
8333.3039
8341.7688
8351.8406
8356.1101
8354.5772
8347.2419
8334.1043
8315.1644
8290.4221
8259.8774
8223.5304
8192.3838
8166.4377
8145.6921
8130.1469
8119.8022
8114.6579
8114.7141
8119.9707
8124.5151
8128.3472
8131.4670
8133.8745
8135.5698
8136.5527
8136.8234
8136.3817
8135.7696
8134.9869
8134.0337
8132.9100
8131.6158
8130.1510
8128.5157
8126.7100
8123.6824
8119.4332
8113.9622
8107.2695
8099.3551
8090.2189
8079.8610
8068.2814
8057.3959
8047.2046
8037.7073
8028.9041
8020.7951
8013.3802
8006.6593
8000.6326
7995.4270
7991.0425
7987.4790
7984.7367
7982.8155
7981.7153
7981.4362
7981.9783
7981.6520
7980.4575
7978.3947
7975.4637
7971.6644
7966.9968
7961.4609
7955.0568
7947.8766
7939.9204
7931.1880
7921.6797
7911.3952
7900.3347
7888.4981
7875.8854
7865.0962
7856.1303
7848.9877
7843.6685
7840.1727
7838.5003
7838.6512
7840.6255
7841.0044
7839.7879
7836.9760
7832.5687
7826.5660
7818.9680
7809.7745
7798.9856
7790.1974
7783.4099
7778.6231
7775.8370
7775.0516
7776.2669
7779.4829
7784.6996
7788.0380
7789.4982
7789.0801
7786.7838
7782.6092
7776.5564
7768.6253
7758.8159
7753.8324
7753.6746
7758.3426
7767.8364
7782.1560
7801.3014
7825.2726
7854.0696
7885.9362
7920.8725
7958.8784
7999.9539
8044.0991
8091.3139
8141.5983
8194.9524
8238.3330
8271.7400
8295.1736
8308.6336
8312.1200
8305.6330
8289.1724
8262.7383
8241.0071
8223.9788
8211.6534
8204.0308
8201.1111
8202.8944
8209.3805
8220.5695
8229.3060
8235.5902
8239.4219
8240.8012
8239.7280
8236.2025
8230.2245
8221.7940
8211.7269
8200.0230
8186.6823
8171.7049
8155.0907
8136.8398
8116.9522
8095.4277
8076.2088
8059.2952
8044.6870
8032.3843
8022.3870
8014.6950
8009.3086
8006.2275
8004.8508
8005.1785
8007.2107
8010.9472
8016.3882
8023.5336
8032.3834
8042.9376
8051.8367
8059.0808
8064.6699
8068.6039
8070.8829
8071.5068
8070.4757
8067.7896
8063.2693
8056.9150
8048.7265
8038.7040
8026.8474
8013.1566
7997.6318
7980.2729
7965.7812
7954.1567
7945.3994
7939.5093
7936.4864
7936.3308
7939.0424
7944.6212
7948.2661
7949.9773
7949.7547
7947.5982
7943.5079
7937.4839
7929.5260
7919.6343
7910.1931
7901.2024
7892.6621
7884.5724
7876.9331
7869.7443
7863.0060
7856.7182
7851.7218
7848.0166
7845.6029
7844.4805
7844.6495
7846.1098
7848.8614
7852.9044
7855.1654
7855.6443
7854.3412
7851.2560
7846.3888
7839.7396
7831.3083
7821.0949
7812.7147
7806.1676
7801.4536
7798.5726
7797.5248
7798.3101
7800.9285
7805.3801
7808.1687
7809.2943
7808.7571
7806.5569
7802.6939
7797.1679
7789.9790
7781.1271
7773.0473
7765.7396
7759.2039
7753.4403
7748.4487
7744.2292
7740.7817
7738.1062
7735.8779
7734.0967
7732.7626
7731.8756
7731.4357
7731.4430
7731.8973
7732.7988
7733.7108
7734.6333
7735.5662
7736.5097
7737.4637
7738.4282
7739.4032
7740.3887
7750.2589
7769.0137
7796.6533
7833.1774
7878.5863
7932.8798
7996.0580
8068.1209
8130.8887
8184.3616
8228.5394
8263.4222
8289.0100
8305.3027
8312.3005
8310.0032
8306.3180
8301.2449
8294.7838
8286.9347
8277.6978
8267.0728
8255.0600
8241.6592
8230.6628
8222.0708
8215.8833
8212.1002
8210.7216
8211.7474
8215.1776
8221.0122
8226.6425
8232.0686
8237.2902
8242.3076
8247.1207
8251.7294
8256.1339
8260.3340
8260.9562
8258.0004
8251.4666
8241.3549
8227.6652
8210.3976
8189.5520
8165.1284
8143.0272
8123.2482
8105.7916
8090.6572
8077.8452
8067.3555
8059.1880
8053.3429
8047.8938
8042.8407
8038.1836
8033.9224
8030.0573
8026.5882
8023.5151
8020.8379
8017.9580
8014.8753
8011.5897
8008.1014
8004.4102
8000.5163
7996.4195
7992.1199
7987.0346
7981.1635
7974.5067
7967.0641
7958.8358
7949.8217
7940.0219
7929.4363
7920.2567
7912.4831
7906.1156
7901.1541
7897.5987
7895.4492
7894.7058
7895.3684
7895.2514
7894.3547
7892.6784
7890.2224
7886.9868
7882.9716
7878.1767
7872.6021
7867.2383
7862.0852
7857.1429
7852.4112
7847.8904
7843.5802
7839.4808
7835.5921
7832.3768
7829.8348
7827.9661
7826.7707
7826.2487
7826.4000
7827.2247
7828.7227
7829.8347
7830.5608
7830.9009
7830.8551
7830.4233
7829.6055
7828.4019
7826.8122
7824.4735
7821.3857
7817.5488
7812.9628
7807.6278
7801.5436
7794.7104
7787.1281
7780.7961
7775.7144
7771.8831
7769.3020
7767.9712
7767.8907
7769.0605
7771.4806
7772.9191
7773.3759
7772.8510
7771.3445
7768.8563
7765.3865
7760.9351
7755.5019
7753.8704
7756.0406
7762.0124
7771.7859
7785.3610
7802.7377
7823.9161
7848.8961
7876.6395
7907.1463
7940.4165
7976.4501
8015.2471
8056.8074
8101.1312
8148.2183
8189.8178
8225.9297
8256.5538
8281.6904
8301.3393
8315.5005
8324.1741
8327.3600
8328.9020
8328.8002
8327.0545
8323.6649
8318.6315
8311.9542
8303.6330
8293.6679
8285.7883
8279.9943
8276.2857
8274.6627
8275.1252
8277.6732
8282.3067
8289.0257
8295.5304
8301.8209
8307.8970
8313.7588
8319.4064
8324.8396
8330.0586
8335.0632
8334.5141
8328.4110
8316.7541
8299.5434
8276.7788
8248.4604
8214.5882
8175.1620
8141.0570
8112.2730
8088.8100
8070.6680
8057.8471
8050.3473
8048.1685
8051.3107
8054.0688
8056.4429
8058.4329
8060.0387
8061.2605
8062.0982
8062.5518
8062.6214
8061.5346
8059.2915
8055.8922
8051.3366
8045.6246
8038.7564
8030.7319
8021.5511
8012.6996
8004.1773
7995.9843
7988.1206
7980.5862
7973.3810
7966.5051
7959.9585
7954.6674
7950.6319
7947.8519
7946.3275
7946.0586
7947.0453
7949.2875
7952.7853
7954.6667
7954.9317
7953.5804
7950.6126
7946.0286
7939.8281
7932.0112
7922.5780
7914.4338
7907.5785
7902.0121
7897.7348
7894.7464
7893.0469
7892.6364
7893.5149
7892.9852
7891.0474
7887.7015
7882.9475
7876.7854
7869.2151
7860.2367
7849.8502
7841.0735
7833.9065
7828.3494
7824.4020
7822.0644
7821.3366
7822.2185
7824.7103
7825.7020
7825.1936
7823.1851
7819.6766
7814.6680
7808.1593
7800.1505
7790.6417
7782.3137
7775.1665
7769.2002
7764.4148
7760.8102
7758.3865
7757.1436
7757.0816
7756.6436
7755.8298
7754.6400
7753.0743
7751.1326
7748.8150
7746.1216
7743.0521
7741.7787
7742.3012
7744.6196
7748.7340
7754.6443
7762.3506
7771.8529
7783.1511
7799.9481
7822.2439
7850.0385
7883.3319
7922.1242
7966.4152
8016.2051
8071.4938
8120.4931
8163.2031
8199.6238
8229.7552
8253.5972
8271.1499
8282.4132
8287.3872
8291.7983
8295.6464
8298.9316
8301.6539
8303.8132
8305.4096
8306.4431
8306.9136
8306.3986
8304.8980
8302.4119
8298.9403
8294.4831
8289.0404
8282.6121
8275.1983
8267.4578
8259.3907
8250.9968
8242.2762
8233.2289
8223.8549
8214.1543
8204.1269
8193.4257
8182.0507
8170.0019
8157.2792
8143.8827
8129.8124
8115.0683
8099.6503
8086.4186
8075.3732
8066.5140
8059.8411
8055.3545
8053.0541
8052.9399
8055.0121
8055.3209
8053.8663
8050.6484
8045.6671
8038.9225
8030.4145
8020.1432
8008.1085
7996.1789
7984.3546
7972.6354
7961.0214
7949.5125
7938.1088
7926.8103
7915.6169
7906.3038
7898.8710
7893.3185
7889.6463
7887.8543
7887.9427
7889.9113
7893.7602
7895.8153
7896.0765
7894.5438
7891.2173
7886.0968
7879.1825
7870.4744
7859.9724
7851.0832
7843.8069
7838.1434
7834.0927
7831.6550
7830.8300
7831.6180
7834.0187
7834.5168
7833.1123
7829.8051
7824.5952
7817.4827
7808.4675
7797.5497
7784.7292
7774.4365
7766.6716
7761.4344
7758.7251
7758.5435
7760.8898
7765.7638
7773.1656
7779.4166
7784.5169
7788.4664
7791.2651
7792.9131
7793.4103
7792.7567
7790.9524
7788.6131
7785.7388
7782.3296
7778.3855
7773.9064
7768.8924
7763.3434
7757.2594
7756.1074
7759.8873
7768.5992
7782.2430
7800.8187
7824.3264
7852.7660
7886.1375
7920.9729
7957.2723
7995.0355
8034.2626
8074.9536
8117.1085
8160.7273
8205.8100
8244.8848
8277.9516
8305.0104
8326.0613
8341.1042
8350.1392
8353.1662
8350.1852
8346.5578
8342.2839
8337.3635
8331.7965
8325.5832
8318.7233
8311.2169
8303.0640
8297.0467
8293.1649
8291.4186
8291.8079
8294.3327
8298.9931
8305.7889
8314.7204
8319.0755
8318.8544
8314.0569
8304.6832
8290.7332
8272.2069
8249.1043
8221.4255
8195.0313
8169.9218
8146.0969
8123.5567
8102.3011
8082.3303
8063.6441
8046.2425
8031.9485
8020.7621
8012.6832
8007.7119
8005.8482
8007.0920
8011.4433
8018.9023
8024.1279
8027.1201
8027.8790
8026.4046
8022.6968
8016.7557
8008.5813
7998.1735
7989.2938
7981.9422
7976.1187
7971.8233
7969.0560
7967.8168
7968.1057
7969.9227
7970.0602
7968.5182
7965.2967
7960.3956
7953.8151
7945.5550
7935.6154
7923.9963
7913.4731
7904.0457
7895.7141
7888.4784
7882.3386
7877.2945
7873.3463
7870.4940
7868.2735
7866.6847
7865.7278
7865.4027
7865.7095
7866.6480
7868.2184
7870.4205
7872.3439
7873.9886
7875.3546
7876.4418
7877.2503
7877.7801
7878.0311
7878.0034
7876.5902
7873.7915
7869.6073
7864.0377
7857.0825
7848.7419
7839.0158
7827.9042
7817.7394
7808.5216
7800.2507
7792.9266
7786.5495
7781.1192
7776.6359
7773.0994
7770.5795
7769.0760
7768.5891
7769.1187
7770.6648
7773.2274
7776.8066
7781.4022
7783.3930
7782.7788
7779.5598
7773.7358
7765.3069
7754.2732
7740.6345
7724.3909
7713.7045
7708.5753
7709.0032
7714.9883
7726.5306
7743.6301
7766.2867
7794.5005
7825.5894
7859.5536
7896.3929
7936.1074
7978.6971
8024.1620
8072.5020
8123.7172
8166.5111
8200.8836
8226.8347
8244.3644
8253.4727
8254.1597
8246.4252
8230.2694
8216.3619
8204.7028
8195.2920
8188.1294
8183.2153
8180.5494
8180.1318
8181.9626
8182.9366
8183.0537
8182.3141
8180.7176
8178.2643
8174.9542
8170.7873
8165.7636
8162.1284
8159.8817
8159.0235
8159.5537
8161.4725
8164.7798
8169.4755
8175.5598
8177.5807
8175.5383
8169.4326
8159.2636
8145.0312
8126.7355
8104.3765
8077.9542
8055.3857
8036.6711
8021.8104
8010.8036
8003.6506
8000.3515
8000.9063
8005.3150
8009.5835
8013.7118
8017.6999
8021.5478
8025.2555
8028.8231
8032.2504
8035.5376
8036.3781
8034.7719
8030.7190
8024.2194
8015.2731
8003.8801
7990.0405
7973.7541
7959.2657
7946.5753
7935.6829
7926.5885
7919.2920
7913.7936
7910.0931
7908.1906
7906.6242
7905.3940
7904.4998
7903.9417
7903.7197
7903.8338
7904.2841
7905.0704
7905.7939
7906.4545
7907.0524
7907.5874
7908.0596
7908.4690
7908.8156
7909.0994
7908.4558
7906.8848
7904.3866
7900.9610
7896.6080
7891.3278
7885.1201
7877.9852
7871.7477
7866.4078
7861.9653
7858.4203
7855.7728
7854.0229
7853.1704
7853.2154
7852.9813
7852.4679
7851.6754
7850.6037
7849.2528
7847.6228
7845.7135
7843.5251
7841.5640
7839.8300
7838.3233
7837.0438
7835.9915
7835.1665
7834.5686
7834.1981
7833.2262
7831.6531
7829.4788
7826.7033
7823.3265
7819.3485
7814.7692
7809.5887
7804.5719
7799.7189
7795.0296
7790.5041
7786.1423
7781.9443
7777.9100
7774.0394
7776.8508
7786.3441
7802.5193
7825.3765
7854.9155
7891.1365
7934.0394
7983.6243
8029.9761
8073.0950
8112.9809
8149.6338
8183.0537
8213.2407
8240.1947
8263.9157
8283.5730
8299.1666
8310.6966
8318.1628
8321.5654
8320.9043
8316.1796
8307.3911
8299.6387
8292.9223
8287.2419
8282.5976
8278.9893
8276.4170
8274.8808
8274.3806
8274.1191
8274.0962
8274.3119
8274.7663
8275.4593
8276.3910
8277.5613
8278.9703
8277.6308
8273.5429
8266.7066
8257.1218
8244.7886
8229.7069
8211.8768
8191.2983
8172.0759
8154.2096
8137.6994
8122.5454
8108.7474
8096.3056
8085.2199
8075.4903
8067.2657
8060.5460
8055.3312
8051.6214
8049.4166
8048.7167
8049.5217
8051.8317
8054.2002
8056.6273
8059.1128
8061.6569
8064.2596
8066.9207
8069.6404
8072.4186
8073.6038
8073.1961
8071.1954
8067.6017
8062.4151
8055.6355
8047.2629
8037.2974
8028.0703
8019.5815
8011.8311
8004.8192
7998.5456
7993.0104
7988.2136
7984.1552
7979.2477
7973.4911
7966.8855
7959.4307
7951.1269
7941.9739
7931.9719
7921.1208
7910.7213
7900.7734
7891.2772
7882.2326
7873.6396
7865.4982
7857.8085
7850.5704
7844.3900
7839.2672
7835.2022
7832.1949
7830.2453
7829.3533
7829.5191
7830.7425
7831.7564
7832.5607
7833.1555
7833.5407
7833.7164
7833.6825
7833.4390
7832.9860
7831.3070
7828.4021
7824.2711
7818.9142
7812.3313
7804.5224
7795.4876
7785.2268
7776.6102
7769.6380
7764.3100
7760.6264
7758.5870
7758.1919
7759.4411
7762.3346
7764.3384
7765.4524
7765.6768
7765.0114
7763.4563
7761.0115
7757.6770
7753.4528
7754.6743
7761.3414
7773.4543
7791.0129
7814.0172
7842.4672
7876.3629
7915.7044
7954.4392
7992.5675
8030.0893
8067.0045
8103.3132
8139.0153
8174.1108
8208.5998
8236.8739
8258.9332
8274.7775
8284.4070
8287.8216
8285.0213
8276.0061
8260.7761
8247.8311
8237.1713
8228.7965
8222.7069
8218.9024
8217.3830
8218.1487
8221.1995
8224.0694
8226.7582
8229.2661
8231.5930
8233.7389
8235.7038
8237.4878
8239.0907
8238.5459
8235.8531
8231.0125
8224.0241
8214.8877
8203.6036
8190.1715
8174.5916
8159.2157
8144.0438
8129.0758
8114.3118
8099.7519
8085.3958
8071.2438
8057.2957
8046.7417
8039.5818
8035.8159
8035.4441
8038.4664
8044.8827
8054.6930
8067.8975
8078.8567
8087.5706
8094.0393
8098.2628
8100.2411
8099.9741
8097.4619
8092.7044
8086.7773
8079.6805
8071.4140
8061.9778
8051.3719
8039.5964
8026.6512
8012.5363
7999.1958
7986.6297
7974.8381
7963.8208
7953.5780
7944.1095
7935.4155
7927.4959
7919.7011
7912.0311
7904.4860
7897.0657
7889.7701
7882.5995
7875.5536
7868.6326
7862.5839
7857.4076
7853.1036
7849.6720
7847.1128
7845.4259
7844.6114
7844.6693
7843.7253
7841.7794
7838.8315
7834.8818
7829.9301
7823.9766
7817.0212
7809.0638
7801.3829
7793.9783
7786.8502
7779.9984
7773.4230
7767.1240
7761.1015
7755.3553
7750.7348
7747.2402
7744.8713
7743.6281
7743.5108
7744.5192
7746.6533
7749.9132
7752.1059
7753.2313
7753.2895
7752.2805
7750.2042
7747.0607
7742.8499
7737.5719
7733.2759
7729.9619
7727.6298
7726.2798
7725.9118
7726.5257
7728.1217
7730.6996
7732.8509
7734.5754
7735.8733
7736.7444
7737.1888
7737.2066
7736.7976
7735.9619
7742.9619
7757.7974
7780.4686
7810.9754
7849.3178
7895.4958
7949.5095
8011.3587
8066.6821
8115.4796
8157.7512
8193.4969
8222.7167
8245.4106
8261.5786
8271.2208
8280.0696
8288.1252
8295.3875
8301.8565
8307.5322
8312.4146
8316.5038
8319.7996
8322.0982
8323.3995
8323.7034
8323.0101
8321.3194
8318.6315
8314.9463
8310.2637
8304.7465
8298.3946
8291.2079
8283.1866
8274.3306
8264.6399
8254.1144
8242.7543
8229.3325
8213.8491
8196.3040
8176.6973
8155.0288
8131.2988
8105.5070
8077.6536
8053.3572
8032.6178
8015.4355
8001.8101
7991.7417
7985.2303
7982.2759
7982.8786
7983.3633
7983.7302
7983.9793
7984.1105
7984.1238
7984.0193
7983.7969
7983.4566
7981.9524
7979.2841
7975.4519
7970.4556
7964.2954
7956.9711
7948.4829
7938.8306
7931.0683
7925.1960
7921.2137
7919.1213
7918.9189
7920.6065
7924.1841
7929.6516
7935.1019
7940.5351
7945.9510
7951.3498
7956.7313
7962.0957
7967.4428
7972.7728
7976.3638
7978.2159
7978.3290
7976.7032
7973.3384
7968.2347
7961.3920
7952.8104
7945.0027
7937.9687
7931.7086
7926.2223
7921.5098
7917.5711
7914.4063
7912.0152
7908.5599
7904.0401
7898.4560
7891.8076
7884.0948
7875.3176
7865.4761
7854.5702
7844.9202
7836.5261
7829.3878
7823.5055
7818.8790
7815.5083
7813.3935
7812.5346
7811.2815
7809.6342
7807.5927
7805.1570
7802.3271
7799.1030
7795.4847
7791.4722
7787.8178
7784.5217
7781.5838
7779.0041
7776.7825
7774.9192
7773.4141
7772.2671
7772.4879
7774.0763
7777.0325
7781.3563
7787.0478
7794.1071
7802.5340
7812.3286
7829.4783
7853.9830
7885.8427
7925.0575
7971.6274
8025.5523
8086.8322
8155.4672
8214.3928
8263.6090
8303.1159
8332.9133
8353.0013
8363.3800
8364.0492
8355.0091
8346.1144
8337.3651
8328.7612
8320.3028
8311.9897
8303.8222
8295.8000
8287.9232
8281.5343
8276.6331
8273.2198
8271.2942
8270.8564
8271.9065
8274.4443
8278.4699
8277.7277
8272.2179
8261.9403
8246.8949
8227.0818
8202.5010
8173.1525
8139.0362
8109.4841
8084.4962
8064.0725
8048.2130
8036.9176
8030.1865
8028.0195
8030.4168
8032.7025
8034.8767
8036.9393
8038.8905
8040.7301
8042.4582
8044.0747
8045.5798
8046.3177
8046.2884
8045.4921
8043.9285
8041.5979
8038.5001
8034.6352
8030.0031
8024.9660
8019.5239
8013.6768
8007.4247
8000.7675
7993.7054
7986.2382
7978.3659
7970.4450
7962.4755
7954.4572
7946.3902
7938.2746
7930.1103
7921.8973
7913.6356
7905.8873
7898.6524
7891.9308
7885.7226
7880.0277
7874.8462
7870.1781
7866.0233
7862.1008
7858.4104
7854.9522
7851.7263
7848.7325
7845.9709
7843.4415
7841.1444
7838.4573
7835.3804
7831.9136
7828.0570
7823.8105
7819.1741
7814.1478
7808.7317
7804.0970
7800.2437
7797.1718
7794.8813
7793.3722
7792.6445
7792.6981
7793.5332
7793.0334
7791.1986
7788.0289
7783.5243
7777.6848
7770.5104
7762.0010
7752.1568
7744.9302
7740.3213
7738.3301
7738.9566
7742.2008
7748.0627
7756.5422
7767.6395
7783.1323
7803.0207
7827.3046
7855.9841
7889.0592
7926.5298
7968.3960
8014.6577
8057.6627
8097.4109
8133.9023
8167.1370
8197.1149
8223.8360
8247.3004
8267.5080
8282.7791
8293.1137
8298.5119
8298.9735
8294.4986
8285.0873
8270.7395
8251.4551
8234.6027
8220.1821
8208.1935
8198.6367
8191.5119
8186.8189
8184.5578
8184.7286
8184.9695
8185.2803
8185.6612
8186.1121
8186.6330
8187.2239
8187.8848
8188.6157
8186.0604
8180.2187
8171.0908
8158.6767
8142.9762
8123.9895
8101.7165
8076.1572
8054.5282
8036.8295
8023.0611
8013.2230
8007.3151
8005.3376
8007.2903
8013.1733
8018.6558
8023.7377
8028.4191
8032.7000
8036.5803
8040.0601
8043.1393
8045.8180
8046.3544
8044.7487
8041.0006
8035.1104
8027.0778
8016.9031
8004.5861
7990.1269
7977.4417
7966.5307
7957.3938
7950.0310
7944.4423
7940.6277
7938.5872
7938.3208
7936.9905
7934.5962
7931.1379
7926.6156
7921.0294
7914.3791
7906.6649
7897.8868
7890.5775
7884.7370
7880.3655
7877.4628
7876.0289
7876.0639
7877.5678
7880.5405
7882.1763
7882.4751
7881.4369
7879.0617
7875.3496
7870.3005
7863.9144
7856.1913
7849.3194
7843.2988
7838.1293
7833.8111
7830.3440
7827.7281
7825.9635
7825.0500
7824.3233
7823.7834
7823.4303
7823.2640
7823.2845
7823.4917
7823.8858
7824.4666
7825.0783
7825.7208
7826.3942
7827.0983
7827.8334
7828.5992
7829.3959
7830.2234
7830.1473
7829.1676
7827.2843
7824.4974
7820.8068
7816.2126
7810.7148
7804.3134
7802.6105
7805.6062
7813.3004
7825.6931
7842.7844
7864.5742
7891.0625
7922.2494
7955.5299
7990.9041
8028.3719
8067.9333
8109.5884
8153.3371
8199.1795
8247.1155
8287.2161
8319.4815
8343.9114
8360.5061
8369.2654
8370.1893
8363.2780
8348.5313
8335.5313
8324.2781
8314.7716
8307.0119
8300.9989
8296.7327
8294.2132
8293.4405
8289.1349
8281.2964
8269.9251
8255.0209
8236.5839
8214.6140
8189.1112
8160.0756
8134.5978
8112.6779
8094.3158
8079.5116
8068.2652
8060.5767
8056.4460
8055.8732
8055.4263
8055.1054
8054.9104
8054.8414
8054.8983
8055.0811
8055.3899
8055.8247
8055.7774
8055.2480
8054.2366
8052.7432
8050.7677
8048.3102
8045.3706
8041.9490
8037.7375
8032.7362
8026.9451
8020.3642
8012.9934
8004.8328
7995.8824
7986.1421
7976.6467
7967.3960
7958.3901
7949.6290
7941.1127
7932.8412
7924.8145
7917.0325
7909.7034
7902.8271
7896.4036
7890.4329
7884.9151
7879.8500
7875.2378
7871.0784
7867.2993
7863.9007
7860.8824
7858.2446
7855.9871
7854.1100
7852.6132
7851.4969
7850.1890
7848.6896
7846.9987
7845.1162
7843.0423
7840.7767
7838.3197
7835.6711
7832.4504
7828.6577
7824.2929
7819.3561
7813.8472
7807.7662
7801.1131
7793.8880
7787.8119
7782.8849
7779.1070
7776.4781
7774.9983
7774.6675
7775.4858
7777.4531
7779.0687
7780.3327
7781.2449
7781.8055
7782.0143
7781.8715
7781.3769
7780.5307
7778.9710
7776.6979
7773.7113
7770.0113
7765.5979
7760.4710
7754.6307
7748.0770
7746.7300
7750.5898
7759.6564
7773.9298
7793.4099
7818.0968
7847.9905
7883.0909
7919.9364
7958.5270
7998.8626
8040.9433
8084.7690
8130.3398
8177.6557
8226.7166
8267.8666
8301.1057
8326.4339
8343.8513
8353.3577
8354.9532
8348.6378
8334.4115
8321.4383
8309.7181
8299.2511
8290.0371
8282.0762
8275.3684
8269.9137
8265.7121
8262.1249
8259.1523
8256.7942
8255.0507
8253.9216
8253.4071
8253.5071
8254.2216
8251.3575
8244.9148
8234.8934
8221.2935
8204.1149
8183.3577
8159.0219
8131.1074
8108.1122
8090.0362
8076.8794
8068.6417
8065.3233
8066.9241
8073.4441
8084.8832
8094.4039
8102.0059
8107.6894
8111.4543
8113.3007
8113.2285
8111.2377
8107.3284
8102.1582
8095.7274
8088.0357
8079.0833
8068.8702
8057.3962
8044.6615
8030.6661
8018.1250
8007.0382
7997.4058
7989.2277
7982.5040
7977.2347
7973.4197
7971.0590
7968.0420
7964.3686
7960.0389
7955.0529
7949.4105
7943.1118
7936.1567
7928.5453
7920.5098
7912.0502
7903.1665
7893.8588
7884.1269
7873.9709
7863.3909
7852.3867
7843.0754
7835.4568
7829.5311
7825.2981
7822.7580
7821.9106
7822.7561
7825.2944
7826.3780
7826.0069
7824.1812
7820.9008
7816.1658
7809.9761
7802.3317
7793.2327
7785.2338
7778.3349
7772.5361
7767.8373
7764.2387
7761.7401
7760.3416
7760.0431
7759.8701
7759.8224
7759.9001
7760.1032
7760.4316
7760.8854
7761.4647
7762.1692
7762.4411
7762.2802
7761.6865
7760.6602
7759.2010
7757.3091
7754.9845
7752.2271
7754.5634
7761.9934
7774.5170
7792.1343
7814.8453
7842.6499
7875.5482
7913.5402
7950.5360
7986.5358
8021.5395
8055.5471
8088.5586
8120.5740
8151.5933
8181.6165
8207.5958
8229.5314
8247.4231
8261.2709
8271.0750
8276.8351
8278.5515
8276.2240
8273.5195
8270.4380
8266.9796
8263.1441
8258.9317
8254.3423
8249.3759
8244.0325
8240.2154
8237.9247
8237.1604
8237.9223
8240.2106
8244.0253
8249.3663
8256.2336
8259.7504
8259.9165
8256.7321
8250.1971
8240.3114
8227.0752
8210.4884
8190.5509
8171.9289
8154.6222
8138.6308
8123.9549
8110.5942
8098.5490
8087.8191
8078.4045
8069.4058
8060.8229
8052.6559
8044.9046
8037.5692
8030.6496
8024.1459
8018.0580
8014.3238
8012.9434
8013.9168
8017.2439
8022.9249
8030.9595
8041.3480
8054.0902
8062.9793
8068.0154
8069.1984
8066.5283
8060.0051
8049.6289
8035.3995
8017.3171
8000.5156
7984.9951
7970.7555
7957.7968
7946.1191
7935.7223
7926.6064
7918.7715
7911.8625
7905.8794
7900.8222
7896.6909
7893.4854
7891.2059
7889.8523
7889.4246
7889.2238
7889.2499
7889.5031
7889.9831
7890.6902
7891.6241
7892.7851
7894.1730
7894.5363
7893.8750
7892.1892
7889.4789
7885.7440
7880.9845
7875.2005
7868.3919
7861.4842
7854.4775
7847.3717
7840.1668
7832.8628
7825.4598
7817.9576
7810.3564
7803.2068
7796.5086
7790.2620
7784.4670
7779.1234
7774.2314
7769.7910
7765.8020
7762.5450
7760.0200
7758.2269
7757.1657
7756.8365
7757.2392
7758.3739
7760.2405
7761.2308
7761.3447
7760.5824
7758.9437
7756.4287
7753.0374
7748.7698
7743.6259
7739.4262
7736.1707
7733.8594
7732.4923
7732.0695
7732.5909
7734.0565
7736.4663
7746.7944
7765.0409
7791.2057
7825.2887
7867.2901
7917.2099
7975.0479
8040.8043
8099.1426
8150.0631
8193.5655
8229.6500
8258.3165
8279.5650
8293.3956
8299.8081
8303.9029
8305.6799
8305.1391
8302.2804
8297.1039
8289.6097
8279.7976
8267.6677
8257.4374
8249.1066
8242.6753
8238.1436
8235.5114
8234.7787
8235.9456
8239.0120
8241.2567
8242.6797
8243.2808
8243.0603
8242.0180
8240.1539
8237.4681
8233.9606
8227.2653
8217.3822
8204.3115
8188.0529
8168.6067
8145.9727
8120.1509
8091.1414
8067.2545
8048.4902
8034.8484
8026.3292
8022.9326
8024.6586
8031.5072
8043.4783
8052.5563
8058.7412
8062.0329
8062.4315
8059.9369
8054.5492
8046.2684
8035.0944
8025.0601
8016.1657
8008.4110
8001.7960
7996.3209
7991.9855
7988.7899
7986.7340
7983.1925
7978.1653
7971.6524
7963.6539
7954.1696
7943.1997
7930.7441
7916.8028
7904.9767
7895.2658
7887.6700
7882.1894
7878.8240
7877.5737
7878.4386
7881.4186
7883.7128
7885.3212
7886.2437
7886.4803
7886.0311
7884.8960
7883.0751
7880.5683
7877.6557
7874.3371
7870.6128
7866.4825
7861.9465
7857.0045
7851.6567
7845.9030
7840.5620
7835.6337
7831.1181
7827.0151
7823.3248
7820.0472
7817.1823
7814.7300
7811.7395
7808.2107
7804.1435
7799.5381
7794.3943
7788.7123
7782.4920
7775.7334
7770.3104
7766.2230
7763.4712
7762.0551
7761.9745
7763.2296
7765.8203
7769.7467
7775.4106
7782.8120
7791.9511
7802.8276
7815.4418
7829.7935
7845.8828
7863.7096
7884.7721
7909.0702
7936.6039
7967.3732
8001.3782
8038.6188
8079.0950
8122.8069
8161.3075
8194.5970
8222.6752
8245.5422
8263.1981
8275.6427
8282.8761
8284.8983
8286.1536
8286.6420
8286.3635
8285.3181
8283.5057
8280.9264
8277.5802
8273.4671
8270.3853
8268.3348
8267.3155
8267.3276
8268.3710
8270.4457
8273.5516
8277.6889
8278.9413
8277.3088
8272.7915
8265.3893
8255.1022
8241.9303
8225.8735
8206.9318
8187.9829
8169.0266
8150.0631
8131.0923
8112.1141
8093.1287
8074.1360
8055.1360
8040.0053
8028.7439
8021.3518
8017.8290
8018.1756
8022.3914
8030.4766
8042.4311
8051.7082
8058.3079
8062.2303
8063.4754
8062.0430
8057.9333
8051.1463
8041.6819
8032.3858
8023.2580
8014.2985
8005.5074
7996.8846
7988.4301
7980.1439
7972.0260
7964.2738
7956.8871
7949.8660
7943.2104
7936.9204
7930.9961
7925.4372
7920.2440
7915.3975
7910.8977
7906.7446
7902.9383
7899.4786
7896.3657
7893.5995
7891.1800
7889.1151
7887.4048
7886.0490
7885.0479
7884.4013
7884.1093
7884.1719
7884.5890
7883.5366
7881.0145
7877.0228
7871.5615
7864.6305
7856.2300
7846.3598
7835.0200
7825.3748
7817.4244
7811.1686
7806.6076
7803.7412
7802.5695
7803.0925
7805.3101
7806.6758
7807.1893
7806.8508
7805.6603
7803.6177
7800.7230
7796.9763
7792.3775
7788.6968
7785.9342
7784.0896
7783.1632
7783.1548
7784.0645
7785.8923
7788.6382
7789.5456
7788.6146
7785.8450
7781.2371
7774.7907
7766.5058
7756.3824
7744.4206
7738.3292
7738.1083
7743.7578
7755.2778
7772.6682
7795.9290
7825.0603
7860.0620
7896.3482
7933.9188
7972.7739
8012.9135
8054.3376
8097.0461
8141.0391
8186.3166
8225.3867
8258.2494
8284.9047
8305.3526
8319.5931
8327.6262
8329.4520
8325.0703
8320.1854
8314.7972
8308.9057
8302.5109
8295.6129
8288.2115
8280.3069
8271.8990
8263.9770
8256.5410
8249.5910
8243.1269
8237.1488
8231.6567
8226.6505
8222.1302
8216.7544
8210.5228
8203.4356
8195.4928
8186.6943
8177.0401
8166.5303
8155.1648
8143.3667
8131.1361
8118.4728
8105.3768
8091.8483
8077.8872
8063.4935
8048.6672
8036.0836
8025.7429
8017.6449
8011.7898
8008.1775
8006.8079
8007.6812
8010.7972
8013.3914
8015.4638
8017.0143
8018.0429
8018.5498
8018.5348
8017.9979
8016.9392
8014.1744
8009.7034
8003.5263
7995.6430
7986.0536
7974.7580
7961.7563
7947.0484
7933.9922
7922.5876
7912.8347
7904.7334
7898.2838
7893.4858
7890.3394
7888.8447
7887.7349
7887.0100
7886.6700
7886.7150
7887.1448
7887.9595
7889.1591
7890.7436
7891.8904
7892.5994
7892.8707
7892.7043
7892.1001
7891.0582
7889.5786
7887.6612
7886.5874
7886.3570
7886.9700
7888.4266
7890.7266
7893.8701
7897.8571
7902.6876
7905.0493
7904.9421
7902.3662
7897.3215
7889.8080
7879.8257
7867.3746
7852.4547
7839.6780
7829.0445
7820.5542
7814.2071
7810.0032
7807.9425
7808.0250
7810.2507
7811.5020
7811.7789
7811.0813
7809.4093
7806.7629
7803.1421
7798.5469
7792.9772
7787.8097
7783.0443
7778.6809
7774.7197
7771.1606
7768.0036
7765.2488
7762.8960
7763.3521
7766.6171
7772.6910
7781.5738
7793.2654
7807.7660
7825.0754
7845.1937
7867.4176
7891.7471
7918.1823
7946.7231
7977.3695
8010.1215
8044.9791
8081.9423
8115.7591
8146.4292
8173.9529
8198.3300
8219.5606
8237.6446
8252.5821
8264.3731
8274.1928
8282.0410
8287.9179
8291.8235
8293.7577
8293.7205
8291.7120
8287.7322
8283.4338
8278.8168
8273.8813
8268.6273
8263.0547
8257.1636
8250.9540
8244.4258
8239.0727
8234.8947
8231.8917
8230.0639
8229.4111
8229.9335
8231.6309
8234.5034
8234.9683
8233.0257
8228.6756
8221.9179
8212.7526
8201.1798
8187.1994
8170.8115
8155.4263
8141.0438
8127.6641
8115.2870
8103.9127
8093.5411
8084.1722
8075.8060
8068.2461
8061.4924
8055.5449
8050.4037
8046.0688
8042.5400
8039.8175
8037.9013
8035.4720
8032.5298
8029.0745
8025.1062
8020.6249
8015.6305
8010.1232
8004.1028
7998.4102
7993.0454
7988.0083
7983.2990
7978.9175
7974.8637
7971.1376
7967.7394
7964.1581
7960.3939
7956.4467
7952.3165
7948.0033
7943.5072
7938.8281
7933.9660
7929.2848
7924.7844
7920.4649
7916.3262
7912.3684
7908.5914
7904.9953
7901.5801
7898.0143
7894.2978
7890.4308
7886.4132
7882.2449
7877.9261
7873.4566
7868.8366
7863.8850
7858.6018
7852.9870
7847.0406
7840.7627
7834.1532
7827.2120
7819.9393
7813.2725
7807.2115
7801.7563
7796.9071
7792.6636
7789.0260
7785.9943
7783.5684
7781.6391
7780.2062
7779.2699
7778.8301
7778.8868
7779.4400
7780.4898
7782.0360
7782.1492
7780.8294
7778.0765
7773.8905
7768.2714
7761.2193
7752.7341
7742.8159
7733.9087
7726.0124
7719.1271
7713.2529
7708.3896
7704.5373
7701.6959
7699.8656
7704.1504
7714.5502
7731.0650
7753.6950
7782.4400
7817.3001
7858.2753
7905.3655
7950.2816
7993.0235
8033.5913
8071.9848
8108.2042
8142.2495
8174.1205
8203.8174
8229.0759
8249.8958
8266.2774
8278.2205
8285.7251
8288.7912
8287.4189
8281.6082
8275.3339
8268.5961
8261.3949
8253.7301
8245.6018
8237.0100
8227.9547
8218.4359
8210.5437
8204.2782
8199.6393
8196.6270
8195.2414
8195.4824
8197.3501
8200.8443
8203.0567
8203.9871
8203.6355
8202.0021
8199.0867
8194.8894
8189.4101
8182.6489
8173.5152
8162.0090
8148.1302
8131.8790
8113.2552
8092.2589
8068.8901
8043.1488
8021.8110
8004.8768
7992.3461
7984.2190
7980.4955
7981.1755
7986.2590
7995.7461
8003.5885
8009.7860
8014.3388
8017.2468
8018.5101
8018.1285
8016.1022
8012.4311
8008.7902
8005.1794
8001.5988
7998.0483
7994.5279
7991.0378
7987.5777
7984.1478
7980.4062
7976.3528
7971.9877
7967.3109
7962.3223
7957.0221
7951.4100
7945.4863
7939.5842
7933.7037
7927.8449
7922.0077
7916.1922
7910.3982
7904.6260
7898.8753
7894.0357
7890.1072
7887.0898
7884.9834
7883.7881
7883.5039
7884.1307
7885.6686
7887.1185
7888.4806
7889.7547
7890.9409
7892.0391
7893.0494
7893.9718
7894.8063
7894.4285
7892.8383
7890.0359
7886.0211
7880.7940
7874.3547
7866.7030
7857.8390
7848.9385
7840.0014
7831.0278
7822.0177
7812.9711
7803.8879
7794.7681
7785.6119
7778.4938
7773.4139
7770.3721
7769.3686
7770.4032
7773.4760
7778.5870
7785.7362
7790.7123
7793.5154
7794.1455
7792.6026
7788.8866
7782.9976
7774.9355
7764.7004
7758.4935
7756.3147
7758.1640
7764.0415
7773.9471
7787.8808
7805.8427
7827.8327
7853.8693
7883.9526
7918.0826
7956.2592
7998.4824
8044.7523
8095.0688
8149.4320
8196.5063
8236.2918
8268.7886
8293.9965
8311.9156
8322.5458
8325.8873
8321.9399
8318.4465
8315.4070
8312.8214
8310.6898
8309.0121
8307.7883
8307.0185
8306.7025
8306.4526
8306.2686
8306.1506
8306.0986
8306.1126
8306.1925
8306.3384
8306.5503
8302.9109
8295.4204
8284.0785
8268.8855
8249.8412
8226.9457
8200.1990
8169.6010
8142.7180
8119.5500
8100.0969
8084.3587
8072.3356
8064.0274
8059.4341
8058.5558
8058.1995
8058.3653
8059.0531
8060.2629
8061.9947
8064.2486
8067.0245
8070.3224
8072.2926
8072.9350
8072.2497
8070.2367
8066.8959
8062.2273
8056.2310
8048.9070
8041.7133
8034.6498
8027.7168
8020.9140
8014.2415
8007.6994
8001.2875
7995.0060
7988.3294
7981.2578
7973.7911
7965.9293
7957.6724
7949.0205
7939.9735
7930.5315
7922.2276
7915.0618
7909.0343
7904.1448
7900.3936
7897.7805
7896.3056
7895.9688
7895.2847
7894.2531
7892.8742
7891.1480
7889.0743
7886.6533
7883.8849
7880.7691
7877.3540
7873.6395
7869.6257
7865.3126
7860.7002
7855.7884
7850.5773
7845.0668
7839.4906
7833.8485
7828.1405
7822.3668
7816.5272
7810.6217
7804.6505
7798.6134
7791.7161
7783.9586
7775.3410
7765.8631
7755.5250
7744.3267
7732.2683
7719.3496
7711.7172
7709.3710
7712.3110
7720.5372
7734.0496
7752.8483
7776.9331
7806.3042
7837.5579
7870.6942
7905.7131
7942.6146
7981.3988
8022.0655
8064.6149
8109.0469
8147.8859
8181.1319
8208.7849
8230.8448
8247.3118
8258.1858
8263.4667
8263.1547
8262.1214
8260.3669
8257.8911
8254.6940
8250.7757
8246.1362
8240.7754
8234.6933
8230.0314
8226.7895
8224.9677
8224.5660
8225.5844
8228.0229
8231.8815
8237.1601
8238.8934
8237.0813
8231.7239
8222.8211
8210.3729
8194.3793
8174.8404
8151.7562
8130.7026
8111.6797
8094.6876
8079.7262
8066.7954
8055.8954
8047.0261
8040.1875
8034.2963
8029.3525
8025.3561
8022.3070
8020.2053
8019.0510
8018.8441
8019.5846
8019.5151
8018.6356
8016.9462
8014.4467
8011.1373
8007.0179
8002.0885
7996.3492
7989.9979
7983.0346
7975.4593
7967.2721
7958.4729
7949.0618
7939.0387
7928.4036
7918.7120
7909.9639
7902.1592
7895.2980
7889.3802
7884.4060
7880.3751
7877.2878
7874.8196
7872.9706
7871.7408
7871.1301
7871.1387
7871.7664
7873.0133
7874.8794
7875.3877
7874.5383
7872.3312
7868.7664
7863.8438
7857.5635
7849.9255
7840.9297
7833.3974
7827.3286
7822.7232
7819.5813
7817.9028
7817.6878
7818.9363
7821.6482
7822.7453
7822.2276
7820.0950
7816.3476
7810.9853
7804.0082
7795.4163
7785.2096
7776.7157
7769.9346
7764.8663
7761.5109
7759.8682
7759.9384
7761.7215
7765.2173
7767.9087
7769.7955
7770.8778
7771.1557
7770.6290
7769.2978
7767.1621
7764.2218
7763.2128
7764.1350
7766.9885
7771.7731
7778.4890
7787.1360
7797.7143
7810.2238
7828.9175
7853.7955
7884.8578
7922.1043
7965.5350
8015.1500
8070.9492
8132.9327
8184.4681
8225.5555
8256.1948
8276.3860
8286.1291
8285.4242
8274.2712
8252.6702
8234.4238
8219.5320
8207.9950
8199.8126
8194.9849
8193.5118
8195.3934
8200.6297
8205.0828
8208.7527
8211.6395
8213.7431
8215.0635
8215.6007
8215.3548
8214.3257
8210.2616
8203.1625
8193.0285
8179.8594
8163.6554
8144.4163
8122.1423
8096.8333
8075.4416
8057.9673
8044.4103
8034.7707
8029.0485
8027.2436
8029.3560
8035.3859
8040.5603
8044.8793
8048.3430
8050.9513
8052.7042
8053.6017
8053.6439
8052.8306
8051.1686
8048.6579
8045.2983
8041.0900
8036.0329
8030.1271
8023.3724
8015.7690
8007.9489
7999.9119
7991.6581
7983.1876
7974.5002
7965.5961
7956.4752
7947.1375
7939.1865
7932.6222
7927.4447
7923.6539
7921.2498
7920.2324
7920.6017
7922.3578
7924.1338
7925.9297
7927.7456
7929.5813
7931.4370
7933.3127
7935.2082
7937.1237
7937.4674
7936.2392
7933.4391
7929.0673
7923.1235
7915.6080
7906.5206
7895.8614
7886.7128
7879.0749
7872.9476
7868.3309
7865.2249
7863.6295
7863.5448
7864.9707
7866.2454
7867.3690
7868.3415
7869.1628
7869.8330
7870.3520
7870.7198
7870.9365
7870.7850
7870.2653
7869.3773
7868.1212
7866.4968
7864.5042
7862.1434
7859.4143
7857.4983
7856.3953
7856.1053
7856.6283
7857.9643
7860.1133
7863.0754
7866.8504
7868.5032
7868.0339
7865.4422
7860.7284
7853.8923
7844.9341
7833.8536
7820.6508
7812.0333
7808.0010
7808.5539
7813.6921
7823.4154
7837.7240
7856.6177
7880.0967
7907.4343
7938.6305
7973.6852
8012.5986
8055.3705
8102.0010
8152.4901
8206.8378
8252.9660
8290.8746
8320.5636
8342.0332
8355.2832
8360.3136
8357.1245
8345.7159
8336.0351
8328.0823
8321.8574
8317.3604
8314.5913
8313.5502
8314.2369
8316.6516
8317.3368
8316.2927
8313.5191
8309.0161
8302.7837
8294.8218
8285.1306
8273.7099
8261.2804
8247.8420
8233.3947
8217.9385
8201.4734
8183.9994
8165.5165
8146.0248
8129.1554
8114.9084
8103.2838
8094.2816
8087.9018
8084.1443
8083.0092
8084.4965
8084.9639
8084.4115
8082.8391
8080.2469
8076.6348
8072.0029
8066.3510
8059.6793
8053.7163
8048.4621
8043.9165
8040.0797
8036.9516
8034.5323
8032.8217
8031.8198
8030.1558
8027.8298
8024.8418
8021.1917
8016.8795
8011.9053
8006.2690
7999.9707
7993.2396
7986.0759
7978.4795
7970.4503
7961.9885
7953.0939
7943.7667
7934.0067
7925.7050
7918.8616
7913.4763
7909.5493
7907.0805
7906.0700
7906.5177
7908.4236
7908.5573
7906.9188
7903.5080
7898.3251
7891.3700
7882.6426
7872.1430
7859.8712
7849.1891
7840.0967
7832.5939
7826.6808
7822.3574
7819.6237
7818.4796
7818.9252
7818.4286
7816.9898
7814.6087
7811.2853
7807.0197
7801.8119
7795.6618
7788.5695
7782.8044
7778.3663
7775.2555
7773.4718
7773.0152
7773.8858
7776.0835
7779.6083
7782.2546
7784.0224
7784.9116
7784.9223
7784.0544
7782.3080
7779.6830
7776.1795
7772.2077
7767.7675
7762.8591
7757.4822
7751.6371
7745.3237
7738.5419
7731.2918
7726.1121
7723.0028
7721.9640
7722.9955
7726.0974
7731.2697
7738.5124
7747.8255
7764.9579
7789.9094
7822.6802
7863.2703
7911.6795
7967.9080
8031.9557
8103.8227
8165.6917
8217.5627
8259.4358
8291.3109
8313.1881
8325.0674
8326.9487
8318.8320
8311.0668
8303.6530
8296.5906
8289.8797
8283.5202
8277.5122
8271.8556
8266.5504
8262.5318
8259.7999
8258.3547
8258.1960
8259.3241
8261.7387
8265.4401
8270.4280
8272.2409
8270.8788
8266.3416
8258.6293
8247.7420
8233.6797
8216.4422
8196.0298
8176.8048
8158.7673
8141.9173
8126.2547
8111.7797
8098.4921
8086.3920
8075.4794
8065.3858
8056.1112
8047.6556
8040.0190
8033.2013
8027.2027
8022.0230
8017.6624
8013.5229
8009.6047
8005.9076
8002.4318
7999.1772
7996.1438
7993.3317
7990.7407
7987.5736
7983.8303
7979.5109
7974.6154
7969.1437
7963.0958
7956.4718
7949.2717
7942.1691
7935.1642
7928.2569
7921.4473
7914.7352
7908.1208
7901.6040
7895.1849
7889.9927
7886.0277
7883.2896
7881.7786
7881.4947
7882.4378
7884.6079
7888.0051
7889.5133
7889.1324
7886.8625
7882.7035
7876.6555
7868.7185
7858.8924
7847.1773
7837.4169
7829.6112
7823.7602
7819.8640
7817.9225
7817.9357
7819.9036
7823.8262
7826.3895
7827.5934
7827.4380
7825.9232
7823.0491
7818.8156
7813.2228
7806.2706
7799.9152
7794.1565
7788.9946
7784.4294
7780.4609
7777.0892
7774.3143
7772.1361
7770.3318
7768.9016
7767.8453
7767.1629
7766.8546
7766.9202
7767.3597
7768.1733
7768.1753
7767.3659
7765.7450
7763.3127
7760.0688
7756.0135
7751.1467
7745.4685
7740.8998
7737.4408
7735.0913
7733.8514
7733.7212
7734.7005
7736.7894
7739.9879
7743.7113
7747.9596
7752.7327
7758.0306
7763.8534
7770.2011
7777.0736
7784.4710
7798.1090
7817.9876
7844.1068
7876.4666
7915.0671
7959.9081
8010.9897
8068.3119
8119.9747
8165.9780
8206.3218
8241.0061
8270.0310
8293.3963
8311.1022
8323.1487
8332.1052
8337.9719
8340.7487
8340.4356
8337.0326
8330.5398
8320.9571
8308.2845
8297.6673
8289.1053
8282.5987
8278.1474
8275.7514
8275.4108
8277.1255
8280.8955
8284.0953
8286.7249
8288.7843
8290.2735
8291.1925
8291.5413
8291.3199
8290.5283
8290.2580
8290.5089
8291.2812
8292.5748
8294.3896
8296.7258
8299.5832
8302.9619
8304.5122
8304.2340
8302.1274
8298.1923
8292.4288
8284.8368
8275.4164
8264.1675
8251.4113
8237.1477
8221.3767
8204.0983
8185.3126
8165.0195
8143.2191
8119.9113
8100.4043
8084.6980
8072.7926
8064.6880
8060.3841
8059.8811
8063.1788
8070.2774
8075.7175
8079.4991
8081.6223
8082.0871
8080.8934
8078.0412
8073.5306
8067.3616
8061.4843
8055.8988
8050.6050
8045.6031
8040.8928
8036.4744
8032.3477
8028.5127
8023.7482
8018.0541
8011.4304
8003.8772
7995.3943
7985.9819
7975.6399
7964.3683
7954.4105
7945.7665
7938.4363
7932.4199
7927.7172
7924.3284
7922.2534
7921.4921
7919.7920
7917.1530
7913.5752
7909.0585
7903.6029
7897.2085
7889.8752
7881.6030
7873.5003
7865.5669
7857.8029
7850.2082
7842.7830
7835.5271
7828.4406
7821.5235
7815.6294
7810.7584
7806.9104
7804.0854
7802.2834
7801.5045
7801.7486
7803.0157
7803.4847
7803.1555
7802.0281
7800.1025
7797.3788
7793.8568
7789.5367
7784.4185
7779.2873
7774.1433
7768.9864
7763.8167
7758.6341
7753.4386
7748.2302
7743.0090
7739.1905
7736.7747
7735.7615
7736.1510
7737.9432
7741.1381
7745.7357
7751.7359
7763.8025
7781.9354
7806.1345
7836.4000
7872.7318
7915.1299
7963.5942
8018.1249
8067.4236
8111.4902
8150.3247
8183.9272
8212.2976
8235.4360
8253.3423
8266.0165
8275.8921
8282.9689
8287.2471
8288.7265
8287.4072
8283.2891
8276.3724
8266.6570
8258.3649
8251.4961
8246.0507
8242.0287
8239.4300
8238.2547
8238.5027
8240.1741
8240.9067
8240.7006
8239.5558
8237.4722
8234.4499
8230.4888
8225.5890
8219.7504
8211.6644
8201.3309
8188.7499
8173.9215
8156.8456
8137.5223
8115.9515
8092.1332
8071.4158
8053.7992
8039.2835
8027.8686
8019.5545
8014.3413
8012.2289
8013.2173
8013.5669
8013.2776
8012.3494
8010.7822
8008.5762
8005.7313
8002.2476
7998.1249
7993.9196
7989.6316
7985.2610
7980.8078
7976.2719
7971.6533
7966.9522
7962.1683
7957.5123
7952.9841
7948.5836
7944.3110
7940.1661
7936.1490
7932.2597
7928.4981
7924.6913
7920.8392
7916.9417
7912.9990
7909.0109
7904.9775
7900.8989
7896.7749
7893.2688
7890.3807
7888.1106
7886.4583
7885.4240
7885.0077
7885.2093
7886.0288
7885.9597
7885.0021
7883.1559
7880.4212
7876.7978
7872.2859
7866.8855
7860.5964
7855.2248
7850.7705
7847.2336
7844.6141
7842.9120
7842.1272
7842.2599
7843.3099
7843.5025
7842.8376
7841.3152
7838.9354
7835.6982
7831.6034
7826.6513
7820.8416
7815.8616
7811.7111
7808.3903
7805.8990
7804.2373
7803.4051
7803.4026
7804.2296
7805.1230
7806.0826
7807.1085
7808.2008
7809.3593
7810.5842
7811.8753
7813.2327
7813.4428
7812.5054
7810.4207
7807.1887
7802.8092
7797.2824
7790.6081
7782.7866
7775.1645
7767.7420
7760.5191
7753.4957
7746.6719
7740.0476
7733.6229
7727.3978
7724.2756
7724.2564
7727.3402
7733.5269
7742.8167
7755.2094
7770.7051
7789.3038
7811.0062
7835.8124
7863.7223
7894.7359
7928.8533
7966.0744
8006.3993
8049.8279
8090.3411
8127.9391
8162.6216
8194.3888
8223.2407
8249.1772
8272.1984
8292.3043
8308.1160
8319.6338
8326.8575
8329.7872
8328.4229
8322.7645
8312.8121
8298.5657
8286.5436
8276.7460
8269.1727
8263.8238
8260.6993
8259.7991
8261.1234
8264.6720
8267.3023
8269.0141
8269.8076
8269.6826
8268.6393
8266.6775
8263.7974
8259.9989
8254.8041
8248.2130
8240.2256
8230.8419
8220.0620
8207.8857
8194.3131
8179.3443
8164.5759
8150.0079
8135.6403
8121.4732
8107.5065
8093.7402
8080.1743
8066.8089
8055.1228
8045.1160
8036.7885
8030.1403
8025.1715
8021.8820
8020.2718
8020.3409
8019.5188
8017.8056
8015.2012
8011.7057
8007.3189
8002.0411
7995.8720
7988.8118
7982.4951
7976.9219
7972.0921
7968.0059
7964.6633
7962.0641
7960.2084
7959.0962
7957.6390
7955.8367
7953.6894
7951.1971
7948.3597
7945.1773
7941.6498
7937.7773
7933.5565
7928.9875
7924.0701
7918.8044
7913.1905
7907.2282
7900.9177
7894.2589
7888.8804
7884.7822
7881.9644
7880.4268
7880.1697
7881.1928
7883.4963
7887.0801
7888.9397
7889.0750
7887.4860
7884.1728
7879.1354
7872.3737
7863.8877
7853.6775
7844.4743
7836.2779
7829.0885
7822.9061
7817.7305
7813.5619
7810.4002
7808.2455
7806.5269
7805.2446
7804.3985
7803.9886
7804.0149
7804.4774
7805.3761
7806.7110
7807.5004
7807.7440
7807.4421
7806.5945
7805.2013
7803.2624
7800.7779
7797.7478
7794.2975
7790.4271
7786.1366
7781.4258
7776.2949
7770.7439
7764.7727
7758.3814
7752.8321
7748.1250
7744.2600
7741.2371
7739.0563
7737.7176
7737.2210
7737.5665
7741.6866
7749.5813
7761.2505
7776.6944
7795.9128
7818.9059
7845.6735
7876.2157
7908.0812
7941.2698
7975.7817
8011.6167
8048.7750
8087.2565
8127.0612
8168.1892
8204.6016
8236.2983
8263.2796
8285.5452
8303.0953
8315.9298
8324.0487
8327.4521
8329.3530
8329.7515
8328.6476
8326.0412
8321.9324
8316.3211
8309.2074
8300.5912
8293.8526
8288.9916
8286.0080
8284.9020
8285.6735
8288.3226
8292.8492
8299.2533
8300.7883
8297.4542
8289.2509
8276.1785
8258.2370
8235.4263
8207.7465
8175.1976
8145.8774
8119.7859
8096.9231
8077.2890
8060.8837
8047.7070
8037.7590
8031.0397
8026.5165
8024.1892
8024.0580
8026.1228
8030.3836
8036.8405
8045.4933
8056.3422
8063.7037
8067.5778
8067.9646
8064.8640
8058.2760
8048.2007
8034.6380
8017.5880
8003.3647
7991.9681
7983.3983
7977.6553
7974.7390
7974.6495
7977.3867
7982.9506
7987.5289
7991.1215
7993.7284
7995.3497
7995.9853
7995.6352
7994.2994
7991.9780
7989.2112
7985.9990
7982.3414
7978.2384
7973.6901
7968.6964
7963.2573
7957.3728
7951.7243
7946.3116
7941.1348
7936.1940
7931.4890
7927.0199
7922.7868
7918.7895
7914.5882
7910.1828
7905.5734
7900.7599
7895.7423
7890.5207
7885.0950
7879.4652
7874.7789
7871.0359
7868.2363
7866.3802
7865.4674
7865.4980
7866.4720
7868.3894
7869.1709
7868.8166
7867.3264
7864.7003
7860.9383
7856.0405
7850.0068
7842.8372
7836.2773
7830.3271
7824.9866
7820.2558
7816.1346
7812.6232
7809.7214
7807.4293
7805.8975
7805.1260
7805.1148
7805.8639
7807.3733
7809.6429
7812.6729
7816.4631
7818.1445
7817.7170
7815.1806
7810.5353
7803.7811
7794.9180
7783.9461
7770.8653
7765.0999
7766.6500
7775.5155
7791.6965
7815.1929
7846.0047
7884.1320
7929.5748
7974.1271
8017.7889
8060.5603
8102.4413
8143.4318
8183.5318
8222.7414
8261.0606
8293.7866
8320.9196
8342.4595
8358.4063
8368.7600
8373.5206
8372.6881
8366.2625
8360.8954
8356.5869
8353.3368
8351.1453
8350.0123
8349.9378
8350.9218
8352.9643
8352.7250
8350.2039
8345.4009
8338.3162
8328.9496
8317.3012
8303.3710
8287.1590
8270.1136
8252.2348
8233.5226
8213.9770
8193.5980
8172.3857
8150.3399
8127.4608
8108.7192
8094.1153
8083.6490
8077.3203
8075.1292
8077.0757
8083.1598
8093.3816
8101.4278
8107.2984
8110.9936
8112.5132
8111.8573
8109.0258
8104.0189
8096.8364
8089.6448
8082.4442
8075.2345
8068.0158
8060.7880
8053.5512
8046.3052
8039.0503
8031.6755
8024.1808
8016.5663
8008.8319
8000.9777
7993.0037
7984.9098
7976.6960
7969.5270
7963.4027
7958.3231
7954.2882
7951.2980
7949.3525
7948.4517
7948.5956
7947.2227
7944.3331
7939.9266
7934.0034
7926.5633
7917.6064
7907.1328
7895.1424
7885.4356
7878.0127
7872.8734
7870.0180
7869.4462
7871.1582
7875.1539
7881.4334
7886.1796
7889.3927
7891.0726
7891.2194
7889.8329
7886.9133
7882.4605
7876.4745
7870.2996
7863.9358
7857.3830
7850.6413
7843.7107
7836.5911
7829.2826
7821.7852
7814.7762
7808.2555
7802.2231
7796.6791
7791.6235
7787.0562
7782.9773
7779.3868
7775.9388
7772.6334
7769.4706
7766.4505
7763.5729
7760.8379
7758.2455
7755.7956
7754.4849
7754.3133
7755.2808
7757.3874
7760.6331
7765.0180
7770.5419
7777.2049
7788.8901
7805.5973
7827.3267
7854.0781
7885.8517
7922.6474
7964.4652
8011.3051
8054.2288
8093.2364
8128.3277
8159.5029
8186.7618
8210.1046
8229.5312
8245.0416
8256.8358
8264.9138
8269.2756
8269.9212
8266.8506
8260.0638
8249.5607
8235.3415
8223.9025
8215.2438
8209.3654
8206.2672
8205.9492
8208.4116
8213.6541
8221.6770
8225.3008
8224.5256
8219.3514
8209.7783
8195.8061
8177.4348
8154.6646
8127.4954
8103.5282
8082.7631
8065.2000
8050.8389
8039.6799
8031.7229
8026.9680
8025.4150
8024.0944
8023.0060
8022.1499
8021.5261
8021.1345
8020.9752
8021.0481
8021.3533
8019.6482
8015.9328
8010.2071
8002.4710
7992.7247
7980.9680
7967.2010
7951.4237
7938.1811
7927.4733
7919.3002
7913.6619
7910.5584
7909.9895
7911.9555
7916.4562
7919.0114
7919.6212
7918.2856
7915.0045
7909.7780
7902.6060
7893.4886
7882.4257
7873.0805
7865.4531
7859.5433
7855.3513
7852.8770
7852.1204
7853.0815
7855.7603
7858.1765
7860.3302
7862.2213
7863.8499
7865.2158
7866.3192
7867.1601
7867.7383
7867.8131
7867.3843
7866.4519
7865.0161
7863.0767
7860.6337
7857.6872
7854.2372
7850.4417
7846.3006
7841.8140
7836.9819
7831.8042
7826.2810
7820.4122
7814.1979
7809.1758
7805.3458
7802.7080
7801.2623
7801.0088
7801.9474
7804.0782
7807.4011
7808.9437
7808.7061
7806.6883
7802.8902
7797.3118
7789.9532
7780.8143
7769.8952
7760.8041
7753.5410
7748.1059
7744.4989
7742.7198
7742.7688
7744.6459
7748.3509
7750.7796
7751.9321
7751.8082
7750.4080
7747.7315
7743.7787
7738.5496
7732.0441
7729.3788
7730.5536
7735.5684
7744.4234
7757.1185
7773.6536
7794.0289
7818.2442
7846.0191
7877.3534
7912.2472
7950.7004
7992.7132
8038.2855
8087.4172
8140.1084
8186.2414
8225.8163
8258.8329
8285.2913
8305.1916
8318.5337
8325.3175
8325.5432
8324.1516
8321.1425
8316.5161
8310.2724
8302.4113
8292.9328
8281.8370
8269.1238
8260.1824
8255.0127
8253.6148
8255.9887
8262.1344
8272.0518
8285.7410
8303.2019
8312.6020
8313.9412
8307.2196
8292.4370
8269.5937
8238.6894
8199.7243
8152.6983
8113.0295
8080.7179
8055.7634
8038.1661
8027.9260
8025.0431
8029.5173
8041.3487
8050.2280
8056.1550
8059.1299
8059.1526
8056.2231
8050.3415
8041.5076
8029.7216
8018.4052
8007.5583
7997.1810
7987.2733
7977.8352
7968.8666
7960.3676
7952.3382
7945.3924
7939.5300
7934.7513
7931.0561
7928.4444
7926.9163
7926.4718
7927.1108
7927.1576
7926.6123
7925.4748
7923.7451
7921.4232
7918.5091
7915.0029
7910.9044
7906.7696
7902.5984
7898.3909
7894.1469
7889.8666
7885.5499
7881.1968
7876.8073
7871.7313
7865.9688
7859.5197
7852.3841
7844.5619
7836.0532
7826.8580
7816.9763
7808.7859
7802.2869
7797.4793
7794.3631
7792.9383
7793.2048
7795.1627
7798.8121
7800.9448
7801.5609
7800.6604
7798.2433
7794.3095
7788.8592
7781.8923
7773.4087
7771.6031
7776.4755
7788.0259
7806.2543
7831.1606
7862.7450
7901.0072
7945.9475
7989.2387
8030.8808
8070.8737
8109.2176
8145.9123
8180.9580
8214.3545
8246.1019
8273.3720
8296.1647
8314.4800
8328.3179
8337.6785
8342.5616
8342.9675
8338.8959
8334.0372
8328.3915
8321.9588
8314.7390
8306.7321
8297.9381
8288.3571
8277.9890
8269.7639
8263.6816
8259.7423
8257.9458
8258.2923
8260.7817
8265.4140
8272.1892
8275.5001
8275.3465
8271.7286
8264.6464
8254.0998
8240.0888
8222.6134
8201.6737
8180.9329
8160.3909
8140.0479
8119.9039
8099.9587
8080.2124
8060.6651
8041.3166
8025.6956
8013.8020
8005.6358
8001.1971
8000.4858
8003.5019
8010.2455
8020.7164
8028.0539
8032.2578
8033.3282
8031.2651
8026.0684
8017.7382
8006.2745
7991.6773
7979.0003
7968.2436
7959.4071
7952.4909
7947.4949
7944.4192
7943.2637
7944.0285
7943.1916
7940.7529
7936.7125
7931.0704
7923.8265
7914.9808
7904.5335
7892.4844
7882.4782
7874.5149
7868.5945
7864.7170
7862.8825
7863.0909
7865.3422
7869.6364
7871.8431
7871.9625
7869.9944
7865.9388
7859.7959
7851.5655
7841.2476
7828.8423
7818.4822
7810.1673
7803.8975
7799.6729
7797.4935
7797.3592
7799.2701
7803.2262
7805.2023
7805.1983
7803.2144
7799.2505
7793.3066
7785.3826
7775.4787
7763.5948
7755.5382
7751.3090
7750.9070
7754.3324
7761.5851
7772.6652
7787.5725
7806.3072
7830.1492
7859.0984
7893.1548
7932.3184
7976.5894
8025.9675
8080.4529
8140.0456
8191.5843
8235.0690
8270.4998
8297.8766
8317.1995
8328.4683
8331.6833
8326.8442
8322.5149
8318.6953
8315.3853
8312.5851
8310.2946
8308.5138
8307.2427
8306.4813
8304.4611
8301.1822
8296.6445
8290.8481
8283.7929
8275.4789
8265.9061
8255.0746
8241.9844
8226.6355
8209.0278
8189.1614
8167.0363
8142.6524
8116.0099
8087.1086
8062.6028
8042.4926
8026.7778
8015.4586
8008.5348
8006.0066
8007.8739
8014.1367
8017.7660
8018.7619
8017.1243
8012.8532
8005.9487
7996.4107
7984.2392
7969.4343
7956.2735
7944.7567
7934.8841
7926.6555
7920.0709
7915.1305
7911.8342
7910.1819
7907.5043
7903.8014
7899.0731
7893.3195
7886.5406
7878.7363
7869.9067
7860.0517
7851.5713
7844.4655
7838.7342
7834.3774
7831.3952
7829.7875
7829.5544
7830.6958
7831.8395
7832.9855
7834.1338
7835.2843
7836.4371
7837.5922
7838.7496
7839.9093
7839.7515
7838.2764
7835.4839
7831.3740
7825.9468
7819.2021
7811.1401
7801.7607
7793.8879
7787.5219
7782.6626
7779.3100
7777.4642
7777.1250
7778.2925
7780.9667
7782.3023
7782.2992
7780.9575
7778.2771
7774.2580
7768.9003
7762.2040
7754.1690
7748.8032
7746.1067
7746.0794
7748.7214
7754.0326
7762.0131
7772.6629
7785.9819
7802.3056
7821.6341
7843.9673
7869.3053
7897.6480
7928.9954
7963.3476
8000.7045
8035.6464
8068.1733
8098.2852
8125.9821
8151.2640
8174.1309
8194.5828
8212.6196
8229.2118
8244.3592
8258.0619
8270.3198
8281.1331
8290.5015
8298.4253
8304.9044
8309.7696
8313.0209
8314.6585
8314.6822
8313.0921
8309.8881
8305.0703
8298.6387
8292.6592
8287.1320
8282.0569
8277.4340
8273.2633
8269.5448
8266.2784
8263.4643
8255.6734
8242.9059
8225.1617
8202.4408
8174.7432
8142.0689
8104.4180
8061.7904
8025.7863
7996.4058
7973.6489
7957.5155
7948.0058
7945.1196
7948.8569
7959.2178
7968.2874
7976.0657
7982.5526
7987.7482
7991.6525
7994.2654
7995.5870
7995.6173
7994.8461
7993.2734
7990.8993
7987.7238
7983.7468
7978.9684
7973.3886
7967.0073
7960.5608
7954.0493
7947.4728
7940.8311
7934.1243
7927.3524
7920.5154
7913.6134
7906.1891
7898.2428
7889.7743
7880.7836
7871.2708
7861.2358
7850.6787
7839.5994
7830.5095
7823.4091
7818.2980
7815.1763
7814.0441
7814.9012
7817.7477
7822.5837
7826.2739
7828.8184
7830.2172
7830.4703
7829.5777
7827.5394
7824.3554
7820.0257
7815.1888
7809.8449
7803.9938
7797.6356
7790.7703
7783.3978
7775.5183
7767.1316
7760.3770
7755.2544
7751.7638
7749.9053
7749.6789
7751.0844
7754.1221
7758.7917
7761.6397
7762.6661
7761.8708
7759.2539
7754.8154
7748.5552
7740.4734
7730.5699
7723.6076
7719.5863
7718.5061
7720.3669
7725.1689
7732.9120
7743.5961
7757.2213
7774.2224
7794.5994
7818.3522
7845.4809
7875.9854
7909.8658
7947.1221
7987.7542
8026.6728
8063.8779
8099.3694
8133.1474
8165.2119
8195.5629
8224.2004
8251.1243
8272.9564
8289.6966
8301.3449
8307.9014
8309.3660
8305.7388
8297.0197
8283.2087
8271.1477
8260.8365
8252.2753
8245.4639
8240.4025
8237.0910
8235.5294
8235.7176
8235.8387
8235.8926
8235.8793
8235.7988
8235.6511
8235.4362
8235.1542
8234.8049
8235.0241
8235.8119
8237.1682
8239.0930
8241.5864
8244.6483
8248.2787
8252.4776
8252.2873
8247.7075
8238.7385
8225.3801
8207.6324
8185.4954
8158.9690
8128.0533
8100.8585
8077.3847
8057.6318
8041.5998
8029.2887
8020.6986
8015.8294
8014.6811
8013.8409
8013.3088
8013.0847
8013.1686
8013.5606
8014.2607
8015.2688
8016.5850
8016.3577
8014.5869
8011.2725
8006.4147
8000.0134
7992.0685
7982.5802
7971.5483
7961.0513
7951.0892
7941.6618
7932.7693
7924.4116
7916.5888
7909.3008
7902.5476
7896.7540
7891.9199
7888.0454
7885.1304
7883.1750
7882.1790
7882.1427
7883.0658
7882.5418
7880.5706
7877.1522
7872.2867
7865.9739
7858.2140
7849.0068
7838.3525
7829.6251
7822.8246
7817.9510
7815.0043
7813.9846
7814.8917
7817.7258
7822.4867
7825.6669
7827.2664
7827.2850
7825.7229
7822.5801
7817.8565
7811.5521
7803.6669
7796.7911
7790.9246
7786.0675
7782.2196
7779.3811
7777.5520
7776.7321
7776.9216
7775.9306
7773.7592
7770.4072
7765.8748
7760.1620
7753.2686
7745.1948
7735.9405
7731.3975
7731.5657
7736.4451
7746.0358
7760.3377
7779.3508
7803.0752
7831.5108
7860.6062
7890.3614
7920.7763
7951.8510
7983.5854
8015.9796
8049.0336
8082.7474
8114.3812
8143.9349
8171.4087
8196.8026
8220.1164
8241.3502
8260.5041
8277.5779
8291.1297
8301.1593
8307.6667
8310.6520
8310.1151
8306.0561
8298.4750
8287.3717
8277.5588
8269.0364
8261.8043
8255.8627
8251.2114
8247.8506
8245.7802
8245.0001
8244.9873
8245.7416
8247.2630
8249.5516
8252.6073
8256.4302
8261.0202
8266.3774
8267.0693
8263.0959
8254.4572
8241.1533
8223.1840
8200.5495
8173.2497
8141.2847
8114.0988
8091.6922
8074.0648
8061.2167
8053.1478
8049.8581
8051.3476
8057.6164
8061.9424
8064.3257
8064.7662
8063.2640
8059.8191
8054.4314
8047.1010
8037.8279
8028.8066
8020.0373
8011.5199
8003.2544
7995.2408
7987.4791
7979.9693
7972.7114
7965.4086
7958.0609
7950.6682
7943.2307
7935.7482
7928.2207
7920.6484
7913.0311
7906.2550
7900.3200
7895.2261
7890.9734
7887.5619
7884.9915
7883.2622
7882.3741
7881.8802
7881.7803
7882.0746
7882.7630
7883.8456
7885.3223
7887.1931
7889.4581
7890.1957
7889.4060
7887.0890
7883.2446
7877.8729
7870.9739
7862.5476
7852.5939
7843.6175
7835.6186
7828.5971
7822.5529
7817.4862
7813.3968
7810.2848
7808.1502
7805.8522
7803.3907
7800.7658
7797.9775
7795.0257
7791.9105
7788.6318
7785.1897
7782.1242
7779.4354
7777.1231
7775.1876
7773.6286
7772.4463
7771.6406
7771.2115
7770.1234
7768.3763
7765.9701
7762.9049
7759.1806
7754.7974
7749.7550
7744.0537
7743.4642
7747.9865
7757.6207
7772.3668
7792.2247
7817.1945
7847.2762
7882.4697
7918.2676
7954.6697
7991.6762
8029.2870
8067.5021
8106.3215
8145.7452
8185.7732
8220.6804
8250.4667
8275.1321
8294.6766
8309.1002
8318.4030
8322.5849
8321.6459
8320.3476
8318.6902
8316.6735
8314.2976
8311.5624
8308.4680
8305.0144
8301.2016
8298.0618
8295.5950
8293.8012
8292.6804
8292.2327
8292.4579
8293.3562
8294.9275
8292.9697
8287.4829
8278.4669
8265.9218
8249.8477
8230.2445
8207.1121
8180.4507
8156.4047
8134.9741
8116.1590
8099.9592
8086.3749
8075.4059
8067.0524
8061.3143
8056.8265
8053.5891
8051.6020
8050.8653
8051.3789
8053.1429
8056.1572
8060.4219
8063.3553
8064.9574
8065.2282
8064.1677
8061.7760
8058.0530
8052.9988
8046.6132
8040.0038
8033.1707
8026.1137
8018.8329
8011.3283
8003.5999
7995.6477
7987.4717
7979.0461
7970.3710
7961.4464
7952.2722
7942.8484
7933.1751
7923.2523
7913.0800
7904.8131
7898.4518
7893.9959
7891.4456
7890.8007
7892.0614
7895.2276
7900.2992
7904.7636
7908.6207
7911.8704
7914.5129
7916.5480
7917.9759
7918.7964
7919.0097
7918.2228
7916.4358
7913.6487
7909.8614
7905.0741
7899.2866
7892.4990
7884.7112
7878.8477
7874.9084
7872.8933
7872.8025
7874.6358
7878.3933
7884.0751
7891.6811
7898.0908
7903.3043
7907.3214
7910.1424
7911.7670
7912.1954
7911.4275
7909.4634
7906.6900
7903.1075
7898.7158
7893.5149
7887.5048
7880.6855
7873.0570
7864.6194
7856.2340
7847.9010
7839.6202
7831.3917
7823.2156
7815.0918
7807.0202
7799.0010
7798.6806
7806.0592
7821.1366
7843.9129
7874.3881
7912.5622
7958.4352
8012.0071
8059.1480
8099.8579
8134.1367
8161.9846
8183.4015
8198.3874
8206.9423
8209.0661
8210.4688
8211.1502
8211.1104
8210.3493
8208.8671
8206.6635
8203.7388
8200.0928
8196.7303
8193.6513
8190.8557
8188.3436
8186.1150
8184.1699
8182.5082
8181.1301
8178.3826
8174.2657
8168.7795
8161.9240
8153.6991
8144.1049
8133.1414
8120.8085
8107.5260
8093.2938
8078.1120
8061.9805
8044.8994
8026.8686
8007.8881
7987.9580
7971.0475
7957.1568
7946.2857
7938.4343
7933.6025
7931.7904
7932.9980
7937.2253
7939.7631
7940.6114
7939.7703
7937.2397
7933.0197
7927.1102
7919.5113
7910.2229
7901.7716
7894.1574
7887.3804
7881.4404
7876.3376
7872.0719
7868.6433
7866.0519
7863.6816
7861.5326
7859.6048
7857.8982
7856.4128
7855.1487
7854.1057
7853.2840
7852.2968
7851.1442
7849.8261
7848.3425
7846.6934
7844.8789
7842.8989
7840.7534
7838.2275
7835.3210
7832.0340
7828.3664
7824.3184
7819.8898
7815.0808
7809.8912
7805.7574
7802.6793
7800.6571
7799.6906
7799.7798
7800.9248
7803.1256
7806.3822
7808.8696
7810.5877
7811.5367
7811.7164
7811.1270
7809.7683
7807.6405
7804.7434
7801.8939
7799.0920
7796.3376
7793.6308
7790.9716
7788.3599
7785.7958
7783.2793
7781.0009
7778.9608
7777.1587
7775.5949
7774.2692
7773.1817
7772.3324
7771.7213
7771.1841
7770.7209
7770.3316
7770.0163
7769.7750
7769.6077
7769.5143
7769.4949
7768.9582
7767.9044
7766.3333
7764.2450
7761.6394
7758.5167
7754.8767
7750.7195
7750.0654
7752.9144
7759.2665
7769.1217
7782.4801
7799.3415
7819.7061
7843.5737
7870.0953
7899.2708
7931.1002
7965.5835
8002.7207
8042.5119
8084.9569
8130.0558
8170.3903
8205.9603
8236.7658
8262.8069
8284.0834
8300.5956
8312.3432
8319.3264
8324.4557
8327.7313
8329.1531
8328.7211
8326.4353
8322.2957
8316.3024
8308.4552
8301.4625
8295.3244
8290.0407
8285.6114
8282.0367
8279.3165
8277.4507
8276.4395
8275.7803
8275.4731
8275.5180
8275.9149
8276.6639
8277.7650
8279.2180
8281.0232
8279.6088
8274.9748
8267.1212
8256.0481
8241.7554
8224.2432
8203.5114
8179.5600
8157.9747
8138.7555
8121.9025
8107.4155
8095.2946
8085.5399
8078.1512
8073.1286
8068.8881
8065.4296
8062.7531
8060.8587
8059.7463
8059.4159
8059.8676
8061.1012
8061.7344
8061.7672
8061.1995
8060.0313
8058.2627
8055.8936
8052.9240
8049.3540
8045.1767
8040.3921
8035.0001
8029.0009
8022.3944
8015.1806
8007.3594
7998.9310
7991.5042
7985.0792
7979.6558
7975.2341
7971.8140
7969.3957
7967.9790
7967.5641
7967.5090
7967.8140
7968.4788
7969.5036
7970.8884
7972.6331
7974.7377
7977.2023
7978.4877
7978.5940
7977.5211
7975.2691
7971.8379
7967.2275
7961.4380
7954.4693
7948.0850
7942.2850
7937.0695
7932.4382
7928.3914
7924.9289
7922.0507
7919.7570
7917.3247
7914.7538
7912.0444
7909.1964
7906.2099
7903.0848
7899.8212
7896.4190
7893.2541
7890.3264
7887.6360
7885.1829
7882.9670
7880.9884
7879.2470
7877.7429
7876.7316
7876.2130
7876.1873
7876.6543
7877.6141
7879.0667
7881.0120
7883.4502
7884.4582
7884.0360
7882.1836
7878.9010
7874.1883
7868.0454
7860.4723
7851.4690
7843.7158
7837.2125
7831.9592
7827.9560
7825.2028
7823.6995
7823.4463
7824.4430
7829.9619
7840.0028
7854.5658
7873.6508
7897.2580
7925.3871
7958.0384
7995.2118
8031.6700
8067.4132
8102.4412
8136.7542
8170.3521
8203.2349
8235.4026
8266.8552
8294.0506
8316.9887
8335.6697
8350.0934
8360.2599
8366.1691
8367.8212
8365.2160
8361.5525
8356.8308
8351.0509
8344.2127
8336.3163
8327.3616
8317.3487
8306.2775
8296.7899
8288.8859
8282.5655
8277.8287
8274.6754
8273.1058
8273.1197
8274.7173
8274.4677
8272.3712
8268.4275
8262.6368
8254.9990
8245.5142
8234.1823
8221.0033
8206.2311
8189.8657
8171.9072
8152.3553
8131.2103
8108.4721
8084.1407
8058.2160
8037.5473
8022.1345
8011.9776
8007.0767
8007.4316
8013.0425
8023.9093
8040.0320
8051.5579
8058.4870
8060.8193
8058.5547
8051.6934
8040.2352
8024.1803
8003.5285
7985.2212
7969.2584
7955.6401
7944.3663
7935.4370
7928.8522
7924.6118
7922.7160
7920.5319
7918.0596
7915.2990
7912.2502
7908.9131
7905.2877
7901.3741
7897.1722
7892.6618
7887.8427
7882.7151
7877.2788
7871.5340
7865.4806
7859.1186
7852.4480
7846.6400
7841.6946
7837.6119
7834.3918
7832.0344
7830.5396
7829.9074
7830.1378
7830.5455
7831.1306
7831.8929
7832.8325
7833.9494
7835.2436
7836.7150
7838.3638
7838.4466
7836.9634
7833.9143
7829.2992
7823.1181
7815.3710
7806.0580
7795.1790
7785.7241
7777.6931
7771.0862
7765.9034
7762.1445
7759.8097
7758.8989
7759.4121
7759.7760
7759.9904
7760.0555
7759.9711
7759.7373
7759.3542
7758.8216
7758.1397
7755.6374
7751.3147
7745.1717
7737.2084
7727.4247
7715.8207
7702.3963
7687.1516
7683.3049
7690.8561
7709.8053
7740.1525
7781.8977
7835.0409
7899.5821
7975.5212
8042.9955
8102.0051
8152.5498
8194.6298
8228.2449
8253.3953
8270.0808
8278.3016
8283.7031
8286.2853
8286.0481
8282.9917
8277.1161
8268.4211
8256.9068
8242.5733
8229.7452
8218.4227
8208.6058
8200.2943
8193.4884
8188.1881
8184.3932
8182.1039
8180.4491
8179.4287
8179.0428
8179.2913
8180.1743
8181.6918
8183.8438
8186.6302
8185.9813
8181.8970
8174.3774
8163.4225
8149.0322
8131.2066
8109.9457
8085.2494
8063.2284
8043.8827
8027.2124
8013.2174
8001.8976
7993.2532
7987.2842
7983.9904
7981.6212
7980.1766
7979.6565
7980.0610
7981.3900
7983.6437
7986.8219
7990.9246
7993.0733
7993.2679
7991.5084
7987.7948
7982.1271
7974.5054
7964.9295
7953.3996
7943.7016
7935.8354
7929.8010
7925.5985
7923.2279
7922.6892
7923.9823
7927.1072
7928.3631
7927.7500
7925.2678
7920.9165
7914.6962
7906.6068
7896.6483
7884.8208
7874.9295
7866.9744
7860.9555
7856.8729
7854.7264
7854.5162
7856.2422
7859.9045
7862.1894
7863.0970
7862.6272
7860.7802
7857.5558
7852.9541
7846.9751
7839.6188
7832.9425
7826.9463
7821.6301
7816.9939
7813.0378
7809.7618
7807.1658
7805.2498
7803.4738
7801.8379
7800.3421
7798.9862
7797.7704
7796.6946
7795.7589
7794.9632
7793.6317
7791.7645
7789.3616
7786.4229
7782.9484
7778.9383
7774.3923
7769.3107
7764.8095
7760.8889
7757.5488
7754.7892
7752.6102
7751.0116
7749.9936
7749.5561
7748.0957
7745.6123
7742.1060
7737.5767
7732.0245
7725.4494
7717.8513
7709.2303
7708.2692
7714.9682
7729.3272
7751.3461
7781.0251
7818.3640
7863.3630
7916.0220
7964.1827
8007.8450
8047.0091
8081.6749
8111.8424
8137.5116
8158.6826
8175.3552
8191.2151
8206.2623
8220.4968
8233.9186
8246.5277
8258.3240
8269.3077
8279.4786
8287.3947
8293.0560
8296.4625
8297.6142
8296.5111
8293.1531
8287.5403
8279.6727
8272.3862
8265.6808
8259.5566
8254.0134
8249.0514
8244.6704
8240.8706
8237.6519
8235.0164
8232.9641
8231.4950
8230.6092
8230.3066
8230.5872
8231.4510
8232.8981
8233.9587
8234.6329
8234.9208
8234.8222
8234.3372
8233.4658
8232.2080
8230.5638
8224.7378
8214.7300
8200.5405
8182.1692
8159.6162
8132.8814
8101.9649
8066.8665
8038.5125
8016.9027
8002.0373
7993.9161
7992.5392
7997.9065
8010.0182
8028.8741
8043.3326
8053.3936
8059.0572
8060.3234
8057.1920
8049.6633
8037.7371
8021.4134
8006.9795
7994.4354
7983.7811
7975.0166
7968.1419
7963.1569
7960.0618
7958.8564
7957.1344
7954.8957
7952.1404
7948.8685
7945.0800
7940.7748
7935.9529
7930.6145
7925.5627
7920.7976
7916.3191
7912.1273
7908.2221
7904.6036
7901.2718
7898.2266
7895.9031
7894.3011
7893.4207
7893.2620
7893.8249
7895.1094
7897.1155
7899.8432
7900.8719
7900.2015
7897.8322
7893.7638
7887.9964
7880.5299
7871.3645
7860.5000
7851.3280
7843.8483
7838.0611
7833.9663
7831.5640
7830.8540
7831.8365
7834.5114
7835.8883
7835.9672
7834.7481
7832.2311
7828.4160
7823.3030
7816.8920
7809.1830
7802.7693
7797.6509
7793.8277
7791.2999
7790.0674
7790.1301
7791.4881
7794.1415
7795.6971
7796.1550
7795.5153
7793.7778
7790.9427
7787.0098
7781.9793
7775.8510
7772.4731
7771.8455
7773.9683
7778.8414
7786.4648
7796.8386
7809.9627
7825.8372
7847.7837
7875.8023
7909.8930
7950.0557
7996.2905
8048.5973
8106.9762
8171.4272
8227.3138
8274.6360
8313.3937
8343.5871
8365.2160
8378.2805
8382.7805
8378.7162
8374.5652
8370.3275
8366.0031
8361.5921
8357.0944
8352.5100
8347.8389
8343.0811
8338.5084
8334.1209
8329.9184
8325.9010
8322.0686
8318.4214
8314.9592
8311.6822
8306.2108
8298.5450
8288.6849
8276.6304
8262.3816
8245.9385
8227.3010
8206.4692
8186.1476
8166.3364
8147.0355
8128.2449
8109.9646
8092.1946
8074.9349
8058.1856
8044.0640
8032.5701
8023.7039
8017.4655
8013.8549
8012.8720
8014.5168
8018.7894
8022.2868
8025.0090
8026.9560
8028.1279
8028.5246
8028.1461
8026.9924
8025.0636
8022.4762
8019.2303
8015.3259
8010.7629
8005.5414
7999.6614
7993.1228
7985.9257
7978.7355
7971.5520
7964.3753
7957.2055
7950.0424
7942.8862
7935.7368
7928.5942
7922.7286
7918.1400
7914.8284
7912.7938
7912.0363
7912.5557
7914.3522
7917.4257
7919.9238
7921.8465
7923.1939
7923.9659
7924.1625
7923.7838
7922.8297
7921.3002
7918.9661
7915.8273
7911.8838
7907.1358
7901.5830
7895.2256
7888.0636
7880.0969
7873.6792
7868.8104
7865.4906
7863.7198
7863.4979
7864.8250
7867.7011
7872.1261
7874.9192
7876.0803
7875.6095
7873.5068
7869.7721
7864.4054
7857.4069
7848.7764
7840.8302
7833.5683
7826.9908
7821.0976
7815.8887
7811.3641
7807.5238
7804.3679
7801.4783
7798.8550
7796.4980
7794.4074
7792.5831
7791.0251
7789.7335
7788.7082
7787.6651
7786.6042
7785.5254
7784.4289
7783.3146
7782.1825
7781.0326
7779.8649
7779.1406
7778.8595
7779.0218
7779.6274
7780.6763
7782.1685
7784.1041
7786.4829
7787.7283
7787.8403
7786.8187
7784.6637
7781.3752
7776.9533
7771.3979
7764.7090
7763.9670
7769.1720
7780.3239
7797.4227
7820.4685
7849.4612
7884.4009
7925.2875
7966.0701
8006.7489
8047.3237
8087.7945
8128.1615
8168.4245
8208.5836
8248.6387
8281.7500
8307.9176
8327.1413
8339.4212
8344.7573
8343.1496
8334.5981
8319.1028
8305.8717
8294.9048
8286.2022
8279.7637
8275.5895
8273.6796
8274.0338
8276.6523
8278.9367
8280.8870
8282.5033
8283.7854
8284.7335
8285.3476
8285.6275
8285.5734
8281.6406
8273.8291
8262.1388
8246.5698
8227.1221
8203.7956
8176.5904
8145.5065
8117.9131
8093.8100
8073.1973
8056.0750
8042.4431
8032.3016
8025.6505
8022.4898
8019.3037
8016.0921
8012.8550
8009.5924
8006.3044
8002.9910
7999.6520
7996.2876
7992.2449
7987.5240
7982.1247
7976.0472
7969.2913
7961.8572
7953.7448
7944.9541
7937.3949
7931.0673
7925.9712
7922.1067
7919.4736
7918.0721
7917.9022
7918.9637
7919.4988
7919.5075
7918.9896
7917.9453
7916.3745
7914.2773
7911.6536
7908.5034
7904.8430
7900.6725
7895.9918
7890.8009
7885.0999
7878.8887
7872.1674
7864.9358
7859.0550
7854.5250
7851.3457
7849.5171
7849.0393
7849.9122
7852.1359
7855.7103
7858.8618
7861.5903
7863.8960
7865.7787
7867.2385
7868.2754
7868.8894
7869.0805
7868.3950
7866.8328
7864.3941
7861.0787
7856.8867
7851.8181
7845.8729
7839.0510
7832.9561
7827.5882
7822.9472
7819.0331
7815.8459
7813.3857
7811.6524
7810.6461
7809.3119
7807.6498
7805.6598
7803.3419
7800.6961
7797.7225
7794.4209
7790.7915
7791.7149
7797.1912
7807.2203
7821.8023
7840.9371
7864.6248
7892.8654
7925.6588
7960.4152
7997.1345
8035.8169
8076.4622
8119.0705
8163.6419
8210.1761
8258.6734
8299.2635
8331.9462
8356.7218
8373.5901
8382.5512
8383.6050
8376.7516
8361.9910
8349.7014
8339.8830
8332.5356
8327.6594
8325.2543
8325.3202
8327.8573
8332.8654
8336.3952
8338.4466
8339.0197
8338.1143
8335.7306
8331.8685
8326.5281
8319.7092
8309.1467
8294.8403
8276.7902
8254.9964
8229.4588
8200.1775
8167.1524
8130.3836
8099.2741
8073.8238
8054.0329
8039.9012
8031.4288
8028.6157
8031.4619
8039.9674
8046.4175
8050.8124
8053.1520
8053.4363
8051.6653
8047.8391
8041.9575
8034.0206
8025.7992
8017.2931
8008.5025
7999.4273
7990.0675
7980.4232
7970.4942
7960.2807
7951.1394
7943.0703
7936.0735
7930.1489
7925.2965
7921.5164
7918.8085
7917.1728
7915.0124
7912.3273
7909.1174
7905.3828
7901.1234
7896.3393
7891.0304
7885.1968
7880.1623
7875.9270
7872.4908
7869.8538
7868.0159
7866.9772
7866.7376
7867.2972
7867.3066
7866.7660
7865.6753
7864.0345
7861.8436
7859.1027
7855.8116
7851.9705
7847.7954
7843.2863
7838.4433
7833.2663
7827.7554
7821.9105
7815.7316
7809.2188
7804.0090
7800.1021
7797.4982
7796.1973
7796.1994
7797.5045
7800.1125
7804.0236
7806.1274
7806.4239
7804.9133
7801.5954
7796.4703
7789.5379
7780.7983
7770.2515
7762.5511
7757.6970
7755.6894
7756.5281
7760.2131
7766.7446
7776.1224
7788.3466
7804.8250
7825.5576
7850.5445
7879.7855
7913.2808
7951.0303
7993.0340
8039.2919
8082.7352
8123.3639
8161.1780
8196.1776
8228.3625
8257.7328
8284.2886
8308.0297
8326.9069
8340.9203
8350.0698
8354.3553
8353.7770
8348.3348
8338.0287
8322.8587
8309.7758
8298.7798
8289.8709
8283.0490
8278.3142
8275.6664
8275.1055
8276.6318
8278.4414
8280.5346
8282.9111
8285.5712
8288.5147
8291.7416
8295.2520
8299.0459
8298.1363
8292.5233
8282.2068
8267.1869
8247.4636
8223.0368
8193.9066
8160.0729
8130.0771
8103.9192
8081.5990
8063.1167
8048.4722
8037.6656
8030.6968
8027.5658
8025.3247
8023.9736
8023.5124
8023.9411
8025.2597
8027.4682
8030.5667
8034.5551
8037.3466
8038.9412
8039.3390
8038.5398
8036.5438
8033.3509
8028.9612
8023.3746
8017.5198
8011.3968
8005.0057
7998.3464
7991.4190
7984.2234
7976.7596
7969.0277
7961.5960
7954.4646
7947.6333
7941.1023
7934.8715
7928.9409
7923.3105
7917.9803
7913.6735
7910.3901
7908.1300
7906.8933
7906.6799
7907.4899
7909.3232
7912.1799
7913.9632
7914.6732
7914.3098
7912.8730
7910.3628
7906.7793
7902.1224
7896.3922
7891.1141
7886.2883
7881.9146
7877.9932
7874.5240
7871.5069
7868.9421
7866.8294
7864.8845
7863.1073
7861.4978
7860.0560
7858.7819
7857.6755
7856.7369
7855.9660
7853.2880
7848.7030
7842.2110
7833.8120
7823.5059
7811.2928
7797.1727
7781.1456
7767.3429
7755.7648
7746.4111
7739.2819
7734.3772
7731.6970
7731.2413
7733.0101
7734.5029
7735.7197
7736.6606
7737.3255
7737.7144
7737.8273
7737.6643
7737.2253
7736.9210
7736.7514
7736.7164
7736.8161
7737.0505
7737.4196
7737.9234
7738.5618
7738.8027
7738.6461
7738.0918
7737.1400
7735.7907
7734.0438
7731.8993
7729.3573
7728.3106
7728.7592
7730.7031
7734.1424
7739.0770
7745.5069
7753.4321
7762.8526
7776.6112
7794.7079
7817.1427
7843.9155
7875.0265
7910.4755
7950.2626
7994.3877
8035.9569
8074.9700
8111.4271
8145.3281
8176.6732
8205.4622
8231.6952
8255.3721
8274.1135
8287.9191
8296.7892
8300.7235
8299.7223
8293.7854
8282.9128
8267.1046
8253.4778
8242.0323
8232.7681
8225.6853
8220.7838
8218.0636
8217.5248
8219.1674
8217.5099
8212.5525
8204.2950
8192.7376
8177.8802
8159.7227
8138.2653
8113.5079
8090.6884
8069.8068
8050.8632
8033.8575
8018.7898
8005.6599
7994.4681
7985.2141
7976.5131
7968.3651
7960.7700
7953.7279
7947.2387
7941.3024
7935.9191
7931.0888
7926.5397
7922.2718
7918.2851
7914.5797
7911.1554
7908.0125
7905.1507
7902.5702
7898.9537
7894.3014
7888.6131
7881.8889
7874.1289
7865.3329
7855.5010
7844.6332
7835.1787
7827.1376
7820.5099
7815.2955
7811.4944
7809.1067
7808.1323
7808.5713
7809.0824
7809.6657
7810.3211
7811.0486
7811.8483
7812.7201
7813.6641
7814.6802
7815.7494
7816.8719
7818.0475
7819.2763
7820.5582
7821.8934
7823.2817
7824.7232
7825.5046
7825.6261
7825.0875
7823.8889
7822.0302
7819.5116
7816.3329
7812.4943
7808.6967
7804.9403
7801.2250
7797.5508
7793.9178
7790.3258
7786.7750
7783.2654
7779.9340
7776.7809
7773.8062
7771.0097
7768.3915
7765.9516
7763.6900
7761.6068
7759.9672
7758.7713
7758.0191
7757.7106
7757.8458
7758.4247
7759.4473
7760.9137
7766.6488
7776.6529
7790.9258
7809.4675
7832.2781
7859.3576
7890.7059
7926.3231
7964.3804
8004.8779
8047.8154
8093.1932
8141.0111
8191.2691
8243.9672
8299.1055
8345.4167
8382.9009
8411.5579
8431.3879
8442.3909
8444.5667
8437.9155
8422.4372
8409.4275
8398.8866
8390.8143
8385.2107
8382.0758
8381.4096
8383.2120
8387.4832
8390.1285
8391.1481
8390.5420
8388.3101
8384.4524
8378.9690
8371.8599
8363.1250
8351.8431
8338.0143
8321.6386
8302.7159
8281.2464
8257.2298
8230.6664
8201.5560
8176.5996
8155.7971
8139.1487
8126.6543
8118.3138
8114.1273
8114.0949
8118.2164
8122.3700
8126.5556
8130.7734
8135.0232
8139.3051
8143.6190
8147.9650
8152.3431
8154.9223
8155.7025
8154.6839
8151.8663
8147.2498
8140.8344
8132.6201
8122.6068
8113.6383
8105.7144
8098.8353
8093.0009
8088.2111
8084.4661
8081.7657
8080.1101
8076.9639
8072.3272
8066.1999
8058.5821
8049.4737
8038.8748
8026.7854
8013.2054
8001.0363
7990.2780
7980.9305
7972.9939
7966.4682
7961.3533
7957.6493
7955.3561
7952.5176
7949.1337
7945.2045
7940.7300
7935.7101
7930.1449
7924.0344
7917.3785
7912.2448
7908.6333
7906.5440
7905.9768
7906.9318
7909.4090
7913.4083
7918.9298
7923.4944
7927.1018
7929.7523
7931.4458
7932.1823
7931.9617
7930.7841
7928.6496
7928.1043
7929.1484
7931.7818
7936.0045
7941.8166
7949.2180
7958.2087
7968.7887
7984.7502
8006.0931
8032.8175
8064.9234
8102.4107
8145.2795
8193.5297
8247.1614
8292.4592
8329.4230
8358.0528
8378.3487
8390.3107
8393.9387
8389.2328
8376.1929
8363.8185
8352.1096
8341.0661
8330.6881
8320.9755
8311.9283
8303.5467
8295.8304
8287.5326
8278.6532
8269.1922
8259.1497
8248.5255
8237.3197
8225.5323
8213.1634
8201.8862
8191.7007
8182.6070
8174.6050
8167.6947
8161.8762
8157.1494
8153.5144
8146.8168
8137.0566
8124.2339
8108.3485
8089.4007
8067.3902
8042.3172
8014.1816
7990.2807
7970.6146
7955.1832
7943.9866
7937.0246
7934.2974
7935.8050
7941.5472
7946.7246
7951.3370
7955.3845
7958.8670
7961.7846
7964.1373
7965.9251
7967.1479
7967.3034
7966.3917
7964.4126
7961.3662
7957.2525
7952.0715
7945.8233
7938.5077
7930.9959
7923.2880
7915.3840
7907.2838
7898.9874
7890.4949
7881.8063
7872.9215
7864.4944
7856.5252
7849.0137
7841.9601
7835.3642
7829.2261
7823.5458
7818.3233
7813.5996
7809.3746
7805.6484
7802.4210
7799.6924
7797.4626
7795.7315
7794.4992
7791.9601
7788.1141
7782.9612
7776.5015
7768.7349
7759.6614
7749.2811
7737.5940
7728.6858
7722.5567
7719.2066
7718.6354
7720.8433
7725.8302
7733.5961
7744.1411
7752.2296
7757.8617
7761.0375
7761.7568
7760.0198
7755.8264
7749.1766
7740.0704
7732.4059
7726.1833
7721.4025
7718.0634
7716.1661
7715.7106
7716.6969
7719.1249
7725.4059
7735.5398
7749.5267
7767.3664
7789.0591
7814.6046
7844.0032
7877.2546
7912.0851
7948.4946
7986.4833
8026.0510
8067.1978
8109.9236
8154.2286
8200.1126
8237.4177
8266.1440
8286.2914
8297.8600
8300.8498
8295.2607
8281.0927
8258.3459
8239.2140
8223.6970
8211.7949
8203.5077
8198.8354
8197.7781
8200.3356
8206.5081
8209.2385
8208.5267
8204.3729
8196.7769
8185.7389
8171.2587
8153.3364
8131.9720
8111.5022
8091.9270
8073.2463
8055.4603
8038.5688
8022.5718
8007.4695
7993.2617
7982.2010
7974.2874
7969.5208
7967.9012
7969.4287
7974.1033
7981.9249
7992.8935
8000.3010
8004.1472
8004.4322
8001.1561
7994.3187
7983.9201
7969.9603
7952.4393
7937.5897
7925.4114
7915.9045
7909.0689
7904.9048
7903.4119
7904.5905
7908.4404
7909.6620
7908.2553
7904.2203
7897.5570
7888.2655
7876.3456
7861.7974
7844.6209
7829.9999
7817.9343
7808.4241
7801.4694
7797.0701
7795.2263
7795.9379
7799.2050
7799.7812
7797.6666
7792.8611
7785.3649
7775.1778
7762.2998
7746.7311
7728.4715
7713.7379
7702.5303
7694.8488
7690.6932
7690.0637
7692.9602
7699.3826
7709.3311
7717.2863
7723.2482
7727.2168
7729.1922
7729.1742
7727.1630
7723.1584
7717.1606
7712.3575
7708.7492
7706.3357
7705.1169
7705.0929
7706.2637
7708.6292
7712.1894
7719.1817
7729.6059
7743.4622
7760.7504
7781.4706
7805.6228
7833.2070
7864.2232
7896.1232
7928.9070
7962.5747
7997.1261
8032.5614
8068.8806
8106.0835
8144.1703
8176.8794
8204.2106
8226.1641
8242.7399
8253.9379
8259.7581
8260.2006
8255.2653
8250.7076
8246.5275
8242.7250
8239.3002
8236.2529
8233.5833
8231.2913
8229.3769
8227.6280
8226.0445
8224.6266
8223.3741
8222.2871
8221.3657
8220.6097
8220.0191
8215.0897
8205.8213
8192.2140
8174.2677
8151.9825
8125.3584
8094.3953
8059.0933
8028.9340
8003.9176
7984.0439
7969.3130
7959.7249
7955.2795
7955.9769
7961.8172
7966.2668
7969.3259
7970.9945
7971.2725
7970.1600
7967.6569
7963.7632
7958.4790
7952.5691
7946.0335
7938.8722
7931.0852
7922.6725
7913.6340
7903.9699
7893.6800
7884.9935
7877.9102
7872.4302
7868.5536
7866.2802
7865.6101
7866.5433
7869.0798
7871.3970
7873.4949
7875.3736
7877.0329
7878.4729
7879.6936
7880.6950
7881.4771
7880.9896
7879.2323
7876.2053
7871.9087
7866.3423
7859.5063
7851.4006
7842.0251
7833.9578
7827.1987
7821.7477
7817.6048
7814.7700
7813.2435
7813.0250
7814.1147
7814.3283
7813.6658
7812.1272
7809.7126
7806.4219
7802.2551
7797.2122
7791.2932
7786.1634
7781.8226
7778.2710
7775.5085
7773.5350
7772.3507
7771.9555
7772.3494
7772.3647
7772.0012
7771.2591
7770.1384
7768.6389
7766.7608
7764.5041
7761.8686
7758.6430
7754.8272
7750.4212
7745.4251
7739.8388
7733.6623
7726.8956
7719.5387
7714.3853
7711.4353
7710.6886
7712.1454
7715.8056
7721.6692
7729.7362
7740.0066
7750.0984
7760.0117
7769.7465
7779.3026
7788.6802
7797.8793
7806.8998
7815.7418
7829.6126
7848.5122
7872.4408
7901.3982
7935.3845
7974.3996
8018.4436
8067.5165
8116.2500
8164.6443
8212.6992
8260.4149
8307.7912
8354.8282
8401.5259
8447.8843
8486.3077
8516.7961
8539.3495
8553.9679
8560.6513
8559.3997
8550.2131
8533.0914
8517.9756
8504.8656
8493.7614
8484.6629
8477.5703
8472.4834
8469.4024
8468.3271
8467.9601
8468.3012
8469.3506
8471.1082
8473.5741
8476.7481
8480.6304
8485.2209
8486.3568
8484.0379
8478.2645
8469.0364
8456.3536
8440.2162
8420.6241
8397.5774
8376.3192
8356.8495
8339.1683
8323.2756
8309.1714
8296.8557
8286.3284
8277.5897
8269.1971
8261.1505
8253.4500
8246.0955
8239.0871
8232.4248
8226.1085
8220.1382
8213.6751
8206.7189
8199.2699
8191.3279
8182.8929
8173.9651
8164.5442
8154.6305
8146.5225
8140.2205
8135.7242
8133.0339
8132.1494
8133.0707
8135.7979
8140.3309
8142.5165
8142.3548
8139.8456
8134.9891
8127.7851
8118.2338
8106.3351
8092.0889
8080.0366
8070.1781
8062.5134
8057.0425
8053.7655
8052.6822
8053.7928
8057.0972
8056.9721
8053.4174
8046.4333
8036.0197
8022.1766
8004.9040
7984.2018
7960.0702
7937.9035
7917.7017
7899.4648
7883.1929
7868.8858
7856.5436
7846.1664
7837.7541
7830.7147
7825.0482
7820.7547
7817.8342
7816.2866
7816.1119
7817.3102
7819.8814
7821.2025
7821.2733
7820.0940
7817.6644
7813.9846
7809.0547
7802.8745
7795.4442
7788.2000
7781.1418
7774.2697
7767.5838
7761.0839
7754.7701
7748.6425
7742.7009
7737.1562
7732.0085
7727.2578
7722.9040
7718.9471
7715.3872
7712.2242
7709.4581
7712.7316
7722.0446
7737.3972
7758.7892
7786.2208
7819.6920
7859.2027
7904.7529
7947.6285
7987.8295
8025.3559
8060.2077
8092.3849
8121.8875
8148.7155
8172.8689
8195.2037
8215.7199
8234.4176
8251.2967
8266.3572
8279.5992
8291.0226
8300.6274
8307.8134
8312.5806
8314.9289
8314.8585
8312.3693
8307.4612
8300.1343
8290.3887
8281.1179
8272.3219
8264.0008
8256.1546
8248.7833
8241.8868
8235.4651
8229.5184
8221.5234
8211.4802
8199.3888
8185.2493
8169.0615
8150.8255
8130.5413
8108.2090
8089.3955
8074.1010
8062.3254
8054.0688
8049.3310
8048.1122
8050.4123
8056.2314
8061.4441
8066.0505
8070.0506
8073.4443
8076.2317
8078.4128
8079.9875
8080.9560
8080.5179
8078.6733
8075.4222
8070.7646
8064.7005
8057.2299
8048.3528
8038.0692
8027.0793
8015.3831
8002.9805
7989.8716
7976.0564
7961.5349
7946.3070
7930.3729
7916.8084
7905.6135
7896.7884
7890.3329
7886.2470
7884.5308
7885.1843
7888.2075
7890.1495
7891.0104
7890.7901
7889.4888
7887.1062
7883.6426
7879.0978
7873.4719
7867.8727
7862.3002
7856.7545
7851.2355
7845.7432
7840.2776
7834.8388
7829.4267
7825.2975
7822.4510
7820.8874
7820.6065
7821.6085
7823.8933
7827.4608
7832.3112
7835.6262
7837.4056
7837.6496
7836.3581
7833.5312
7829.1688
7823.2709
7815.8376
7809.8890
7805.4251
7802.4460
7800.9516
7800.9419
7802.4169
7805.3767
7809.8213
7812.5407
7813.5352
7812.8045
7810.3488
7806.1681
7800.2623
7792.6315
7783.2756
7774.5653
7766.5008
7759.0820
7752.3088
7746.1813
7740.6995
7735.8634
7731.6730
7728.6440
7726.7765
7726.0705
7726.5259
7728.1427
7730.9211
7734.8608
7739.9621
7749.1419
7762.4004
7779.7374
7801.1531
7826.6473
7856.2202
7889.8716
7927.6017
7965.4675
8003.4690
8041.6062
8079.8792
8118.2878
8156.8322
8195.5124
8234.3282
8265.3408
8288.5500
8303.9559
8311.5586
8311.3579
8303.3539
8287.5466
8263.9360
8241.7114
8220.8729
8201.4203
8183.3538
8166.6732
8151.3787
8137.4702
8124.9477
8112.1596
8099.1058
8085.7863
8072.2011
8058.3502
8044.2337
8029.8515
8015.2036
7998.7617
7980.5258
7960.4960
7938.6721
7915.0543
7889.6424
7862.4366
7833.4367
7810.3693
7793.2344
7782.0318
7776.7617
7777.4240
7784.0187
7796.5459
7815.0055
7830.3152
7842.4750
7851.4849
7857.3449
7860.0550
7859.6151
7856.0254
7849.2858
7842.2551
7834.9332
7827.3202
7819.4160
7811.2206
7802.7342
7793.9566
7784.8878
7777.2558
7771.0605
7766.3020
7762.9803
7761.0953
7760.6470
7761.6355
7764.0608
7767.5429
7772.0819
7777.6776
7784.3302
7792.0397
7800.8060
7810.6291
7821.5091
7830.4341
7837.4043
7842.4195
7845.4798
7846.5853
7845.7358
7842.9314
7838.1721
7833.8248
7829.8896
7826.3663
7823.2551
7820.5559
7818.2686
7816.3934
7814.9303
7814.3565
7814.6721
7815.8772
7817.9717
7820.9556
7824.8290
7829.5917
7835.2439
7840.2070
7844.4810
7848.0659
7850.9617
7853.1684
7854.6860
7855.5145
7855.6539
7856.2214
7857.2169
7858.6405
7860.4922
7862.7719
7865.4796
7868.6154
7872.1793
7874.6307
7875.9695
7876.1958
7875.3095
7873.3107
7870.1994
7865.9756
7860.6392
7856.4081
7853.2823
7851.2617
7850.3465
7850.5365
7851.8317
7854.2323
7857.7381
7863.0059
7870.0357
7878.8275
7889.3811
7901.6968
7915.7744
7931.6140
7949.2156
7969.3802
7992.1078
8017.3985
8045.2522
8075.6689
8108.6487
8144.1915
8182.2973
8216.0692
8245.5072
8270.6113
8291.3814
8307.8177
8319.9200
8327.6884
8331.1228
8334.2950
8337.2048
8339.8523
8342.2375
8344.3604
8346.2209
8347.8192
8349.1551
8346.8187
8340.8101
8331.1292
8317.7761
8300.7507
8280.0530
8255.6831
8227.6409
8202.1703
8179.2715
8158.9444
8141.1889
8126.0051
8113.3930
8103.3526
8095.8839
8091.4208
8089.9633
8091.5114
8096.0651
8103.6244
8114.1894
8127.7599
8144.3361
8157.6154
8167.5980
8174.2838
8177.6727
8177.7649
8174.5603
8168.0589
8158.2607
8149.6694
8142.2851
8136.1078
8131.1375
8127.3742
8124.8178
8123.4684
8123.3260
8122.4333
8120.7903
8118.3971
8115.2535
8111.3597
8106.7157
8101.3213
8095.1767
8088.8615
8082.3755
8075.7189
8068.8915
8061.8935
8054.7249
8047.3855
8039.8755
8034.0878
8030.0222
8027.6790
8027.0580
8028.1592
8030.9827
8035.5285
8041.7965
8045.5488
8046.7853
8045.5060
8041.7109
8035.4001
8026.5736
8015.2312
8001.3731
7989.7343
7980.3149
7973.1147
7968.1338
7965.3723
7964.8300
7966.5071
7970.4035
7972.5610
7972.9795
7971.6592
7968.5999
7963.8017
7957.2646
7948.9887
7938.9737
7930.8230
7924.5365
7920.1142
7917.5562
7916.8623
7918.0326
7921.0671
7925.9658
7929.8855
7932.8260
7934.7876
7935.7700
7935.7734
7934.7978
7932.8431
7929.9093
7930.6163
7934.9643
7942.9530
7954.5826
7969.8531
7988.7644
8011.3166
8037.5096
8064.6726
8092.8056
8121.9086
8151.9817
8183.0247
8215.0377
8248.0207
8281.9737
8309.9628
8331.9880
8348.0493
8358.1467
8362.2802
8360.4497
8352.6554
8338.8972
8325.4890
8312.4309
8299.7229
8287.3649
8275.3571
8263.6993
8252.3916
8241.4340
8231.2308
8221.7820
8213.0876
8205.1477
8197.9621
8191.5310
8185.8543
8180.9320
8173.6947
8164.1423
8152.2749
8138.0925
8121.5951
8102.7826
8081.6550
8058.2125
8037.8859
8020.6754
8006.5810
7995.6026
7987.7402
7982.9938
7981.3635
7982.8492
7984.1898
7985.3852
7986.4354
7987.3405
7988.1004
7988.7152
7989.1848
7989.5092
7988.2426
7985.3850
7980.9364
7974.8967
7967.2660
7958.0443
7947.2315
7934.8278
7924.2211
7915.4115
7908.3990
7903.1836
7899.7652
7898.1440
7898.3198
7900.2928
7900.4514
7898.7957
7895.3257
7890.0414
7882.9427
7874.0298
7863.3025
7850.7609
7840.1055
7831.3361
7824.4529
7819.4557
7816.3447
7815.1198
7815.7810
7818.3283
7819.8489
7820.3427
7819.8097
7818.2500
7815.6636
7812.0504
7807.4105
7801.7439
7797.1813
7793.7229
7791.3686
7790.1184
7789.9724
7790.9305
7792.9927
7796.1591
7798.8191
7800.9729
7802.6205
7803.7617
7804.3967
7804.5255
7804.1479
7803.2641
7802.1212
7800.7191
7799.0579
7797.1375
7794.9580
7792.5193
7789.8215
7786.8646
7786.3218
7788.1932
7792.4788
7799.1785
7808.2923
7819.8203
7833.7625
7850.1188
7870.4055
7894.6225
7922.7699
7954.8475
7990.8555
8030.7939
8074.6626
8122.4616
8162.7401
8195.4981
8220.7356
8238.4525
8248.6490
8251.3249
8246.4803
8234.1152
8222.4787
8211.5709
8201.3917
8191.9411
8183.2191
8175.2258
8167.9611
8161.4250
8152.9718
8142.6014
8130.3140
8116.1094
8099.9876
8081.9488
8061.9928
8040.1197
8021.4534
8005.9939
7993.7413
7984.6955
7978.8565
7976.2243
7976.7989
7980.5804
7983.8808
7986.7003
7989.0388
7990.8963
7992.2728
7993.1683
7993.5829
7993.5164
7992.3513
7990.0875
7986.7250
7982.2638
7976.7040
7970.0455
7962.2883
7953.4325
7945.3853
7938.1469
7931.7171
7926.0961
7921.2837
7917.2801
7914.0851
7911.6989
7909.0948
7906.2730
7903.2335
7899.9761
7896.5010
7892.8081
7888.8974
7884.7689
7881.1274
7877.9727
7875.3049
7873.1240
7871.4300
7870.2228
7869.5026
7869.2692
7868.6611
7867.6782
7866.3206
7864.5882
7862.4811
7859.9993
7857.1426
7853.9113
7850.8286
7847.8947
7845.1094
7842.4729
7839.9851
7837.6461
7835.4557
7833.4140
7831.7188
7830.3700
7829.3677
7828.7118
7828.4023
7828.4393
7828.8227
7829.5525
7830.5863
7831.9241
7833.5658
7835.5114
7837.7610
7840.3146
7843.1721
7846.3335
7848.2285
7848.8571
7848.2192
7846.3149
7843.1442
7838.7070
7833.0033
7826.0333
7818.8681
7811.5078
7803.9523
7796.2018
7788.2561
7780.1153
7771.7794
7763.2483
7761.4231
7766.3036
7777.8899
7796.1820
7821.1799
7852.8836
7891.2930
7936.4083
7979.5394
8020.6865
8059.8495
8097.0283
8132.2231
8165.4338
8196.6604
8225.9029
8250.9383
8271.7666
8288.3877
8300.8017
8309.0086
8313.0084
8312.8010
8308.3865
8303.7502
8298.8919
8293.8119
8288.5099
8282.9861
8277.2404
8271.2728
8265.0834
8259.0285
8253.1080
8247.3221
8241.6707
8236.1538
8230.7714
8225.5236
8220.4102
8213.6044
8205.1062
8194.9156
8183.0325
8169.4571
8154.1892
8137.2290
8118.5763
8102.9570
8090.3712
8080.8188
8074.2999
8070.8144
8070.3623
8072.9436
8078.5584
8083.5682
8087.9730
8091.7729
8094.9678
8097.5578
8099.5428
8100.9228
8101.6979
8102.0422
8101.9557
8101.4385
8100.4904
8099.1116
8097.3021
8095.0618
8092.3907
8088.3226
8082.8575
8075.9955
8067.7364
8058.0804
8047.0274
8034.5774
8020.7305
8009.0320
7999.4820
7992.0804
7986.8274
7983.7228
7982.7667
7983.9591
7987.3000
7990.2317
7992.7544
7994.8679
7996.5723
7997.8676
7998.7538
7999.2308
7999.2988
7999.6527
8000.2926
8001.2185
8002.4303
8003.9282
8005.7120
8007.7818
8010.1376
8011.5376
8011.9818
8011.4701
8010.0026
8007.5793
8004.2001
7999.8652
7994.5744
7989.5443
7984.7749
7980.2661
7976.0181
7972.0308
7968.3041
7964.8381
7961.6328
7959.0091
7956.9669
7955.5063
7954.6273
7954.3298
7954.6138
7955.4794
7956.9266
7958.4130
7959.9386
7961.5036
7963.1078
7964.7512
7966.4339
7968.1559
7969.9172
7970.8690
7971.0115
7970.3446
7968.8684
7966.5827
7963.4878
7959.5834
7954.8696
7950.7143
7947.1174
7944.0789
7941.5988
7939.6771
7938.3138
7937.5089
7937.2625
7936.9943
7936.7044
7936.3927
7936.0593
7935.7042
7935.3274
7934.9288
7934.5085
7934.0974
7933.6955
