t = 60.000000, p = 495.000000
15875
15862
15875
15862
15875
15862
15875
15862
15875
15862
15875
15862
15875
15862
15875
15862
15875
15862
15875
15862
15875
15887
15900
15912
15925
15937
15950
15987
16012
16075
16137
16175
16212
16250
16262
16275
16312
16325
16337
16375
16387
16400
16437
16475
16512
16562
16625
16687
16750
16812
16875
16937
17000
17062
17112
17175
17212
17225
17237
17225
17212
17200
17187
17175
17162
17137
17100
17062
17025
16987
16950
16937
16925
16912
16900
16912
16900
16887
16875
16862
16850
16837
16825
16787
16775
16737
16700
16662
16650
16612
16587
16550
16512
16475
16437
16400
16362
16350
16312
16300
16287
16300
16287
16300
16287
16300
16287
16300
16287
16300
16312
16325
16312
16325
16312
16275
16262
16250
16212
16200
16187
16175
16162
16150
16112
16100
16062
16062
16050
16037
16025
16012
16000
15987
16000
15987
16000
15987
16000
15987
15975
15962
15950
15937
15925
15937
15912
15912
15912
15912
15912
15925
15937
15950
15962
15950
15962
15975
15962
15950
15962
15950
15937
15925
15937
15925
15937
15925
15937
15925
15937
15925
15912
15900
15912
15900
15912
15925
15937
15912
15912
15887
15887
15862
15875
15862
15875
15862
15875
15862
15875
15862
15875
15862
15875
15887
15900
15912
15925
15937
15925
15937
15925
15937
15950
15962
15950
15962
15950
15912
15900
15887
15875
15862
15875
15862
15850
15837
15825
15812
15800
15787
15775
15787
15775
15762
15775
15787
15800
15812
15850
15887
15925
15962
16037
16112
16187
16262
16300
16337
16350
16337
16325
16312
16275
16262
16250
16237
16250
16262
16275
16287
16300
16287
16300
16287
16300
16287
16275
16237
16225
16175
16150
16125
16100
16050
16012
15987
15950
15937
15950
15962
15975
15987
16000
16012
16012
16012
16012
16012
16012
16012
16012
16012
16012
15987
15975
15962
15950
15937
15925
15937
15925
15937
15925
15937
15925
15937
15925
15937
15925
15912
15900
15887
15875
15862
15875
15862
15875
15862
15875
15862
15875
15862
15875
15862
15875
15862
15875
15862
15875
15862
15875
15862
15875
15862
15875
15862
15875
15862
15875
15862
15875
15862
15875
15862
15850
15837
15825
15812
15800
15812
15800
15812
15800
15787
15775
15762
15750
15737
15750
15737
15725
15712
15700
15687
15675
15687
15675
15687
15675
15687
15675
15687
15675
15687
15675
15687
15675
15687
15675
15662
15650
15637
15625
15612
15625
15612
15625
15612
15625
15612
15625
15637
15675
15712
15775
15837
15900
15962
16012
16075
16137
16175
16212
16225
16237
16225
16237
16225
16237
16225
16237
16225
16237
16250
16262
16275
16312
16325
16337
16350
16362
16350
16362
16375
16387
16375
16400
16400
16400
16400
16400
16387
16375
16362
16350
16337
16300
16262
16225
16187
16150
16137
16125
16112
16100
16112
16100
16112
16125
16137
16150
16187
16200
16212
16225
16237
16225
16237
16225
16237
16225
16212
16200
16187
16175
16162
16175
16162
16175
16162
16175
16162
16175
16162
16150
16137
16125
16112
16100
16112
16100
16112
16100
16087
16075
16087
16075
16087
16100
16112
16100
16112
16100
16112
16100
16087
16075
16062
16062
16050
16062
16050
16062
16050
16037
16025
16012
16000
15987
16000
15987
15975
15962
15950
15937
15925
15937
15925
15937
15925
15937
15925
15937
15925
15912
15875
15862
15825
15812
15800
15812
15800
15812
15800
15812
15787
15787
15762
15762
15737
15750
15737
15750
15737
15750
15737
15750
15737
15750
15737
15750
15737
15750
15737
15750
15737
15750
15737
15725
15712
15700
15687
15700
15737
15787
15862
15937
16025
16112
16162
16212
16250
16262
16275
16287
16300
16287
16275
16262
16250
16237
16225
16212
16200
16187
16175
16162
16175
16162
16175
16162
16175
16187
16200
16212
16250
16262
16275
16287
16300
16287
16300
16287
16300
16287
16300
16287
16300
16287
16275
16262
16250
16237
16225
16212
16175
16137
16100
16062
16037
16025
16037
16025
16037
16050
16062
16062
16087
16087
16112
16100
16112
16100
16112
16100
16112
16100
16087
16075
16062
16062
16050
16037
16025
16012
16000
15987
16000
15987
16000
15987
15975
15962
15950
15937
15925
15937
15925
15937
15925
15937
15925
15937
15925
15912
15900
15912
15900
15887
15900
15887
15875
15862
15875
15862
15850
15837
15825
15812
15800
15812
15800
15812
15800
15812
15787
15787
15787
15787
15762
15775
15762
15750
15737
15725
15712
15700
15687
15675
15687
15675
15687
15662
15662
15662
15662
15637
15650
15637
15625
15612
15625
15612
15625
15612
15625
15612
15625
15612
15625
15637
15650
15662
15675
15687
15675
15687
15675
15662
15650
15637
15625
15612
15625
15637
15650
15662
15700
15737
15775
15837
15900
15962
16012
16075
16137
16200
16237
16275
16287
16300
16287
16300
16287
16275
16237
16225
16187
16175
16162
16175
16162
16175
16162
16175
16187
16200
16212
16225
16237
16225
16237
16225
16237
16225
16212
16200
16187
16150
16137
16125
16087
16050
16037
16012
15975
15937
15925
15887
15850
15837
15850
15837
15850
15862
15875
15862
15875
15887
15900
15912
15925
15912
15900
15887
15850
15837
15825
15812
15800
15787
15775
15762
15750
15737
15750
15737
15750
15737
15750
15737
15725
15712
15700
15687
15675
15687
15675
15687
15675
15687
15675
15687
15662
15662
15662
15662
15637
15650
15637
15625
15612
15625
15612
15625
15612
15625
15612
15625
15612
15625
15612
15625
15612
15625
15612
15625
15612
15625
15637
15650
15662
15675
15687
15675
15687
15700
15712
15725
15737
15750
15762
15775
15787
15800
15812
15825
15837
15850
15862
15875
15887
15900
15887
15900
15887
15875
15862
15875
15862
15875
15887
15900
15912
15925
15937
15925
15912
15900
15887
15850
15837
15825
15812
15800
15812
15800
15812
15800
15812
15800
15812
15800
15812
15800
15812
15825
15862
15900
15962
16037
16112
16187
16237
16275
16312
16350
16362
16400
16412
16400
16387
16375
16337
16325
16337
16325
16337
16350
16362
16375
16387
16400
16412
16425
16412
16425
16412
16425
16437
16450
16462
16475
16487
16475
16487
16475
16487
16475
16487
16475
16462
16425
16412
16375
16362
16375
16387
16400
16412
16425
16437
16450
16462
16475
16487
16475
16487
16475
16487
16475
16487
16475
16462
16450
16462
16450
16462
16475
16487
16475
16462
16450
16437
16400
16387
16375
16362
16350
16362
16350
16362
16350
16362
16350
16362
16350
16362
16350
16362
16350
16337
16337
16337
16337
16337
16362
16350
16362
16350
16362
16350
16362
16350
16337
16325
16312
16300
16287
16300
16287
16275
16262
16250
16237
16225
16237
16225
16237
16225
16237
16225
16212
16200
16212
16200
16212
16225
16212
16200
16187
16150
16137
16125
16112
16100
16112
16100
16112
16100
16087
16075
16062
16062
16050
16037
16025
16012
16000
15987
16000
15987
16000
15987
16000
15987
16000
15987
16000
15987
15975
15962
15975
15987
16012
16075
16137
16200
16262
16337
16387
16437
16487
16512
16525
16537
16550
16537
16525
16487
16475
16437
16425
16412
16425
16412
16425
16437
16450
16462
16475
16487
16500
16512
16500
16512
16500
16487
16475
16462
16425
16387
16350
16312
16275
16237
16225
16187
16175
16162
16175
16187
16200
16212
16225
16237
16225
16237
16225
16237
16225
16212
16200
16187
16150
16137
16125
16112
16100
16112
16100
16112
16100
16087
16075
16062
16062
16050
16062
16050
16062
16050
16062
16050
16062
16050
16062
16050
16062
16050
16037
16025
16012
16000
15987
16000
15987
16000
15987
16000
15987
15975
15962
15950
15937
15925
15937
15925
15937
15925
15937
15925
15912
15900
15887
15875
15862
15875
15862
15875
15862
15875
15862
15850
15837
15825
15812
15800
15812
15800
15812
15800
15812
15800
15787
15775
15762
15750
15737
15750
15737
15750
15737
15750
15737
15750
15737
15750
15737
15725
15712
15700
15687
15675
15662
15650
15637
15625
15612
15625
15612
15625
15612
15625
15612
15625
15612
15600
15587
15575
15575
15562
15575
15575
15612
15650
15712
15775
15837
15900
15962
16012
16075
16112
16150
16187
16200
16212
16225
16237
16225
16212
16175
16162
16125
16112
16100
16112
16100
16112
16100
16112
16100
16112
16100
16112
16100
16112
16125
16137
16150
16187
16200
16212
16225
16237
16225
16237
16225
16237
16225
16237
16225
16212
16200
16187
16175
16162
16150
16137
16125
16087
16075
16062
16037
16000
15987
15950
15937
15925
15912
15900
15887
15875
15887
15900
15912
15925
15937
15925
15937
15950
15962
15975
15987
15975
15962
15950
15912
15875
15862
15825
15812
15800
15787
15775
15762
15750
15737
15750
15737
15750
15737
15750
15725
15725
15700
15700
15675
15687
15675
15687
15675
15687
15675
15687
15675
15662
15650
15637
15625
15612
15600
15587
15600
15587
15600
15612
15625
15612
15625
15612
15625
15612
15625
15612
15625
15612
15625
15612
15625
15612
15625
15612
15600
15587
15600
15587
15575
15587
15575
15575
15562
15575
15562
15575
15562
15575
15562
15575
15562
15575
15562
15575
15562
15575
15562
15575
15562
15550
15537
15525
15512
15500
15487
15475
15462
15450
15437
15450
15462
15500
15525
15587
15650
15712
15775
15837
15900
15962
16012
16050
16087
16100
16112
16100
16112
16100
16087
16075
16062
16062
16050
16062
16050
16037
16025
16012
16000
15987
16000
16012
16025
16037
16050
16062
16050
16062
16062
16075
16087
16100
16112
16100
16087
16050
16037
16012
15975
15937
15900
15862
15825
15812
15800
15812
15825
15837
15850
15862
15875
15862
15875
15862
15875
15862
15875
15862
15875
15862
15875
15862
15850
15837
15825
15812
15800
15812
15800
15812
15800
15812
15800
15812
15800
15812
15800
15787
15787
15787
15762
15762
15762
15750
15737
15762
15762
15762
15762
15762
15750
15737
15750
15737
15750
15737
15750
15737
15750
15737
15750
15737
15750
15737
15750
15737
15750
15762
15775
15787
15800
15812
15800
15787
15775
15762
15750
15737
15750
15737
15750
15737
15750
15737
15750
15737
15762
15750
15762
15750
15762
15737
15750
15737
15750
15737
15750
15737
15725
15712
15700
15687
15675
15687
15675
15687
15675
15662
15650
15637
15625
15612
15625
15612
15625
15612
15625
15612
15625
15612
15625
15612
15625
15612
15625
15612
15600
15587
15600
15587
15575
15587
15575
15575
15562
15575
15575
15612
15662
15737
15812
15900
15975
16050
16100
16150
16162
16175
16162
16150
16137
16125
16112
16100
16112
16100
16112
16100
16112
16125
16137
16150
16162
16175
16162
16150
16112
16100
16062
16037
16000
15962
15925
15912
15900
15912
15925
15937
15950
15962
15975
15987
16000
15987
16000
15987
16000
15987
15975
15962
15950
15937
15925
15937
15925
15937
15925
15912
15900
15887
15875
15862
15875
15862
15875
15862
15875
15862
15875
15862
15875
15862
15875
15862
15875
15862
15875
15862
15875
15862
15875
15862
15875
15862
15875
15862
15875
15862
15875
15862
15875
15862
15875
15862
15875
15862
15850
15837
15825
15812
15800
15787
15775
15787
15775
15762
15775
15787
15775
15787
15800
15812
15800
15812
15800
15787
15775
15762
15750
15737
15750
15737
15750
15737
15750
15737
15750
15737
15750
15737
15750
15737
15750
15737
15750
15737
15750
15737
15750
15737
15750
15737
15750
15737
15750
15737
15750
15762
15800
15837
15900
15962
16037
16112
16187
16262
16300
16337
16350
16362
16350
16362
16350
16337
16325
16312
16300
16287
16300
16287
16300
16312
16325
16337
16350
16362
16350
16362
16350
16362
16350
16362
16375
16387
16400
16412
16425
16412
16425
16412
16400
16387
16375
16337
16300
16262
16200
16162
16125
16112
16100
16112
16100
16112
16100
16112
16100
16112
16100
16112
16100
16112
16100
16087
16075
16062
16062
16050
16037
16025
16012
16000
15987
15975
15962
15950
15937
15925
15937
15925
15912
15900
15887
15875
15862
15875
15862
15875
15862
15875
15862
15875
15862
15875
15862
15875
15862
15875
15862
15875
15862
15875
15862
15875
15862
15875
15862
15875
15862
15875
15862
15875
15862
15875
15862
15875
15862
15875
15862
15850
15837
15825
15812
15800
15812
15800
15812
15800
15812
15800
15812
15800
15812
15800
15812
15800
15787
15775
15762
15750
15737
15750
15737
15750
15762
15775
15787
15800
15812
15800
15787
15775
15762
15750
15737
15750
15737
15750
15762
15812
15862
15937
16000
16075
16137
16175
16212
16250
16287
16325
16362
16400
16412
16400
16387
16375
16362
16350
16362
16350
16337
16325
16312
16300
16287
16300
16312
16325
16337
16350
16362
16350
16362
16350
16362
16375
16387
16400
16412
16425
16412
16425
16412
16425
16412
16400
16387
16375
16337
16300
16262
16200
16162
16125
16112
16125
16137
16150
16162
16175
16162
16175
16162
16175
16162
16150
16137
16125
16112
16100
16112
16100
16087
16075
16062
16062
16050
16062
16050
16062
16050
16062
16050
16062
16050
16062
16050
16062
16050
16062
16050
16062
16050
16037
16025
16012
16000
15987
16000
15987
16000
15987
16000
15987
16000
15987
16000
15987
15975
15962
15950
15937
15925
15937
15925
15937
15925
15937
15925
15937
15925
15937
15925
15912
15900
15912
15900
15887
15900
15887
15875
15862
15875
15862
15875
15862
15875
15862
15875
15862
15875
15862
15875
15862
15875
15862
15875
15862
15875
15862
15850
15837
15825
15812
15800
15812
15800
15812
15800
15812
15800
15812
15800
15812
15800
15812
15787
15787
15787
15787
15787
15800
15787
15775
15762
15750
15737
15750
15737
15725
15712
15700
15687
15675
15687
15675
15687
15700
15712
15725
15762
15800
15837
15900
15962
16012
16075
16137
16200
16262
16300
16337
16350
16337
16325
16312
16300
16287
16275
16262
16250
16237
16250
16262
16275
16287
16300
16287
16300
16287
16300
16287
16300
16287
16300
16287
16300
16287
16300
16287
16275
16262
16250
16212
16175
16162
16125
16087
16075
16062
16062
16062
16075
16087
16100
16112
16100
16087
16075
16062
16062
16050
16062
16037
16037
16012
16012
15987
16000
15987
16000
15987
16000
15987
16000
15987
16000
15987
16000
15987
15975
15962
15950
15937
15925
15937
15925
15937
15925
15937
15925
15937
15925
15937
15925
15937
15925
15937
15925
15912
15900
15912
15900
15887
15900
15887
15875
15862
15875
15862
15875
15862
15850
15837
15825
15812
15800
15812
15800
15812
15800
15812
15800
15812
15800
15812
15800
15812
15800
15787
15775
15787
15775
15787
15800
15812
15800
15812
15800
15812
15800
15812
15800
15812
15800
15812
15800
15787
15775
15787
15775
15787
15800
15812
15800
15812
15800
15787
15775
15762
15750
15737
15750
15737
15750
15737
15750
15762
15775
15787
15825
15862
15900
15962
16012
16075
16137
16200
16262
16300
16337
16350
16362
16350
16362
16350
16337
16325
16312
16275
16262
16250
16237
16225
16237
16225
16237
16225
16237
16250
16262
16275
16312
16325
16337
16350
16337
16300
16287
16250
16212
16200
16187
16150
16137
16125
16087
16075
16062
16062
16050
16062
16050
16062
16050
16062
16062
16075
16087
16100
16112
16100
16112
16100
16087
16075
16062
16062
16050
16062
16050
16062
16050
16037
16025
16012
16000
15987
16000
15987
16000
15987
16000
15987
15975
15962
15950
15937
15925
15937
15925
15937
15925
15937
15925
15937
15925
15937
15925
15937
15925
15937
15925
15912
15900
15887
15875
15862
15875
15862
15875
15862
15875
15862
15875
15862
15875
15862
15850
15837
15825
15812
15800
15812
15800
15812
15800
15812
15800
15812
15800
15812
15800
15787
15787
15775
15775
15775
15800
15787
15787
15775
15762
15750
15737
15750
15737
15750
15737
15750
15737
15725
15712
15700
15687
15675
15687
15675
15687
15675
15687
15675
15687
15675
15687
15675
15687
15675
15662
15650
15637
15625
15612
15625
15612
15625
15612
15600
15587
15600
15587
15575
15587
15600
15587
15600
15637
15675
15712
15775
15837
15900
15962
16012
16075
16137
16175
16212
16225
16212
16175
16162
16125
16112
16100
16112
16125
16137
16150
16162
16175
16162
16175
16162
16175
16162
16175
16162
16175
16162
16175
16162
16175
16162
16175
16162
16150
16112
16100
16062
16037
16025
16012
16000
15987
16000
15987
16000
15987
16000
15987
16000
15987
16000
15987
16000
15987
15975
15962
15950
15912
15900
15887
15875
15862
15875
15862
15875
15862
15875
15862
15850
15837
15825
15812
15800
15812
15800
15812
15800
15812
15800
15787
15775
15762
15750
15737
15750
15737
15750
15737
15750
15737
15725
15712
15700
15687
15675
15687
15675
15687
15675
15687
15675
15687
15675
15687
15675
15687
15675
15687
15675
15687
15675
15687
15675
15687
15675
15662
15650
15637
15625
15612
15600
15587
15600
15587
15600
15612
15625
15612
15600
15587
15575
15575
15562
15575
15562
15575
15562
15575
15562
15575
15562
15575
15562
15575
15562
15575
15562
15550
15537
15525
15512
15500
15512
15500
15512
15500
15512
15525
15550
15587
15650
15712
15775
15837
15900
15962
16012
16050
16062
16075
16062
16062
16050
16037
16025
16012
16000
15987
16000
15987
15975
15962
15975
15962
15975
15987
16000
15987
16000
15987
16000
15987
16000
16012
16025
16037
16050
16037
16025
16012
15975
15962
15950
15912
15900
15887
15850
15837
15825
15787
15775
15762
15750
15737
15750
15737
15750
15737
15750
15737
15750
15737
15750
15737
15750
15737
15725
15712
15700
15687
15675
15687
15675
15662
15650
15637
15600
15587
15575
15550
15537
15525
15512
15500
15512
15500
15512
15500
15512
15500
15512
15500
15512
15500
15512
15500
15487
15475
15462
15450
15437
15450
15437
15450
15437
15450
15437
15450
15437
15450
15437
15450
15437
15450
15437
15450
15437
15450
15437
15450
15437
15450
15437
15450
15437
15450
15437
15425
15412
15400
15387
15375
15400
15400
15400
15400
15400
15387
15400
15412
15400
15412
15400
15387
15375
15362
15350
15337
15325
15312
15325
15312
15325
15312
15325
15312
15300
15287
15300
15275
15275
15300
15300
15300
15337
15375
15412
15475
15537
15612
15662
15712
15762
15800
15812
15850
15862
15875
15862
15850
15837
15825
15812
15800
15812
15800
15812
15800
15812
15787
15787
15787
15787
15787
15800
15812
15800
15812
15800
15812
15800
15812
15800
15812
15800
15787
15750
15737
15700
15687
15675
15662
15650
15637
15625
15612
15625
15612
15625
15612
15625
15612
15625
15612
15637
15637
15662
15662
15662
15650
15637
15625
15612
15625
15612
15625
15612
15600
15587
15575
15550
15537
15525
15512
15500
15512
15500
15512
15500
15512
15500
15512
15500
15512
15500
15512
15500
15512
15500
15512
15500
15512
15500
15512
15500
15512
15500
15487
15475
15487
15475
15462
15475
15462
15450
15437
15450
15437
15450
15437
15450
15437
15450
15437
15425
15412
15400
15387
15375
15387
15375
15400
15400
15400
15400
15400
15387
15375
15387
15375
15387
15375
15387
15375
15387
15375
15387
15362
15362
15362
15362
15337
15350
15337
15325
15312
15325
15312
15325
15312
15325
15337
15375
15412
15475
15550
15625
15700
15750
15787
15825
15837
15850
15887
15900
15887
15900
15887
15850
15837
15825
15812
15800
15812
15800
15812
15800
15812
15800
15812
15800
15812
15800
15812
15800
15812
15825
15837
15850
15862
15875
15862
15875
15862
15875
15862
15875
15862
15850
15837
15825
15787
15750
15737
15700
15662
15650
15637
15625
15612
15625
15637
15650
15662
15675
15687
15675
15687
15675
15687
15675
15662
15650
15637
15625
15612
15625
15612
15600
15587
15600
15587
15575
15587
15575
15575
15562
15575
15562
15575
15562
15575
15562
15575
15562
15575
15562
15575
15562
15575
15562
15550
15537
15525
15512
15500
15512
15500
15512
15500
15512
15500
15512
15500
15487
15475
15462
15450
15437
15450
15437
15450
15437
15450
15437
15450
15437
15450
15437
15450
15437
15450
15462
15475
15462
15475
15462
15450
15437
15450
15437
15450
15437
15450
15437
15450
15437
15450
15437
15450
15437
15425
15412
15400
15387
15375
15387
15375
15387
15375
15387
15375
15387
15375
15387
15375
15362
15350
15337
15325
15312
15325
15312
15325
15312
15325
15312
15325
15312
15300
15287
15300
15287
15300
15312
15325
15337
15375
15412
15475
15525
15587
15650
15712
15775
15812
15850
15862
15875
15862
15850
15812
15812
15775
15775
15775
15800
15787
15812
15800
15812
15825
15837
15850
15862
15875
15862
15875
15862
15875
15862
15850
15837
15825
15787
15750
15712
15675
15637
15625
15612
15625
15612
15625
15637
15650
15662
15675
15687
15675
15687
15675
15662
15650
15637
15625
15612
15600
15587
15600
15587
15575
15587
15575
15575
15562
15575
15562
15575
15562
15550
15537
15525
15512
15500
15487
15475
15462
15450
15437
15450
15437
15450
15437
15450
15437
15450
15437
15450
15437
15450
15437
15450
15437
15450
15437
15450
15437
15450
15437
15450
15437
15450
15437
15450
15437
15425
15412
15400
15400
15400
15400
15400
15400
15387
15375
15387
15375
15387
15375
15387
15375
15387
15375
15387
15375
15387
15375
15387
15375
15362
15350
15337
15325
15312
15325
15312
15325
15312
15325
15312
15325
15312
15325
15312
15300
15287
15275
15262
15275
15287
15275
15287
15275
15262
15250
15262
15250
15262
15250
15262
15250
15262
15250
15262
15275
15312
15350
15412
15475
15525
15587
15650
15687
15725
15762
15775
15787
15800
15812
15800
15787
15775
15762
15725
15712
15700
15687
15700
15712
15725
15737
15750
15737
15750
15737
15750
15737
15750
15737
15750
15737
15750
15737
15750
15737
15725
15687
15650
15612
15575
15550
15537
15525
15512
15525
15537
15550
15562
15575
15562
15575
15562
15550
15537
15525
15512
15500
15512
15500
15512
15500
15512
15500
15512
15500
15487
15475
15462
15450
15437
15450
15437
15450
15437
15450
15437
15450
15437
15450
15437
15425
15412
15400
15387
15375
15387
15375
15387
15375
15387
15400
15412
15425
15437
15425
15412
15400
15387
15375
15387
15375
15362
15350
15362
15350
15337
15350
15337
15325
15312
15325
15312
15325
15312
15325
15312
15325
15312
15325
15312
15325
15312
15325
15312
15325
15312
15325
15312
15325
15312
15300
15287
15275
15262
15250
15262
15250
15262
15250
15262
15250
15262
15250
15237
15225
15212
15200
15212
15225
15237
15250
15262
15275
15312
15350
15412
15475
15525
15562
15612
15662
15687
15712
15762
15775
15787
15800
15787
15775
15762
15750
15737
15750
15762
15775
15787
15800
15812
15800
15812
15825
15837
15825
15837
15850
15837
15850
15862
15875
15862
15875
15862
15850
15837
15825
15812
15800
15787
15775
15762
15725
15687
15650
15612
15600
15587
15600
15612
15625
15612
15625
15612
15625
15612
15625
15612
15625
15612
15625
15612
15625
15612
15600
15587
15575
15575
15562
15575
15562
15575
15562
15575
15562
15550
15537
15525
15512
15500
15512
15525
15537
15550
15550
15550
15550
15550
15550
15562
15575
15562
15575
15562
15575
15562
15575
15562
15575
15562
15550
15537
15525
15512
15500
15512
15500
15512
15500
15525
15525
15525
15525
15525
15512
15500
15512
15500
15512
15500
15512
15500
15512
15500
15512
15500
15512
15500
15512
15500
15512
15500
15512
15500
15512
15500
15512
15500
15487
15475
15462
15450
15437
15450
15437
15450
15462
15500
15525
15587
15650
15712
15775
15837
15900
15962
16000
16037
16062
16075
16087
16100
16087
16075
16062
16037
16037
16037
16037
16037
16062
16050
16062
16050
16062
16050
16062
16050
16062
16050
16037
16025
16012
15975
15937
15900
15862
15825
15787
15775
15762
15750
15737
15750
15762
15775
15787
15800
15812
15800
15812
15800
15787
15775
15762
15725
15712
15700
15687
15675
15687
15675
15662
15650
15637
15625
15612
15625
15612
15600
15587
15575
15575
15562
15575
15562
15575
15562
15575
15562
15575
15562
15550
15537
15525
15512
15500
15512
15500
15512
15500
15512
15500
15512
15500
15512
15500
15512
15500
15512
15500
15512
15500
15487
15475
15487
15475
15462
15475
15462
15450
15437
15450
15437
15450
15437
15450
15437
15450
15437
15450
15437
15450
15437
15450
15437
15450
15437
15450
15437
15450
15437
15450
15437
15450
15437
15450
15437
15450
15437
15450
15437
15450
15437
15450
15437
15450
15437
15450
15437
15450
15437
15450
15462
15500
15525
15587
15650
15712
15775
15837
15900
15937
15975
16012
16025
16012
16025
16012
16000
15987
16000
15987
16000
15987
16000
15975
15975
15975
15975
15975
15987
16000
15987
16000
15987
16000
15987
16000
15987
16000
15987
16000
15987
16000
15987
15975
15962
15950
15912
15875
15862
15825
15812
15800
15787
15775
15762
15750
15762
15775
15787
15800
15812
15800
15812
15800
15812
15800
15787
15775
15762
15750
15737
15750
15737
15750
15737
15750
15725
15725
15700
15700
15675
15687
15675
15687
15675
15662
15650
15637
15625
15612
15625
15612
15600
15600
15600
15575
15575
15575
15575
15562
15575
15562
15575
15562
15575
15562
15575
15562
15575
15562
15575
15562
15575
15562
15575
15562
15575
15562
15575
15562
15550
15537
15525
15512
15500
15512
15500
15512
15500
15512
15500
15512
15500
15512
15500
15512
15500
15512
15500
15512
15500
15512
15500
15512
15500
15512
15500
15512
15500
15487
15475
15487
15475
15462
15475
15462
15450
15437
15450
15462
15500
15512
15550
15587
15612
15637
15687
15737
15775
15837
15900
15937
15975
15987
16000
15987
16000
15987
15975
15962
15950
15937
15950
15962
15975
15987
16000
16012
16025
16037
16050
16062
16050
16062
16050
16062
16050
16062
16050
16062
16050
16062
16050
16062
16050
16037
16025
16012
15975
15937
15900
15862
15825
15787
15775
15750
15725
15700
15700
15675
15687
15675
15687
15675
15687
15675
15687
15675
15687
15675
15687
15675
15662
15650
15662
15637
15637
15637
15637
15612
15625
15612
15600
15587
15575
15575
15562
15575
15562
15550
15537
15525
15512
15500
15512
15500
15512
15500
15487
15475
15462
15450
15437
15450
15437
15450
15437
15450
15437
15450
15437
15450
15425
15425
15400
15400
15400
15412
15400
15412
15400
15387
15375
15387
15375
15387
15375
15387
15375
15387
15375
15387
15375
15387
15375
15387
15375
15362
15350
15337
15325
15312
15325
15312
15325
15312
15325
15312
15325
15312
15325
15312
15325
15312
15325
15312
15325
15312
15325
15312
15325
15312
15300
15262
15250
15237
15225
15237
15250
15262
15250
15237
15225
15212
15200
15187
15200
15175
15175
15150
15150
15150
15187
15225
15287
15350
15387
15437
15487
15525
15575
15650
15687
15725
15737
15750
15737
15725
15712
15700
15687
15675
15687
15675
15687
15675
15687
15675
15687
15675
15687
15700
15737
15750
15787
15800
15812
15800
15812
15800
15812
15800
15812
15800
15812
15800
15812
15800
15812
15787
15787
15762
15762
15737
15725
15687
15650
15612
15575
15550
15537
15525
15487
15475
15487
15475
15487
15500
15512
15500
15512
15500
15512
15500
15512
15500
15512
15500
15487
15450
15437
15400
15387
15375
15387
15375
15387
15375
15387
15375
15362
15350
15337
15325
15312
15325
15312
15325
15312
15300
15287
15275
15262
15250
15262
15250
15262
15250
15262
15250
15262
15250
15262
15250
15262
15250
15262
15250
15262
15250
15237
15225
15212
15200
15187
15175
15162
15175
15162
15175
15187
15200
15187
15200
15187
15200
15187
15200
15187
15200
15187
15200
15187
15200
15187
15200
15187
15200
15187
15200
15187
15175
15162
15150
15137
15125
15137
15125
15137
15125
15112
15100
15087
15075
15062
15075
15062
15075
15062
15075
15087
15100
15112
15150
15187
15225
15287
15350
15412
15475
15525
15562
15600
15637
15650
15662
15675
15687
15675
15687
15675
15662
15650
15637
15625
15612
15625
15612
15625
15612
15625
15612
15625
15637
15650
15662
15675
15687
15675
15687
15675
15687
15675
15687
15675
15687
15675
15687
15675
15687
15675
15662
15650
15637
15600
15562
15525
15500
15462
15450
15437
15450
15462
15475
15487
15500
15512
15500
15512
15500
15487
15475
15462
15425
15412
15400
15387
15375
15387
15375
15362
15350
15337
15325
15312
15325
15312
15325
15312
15325
15312
15300
15287
15275
15262
15250
15262
15250
15262
15250
15262
15250
15262
15250
15262
15250
15262
15250
15262
15250
15262
15250
15262
15250
15262
15250
15262
15250
15262
15250
15262
15250
15237
15225
15212
15200
15187
15200
15187
15200
15187
15175
15162
15150
15137
15150
15162
15150
15162
15150
15137
15125
15137
15125
15137
15125
15137
15125
15137
15125
15137
15125
15137
15125
15137
15125
15137
15125
15137
15125
15112
15100
15087
15087
15087
15087
15087
15087
15075
15062
15075
15087
15125
15162
15225
15287
15350
15412
15475
15525
15562
15600
15637
15650
15662
15675
15662
15650
15637
15625
15612
15625
15612
15625
15612
15625
15612
15625
15637
15650
15662
15700
15712
15700
15712
15700
15687
15675
15687
15675
15687
15675
15662
15650
15637
15600
15562
15550
15525
15487
15450
15437
15400
15387
15375
15387
15375
15387
15375
15387
15400
15412
15425
15437
15450
15437
15450
15437
15425
15412
15400
15387
15375
15387
15375
15387
15375
15362
15350
15337
15325
15312
15325
15312
15300
15287
15275
15262
15250
15262
15250
15262
15250
15262
15250
15237
15225
15212
15200
15187
15200
15187
15200
15187
15200
15187
15200
15187
15200
15187
15200
15187
15175
15162
15150
15137
15125
15137
15125
15137
15125
15137
15125
15137
15125
15137
15125
15112
15100
15087
15075
15062
15075
15062
15075
15050
15062
15050
15062
15050
15075
15062
15050
15037
15025
15025
15012
15025
15012
15025
15012
15025
15012
15025
15012
15000
14987
14975
14962
14950
14962
14950
14962
14950
14962
14950
14962
14975
15000
15037
15100
15162
15225
15287
15350
15412
15475
15512
15550
15562
15575
15562
15550
15537
15525
15512
15500
15512
15500
15512
15500
15512
15500
15512
15525
15537
15550
15562
15575
15562
15575
15575
15587
15600
15612
15625
15612
15625
15612
15625
15612
15625
15600
15600
15575
15575
15562
15550
15500
15475
15425
15375
15350
15337
15325
15312
15325
15312
15325
15337
15350
15362
15375
15387
15375
15387
15375
15387
15375
15362
15350
15337
15325
15312
15325
15312
15325
15312
15325
15312
15325
15312
15325
15312
15300
15287
15275
15237
15225
15212
15200
15187
15200
15187
15200
15187
15200
15187
15200
15187
15175
15162
15150
15137
15125
15137
15125
15137
15125
15137
15125
15137
15125
15137
15125
15137
15125
15137
15125
15137
15125
15112
15100
15087
15075
15062
15075
15062
15050
15037
15025
15025
15012
15025
15012
15025
15012
15000
14987
14975
14962
14950
14962
14950
14962
14950
14937
14925
14912
14900
14887
14900
14912
14925
14937
14950
14962
14975
15000
15037
15100
15162
15225
15287
15350
15412
15450
15487
15500
15512
15500
15487
15475
15462
15450
15437
15450
15437
15450
15437
15450
15437
15450
15462
15475
15487
15500
15512
15500
15512
15500
15512
15500
15512
15500
15512
15500
15512
15500
15512
15500
15512
15500
15512
15500
15487
15450
15412
15350
15312
15275
15262
15250
15262
15250
15262
15275
15287
15300
15312
15300
15287
15275
15262
15250
15262
15250
15262
15250
15237
15225
15212
15175
15162
15150
15137
15125
15137
15125
15137
15125
15137
15125
15137
15125
15137
15125
15137
15125
15112
15100
15087
15075
15062
15075
15062
15075
15062
15050
15037
15025
15025
15012
15025
15012
15025
15012
15025
15012
15025
15012
15025
15012
15000
14987
15000
14987
15000
15012
15000
14987
14975
14962
14950
14962
14950
14962
14950
14962
14950
14962
14950
14962
14950
14962
14950
14962
14950
14962
14950
14962
14950
14962
14950
14962
14950
14962
14950
14937
14925
14912
14900
14887
14900
14887
14875
14862
14875
14862
14875
14887
14875
14862
14875
14862
14875
14912
14950
14975
15037
15100
15162
15225
15287
15350
15387
15425
15437
15450
15437
15450
15437
15425
15412
15400
15387
15375
15387
15375
15387
15375
15387
15375
15387
15375
15387
15375
15387
15400
15412
15425
15462
15475
15487
15500
15512
15500
15512
15500
15487
15450
15412
15350
15287
15250
15212
15200
15187
15200
15187
15200
15212
15225
15237
15250
15262
15250
15262
15250
15237
15225
15212
15200
15187
15200
15187
15175
15162
15150
15137
15125
15137
15125
15137
15125
15137
15125
15137
15125
15112
15100
15087
15075
15062
15075
15062
15075
15062
15075
15062
15075
15062
15075
15062
15075
15062
15075
15062
15075
15062
15050
15037
15025
15025
15025
15037
15025
15037
15025
15025
15012
15025
15012
15025
15012
15025
15012
15025
15012
15025
15012
15025
15012
15025
15012
15025
15012
15025
15012
15025
15012
15025
15012
15025
15012
15000
14987
14975
14962
14950
14962
14950
14962
14950
14937
14925
14937
14925
14937
14950
14937
14925
14912
14900
14887
14875
14862
14850
14812
14800
14787
14775
14762
14775
14787
14825
14862
14925
14975
15037
15100
15162
15200
15237
15275
15287
15300
15312
15325
15312
15300
15287
15275
15237
15225
15237
15225
15237
15250
15262
15275
15312
15325
15362
15375
15387
15375
15387
15375
15387
15375
15387
15375
15362
15325
15312
15275
15237
15200
15187
15150
15112
15075
15062
15025
15025
15012
15025
15012
15025
15012
15025
15012
15025
15012
15025
15012
15000
14962
14950
14912
14900
14887
14875
14837
14825
14787
14775
14762
14750
14737
14725
14687
14675
14662
14650
14637
14650
14637
14625
14612
14600
14587
14575
14587
14575
14562
14550
14562
14550
14537
14550
14537
14537
14525
14537
14525
14537
14512
14512
14487
14487
14462
14475
14462
14450
14437
14425
14412
14400
14412
14400
14412
14400
14412
14400
14412
14400
14412
14400
14412
14400
14412
14400
14412
14400
14387
14375
14362
14350
14337
14350
14337
14350
14337
14325
14312
14300
14262
14250
14237
14225
14212
14225
14212
14225
14212
14225
14212
14225
14237
14250
14262
14300
14337
14375
14437
14487
14550
14612
14675
14712
14750
14762
14775
14762
14775
14762
14775
14762
14775
14750
14750
14750
14750
14750
14762
14775
14762
14775
14762
14775
14787
14800
14812
14825
14837
14850
14862
14850
14862
14850
14812
14775
14737
14700
14662
14650
14637
14650
14637
14650
14637
14650
14662
14675
14687
14700
14712
14700
14712
14700
14712
14700
14712
14700
14712
14700
14687
14675
14662
14650
14637
14650
14637
14625
14612
14600
14587
14575
14562
14550
14537
14537
14525
14537
14512
14512
14487
14487
14462
14475
14462
14475
14462
14475
14462
14475
14462
14475
14462
14475
14462
14475
14462
14475
14462
14475
14462
14475
14462
14475
14462
14475
14462
14475
14462
14475
14462
14475
14462
14475
14462
14475
14462
14475
14462
14475
14462
14450
14437
14425
14412
14400
14412
14400
14412
14400
14387
14375
14362
14350
14337
14350
14337
14350
14337
14325
14312
14300
14287
14300
14312
14325
14337
14350
14337
14350
14337
14325
14312
14300
14287
14275
14287
14275
14262
14250
14237
14225
14237
14250
14262
14300
14312
14337
14362
14387
14425
14475
14525
14575
14625
14662
14700
14737
14775
14812
14825
14837
14825
14812
14800
14787
14775
14762
14775
14762
14750
14737
14750
14737
14750
14762
14775
14787
14800
14812
14825
14837
14825
14837
14825
14837
14825
14837
14825
14837
14825
14837
14825
14812
14800
14775
14750
14725
14700
14650
14637
14600
14587
14575
14587
14575
14562
14550
14537
14537
14525
14537
14525
14512
14500
14487
14475
14462
14475
14462
14475
14462
14475
14462
14450
14437
14425
14412
14400
14412
14400
14387
14375
14362
14350
14337
14350
14337
14350
14337
14350
14337
14350
14325
14325
14300
14300
14275
14287
14275
14287
14275
14262
14250
14237
14225
14212
14225
14212
14225
14212
14225
14212
14225
14212
14200
14187
14200
14187
14175
14187
14175
14162
14150
14162
14150
14162
14150
14162
14150
14162
14150
14162
14150
14137
14125
14112
14100
14087
14100
14087
14100
14087
14100
14087
14100
14087
14100
14087
14075
14037
14025
14012
14025
14062
14125
14187
14250
14312
14375
14437
14475
14512
14525
14537
14525
14537
14525
14537
14525
14537
14525
14537
14525
14537
14525
14537
14525
14537
14525
14537
14525
14537
14525
14537
14525
14537
14525
14537
14525
14537
14525
14537
14525
14512
14500
14475
14450
14425
14400
14350
14337
14300
14287
14275
14287
14275
14287
14275
14287
14275
14287
14275
14287
14275
14262
14250
14237
14225
14212
14225
14212
14200
14187
14175
14162
14150
14162
14150
14162
14150
14162
14150
14137
14125
14112
14100
14087
14100
14087
14100
14087
14075
14062
14050
14037
14025
14037
14025
14037
14025
14012
14000
13987
13987
13975
13987
13975
13987
13987
14000
13987
14000
13987
13987
13975
13987
13975
13987
13975
13987
13975
13987
13975
13987
13975
13987
13975
13962
13950
13937
13925
13912
13925
13912
13925
13912
13925
13912
13925
13912
13925
13912
13925
13937
13950
13962
14012
14075
14112
14175
14225
14275
14312
14350
14387
14425
14437
14425
14437
14450
14437
14450
14462
14475
14462
14475
14462
14475
14462
14475
14487
14500
14512
14525
14512
14475
14462
14425
14387
14350
14337
14300
14287
14275
14287
14275
14287
14275
14287
14275
14287
14275
14287
14300
14312
14325
14337
14325
14287
14275
14237
14225
14212
14225
14212
14200
14187
14175
14137
14125
14112
14100
14087
14100
14087
14075
14075
14075
14075
14075
14100
14075
14075
14075
14075
14075
14087
14075
14062
14050
14037
14025
14037
14025
14037
14025
14037
14025
14037
14025
14037
14025
14037
14025
14037
14025
14037
14025
14037
14025
14037
14025
14012
14000
13987
13987
13975
13987
13975
13962
13950
13937
13925
13912
13925
13912
13925
13912
13925
13912
13925
13912
13925
13912
13925
13912
13900
13887
13875
13862
13850
13837
13825
13812
13800
13775
13775
13775
13775
13775
13787
13800
13812
13850
13887
13937
14000
14075
14150
14225
14262
14312
14325
14337
14325
14350
14337
14350
14337
14350
14337
14350
14337
14350
14337
14350
14337
14350
14362
14375
14387
14400
14412
14400
14412
14400
14412
14400
14387
14375
14362
14325
14312
14300
14262
14250
14237
14200
14162
14150
14112
14100
14087
14100
14087
14100
14087
14100
14087
14100
14087
14100
14087
14075
14062
14050
14012
14000
13987
13987
13975
13987
13975
13962
13950
13937
13925
13912
13925
13912
13925
13912
13925
13912
13925
13912
13925
13912
13925
13912
13925
13912
13925
13912
13925
13912
13925
13912
13900
13887
13875
13862
13850
13862
13850
13862
13850
13862
13850
13862
13850
13862
13875
13887
13875
13887
13875
13862
13850
13862
13850
13837
13825
13837
13825
13837
13850
13862
13850
13862
13850
13862
13850
13862
13850
13862
13850
13862
13850
13862
13850
13862
13850
13862
13850
13862
13850
13862
13850
13862
13850
13862
13850
13862
13850
13862
13850
13862
13850
13837
13825
13837
13825
13837
13850
13862
13850
13862
13875
13912
13925
13962
13987
14000
14012
14050
14087
14125
14187
14250
14287
14325
14337
14350
14337
14325
14312
14300
14287
14275
14287
14275
14287
14275
14287
14275
14287
14300
14312
14325
14337
14350
14337
14350
14337
14350
14337
14350
14337
14325
14287
14275
14237
14200
14162
14150
14112
14075
14037
14025
13987
13987
13987
14000
14012
14050
14062
14050
14062
14075
14062
14075
14087
14100
14087
14100
14087
14075
14062
14050
14037
14025
14037
14012
14012
14012
14012
14012
14025
14037
14025
14037
14025
14012
14000
13987
13987
13975
13987
13975
13962
13950
13962
13950
13962
13975
13987
13975
13962
13950
13937
13925
13912
13925
13912
13925
13912
13925
13912
13925
13912
13925
13912
13925
13912
13925
13912
13925
13912
13925
13912
13925
13900
13900
13875
13875
13850
13862
13850
13862
13837
13850
13837
13850
13837
13862
13850
13862
13850
13862
13850
13862
13850
13862
13850
13862
13850
13862
13850
13837
13825
13812
13800
13787
13800
13787
13800
13787
13800
13787
13800
13787
13800
13787
13800
13787
13800
13787
13775
13762
13750
13737
13750
13787
13800
13837
13875
13912
13937
13987
14037
14087
14125
14187
14225
14262
14275
14287
14275
14287
14275
14287
14275
14287
14275
14287
14275
14287
14275
14287
14275
14287
14300
14312
14325
14337
14350
14337
14350
14337
14350
14337
14325
14312
14300
14262
14225
14212
14175
14137
14125
14112
14100
14087
14100
14087
14100
14112
14125
14137
14150
14162
14150
14162
14150
14162
14150
14137
14125
14112
14100
14087
14100
14087
14100
14087
14075
14062
14050
14050
14050
14050
14050
14050
14037
14025
14012
14000
13987
13987
13975
13987
13975
13987
13975
13987
13975
13987
13975
13987
13975
13987
13987
14000
13987
14000
13987
13987
13975
13987
13975
13987
13975
13987
13975
13987
13962
13962
13937
13937
13912
13925
13937
13950
13937
13950
13937
13925
13912
13900
13887
13900
13887
13900
13912
13925
13912
13925
13912
13900
13887
13900
13887
13900
13912
13925
13912
13925
13912
13925
13912
13925
13912
13900
13887
13875
13862
13850
13862
13850
13862
13850
13837
13825
13812
13800
13787
13775
13762
13775
13762
13775
13787
13800
13812
13825
13837
13875
13912
13937
14000
14062
14100
14150
14200
14225
14250
14300
14337
14350
14387
14400
14387
14375
14362
14350
14337
14350
14337
14350
14337
14350
14337
14350
14337
14362
14362
14387
14387
14412
14425
14437
14450
14462
14475
14462
14475
14462
14475
14462
14475
14462
14475
14462
14450
14437
14425
14412
14400
14387
14350
14312
14275
14237
14225
14212
14225
14212
14225
14212
14225
14212
14225
14212
14225
14212
14225
14237
14250
14237
14250
14225
14212
14200
14187
14175
14175
14162
14150
14162
14150
14162
14150
14137
14125
14112
14100
14087
14100
14087
14100
14087
14100
14087
14100
14087
14100
14087
14075
14062
14075
14062
14050
14062
14050
14037
14025
14037
14025
14037
14025
14037
14025
14037
14025
14037
14025
14037
14025
14037
14025
14012
14000
13987
13987
13975
13987
13975
13987
13987
14000
14012
14025
14037
14025
14037
14025
14037
14025
14037
14025
14037
14025
14037
14025
14012
14000
13987
13987
13975
13987
13975
13987
13975
13987
13975
13987
13987
14025
14062
14125
14187
14250
14312
14375
14412
14450
14487
14500
14512
14525
14537
14525
14537
14525
14512
14500
14487
14475
14462
14475
14462
14475
14462
14475
14462
14450
14437
14450
14437
14450
14462
14475
14462
14475
14487
14500
14487
14475
14462
14425
14387
14350
14312
14275
14237
14200
14187
14175
14162
14150
14162
14150
14162
14150
14162
14175
14187
14200
14212
14225
14212
14225
14212
14200
14187
14175
14162
14150
14162
14150
14162
14150
14137
14125
14112
14100
14087
14075
14062
14075
14062
14050
14062
14050
14037
14025
14037
14025
14037
14025
14037
14025
14037
14025
14037
14025
14037
14025
14012
14000
13987
13987
13975
13962
13950
13962
13950
13962
13975
13962
13950
13937
13925
13912
13925
13912
13925
13912
13925
13912
13900
13887
13875
13862
13850
13862
13850
13862
13850
13862
13850
13862
13850
13862
13850
13862
13850
13862
13850
13862
13850
13862
13850
13837
13825
13812
13800
13787
13775
13762
13750
13737
13725
13737
13725
13737
13725
13737
13725
13737
13725
13750
13775
13825
13875
13925
13962
14012
14062
14112
14162
14200
14212
14225
14212
14225
14212
14225
14237
14250
14262
14275
14287
14275
14287
14275
14287
14275
14287
14275
14287
14275
14287
14275
14287
14275
14262
14250
14237
14200
14162
14150
14112
14075
14037
14025
14012
14000
14012
14025
14037
14025
14037
14050
14062
14050
14062
14050
14037
14025
14037
14025
14012
14000
13987
13987
13975
13987
13975
13962
13950
13937
13925
13912
13925
13912
13925
13912
13925
13912
13925
13912
13925
13912
13900
13887
13900
13887
13875
13887
13875
13862
13850
13862
13850
13837
13825
13812
13800
13787
13800
13787
13800
13787
13800
13787
13800
13787
13800
13787
13800
13787
13800
13787
13800
13787
13800
13787
13775
13762
13750
13737
13725
13737
13725
13737
13725
13737
13725
13737
13725
13737
13725
13737
13725
13737
13725
13737
13725
13737
13725
13737
13725
13737
13725
13737
13725
13712
13700
13687
13675
13662
13675
13662
13675
13662
13650
13637
13625
13612
13600
13612
13600
13612
13600
13612
13600
13612
13600
13612
13600
13612
13625
13662
13700
13762
13825
13887
13937
14000
14062
14100
14137
14150
14162
14150
14162
14150
14137
14125
14112
14100
14087
14100
14087
14100
14087
14100
14112
14125
14137
14150
14162
14150
14162
14175
14187
14200
14212
14225
14212
14225
14212
14200
14187
14175
14137
14125
14112
14100
14087
14075
14037
14025
13987
13987
13975
13962
13950
13937
13925
13912
13925
13912
13925
13912
13925
13912
13900
13887
13875
13862
13850
13862
13850
13862
13850
13862
13850
13837
13825
13812
13800
13787
13800
13787
13800
13787
13800
13787
13775
13762
13750
13737
13725
13737
13725
13737
13725
13737
13725
13737
13725
13737
13725
13737
13725
13737
13725
13737
13725
13737
13725
13737
13725
13737
13725
13737
13725
13737
13725
13712
13700
13712
13700
13687
13700
13712
13700
13687
13700
13687
13675
13662
13675
13662
13675
13662
13675
13662
13675
13662
13675
13662
13675
13662
13675
13662
13675
13662
13675
13662
13675
13662
13675
13662
13650
13637
13625
13612
13600
13612
13600
13612
13600
13612
13600
13612
13600
13612
13600
13612
13600
13612
13600
13612
13600
13612
13600
13612
13600
13587
13575
13562
13550
13537
13550
13537
13550
13537
13550
13562
13575
13587
13625
13662
13700
13762
13825
13887
13937
13975
14012
14025
14037
14025
14037
14025
14037
14025
14037
14025
14037
14025
14037
14050
14062
14075
14087
14100
14087
14100
14087
14100
14087
14100
14087
14075
14062
14050
14037
14025
14037
14025
14012
14000
13987
13962
13925
13912
13875
13862
13850
13837
13800
13800
13775
13775
13775
13800
13787
13800
13787
13800
13787
13775
13762
13750
13737
13725
13737
13725
13737
13725
13712
13700
13687
13675
13662
13675
13662
13650
13637
13625
13612
13600
13587
13575
13587
13575
13587
13600
13612
13600
13612
13600
13612
13600
13587
13575
13562
13550
13537
13550
13537
13550
13537
13550
13537
13550
13537
13550
13537
13550
13537
13550
13537
13550
13537
13550
13537
13550
13537
13550
13537
13550
13537
13550
13537
13550
13537
13525
13525
13525
13500
13500
13500
13500
13487
13475
13462
13450
13437
13425
13437
13425
13437
13425
13437
13425
13437
13425
13437
13425
13412
13400
13387
13375
13362
13375
13362
13375
13362
13375
13362
13375
13387
13425
13450
13512
13575
13637
13700
13762
13825
13862
13900
13912
13925
13912
13925
13912
13925
13912
13900
13887
13875
13862
13850
13862
13850
13862
13875
13887
13900
13937
13950
13962
13975
13962
13950
13937
13925
13912
13900
13862
13825
13762
13725
13687
13675
13662
13675
13662
13675
13662
13675
13687
13700
13712
13725
13737
13725
13737
13725
13737
13725
13737
13725
13712
13700
13687
13675
13662
13675
13662
13650
13612
13600
13562
13550
13537
13525
13512
13525
13512
13525
13537
13525
13512
13500
13500
13487
13500
13487
13500
13487
13500
13487
13500
13487
13500
13487
13475
13462
13450
13437
13425
13437
13425
13437
13425
13437
13425
13437
13425
13437
13425
13437
13425
13437
13425
13412
13400
13387
13375
13362
13375
13362
13375
13362
13375
13362
13375
13362
13375
13362
13375
13362
13375
13362
13375
13362
13375
13362
13375
13362
13375
13362
13375
13362
13350
13337
13325
13312
13300
13287
13275
13262
13250
13237
13250
13237
13250
13237
13250
13237
13250
13237
13250
13237
13250
13225
13225
13225
13225
13225
13237
13250
13262
13300
13337
13400
13450
13512
13575
13637
13675
13712
13750
13762
13750
13737
13725
13712
13700
13712
13725
13737
13725
13737
13750
13762
13775
13787
13800
13812
13825
13837
13850
13862
13850
13862
13850
13862
13850
13862
13850
13862
13850
13837
13800
13787
13750
13712
13700
13687
13650
13637
13625
13612
13600
13612
13600
13612
13600
13612
13625
13637
13625
13637
13625
13612
13600
13612
13600
13612
13587
13600
13587
13575
13562
13562
13525
13512
13500
13500
13487
13500
13487
13500
13487
13500
13487
13500
13487
13500
13487
13500
13487
13500
13487
13500
13487
13500
13487
13500
13487
13500
13487
13500
13487
13500
13487
13500
13487
13500
13487
13500
13487
13500
13487
13500
13487
13500
13487
13500
13487
13475
13462
13450
13437
13425
13437
13450
13462
13450
13462
13450
13437
13425
13437
13425
13437
13425
13437
13425
13412
13400
13387
13375
13362
13375
13362
13375
13362
13375
13362
13375
13362
13375
13362
13375
13362
13375
13387
13425
13450
13512
13575
13637
13700
13762
13825
13862
13900
13937
13950
13962
13975
13987
13975
13987
13975
13987
13975
13987
13975
13987
13975
13987
13975
13987
13987
14000
14012
14025
14037
14025
14037
14025
14037
14025
14012
13975
13937
13912
13875
13837
13800
13787
13750
13737
13725
13737
13750
13762
13775
13787
13800
13787
13800
13787
13775
13762
13750
13737
13725
13737
13725
13712
13700
13687
13675
13662
13675
13662
13675
13662
13675
13662
13675
13662
13675
13662
13675
13662
13675
13662
13650
13637
13625
13612
13600
13612
13600
13587
13575
13562
13550
13537
13550
13562
13575
13562
13575
13562
13550
13537
13550
13537
13550
13537
13550
13537
13525
13512
13525
13500
13500
13500
13500
13487
13500
13487
13500
13487
13500
13487
13475
13462
13450
13437
13425
13437
13425
13437
13412
13412
13412
13412
13387
13412
13412
13387
13387
13387
13375
13362
13375
13362
13375
13362
13375
13362
13375
13362
13375
13362
13375
13362
13375
13362
13350
13337
13350
13337
13350
13350
13362
13350
13362
13350
13375
13362
13375
13387
13425
13462
13537
13612
13687
13762
13825
13862
13900
13912
13900
13887
13875
13862
13850
13862
13850
13862
13850
13862
13850
13862
13850
13862
13875
13887
13900
13912
13925
13912
13925
13912
13925
13912
13925
13912
13900
13862
13825
13762
13725
13687
13675
13662
13675
13687
13700
13712
13725
13737
13725
13737
13725
13737
13725
13737
13725
13737
13725
13712
13700
13687
13675
13662
13675
13662
13650
13650
13650
13650
13650
13650
13637
13625
13612
13600
13612
13600
13612
13600
13612
13600
13612
13600
13587
13575
13587
13575
13562
13575
13562
13550
13537
13550
13537
13550
13537
13550
13537
13550
13537
13550
13537
13550
13537
13550
13537
13550
13537
13550
13537
13550
13537
13550
13537
13550
13525
13537
13525
13537
13525
13550
13537
13550
13537
13550
13537
13550
13537
13550
13537
13550
13537
13525
13512
13500
13500
13487
13500
13487
13500
13487
13500
13487
13500
13487
13500
13487
13500
13487
13500
13487
13500
13487
13500
13487
13500
13487
13475
13475
13487
13512
13562
13637
13700
13762
13825
13887
13937
14000
14037
14075
14112
14125
14112
14125
14112
14100
14087
14100
14087
14100
14087
14075
14062
14075
14062
14075
14087
14100
14087
14100
14112
14125
14137
14150
14162
14150
14162
14150
14162
14150
14162
14150
14162
14150
14162
14150
14137
14125
14112
14075
14062
14050
14000
13975
13950
13912
13887
13875
13862
13850
13862
13850
13862
13875
13887
13900
13912
13925
13912
13925
13912
13925
13912
13900
13887
13875
13862
13837
13837
13812
13812
13787
13800
13787
13800
13787
13775
13762
13750
13737
13725
13737
13725
13737
13725
13737
13725
13737
13725
13737
13725
13737
13725
13737
13725
13737
13725
13737
13725
13712
13700
13687
13675
13662
13675
13662
13675
13662
13675
13662
13675
13662
13675
13662
13650
13637
13625
13612
13600
13612
13600
13612
13600
13612
13600
13612
13600
13612
13600
13612
13600
13612
13600
13612
13600
13612
13600
13612
13600
13612
13600
13612
13600
13612
13600
13587
13575
13562
13550
13562
13575
13562
13575
13587
13575
13562
13575
13562
13550
13537
13550
13562
13600
13637
13700
13762
13825
13887
13937
14000
14037
14075
14087
14075
14062
14050
14012
14000
13987
13987
13975
13987
13987
14000
14012
14050
14062
14075
14087
14100
14087
14075
14037
14000
13937
13912
13875
13837
13825
13812
13800
13787
13800
13787
13800
13787
13800
13787
13800
13787
13800
13787
13800
13787
13775
13762
13750
13737
13725
13712
13700
13687
13675
13662
13675
13662
13650
13637
13625
13612
13600
13612
13600
13612
13600
13612
13600
13612
13600
13612
13600
13612
13600
13587
13575
13562
13550
13537
13550
13537
13550
13537
13525
13512
13500
13500
13487
13500
13487
13500
13487
13500
13487
13475
13462
13450
13437
13425
13437
13425
13437
13425
13437
13425
13437
13425
13437
13425
13437
13425
13412
13400
13387
13375
13362
13375
13362
13375
13362
13375
13362
13375
13350
13362
13350
13362
13350
13375
13362
13375
13362
13375
13362
13375
13362
13375
13362
13375
13362
13375
13362
13375
13362
13375
13362
13375
13362
13375
13362
13375
13387
13425
13437
13475
13525
13575
13625
13700
13762
13825
13887
13925
13962
13975
13987
13975
13962
13950
13937
13925
13912
13925
13912
13925
13937
13950
13962
13975
13987
13975
13987
13975
13987
13975
13987
13975
13962
13962
13962
13937
13912
13887
13825
13787
13750
13712
13700
13687
13650
13637
13650
13637
13650
13662
13675
13662
13675
13662
13675
13662
13650
13637
13625
13612
13600
13587
13575
13562
13550
13537
13550
13537
13550
13537
13550
13537
13550
13537
13525
13512
13500
13500
13487
13475
13462
13475
13462
13450
13462
13450
13437
13425
13437
13425
13437
13425
13437
13425
13437
13425
13437
13425
13437
13425
13437
13425
13437
13425
13412
13400
13387
13375
13362
13375
13362
13375
13362
13375
13362
13375
13362
13375
13362
13375
13362
13350
13337
13350
13337
13350
13362
13375
13362
13375
13362
13375
13362
13375
13362
13375
13362
13375
13362
13375
13362
13350
13337
13350
13337
13325
13337
13325
13312
13300
13312
13300
13312
13300
13312
13325
13362
13400
13450
13512
13587
13662
13737
13812
13862
13900
13912
13900
13887
13875
13862
13850
13862
13850
13862
13850
13862
13850
13862
13875
13912
13925
13962
13975
13987
13975
13987
13975
13987
13975
13962
13950
13937
13900
13862
13825
13787
13750
13737
13725
13737
13725
13737
13725
13737
13750
13750
13762
13775
13787
13775
13800
13787
13775
13762
13750
13737
13725
13737
13725
13737
13725
13712
13700
13687
13675
13662
13675
13662
13650
13637
13625
13612
13600
13612
13600
13612
13600
13612
13600
13612
13600
13612
13600
13612
13600
13612
13600
13612
13600
13612
13600
13612
13600
13612
13600
13612
13600
13612
13600
13612
13600
13612
13600
13612
13600
13612
13600
13587
13575
13562
13550
13537
13550
13537
13550
13537
13550
13537
13550
13537
13550
13537
13550
13537
13550
13537
13550
13537
13550
13537
13550
13537
13550
13537
13550
13537
13550
13537
13525
13512
13500
13500
13487
13500
13487
13500
13487
13500
13487
13475
13475
13475
13475
13475
13500
13500
13512
13525
13537
13550
13562
13600
13650
13725
13800
13875
13937
14000
14062
14125
14162
14200
14212
14225
14212
14225
14212
14200
14187
14175
14162
14150
14162
14150
14162
14150
14162
14150
14162
14175
14187
14200
14212
14225
14212
14225
14212
14200
14162
14125
14062
14025
14012
14000
14012
14025
14037
14025
14037
14025
14037
14025
14037
14025
14037
14025
14012
13975
13937
13912
13875
13862
13850
13837
13825
13812
13800
13787
13800
13787
13800
13787
13775
13762
13750
13737
13725
13737
13725
13737
13725
13712
13700
13712
13700
13712
13725
13737
13725
13737
13725
13737
13725
13737
13725
13737
13725
13712
13700
13687
13650
13637
13625
13612
13600
13612
13600
13587
13575
13562
13550
13537
13550
13537
13550
13537
13550
13562
13575
13587
13600
13612
13600
13587
13575
13562
13550
13537
13550
13537
13525
13512
13500
13500
13487
13500
13487
13500
13487
13500
13487
13500
13487
13500
13487
13500
13475
13475
13475
13475
13475
13500
13537
13575
13637
13700
13762
13825
13887
13937
13975
14012
14050
14062
14050
14062
14050
14037
14025
14037
14025
14037
14050
14062
14075
14087
14100
14087
14100
14087
14100
14087
14100
14087
14100
14087
14100
14087
14075
14037
14025
13987
13962
13950
13937
13900
13887
13875
13862
13875
13887
13900
13912
13925
13912
13925
13912
13925
13912
13925
13912
13900
13887
13875
13862
13850
13862
13850
13862
13850
13837
13825
13812
13800
13787
13800
13787
13800
13787
13800
13787
13800
13787
13800
13787
13800
13787
13800
13787
13800
13787
13800
13787
13800
13787
13800
13787
13800
13787
13800
13787
13800
13787
13800
13787
13800
13787
13800
13787
13800
13787
13800
13787
13800
13787
13800
13787
13800
13787
13800
13787
13800
13787
13800
13787
13800
13787
13800
13787
13800
13787
13800
13787
13800
13787
13800
13787
13800
13787
13800
13787
13800
13787
13800
13787
13800
13787
13775
13762
13750
13737
13725
13737
13725
13737
13725
13737
13725
13737
13725
13737
13725
13737
13725
13712
13700
13712
13700
13712
13750
13787
13825
13887
13925
13962
13987
14025
14062
14100
14137
14175
14212
14225
14262
14275
14287
14275
14287
14275
14287
14275
14262
14250
14237
14225
14212
14225
14212
14225
14212
14225
14237
14275
14287
14300
14312
14325
14312
14325
14337
14350
14337
14350
14337
14325
14312
14300
14262
14225
14187
14150
14112
14100
14087
14100
14087
14100
14112
14125
14137
14175
14187
14200
14212
14225
14212
14225
14212
14225
14212
14225
14212
14225
14212
14200
14187
14175
14162
14150
14162
14150
14162
14150
14137
14125
14112
14100
14087
14100
14087
14075
14062
14050
14037
14025
14037
14025
14037
14025
14012
14012
14012
14012
14012
14037
14050
14062
14050
14062
14075
14062
14075
14087
14075
14062
14050
14037
14025
14037
14025
14037
14025
14012
14000
13987
13987
13975
13962
13950
13937
13925
13912
13925
13912
13925
13912
13925
13912
13925
13912
13925
13912
13925
13912
13925
13912
13925
13912
13925
13912
13925
13912
13925
13912
13925
13912
13925
13912
13925
13912
13925
13912
13900
13887
13875
13862
13850
13862
13850
13837
13825
13837
13850
13887
13937
14000
14037
14075
14112
14150
14187
14250
14287
14325
14362
14375
14387
14425
14437
14425
14437
14425
14387
14375
14362
14350
14337
14350
14337
14350
14362
14375
14387
14400
14412
14400
14412
14400
14412
14400
14412
14400
14412
14425
14437
14425
14437
14425
14387
14350
14337
14300
14262
14250
14237
14225
14212
14225
14212
14225
14237
14250
14237
14250
14237
14225
14212
14200
14162
14150
14112
14100
14087
14075
14062
14050
14037
14025
14037
14025
14012
14000
13987
13987
13975
13962
13950
13937
13925
13912
13925
13912
13900
13887
13875
13862
13850
13862
13850
13862
13850
13862
13850
13862
13850
13862
13850
13862
13850
13862
13850
13862
13850
13862
13850
13862
13850
13862
13850
13862
13850
13837
13825
13812
13812
13812
13812
13812
13812
13800
13787
13800
13787
13775
13762
13750
13737
13725
13737
13725
13737
13725
13737
13725
13737
13725
13737
13725
13737
13725
13737
13725
13737
13725
13737
13725
13737
13725
13737
13725
13737
13725
13737
13725
13712
13700
13687
13687
13687
13712
13712
13737
13750
13787
13825
13887
13937
14000
14062
14125
14187
14225
14262
14300
14312
14300
14312
14325
14312
14325
14337
14350
14337
14350
14337
14325
14312
14300
14287
14275
14287
14300
14312
14325
14337
14350
14337
14325
14312
14300
14262
14250
14237
14200
14187
14162
14137
14112
14087
14037
14025
13987
13987
13975
13987
13975
13987
13975
13987
13975
13987
13975
13987
13975
13987
13975
13987
13962
13962
13937
13937
13912
13925
13900
13900
13900
13887
13875
13875
13875
13850
13862
13850
13862
13850
13837
13825
13837
13812
13812
13812
13812
13787
13800
13787
13800
13787
13800
13787
13800
13787
13800
13787
13800
13787
13800
13787
13800
13787
13800
13787
13775
13762
13750
13737
13712
13725
13712
13725
13712
13737
13725
13737
13725
13737
13750
13762
13775
13787
13800
13787
13800
13787
13775
13762
13750
13737
13725
13712
13700
13687
13675
13662
13675
13662
13675
13662
13675
13662
13650
13637
13650
13637
13625
13637
13625
13612
13600
13612
13600
13612
13625
13637
13650
13700
13750
13800
13875
13937
13975
14012
14050
14062
14050
14062
14050
14012
14000
13987
13987
13975
13987
13975
13987
13987
14000
14012
14025
14037
14025
14037
14025
14037
14050
14062
14050
14062
14050
14037
14025
14012
14000
13987
13987
13975
13962
13950
13937
13900
13862
13850
13812
13800
13787
13800
13787
13800
13812
13825
13837
13850
13837
13825
13812
13800
13787
13775
13762
13750
13737
13725
13737
13725
13737
13725
13712
13700
13687
13675
13662
13675
13662
13675
13662
13675
13662
13675
13662
13675
13662
13675
13662
13675
13662
13675
13662
13675
13662
13675
13662
13675
13662
13675
13662
13675
13662
13675
13662
13675
13662
13675
13662
13675
13687
13700
13712
13750
13762
13775
13787
13800
13787
13800
13812
13825
13812
13825
13812
13775
13762
13750
13737
13725
13712
13700
13687
13675
13662
13650
13637
13625
13612
13600
13612
13600
13612
13600
13612
13600
13612
13600
13612
13600
13612
13600
13612
13600
13612
13600
13587
13575
13562
13550
13537
13525
13525
13525
13500
13500
13500
13500
13487
13500
13500
13512
13525
13562
13600
13637
13700
13762
13825
13887
13937
14000
14037
14075
14112
14125
14137
14150
14162
14150
14162
14150
14137
14125
14112
14100
14087
14100
14087
14100
14112
14125
14137
14150
14162
14175
14187
14175
14187
14175
14162
14150
14162
14150
14137
14125
14112
14100
14087
14075
14037
14025
13987
13962
13950
13937
13925
13937
13950
13937
13950
13937
13900
13887
13875
13837
13825
13812
13800
13787
13800
13787
13775
13762
13750
13737
13725
13737
13725
13737
13725
13737
13725
13737
13725
13737
13725
13737
13725
13737
13725
13737
13725
13712
13700
13687
13675
13662
13675
13662
13675
13662
13675
13662
13675
13662
13675
13662
13650
13637
13650
13637
13650
13662
13650
13637
13625
13612
13600
13612
13600
13587
13575
13562
13550
13537
13550
13537
13550
13537
13550
13537
13550
13537
13550
13562
13575
13587
13600
13587
13575
13587
13575
13587
13600
13587
13575
13562
13550
13537
13525
13512
13500
13500
13487
13500
13487
13475
13462
13450
13437
13425
13437
13425
13437
13425
13437
13425
13437
13425
13437
13450
13462
13475
13500
13537
13575
13637
13700
13762
13825
13887
13937
13975
13987
14000
13987
13987
13962
13975
13962
13975
13962
13987
13975
13987
13975
13987
13975
13987
13975
13987
13975
13987
13975
13987
13987
13987
13987
13987
13962
13925
13887
13850
13812
13775
13762
13750
13737
13725
13737
13725
13737
13725
13737
13725
13737
13725
13737
13725
13737
13725
13737
13725
13712
13700
13687
13675
13662
13675
13662
13675
13662
13650
13637
13625
13612
13600
13612
13600
13587
13575
13587
13575
13587
13600
13612
13600
13612
13600
13612
13600
13612
13600
13587
13575
13562
13550
13537
13550
13537
13550
13537
13550
13537
13550
13537
13525
13512
13500
13500
13487
13500
13487
13500
13487
13475
13462
13450
13437
13425
13437
13425
13437
13425
13437
13425
13437
13425
13437
13425
13437
13425
13437
13425
13437
13425
13412
13400
13387
13375
13387
13400
13387
13400
13387
13375
13362
13375
13362
13375
13362
13375
13362
13375
13387
13400
13412
13450
13475
13512
13575
13637
13700
13762
13825
13862
13900
13937
13950
13962
13987
14000
13987
14000
13987
13962
13950
13937
13925
13912
13925
13912
13925
13912
13925
13912
13925
13912
13925
13912
13937
13937
13962
13962
13987
13975
13987
13975
13987
13975
13987
13975
13987
13975
13987
13975
13962
13925
13887
13850
13812
13775
13762
13750
13737
13750
13762
13775
13787
13800
13787
13800
13787
13800
13787
13800
13787
13775
13762
13750
13712
13700
13687
13675
13662
13650
13637
13625
13612
13600
13587
13575
13587
13575
13562
13587
13587
13587
13587
13612
13600
13612
13600
13587
13575
13562
13550
13537
13550
13537
13550
13537
13550
13537
13550
13537
13550
13537
13550
13537
13550
13537
13550
13537
13550
13537
13525
13512
13500
13500
13487
13500
13487
13500
13487
13500
13487
13475
13462
13450
13437
13425
13437
13425
13437
