t = 60.000000, p = 438.000000
13412
13412
13412
13412
13437
13425
13437
13450
13462
13450
13462
13450
13412
13375
13362
13325
13312
13300
13287
13275
13262
13250
13237
13250
13237
13250
13237
13250
13237
13225
13212
13200
13187
13175
13187
13175
13187
13175
13187
13200
13237
13275
13337
13400
13462
13537
13612
13687
13775
13850
13950
14050
14150
14237
14312
14375
14437
14487
14550
14612
14675
14712
14712
14712
14687
14662
14637
14625
14587
14575
14537
14512
14500
14487
14450
14437
14425
14412
14400
14412
14400
14412
14425
14437
14450
14487
14500
14512
14525
14537
14525
14512
14475
14437
14375
14312
14250
14187
14125
14062
14025
13987
13962
13950
13937
13900
13900
13900
13900
13925
13950
13962
13987
14025
14037
14075
14112
14112
14112
14112
14112
14087
14075
14062
14050
14037
14025
14012
13975
13937
13912
13875
13862
13850
13837
13800
13787
13750
13712
13675
13675
13650
13625
13625
13625
13612
13600
13612
13600
13587
13575
13562
13525
13512
13500
13500
13487
13500
13487
13500
13487
13500
13487
13500
13487
13475
13462
13450
13437
13425
13437
13425
13437
13412
13412
13387
13387
13387
13400
13412
13425
13412
13400
13412
13387
13387
13387
13387
13362
13375
13362
13375
13362
13375
13362
13375
13362
13350
13337
13325
13287
13275
13262
13250
13237
13250
13237
13250
13237
13250
13225
13225
13200
13200
13175
13187
13175
13187
13200
13212
13225
13275
13325
13375
13437
13512
13575
13637
13700
13762
13825
13887
13937
14000
14075
14150
14225
14300
14375
14437
14487
14550
14612
14650
14687
14700
14712
14725
14737
14725
14737
14725
14687
14650
14637
14600
14587
14575
14562
14550
14537
14512
14500
14487
14475
14462
14475
14462
14475
14462
14475
14487
14500
14487
14500
14512
14500
14487
14475
14437
14375
14312
14275
14225
14175
14125
14075
14025
13987
13962
13925
13912
13875
13862
13850
13862
13875
13912
13937
14000
14037
14075
14087
14075
14062
14050
14012
14000
13987
13962
13925
13887
13850
13812
13775
13762
13750
13712
13700
13687
13650
13612
13575
13537
13500
13500
13487
13500
13487
13500
13487
13500
13487
13500
13487
13500
13487
13500
13487
13500
13487
13475
13462
13450
13412
13400
13412
13425
13475
13550
13650
13762
13925
14125
14375
14662
14987
15325
15675
16025
16400
16737
17075
17400
17687
17937
18175
18400
18600
18812
19025
19175
19337
19487
19600
19712
19837
19937
20025
20100
20175
20225
20287
20350
20412
20450
20462
20450
20412
20350
20287
20225
20175
20100
20025
19950
19862
19775
19687
19587
19500
19400
19300
19200
19100
19000
18900
18775
18662
18562
18475
18362
18262
18150
18025
17925
17800
17687
17575
17462
17350
17225
17075
16937
16812
16662
16537
16425
16325
16200
16100
15987
15875
15775
15662
15537
15425
15325
15212
15112
15012
14912
14837
14737
14650
14575
14500
14437
14375
14312
14250
14175
14100
14025
13950
13887
13825
13762
13700
13637
13575
13512
13475
13450
13412
13375
13337
13275
13212
13150
13112
13075
13037
13025
13012
12975
12962
12975
12987
13000
13037
13075
13112
13150
13225
13300
13375
13437
13525
13600
13675
13725
13787
13837
13887
13925
14000
14062
14125
14187
14262
14337
14387
14412
14412
14375
14312
14250
14187
14150
14112
14100
14087
14100
14087
14100
14087
14100
14087
14100
14112
14125
14137
14150
14162
14175
14187
14200
14212
14225
14212
14225
14212
14200
14162
14112
14037
13962
13887
13825
13762
13700
13662
13625
13587
13575
13587
13600
13637
13700
13737
13775
13787
13800
13787
13775
13762
13750
13712
13700
13687
13650
13612
13575
13512
13475
13450
13412
13400
13387
13375
13362
13375
13362
13350
13337
13325
13312
13300
13312
13300
13312
13300
13287
13250
13237
13200
13187
13175
13187
13175
13162
13150
13137
13125
13137
13150
13175
13200
13225
13250
13300
13312
13350
13362
13375
13362
13375
13362
13375
13362
13375
13362
13375
13362
13375
13362
13375
13362
13375
13362
13350
13312
13275
13237
13200
13187
13175
13162
13150
13137
13125
13112
13125
13112
13100
13087
13100
13087
13075
13087
13075
13062
13050
13037
13025
13012
13000
12987
13000
12987
12975
12962
12950
12925
12912
12900
12887
12875
12887
12900
12912
12925
12950
12987
13025
13087
13150
13212
13275
13337
13400
13450
13512
13575
13637
13712
13787
13862
13925
14000
14062
14125
14187
14250
14312
14375
14437
14500
14575
14650
14700
14725
14712
14675
14612
14575
14537
14512
14475
14462
14425
14387
14375
14350
14325
14300
14275
14262
14262
14262
14287
14312
14300
14312
14300
14287
14275
14262
14250
14237
14200
14187
14162
14112
14062
14012
13937
13875
13825
13775
13750
13750
13762
13775
13812
13825
13837
13875
13887
13900
13912
13925
13912
13925
13912
13900
13887
13862
13837
13812
13787
13737
13700
13637
13575
13537
13500
13475
13462
13450
13437
13425
13437
13425
13437
13425
13437
13425
13437
13425
13437
13412
13412
13387
13387
13362
13350
13312
13300
13262
13250
13237
13250
13237
13250
13237
13250
13237
13225
13212
13200
13187
13175
13187
13175
13162
13162
13162
13162
13162
13187
13175
13187
13175
13187
13175
13187
13175
13162
13150
13137
13125
13112
13100
13087
13075
13037
13025
13012
13000
12987
13000
12987
12975
12962
12950
12950
12950
12950
12950
12975
12975
12975
12987
13000
12987
12975
12962
12975
12987
13025
13087
13150
13225
13300
13375
13437
13512
13587
13662
13737
13812
13887
13937
14000
14075
14150
14225
14300
14375
14437
14487
14550
14612
14650
14662
14650
14612
14550
14487
14437
14400
14362
14325
14287
14275
14237
14200
14187
14200
14187
14200
14212
14225
14237
14250
14262
14300
14312
14325
14337
14350
14337
14350
14337
14325
14312
14300
14262
14225
14187
14150
14112
14075
14037
14000
13937
13912
13875
13862
13850
13862
13837
13837
13812
13812
13787
13800
13787
13800
13812
13825
13837
13875
13887
13900
13912
13925
13912
13925
13912
13925
13912
13925
13912
13925
13912
13900
13862
13825
13787
13750
13712
13675
13662
13625
13587
13575
13562
13525
13512
13500
13475
13462
13475
13462
13450
13462
13450
13437
13425
13437
13425
13412
13400
13412
13400
13387
13400
13387
13375
13362
13375
13362
13375
13362
13375
13362
13375
13362
13350
13337
13325
13312
13300
13312
13300
13312
13300
13287
13275
13287
13275
13287
13300
13312
13300
13312
13300
13312
13300
13312
13300
13312
13300
13312
13300
13287
13275
13262
13250
13237
13250
13262
13275
13287
13300
13312
13300
13287
13250
13237
13200
13162
13150
13137
13125
13112
13125
13112
13125
13112
13125
13112
13125
13137
13150
13162
13200
13212
13225
13262
13300
13337
13400
13450
13525
13600
13675
13750
13837
13900
13987
14075
14162
14237
14312
14387
14450
14525
14600
14675
14712
14750
14787
14800
14787
14775
14737
14675
14612
14550
14512
14487
14475
14462
14450
14437
14450
14437
14450
14462
14450
14437
14425
14387
14375
14362
14325
14312
14300
14262
14225
14187
14150
14112
14075
14062
14050
14012
13975
13962
13937
13925
13912
13925
13912
13925
13912
13925
13937
13950
13962
13987
14025
14037
14075
14087
14075
14037
14000
13937
13912
13875
13837
13825
13812
13800
13787
13775
13762
13750
13737
13725
13712
13700
13687
13650
13637
13625
13587
13575
13562
13550
13537
13550
13537
13550
13537
13550
13537
13525
13512
13500
13500
13487
13500
13487
13500
13487
13475
13437
13425
13387
13375
13362
13350
13337
13325
13312
13300
13312
13300
13312
13300
13312
13300
13312
13300
13312
13287
13287
13262
13262
13237
13225
13212
13200
13187
13162
13162
13137
13137
13112
13125
13112
13100
13100
13100
13100
13100
13125
13100
13100
13100
13087
13075
13075
13050
13025
13012
13000
12987
12975
12962
12950
12950
12937
12925
12912
12900
12887
12875
12887
12875
12887
12875
12887
12875
12887
12875
12887
12900
12950
13000
13075
13150
13212
13275
13337
13400
13450
13512
13587
13662
13737
13812
13887
13937
14000
14062
14125
14187
14250
14312
14350
14387
14425
14437
14450
14462
14450
14437
14425
14387
14350
14337
14300
14262
14225
14187
14125
14087
14050
14037
14025
14012
14000
13987
13962
13950
13962
13950
13937
13950
13937
13925
13937
13950
13937
13925
13887
13812
13762
13712
13662
13612
13575
13537
13500
13500
13500
13537
13575
13637
13700
13762
13800
13837
13875
13887
13900
13912
13925
13912
13900
13887
13875
13862
13850
13862
13850
13837
13825
13812
13775
13762
13750
13737
13725
13712
13675
13637
13575
13537
13500
13475
13462
13450
13437
13425
13412
13400
13387
13375
13362
13350
13337
13325
13312
13300
13287
13275
13262
13250
13237
13250
13237
13250
13237
13250
13237
13250
13237
13250
13237
13225
13187
13150
13112
13100
13087
13075
13087
13100
13087
13100
13137
13150
13162
13175
13187
13175
13187
13200
13212
13225
13237
13225
13187
13175
13137
13100
13087
13075
13062
13050
13062
13050
13062
13050
13062
13050
13062
13050
13062
13050
13037
13025
13037
13050
13087
13150
13212
13275
13337
13400
13450
13525
13600
13675
13762
13850
13925
14012
14100
14175
14250
14312
14375
14437
14487
14550
14612
14675
14712
14750
14762
14750
14737
14725
14687
14650
14612
14537
14487
14450
14400
14375
14387
14375
14387
14425
14437
14450
14462
14475
14462
14450
14412
14375
14312
14250
14187
14125
14062
14025
13987
13987
13975
13987
13975
13987
13987
14000
14012
14050
14062
14050
14062
14050
14012
14000
13987
13962
13950
13937
13925
13900
13900
13875
13850
13800
13787
13750
13712
13700
13687
13675
13662
13650
13637
13625
13587
13575
13562
13525
13512
13500
13500
13487
13500
13487
13475
13462
13450
13437
13425
13437
13425
13437
13425
13437
13425
13437
13425
13437
13425
13437
13425
13437
13425
13437
13425
13437
13425
13437
13425
13437
13425
13437
13425
13437
13425
13437
13425
13437
13425
13412
13400
13387
13375
13387
13400
13387
13400
13387
13350
13337
13325
13312
13300
13312
13300
13312
13325
13325
13325
13325
13325
13325
13337
13350
13362
13375
13387
13400
13412
13425
13437
13450
13462
13475
13500
13537
13575
13637
13700
13762
13825
13887
13937
14000
14062
14125
14187
14250
14312
14387
14437
14487
14550
14612
14662
14737
14800
14862
14900
14937
14950
14962
14950
14937
14925
14912
14875
14862
14850
14812
14775
14737
14700
14662
14625
14612
14600
14562
14550
14537
14537
14525
14537
14537
14550
14562
14600
14612
14625
14637
14625
14587
14550
14487
14437
14375
14312
14250
14212
14175
14137
14125
14112
14075
14062
14075
14062
14075
14087
14100
14112
14125
14137
14150
14162
14175
14212
14225
14262
14300
14312
14325
14337
14350
14337
14350
14337
14325
14312
14300
14287
14275
14287
14275
14287
14275
14287
14275
14287
14275
14287
14275
14262
14225
14187
14125
14062
14000
13962
13937
13900
13862
13850
13812
13800
13787
13775
13762
13750
13737
13712
13712
13687
13687
13687
13725
13762
13825
13887
13950
14025
14100
14175
14262
14337
14412
14462
14512
14537
14575
14587
14625
14662
14675
14687
14700
14712
14700
14687
14650
14612
14550
14487
14437
14400
14362
14325
14287
14275
14237
14200
14162
14150
14112
14075
14062
14050
14037
14025
14012
14000
14012
14000
14012
14025
14037
14050
14087
14125
14187
14225
14262
14300
14337
14375
14437
14487
14537
14587
14612
14625
14637
14625
14612
14625
14637
14675
14737
14800
14862
14925
14975
15037
15100
15162
15225
15287
15350
15412
15475
15525
15587
15625
15637
15625
15587
15550
15525
15487
15450
15412
15350
15287
15250
15212
15200
15212
15250
15287
15350
15387
15400
15387
15350
15287
15225
15187
15150
15137
15162
15187
15212
15237
15262
15250
15237
15225
15212
15175
15137
15100
15037
14975
14912
14837
14762
14687
14612
14550
14512
14487
14475
14487
14512
14550
14612
14675
14737
14775
14812
14850
14862
14875
14887
14875
14837
14800
14737
14675
14612
14550
14487
14437
14375
14312
14250
14187
14125
14087
14050
14037
14050
14062
14075
14112
14150
14187
14225
14262
14300
14337
14375
14412
14450
14462
14450
14412
14400
14362
14325
14312
14300
14300
14300
14300
14300
14300
14287
14300
14312
14325
14337
14350
14337
14350
14337
14350
14337
14350
14337
14325
14312
14300
14262
14250
14262
14250
14262
14275
14262
14250
14237
14200
14162
14150
14112
14075
14037
14025
14012
14025
14062
14125
14187
14250
14312
14375
14437
14487
14550
14612
14675
14712
14750
14787
14825
14837
14850
14862
14875
14862
14850
14837
14825
14787
14775
14762
14775
14762
14775
14762
14750
14737
14725
14687
14675
14687
14675
14687
14700
14712
14725
14737
14750
14762
14750
14712
14675
14637
14600
14562
14525
14487
14437
14375
14312
14275
14237
14225
14237
14250
14262
14275
14287
14275
14287
14275
14287
14275
14287
14275
14262
14250
14225
14200
14175
14150
14125
14112
14075
14062
14050
14037
14012
14012
13987
13987
13975
13987
13975
13987
13975
13987
13975
13987
13987
14025
14062
14100
14137
14175
14187
14175
14187
14175
14137
14125
14100
14075
14050
14025
14000
13987
13962
13950
13937
13925
13912
13900
13862
13850
13812
13775
13737
13700
13637
13600
13562
13550
13525
13525
13500
13500
13487
13475
13462
13450
13412
13400
13387
13350
13337
13325
13287
13275
13262
13250
13262
13275
13287
13300
13287
13250
13212
13150
13112
13100
13087
13100
13150
13200
13250
13325
13400
13450
13512
13575
13650
13725
13812
13912
14012
14100
14187
14250
14312
14375
14437
14487
14550
14612
14675
14737
14800
14862
14900
14912
14900
14887
14850
14812
14775
14737
14675
14637
14587
14537
14512
14475
14450
14425
14400
14350
14337
14300
14262
14250
14237
14225
14212
14225
14237
14250
14262
14300
14337
14350
14387
14400
14387
14375
14350
14325
14300
14275
14225
14175
14100
14025
13950
13912
13862
13812
13762
13712
13662
13625
13612
13600
13612
13625
13662
13700
13762
13800
13837
13875
13887
13875
13862
13850
13812
13775
13762
13750
13737
13725
13712
13700
13712
13700
13712
13725
13737
13725
13737
13725
13712
13700
13687
13675
13687
13725
13737
13750
13737
13700
13662
13625
13612
13625
13662
13700
13737
13775
13787
13800
13787
13800
13787
13775
13762
13750
13712
13700
13687
13675
13662
13675
13662
13675
13662
13650
13637
13625
13612
13600
13612
13600
13612
13600
13612
13600
13612
13600
13612
13600
13612
13600
13587
13575
13587
13600
13637
13700
13762
13800
13850
13900
13937
13987
14062
14125
14200
14275
14362
14437
14525
14600
14675
14737
14800
14862
14925
14975
15000
15037
15050
15037
15025
15025
15025
15012
15000
14962
14925
14887
14850
14812
14800
14787
14750
14737
14725
14712
14700
14712
14725
14737
14750
14762
14775
14762
14750
14737
14725
14687
14650
14612
14550
14487
14437
14375
14312
14250
14212
14200
14187
14200
14212
14225
14237
14250
14262
14300
14312
14300
14312
14300
14262
14250
14237
14225
14200
14200
14175
14175
14150
14137
14125
14112
14100
14075
14075
14050
14050
14025
14012
14000
13987
13987
13987
14000
14012
14025
14037
14050
14062
14050
14062
14050
14037
14025
14012
14000
13987
13987
13975
13962
13950
13937
13925
13912
13900
13887
13875
13837
13825
13812
13800
13787
13800
13787
13800
13787
13775
13775
13775
13775
13775
13800
13787
13800
13787
13800
13787
13800
13787
13775
13762
13750
13737
13725
13737
13725
13712
13700
13712
13725
13762
13825
13887
13950
14025
14100
14175
14262
14337
14412
14475
14562
14650
14737
14825
14912
14975
15037
15075
15112
15150
15162
15175
15187
15200
15187
15175
15162
15150
15112
15100
15087
15075
15050
15050
15025
15000
14962
14950
14912
14875
14862
14850
14837
14825
14837
14850
14887
14900
14937
14975
14987
14975
14987
14975
14937
14925
14912
14875
14837
14800
14737
14675
14612
14575
14537
14537
14525
14512
14500
14487
14475
14487
14500
14512
14537
14550
14562
14600
14637
14675
14737
14800
14875
14950
15037
15125
15212
15300
15375
15450
15512
15562
15612
15662
15712
15762
15812
15825
15812
15775
15712
15675
15637
15600
15562
15512
15450
15375
15300
15225
15162
15100
15025
14950
14887
14812
14737
14675
14612
14550
14512
14487
14450
14412
14400
14362
14350
14337
14325
14287
14275
14237
14225
14212
14200
14187
14175
14162
14150
14137
14100
14087
14050
14012
14000
13987
13962
13950
13937
13925
13912
13900
13887
13875
13862
13850
13837
13825
13812
13800
13812
13825
13837
13875
13887
13875
13862
13850
13812
13775
13737
13700
13637
13575
13512
13450
13425
13387
13375
13362
13350
13337
13325
13312
13300
13312
13300
13312
13300
13312
13300
13312
13325
13337
13350
13387
13425
13450
13512
13575
13637
13700
13762
13837
13900
13975
14050
14125
14187
14262
14337
14412
14475
14550
14587
14625
14637
14650
14637
14625
14612
14600
14562
14525
14512
14487
14475
14462
14475
14462
14475
14462
14475
14462
14475
14487
14500
14512
14537
14550
14562
14600
14612
14625
14637
14650
14637
14650
14637
14625
14612
14600
14562
14550
14525
14512
14487
14462
14412
14375
14312
14250
14187
14125
14062
14025
13987
13987
13962
13962
13962
13962
13962
13975
13987
13987
14000
14012
14025
14037
14025
14037
14025
14012
14000
13975
13962
13937
13912
13887
13875
13862
13850
13837
13800
13787
13750
13737
13725
13737
13725
13737
13725
13712
13700
13687
13650
13612
13600
13562
13550
13537
13550
13537
13525
13512
13500
13500
13500
13512
13525
13537
13550
13537
13525
13487
13475
13450
13412
13400
13412
13400
13412
13425
13437
13425
13437
13425
13412
13400
13412
13400
13412
13450
13462
13450
13462
13450
13437
13425
13437
13425
13412
13375
13362
13350
13337
13350
13362
13375
13362
13375
13362
13375
13362
13375
13387
13425
13450
13512
13575
13637
13700
13762
13825
13887
13937
14012
14087
14162
14237
14312
14375
14437
14487
14550
14612
14650
14687
14725
14762
14800
14862
14887
14912
14937
14937
14912
14925
14912
14875
14862
14850
14837
14825
14812
14800
14787
14775
14762
14775
14762
14775
14762
14775
14762
14750
14712
14675
14612
14575
14537
14512
14475
14437
14375
14312
14250
14187
14125
14087
14050
14012
14000
13987
13987
13987
14000
14012
14050
14062
14075
14112
14150
14162
14200
14212
14225
14237
14250
14237
14250
14237
14225
14212
14225
14212
14200
14162
14150
14112
14075
14062
14037
14012
13987
13962
13925
13912
13875
13862
13850
13837
13825
13812
13800
13787
13775
13762
13750
13737
13725
13737
13725
13737
13725
13737
13725
13737
13725
13712
13700
13712
13700
13712
13725
13737
13725
13712
13700
13687
13675
13662
13675
13662
13675
13662
13650
13637
13625
13587
13575
13587
13575
13562
13575
13562
13525
13512
13500
13475
13462
13450
13412
13400
13387
13350
13312
13275
13237
13200
13187
13175
13162
13150
13162
13150
13162
13200
13250
13300
13375
13437
13512
13575
13650
13725
13800
13875
13937
14000
14062
14125
14200
14275
14350
14425
14487
14550
14612
14675
14737
14775
14812
14850
14862
14850
14837
14800
14737
14700
14650
14600
14575
14550
14512
14475
14462
14425
14412
14400
14387
14375
14362
14350
14337
14350
14337
14350
14362
14362
14375
14412
14425
14437
14487
14500
14512
14512
14512
14487
14462
14437
14425
14387
14350
14312
14250
14187
14125
14062
14000
13962
13937
13925
13937
13950
13962
13987
14000
14012
14025
14037
14025
14037
14025
14012
14000
13987
13987
13975
13987
13975
13962
13950
13937
13900
13887
13875
13837
13825
13800
13775
13750
13750
13725
13737
13725
13712
13700
13687
13650
13612
13600
13562
13525
13512
13500
13500
13487
13475
13462
13450
13437
13425
13437
13425
13437
13425
13437
13425
13437
13425
13412
13400
13387
13375
13362
13375
13387
13400
13387
13400
13387
13375
13362
13375
13362
13350
13337
13325
13312
13300
13312
13325
13337
13350
13362
13375
13362
13350
13337
13325
13312
13300
13287
13250
13237
13200
13187
13175
13162
13150
13137
13125
13112
13125
13112
13125
13137
13175
13212
13275
13337
13400
13450
13512
13575
13637
13712
13787
13862
13937
14025
14112
14200
14287
14362
14437
14487
14550
14612
14675
14737
14800
14837
14850
14837
14800
14737
14675
14612
14575
14537
14537
14525
14512
14500
14487
14475
14487
14500
14512
14525
14537
14525
14537
14537
14550
14562
14575
14587
14575
14587
14575
14587
14575
14562
14550
14537
14512
14500
14475
14425
14375
14325
14250
14187
14150
14112
14075
14062
14050
14012
14000
14012
14000
14012
14050
14062
14075
14087
14100
14087
14100
14087
14075
14062
14050
14012
14000
13987
13987
13975
13962
13950
13937
13925
13912
13925
13912
13900
13862
13850
13812
13775
13762
13750
13712
13700
13687
13675
13662
13650
13637
13625
13587
13575
13562
13550
13537
13550
13537
13525
13512
13500
13500
13487
13500
13487
13475
13462
13450
13437
13425
13437
13425
13437
13425
13437
13425
13437
13425
13412
13400
13412
13400
13412
13425
13437
13425
13412
13400
13387
13375
13362
13350
13337
13312
13287
13262
13262
13237
13250
13237
13250
13237
13250
13237
13250
13237
13250
13262
13312
13362
13425
13500
13575
13637
13712
13800
13887
14000
14112
14225
14325
14412
14475
14562
14637
14712
14787
14837
14875
14887
14900
14887
14875
14837
14800
14762
14725
14687
14650
14612
14575
14537
14537
14525
14512
14500
14487
14475
14462
14475
14487
14512
14525
14562
14575
14587
14575
14587
14575
14587
14575
14562
14525
14512
14487
14450
14412
14375
14312
14250
14187
14150
14112
14075
14075
14075
14075
14075
14100
14112
14125
14137
14150
14162
14150
14162
14150
14162
14150
14162
14150
14137
14125
14112
14075
14037
14025
13987
13962
13925
13887
13850
13812
13775
13762
13750
13737
13725
13712
13700
13687
13650
13637
13625
13612
13600
13612
13600
13612
13600
13612
13600
13612
13600
13587
13575
13562
13550
13537
13525
13512
13500
13500
13487
13500
13487
13500
13487
13500
13487
13500
13487
13475
13462
13475
13462
13450
13462
13450
13437
13425
13437
13425
13412
13400
13387
13375
13362
13350
13337
13325
13312
13300
13312
13300
13287
13275
13262
13250
13237
13225
13212
13200
13187
13175
13187
13200
13237
13275
13337
13400
13450
13512
13575
13650
13725
13800
13875
13937
14012
14087
14162
14237
14312
14375
14437
14487
14550
14612
14675
14712
14750
14762
14750
14712
14675
14612
14575
14537
14512
14475
14462
14425
14412
14400
14387
14375
14387
14375
14387
14400
14412
14425
14425
14425
14425
14425
14425
14437
14425
14412
14400
14362
14325
14287
14250
14187
14150
14100
14050
14000
13975
13937
13925
13912
13925
13937
13950
13962
13987
14000
14025
14050
14075
14075
14100
14087
14100
14087
14100
14087
14100
14087
14100
14087
14100
14087
14075
14037
14000
13937
13887
13850
13812
13800
13787
13775
13737
13725
13687
13675
13662
13675
13662
13675
13662
13675
13662
13675
13662
13650
13637
13625
13612
13600
13612
13600
13587
13575
13562
13550
13537
13550
13537
13525
13512
13500
13475
13462
13450
13437
13425
13437
13425
13412
13400
13387
13375
13362
13375
13362
13350
13337
13325
13287
13275
13262
13250
13237
13250
13237
13225
13212
13200
13187
13175
13187
13175
13187
13175
13187
13175
13187
13175
13187
13175
13187
13175
13187
13200
13212
13225
13275
13325
13375
13462
13550
13625
13712
13787
13862
13937
14037
14125
14212
14300
14375
14437
14487
14550
14612
14650
14687
14725
14737
14725
14737
14725
14687
14650
14637
14600
14587
14562
14562
14537
14512
14500
14487
14450
14437
14425
14412
14400
14412
14425
14437
14450
14462
14475
14462
14450
14412
14375
14337
14300
14262
14225
14187
14125
14062
14000
13962
13962
13962
13975
14012
14050
14062
14050
14062
14050
14037
14025
14012
14000
14012
14000
14012
14025
14037
14012
14012
13987
13962
13950
13937
13900
13887
13862
13837
13812
13812
13787
13775
13762
13750
13737
13712
13737
13725
13712
13700
13700
13675
13662
13650
13637
13625
13612
13625
13625
13625
13625
13625
13600
13612
13600
13612
13600
13587
13575
13562
13525
13512
13500
13500
13487
13500
13487
13500
13487
13500
13487
13475
13462
13450
13437
13425
13437
13412
13425
13412
13425
13412
13437
13425
13437
13425
13437
13425
13437
13425
13437
13425
13437
13425
13412
13400
13387
13375
13362
13350
13337
13325
13312
13300
13312
13300
13287
13275
13262
13250
13237
13225
13212
13200
13187
13175
13187
13175
13187
13175
13187
13200
13212
13225
13262
13300
13337
13400
13450
13512
13575
13637
13700
13775
13850
13937
14025
14112
14187
14250
14312
14375
14437
14487
14550
14587
14625
14662
14700
14737
14762
14787
14787
14762
14712
14675
14612
14575
14537
14512
14500
14487
14475
14462
14475
14462
14475
14462
14475
14487
14500
14487
14475
14437
14375
14312
14250
14187
14125
14062
14025
13987
13987
13987
14025
14037
14075
14112
14125
14137
14150
14162
14150
14162
14137
14137
14112
14087
14037
14025
13987
13962
13950
13937
13900
13887
13875
13862
13850
13837
13825
13812
13775
13737
13725
13687
13675
13662
13675
13662
13675
13662
13650
13637
13625
13587
13575
13562
13550
13537
13550
13537
13550
13537
13550
13537
13550
13537
13525
13512
13500
13500
13487
13500
13487
13500
13487
13500
13487
13500
13487
13500
13487
13475
13462
13450
13437
13425
13437
13425
13437
13425
13437
13425
13412
13400
13387
13375
13362
13350
13337
13325
13312
13300
13312
13300
13312
13300
13312
13300
13287
13275
13287
13275
13262
13275
13287
13300
13337
13400
13450
13512
13575
13637
13700
13762
13825
13887
13937
14012
14087
14162
14237
14312
14375
14437
14487
14550
14612
14675
14737
14775
14787
14775
14762
14725
14687
14650
14612
14550
14512
14487
14475
14462
14475
14462
14475
14462
14475
14487
14500
14512
14537
14550
14537
14525
14487
14462
14425
14375
14350
14325
14262
14200
14175
14125
14075
14062
14050
14037
14050
14062
14075
14087
14100
14112
14125
14137
14150
14162
14175
14187
14175
14187
14175
14162
14150
14162
14150
14162
14150
14137
14125
14112
14075
14062
14050
14037
14025
14012
14000
13987
13962
13950
13937
13900
13887
13875
13862
13850
13837
13800
13787
13750
13737
13712
13712
13712
13712
13687
13700
13687
13650
13637
13625
13612
13600
13612
13600
13587
13575
13562
13550
13537
13525
13512
13500
13500
13487
13475
13462
13450
13437
13425
13437
13425
13437
13425
13412
13400
13387
13375
13387
13400
13387
13400
13412
13400
13387
13400
13412
13400
13412
13425
13437
13425
13450
13450
13450
13462
13475
13475
13475
13500
13487
13500
13487
13500
13487
13500
13487
13500
13487
13500
13487
13500
13487
13475
13462
13450
13437
13425
13437
13425
13412
13400
13387
13375
13387
13400
13387
13400
13412
13400
13412
13450
13462
13475
13500
13537
13575
13637
13700
13762
13825
13887
13962
14037
14112
14187
14250
14312
14375
14437
14487
14550
14612
14675
14737
14775
14812
14850
14862
14875
14887
14875
14862
14850
14812
14775
14737
14700
14662
14650
14637
14625
14612
14600
14587
14575
14587
14575
14587
14575
14587
14575
14587
14575
14587
14575
14587
14575
14562
14525
14487
14437
14375
14337
14300
14262
14225
14212
14175
14162
14175
14212
14225
14262
14300
14312
14325
14337
14350
14337
14350
14337
14325
14312
14300
14262
14250
14237
14200
14187
14175
14137
14125
14112
14075
14062
14050
14037
14025
14012
13975
13962
13937
13900
13887
13875
13862
13850
13862
13850
13837
13825
13812
13800
13787
13775
13762
13750
13737
13750
13762
13750
13762
13750
13712
13675
13662
13625
13612
13600
13587
13575
13562
13525
13512
13500
13500
13487
13500
13487
13475
13462
13450
13437
13425
13437
13425
13412
13400
13387
13375
13362
13375
13362
13375
13387
13400
13387
13400
13387
13375
13362
13375
13362
13375
13362
13375
13362
13375
13362
13375
13362
13375
13362
13375
13362
13375
13387
13425
13450
13512
13575
13637
13700
13762
13825
13887
13950
14000
14062
14125
14187
14250
14337
14412
14475
14550
14612
14675
14737
14800
14837
14875
14887
14875
14862
14850
14837
14825
14812
14800
14787
14750
14737
14725
14712
14700
14687
14675
14687
14675
14687
14725
14737
14750
14762
14775
14762
14750
14712
14675
14637
14587
14537
14487
14437
14375
14337
14287
14262
14237
14237
14237
14275
14312
14350
14387
14400
14387
14375
14362
14350
14337
14325
14312
14300
14287
14275
14262
14250
14237
14200
14187
14175
14162
14150
14137
14125
14112
14100
14087
14075
14037
14025
13987
13987
13975
13987
13975
13962
13950
13937
13925
13912
13900
13887
13900
13887
13900
13912
13900
13887
13875
13837
13825
13812
13800
13787
13800
13787
13775
13762
13750
13737
13725
13712
13712
13712
13712
13712
13712
13712
13712
13687
13687
13687
13675
13662
13675
13662
13675
13662
13675
13662
13675
13650
13650
13625
13625
13625
13637
13650
13662
13650
13637
13625
13587
13575
13562
13550
13537
13550
13537
13525
13512
13500
13500
13487
13500
13487
13500
13487
13500
13487
13500
13487
13500
13487
13500
13487
13500
13487
13500
13487
13500
13500
13537
13575
13650
13725
13800
13875
13950
14025
14100
14175
14250
14312
14375
14437
14500
14575
14625
14675
14725
14762
14800
14862
14900
14937
14950
14937
14900
14862
14800
14737
14700
14662
14650
14637
14650
14637
14650
14637
14650
14662
14675
14687
14700
14712
14700
14687
14650
14612
14575
14537
14512
14475
14437
14375
14337
14287
14262
14237
14237
14212
14200
14200
14200
14200
14225
14275
14287
14325
14337
14350
14337
14325
14312
14300
14287
14275
14262
14250
14237
14200
14187
14175
14137
14125
14112
14100
14087
14075
14062
14050
14037
14025
14037
14025
14037
14025
14037
14025
14037
14025
14012
14000
14012
14000
13987
14000
13987
13987
13975
13962
13950
13962
13950
13937
13950
13962
13950
13962
13987
14000
13987
14000
13987
13987
13975
13987
13975
13987
13987
14025
14062
14125
14187
14250
14312
14375
14437
14487
14525
14562
14600
14612
14600
14612
14600
14562
14550
14525
14512
14487
14462
14412
14375
14312
14250
14187
14150
14112
14075
14062
14050
14037
14025
14012
14000
13987
13962
13950
13937
13900
13887
13875
13837
13825
13812
13800
13787
13800
13787
13800
13787
13800
13787
13800
13812
13825
13837
13875
13912
13937
14000
14062
14125
14187
14250
14312
14375
14437
14487
14550
14612
14675
14737
14800
14837
14875
14887
14875
14837
14825
14775
14725
14675
14612
14550
14500
14462
14412
14375
14312
14250
14187
14125
14062
14025
13987
13987
13975
13962
13925
13912
13900
13912
13937
14000
14062
14125
14187
14250
14275
14300
14300
14300
14275
14262
14225
14187
14125
14062
14025
13987
13962
13925
13912
13875
13875
13862
13875
13887
13925
13937
14000
14075
14150
14237
14337
14425
14512
14600
14687
14762
14850
14937
15037
15137
15250
15362
15450
15587
15737
15875
16000
16137
16250
16337
16437
16512
16600
16675
16750
16812
16850
16862
16850
16800
16725
16650
16575
16512
16425
16337
16250
16150
16050
15962
15887
15775
15662
15550
15437
15337
15250
15162
15062
14975
14887
14812
14737
14675
14612
14550
14487
14437
14375
14312
14250
14175
14100
14025
13950
13887
13825
13762
13700
13637
13575
13537
13500
13475
13462
13450
13437
13425
13437
13425
13412
13412
13412
13387
13387
13425
13425
13450
13462
13475
13475
13475
13475
13487
13500
13487
13475
13437
13400
13362
13325
13287
13250
13212
13150
13087
13025
12962
12900
12850
12812
12775
12737
12700
12662
12625
12587
12550
12512
12475
12437
12412
12400
12412
12425
12437
12462
12475
12487
12525
12537
12550
12562
12575
12587
12600
12612
12625
12637
12625
12637
12625
12612
12600
12587
12575
12562
12575
12587
12637
12687
12762
12837
12900
12937
12975
13012
13050
13087
13150
13225
13300
13375
13425
13475
13500
13512
13525
13537
13550
13537
13525
13487
13475
13475
13462
13450
13462
13450
13437
13425
13437
13450
13462
13475
13500
13512
13525
13537
13550
13537
13550
13537
13525
13512
13500
13475
13437
13400
13337
13275
13212
13150
13087
13050
13012
12975
12962
12950
12950
12950
12987
13000
13037
13050
13062
13075
13087
13100
13137
13150
13162
13175
13162
13150
13137
13100
13062
13050
13012
12975
12937
12925
12900
12862
12825
12787
12725
12687
12650
12637
12650
12650
12650
12675
12675
12675
12687
12700
12687
12712
12712
12737
12737
12762
12775
12787
12800
12812
12825
12812
12800
12762
12750
12737
12725
12712
12700
12662
12600
12562
12525
12512
12500
12512
12500
12512
12500
12512
12500
12512
12500
12512
12525
12537
12550
12587
12600
12612
12625
12612
12600
12587
12575
12562
12550
12512
12500
12462
12462
12450
12462
12462
12475
12487
12525
12562
12612
12687
12762
12837
12900
12962
13025
13087
13150
13212
13275
13337
13400
13450
13525
13575
13625
13675
13725
13725
13750
13750
13750
13725
13712
13675
13662
13612
13562
13512
13462
13425
13387
13350
13337
13325
13287
13275
13262
13225
13212
13200
13162
13125
13112
13075
13037
13025
13012
13000
12987
13000
12987
13000
13012
13050
13062
13100
13112
13125
13112
13125
13112
13125
13112
13125
13112
13125
13112
13125
13112
13100
13062
13025
12987
12950
12925
12912
12925
12912
12900
12912
12900
12887
12875
12887
12875
12887
12900
12912
12900
12912
12900
12887
12875
12887
12875
12887
12875
12887
12875
12887
12900
12912
12925
12937
12925
12912
12900
12862
12850
12837
12825
12812
12825
12812
12825
12812
12825
12812
12825
12837
12837
12837
12837
12812
12762
12750
12737
12712
12725
12737
12725
12687
12687
12650
12612
12600
12587
12575
12587
12600
12612
12650
12662
12675
12712
12750
12787
12825
12862
12900
12925
12962
13025
13087
13175
13262
13350
13425
13512
13575
13637
13700
13762
13825
13887
13937
14000
14062
14125
14187
14225
14237
14225
14187
14125
14087
14050
14012
13975
13937
13912
13875
13862
13850
13837
13800
13787
13750
13712
13700
13687
13675
13662
13675
13687
13725
13737
13775
13812
13825
13837
13850
13862
13850
13837
13800
13762
13700
13625
13550
13475
13425
13387
13375
13387
13400
13412
13425
13437
13450
13462
13450
13462
13450
13437
13425
13412
13400
13387
13375
13387
13400
13387
13400
13387
13375
13362
13375
13362
13350
13337
13325
13312
13300
13312
13300
13287
13275
13262
13250
13237
13225
13212
13200
13162
13125
13112
13100
13087
13100
13137
13150
13137
13150
13137
13125
13100
13100
13075
13050
13025
13012
13000
13012
13025
13012
13025
13012
12975
12962
12950
12925
12912
12900
12887
12875
12887
12875
12887
12875
12862
12850
12837
12825
12812
12800
12787
12775
12762
12750
12762
12750
12762
12750
12762
12750
12762
12775
12787
12800
12837
12875
12900
12962
13037
13087
13150
13212
13275
13325
13400
13450
13512
13575
13637
13712
13787
13862
13925
14000
14062
14100
14137
14175
14212
14225
14262
14300
14312
14325
14337
14325
14287
14250
14187
14125
14087
14050
14012
13975
13937
13912
13875
13862
13875
13887
13900
13912
13925
13912
13925
13912
13925
13937
13950
13962
13975
13962
13950
13962
13937
13937
13937
13912
13862
13825
13762
13700
13625
13575
13525
13475
13437
13425
13412
13425
13437
13475
13487
13500
13487
13500
13500
13512
13525
13562
13575
13562
13550
13537
13500
13500
13487
13475
13462
13437
13412
13387
13362
13337
13325
13312
13300
13312
13300
13287
13275
13262
13250
13237
13250
13237
13250
13237
13225
13187
13175
13162
13150
13137
13150
13137
13125
13137
13150
13137
13150
13137
13100
13087
13075
13062
13050
13062
13075
13087
13100
13112
13100
13087
13075
13037
13025
13012
13000
12987
12975
12962
12950
12950
12950
12962
12950
12962
12950
12950
12937
12950
12937
12925
12912
12900
12887
12875
12887
12875
12887
12875
12900
12912
12962
13012
13087
13150
13212
13275
13350
13412
13487
13575
13662
13737
13812
13887
13962
14012
14062
14112
14150
14162
14200
14212
14200
14187
14175
14137
14100
14087
14050
14012
14000
14012
14025
14062
14137
14225
14312
14400
14475
14562
14637
14712
14787
14862
14925
14987
15062
15137
15212
15287
15325
15337
15325
15287
15225
15162
15075
14975
14875
14787
14687
14612
14550
14487
14437
14375
14300
14225
14150
14075
14000
13937
13887
13850
13812
13775
13737
13725
13687
13650
13637
13625
13587
13550
13537
13500
13500
13487
13500
13487
13475
13462
13450
13412
13400
13387
13375
13362
13350
13337
13325
13287
13275
13262
13250
13237
13225
13187
13175
13137
13125
13112
13100
13087
13075
13062
13050
13037
13025
13012
13000
12987
12975
12962
12975
12962
12950
12962
12950
12950
12937
12950
12937
12950
12937
12950
12937
12950
12937
12925
12912
12900
12862
12850
12837
12825
12812
12825
12837
12837
12850
12862
12875
12862
12887
12875
12887
12875
12887
12875
12887
12875
12862
12850
12837
12825
12812
12800
12787
12800
12787
12775
12787
12775
12762
12750
12762
12750
12762
12750
12737
12725
12712
12700
12687
12675
12662
12650
12637
12625
12637
12625
12637
12650
12687
12737
12787
12837
12887
12925
12962
13025
13087
13162
13237
13312
13387
13450
13512
13575
13637
13700
13762
13825
13887
13937
14000
14062
14100
14137
14175
14187
14200
14212
14225
14212
14200
14162
14125
14062
14025
13987
13987
13975
13962
13950
13962
13950
13962
13975
13987
13975
13987
13975
13987
13975
13987
13987
14000
14012
14025
14012
14000
13987
13987
13975
13962
13925
13887
13812
13737
13662
13587
13512
13475
13475
13462
13475
13500
13512
13525
13562
13575
13587
13600
13587
13575
13562
13525
13512
13500
13500
13487
13475
13462
13450
13437
13425
13412
13375
13337
13300
13262
13225
13212
13200
13162
13150
13162
13150
13137
13150
13137
13100
13087
13075
13037
13025
13012
13012
13012
13012
13012
13012
13000
12987
12975
12962
12950
12950
12937
12950
12937
12950
12937
12950
12937
12925
12912
12925
12912
12925
12937
12950
12937
12950
12937
12925
12912
12925
12912
12900
12912
12925
12912
12900
12912
12900
12862
12850
12837
12825
12812
12825
12812
12825
12812
12800
12787
12775
12762
12750
12737
12725
12712
12700
12687
12700
12687
12700
12687
12700
12725
12775
12825
12887
12975
13050
13125
13212
13300
13375
13437
13512
13575
13650
13725
13800
13875
13937
14000
14062
14125
14162
14200
14237
14250
14262
14275
14262
14225
14212
14175
14162
14150
14137
14125
14112
14075
14062
14050
14012
14000
13987
13987
13975
13987
13975
13987
13975
13987
13975
13987
13975
13987
13975
13987
13975
13987
13975
13987
13975
13962
13925
13887
13825
13762
13700
13637
13575
13537
13500
13500
13487
13500
13487
13500
13487
13500
13500
13512
13525
13537
13550
13562
13575
13600
13612
13625
13637
13650
13625
13637
13625
13587
13575
13562
13550
13537
13525
13487
13475
13450
13412
13400
13387
13375
13362
13350
13312
13300
13262
13225
13212
13200
13162
13150
13137
13100
13087
13075
13062
13075
13087
13075
13087
13075
13062
13050
13037
13025
13012
12975
12962
12950
12950
12950
12962
12950
12962
12950
12950
12937
12950
12937
12950
12937
12925
12912
12900
12887
12875
12887
12875
12887
12875
12862
12850
12862
12850
12862
12875
12887
12875
12862
12825
12812
12775
12762
12750
12737
12725
12712
12700
12687
12700
12687
12700
12687
12700
12687
12700
12687
12700
12687
12675
12662
12650
12637
12650
12662
12675
12712
12750
12800
12862
12937
13012
13087
13150
13212
13275
13350
13412
13487
13562
13637
13700
13775
13850
13912
13987
14062
14125
14187
14225
14262
14275
14287
14275
14262
14250
14237
14200
14162
14125
14062
14000
13962
13937
13925
13912
13925
13912
13925
13937
13962
13975
14012
14025
14012
13975
13937
13887
13825
13762
13700
13637
13575
13537
13500
13500
13487
13500
13500
13512
13525
13562
13575
13587
13600
13612
13600
13612
13600
13612
13600
13612
13600
13587
13575
13562
13550
13537
13525
13487
13475
13450
13437
13412
13387
13362
13337
13287
13250
13237
13200
13187
13175
13187
13175
13187
13175
13162
13150
13137
13100
13087
13075
13037
13025
13012
12975
12962
12950
12950
12937
12950
12937
12950
12937
12950
12937
12925
12912
12900
12887
12875
12887
12875
12887
12875
12862
12850
12837
12825
12812
12825
12812
12800
12787
12775
12762
12750
12762
12750
12762
12750
12737
12725
12712
12675
12662
12650
12637
12650
12662
12650
12662
12650
12637
12625
12637
12625
12637
12625
12612
12600
12587
12575
12562
12550
12537
12525
12512
12525
12562
12600
12662
12725
12787
12850
12900
12962
13025
13087
13150
13212
13275
13337
13400
13450
13512
13575
13637
13700
13737
13787
13837
13887
13912
13962
13987
14000
14012
14025
14012
14000
13987
13962
13925
13912
13875
13837
13800
13787
13737
13712
13712
13712
13712
13725
13737
13725
13712
13700
13687
13650
13612
13575
13512
13450
13400
13362
13325
13287
13275
13287
13275
13287
13300
13312
13325
13337
13350
13362
13375
13362
13350
13337
13325
13287
13275
13262
13225
13212
13200
13162
13150
13137
13125
13112
13100
13062
13050
13012
13000
12987
13000
12987
12975
12962
12950
12950
12937
12950
12937
12925
12912
12925
12912
12900
12912
12900
12887
12875
12887
12875
12887
12875
12862
12850
12837
12825
12812
12800
12787
12800
12787
12775
12787
12775
12737
12725
12712
12675
12662
12650
12637
12625
12637
12625
12637
12625
12637
12625
12637
12625
12637
12650
12662
12650
12662
12650
12637
12625
12612
12575
12562
12525
12512
12500
12512
12500
12512
12500
12487
12475
12462
12462
12450
12462
12450
12462
12450
12462
12462
12475
12487
12525
12575
12625
12700
12775
12850
12925
13012
13100
13187
13275
13350
13412
13500
13562
13625
13675
13725
13762
13825
13887
13925
13937
13925
13912
13875
13837
13800
13787
13750
13712
13700
13687
13675
13662
13675
13662
13675
13662
13675
13662
13687
13687
13712
13712
13712
13675
13637
13600
13550
13525
13500
13475
13437
13425
13387
13350
13312
13300
13287
13275
13287
13325
13362
13375
13412
13450
13462
13450
13462
13475
13462
13450
13462
13450
13437
13425
13437
13425
13412
13375
13362
13325
13312
13300
13287
13275
13250
13225
13200
13175
13150
13137
13100
13087
13075
13037
13025
13012
12975
12962
12975
12962
12950
12962
12950
12950
12937
12950
12937
12950
12937
12950
12937
12950
12937
12950
12937
12950
12937
12950
12937
12950
12937
12950
12937
12950
12937
12950
12937
12950
12937
12925
12912
12900
12887
12875
12887
12875
12887
12875
12887
12875
12862
12850
12862
12850
12837
12850
12862
12850
12837
12825
12812
12800
12775
12775
12775
12775
12750
12762
12750
12762
12750
12762
12750
12762
12750
12762
12750
12737
12700
12687
12650
12637
12650
12687
12725
12787
12825
12875
12912
12962
13012
13087
13150
13212
13287
13362
13425
13500
13575
13637
13700
13762
13825
13887
13937
13987
14037
14062
14050
14062
14050
14012
13975
13962
13937
13900
13862
13850
13812
13775
13762
13750
13737
13725
13737
13725
13737
13750
13762
13750
13775
13775
13775
13762
13775
13750
13750
13725
13712
13675
13637
13575
13512
13475
13450
13412
13375
13362
13325
13312
13300
13312
13325
13337
13350
13362
13375
13362
13375
13362
13375
13362
13375
13362
13375
13362
13350
13337
13325
13312
13300
13287
13275
13262
13250
13237
13225
13212
13200
13187
13175
13187
13175
13187
13175
13162
13125
13112
13075
13037
13025
13012
13000
12987
12975
12962
12950
12950
12937
12950
12937
12950
12950
12962
12950
12962
12937
12925
12900
12900
12875
12862
12850
12837
12800
12787
12775
12762
12750
12762
12750
12762
12750
12762
12775
12787
12800
12812
12825
12812
12825
12812
12825
12812
12800
12787
12775
12762
12750
12762
12750
12737
12725
12712
12700
12687
12700
12687
12700
12712
12725
12737
12750
12762
12750
12762
12750
12762
12750
12762
12750
12737
12737
12725
12712
12700
12712
12687
12700
12687
12675
12637
12625
12587
12575
12562
12550
12537
12525
12512
12500
12487
12487
12487
12462
12462
12487
12475
12487
12537
12562
12587
12637
12687
12725
12787
12850
12900
12962
13037
13112
13187
13262
13337
13400
13450
13512
13575
13637
13700
13762
13800
13837
13875
13912
13925
13962
13975
13962
13925
13887
13850
13812
13775
13737
13725
13687
13650
13637
13650
13637
13650
13662
13675
13662
13675
13662
13637
13612
13587
13562
13537
13525
13487
13450
13425
13387
13350
13337
13325
13312
13300
13312
13300
13312
13300
13312
13325
13337
13350
13362
13375
13362
13350
13337
13350
13325
13300
13300
13275
13225
13212
13225
13237
13300
13400
13550
13737
13962
14250
14550
14900
15275
15662
16037
16425
16762
17087
17400
17675
17950
18175
18412
18612
18800
18950
19100
19225
19325
19425
19525
19600
19687
19775
19850
19900
19912
19925
19912
19875
19837
19800
19725
19650
19587
19512
19412
19312
19212
19100
18987
18850
18712
18550
18387
18212
18050
17887
17712
17537
17362
17162
16987
16800
16625
16450
16312
16150
16000
15850
15700
15562
15437
15312
15187
15062
14925
14800
14687
14587
14487
14400
14312
14225
14137
14050
13975
13887
13812
13725
13650
13575
13512
13450
13400
13325
13250
13175
13100
13025
12962
12900
12875
12837
12825
12812
12800
12762
12725
12687
12650
12637
12625
12612
12575
12562
12525
12487
12450
12412
12362
12325
12312
12300
12312
12325
12337
12325
12337
12350
12362
12350
12362
12350
12312
12275
12237
12200
12162
12150
12137
12125
12112
12100
12100
12100
12125
12125
12150
12137
12125
12112
12100
12087
12075
12087
12075
12087
12100
12137
12175
12237
12312
12375
12462
12550
12637
12712
12800
12862
12937
13012
13087
13150
13212
13275
13337
13400
13450
13512
13575
13612
13625
13612
13600
13562
13525
13487
13450
13425
13387
13350
13337
13325
13312
13300
13312
13300
13312
13300
13312
13300
13312
13300
13312
13300
13287
13275
13250
13225
13200
13175
13150
13137
13100
13087
13075
13037
13025
13012
12975
12962
12950
12925
12887
12887
12862
12862
12862
12887
12900
12912
12925
12937
12950
12950
12962
12975
13012
13025
13037
13050
13062
13050
13062
13050
13062
13050
13062
13050
13037
13000
12987
12950
12925
12887
12850
12787
12750
12712
12675
12662
12650
12637
12625
12637
12625
12637
12625
12612
12600
12587
12575
12562
12575
12562
12550
12537
12525
12512
12500
12512
12500
12512
12500
12512
12500
12487
12475
12450
12437
12412
12412
12387
12400
12412
12425
12437
12450
12462
12450
12437
12400
12387
12350
12350
12350
12350
12350
12350
12337
12325
12337
12325
12312
12300
12287
12275
12262
12275
12262
12275
12262
12250
12250
12250
12250
12250
12275
12262
12275
12262
12275
12262
12275
12287
12300
12312
12350
12387
12437
12512
12587
12662
12737
12787
12837
12887
12950
13000
13075
13162
13250
13337
13412
13500
13575
13637
13700
13737
13775
13787
13800
13787
13775
13737
13700
13637
13600
13562
13550
13537
13525
13487
13475
13450
13437
13450
13462
13475
13487
13475
13437
13425
13387
13350
13312
13275
13212
13175
13137
13100
13087
13075
13062
13050
13062
13075
13087
13100
13112
13125
13112
13125
13137
13150
13137
13150
13137
13125
13112
13100
13087
13075
13062
13050
13062
13050
13062
13050
13037
13025
13012
12975
12962
12950
12950
12937
12925
12887
12875
12837
12800
12787
12775
12762
12750
12762
12750
12762
12750
12762
12750
12762
12750
12762
12750
12762
12750
12737
12725
12712
12675
12662
12650
12637
12625
12612
12612
12612
12612
12612
12612
12600
12612
12600
12612
12625
12612
12600
12587
12575
12562
12550
12537
12525
12512
12500
12512
12500
12487
12475
12462
12462
12450
12462
12462
12475
12487
12500
12487
12475
12462
12462
12450
12437
12425
12412
12400
12387
12400
12387
12400
12387
12400
12387
12400
12387
12400
12387
12400
12387
12400
12412
12450
12500
12575
12650
12725
12787
12850
12900
12962
13025
13087
13150
13225
13300
13375
13437
13512
13575
13637
13700
13737
13775
13812
13825
13837
13850
13837
13825
13812
13775
13737
13700
13637
13575
13537
13500
13500
13500
13512
13500
13512
13525
13512
13525
13537
13550
13537
13550
13537
13525
13487
13450
13425
13387
13350
13337
13325
13287
13275
13262
13225
13187
13175
13137
13100
13087
13075
13062
13050
13062
13075
13087
13100
13112
13125
13112
13125
13112
13100
13087
13075
13062
13050
13062
13050
13037
13025
13012
13000
12987
12975
12937
12925
12900
12862
12850
12837
12825
12812
12825
12812
12825
12812
12825
12812
12825
12812
12825
12812
12825
12812
12800
12787
12775
12762
12750
12737
12725
12712
12700
12687
12675
12662
12650
12612
12575
12562
12525
12487
12450
12437
12412
12375
12325
12300
12250
12225
12200
12187
12150
12112
12075
12037
12025
12012
12000
11987
11975
11962
11950
11962
11950
11962
11950
11962
11950
11962
11950
11962
11950
11962
11937
11937
11912
11912
11887
11887
11887
11887
11862
11875
11862
11825
11812
11800
11787
11775
11787
11762
11775
11762
11775
11762
11787
11800
11812
11800
11812
11825
11837
11862
11925
11987
12050
12112
12175
12237
12300
12362
12412
12487
12562
12650
12750
12825
12887
12937
12987
13025
13087
13150
13212
13250
13287
13300
13312
13300
13287
13275
13262
13250
13237
13225
13212
13225
13212
13200
13212
13200
13162
13125
13112
13075
13037
13000
12987
12950
12912
12900
12887
12875
12862
12887
12900
12912
12925
12950
12987
13025
13062
13100
13112
13125
13112
13125
13112
13125
13112
13100
13087
13075
13025
13000
12975
12925
12887
12875
12837
12800
12762
12725
12687
12650
12637
12625
12637
12625
12612
12600
12587
12575
12562
12575
12562
12575
12562
12550
12537
12525
12487
12450
12437
12412
12375
12337
12325
12287
12275
12262
12275
12287
12300
12312
12325
12312
12300
12287
12275
12262
12275
12262
12275
12262
12250
12212
12200
12162
12150
12137
12125
12112
12100
12087
12075
12087
12075
12062
12050
12037
12025
12012
12025
12012
12025
12012
12025
12012
12025
12012
12000
11987
11975
11962
11975
11987
12000
12012
12025
12012
12025
12012
12025
12012
12025
12012
12000
11987
11975
11962
11950
11937
11925
11912
11912
11900
11912
11912
11925
11937
11975
12012
12050
12112
12175
12237
12300
12362
12412
12475
12550
12625
12700
12775
12850
12912
12987
13062
13137
13212
13275
13337
13400
13450
13487
13525
13537
13550
13537
13525
13487
13475
13450
13412
13375
13362
13325
13287
13275
13262
13250
13237
13250
13262
13275
13287
13300
13312
13300
13312
13300
13287
13250
13212
13175
13137
13100
13062
13025
12987
12950
12925
12887
12875
12837
12825
12812
12825
12812
12825
12812
12825
12812
12825
12837
12850
12862
12900
12912
12925
12937
12950
12937
12950
12937
12925
12887
12850
12812
12775
12737
12725
12712
12700
12687
12675
12662
12650
12612
12575
12537
12512
12487
12462
12462
12462
12462
12462
12475
12462
12450
12437
12412
12375
12362
12350
12337
12325
12337
12325
12337
12325
12337
12325
12337
12325
12337
12325
12312
12300
12312
12300
12312
12325
12337
12325
12312
12300
12287
12275
12262
12250
12237
12225
12212
12200
12187
12175
12187
12175
12187
12200
12212
12200
12212
12200
12212
12200
12212
12200
12212
12200
12187
12175
12162
12125
12112
12100
12087
12075
12087
12075
12087
12075
12087
12100
12112
12125
12162
12175
12187
12225
12237
12250
12287
12325
12362
12412
12475
12537
12600
12662
12725
12787
12850
12925
13012
13100
13187
13262
13337
13400
13450
13512
13550
13587
13600
13587
13575
13562
13525
13512
13500
13475
13437
13425
13387
13375
13362
13350
13337
13325
13312
13300
13312
13300
13312
13300
13312
13300
13312
13300
13312
13300
13312
13300
13312
13300
13312
13300
13287
13275
13262
13225
13187
13150
13087
13025
12962
12900
12850
12812
12775
12737
12725
12737
12725
12737
12775
12812
12825
12837
12850
12837
12825
12812
12825
12812
12800
12787
12775
12762
12750
12737
12725
12712
12700
12687
12700
12687
12675
12662
12650
12637
12625
12612
12575
12562
12525
12512
12500
12487
12450
12437
12412
12400
12387
12400
12387
12400
12387
12400
12387
12375
12362
12350
12337
12325
12337
12350
12362
12375
12387
12412
12425
12450
12475
12500
12512
12500
12512
12500
12512
12500
12512
12500
12512
12500
12512
12500
12487
12475
12462
12437
12425
12412
12400
12387
12400
12387
12375
12362
12350
12337
12325
12337
12325
12312
12300
12287
12250
12237
12250
12237
12225
12237
12225
12187
12150
12137
12100
12087
12075
12087
12075
12087
12075
12087
12100
12137
12175
12237
12300
12362
12412
12475
12550
12625
12700
12775
12850
12900
12962
13025
13087
13162
13212
13275
13312
13350
13375
13400
13412
13425
13437
13425
13412
13375
13362
13325
13312
13300
13287
13237
13212
13162
13137
13112
13125
13112
13100
13087
13075
13062
13050
13062
13050
13037
13025
13012
12975
12937
12900
12875
12837
12800
12762
12750
12712
12700
12712
12750
12762
12800
12812
12825
12837
12875
12887
12900
12912
12900
12887
12875
12887
12875
12862
12850
12837
12825
12812
12800
12787
12800
12775
12775
12775
12775
12750
12762
12750
12762
12750
12737
12725
12737
12725
12712
12725
12712
12675
12662
12650
12637
12625
12612
12600
12587
12575
12562
12575
12562
12575
12562
12550
12512
12500
12462
12462
12450
12437
12425
12412
12400
12387
12400
12387
12400
12387
12400
12387
12400
12387
12375
12362
12350
12312
12275
12262
12225
12212
12200
12212
12200
12212
12200
12187
12175
12162
12150
12137
12150
12137
12150
12137
12150
12137
12125
12087
12075
12037
12000
11987
11975
11962
11950
11962
11975
12025
12075
12150
12225
12300
12362
12412
12475
12550
12600
12650
12700
12750
12787
12850
12900
12962
13025
13087
13150
13212
13275
13312
13350
13362
13387
13387
13387
13387
13387
13350
13337
13325
13312
13300
13287
13250
13237
13200
13162
13150
13137
13100
13087
13075
13062
13050
13062
13050
13062
13050
13037
13025
13012
13000
12987
12975
12937
12900
12875
12837
12800
12787
12775
12737
12725
12712
12675
12662
12650
12637
12625
12637
12625
12637
12625
12637
12650
12662
12675
12687
12712
12712
12737
12737
12762
12750
12762
12750
12762
12750
12737
12700
12662
12600
12537
12500
12487
12475
12462
12450
12437
12412
12400
12387
12400
12387
12400
12387
12400
12387
12400
12387
12375
12362
12350
12337
12325
12312
12300
12287
12275
12287
12300
12312
12325
12337
12325
12337
12325
12312
12275
12237
12200
12162
12150
12137
12150
12137
12125
12112
12125
12112
12100
12112
12100
12087
12075
12062
12050
12037
12000
11962
11925
11862
11812
11775
11737
11700
11687
11675
11662
11650
11662
11650
11637
11625
11612
11600
11587
11600
11587
11600
11587
11575
11562
11575
11587
11625
11687
11750
11812
11862
11925
12000
12075
12150
12225
12300
12362
12425
12500
12575
12650
12725
12762
12800
12812
12800
12762
12725
12662
12600
12562
12525
12487
12450
12412
12387
12375
12362
12350
12362
12350
12337
12325
12337
12350
12362
12375
12387
12400
12387
12375
12337
12300
12237
12175
12112
12037
11987
11937
11912
11900
11912
11900
11912
11900
11912
11900
11912
11912
11925
11912
11925
11912
11887
11875
11862
11850
11837
11825
11812
11825
11800
11800
11800
11800
11775
11787
11775
11787
11775
11762
11750
11737
11700
11687
11675
11637
11625
11612
11575
11562
11550
11537
11525
11537
11525
11537
11525
11537
11525
11537
11525
11512
11500
11487
11475
11462
11450
11437
11425
11400
11387
11375
11362
11350
11362
11350
11362
11350
11337
11325
11312
11300
11287
11300
11287
11275
11262
11250
11237
11212
11212
11212
11237
11237
11250
11262
11250
11237
11225
11212
11200
11187
11175
11162
11175
11162
11175
11162
11175
11162
11175
11162
11175
11162
11175
11162
11175
11162
11150
11137
11125
11112
11125
11175
11225
11300
11362
11437
11500
11562
11625
11687
11750
11812
11887
11962
12037
12112
12175
12237
12300
12362
12412
12450
12487
12500
12487
12475
12462
12437
12400
12387
12350
12337
12325
12337
12325
12312
12300
12312
12300
12312
12325
12312
12300
12312
12300
12287
12300
12287
12250
12212
12175
12112
12050
11987
11925
11887
11862
11825
11812
11825
11812
11800
11812
11825
11837
11862
11900
11937
11950
11962
11950
11937
11925
11912
11887
11850
11837
11825
11800
11800
11800
11800
11775
11787
11775
11762
11725
11687
11650
11612
11575
11562
11575
11562
11550
11562
11550
11537
11550
11562
11575
11587
11600
11587
11575
11537
11525
11487
11450
11437
11425
11425
11425
11437
11425
11437
11425
11425
11425
11437
11450
11462
11450
11437
11425
11425
11412
11425
11412
11400
11387
11375
11362
11375
11387
11375
11387
11375
11362
11350
11362
11350
11362
11350
11362
11350
11337
11325
11312
11300
11287
11300
11287
11300
11287
11300
11287
11300
11287
11300
11312
11350
11375
11450
11525
11600
11675
11750
11812
11862
11925
11987
12050
12112
12175
12237
12300
12362
12425
12475
12525
12575
12600
12587
12600
12587
12575
12562
12550
12537
12525
12487
12475
12462
12462
12450
12437
12425
12412
12375
12362
12375
12362
12350
12362
12375
12362
12375
12387
12400
12412
12425
12437
12450
12462
12450
12437
12425
12412
12375
12337
12300
12237
12175
12112
12050
11987
11950
11912
11912
11900
11912
11900
11912
11912
11925
11937
11975
11987
12000
12012
12025
12037
12037
12050
12062
12075
12062
12062
12025
12012
11975
11937
11925
11912
11887
11875
11862
11825
11787
11787
11762
11762
11750
11762
11737
11737
11712
11725
11712
11725
11712
11700
11662
11650
11612
11575
11562
11550
11537
11525
11537
11550
11562
11550
11562
11550
11550
11550
11550
11525
11525
11487
11450
11437
11425
11425
11412
11425
11412
11425
11412
11400
11387
11400
11387
11400
11412
11425
11412
11425
11412
11425
11412
11400
11387
11375
11362
11350
11337
11325
11312
11300
11287
11300
11287
11300
11287
11300
11287
11300
11287
11300
11287
11300
11287
11300
11287
11275
11262
11250
11237
11225
11237
11250
11262
11287
11337
11375
11437
11525
11600
11675
11750
11812
11862
11937
12012
12087
12162
12237
12300
12362
12412
12475
12512
12550
12587
12600
12612
12625
12637
12625
12637
12625
12612
12600
12587
12575
12562
12575
12562
12575
12562
12550
12537
12550
12562
12600
12637
12675
12712
12750
12787
12850
12900
12937
12950
12937
12925
12900
12862
12825
12787
12725
12662
12625
12587
12550
12512
12475
12412
12362
12325
12312
12325
12362
12400
12437
12450
12462
12450
12437
12400
12362
12325
12287
12250
12237
12225
12187
12150
12137
12100
12050
12025
12000
11950
11900
11862
11812
11775
11737
11725
11712
11725
11712
11725
11712
11700
11662
11625
11587
11550
11512
11500
11487
11475
11462
11475
11462
11450
11437
11425
11425
11412
11425
11425
11437
11425
11437
11425
11425
11425
11437
11450
11462
11475
11450
11450
11425
11425
11412
11425
11412
11425
11412
11400
11387
11375
11362
11350
11362
11350
11362
11350
11362
11350
11337
11325
11312
11300
11287
11300
11287
11300
11287
11300
11312
11325
11337
11350
11337
11325
11312
11275
11262
11250
11237
11225
11212
11200
11187
11175
11162
11175
11162
11175
11162
11175
11162
11175
11162
11175
11162
11150
11137
11125
11112
11100
11112
11100
11112
11125
11175
11225
11300
11362
11437
11500
11562
11637
11712
11787
11850
11937
12012
12087
12175
12262
12337
12400
12475
12537
12600
12662
12725
12762
12775
12762
12750
12712
12675
12637
12600
12562
12525
12512
12500
12487
12475
12462
12462
12450
12437
12425
12412
12400
12387
12400
12387
12400
12412
12425
12412
12425
12412
12400
12375
12350
12300
12250
12175
12112
12050
11987
11925
11862
11812
11775
11737
11737
11762
11787
11812
11837
11850
11837
11850
11862
11875
11862
11875
11862
11825
11812
11800
11787
11762
11762
11737
11712
11687
11675
11637
11625
11612
11600
11587
11600
11587
11575
11562
11550
11512
11500
11487
11450
11437
11425
11400
11387
11375
11362
11350
11362
11375
11387
11400
11425
11437
11450
11462
11475
11462
11475
11462
11475
11462
11475
11462
11475
11462
11475
11462
11475
11462
11450
11437
11450
11437
11425
11437
11425
11400
11362
11325
11287
11250
11237
11225
11237
11225
11237
11225
11237
11225
11250
11250
11275
11275
11300
11287
11300
11287
11275
11237
11200
11162
11125
11112
11125
11137
11150
11162
11175
11187
11225
11262
11325
11375
11437
11500
11562
11625
11687
11750
11812
11862
11925
11987
12050
12112
12175
12237
12300
12362
12412
12475
12512
12550
12562
12575
12562
12575
12562
12550
12512
12475
12437
12412
12400
12387
12375
12362
12350
12337
12350
12362
12350
12375
12375
12375
12375
12400
12412
12425
12437
12450
12462
12450
12437
12400
12362
12300
12237
12200
12162
12125
12087
12075
12037
12000
11987
11975
11962
11950
11962
11975
11987
12000
12012
12025
12012
12025
12012
12025
12012
12000
11987
11975
11962
11950
11937
11900
11887
11862
11825
11812
11787
11762
11762
11762
11737
11750
11737
11700
11687
11675
11662
11675
11687
11700
11700
11700
11675
11650
11625
11612
11600
11587
11575
11562
11550
11537
11525
11512
11500
11512
11500
11512
11525
11537
11550
11562
11550
11562
11550
11537
11525
11537
11525
11537
11525
11537
11525
11537
11550
11587
11600
11637
11675
11687
11700
11737
11750
11762
11800
11812
11825
11837
11850
11862
11875
11862
11850
11812
11750
11687
11650
11612
11600
11587
11600
11575
11587
11575
11587
11575
11600
11612
11650
11662
11700
11750
11800
11850
11950
12050
12137
12225
12300
12362
12412
12475
12537
12600
12662
12725
12762
12775
12762
12750
12712
12675
12637
12600
12562
12525
12487
12475
12462
12462
12462
12475
12487
12500
12512
12500
12487
12450
12412
12387
12350
12312
12300
12287
12250
12212
12175
12137
12100
12062
12050
12037
12000
11987
11975
11962
11975
11987
12000
12037
12075
12112
12175
12237
12275
12287
12275
12237
12175
12112
12050
12012
11975
11937
11925
11912
11887
11875
11862
11850
11837
11825
11787
11750
11687
11650
11637
11662
11725
11862
12037
12275
12550
12862
13187
13537
13887
14225
14562
14900
15212
15525
15837
16150
16437
16737
17000
17250
17437
17612
17750
17862
17962
18087
18200
18325
18462
18512
18487
18475
18412
18312
18287
18312
18325
18375
18450
18537
18600
18650
18700
18725
18712
18700
18687
18650
18625
18600
18537
18462
18400
18312
18212
18125
18062
17975
17875
17775
17662
17537
17425
17300
17175
17050
16937
16800
16650
16500
16350
16175
16012
15862
15700
15550
15400
15262
15112
14962
14812
14650
14500
14362
14225
14087
13962
13825
13700
13575
13462
13337
13237
13125
13012
12900
12800
12700
12587
12487
12375
12287
12200
12125
12050
11987
11925
11862
11812
11775
11762
11775
11812
11875
11962
12050
12137
12237
12325
12412
12512
12637
12750
12875
13025
13187
13350
13550
13775
14000
14262
14512
14762
15000
15250
15462
15662
15862
16037
16187
16325
16450
16525
16425
16212
15975
15725
15512
15462
15525
15625
15725
15812
15887
15937
15950
15937
15900
15825
15750
15675
15600
15512
15437
15350
15262
15175
15087
15012
14937
14875
14775
14687
14575
14462
14337
14212
14075
13962
13837
13737
13637
13537
13437
13387
13362
13362
13400
13450
13512
13550
13587
13600
13587
13550
13512
13450
13425
13375
13325
13275
13200
13100
13012
12925
12850
12775
12700
12625
12537
12437
12337
12250
12137
12037
11937
11850
11762
11662
11550
11450
11337
11237
11125
11025
10912
10812
10725
10625
10525
10425
10325
10237
10150
10037
9925
9812
9712
9625
9550
9475
9400
9325
9237
9162
9087
9012
8937
8862
8812
8750
8725
8687
8662
8637
8625
8612
8600
8612
8600
8587
8550
8512
8475
8437
8425
8400
8400
8375
8350
8325
8312
8275
8262
8275
8262
8250
8237
8225
8200
8187
8175
8187
8175
8162
8150
8137
8125
8112
8125
8112
8100
8087
8100
8087
8075
8062
8050
8012
7975
7962
7950
7937
7925
7912
7900
7887
7875
7887
7900
7912
7925
7937
7925
7937
7950
7962
7975
7987
8000
8012
8025
8012
8025
8037
8025
8037
8050
8062
8050
8062
8075
8087
8100
8137
8150
8137
8150
8162
8150
8137
8150
8137
8125
8112
8125
8112
8100
8100
8100
8075
8075
8075
8062
8075
8087
8100
8112
8125
8112
8125
8112
8125
8112
8125
8112
8125
8112
8137
8137
8162
8162
8187
8175
8200
8200
8225
8225
8250
8237
8250
8237
8250
8237
8250
8237
8250
8237
8225
8212
8200
8187
8175
8187
8200
8225
8262
8325
8387
8450
8512
8575
8612
8650
8687
8725
8750
8812
8875
8950
9025
9100
9175
9250
9287
9300
9287
9250
9212
9175
9137
9100
9087
9050
9012
9000
8987
8975
8962
8950
8937
8950
8937
8950
8962
8975
8987
9000
9012
9025
9037
9025
9037
9025
9037
9025
9012
8962
8912
8837
8750
8700
8650
8600
8575
8600
8600
8625
8675
8700
8712
8725
8712
8700
8687
8675
8662
8650
8650
8675
8675
8675
8700
8687
8650
8612
8600
8562
8550
8537
8512
8487
8462
8437
8412
8425
8412
8425
8437
8475
8487
8525
8537
8550
8537
8525
8512
8500
8487
8475
8487
8475
8487
8475
8487
8462
8462
8437
8437
8412
8425
8412
8400
8387
8400
8387
8400
8412
8425
8412
8425
8412
8425
8412
8400
8387
8375
8337
8325
8312
8300
8287
8300
8287
8300
8287
8275
8262
8275
8262
8275
8287
8300
8287
8300
8287
8300
8287
8300
8275
8275
8250
8225
8187
8175
8137
8125
8137
8175
8187
8225
8250
8287
8325
8387
8450
8512
8575
8637
8700
8750
8812
8875
8937
9000
9062
9125
9162
9200
9237
9250
9262
9275
9262
9250
9237
9200
9187
9175
9137
9100
9087
9050
9037
9025
9037
9050
9062
9075
9087
9100
9087
9100
9087
9100
9087
9075
9037
9025
8987
8950
8912
8875
8812
8775
8750
8737
8725
8737
8725
8737
8725
8737
8750
8762
8775
8787
8800
8800
8812
8825
8837
8850
8837
8850
8862
8875
8862
8875
8862
8825
8787
8775
8750
8737
8725
8712
8700
8687
8650
8637
8625
8612
8625
8637
8650
8662
8650
8637
8625
8612
8600
8587
8575
8562
8550
8537
8525
8512
8500
8487
8475
8487
8475
8487
8500
8512
8525
8537
8550
8537
8550
8537
8550
8537
8525
8512
8500
8487
8475
8462
8450
8437
8425
8412
8425
8412
8425
8412
8400
8387
8400
8387
8400
8412
8400
8387
8400
8387
8400
8412
8425
8412
8425
8412
8425
8412
8425
8412
8425
8437
8475
8512
8575
8637
8700
8750
8825
8900
8975
9050
9125
9187
9250
9287
9325
9350
9387
9400
9437
9475
9487
9500
9512
9500
9487
9462
9412
9387
9362
9325
9312
9300
9287
9275
9287
9300
9312
9300
9312
9300
9287
9275
9287
9300
9312
9300
9312
9300
9262
9250
9237
9200
9162
9150
9112
9075
9037
9000
8962
8925
8887
8875
8862
8850
8837
8850
8837
8850
8862
8875
8887
8925
8962
8975
9012
9050
9062
9075
9087
9075
9037
9025
8987
8950
8937
8925
8912
8900
8887
8875
8862
8850
8837
8825
8812
8825
8812
8800
8812
8800
8775
8737
8725
8687
8675
8662
8675
8662
8675
8687
8700
8712
8725
8737
8725
8712
8700
8687
8675
8662
8650
8637
8625
8612
8600
8612
8587
8587
8562
8562
8537
8550
8562
8575
8587
8600
8612
8600
8587
8575
8562
8512
8500
8512
8500
8512
8537
8525
8512
8500
8462
8450
8437
8425
8412
8425
8412
8425
8437
8450
8462
8500
8512
8525
8562
8600
8637
8700
8750
8812
8875
8937
9012
9062
9112
9162
9225
9262
9337
9387
9450
9500
9550
9575
9625
9662
9675
9662
9650
9637
9600
9562
9525
9512
9475
9437
9425
9412
9400
9387
9400
9412
9450
9462
9500
9512
9525
9512
9500
9487
9462
9437
9412
9387
9325
9300
9262
9212
9187
9175
9137
9125
9112
9100
9087
9075
9062
9075
9062
9075
9087
9100
9087
9100
9112
9125
9137
9150
9162
9175
9187
9175
9187
9175
9137
9125
9112
9075
9037
9000
8962
8925
8912
8900
8912
8900
8912
8900
8912
8900
8912
8900
8887
8875
8862
8825
8812
8800
8775
8762
8775
8762
8775
8800
8812
8825
8862
8875
8887
8900
8912
8900
8912
8900
8912
8900
8887
8875
8887
