t = 60.000000, p = 520.000000
17150
17225
17300
17362
17425
17500
17562
17637
17725
17787
17850
17912
17975
18000
18050
18087
18125
18150
18212
18250
18262
18287
18312
18312
18337
18362
18375
18362
18375
18362
18375
18362
18375
18362
18375
18362
18375
18362
18375
18362
18375
18362
18350
18337
18325
18287
18250
18212
18150
18100
18037
17975
17912
17875
17825
17775
17712
17675
17612
17600
17575
17587
17575
17587
17575
17587
17575
17587
17600
17612
17625
17637
17650
17637
17625
17612
17600
17587
17575
17562
17525
17512
17475
17437
17400
17387
17350
17312
17300
17275
17225
17200
17175
17162
17162
17175
17187
17237
17262
17287
17337
17362
17375
17387
17400
17375
17350
17300
17250
17175
17112
17062
17000
16962
16925
16912
16900
16912
16925
16962
17000
17062
17112
17175
17237
17262
17262
17237
17187
17137
17100
17050
17000
16950
16875
16837
16800
16787
16800
16812
16825
16837
16825
16812
16800
16787
16775
16787
16775
16787
16800
16812
16825
16837
16850
16837
16862
16862
16862
16862
16862
16850
16837
16825
16812
16800
16762
16725
16687
16625
16562
16537
16500
16462
16450
16462
16475
16487
16525
16562
16600
16650
16725
16800
16875
16937
17000
17062
17112
17187
17262
17350
17437
17525
17625
17725
17812
17900
17987
18037
18100
18137
18150
18150
18150
18112
18100
18087
18075
18062
18050
18037
18050
18037
18050
18062
18075
18087
18100
18112
18150
18175
18187
18237
18262
18287
18287
18325
18325
18350
18375
18387
18400
18412
18425
18412
18437
18425
18412
18400
18387
18350
18312
18300
18262
18250
18237
18250
18237
18250
18237
18225
18187
18150
18087
18012
17937
17862
17775
17700
17625
17537
17462
17387
17312
17237
17200
17150
17137
17137
17150
17150
17187
17237
17287
17337
17425
17512
17575
17650
17700
17737
17750
17737
17700
17662
17600
17550
17487
17425
17362
17300
17237
17200
17162
17137
17125
17112
17100
17087
17100
17112
17125
17137
17150
17137
17125
17112
17100
17087
17100
17087
17075
17062
17050
17037
17025
17012
17000
16987
16950
16937
16925
16912
16900
16887
16875
16887
16875
16887
16900
16912
16887
16887
16862
16837
16825
16812
16800
16787
16800
16775
16787
16775
16787
16775
16800
16800
16800
16800
16800
16787
16762
16762
16737
16712
16687
16675
16637
16625
16612
16612
16600
16612
16600
16612
16600
16612
16612
16625
16637
16650
16662
16650
16637
16625
16612
16612
16600
16612
16600
16587
16575
16562
16525
16512
16500
16487
16475
16487
16475
16462
16450
16437
16425
16412
16425
16412
16425
16412
16425
16437
16475
16512
16562
16625
16662
16700
16737
16750
16762
16775
16787
16775
16787
16800
16812
16837
16862
16887
16912
16962
17000
17062
17112
17175
17237
17300
17362
17425
17487
17550
17600
17662
17725
17800
17887
17975
18062
18137
18212
18275
18337
18400
18462
18525
18562
18600
18612
18600
18587
18575
18537
18487
18437
18362
18312
18262
18225
18187
18175
18137
18087
18037
18012
17962
17925
17912
17900
17862
17862
17862
17862
17887
17912
17925
17962
18000
18037
18075
18112
18125
18137
18125
18112
18075
18037
17962
17887
17837
17775
17712
17662
17612
17550
17512
17462
17412
17362
17337
17287
17250
17212
17200
17162
17137
17125
17137
17125
17137
17150
17162
17162
17200
17212
17262
17312
17337
17362
17425
17450
17475
17500
17525
17512
17525
17512
17500
17487
17462
17412
17350
17287
17200
17125
17087
17050
17012
16975
16925
16875
16825
16800
16775
16787
16775
16787
16800
16837
16850
16887
16925
16937
16950
16962
16975
16962
16975
16962
16950
16937
16925
16887
16875
16862
16825
16812
16800
16762
16750
16737
16725
16712
16725
16712
16700
16687
16675
16662
16650
16662
16650
16637
16600
16587
16562
16550
16537
16550
16537
16550
16537
16550
16537
16550
16537
16550
16537
16550
16537
16525
16525
16525
16500
16500
16487
16462
16437
16437
16412
16425
16412
16400
16387
16375
16362
16350
16362
16350
16362
16337
16337
16312
16312
16312
16325
16337
16350
16362
16350
16362
16350
16362
16350
16375
16375
16400
16425
16475
16487
16537
16575
16625
16675
16750
16812
16887
16975
17062
17162
17262
17350
17437
17512
17575
17650
17700
17737
17775
17787
17800
17812
17825
17812
17825
17837
17875
17887
17925
17962
17975
18000
18012
18037
18037
18062
18050
18075
18050
18062
18050
18062
18050
18075
18062
18075
18062
18075
18062
18050
18012
17975
17912
17850
17787
17725
17662
17600
17550
17487
17425
17350
17275
17200
17150
17112
17075
17062
17050
17037
17050
17062
17075
17112
17125
17137
17150
17162
17150
17162
17150
17137
17100
17087
17050
17012
17000
16987
16950
16937
16925
16875
16850
16850
16825
16800
16812
16787
16762
16737
16712
16687
16675
16662
16650
16662
16650
16662
16650
16662
16650
16662
16650
16637
16625
16637
16625
16612
16625
16612
16612
16600
16587
16575
16562
16550
16537
16550
16537
16550
16537
16550
16525
16537
16525
16537
16525
16550
16537
16550
16537
16525
16512
16500
16487
16475
16487
16475
16500
16500
16525
16525
16550
16537
16550
16537
16550
16537
16550
16537
16525
16512
16500
16462
16462
16462
16437
16450
16462
16437
16437
16437
16425
16412
16387
16362
16337
16312
16287
16275
16262
16250
16237
16250
16262
16275
16312
16350
16387
16462
16525
16600
16650
16712
16762
16825
16887
16987
17062
17150
17225
17312
17387
17462
17537
17600
17637
17675
17687
17700
17687
17700
17687
17675
17662
17675
17650
17662
17675
17687
17675
17700
17687
17712
17712
17737
17737
17762
17775
17787
17800
17812
17825
17812
17837
17837
17862
17850
17875
17862
17850
17812
17825
17787
17750
17712
17675
17600
17550
17487
17425
17362
17300
17237
17175
17112
17087
17050
17012
17000
17012
17000
17012
17025
17037
17050
17062
17075
17087
17100
17087
17075
17062
17050
17037
17025
17037
17025
17012
17012
17000
16962
16950
16937
16887
16875
16862
16825
16812
16800
16787
16775
16762
16750
16737
16725
16712
16700
16687
16675
16662
16650
16662
16650
16662
16650
16662
16650
16662
16650
16662
16650
16662
16650
16637
16600
16587
16562
16525
16512
16500
16487
16475
16462
16450
16437
16425
16412
16425
16412
16425
16412
16400
16387
16400
16387
16375
16387
16375
16362
16350
16362
16350
16362
16350
16337
16325
16312
16300
16312
16325
16312
16325
16312
16300
16287
16275
16262
16250
16237
16225
16237
16225
16237
16212
16212
16212
16200
16187
16212
16212
16212
16225
16237
16250
16287
16300
16337
16375
16412
16450
16512
16562
16625
16687
16750
16812
16887
16975
17050
17137
17225
17300
17362
17425
17487
17550
17600
17637
17675
17712
17725
17737
17750
17762
17750
17762
17750
17762
17775
17787
17812
17837
17862
17862
17887
17900
17937
17950
17987
18000
18012
18025
18037
18050
18062
18050
18037
18025
18012
18000
17975
17950
17925
17900
17875
17862
17825
17787
17725
17662
17600
17550
17487
17425
17362
17300
17237
17175
17112
17062
17025
16987
16975
16962
16975
16987
17000
16987
17000
17012
17000
16987
17000
16987
16950
16937
16925
16887
16875
16850
16825
16800
16800
16775
16762
16750
16737
16700
16687
16675
16662
16650
16637
16625
16612
16587
16550
16537
16500
16487
16475
16487
16500
16512
16525
16537
16562
16562
16562
16562
16562
16525
16487
16475
16437
16400
16387
16362
16350
16337
16350
16337
16362
16350
16362
16337
16337
16312
16312
16287
16300
16287
16300
16287
16275
16262
16275
16262
16275
16287
16300
16287
16275
16262
16275
16250
16250
16250
16250
16225
16237
16225
16237
16225
16237
16225
16237
16225
16237
16225
16237
16225
16237
16225
16237
16250
16262
16275
16312
16325
16337
16350
16362
16375
16387
16400
16412
16400
16400
16400
16375
16375
16400
16387
16375
16387
16400
16387
16400
16412
16425
16412
16425
16412
16400
16387
16375
16362
16350
16337
16325
16312
16275
16262
16250
16237
16225
16237
16225
16237
16250
16262
16287
16337
16387
16437
16512
16562
16637
16712
16787
16862
16937
17000
17062
17112
17175
17237
17300
17362
17425
17487
17550
17600
17637
17675
17712
17725
17737
17775
17787
17800
17812
17837
17837
17862
17862
17887
17875
17887
17875
17887
17900
17912
17937
17962
17962
17962
17962
17950
17962
17975
17962
17975
17962
17950
17937
17925
17912
17900
17887
17875
17887
17875
17862
17825
17787
17725
17662
17587
17525
17450
17375
17300
17237
17162
17112
17075
17025
17012
17012
17012
17012
17037
17050
17062
17075
17087
17100
17087
17075
17062
17050
17037
17025
17012
17000
16987
16975
16962
16950
16937
16925
16887
16875
16862
16850
16837
16825
16812
16800
16787
16775
16787
16775
16762
16750
16725
16712
16700
16712
16700
16700
16687
16675
16662
16650
16662
16650
16662
16650
16662
16650
16662
16675
16687
16700
16712
16725
16712
16725
16737
16750
16762
16775
16762
16750
16737
16725
16712
16700
16687
16675
16662
16650
16637
16600
16587
16562
16550
16537
16550
16537
16525
16525
16512
16512
16512
16512
16500
16500
16487
16475
16487
16462
16475
16462
16475
16462
16487
16475
16462
16450
16437
16425
16400
16400
16375
16350
16325
16312
16300
16287
16300
16287
16275
16262
16250
16237
16225
16237
16225
16237
16225
16237
16225
16237
16225
16237
16225
16237
16225
16237
16225
16237
16225
16237
16225
16212
16200
16212
16200
16212
16225
16237
16212
16212
16187
16187
16162
16175
16162
16175
16162
16150
16137
16125
16087
16087
16087
16087
16087
16112
16100
16112
16125
16125
16125
16150
16175
16200
16262
16325
16400
16475
16550
16637
16725
16800
16875
16937
17000
17062
17137
17237
17337
17437
17512
17562
17600
17625
17662
17700
17737
17775
17787
17800
17812
17800
17787
17800
17787
17800
17837
17850
17875
17900
17925
17950
18000
18012
18050
18062
18050
18037
18025
17987
17950
17937
17900
17850
17787
17725
17625
17525
17450
17375
17300
17237
17200
17162
17137
17125
17112
17100
17112
17137
17150
17187
17225
17237
17262
17287
17312
17312
17337
17325
17337
17325
17300
17275
17250
17225
17200
17187
17150
17112
17087
17050
17012
16975
16937
16900
16862
16825
16812
16800
16787
16775
16762
16750
16762
16750
16762
16775
16787
16775
16787
16775
16787
16775
16787
16775
16787
16775
16800
16800
16825
16825
16850
16837
16850
16837
16850
16837
16850
16862
16875
16862
16875
16887
16875
16887
16900
16912
16900
16912
16900
16912
16900
16887
16875
16862
16850
16837
16825
16812
16825
16812
16800
16812
16800
16787
16775
16762
16725
16712
16675
16662
16650
16662
16650
16637
16625
16612
16612
16600
16612
16600
16587
16575
16562
16525
16512
16500
16462
16450
16437
16400
16387
16375
16362
16350
16362
16350
16337
16325
16312
16300
16287
16300
16287
16300
16287
16300
16287
16300
16287
16300
16287
16300
16287
16275
16262
16237
16212
16187
16187
16162
16175
16162
16175
16162
16175
16187
16225
16237
16275
16312
16325
16337
16350
16362
16375
16387
16400
16412
16425
16437
16475
16512
16562
16625
16687
16750
16812
16875
16937
17000
17062
17112
17175
17237
17300
17362
17425
17487
17550
17600
17637
17687
17712
17737
17762
17812
17850
17912
17950
17962
17987
17987
17962
17962
17962
17925
17912
17900
17887
17875
17887
17875
17862
17850
17862
17850
17837
17850
17837
17825
17812
17825
17812
17825
17812
17825
17812
17825
17800
17800
17775
17750
17700
17662
17600
17550
17487
17425
17362
17300
17237
17200
17162
17137
17100
17062
17025
16987
16975
16962
16975
16962
16975
16962
16975
16962
16975
16962
16950
16937
16950
16937
16925
16937
16925
16912
16900
16887
16875
16862
16850
16825
16825
16800
16775
16750
16737
16700
16687
16662
16637
16612
16587
16575
16562
16525
16512
16500
16462
16450
16437
16425
16412
16425
16412
16425
16412
16425
16412
16400
16387
16375
16362
16350
16375
16375
16400
16400
16400
16387
16375
16337
16325
16312
16275
16237
16225
16187
16150
16137
16125
16112
16100
16112
16100
16112
16100
16112
16100
16112
16100
16112
16100
16112
16100
16112
16125
16137
16150
16162
16175
16162
16150
16150
16150
16125
16100
16100
16087
16062
16062
16062
16025
16000
15975
15950
15925
15937
15925
15937
15925
15937
15925
15937
15925
15937
15925
15937
15925
15937
15925
15937
15925
15937
15925
15937
15925
15912
15900
15887
15875
15862
15875
15862
15875
15850
15862
15837
15837
15812
15825
15800
15812
15800
15812
15800
15787
15775
15787
15775
15762
15775
15787
15775
15787
15800
15812
15825
15862
15900
15962
16012
16075
16150
16237
16325
16412
16500
16562
16625
16700
16787
16850
16925
17000
17037
17075
17112
17137
17150
17200
17212
17225
17237
17225
17225
17225
17250
17250
17275
17262
17250
17250
17237
17237
17262
17275
17275
17312
17312
17312
17325
17337
17350
17362
17350
17337
17287
17237
17187
17125
17075
17025
16950
16900
16862
16825
16787
16750
16687
16625
16562
16537
16525
16512
16525
16537
16550
16537
16550
16537
16550
16537
16525
16512
16500
16487
16475
16487
16475
16462
16450
16437
16400
16387
16375
16337
16325
16312
16275
16262
16250
16237
16225
16237
16225
16212
16200
16187
16175
16162
16175
16150
16125
16100
16100
16100
16112
16125
16150
16150
16150
16150
16150
16112
16112
16087
16062
16037
16037
16012
15975
15962
15950
15937
15925
15937
15925
15912
15900
15912
15900
15912
15925
15912
15900
15887
15850
15837
15825
15812
15800
15812
15800
15787
15775
15787
15775
15762
15775
15762
15750
15737
15750
15737
15725
15712
15700
15687
15675
15662
15650
15662
15637
15637
15662
15662
15637
15650
15662
15650
15637
15650
15637
15625
15612
15625
15612
15600
15587
15575
15575
15562
15550
15550
15550
15525
15525
15525
15512
15500
15525
15512
15525
15537
15550
15550
15575
15612
15650
15725
15800
15875
15950
16037
16125
16212
16300
16387
16475
16562
16650
16737
16812
16875
16937
16975
17012
17025
17037
17050
17062
17075
17087
17100
17087
17100
17087
17100
17087
17100
17087
17112
17112
17137
17137
17162
17150
17162
17150
17162
17150
17162
17150
17162
17150
17137
17125
17112
17075
17062
17050
17012
16975
16937
16900
16862
16825
16787
16750
16687
16625
16562
16512
16475
16437
16425
16412
16425
16412
16425
16437
16450
16462
16475
16487
16475
16487
16475
16487
16475
16487
16462
16462
16437
16437
16412
16425
16412
16425
16412
16400
16387
16375
16337
16325
16312
16300
16287
16275
16262
16250
16212
16200
16187
16150
16137
16125
16087
16075
16062
16062
16050
16037
16025
16012
16000
15987
16000
15987
16000
15987
16000
15987
16000
15987
15975
15962
15975
15962
15950
15962
15975
15962
15950
15962
15950
15912
15900
15887
15850
15837
15825
15787
15775
15762
15750
15737
15750
15737
15750
15737
15750
15737
15750
15737
15750
15737
15750
15737
15750
15737
15725
15712
15700
15687
15675
15687
15675
15687
15675
15687
15675
15662
15650
15637
15625
15612
15600
15587
15575
15575
15562
15575
15562
15575
15562
15575
15562
15575
15562
15575
15562
15550
15550
15550
15550
15550
15575
15575
15587
15600
15637
15675
15712
15775
15837
15912
15975
16062
16150
16237
16312
16387
16450
16512
16562
16625
16700
16750
16800
16850
16875
16887
16925
16937
16950
16962
16975
16987
17025
17037
17075
17112
17125
17137
17150
17137
17137
17137
17137
17137
17162
17150
17162
17150
17137
17125
17112
17100
17087
17075
17062
17050
17012
16975
16937
16875
16812
16775
16725
16675
16625
16575
16512
16450
16412
16375
16362
16350
16362
16350
16375
16375
16400
16400
16425
16412
16425
16412
16400
16387
16375
16337
16325
16312
16300
16287
16300
16287
16275
16262
16250
16237
16225
16212
16200
16187
16150
16137
16125
16112
16100
16087
16075
16062
16062
16050
16037
16025
16012
15975
15962
15950
15937
15925
15937
15925
15937
15925
15937
15925
15912
15900
15887
15875
15862
15875
15862
15875
15862
15875
15862
15875
15862
15875
15862
15850
15837
15850
15837
15825
15837
15825
15787
15775
15762
15725
15712
15700
15662
15625
15612
15600
15612
15625
15662
15700
15712
15700
15712
15700
15687
15675
15687
15675
15687
15675
15662
15650
15637
15625
15612
15625
15612
15600
15587
15575
15575
15562
15575
15562
15575
15562
15575
15575
15575
15575
15575
15575
15575
15612
15625
15662
15700
15737
15775
15850
15925
16000
16087
16175
16250
16325
16387
16462
16525
16600
16675
16762
16812
16862
16912
16962
16975
17012
17025
17037
17025
17012
17000
16987
16975
16962
16975
16962
16975
16962
16975
16987
17000
17025
17050
17075
17075
17100
17087
17100
17087
17100
17112
17125
17112
17125
17112
17075
17037
17000
16937
16875
16812
16750
16687
16625
16562
16512
16450
16387
16325
16287
16250
16237
16225
16237
16225
16250
16275
16287
16300
16337
16337
16337
16350
16362
16350
16337
16325
16312
16300
16287
16275
16262
16250
16212
16200
16187
16175
16162
16150
16137
16125
16112
16100
16112
16100
16087
16075
16062
16037
16025
16012
16000
16012
16025
16037
16050
16062
16050
16037
16025
16012
15975
15937
15925
15887
15875
15862
15850
15837
15825
15812
15825
15862
15900
15962
16012
16050
16100
16150
16175
16162
16175
16150
16100
16050
16000
15937
15862
15787
15737
15700
15662
15625
15612
15600
15587
15600
15637
15650
15662
15700
15712
15737
15787
15812
15837
15887
15925
15937
15975
15975
15975
15950
15950
15925
15937
15925
15912
15875
15837
15775
15712
15675
15637
15600
15587
15575
15575
15562
15575
15575
15612
15625
15675
15725
15775
15837
15925
15987
16062
16137
16212
16287
16362
16450
16525
16575
16637
16700
16750
16800
16875
16912
16950
16987
17025
17037
17075
17087
17075
17062
17050
17012
17000
16987
16975
16987
16987
17000
17037
17075
17100
17150
17187
17200
17212
17225
17262
17275
17287
17300
17312
17300
17287
17275
17237
17175
17112
17087
17037
16987
16937
16887
16800
16750
16700
16637
16600
16562
16537
16500
16475
16450
16437
16400
16400
16400
16375
16387
16400
16400
16400
16425
16437
16450
16462
16500
16512
16525
16537
16550
16537
16525
16512
16500
16462
16425
16412
16375
16337
16325
16312
16275
16262
16250
16237
16225
16237
16225
16237
16225
16237
16225
16237
16225
16237
16225
16237
16225
16237
16225
16200
16187
16175
16162
16150
16150
16137
16125
16087
16075
16062
16025
16012
16000
15987
16000
16025
16037
16050
16062
16050
16062
16050
16062
16050
16062
16050
16062
16050
16062
16050
16037
16025
16012
16000
15987
15975
15937
15925
15887
15850
15850
15850
15825
15825
15825
15825
15812
15825
15812
15825
15800
15825
15825
15850
15850
15875
15862
15850
15837
15825
15812
15800
15812
15800
15812
15787
15800
15787
15775
15737
15737
15725
15700
15700
15725
15725
15725
15762
15812
15837
15900
15962
16037
16100
16187
16262
16325
16400
16475
16537
16612
16687
16750
16812
16875
16937
17000
17062
17112
17150
17187
17200
17212
17200
17212
17200
17212
17200
17212
17200
17212
17200
17212
17200
17212
17225
17237
17250
17287
17300
17312
17350
17362
17350
17362
17375
17362
17350
17362
17350
17337
17325
17312
17275
17237
17175
17112
17062
17000
16937
16875
16812
16750
16712
16662
16637
16612
16587
16587
16575
16562
16550
16562
16562
16575
16587
16612
16625
16637
16650
16662
16650
16637
16625
16612
16612
16600
16587
16575
16562
16550
16537
16525
16512
16500
16462
16425
16412
16375
16337
16325
16312
16300
16287
16275
16262
16250
16237
16225
16237
16225
16237
16225
16237
16225
16237
16225
16237
16225
16237
16225
16212
16200
16187
16175
16162
16175
16162
16150
16112
16100
16062
16037
16037
16025
16012
16000
16012
15987
16000
15987
16000
15987
16000
15987
15975
15962
15950
15937
15925
15937
15925
15937
15925
15912
15912
15912
15887
15887
15887
15875
15862
15875
15862
15850
15837
15825
15812
15800
15812
15800
15787
15775
15787
15775
15787
15800
15812
15787
15787
15787
15812
15837
15900
15962
16012
16075
16137
16200
16275
16325
16387
16450
16512
16550
16625
16687
16750
16812
16875
16937
17000
17062
17112
17150
17187
17200
17212
17200
17212
17200
17212
17200
17225
17225
17225
17237
17250
17250
17250
17275
17287
17300
17312
17325
17337
17350
17362
17375
17387
17375
17362
17350
17312
17275
17237
17175
17112
17062
17000
16937
16875
16812
16750
16687
16650
16612
16587
16550
16537
16500
16500
16525
16550
16575
16600
16612
16612
16625
16612
16625
16612
16612
16600
16587
16575
16562
16525
16525
16525
16500
16475
16475
16437
16400
16362
16350
16312
16275
16262
16275
16262
16275
16287
16275
16262
16250
16237
16225
16237
16225
16237
16225
16212
16200
16187
16175
16162
16175
16162
16150
16137
16125
16112
16100
16112
16100
16112
16100
16112
16100
16112
16100
16112
16100
16112
16100
16087
16075
16062
16062
16037
16050
16037
16050
16025
16037
16012
16012
15987
16000
15987
15975
15975
15975
15975
15975
15975
15962
15950
15937
15925
15937
15925
15937
15925
15937
15912
15925
15912
15925
15912
15937
15925
15912
15912
15912
15912
15912
15937
15925
15912
15912
15912
15912
15912
15937
15925
15937
15925
15937
15925
15912
15900
15887
15875
15862
15875
15862
15837
15812
15787
15775
15762
15787
15787
15812
15800
15787
15775
15787
15775
15787
15800
15812
15837
15887
15912
15975
16037
16100
16175
16275
16362
16437
16512
16562
16625
16687
16750
16825
16900
16950
17000
17050
17087
17112
17175
17212
17250
17262
17275
17262
17275
17262
17275
17262
17275
17262
17250
17250
17250
17250
17250
17275
17287
17300
17312
17350
17362
17387
17400
17425
17425
17450
17437
17462
17450
17462
17450
17462
17450
17437
17400
17387
17350
17312
17300
17287
17250
17212
17175
17137
17112
17075
17037
16987
16912
16837
16762
16687
16625
16600
16587
16587
16587
16612
16612
16625
16637
16650
16662
16650
16662
16650
16662
16650
16662
16650
16637
16625
16612
16612
16600
16587
16575
16562
16550
16537
16525
16487
16475
16437
16425
16412
16425
16412
16400
16387
16375
16337
16337
16337
16337
16337
16337
16325
16337
16325
16312
16325
16312
16300
16287
16300
16287
16300
16287
16300
16287
16300
16275
16275
16250
16250
16225
16212
16200
16187
16175
16162
16175
16162
16175
16162
16175
16162
16150
16137
16125
16112
16100
16112
16100
16087
16087
16087
16062
16062
16062
16037
16025
16012
16000
16012
16012
16012
16012
16012
15987
16000
15987
16000
15987
15975
15962
15975
15962
15975
15987
16000
15987
16000
15987
16000
15987
16000
15987
15975
15962
15950
15937
15925
15937
15925
15912
15900
15887
15875
15862
15875
15862
15875
15862
15875
15862
15875
15862
15875
15862
15875
15862
15875
15862
15875
15862
15875
15862
15875
15887
15900
15912
15950
15987
16012
16075
16137
16200
16262
16325
16400
16475
16550
16637
16725
16800
16875
16937
17000
17062
17112
17175
17237
17275
17312
17350
17362
17375
17387
17400
17412
17450
17462
17500
17512
17525
17512
17525
17537
17550
17562
17575
17587
17575
17587
17575
17562
17525
17487
17450
17412
17375
17337
17300
17237
17175
17112
17062
16987
16937
16875
16812
16750
16725
16675
16662
16675
16687
16700
16712
16725
16712
16725
16712
16725
16712
16725
16712
16725
16712
16700
16687
16675
16662
16650
16637
16625
16612
16612
16600
16587
16575
16562
16550
16537
16525
16512
16500
16462
16425
16412
16375
16362
16350
16337
16325
16312
16300
16287
16300
16287
16300
16287
16300
16287
16275
16262
16250
16237
16225
16237
16225
16237
16212
16212
16187
16187
16162
16175
16150
16150
16125
16125
16100
16087
16075
16062
16037
16025
16037
16025
16037
16050
16037
16025
16012
16000
15987
16000
15987
16000
15987
16000
15987
15975
15962
15950
15937
15925
15912
15900
15887
15875
15862
15875
15862
15850
15837
15850
15837
15825
15837
15850
15837
15850
15862
15875
15862
15875
15862
15875
15862
15875
15862
15875
15862
15850
15837
15825
15787
15775
15762
15750
15737
15750
15737
15750
15737
15750
15737
15750
15762
15775
15787
15800
15812
15800
15812
15837
15887
15937
16012
16100
16175
16250
16325
16387
16462
16525
16600
16675
16762
16837
16912
16987
17062
17125
17175
17225
17250
17275
17287
17300
17312
17325
17312
17300
17312
17300
17312
17325
17337
17325
17337
17350
17362
17375
17387
17400
17412
17425
17437
17475
17487
17500
17537
17550
17562
17575
17587
17575
17562
17512
17500
17450
17425
17400
17387
17337
17300
17237
17175
17112
17062
17000
16937
16875
16812
16750
16712
16675
16637
16625
16637
16625
16637
16675
16687
16700
16737
16750
16762
16800
16800
16800
16800
16775
16750
16737
16700
16687
16675
16637
16600
16587
16562
16550
16537
16550
16537
16525
16512
16500
16487
16475
16487
16475
16487
16475
16487
16475
16487
16462
16462
16437
16412
16387
16400
16387
16375
16387
16375
16362
16350
16337
16325
16312
16300
16287
16300
16287
16275
16262
16250
16237
16225
16237
16225
16237
16225
16237
16225
16237
16225
16212
16200
16212
16200
16187
16200
16187
16175
16162
16175
16150
16150
16125
16125
16100
16087
16087
16075
16062
16050
16037
16025
16012
16000
16012
16025
16012
16025
16012
16000
15987
16000
15987
16000
15987
16000
15987
16000
15987
15975
15962
15975
15962
15950
15937
15925
15887
15875
15862
15875
15862
15850
15837
15825
15812
15800
15812
15787
15800
15787
15800
15787
15812
15800
15812
15825
15837
15850
15862
15887
15887
15912
15937
15987
16012
16075
16137
16212
16262
16325
16387
16462
16525
16625
16712
16800
16875
16937
17000
17037
17075
17112
17137
17175
17200
17225
17250
17275
17275
17312
17325
17337
17325
17337
17350
17362
17375
17412
17425
17437
17450
17437
17425
17412
17375
17337
17300
17262
17225
17187
17150
17112
17062
17000
16962
16912
16862
16800
16737
16650
16575
16537
16500
16487
16500
16512
16525
16562
16587
16600
16637
16650
16637
16625
16612
16612
16600
16612
16600
16612
16600
16612
16600
16587
16550
16512
16450
16412
16375
16337
16300
16287
16237
16212
16187
16187
16162
16175
16162
16175
16162
16175
16187
16200
16212
16225
16237
16225
16212
16200
16187
16175
16162
16175
16162
16175
16162
16175
16150
16150
16125
16100
16075
16062
16037
16025
16012
15975
15975
15975
15950
15950
15950
15937
15925
15937
15925
15912
15912
15912
15912
15937
15962
15950
15962
15975
15950
15950
15950
15950
15925
15912
15900
15887
15875
15850
15850
15825
15825
15800
15812
15800
15787
15775
15762
15750
15737
15750
15737
15750
15737
15750
15737
15750
15737
15750
15737
15750
15737
15750
15725
15725
15700
15675
15650
15637
15600
15562
15550
15550
15550
15587
15650
15687
15725
15737
15750
15762
15800
15812
15862
15912
15962
16000
16075
16150
16225
16300
16387
16475
16537
16612
16687
16750
16812
16887
16962
17012
17062
17112
17125
17137
17150
17137
17125
17137
17125
17137
17162
17175
17187
17225
17237
17250
17262
17275
17262
17275
17262
17250
17237
17250
17237
17250
17262
17275
17262
17250
17237
17225
17212
17200
17187
17150
17137
17112
17062
17037
17012
16962
16912
16875
16812
16750
16687
16625
16562
16512
16475
16437
16425
16412
16425
16437
16450
16462
16500
16512
16500
16512
16500
16487
16475
16462
16450
16437
16400
16387
16375
16337
16300
16287
16250
16212
16200
16187
16175
16162
16150
16137
16125
16112
16100
16087
16075
16087
16062
16062
16062
16037
16025
16012
16000
15987
15962
15937
15912
15887
15862
15850
15812
15800
15787
15775
15787
15825
15837
15850
15887
15900
15912
15950
15962
15975
15987
15975
15962
15950
15912
15875
15837
15800
15762
15725
15712
15700
15662
15650
15637
15600
15587
15575
15575
15562
15575
15575
15587
15600
15637
15675
15687
15725
15762
15800
15812
15825
15837
15825
15787
15775
15762
15725
15687
15650
15587
15525
15500
15462
15450
15437
15425
15412
15425
15412
15425
15437
15450
15462
15500
15512
15550
15575
15612
15650
15712
15775
15837
15912
15975
16062
16162
16237
16312
16387
16450
16500
16562
16625
16687
16750
16812
16850
16887
16900
16912
16925
16925
16925
16950
16950
16950
16987
17025
17062
17112
17150
17187
17200
17212
17200
17212
17225
17237
17250
17262
17275
17262
17275
17262
17275
17262
17275
17262
17250
17237
17225
17187
17150
17137
17112
17075
17037
17000
16937
16875
16812
16737
16662
16587
16512
16450
16412
16375
16362
16375
16387
16400
16437
16450
16462
16475
16487
16475
16462
16450
16437
16425
16437
16475
16487
16525
16562
16575
16562
16550
16512
16450
16387
16325
16287
16250
16212
16200
16187
16150
16137
16125
16112
16100
16112
16100
16112
16100
16112
16100
16112
16100
16087
16087
16087
16087
16112
16137
16125
16137
16125
16087
16050
16037
16012
15975
15962
15937
15912
15887
15887
15862
15875
15862
15875
15862
15850
15837
15850
15837
15850
15862
15875
15862
15875
15862
15875
15862
15875
15862
15850
15837
15812
15787
15762
15737
15687
15675
15637
15625
15612
15625
15612
15625
15612
15625
15612
15625
15612
15637
15637
15662
15662
15687
15675
15687
15675
15687
15675
15662
15650
15637
15600
15587
15575
15550
15537
15525
15487
15475
15462
15450
15437
15450
15437
15450
15437
15450
15462
15475
15487
15487
15487
15462
15462
15437
15450
15437
15425
15412
15425
15412
15425
15462
15475
15487
15525
15550
15587
15662
15712
15775
15837
15912
15962
16050
16137
16225
16275
16325
16375
16412
16450
16512
16562
16625
16662
16700
16737
16750
16762
16775
16787
16775
16787
16775
16787
16800
16837
16875
16937
17000
17037
17075
17087
17100
17087
17100
17075
17075
17050
17025
16975
16962
16925
16887
16875
16862
16825
16787
16750
16687
16625
16562
16537
16500
16462
16425
16387
16350
16312
16275
16237
16225
16187
16150
16137
16125
16112
16100
16112
16125
16137
16150
16162
16175
16162
16175
16162
16175
16162
16150
16137
16125
16087
16075
16062
16037
16025
16012
16000
15987
16000
15987
15975
15962
15950
15937
15925
15912
15900
15887
15875
15862
15850
15837
15825
15812
15800
15787
15775
15762
15750
15737
15750
15737
15750
15737
15750
15737
15725
15712
15700
15687
15675
15687
15675
15687
15675
15662
15650
15637
15625
15612
15600
15587
15575
15575
15562
15575
15575
15587
15600
15612
15600
15587
15575
15575
15562
15575
15562
15550
15537
15525
15487
15475
15487
15475
15462
15475
15462
15450
15462
15475
15462
15475
15462
15450
15437
15450
15437
15450
15437
15450
15437
15450
15437
15425
15412
15400
15387
15375
15387
15375
15387
15375
15387
15375
15387
15362
15362
15362
15350
15337
15337
15337
15312
15325
15312
15325
15312
15325
15312
15325
15312
15300
15287
15275
15262
15250
15262
15250
15262
15250
15275
15275
15300
15300
15325
15312
15325
15337
15375
15425
15487
15562
15637
15725
15812
15900
15975
16062
16137
16200
16275
16362
16450
16525
16612
16687
16750
16812
16850
16887
16900
16912
16925
16937
16925
16950
16950
16925
16925
16950
16937
16950
16987
17025
17037
17075
17112
17125
17137
17150
17162
17150
17162
17150
17137
17125
17112
17100
17087
17075
17062
17075
17062
17037
17037
17012
16962
16912
16875
16812
16750
16687
16625
16562
16512
16475
16437
16400
16387
16375
16337
16325
16312
16300
16287
16300
16287
16300
16312
16325
16337
16350
16362
16350
16337
16325
16312
16300
16287
16300
16287
16300
16287
16300
16287
16275
16237
16225
16187
16150
16137
16125
16087
16050
16037
16012
16000
15987
16000
15987
16000
15987
16000
15987
16000
15987
16000
15987
16000
15987
15975
15962
15950
15937
15925
15937
15925
15912
15900
15887
15875
15862
15875
15862
15875
15862
15875
15862
15875
15862
15850
15837
15825
15812
15800
15812
15800
15787
15775
15762
15725
15712
15700
15662
15650
15662
15650
15637
15650
15637
15625
15612
15625
15612
15625
15612
15625
15612
15625
15612
15625
15612
15600
15587
15575
15550
15512
15500
15462
15450
15462
15475
15462
15475
15487
15475
15487
15487
15487
15462
15475
15462
15462
15462
15487
15475
15462
15475
15462
15450
15437
15450
15437
15450
15437
15425
15412
15400
15387
15375
15387
15375
15387
15375
15387
15375
15387
15375
15387
15400
15412
15425
15462
15500
15525
15587
15662
15737
15812
15887
15962
16037
16112
16187
16262
16325
16400
16475
16537
16612
16700
16750
16800
16825
16850
16862
16875
16887
16900
16912
16900
16912
16925
16937
16950
17000
17025
17062
17100
17112
17125
17125
17112
17125
17137
17137
17162
17175
17187
17200
17187
17175
17162
17162
17137
17137
17112
17087
17062
17050
17012
16975
16937
16875
16812
16750
16687
16625
16550
16512
16462
16437
16412
16400
16387
16375
16362
16350
16362
16350
16362
16350
16362
16375
16387
16400
16437
16450
16437
16450
16437
16425
16412
16425
16412
16400
16387
16375
16362
16350
16337
16325
16312
16275
16262
16275
16262
16275
16275
16275
16250
16225
16175
16162
16125
16087
16075
16062
16062
16037
16037
16012
16012
16012
16012
16012
16012
16012
15987
16000
15987
16000
15987
16000
15987
15975
15962
15950
15937
15925
15912
15900
15887
15875
15887
15887
15887
15887
15862
15837
15825
15787
15775
15762
15750
15737
15750
15737
15725
15712
15700
15700
15700
15700
15700
15700
15687
15675
15662
15650
15637
15625
15612
15625
15612
15625
15612
15625
15612
15625
15612
15600
15587
15575
15575
15562
15575
15562
15550
15537
15525
15512
15500
15512
15500
15512
15500
15512
15500
15512
15500
15512
15500
15512
15487
15487
15487
15487
15487
15500
15487
15450
15437
15400
15387
15375
15400
15400
15425
15425
15450
15437
15450
15437
15450
15462
15475
15487
15525
15562
15612
15687
15762
15837
15900
15962
16012
16075
16137
16200
16262
16325
16387
16450
16512
16562
16625
16687
16750
16812
16850
16862
16875
16887
16875
16887
16925
16962
16975
17012
17025
17037
17050
17062
17075
17087
17100
17087
17100
17112
17125
17112
17125
17112
17100
17087
17075
17037
16987
16937
16887
16837
16787
16737
16662
16587
16512
16450
16387
16325
16287
16275
16262
16275
16312
16325
16337
16350
16362
16350
16362
16350
16362
16350
16337
16325
16312
16300
16287
16300
16287
16275
16262
16250
16237
16225
16212
16200
16187
16150
16137
16125
16087
16075
16062
16037
16025
16012
15975
15962
15950
15937
15925
15937
15925
15937
15925
15937
15925
15937
15950
15962
15975
15987
16000
15987
15975
15962
15937
15925
15912
15900
15887
15887
15850
15837
15825
15812
15800
15787
15775
15762
15750
15737
15750
15737
15725
15712
15725
15712
15700
15712
15725
15712
15700
15712
15700
15687
15675
15687
15675
15662
15650
15637
15625
15612
15625
15612
15625
15612
15600
15587
15575
15575
15562
15550
15550
15550
15525
15537
15550
15550
15537
15550
15550
15550
15550
15562
15575
15562
15575
15562
15575
15562
15550
15537
15525
15512
15487
15487
15462
15462
15437
15450
15437
15450
15437
15450
15425
15425
15400
15400
15400
15412
15425
15437
15450
15437
15450
15437
15450
15437
15450
15462
15500
15525
15587
15650
15725
15800
15875
15950
16012
16087
16162
16250
16337
16425
16500
16562
16625
16687
16725
16762
16800
16837
16850
16862
16875
16887
16875
16887
16900
16912
16900
16912
16900
16912
16925
16937
16962
16987
17025
17037
17050
17062
17075
17075
17100
17125
17137
17150
17162
17150
17162
17150
17162
17150
17162
17150
17137
17100
17062
17025
16987
16950
16912
16875
16812
16775
16737
16700
16662
16650
16600
16562
16512
16462
16412
16375
16362
16350
16362
16350
16362
16350
16362
16350
16362
16350
16337
16325
16312
16275
16262
16250
16237
16225
16237
16250
16250
16250
16250
16225
16175
16162
16112
16087
16062
16037
16025
16012
15975
15962
15950
15937
15925
15937
15925
15937
15925
15937
15925
15937
15925
15937
15950
15962
15950
15962
15975
15962
15950
15962
15950
15937
15925
15912
15875
15875
15850
15850
15850
15850
15837
15825
15812
15800
15812
15800
15787
15775
15762
15750
15725
15725
15725
15712
15700
15700
15700
15675
15687
15675
15687
15675
15662
15650
15637
15625
15612
15625
15612
15625
15612
15625
15637
15650
15637
15650
15637
15625
15612
15600
15587
15575
15575
15562
15575
15562
15575
15575
15575
15575
15562
15550
15525
15525
15500
15487
15487
15487
15487
15487
15512
15525
15537
15550
15562
15575
15562
15550
15512
15500
15462
15425
15387
15375
15337
15325
15337
15375
15425
15475
15537
15612
15700
15775
15875
15950
16025
16100
16200
16300
16400
16487
16562
16625
16687
16750
16812
16850
16862
16875
16862
16850
16825
16825
16800
16800
16800
16812
16825
16862
16900
16937
17000
17062
17100
17112
17125
17112
17075
17062
17050
17012
17000
17012
17000
17012
17025
17037
17050
17062
17050
17037
17000
16925
16875
16825
16775
16725
16687
16650
16612
16587
16550
16512
16450
16412
16375
16337
16325
16312
16300
16287
16300
16312
16350
16362
16400
16400
16400
16375
16375
16350
16362
16350
16337
16325
16312
16300
16287
16275
16262
16250
16212
16175
16162
16125
16087
16075
16062
16062
16050
16062
16050
16062
16050
16062
16050
16037
16037
16037
16012
16012
16012
16000
15987
16000
15987
15975
15962
15950
15937
15925
15937
15925
15937
15925
15912
15900
15887
15850
15837
15825
15812
15800
15812
15800
15812
15800
15812
15800
15787
15775
15762
15750
15737
15750
15737
15725
15712
15725
15712
15700
15712
15700
15687
15675
15662
15650
15637
15625
15612
15600
15600
15600
15575
15575
15575
15575
15562
15575
15562
15575
15562
15575
15562
15575
15562
15575
15562
15550
15537
15525
15512
15500
15487
15450
15412
15375
15337
15300
15287
15300
15287
15300
15337
15375
15387
15437
15487
15525
15550
15600
15637
15650
15675
15725
15775
15825
15912
15975
16050
16125
16212
16287
16362
16437
16512
16562
16600
16637
16675
16712
16750
16787
16800
16812
16825
16812
16825
16862
16875
16887
16925
16962
17000
17062
17100
17137
17150
17137
17125
17137
17125
17112
17125
17137
17125
17137
17150
17162
17150
17162
17150
17162
17137
17137
17137
17125
17112
17112
17087
17062
17050
17012
16975
16937
16875
16812
16750
16687
16650
16612
16587
16537
16487
16412
16362
16312
16300
16312
16325
16337
16350
16375
16375
16400
16400
16425
16412
16425
16412
16400
16387
16375
16337
16300
16287
16250
16237
16225
16212
16175
16162
16112
16087
16062
16062
16050
16025
16012
16000
15987
15975
15975
15962
15950
15912
15900
15887
15875
15862
15850
15812
15800
15750
15737
15725
15737
15750
15775
15762
15775
15787
15800
15837
15875
15912
15925
15912
15875
15837
15775
15712
15675
15637
15600
15587
15575
15550
15512
15500
15487
15475
15487
15500
15512
15525
15550
15575
15600
15625
15637
15650
15662
15675
15662
15650
15637
15600
15562
15525
15500
15462
15425
15387
15375
15325
15300
15275
15275
15250
15262
15250
15262
15275
15287
15300
15337
15375
15387
15425
15462
15475
15462
15475
15462
15425
15387
15350
15312
15275
15237
15225
15212
15200
15212
15225
15250
15275
15300
15325
15375
15387
15437
15487
15550
15612
15700
15775
15837
15900
15962
16037
16112
16187
16262
16337
16412
16487
16575
16637
16687
16737
16750
16762
16775
16787
16775
16787
16775
16787
16800
16837
16850
16887
16925
16937
16950
16987
17000
17012
17050
17062
17075
17087
17100
17087
17112
17112
17112
17112
17112
17075
17037
17000
16937
16900
16862
16825
16775
16725
16650
16575
16512
16450
16387
16325
16262
16225
16187
16175
16162
16175
16187
16200
16212
16225
16237
16225
16237
16250
16262
16275
16287
16300
16287
16300
16287
16275
16262
16250
16212
16200
16187
16150
16137
16125
16087
16075
16062
16037
16000
15987
15950
15937
15925
15937
15925
15912
15912
15912
15887
15887
15887
15875
15862
15875
15862
15875
15862
15850
15850
15837
15825
15812
15800
15775
15762
15750
15737
15725
15712
15700
15687
15675
15687
15700
15712
15700
15712
15700
15687
15675
15687
15675
15687
15675
15662
15650
15637
15600
15587
15575
15575
15562
15575
15562
15575
15562
15550
15537
15525
15512
15500
15487
15475
15462
15450
15437
15450
15437
15425
15412
15400
15387
15375
15387
15375
15387
15375
15387
15375
15387
15375
15387
15375
15387
15375
15387
15375
15362
15350
15362
15350
15337
15350
15337
15325
15312
15300
15287
15275
15262
15250
15262
15250
15262
15250
15262
15250
15262
15237
15237
15212
15225
15212
15237
15237
15262
15275
15287
15312
15337
15362
15387
15450
15475
15525
15562
15612
15650
15725
15800
15875
15950
16012
16075
16137
16200
16262
16325
16387
16450
16512
16562
16600
16637
16675
16687
16712
16737
16762
16787
16812
16825
16837
16850
16862
16875
16887
16900
16912
16900
16912
16900
16912
16900
16912
16925
16937
16950
16987
17000
17012
17025
17037
17025
17037
17025
17012
17000
16987
16950
16912
16875
16837
16800
16762
16725
16687
16612
16537
16475
16400
16325
16287
16250
16212
16200
16187
16175
16162
16175
16187
16200
16212
16250
16262
16275
16312
16312
16312
16312
16312
16287
16300
16287
16275
16262
16250
16237
16225
16237
16225
16212
16200
16175
16150
16125
16125
16100
16087
16075
16050
16037
16012
16012
15987
15975
15962
15950
15937
15925
15937
15925
15937
15925
15937
15925
15937
15925
15937
15950
15962
15950
15962
15950
15937
15925
15937
15925
15937
15925
15912
15912
15912
15887
15862
15875
15850
15825
15825
15825
15787
15775
15762
15750
15737
15725
15712
15700
15687
15675
15687
15675
15687
15675
15662
15650
15637
15625
15612
15600
15600
15600
15575
15575
15575
15550
15537
15525
15512
15500
15512
15500
15512
15500
15512
15500
15512
15500
15512
15500
15487
15475
15462
15450
15437
15450
15437
15425
15412
15400
15362
15350
15337
15325
15312
15325
15312
15325
15337
15387
15437
15500
15575
15650
15712
15775
15850
15925
15987
16062
16137
16200
16262
16325
16400
16475
16537
16587
16637
16675
16687
16700
16737
16775
16787
16825
16837
16850
16837
16850
16837
16862
16887
16912
16937
16987
17000
17012
17050
17062
17075
17087
17100
17087
17100
17087
17100
17087
17100
17087
17100
17087
17075
17062
17050
17012
17000
16975
16950
16912
16875
16800
16762
16700
16650
16600
16562
16500
16425
16350
16275
16225
16187
16175
16162
16175
16162
16175
16187
16200
16212
16225
16250
16250
16275
16275
16300
16312
16325
16312
16325
16312
16300
16275
16287
16275
16262
16225
16225
16212
16200
16187
16175
16137
16100
16062
16037
16025
16012
16000
15987
16000
15987
16000
15987
15975
15962
15950
15937
15925
15937
15925
15912
15900
15887
15875
15862
15875
15862
15875
15862
15875
15862
15850
15837
15825
15812
15800
15812
15800
15812
15800
15812
15800
15787
15775
15762
15750
15737
15750
15737
15725
15712
15700
15687
15675
15687
15675
15687
15662
15675
15662
15650
15637
15637
15625
15612
15625
15612
15600
15587
15575
15550
15537
15525
15512
15500
15512
15500
15512
15500
15487
15487
15475
15462
15450
15462
15437
15450
15437
15425
15412
15400
15387
15375
15362
15350
15337
15325
15312
15300
15287
15275
15262
15250
15262
15250
15237
15237
15237
15237
15237
15262
15275
15287
15312
15362
15412
15462
15525
15587
15662
15737
15825
15912
16012
16100
16187
16262
16325
16387
16450
16512
16562
16625
16687
16725
16762
16800
16812
16800
16825
16825
16825
16825
16850
16837
16850
16837
16850
16862
16875
16887
16900
16912
16925
16962
16975
17012
17050
17062
17075
17112
17125
17137
17150
17137
17125
17137
17125
17112
17125
17112
17075
17037
17000
16937
16875
16800
16750
16687
16625
16562
16512
16450
16387
16325
16262
16200
16162
16125
16112
16100
16112
16125
16162
16175
16212
16250
16262
16250
16262
16237
16212
16187
16162
16137
16125
16087
16075
16062
16062
16050
16037
16025
16012
15975
15962
15950
15937
15912
15912
15887
15862
15837
15825
15812
15800
15812
15800
15812
15800
15787
15775
15762
15750
15737
15750
15737
15750
15737
15725
15712
15700
15687
15675
15687
15675
15687
15675
15662
15650
15637
15625
15612
15625
15612
15600
15587
15575
15575
15562
15550
15537
15525
15512
15500
15512
15487
15487
15462
15462
15437
15450
15437
15425
15412
15400
15387
15375
15387
15375
15362
15350
15337
15325
15312
15325
15312
15325
15312
15325
15312
15325
15312
15300
15287
15275
15262
15250
15262
15250
15262
15250
15262
15237
15237
15212
15212
15187
15200
15187
15200
15187
15175
15162
15175
15162
15150
15162
15150
15137
15125
15137
15125
15137
15125
15137
15150
15162
15175
15225
15275
15325
15400
15475
15550
15625
15700
15775
15850
15925
16000
16100
16200
16262
16325
16387
16450
16487
16550
16587
16612
16612
16612
16625
16637
16637
16637
16662
16650
16662
16650
16662
16675
16687
16700
16737
16775
16787
16825
16837
16850
16862
16875
16887
16925
16937
16925
16937
16925
16912
16900
16912
16900
16887
16875
16862
16825
16787
16750
16712
16662
16600
16537
16475
16400
16325
16262
16225
16175
16150
16125
16100
16075
16062
16062
16062
16075
16087
16100
16112
16100
16087
16087
16087
16087
16087
16112
16100
16087
16075
16062
16062
16050
16037
16025
16012
15975
15937
15925
15887
15850
15837
15825
15787
15775
15762
15750
15737
15750
15737
15750
15737
15725
15712
15725
15700
15700
15725
15712
15700
15700
15700
15675
15687
15675
15687
15675
15687
15675
15662
15650
15637
15625
15612
15625
15612
15625
15612
15600
15587
15562
15550
15525
15525
15500
15512
15500
15487
15475
15487
15475
15487
15500
15512
15500
15487
15475
15462
15450
15437
15425
15412
15400
15387
15375
15387
15375
15387
15375
15387
15375
15362
15350
15337
15325
15312
15325
15300
15312
15300
15312
15287
15300
15300
15300
15275
15287
15275
15262
15250
15262
15250
15262
15250
15262
15250
15237
15225
15212
15200
15187
15200
15187
15200
15187
15200
15187
15200
15187
15200
15187
15200
15187
15200
15212
15250
15287
15350
15412
15475
15550
15625
15700
15787
15862
15937
15987
16050
16112
16175
16237
16325
16387
16450
16512
16562
16625
16687
16725
16762
16762
16775
16762
16775
16762
16787
16775
16787
16800
16837
16850
16887
16900
16912
16925
16925
16925
16950
16950
16950
16987
17000
17012
17025
17037
17025
17037
17025
17012
17000
16987
16950
16912
16875
16812
16750
16675
16600
16525
16450
16362
16287
16212
16137
16100
16062
16062
16050
16062
16062
16100
16112
16150
16162
16175
16162
16175
16162
16175
16162
16150
16137
16125
16112
16100
16087
16075
16050
16037
16012
16012
15987
15975
15937
15925
15887
15850
15837
15825
15787
15775
15762
15750
15737
15750
15725
15737
15725
15737
15725
15750
15725
15725
15700
15700
15675
15687
15675
15687
15675
15662
15650
15637
15625
15612
15625
15612
15625
15612
15600
15562
15562
15550
15550
15550
15550
15537
15525
15512
15487
15487
15462
15462
15437
15450
15437
15450
15437
15450
15437
15425
15412
15400
15387
15375
15387
15375
15387
15375
15387
15375
15362
15350
15337
15325
15312
15325
15312
15325
15300
15300
15275
15275
15250
15262
15250
15262
15250
15262
15237
15237
15237
15237
15237
15250
15262
15250
15262
15250
15262
15250
15237
15237
15237
15237
15275
15312
15350
15412
15475
15512
15600
15675
15762
15850
15937
16012
16112
16175
16250
16325
16387
16437
16512
16562
16625
16687
16725
16762
16775
16787
16775
16787
16775
16787
16800
16812
16825
16837
16862
16862
16887
16912
16937
16925
16950
16950
16950
16950
16975
16987
17000
17012
17025
17012
17000
16987
16950
16912
16875
16812
16750
16687
16625
16562
16512
16450
16387
16325
16262
16200
16162
16125
16087
16075
16087
16100
16112
16150
16187
16200
16187
16212
16200
16187
16175
16187
16162
16150
16137
16125
16087
16075
16062
16062
16050
16037
16025
16012
15975
15962
15950
15912
15900
15875
15862
15850
15837
15837
15837
15825
15812
15825
15800
15812
15800
15787
15775
15762
15762
15762
15762
15762
15762
15725
15712
15700
15687
15675
15687
15675
15687
15675
15662
15650
15637
15625
15612
15625
15612
15625
15612
15625
15612
15625
15612
15625
15600
15600
15575
15575
15562
15575
15562
15550
15537
15525
15487
15475
15462
15450
15437
15450
15437
15450
15437
15425
15412
15400
15387
15375
15387
15375
15387
15375
15387
15375
15387
15375
15387
15375
15387
15375
15362
15350
15337
15325
15312
15325
15312
15325
15312
15325
15312
15325
15312
15325
15312
15300
15300
15287
15275
15262
15275
15250
15262
15250
15262
15250
15262
15250
15237
15225
15237
15225
15237
15250
15262
15250
15262
15287
15337
15387
15462
15525
15587
15650
15712
15775
15837
15900
15962
16037
16112
16187
16262
16325
16387
16462
16525
16575
16637
16700
16725
16750
16800
16837
16875
16912
16950
16962
16987
16987
17012
17012
17037
17025
17037
17025
17037
17025
17037
17025
17012
16975
16937
16875
16812
16750
16687
16625
16562
16512
16450
16387
16325
16262
16200
16137
16100
16087
16075
16087
16100
16112
16125
16137
16150
16187
16200
16212
16225
16212
16200
16187
16175
16162
16175
16150
16150
16112
16100
16062
16062
16050
16037
16000
15987
15950
15912
15900
15887
15875
15862
15850
15837
15825
15812
15800
15787
15775
15762
15750
15737
15750
15737
15725
15712
15725
15712
15700
15712
15700
15687
15675
15687
15675
15687
15662
15662
15637
15637
15612
15600
15587
15600
15587
15600
15612
15600
15587
15575
15575
15562
15575
15562
15550
15537
15525
15512
15500
15512
15500
15512
15500
15487
15475
15487
15462
15462
15462
15462
15437
15450
15437
15450
15437
15425
15412
15400
15387
15375
15387
15375
15387
15375
15362
15350
15337
15325
15312
15300
15287
15275
15262
15250
15262
15250
15262
15250
15237
15225
15212
15200
15187
15200
15187
15200
15187
15200
15187
15200
15212
15250
15287
15350
15412
15475
15525
15587
15662
15737
15812
15887
15962
16012
16075
16137
16200
16262
16325
16387
16450
16487
16525
16562
16600
16612
16650
16662
16675
16675
16675
16687
16700
16712
16687
16712
16700
16712
16725
16775
16787
16825
16862
16875
16887
16900
16912
16900
16912
16900
16887
16850
16812
16750
16687
16625
16562
16500
16425
16350
16275
16200
16137
16075
16012
15962
15925
15912
15900
15912
15950
15987
16012
16050
16087
16100
16112
16100
16112
16100
16087
16050
16037
16012
15962
15937
15912
15887
15862
15875
15850
15850
15825
15800
15775
15762
15750
15725
15725
15725
15712
15700
15700
15700
15675
15687
15675
15687
15675
15662
15650
15637
15625
15612
15600
15562
15550
15525
15512
15500
15512
15500
15487
15475
15462
15450
15437
15425
15425
15425
15400
15400
15400
15387
15375
15362
15350
15362
15350
15337
15325
15312
15275
15262
15250
15262
15250
15262
15250
15262
15250
15237
15225
15237
15225
15212
15225
15212
15200
15187
15200
15187
15175
15162
15150
15137
15125
15137
15125
15137
15125
15137
15125
15112
15100
15087
15075
15062
15075
15062
15075
15062
15075
15062
15075
15062
15087
15087
15112
15137
15187
15225
15287
15362
15437
15500
15587
15675
15750
15837
15925
15987
16062
16150
16225
16300
16375
16450
16487
16525
16562
16575
16587
16600
16612
16612
16625
16637
16675
16687
16700
16712
16725
16737
16750
16762
16775
16787
16775
16787
16800
16812
16825
16862
16875
16887
16900
16912
16900
16912
16900
16887
16850
16812
16750
16675
16600
16512
16425
16325
16262
16200
16150
16112
16075
16037
16012
16000
15987
16000
15987
16000
16012
16025
16037
16050
16062
16050
16062
16050
16037
16037
16037
16037
16037
16037
16025
16012
15975
15937
15925
15887
15850
15837
15825
15787
15775
15750
15725
15725
15725
15725
15725
15725
15725
15712
15700
15700
15700
15675
15662
15650
15662
15650
15662
15675
15662
15650
15625
15600
15575
15575
15562
15575
15562
15575
15550
15550
15525
15525
15500
15487
15475
15462
15450
15437
15450
15437
15450
15437
15450
15437
15425
15412
15400
15387
15375
15387
15375
15362
15350
15337
15325
15312
15300
15287
15275
15262
15250
15237
15225
15212
15200
15187
15200
15187
15175
15162
15150
15137
15125
15137
15125
15137
15125
15137
15125
15137
15125
15137
15150
15187
15225
15287
15350
15412
15475
15525
15587
15650
15712
15787
15875
15950
16050
16150
16237
16325
16412
16487
16537
16587
16612
16625
16637
16650
16662
16650
16662
16650
16662
16675
16712
16750
16787
16825
16862
16875
16887
16900
16912
16900
16912
16900
16887
16850
16812
16750
16687
16625
16587
16562
16525
16487
16450
16387
16325
16262
16200
16162
16112
16062
16037
16012
16000
15987
16000
16012
16025
16037
16062
16075
16087
16100
16112
16087
16087
16062
16037
16025
16012
15975
15962
15950
15937
15912
15912
15875
15862
15825
15800
15775
15762
15750
15737
15725
15712
15700
15687
15675
15662
15650
15662
15650
15662
15675
15662
15650
15662
15637
15637
15637
15637
15612
15625
15612
15600
15587
15575
15575
15562
15575
15562
15550
15537
15525
15512
15500
15512
15500
15512
15500
15512
15500
15512
15500
15487
15475
15462
15450
15437
15450
15437
15450
15437
15425
15412
15400
15387
15375
15387
15375
15387
15375
15387
15375
15387
15375
15362
15350
15337
15300
15287
15275
15262
15250
15262
15250
15262
15250
15262
15250
15237
15225
15237
15225
15212
15225
15237
15225
15212
15225
15212
15175
15162
15175
15162
15150
15162
15150
15137
15125
15137
15125
15137
15125
15112
15100
15087
15075
15062
15075
15062
15075
15062
15075
15062
15075
15087
15087
15100
15112
15125
15137
15187
15237
15312
15387
15462
15525
15587
15662
15737
15812
15900
15987
16075
16162
16250
16325
16387
16462
16512
16562
16600
16625
16637
16650
16662
16650
16662
16650
16662
16675
16675
16675
16700
16725
16725
16762
16775
16787
16800
16812
16825
16837
16850
16862
16875
16887
16900
16912
16900
16887
16875
16862
16850
16837
16825
16787
16750
16687
16625
16587
16550
16500
16450
16400
16325
16262
16200
16137
16100
16062
16037
16000
15987
15950
15937
15950
15987
16000
16037
16050
16062
16050
16062
16050
16062
16050
16062
16050
16037
16025
16000
15975
15950
15925
15900
15887
15875
15862
15850
15837
15825
15812
15800
15787
15775
15762
15725
15712
15700
15687
15675
15662
15650
15637
15625
15612
15600
15587
15575
15575
15562
15575
15562
15550
15537
15550
15537
15525
15537
15525
15512
15500
15512
15500
15512
15500
15487
15475
15462
15425
15412
15400
15387
15375
15387
15375
15387
15375
15387
15375
15387
15375
15387
15362
15362
15337
15312
15287
15275
15262
15250
15262
15250
15262
15250
15262
15250
15262
15275
15287
15275
15287
15275
15262
15250
15237
15225
15212
15200
15187
15200
15175
15175
15150
15150
15150
15162
15175
15187
15200
15187
15200
15175
15175
15150
15150
15125
15137
15125
15137
15125
15137
15125
15137
15125
15137
15150
15200
15225
15287
15350
15412
15462
15525
15587
15650
15712
15775
15837
15900
15962
16012
16075
16137
16212
16262
16312
16362
16412
16450
16512
16550
16587
16612
16625
16637
16675
16687
16700
16737
16775
16787
16825
16837
16862
16862
16887
16887
16912
16925
16937
16950
16962
16975
16962
16975
16962
16950
16937
16925
16887
16850
16812
16775
16725
16675
16625
16575
16512
16450
16375
16300
16225
16150
16075
16037
16012
16000
15987
16000
16012
16025
16037
16062
16075
16087
16125
16137
16150
16162
16175
16162
16150
16112
16100
16050
16012
15987
15962
15912
15875
15862
15825
15787
15775
15762
15750
15737
15762
15762
15762
15762
15762
15750
15737
15725
15712
15700
15687
15675
15687
15675
15687
15675
15662
15650
15637
15625
15637
15650
15637
15650
15662
15637
15637
15637
15637
15612
15600
15562
15550
15525
15487
15475
15462
15450
15425
15425
15425
15450
15450
15487
15500
15512
15525
15537
15550
15562
15575
15562
15575
15562
15550
15512
15475
15437
15400
15362
15350
15337
15300
15287
15275
15262
15250
15262
15250
15262
15275
15287
15300
15337
15350
15362
15375
15387
15375
15387
15362
15362
15337
15337
15312
15325
15312
15300
15287
15275
15262
15250
15262
15250
15237
15225
15212
15175
15162
15150
15137
15125
15137
15150
15162
15175
15212
15250
15287
15350
15412
15475
15537
15612
15700
15800
15900
16000
16100
16200
16287
16375
16462
16525
16575
16612
16650
16662
16700
16712
16725
16712
16725
16712
16725
16712
16725
16712
16737
16737
16762
16787
16812
16825
16862
16875
16887
16925
16937
16950
16987
17000
16987
17000
16987
16950
16912
16875
16812
16750
16687
16625
16562
16512
16437
16362
16287
16212
16137
16075
16037
16012
16000
16012
16037
16075
16137
16200
16237
16275
16287
16275
16237
16200
16137
16062
15987
15925
15875
15825
15812
15825
15862
15900
15962
16012
16075
16137
16175
16187
16200
16187
16150
16112
16075
16012
15962
15900
15837
15762
15687
15637
15587
15550
15537
15550
15537
15525
15537
15550
15550
15562
15600
15612
15625
15637
15675
15687
15725
15762
15775
15762
15775
15762
15750
15737
15750
15737
15725
15687
15650
15587
15525
15500
15462
15425
15412
15400
15387
15375
15387
15375
15387
15400
15412
15425
15437
15450
15462
15462
15462
15462
15462
15437
15425
15412
15400
15387
15375
15362
15325
15312
15275
15237
15225
15212
15200
15187
15200
15187
15200
15187
15200
15187
15200
15212
15225
15212
15225
15237
15225
15237
15250
15237
15225
15212
15200
15212
15250
15287
15350
15425
15500
15587
15675
15762
15850
15925
16012
16100
16187
16275
16350
16437
16500
16562
16600
16637
16662
16687
16700
16737
16750
16762
16775
16787
16775
16787
16775
16787
16775
16787
16775
16787
16775
16787
16800
16837
16875
16937
17000
17037
17075
17087
17075
17037
17000
16937
16875
16812
16750
16687
16625
16587
16562
16562
16562
16587
16575
16587
16562
16562
16537
16525
16487
16437
16362
16312
16262
16212
16175
16125
16075
16025
15987
15962
15937
15912
15875
15862
15850
15875
15900
15937
15975
16012
16037
16050
16087
16100
16112
16100
16087
16050
16037
16012
15975
15937
15900
15837
15775
15712
15675
15625
15600
15575
15575
15562
15575
15575
15587
15600
15637
15650
15662
15675
15687
15675
15687
15675
15687
15675
15662
15650
15637
15625
15600
15600
15575
15575
15562
15575
15562
15550
15512
15500
15462
15425
15412
15400
15387
15375
15387
15375
15387
15412
15462
15487
15512
15512
15475
15412
15350
15287
15250
15212
15200
15212
15225
15237
15250
15262
15275
15312
15350
15412
15450
15487
15500
15512
15500
15512
15500
15487
15450
15412
15350
15287
15225
15162
15100
15062
15025
15025
15012
15025
15025
15062
15075
15112
15150
15187
15200
15237
15275
15287
15300
15312
15325
15312
15325
15312
15325
15312
15325
15337
15375
15412
15475
15525
15587
15662
15737
15812
15887
15962
16050
16137
16225
16325
16412
16487
16550
16625
16662
16700
16712
16725
16737
16737
16737
16762
16762
16762
16775
16787
16800
16837
16850
16887
16937
16987
17037
17087
17112
17100
17087
17050
17012
17000
16987
16937
16912
16887
16837
16787
16775
16737
16700
16687
16675
16637
16600
16562
16512
16475
16437
16400
16362
16325
16262
16225
16187
16150
16112
16100
16062
16062
16050
16062
16050
16062
16050
16062
16062
16075
16087
16125
16137
16150
16162
16175
16162
16175
16150
16150
16125
16100
16075
16062
16037
16000
15962
15900
15837
15800
15762
15750
15737
15750
15737
15750
15737
15750
15737
15750
15762
15762
15762
15762
15762
15737
15750
15737
15725
15712
15700
15687
15675
15687
15675
15687
15675
15662
15650
15637
15625
15612
15600
15587
15575
15550
15512
15500
15462
15425
15412
15400
15387
15400
15437
15450
15487
15500
15512
15500
15512
15500
15512
15500
15487
15450
15412
15375
15337
15300
15287
15250
15225
15200
15200
15175
15200
15187
15200
15212
15225
15237
15250
15262
15250
15262
15275
15287
15300
15312
15325
15312
15325
15312
15325
15312
15300
15287
15275
15237
15200
15187
15175
15162
15175
15187
15212
15237
15287
15337
15412
15475
15562
15650
15737
15837
15925
15987
16075
16175
16275
16375
16475
16550
16625
16687
16725
16762
16800
16812
16800
16812
16800
16787
16775
16787
16775
16787
16800
16812
16825
16862
16900
16912
16950
16987
17000
17012
17025
17037
17025
17012
17000
16987
16975
16962
16950
16937
16925
16887
16850
16812
16750
16712
16675
16637
16587
16537
16475
16387
16325
16250
16175
16100
16037
15987
15950
15937
15925
15937
15950
15987
16012
16062
16112
16137
16150
16162
16175
16162
16175
16162
16150
16112
16100
16062
16037
16025
16012
15975
15962
15950
15912
15875
15862
15825
15787
15750
15737
15700
15687
15675
15687
15675
15687
15675
15687
15675
15687
15675
15687
15675
15662
15625
15612
15575
15575
15562
15575
15562
15550
15537
15525
15512
15500
15512
15500
15487
15475
15462
15450
15437
15450
15437
15450
15437
15425
15412
15400
15362
15350
15337
15325
15312
15325
15312
15300
15300
15300
15275
15250
15250
15212
15200
15187
15200
15187
15200
15212
15225
15237
15250
15262
15250
15262
15250
15237
15225
15212
15175
15162
15150
15137
15125
15112
15100
15087
15050
15037
15050
15037
15050
15062
15075
15087
15100
15112
15150
15162
15175
15212
15250
15300
15375
15450
15512
15600
15687
15775
15875
15962
16050
16125
16200
16262
16325
16387
16450
16512
16550
16587
16612
16625
16637
16650
16675
16662
16675
16687
16700
16700
16712
16725
16712
16725
16712
16725
16737
16750
16762
16800
16812
16825
16837
16850
16862
16875
16887
16900
16887
16850
16812
16750
16687
16625
16562
16512
16450
16387
16325
16262
16200
16137
16100
16062
16037
16025
16012
15975
15962
15950
15950
15950
15975
16000
16025
16037
16050
16062
16062
16075
16062
16050
16037
16012
15975
15962
15950
15912
15900
15887
15850
15837
15825
15812
15800
15787
15775
15762
15750
15737
15725
15712
15700
15687
15675
15662
15650
15637
15625
15612
15625
15612
15600
15587
15575
15575
15562
15575
15562
15550
15537
15525
15512
15500
15512
15500
15512
15500
15512
15500
15512
15487
15487
15462
15462
15437
15425
15412
15400
15387
15375
15387
15375
15387
15375
15387
15362
15362
15337
15337
15312
15300
15287
15275
15262
15250
15262
15250
15262
15275
15275
15275
15275
15275
15250
15237
15225
15237
15225
15237
15250
15237
15225
15212
15200
15187
15175
15162
15150
15112
15100
15112
15100
15112
15150
15150
15162
15175
15187
15175
15175
15162
15150
15137
15125
15137
15162
15212
15262
15337
15412
15475
15550
15625
15700
15775
15837
15900
15962
16037
16112
16187
16262
16325
16362
16400
16450
16500
16537
16587
16637
16675
16687
16700
16712
16725
16712
16725
16712
16725
16712
16737
16725
16737
16750
16787
16787
16825
16837
16850
16837
16850
16837
16850
16862
16875
16887
16900
16912
16900
16887
16875
16862
16825
16812
16800
16762
16725
16687
16625
16562
16512
16450
16387
16325
16287
16237
16212
16175
16137
16075
16050
16012
16000
15987
16000
15987
16000
16012
16025
16037
16050
16062
16062
16075
16087
16100
16087
16075
16062
16037
16025
16012
16000
15987
16000
15987
15975
15962
15950
15912
15900
15887
15850
15837
15812
15787
15762
15762
15737
15725
15687
15675
15662
15650
15637
15650
15637
15625
15612
15625
15612
15600
15600
15600
15575
15575
15575
15575
15562
15550
15537
15525
15512
15500
15512
15500
15512
15500
15487
15475
15462
15450
15437
15425
15412
15400
15362
15350
15337
15325
15337
15350
15337
15350
15337
15325
15312
15300
15287
15275
15262
15250
15262
15250
15262
15237
15237
15212
15212
15187
15200
15187
15200
15187
15200
15187
15200
15187
15200
15187
15200
15187
15200
15175
15187
15175
15162
15150
15150
15137
15112
15112
15087
15087
15062
15075
15050
15062
15037
15037
15012
15025
15012
15025
15012
15025
15012
15025
15012
15025
15025
15037
15050
15087
15100
15112
15150
15200
15262
15350
15437
15512
15587
15650
15712
15775
15850
15925
15987
16062
16137
16200
16262
16300
16337
16375
16412
16450
16487
16525
16562
16575
16587
16600
16612
16600
16612
16600
16612
16612
16625
16637
16650
16662
16675
16712
16750
16787
16825
16837
16850
16837
16825
16812
16800
16787
16775
16762
16725
16687
16625
16562
16512
16450
16387
16325
16262
16200
16125
16075
16025
16012
15987
15975
15962
15950
15937
15925
15937
15925
15937
15950
15987
16000
16012
16025
16012
15975
15962
15975
15962
15950
15937
15900
15862
15850
15837
15825
15812
15775
15737
15700
15662
15650
15637
15625
15612
15625
15612
15600
15587
15575
15550
15537
15525
15512
15500
15512
15500
15512
15500
15512
15500
15512
15500
15487
15487
15487
15487
15475
15487
15462
15462
15437
15425
15412
15400
15387
15375
15362
15350
15337
15325
15312
15325
15312
15300
15287
15275
15237
15225
15212
15200
15187
15200
15187
15200
15187
15200
15187
15175
15162
15150
15137
15125
15137
15125
15137
15125
15112
15100
15112
15100
15112
15125
15112
15100
15087
15075
15062
15075
15062
15050
15037
15025
15025
15012
15025
15012
15025
15012
15025
15012
15000
14987
14975
14962
14950
14962
14950
14962
14950
14962
14950
14962
14950
14962
14937
14950
14937
14950
14937
14962
14950
14962
14975
15012
15062
15137
15212
15287
15362
15437
15500
15575
15650
15712
15775
15837
15912
15975
16062
16125
16187
16237
16287
16300
16337
16375
16387
16400
16437
16450
16462
16475
16487
16475
16487
16475
16487
16475
16500
16500
16525
16525
16562
16562
16587
16587
16612
16600
16612
16612
16625
16637
16675
16687
16700
16712
16725
16712
16725
16712
16700
16662
16625
16562
16512
16450
16387
16325
16262
16200
16137
16075
16012
15962
15900
15862
15825
15812
15825
15837
15850
15887
15900
15912
15925
15937
15925
15937
15925
15937
15925
15912
15900
15887
15875
15862
15850
15837
15825
15812
15800
15787
15775
15762
15725
15712
15700
15662
15650
15637
15625
15612
15600
15587
15575
15550
15537
15525
15487
15475
15462
15450
15437
15425
15425
15425
15400
15400
15400
15387
15375
15387
15375
15387
15362
15362
15337
15337
15312
15325
15312
15325
15312
15325
15312
15300
15287
15275
15262
15250
15237
15225
15212
15212
15212
15212
15212
15212
15200
15187
15200
15187
15200
15187
15200
15187
15200
15187
15200
15187
15175
15162
15150
15137
15125
15137
15125
15112
15075
15062
15025
15025
15012
15025
15012
15025
15012
15025
15012
15025
15012
15000
14987
14975
14962
14950
14962
14950
14962
14950
14962
14950
14962
14950
14962
14950
14937
14925
14912
14875
14875
14875
14875
14900
14950
15000
15075
15162
15250
15325
15400
15475
15525
15600
15675
15750
15825
15900
15962
16050
16137
16225
16312
16362
16412
16437
16462
16462
16462
16450
16437
16425
16412
16425
16412
16425
16437
16450
16462
16475
16487
16500
16512
16525
16537
16550
16562
16575
16587
16600
16612
16600
16612
16600
16612
16600
16612
16587
16587
16562
16537
16487
16450
16387
16325
16262
16200
16137
16075
16000
15937
15862
15787
15737
15700
15687
15700
15712
15725
15762
15775
15787
15825
15837
15850
15862
15875
15862
15850
15812
15800
15762
15725
15712
15700
15662
15625
15612
15575
15550
15537
15525
15512
15500
15487
15475
15462
15450
15437
15425
15412
15400
15387
15375
15387
15375
15362
15350
15337
15325
15312
15325
15312
15325
15312
15325
15312
15300
15287
15275
15262
15250
15262
15250
15262
15250
15262
15250
15237
15225
15212
15200
15187
15175
15137
15125
15087
15075
15062
15075
15062
15075
15062
15075
15062
15075
15062
15075
15062
15075
15062
15075
15062
15050
15037
15050
15037
15050
15050
15050
15025
15025
15012
15025
15012
15000
14987
14975
14937
14925
14912
14900
14887
14900
14887
14875
14862
14850
14837
14825
14837
14850
14862
14875
14887
14900
14925
14950
14975
15037
15125
15200
15312
15425
15512
15600
15687
15762
15837
15900
15962
16012
16075
16137
16200
16262
16300
16337
16375
16387
16400
16412
16425
16412
16425
16412
16425
16437
16450
16462
16500
16512
16525
16562
16575
16587
16600
16612
16612
16612
16612
16637
16637
16612
16625
16612
16587
16575
16562
16525
16487
16475
16437
16400
16362
16325
16262
16187
16112
16037
15962
15900
15862
15812
15787
15762
15737
15712
15700
15687
15700
15712
15725
15762
15775
15787
15825
15862
15875
15912
15925
15912
15875
15837
15762
15712
15662
15637
15612
15625
15612
15600
15587
15575
15575
15562
15575
15562
15575
15562
15550
15512
15500
15462
15450
15437
15425
15412
15400
15387
15375
15387
15375
15387
15375
15387
15375
15362
15325
15287
15250
15212
15200
15187
15175
15162
15175
15162
15150
15162
15175
15162
15150
15162
15150
15137
15125
15137
15125
15137
15125
15137
15112
15112
15087
15062
15037
15025
15025
15012
15025
15012
15025
15025
15037
15025
15037
15025
15025
15012
15025
15012
15025
15012
15000
14987
14975
14962
14975
14987
14975
14962
14950
14912
14900
14887
14900
14912
14925
14937
14950
14937
14925
14912
14900
14887
14900
14887
14900
14912
14925
14937
14975
15000
15037
15100
15175
15250
15325
15412
15487
15562
15650
15737
15812
15900
15975
16050
16125
16200
16262
16325
16387
16450
16487
16500
16487
16475
16437
16400
16387
16375
16362
16375
16387
16412
16437
16462
16487
16537
16562
16625
16662
16700
16737
16775
16812
16850
16862
16850
16812
16750
16675
16625
16575
16537
16512
16487
16437
16387
16362
16312
16275
16237
16200
16137
16075
16037
16012
15975
15962
15950
15937
15925
15937
15925
15937
15925
15937
15925
15937
15925
15937
15925
15937
15925
15912
15900
15887
15875
15862
15875
15862
15875
15862
15875
15862
15850
15837
15825
15787
15775
15762
15725
15687
15650
15612
15600
15612
15612
15637
15637
15612
15562
15550
15525
15487
15475
15462
15425
15412
15400
15387
15375
15387
15400
15412
15425
15437
15450
15437
15450
15437
15450
15437
15425
15412
15400
15362
15325
15312
15275
15237
15225
15237
15225
15237
15250
15275
15275
15300
15300
15325
15312
15325
15312
15300
15287
15275
15237
15200
15187
15150
15112
15075
15062
15025
15025
15012
15025
15025
15062
15100
15137
15175
15212
15225
15237
15250
15262
15250
15237
15200
15162
15125
15075
15025
15000
14962
14937
14937
14937
14937
14950
14975
14987
15012
15037
15100
15162
15225
15312
15400
15475
15562
15650
15750
15850
15937
16025
16112
16200
16262
16312
16362
16412
16450
16487
16525
16537
16550
16537
16550
16537
16550
16537
16525
16512
16537
16537
16562
16600
16650
16662
16700
16737
16750
16762
16775
16787
16800
16837
16850
16900
16912
16900
16850
16800
16712
16637
16562
16500
16425
16350
16275
16200
16162
16112
16062
16012
15962
15900
15837
15800
15762
15750
15762
15800
15812
15850
15887
15925
15937
15975
15987
16000
15987
16000
15987
16000
15987
15975
15962
15950
15937
15925
15937
15925
15937
15925
15937
15925
15912
15900
15887
15850
15812
15775
15737
15700
15662
15650
15637
15600
15562
15550
15525
15512
15500
15512
15487
15487
15487
15487
15487
15500
15487
15475
15487
15475
15487
15487
15487
15462
15462
15437
15450
15437
15425
15412
15400
15362
15350
15337
15325
15312
15300
15287
15275
15262
15250
15262
15250
15237
15237
15237
15212
15212
15212
15200
15187
15200
15187
15200
15187
15200
15187
15200
15187
15175
15162
15150
15137
15125
15112
15100
15087
15075
15062
15075
15062
15050
15037
15025
15025
15012
15025
15012
15000
14987
14975
14962
14975
14987
14975
14987
14975
14962
14950
14962
14950
14962
14950
14962
14950
14937
14925
14912
14875
14862
14850
14837
14825
14837
14825
14837
14825
14850
14850
14887
14925
14975
15025
15112
15187
15262
15337
15412
15475
15525
15600
15675
15750
15825
15900
15962
16037
16112
16187
16262
16325
16362
16400
16412
16425
16437
16450
16437
16450
16462
16450
16462
16462
16462
16462
16462
16462
16475
16500
16500
16525
16525
16550
16537
16562
16562
16562
16562
16562
16525
16487
16450
16387
16325
16262
16200
16137
16075
16012
15962
15900
15837
15800
15762
15725
15712
15700
15687
15675
15687
15700
15712
15725
15762
15775
15787
15825
15837
15850
15862
15850
15837
15825
15812
15800
15787
15750
15737
15700
15662
15625
15612
15575
15550
15537
15525
15487
15475
15462
15450
15437
15425
15412
15400
15387
15375
15387
15375
15387
15375
15387
15375
15387
15375
15387
15375
15362
15350
15337
15325
15312
15325
15312
15325
15312
15300
15287
15275
15262
15250
15237
15225
15212
15200
15187
15200
15187
15175
15137
15125
15087
15075
15062
15075
15062
15075
15062
15075
15062
15050
15037
15025
15025
15012
15025
15012
15025
15012
15025
15012
15025
15012
15000
14987
14975
14962
14950
14962
14950
14937
14925
14912
14900
14887
14875
14862
14875
14862
14875
14887
14900
14887
14900
14887
14900
14887
14900
14912
14925
14937
14975
15000
15037
15100
15162
15225
15287
15362
15437
15512
15600
15687
15762
15850
15925
15987
16062
16137
16200
16262
16300
16337
16375
16387
16400
16412
16425
16412
16425
16412
16425
16412
16425
16437
16450
16462
16475
16487
16500
16537
16550
16587
16600
16612
16600
16612
16600
16612
16600
16612
16600
16587
16550
16512
16450
16387
16325
16262
16200
16137
16075
16012
15987
15937
15912
15887
15862
15812
15775
15737
15700
15687
15700
15712
15725
15737
15750
15762
15775
15787
15825
15837
15825
15837
15850
15837
15825
15837
15825
15812
15800
15787
15775
15762
15750
15737
15750
15737
15725
15712
15700
15662
15650
15637
15600
15562
15550
15525
15487
15475
15462
15425
15425
15425
15400
15400
15400
15387
15375
15387
15375
15362
15350
15362
15350
15362
15375
15387
15375
15362
15350
15337
15300
15287
15275
15262
15237
15237
15212
15212
15212
15225
15237
15250
15237
15225
15212
15200
15187
15175
15162
15150
15112
15100
15112
15087
15087
15087
15087
15062
15075
15087
15100
15112
15125
15137
15125
15137
15125
15137
15125
15112
15100
15087
15050
15037
15025
15000
14987
14975
14962
14950
14962
14950
14962
14950
14962
14950
14962
14975
14987
15000
15000
15000
15000
15000
14975
14987
14975
14962
14975
15000
15037
15100
15162
15225
15300
15375
15450
15550
15650
15737
15825
15900
15962
16012
16075
16137
16200
16237
16275
16325
16350
16375
16425
16450
16462
16475
16487
16475
16487
16475
16487
16475
16487
16475
16487
16500
16512
16525
16562
16587
16600
16637
16650
16662
16650
16662
16675
16687
16700
16712
16725
16712
16725
16712
16700
16662
16625
16587
16562
16525
16487
16475
16437
16400
16362
16325
16262
16200
16137
16075
16012
15962
15900
15862
15825
15825
15825
15850
15875
15900
15912
15912
15912
15912
15912
15912
15912
15912
15887
15887
15862
15850
15812
15775
15737
15700
15687
15675
15662
15625
15612
15575
15550
15537
15525
15487
15475
15462
15425
15412
15400
15387
15375
15387
15375
15387
15375
15362
15350
15337
15325
15312
15325
15312
15300
15287
15275
15262
15237
15237
15212
15187
15175
15175
15150
15150
15150
15137
15125
15137
15112
15125
15112
15125
15112
15137
15125
15137
15125
15112
15100
15087
15075
15062
15075
15062
15050
15037
15025
15025
15012
15025
15012
15025
15012
15000
14987
14975
14962
14950
14962
14950
14962
14950
14937
14925
14912
14900
14887
14900
14887
14900
14887
14900
14887
14900
14887
14900
14887
14875
14862
14875
14862
14887
14937
14975
15025
15100
15162
15212
15300
15375
15450
15525
15625
15712
15800
15900
15975
16050
16125
16200
16237
16275
16312
16325
16337
16375
16412
16425
16462
16475
16487
16475
16487
16500
16537
16550
16587
16600
16612
16600
16612
16600
16612
16600
16612
16600
16587
16550
16512
16450
16387
16325
16262
16200
16137
16075
16012
15962
15900
15837
15775
15712
15675
15662
15650
15662
15675
15687
15700
15737
15750
15787
15800
15812
15800
15812
15800
15787
15775
15762
15725
15687
15650
15612
15562
15562
15550
15537
15525
15525
15487
15475
15462
15450
15437
15450
15437
15450
15437
15425
15412
15400
15387
15375
15362
15350
15337
15300
15287
15275
15262
15250
15262
15250
15262
15275
15287
15300
15312
15325
15312
15325
15312
15325
15312
15300
15287
15275
15237
15200
15187
15150
15112
15075
15062
15025
15025
15012
15025
15025
15037
15050
15062
15075
15062
15075
15062
15075
15087
15100
15112
15125
15112
15100
15087
15075
15050
15025
15000
14975
14937
14900
14887
14850
14812
14800
14787
14775
14762
14775
14787
14800
14812
14825
14837
14850
14887
14900
14937
14950
14937
14925
14912
14875
14862
14850
14837
14825
14812
14800
14775
14750
14725
14725
14687
14687
14662
14662
14637
14650
14637
14650
14662
14675
14700
14725
14750
14775
14825
14862
14925
14987
15062
15137
15225
15325
15412
15487
15575
15662
15712
15775
15837
15912
15962
16062
16125
16187
16237
16287
16300
16337
16375
16375
16375
16400
16400
16375
16387
16400
16412
16425
16462
16500
16512
16525
16562
16575
16587
16600
16612
16600
16612
16600
16612
16612
16650
16687
16725
16762
16762
16762
16737
16712
16662
16625
16562
16512
16450
16387
16325
16262
16200
16137
16062
16012
15962
15900
15837
15787
15737
15700
15687
15700
15737
15775
15812
15850
15887
15900
15912
15950
15962
15950
15962
15950
15912
15875
15862
15825
15787
15775
15762
15725
15712
15725
15712
15700
15712
15700
15662
15625
15612
15575
15550
15512
15475
15412
15375
15337
15325
15312
15325
15312
15325
15312
15337
15325
15337
15325
15337
15337
15350
15375
15400
15400
15400
15400
15362
15350
15325
15300
15300
15300
15275
15287
15275
15237
15225
15212
15175
15162
15150
15137
15125
15112
15100
15112
15087
15087
15087
15087
15062
15075
15062
15075
15050
15050
15050
15050
15025
15037
15050
15025
15025
15025
15025
15012
15025
15012
15000
14987
14975
14962
14950
14937
14925
14912
14900
14887
14900
14887
14900
14887
14875
14862
14850
14837
14825
14837
14825
14837
14825
14837
14825
14837
14850
14862
14875
14887
14900
14887
14900
14912
14950
14975
15050
15100
15162
15225
15287
15337
15412
15475
15525
15587
15650
15712
15787
15875
15950
16037
16125
16200
16262
16325
16362
16400
16412
16425
16412
16425
16412
16425
16412
16425
16437
16450
16462
16500
16512
16525
16562
16575
16587
16600
16587
16550
16537
16500
16462
16425
16387
16325
16262
16200
16137
16075
16012
15962
15900
15837
15775
15737
15700
15687
15675
15687
15700
15737
15750
15787
15800
15812
15800
15812
15800
15787
15775
15762
15750
15737
15725
15712
15700
15662
15650
15637
15600
15587
15575
15550
15537
15525
15487
15475
15462
15425
15412
15400
15387
15375
15387
15375
15387
15375
15387
15375
15387
15375
15387
15375
15387
15375
15387
15362
15375
15362
15350
15337
15337
15325
15312
15300
15287
15262
15250
15225
15225
15200
15212
15187
15200
15187
15200
15187
15200
15187
15200
15187
15200
15187
15200
15187
15200
15187
15200
15187
15200
15187
15175
15162
15150
15112
15100
15087
15075
15050
15050
15050
15037
15025
15025
15000
14987
14975
14975
14975
14975
14975
14975
14962
14950
14962
14950
14962
14950
14962
14950
14937
14925
14912
14900
14887
14875
14862
14850
14837
14825
14837
14825
14837
14825
14837
14825
14837
14812
14812
14812
14812
14812
14825
14837
14850
14887
14925
14975
15037
15112
15187
15275
15362
15450
15512
15587
15650
15712
15787
15862
15937
16000
16075
16137
16200
16262
16325
16362
16400
16412
16425
16412
16425
16412
16425
16437
16450
16462
16500
16537
16562
16600
16637
16675
16687
16700
16737
16750
16762
16775
16762
16725
16687
16625
16562
16512
16450
16387
16312
16225
16137
16050
15962
15900
15837
15775
15737
15700
15687
15700
15737
15750
15787
15825
15862
15875
15912
15950
15962
15975
15987
15975
15937
15925
15875
15850
15825
15787
15750
15725
15675
15625
15612
15575
15575
15562
15550
15537
15550
15537
15550
15562
15575
15562
15575
15562
15575
15562
15550
15537
15525
15512
15500
15487
15450
15437
15400
15362
15325
15312
15275
15237
15237
15237
15212
15212
15212
15200
15187
15200
15187
15212
15200
15212
15200
15212
15187
15200
15187
15200
15187
15200
15187
15175
15162
15150
15112
15100
15087
15050
15037
15025
15025
15000
15000
14975
14975
14950
14962
14950
14962
14950
14962
14950
14962
14950
14962
14950
14962
14950
14962
14937
14950
14925
14925
14900
14912
14887
14900
14875
14875
14850
14850
14825
14837
14825
14837
14825
14837
14825
14812
14800
14787
14775
14762
14775
14762
14775
14762
14775
14762
14775
14762
14775
14787
14825
14862
14925
15000
15075
15150
15225
15287
15350
15425
15475
15525
15587
15662
15737
15850
15937
16037
16125
16175
16212
16250
16262
16275
16287
16275
16275
16275
16275
16275
16275
16262
16250
16237
16250
16262
16287
16312
16350
16387
16450
16475
16525
16537
16525
16487
16450
16412
16362
16337
16300
16262
16225
16225
16200
16212
16225
16237
16225
16212
16200
16187
16150
16112
16100
16062
16037
16000
15950
15875
15800
15725
15650
15612
15575
15550
15512
15500
15487
15475
15487
15525
15537
15550
15575
15612
15650
15687
15725
15737
15725
15712
15700
15662
15650
15625
15600
15575
15550
15512
15475
15412
15350
15312
15275
15237
15225
15212
15200
15187
15200
15187
15200
15187
15200
15187
15200
15187
15200
15187
15200
15175
15175
15137
15137
15112
15125
15112
15112
15100
15087
15050
15037
15025
15025
15012
15000
14987
14975
14962
14950
14962
14950
14962
14950
14962
14950
14962
14950
14937
14937
14937
14912
14912
14912
14900
14887
14875
14862
14850
14837
14825
14812
14812
14812
14812
14800
14812
14787
14787
14762
14787
14787
14825
14837
14875
14875
14875
14862
14850
14812
14800
14787
14750
14737
14725
14712
14700
14687
14675
14662
14650
14637
14650
14637
14650
14637
14650
14637
14625
14612
14600
14587
14575
14587
14600
14612
14625
14637
14662
14700
14762
14825
14912
14975
15037
15112
15187
15262
15337
15412
15475
15550
15637
15700
15775
15837
15900
15925
15975
16012
16025
16037
16062
16075
16087
16125
16162
16200
16237
16275
16312
16325
16337
16375
16387
16400
16412
16425
16412
16425
16412
16425
16412
16425
16412
16425
16400
16400
16375
16375
16350
16337
16300
16287
16250
16212
16175
16137
16075
16012
15987
15950
15912
15875
15837
15775
15737
15700
15662
15625
15587
15550
15525
15512
15500
15512
15525
15537
15550
15575
15600
15625
15650
15662
15675
15687
15675
15687
15675
15687
15675
15662
15625
15612
15575
15550
15537
15525
15487
15475
15462
15425
15412
15400
15387
15375
15387
15375
15387
15375
15387
15375
15387
15375
15362
15350
15337
15300
15287
15300
15275
15250
15250
15225
15200
15187
15175
15137
15125
15087
15075
15062
15075
15062
15075
15062
15075
15087
15100
15112
15125
15137
15125
15112
15100
15087
15050
15037
15025
15000
14987
14962
14937
14937
14937
14912
14925
14912
14900
14887
14900
14887
14900
14887
14875
14862
14850
14837
14825
14837
14825
14837
14825
14812
14812
14812
14787
14787
14787
14750
14737
14750
14737
14725
14737
14725
14687
14675
14662
14650
14637
14650
14637
14625
14625
14625
14625
14625
14650
14637
14625
14612
14600
14587
14600
14612
14600
14612
14625
14612
14625
14662
14700
14737
14812
14887
14950
15037
15125
15200
15275
15362
15437
15500
15575
15662
15712
15762
15825
15887
15937
16000
16075
16112
16150
16162
16175
16162
16175
16187
16200
16212
16225
16237
16225
16237
16225
16237
16250
16262
16275
16312
16325
16337
16350
16362
16350
16362
16375
16387
16400
16412
16425
16412
16425
16412
