t = 60.000000, p = 490.000000
16850
16837
16825
16787
16775
16737
16725
16712
16700
16662
16625
16587
16562
16562
16550
16537
16525
16512
16487
16475
16462
16450
16437
16425
16412
16425
16412
16425
16412
16425
16412
16400
16387
16362
16350
16337
16350
16337
16362
16350
16337
16325
16312
16275
16262
16250
16212
16175
16162
16125
16112
16125
16137
16125
16137
16125
16112
16100
16087
16075
16062
16062
16050
16062
16050
16037
16025
16012
15975
15962
15950
15937
15925
15937
15925
15937
15925
15937
15925
15937
15925
15937
15925
15937
15925
15937
15925
15937
15925
15937
15925
15912
15900
15912
15887
15887
15887
15887
15862
15875
15862
15850
15837
15825
15812
15800
15787
15775
15762
15750
15737
15750
15737
15750
15762
15775
15787
15825
15862
15900
15962
16012
16075
16137
16200
16262
16337
16387
16437
16487
16537
16575
16650
16725
16800
16875
16937
17000
17062
17112
17175
17212
17225
17237
17225
17187
17175
17162
17162
17150
17137
17125
17112
17100
17087
17100
17112
17137
17150
17187
17225
17237
17250
17262
17275
17262
17250
17237
17212
17162
17137
17112
17100
17087
17075
17037
17000
16937
16875
16812
16750
16687
16650
16612
16612
16600
16612
16600
16612
16600
16612
16600
16587
16575
16562
16550
16537
16525
16512
16500
16487
16475
16487
16462
16462
16437
16437
16412
16425
16412
16400
16387
16375
16362
16350
16362
16350
16337
16325
16312
16275
16262
16250
16237
16225
16212
16200
16187
16175
16162
16175
16162
16150
16137
16125
16112
16100
16087
16075
16062
16062
16050
16062
16050
16037
16025
16012
16000
15987
15975
15975
15975
15975
15975
16000
15987
16000
15987
16000
15987
16000
15987
16000
15987
15975
15962
15950
15937
15925
15937
15925
15937
15925
15912
15900
15887
15875
15862
15875
15850
15850
15850
15850
15825
15837
15825
15812
15800
15812
15800
15812
15800
15787
15775
15762
15750
15737
15750
15737
15750
15737
15750
15737
15750
15737
15750
15737
15750
15725
15725
15700
15700
15675
15687
15675
15687
15675
15687
15675
15687
15675
15662
15650
15637
15625
15612
15625
15637
15650
15637
15650
15637
15625
15612
15625
15612
15625
15612
15625
15612
15625
15650
15700
15750
15825
15875
15925
15975
16012
16062
16137
16212
16287
16362
16437
16512
16587
16662
16737
16812
16875
16937
17000
17062
17112
17175
17212
17250
17262
17275
17262
17250
17212
17200
17162
17162
17150
17162
17162
17175
17187
17200
17212
17225
17237
17250
17287
17300
17312
17325
17337
17325
17337
17325
17337
17325
17312
17300
17275
17250
17225
17225
17200
17187
17175
17162
17137
17125
17112
17075
17037
17000
16937
16875
16837
16800
16762
16750
16737
16700
16687
16675
16662
16650
16662
16675
16687
16712
16725
16737
16725
16737
16712
16725
16712
16725
16712
16725
16712
16725
16712
16700
16687
16675
16637
16625
16612
16587
16550
16537
16500
16487
16475
16462
16450
16437
16400
16387
16375
16362
16350
16337
16325
16312
16275
16262
16250
16212
16200
16187
16175
16162
16150
16137
16125
16112
16100
16087
16075
16062
16037
16025
16012
15975
15962
15950
15937
15925
15937
15912
15912
15912
15912
15887
15900
15887
15875
15862
15875
15862
15850
15837
15825
15812
15800
15812
15800
15812
15800
15812
15800
15787
15775
15762
15750
15737
15725
15712
15700
15687
15675
15687
15675
15687
15675
15687
15675
15687
15700
15712
15725
15737
15725
15712
15687
15675
15662
15675
15662
15687
15675
15662
15650
15637
15625
15612
15625
15612
15600
15587
15575
15575
15562
15575
15562
15575
15575
15612
15650
15725
15800
15875
15950
16012
16075
16137
16212
16287
16362
16437
16512
16587
16675
16737
16800
16850
16900
16937
17000
17062
17112
17150
17162
17175
17162
17137
17125
17112
17100
17087
17075
17062
17050
17037
17025
17037
17025
17037
17025
17037
17050
17062
17075
17087
17100
17087
17100
17112
17125
17137
17150
17162
17150
17162
17150
17162
17150
17137
17125
17112
17075
17062
17037
17012
16987
16962
16912
16875
16812
16750
16712
16662
16637
16612
16587
16550
16537
16500
16487
16475
16462
16450
16437
16425
16437
16450
16462
16475
16487
16475
16487
16475
16487
16475
16487
16475
16462
16450
16437
16400
16387
16362
16337
16312
16312
16287
16275
16262
16250
16212
16200
16187
16175
16162
16150
16137
16125
16112
16100
16087
16075
16062
16062
16037
16037
16012
16012
15987
16000
15987
15975
15962
15950
15937
15925
15937
15925
15937
15925
15912
15900
15887
15875
15862
15875
15862
15875
15887
15900
15887
15875
15862
15825
15812
15800
15787
15775
15762
15725
15712
15700
15687
15675
15687
15675
15687
15675
15687
15675
15687
15675
15687
15675
15687
15675
15687
15675
15687
15662
15662
15662
15662
15662
15675
15662
15650
15637
15625
15612
15625
15612
15625
15612
15625
15612
15625
15612
15625
15612
15625
15612
15600
15587
15575
15550
15537
15525
15512
15500
15512
15500
15512
15525
15550
15587
15650
15712
15750
15800
15850
15900
15950
16012
16087
16162
16237
16312
16387
16450
16512
16562
16625
16687
16750
16812
16875
16937
17000
17062
17100
17137
17150
17162
17150
17137
17125
17112
17100
17087
17075
17037
17025
16987
16975
16962
16975
16962
16975
16987
17000
17012
17025
17037
17025
17012
16975
16962
16950
16937
16900
16900
16900
16875
16850
16875
16862
16825
16787
16750
16687
16625
16562
16512
16450
16387
16350
16312
16300
16287
16300
16312
16325
16337
16350
16362
16350
16362
16350
16362
16350
16362
16350
16362
16350
16362
16350
16362
16337
16337
16312
16287
16262
16250
16212
16175
16162
16125
16087
16075
16062
16037
16025
16012
16000
15987
15975
15962
15950
15937
15925
15912
15900
15887
15850
15837
15825
15812
15825
15837
15825
15837
15825
15787
15775
15762
15750
15737
15750
15737
15725
15712
15700
15662
15650
15637
15625
15612
15600
15587
15575
15575
15562
15575
15562
15550
15537
15525
15512
15500
15512
15500
15512
15500
15487
15475
15462
15450
15437
15450
15437
15450
15437
15450
15437
15450
15437
15450
15437
15450
15437
15450
15437
15450
15437
15425
15412
15400
15387
15375
15362
15350
15337
15325
15312
15325
15312
15325
15337
15350
15362
15400
15437
15475
15525
15587
15662
15737
15825
15912
15987
16062
16137
16200
16262
16325
16387
16450
16512
16562
16625
16687
16750
16812
16875
16912
16950
16962
16975
16962
16975
16962
16950
16937
16925
16912
16900
16887
16875
16862
16825
16812
16800
16787
16800
16837
16850
16887
16900
16912
16925
16937
16950
16962
16975
16962
16975
16962
16950
16937
16925
16887
16850
16837
16800
16787
16775
16762
16750
16725
16700
16662
16625
16562
16512
16450
16387
16350
16337
16325
16337
16350
16362
16375
16387
16400
16412
16425
16412
16400
16387
16375
16337
16300
16262
16225
16187
16150
16137
16125
16112
16100
16112
16100
16087
16075
16062
16062
16050
16037
16025
16012
16000
15987
16000
15987
16000
15987
15975
15975
15975
15950
15950
15950
15937
15925
15937
15925
15912
15900
15887
15875
15862
15875
15862
15875
15862
15850
15837
15825
15812
15800
15812
15800
15787
15775
15762
15725
15712
15737
15725
15712
15725
15712
15687
15675
15687
15675
15687
15675
15687
15675
15687
15700
15687
15675
15662
15650
15612
15625
15612
15625
15600
15600
15600
15600
15575
15587
15575
15575
15562
15575
15562
15575
15562
15575
15562
15575
15562
15575
15562
15575
15562
15575
15562
15550
15537
15525
15512
15500
15512
15500
15512
15500
15512
15500
15512
15500
15487
15475
15462
15450
15437
15450
15437
15450
15462
15500
15525
15600
15675
15750
15825
15900
15962
16025
16112
16200
16287
16375
16450
16512
16562
16625
16687
16750
16812
16875
16937
16975
17025
17050
17075
17075
17075
17062
17050
17012
17000
16987
16975
16962
16975
16962
16975
16962
16975
16962
16975
16962
16975
16987
17000
17012
17050
17062
17075
17087
17100
17087
17100
17087
17075
17062
17050
17012
17000
16987
16950
16912
16875
16837
16800
16762
16725
16687
16625
16587
16562
16525
16512
16487
16462
16462
16462
16437
16450
16437
16425
16412
16425
16412
16425
16412
16425
16412
16400
16387
16400
16387
16375
16387
16375
16337
16325
16312
16300
16287
16275
16262
16250
16237
16212
16212
16187
16187
16162
16150
16137
16125
16112
16087
16100
16087
16075
16062
16062
16062
16050
16037
16025
16012
16000
15987
16000
15987
15975
15962
15950
15937
15925
15937
15925
15937
15925
15937
15925
15912
15900
15887
15850
15837
15825
15787
15775
15762
15750
15737
15750
15737
15725
15712
15700
15687
15675
15687
15675
15687
15675
15687
15675
15662
15650
15637
15637
15625
15637
15625
15637
15612
15600
15587
15575
15575
15562
15575
15562
15575
15562
15575
15562
15575
15562
15575
15562
15575
15562
15550
15537
15525
15512
15500
15512
15500
15512
15500
15487
15475
15462
15425
15412
15400
15387
15400
15412
15425
15462
15500
15525
15587
15650
15712
15775
15837
15900
15962
16025
16112
16200
16287
16375
16450
16512
16562
16625
16687
16750
16812
16875
16937
16975
17012
17050
17062
17050
17025
17000
16950
16925
16900
16912
16900
16912
16900
16912
16900
16912
16900
16912
16925
16937
16950
16962
16975
16962
16975
16962
16975
16962
16987
16987
16987
16987
17012
17000
16987
17000
16987
16975
16962
16950
16937
16925
16887
16850
16812
16750
16712
16662
16612
16562
16500
16450
16400
16375
16350
16362
16350
16362
16350
16362
16350
16362
16375
16387
16375
16387
16375
16362
16350
16362
16350
16337
16325
16312
16300
16287
16275
16237
16200
16137
16100
16062
16037
16025
16012
16000
15987
15975
15962
15950
15937
15925
15937
15925
15937
15925
15937
15925
15912
15900
15887
15875
15862
15875
15850
15850
15850
15850
15825
15850
15837
15800
15787
15775
15750
15737
15750
15737
15725
15712
15700
15687
15675
15687
15675
15687
15675
15662
15650
15662
15650
15637
15650
15637
15625
15612
15600
15587
15575
15575
15562
15550
15537
15525
15512
15500
15512
15500
15512
15500
15512
15500
15512
15500
15487
15475
15462
15450
15437
15425
15412
15400
15387
15362
15362
15337
15337
15312
15300
15300
15300
15300
15300
15325
15337
15375
15412
15475
15537
15612
15687
15762
15862
15937
16025
16112
16200
16262
16337
16412
16487
16550
16625
16687
16750
16812
16875
16912
16950
16962
16950
16937
16925
16887
16875
16862
16825
16812
16800
16787
16775
16787
16775
16787
16775
16787
16800
16812
16825
16862
16875
16887
16900
16912
16900
16912
16900
16912
16900
16912
16900
16887
16850
16837
16800
16762
16725
16687
16650
16612
16587
16550
16512
16450
16387
16350
16312
16300
16287
16275
16262
16275
16262
16275
16287
16300
16312
16325
16337
16350
16337
16300
16287
16237
16212
16187
16187
16162
16150
16137
16125
16087
16050
16037
16012
16000
15987
15975
15962
15950
15937
15925
15937
15925
15912
15900
15887
15875
15862
15850
15837
15825
15812
15800
15812
15800
15787
15787
15787
15762
15762
15762
15725
15712
15700
15687
15675
15687
15675
15662
15650
15637
15637
15625
15612
15600
15587
15575
15562
15575
15562
15575
15562
15575
15562
15575
15562
15550
15537
15525
15512
15500
15512
15500
15512
15500
15512
15487
15487
15487
15487
15462
15475
15462
15450
15437
15450
15437
15450
15437
15450
15437
15425
15412
15425
15400
15400
15400
15375
15350
15337
15325
15312
15325
15312
15325
15312
15300
15287
15300
15312
15350
15412
15475
15525
15587
15650
15725
15800
15875
15950
16037
16112
16187
16262
16325
16387
16450
16512
16562
16625
16687
16750
16812
16875
16912
16950
16962
16975
16962
16950
16937
16925
16912
16900
16887
16875
16862
16850
16837
16850
16837
16850
16862
16900
16912
16950
16987
17000
17012
17025
17037
17025
17037
17025
17037
17025
17037
17025
17012
16975
16962
16925
16912
16900
16912
16875
16825
16775
16725
16650
16600
16562
16512
16450
16387
16350
16312
16300
16312
16325
16337
16350
16362
16350
16362
16350
16362
16350
16362
16350
16337
16325
16312
16300
16287
16275
16262
16250
16212
16200
16187
16175
16162
16150
16137
16125
16087
16075
16062
16062
16050
16062
16037
16037
16012
16012
15975
15975
15950
15950
15925
15912
15900
15887
15875
15862
15887
15875
15887
15875
15862
15837
15825
15787
15775
15762
15725
15712
15700
15687
15675
15662
15650
15637
15625
15612
15625
15612
15625
15612
15600
15587
15575
15575
15562
15575
15562
15550
15537
15525
15512
15500
15512
15500
15512
15500
15487
15475
15462
15450
15437
15425
15412
15400
15387
15375
15362
15350
15337
15325
15312
15325
15312
15325
15312
15300
15287
15275
15262
15250
15262
15250
15262
15250
15262
15250
15237
15225
15212
15200
15187
15200
15187
15200
15187
15200
15187
15175
15162
15150
15137
15125
15137
15125
15137
15125
15112
15100
15087
15075
15062
15075
15050
15050
15050
15050
15050
15087
15125
15162
15225
15300
15375
15450
15512
15587
15650
15725
15812
15900
15987
16087
16175
16250
16325
16387
16450
16512
16562
16625
16662
16700
16712
16700
16687
16675
16662
16650
16662
16650
16662
16675
16687
16700
16712
16725
16737
16750
16762
16775
16787
16800
16812
16825
16862
16875
16862
16875
16862
16825
16812
16800
16762
16725
16687
16625
16562
16512
16450
16387
16325
16262
16200
16162
16125
16112
16100
16112
16100
16112
16100
16112
16125
16137
16150
16162
16175
16162
16150
16137
16125
16087
16075
16062
16037
16025
16012
15975
15962
15950
15937
15925
15912
15900
15887
15850
15837
15825
15787
15750
15737
15725
15712
15700
15712
15700
15662
15650
15625
15600
15600
15600
15600
15612
15600
15587
15575
15575
15562
15575
15562
15550
15537
15525
15512
15500
15512
15500
15487
15475
15462
15450
15462
15475
15462
15475
15462
15450
15437
15425
15412
15400
15362
15350
15337
15325
15312
15325
15312
15325
15312
15300
15287
15275
15262
15250
15262
15250
15262
15250
15237
15225
15212
15200
15187
15175
15162
15150
15137
15125
15137
15125
15137
15125
15112
15100
15087
15075
15062
15075
15062
15075
15062
15075
15062
15075
15062
15075
15062
15075
15062
15075
15062
15075
15062
15075
15062
15050
15037
15025
15000
14987
14975
14962
14950
14962
14950
14962
14950
14962
14950
14962
14975
15000
15037
15100
15162
15225
15300
15387
15475
15575
15675
15775
15862
15937
16025
16112
16187
16262
16325
16400
16475
16525
16575
16612
16637
16637
16637
16625
16612
16587
16575
16562
16525
16512
16500
16487
16475
16487
16475
16487
16500
16537
16562
16600
16637
16675
16675
16675
16675
16675
16650
16662
16650
16662
16650
16662
16650
16662
16650
16662
16650
16637
16600
16562
16512
16450
16387
16325
16287
16250
16212
16175
16137
16100
16050
16012
15987
15962
15937
15925
15937
15950
15962
15975
15987
16000
15987
15975
15937
15925
15887
15875
15862
15850
15837
15825
15787
15775
15762
15725
15687
15675
15637
15600
15587
15575
15575
15562
15550
15537
15525
15512
15500
15512
15500
15487
15475
15462
15425
15412
15400
15387
15375
15362
15350
15337
15300
15287
15275
15237
15225
15212
15200
15187
15200
15187
15175
15162
15150
15137
15125
15112
15075
15062
15025
15025
15012
15025
15012
15000
14987
14975
14962
14950
14962
14950
14937
14925
14912
14900
14887
14900
14887
14900
14887
14900
14887
14875
14862
14850
14837
14825
14837
14825
14837
14825
14837
14825
14812
14800
14787
14750
14737
14725
14712
14700
14712
14700
14712
14725
14737
14750
14787
14825
14862
14925
14975
15037
15100
15175
15250
15325
15412
15475
15537
15612
15687
15750
15837
15912
15962
16012
16075
16137
16162
16212
16250
16262
16275
16287
16300
16275
16275
16250
16225
16175
16162
16125
16112
16100
16112
16125
16137
16150
16162
16175
16187
16200
16212
16225
16237
16225
16237
16225
16237
16225
16237
16225
16212
16200
16187
16150
16087
16075
16037
16012
15962
15937
15862
15787
15712
15650
15612
15575
15575
15575
15587
15600
15612
15625
15612
15600
15600
15600
15600
15600
15600
15587
15575
15575
15562
15550
15537
15525
15487
15475
15462
15425
15387
15375
15337
15325
15312
15325
15312
15300
15287
15275
15262
15250
15237
15225
15212
15200
15187
15212
15200
15212
15200
15212
15187
15175
15162
15150
15137
15125
15112
15100
15087
15075
15062
15050
15037
15025
15025
15012
15025
15012
15000
14987
14975
14962
14950
14962
14950
14937
14925
14912
14875
14862
14850
14837
14825
14837
14825
14837
14825
14837
14825
14800
14787
14800
14787
14800
14825
14812
14800
14787
14775
14762
14750
14737
14725
14712
14700
14712
14700
14712
14700
14712
14700
14712
14700
14687
14675
14662
14650
14637
14650
14637
14650
14662
14675
14662
14675
14687
14675
14687
14700
14687
14675
14662
14650
14637
14625
14612
14625
14612
14600
14612
14600
14587
14575
14587
14575
14562
14550
14537
14537
14525
14537
14512
14512
14512
14525
14550
14612
14675
14737
14800
14862
14925
14975
15037
15100
15175
15250
15325
15400
15475
15525
15587
15662
15750
15850
15912
15987
16062
16100
16100
16112
16075
16037
16037
16025
16037
16050
16062
16062
16075
16087
16125
16137
16150
16162
16175
16162
16150
16137
16125
16112
16100
16087
16075
16062
16037
16025
16012
16000
15987
15975
15937
15900
15837
15775
15712
15650
15587
15550
15525
15512
15500
15512
15500
15512
15525
15537
15525
15537
15525
15512
15500
15512
15500
15512
15500
15487
15475
15462
15425
15387
15375
15337
15300
15287
15275
15237
15225
15212
15200
15187
15200
15187
15175
15162
15150
15112
15100
15087
15075
15087
15100
15112
15125
15112
15075
15062
15025
15025
15012
15025
15012
15025
15012
15025
15012
15000
15000
14987
14975
14962
14975
14950
14937
14925
14937
14925
14912
14925
14912
14875
14862
14850
14812
14800
14787
14775
14762
14775
14762
14775
14762
14750
14737
14725
14712
14700
14712
14700
14687
14675
14662
14650
14637
14650
14637
14650
14637
14650
14637
14625
14612
14600
14587
14575
14587
14575
14587
14575
14587
14575
14587
14575
14587
14575
14587
14575
14587
14575
14587
14575
14562
14550
14537
14537
14525
14512
14500
14487
14475
14462
14475
14462
14450
14437
14425
14412
14400
14412
14400
14412
14400
14412
14400
14412
14400
14412
14425
14437
14450
14487
14512
14550
14612
14675
14737
14800
14862
14925
14975
15037
15112
15187
15275
15362
15450
15512
15600
15675
15750
15825
15900
15962
16000
16012
16025
16012
16000
15987
15975
15937
15925
15887
15875
15862
15875
15887
15900
15912
15950
15962
15975
16012
16025
16012
16025
16012
16000
15987
16000
15987
16000
15987
16000
15975
15987
15975
15962
15925
15925
15875
15850
15825
15800
15775
15762
15725
15687
15650
15587
15525
15462
15412
15387
15362
15362
15362
15375
15362
15375
15362
15362
15350
15337
15300
15262
15250
15212
15175
15175
15175
15150
15150
15175
15162
15150
15137
15125
15087
15050
15037
15025
15025
15012
15025
15012
15000
14987
14975
14937
14925
14950
14925
14925
14925
14925
14887
14900
14850
14850
14850
14837
14825
14850
14825
14800
14787
14775
14762
14775
14762
14775
14762
14750
14737
14725
14712
14700
14712
14725
14737
14750
14762
14750
14737
14725
14687
14675
14662
14650
14637
14650
14637
14650
14637
14650
14637
14650
14637
14625
14612
14600
14587
14575
14587
14575
14587
14575
14587
14575
14587
14575
14587
14600
14612
14600
14587
14550
14512
14487
14475
14462
14475
14487
14500
14512
14537
14550
14562
14575
14562
14550
14525
14512
14487
14487
14487
14500
14512
14525
14537
14525
14512
14475
14462
14425
14387
14375
14387
14375
14387
14425
14437
14462
14487
14512
14525
14575
14612
14675
14737
14812
14887
14950
15037
15125
15200
15275
15350
15425
15500
15587
15687
15762
15837
15875
15912
15912
15937
15925
15937
15925
15912
15900
15887
15875
15850
15850
15825
15825
15800
15812
15800
15787
15775
15762
15750
15737
15725
15712
15700
15687
15675
15700
15700
15725
15725
15750
15762
15775
15787
15800
15812
15800
15812
15800
15812
15800
15812
15800
15812
15800
15812
15825
15837
15787
15800
15787
15750
15712
15700
15625
15550
15475
15437
15387
15362
15337
15312
15287
15275
15262
15237
15237
15212
15212
15187
15200
15187
15200
15187
15200
15212
15225
15250
15275
15300
15300
15300
15287
15275
15262
15250
15237
15225
15212
15200
15187
15175
15162
15150
15137
15125
15112
15075
15037
15000
14975
14962
14950
14937
14925
14912
14900
14912
14925
14937
14950
14962
14950
14962
14950
14937
14925
14912
14900
14887
14900
14887
14875
14837
14825
14787
14775
14762
14775
14762
14750
14737
14725
14712
14700
14712
14700
14687
14675
14662
14650
14637
14650
14637
14650
14637
14625
14612
14600
14587
14600
14612
14625
14637
14625
14587
14575
14537
14537
14525
14512
14500
14487
14475
14462
14475
14462
14475
14462
14475
14462
14475
14462
14475
14462
14450
14437
14425
14412
14400
14412
14400
14412
14400
14412
14400
14412
14425
14437
14425
14437
14425
14387
14350
14337
14300
14287
14275
14287
14275
14287
14275
14287
14300
14350
14400
14462
14537
14625
14700
14775
14850
14925
15000
15075
15150
15225
15287
15350
15412
15475
15525
15587
15650
15725
15775
15825
15850
15875
15887
15900
15887
15900
15887
15850
15837
15825
15787
15775
15762
15750
15737
15750
15737
15750
15725
15750
15750
15775
15800
15837
15850
15887
15900
15912
15950
15962
15950
15962
15950
15937
15925
15912
15875
15862
15825
15787
15750
15712
15650
15587
15525
15475
15412
15375
15337
15300
15287
15275
15262
15275
15287
15300
15312
15325
15312
15325
15312
15325
15312
15325
15337
15350
15337
15325
15312
15275
15262
15250
15237
15225
15212
15175
15162
15150
15137
15125
15112
15112
15100
15087
15075
15087
15062
15075
15087
15100
15112
15125
15112
15100
15087
15050
15012
15012
15000
15000
15000
15000
14987
14975
14962
14950
14962
14950
14962
14950
14937
14900
14887
14850
14837
14825
14837
14825
14837
14825
14812
14800
14787
14775
14762
14750
14737
14750
14737
14750
14762
14775
14762
14750
14737
14725
14687
14675
14662
14625
14612
14600
14587
14575
14562
14550
14537
14537
14525
14537
14512
14525
14512
14525
14512
14537
14512
14512
14512
14512
14487
14500
14512
14500
14487
14500
14487
14450
14437
14425
14412
14400
14412
14400
14412
14425
14425
14425
14425
14425
14387
14400
14387
14400
14387
14412
14400
14412
14400
14387
14350
14337
14300
14287
14275
14287
14275
14287
14275
14250
14250
14250
14250
14250
14262
14250
14262
14275
14287
14325
14375
14400
14425
14475
14512
14550
14612
14687
14762
14837
14912
15000
15075
15150
15225
15287
15350
15412
15450
15500
15537
15587
15637
15687
15725
15762
15775
15787
15800
15787
15775
15762
15750
15737
15725
15687
15675
15637
15625
15612
15625
15612
15625
15612
15625
15637
15675
15675
15700
15725
15725
15725
15737
15762
15762
15787
15787
15812
15800
15812
15800
15812
15800
15812
15825
15837
15825
15837
15825
15812
15800
15787
15775
15762
15725
15687
15650
15575
15500
15437
15362
15287
15250
15200
15175
15150
15150
15125
15137
15150
15162
15175
15187
15200
15187
15200
15187
15200
15187
15200
15187
15200
15187
15175
15162
15150
15137
15125
15112
15100
15087
15075
15062
15050
15037
15025
15000
14987
14962
14937
14912
14912
14887
14875
14862
14850
14837
14825
14837
14825
14837
14825
14837
14825
14850
14837
14850
14837
14850
14825
14837
14825
14837
14825
14837
14825
14837
14825
14812
14775
14762
14725
14687
14675
14662
14650
14637
14650
14637
14650
14637
14650
14637
14650
14637
14650
14637
14650
14637
14625
14612
14625
14612
14600
14612
14600
14562
14550
14537
14512
14500
14487
14475
14462
14450
14437
14425
14412
14400
14412
14400
14412
14400
14412
14425
14425
14425
14450
14450
14450
14462
14475
14462
14475
14462
14450
14437
14425
14412
14400
14387
14375
14362
14325
14312
14300
14287
14275
14287
14275
14287
14275
14287
14275
14287
14300
14350
14375
14425
14475
14512
14562
14637
14712
14787
14862
14925
15000
15075
15150
15225
15287
15362
15437
15500
15575
15625
15675
15725
15750
15750
15775
15762
15750
15737
15725
15687
15675
15637
15625
15612
15625
15612
15625
15612
15625
15637
15650
15662
15700
15712
15725
15737
15750
15762
15775
15787
15825
15837
15850
15862
15850
15837
15825
15812
15800
15775
15762
15750
15712
15675
15675
15637
15600
15562
15525
15475
15412
15350
15312
15275
15237
15225
15212
15200
15187
15200
15187
15200
15187
15200
15187
15200
15187
15200
15187
15200
15187
15175
15137
15100
15062
15025
15025
15012
15025
15012
15000
14987
14975
14937
14925
14912
14875
14862
14850
14837
14812
14812
14812
14812
14812
14825
14837
14825
14837
14812
14825
14812
14800
14787
14787
14775
14762
14775
14762
14787
14787
14787
14787
14787
14750
14737
14725
14687
14675
14662
14625
14612
14600
14587
14575
14587
14575
14587
14575
14587
14575
14587
14575
14562
14550
14537
14537
14525
14537
14525
14512
14500
14487
14450
14437
14425
14412
14400
14412
14400
14412
14400
14387
14375
14362
14350
14337
14350
14337
14350
14337
14350
14337
14350
14337
14350
14337
14350
14337
14350
14337
14350
14337
14350
14337
14325
14312
14300
14262
14250
14237
14225
14212
14225
14212
14225
14212
14225
14212
14225
14237
14275
14325
14400
14462
14550
14612
14675
14737
14800
14850
14925
15000
15087
15175
15262
15337
15412
15475
15537
15612
15662
15712
15737
15750
15737
15750
15737
15725
15712
15700
15687
15675
15662
15650
15637
15625
15637
15650
15662
15675
15687
15700
15712
15725
15762
15775
15787
15825
15825
15825
15850
15850
15850
15862
15875
15862
15875
15850
15862
15850
15837
15825
15825
15812
15800
15787
15775
15762
15725
15687
15637
15562
15487
15450
15400
15362
15325
15287
15250
15200
15175
15150
15150
15150
15150
15162
15200
15212
15225
15250
15262
15250
15237
15200
15187
15150
15137
15112
15112
15087
15087
15062
15050
15037
15025
15000
14987
14975
14962
14950
14962
14950
14962
14950
14962
14950
14962
14950
14937
14900
14887
14875
14862
14850
14862
14850
14812
14800
14787
14775
14762
14750
14750
14750
14725
14725
14750
14737
14750
14762
14750
14737
14725
14712
14700
14687
14675
14662
14650
14637
14625
14625
14612
14600
14587
14600
14575
14587
14575
14587
14575
14587
14575
14562
14550
14562
14550
14537
14550
14537
14537
14525
14512
14500
14487
14475
14462
14475
14462
14450
14437
14425
14412
14425
14437
14425
14437
14425
14387
14375
14362
14350
14337
14350
14337
14350
14337
14350
14337
14350
14337
14325
14312
14300
14287
14275
14287
14275
14287
14275
14287
14275
14287
14275
14262
14250
14262
14250
14237
14225
14212
14175
14162
14150
14137
14137
14137
14137
14137
14162
14175
14212
14250
14312
14375
14437
14512
14587
14662
14750
14825
14900
15000
15100
15187
15275
15350
15412
15475
15525
15562
15600
15612
15600
15562
15525
15500
15462
15450
15437
15462
15462
15487
15512
15550
15562
15600
15637
15675
15675
15712
15725
15737
15725
15750
15737
15762
15750
15737
15725
15712
15662
15625
15587
15525
15500
15462
15412
15387
15362
15312
15262
15225
15187
15150
15112
15075
15062
15050
15037
15050
15087
15100
15112
15125
15137
15125
15137
15125
15112
15100
15087
15050
15037
15012
15000
14975
14975
14950
14937
14925
14912
14900
14887
14875
14862
14850
14837
14825
14837
14825
14812
14800
14787
14750
14737
14725
14712
14700
14687
14675
14662
14650
14637
14625
14612
14625
14612
14600
14612
14600
14587
14575
14587
14575
14562
14550
14537
14537
14525
14537
14525
14537
14525
14537
14525
14512
14475
14462
14425
14412
14400
14412
14400
14412
14400
14412
14400
14412
14400
14387
14375
14362
14350
14337
14350
14337
14350
14337
14350
14337
14350
14337
14350
14337
14325
14312
14300
14287
14275
14287
14275
14287
14300
14312
14325
14337
14325
14287
14250
14225
14200
14200
14200
14225
14212
14225
14212
14225
14212
14237
14225
14212
14212
14200
14175
14162
14175
14150
14162
14150
14162
14137
14137
14112
14112
14087
14100
14087
14100
14087
14112
14100
14112
14100
14112
14112
14150
14187
14225
14262
14300
14337
14387
14450
14525
14600
14687
14762
14837
14912
14975
15037
15112
15187
15262
15337
15412
15475
15525
15562
15575
15587
15575
15575
15562
15550
15512
15500
15462
15450
15437
15450
15437
15462
15462
15487
15512
15537
15550
15575
15587
15600
15612
15625
15612
15625
15612
15625
15612
15625
15612
15600
15587
15575
15575
15562
15575
15562
15550
15512
15475
15412
15350
15312
15275
15237
15200
15162
15125
15087
15075
15062
15050
15037
15025
15025
15012
15025
15012
15025
15012
15025
15012
15025
15012
15025
15012
15000
14987
14975
14937
14900
14887
14850
14812
14800
14787
14775
14762
14787
14787
14812
14800
14787
14737
14687
14637
14600
14587
14600
14600
14612
14625
14612
14600
14600
14587
14575
14587
14575
14587
14575
14562
14525
14512
14512
14500
14487
14500
14512
14500
14487
14500
14487
14475
14462
14450
14437
14425
14412
14400
14387
14375
14362
14350
14337
14350
14337
14325
14312
14300
14287
14275
14287
14275
14287
14275
14287
14275
14287
14275
14262
14250
14237
14225
14212
14225
14212
14200
14187
14200
14187
14175
14187
14175
14162
14150
14162
14150
14162
14150
14175
14150
14162
14150
14162
14137
14137
14125
14112
14075
14037
14037
14012
14012
14012
14012
14000
13987
13987
13987
14025
14062
14125
14187
14250
14312
14387
14450
14525
14600
14700
14800
14887
14987
15087
15162
15225
15287
15350
15412
15437
15462
15462
15462
15437
15425
15412
15400
15362
15350
15337
15325
15312
15325
15312
15325
15337
15350
15362
15400
15412
15425
15437
15450
15462
15475
15487
15500
15512
15500
15512
15500
15512
15500
15462
15437
15437
15412
15387
15412
15400
15362
15325
15287
15225
15150
15100
15050
14987
14962
14937
14912
14887
14900
14887
14900
14912
14925
14950
14962
14975
14962
14975
14950
14962
14950
14937
14925
14912
14875
14875
14875
14850
14850
14850
14812
14775
14737
14700
14662
14650
14625
14637
14625
14637
14625
14625
14612
14600
14562
14550
14537
14537
14525
14537
14525
14537
14525
14512
14500
14487
14475
14462
14475
14462
14450
14437
14425
14412
14400
14412
14400
14412
14400
14412
14400
14412
14400
14412
14400
14412
14400
14412
14425
14425
14425
14425
14400
14375
14362
14362
14362
14362
14362
14362
14350
14337
14350
14337
14350
14337
14350
14337
14350
14337
14350
14337
14350
14337
14350
14337
14350
14337
14350
14337
14350
14337
14325
14312
14300
14287
14275
14287
14275
14287
14300
14312
14325
14337
14350
14337
14350
14362
14375
14387
14400
14387
14375
14387
14375
14362
14387
14387
14387
14387
14412
14400
14412
14400
14412
14400
14412
14425
14462
14487
14562
14637
14712
14800
14887
14950
15037
15125
15200
15275
15350
15412
15475
15525
15587
15650
15712
15775
15837
15900
15962
16000
16037
16050
16062
16050
16062
16050
16062
16050
16062
16050
16062
16050
16062
16062
16100
16112
16150
16187
16225
16237
16287
16312
16337
16362
16387
16400
16437
16437
16450
16462
16475
16462
16487
16475
16487
16475
16487
16500
16512
16525
16537
16550
16537
16550
16537
16525
16487
16450
16412
16375
16337
16325
16337
16350
16362
16400
16437
16475
16487
16525
16562
16575
16587
16600
16612
16612
16625
16612
16625
16612
16612
16612
16612
16612
16612
16612
16600
16587
16587
16587
16562
16562
16587
16575
16587
16600
16612
16600
16612
16612
16625
16637
16675
16687
16675
16687
16700
16687
16700
16712
16725
16712
16725
16712
16725
16712
16725
16712
16725
16712
16725
16712
16725
16712
16725
16737
16750
16762
16775
16787
16775
16787
16775
16762
16750
16737
16725
16712
16725
16712
16725
16712
16725
16712
16725
16712
16700
16687
16675
16662
16650
16662
16637
16637
16650
16662
16650
16675
16675
16662
16675
16687
16700
16712
16725
16712
16725
16712
16725
16712
16725
16712
16700
16687
16675
16662
16650
16662
16650
16662
16650
16637
16600
16587
16562
16550
16537
16550
16537
16550
16537
16550
16537
16525
16512
16500
16487
16475
16487
16475
16462
16450
16437
16425
16412
16425
16400
16412
16400
16412
16400
16425
16412
16425
16437
16475
16512
16587
16662
16762
16862
16962
17062
17187
17287
17387
17475
17550
17600
17662
17725
17762
17800
17837
17837
17837
17837
17850
17825
17812
17775
17737
17687
17650
17650
17637
17650
17637
17650
17650
17662
17675
17712
17725
17712
17725
17712
17700
17687
17675
17662
17650
17625
17612
17600
17587
17562
17562
17537
17500
17462
17437
17387
17337
17300
17237
17175
17112
17087
17050
17037
17025
17012
17000
16987
16975
16962
16975
16962
16975
16962
16975
16987
17000
17012
17025
17037
17025
17037
17025
17037
17025
17012
17000
16987
16975
16962
16950
16937
16925
16887
16875
16862
16850
16837
16825
16812
16800
16787
16775
16787
16775
16762
16750
16737
16725
16712
16687
16675
16662
16650
16637
16662
16650
16637
16600
16587
16562
16550
16537
16525
16512
16500
16462
16450
16437
16425
16412
16400
16387
16375
16362
16350
16337
16325
16312
16300
16287
16300
16287
16300
16287
16300
16287
16300
16287
16300
16287
16300
16275
16287
16275
16262
16250
16275
16262
16275
16287
16312
16312
16337
16337
16362
16350
16362
16350
16362
16350
16362
16350
16362
16350
16375
16375
16400
16400
16400
16387
16375
16362
16350
16337
16325
16312
16300
16312
16312
16312
16337
16337
16337
16350
16362
16375
16412
16425
16462
16500
16512
16537
16575
16625
16675
16750
16825
16900
16987
17062
17162
17250
17337
17412
17487
17550
17600
17637
17675
17712
17750
17762
17800
17812
17825
17812
17800
17787
17775
17762
17750
17737
17725
17737
17750
17762
17775
17800
17800
17800
17825
17850
17862
17875
17887
17875
17887
17875
17862
17850
17837
17825
17812
17825
17812
17825
17800
17800
17800
17800
17775
17762
17725
17687
17650
17625
17587
17537
17462
17412
17362
17312
17275
17237
17175
17137
17112
17075
17037
17025
16987
16975
16962
16987
16975
16987
16975
16987
16962
16975
16962
16950
16937
16925
16887
16875
16850
16825
16800
16775
16750
16737
16700
16687
16675
16662
16650
16637
16600
16587
16562
16525
16512
16500
16462
16425
16412
16375
16337
16300
16287
16250
16212
16200
16187
16150
16137
16125
16087
16075
16062
16037
16000
15987
15950
15937
15925
15937
15912
15912
15887
15862
15812
15800
15762
15750
15737
15750
15737
15725
15712
15700
15687
15675
15662
15650
15662
15637
15637
15637
15637
15612
15625
15612
15600
15587
15575
15575
15562
15550
15537
15525
15512
15500
15487
15450
15437
15425
15412
15400
15412
15400
15387
15375
15362
15362
15362
15362
15362
15387
15375
15387
15400
15412
15400
15412
15400
15387
15375
15362
15350
15362
15350
15337
15350
15337
15325
15312
15300
15287
15300
15287
15275
15287
15275
15262
15250
15262
15250
15275
15300
15350
15400
15475
15550
15625
15700
15775
15837
15912
15975
16062
16150
16237
16312
16387
16450
16512
16562
16600
16612
16625
16612
16587
16575
16562
16525
16487
16475
16437
16425
16412
16425
16437
16450
16462
16512
16537
16537
16562
16562
16550
16537
16525
16512
16500
16487
16475
16462
16450
16437
16400
16387
16375
16337
16300
16262
16200
16137
16075
16012
15962
15925
15887
15875
15862
15875
15887
15900
15912
15925
15937
15925
15937
15912
15912
15887
15862
15837
15825
15787
15775
15762
15750
15737
15725
15712
15700
15662
15625
15587
15550
15525
15487
15475
15462
15450
15437
15450
15437
15425
15412
15400
15362
15350
15337
15325
15312
15300
15287
15275
15262
15250
15262
15250
15237
15225
15212
15200
15187
15200
15187
15200
15187
15200
15187
15175
15162
15150
15137
15125
15137
15125
15137
15125
15137
15125
15137
15125
15137
15125
15137
15125
15112
15075
15062
15050
15037
15025
15037
15025
15025
15012
15025
15012
15025
15012
15025
15012
15025
15025
15037
15062
15087
15125
15162
15225
15275
15350
15412
15475
15550
15625
15700
15775
15837
15900
15962
16037
16125
16212
16300
16375
16425
16437
16425
16412
16375
16337
16300
16287
16250
16237
16225
16237
16225
16237
16225
16237
16250
16262
16275
16287
16312
16312
16312
16312
16337
16325
16337
16350
16362
16350
16337
16325
16312
16300
16287
16300
16287
16275
16237
16200
16137
16075
16012
15962
15900
15837
15800
15762
15750
15737
15750
15737
15750
15737
15750
15737
15750
15737
15750
15737
15750
15737
15725
15712
15700
15687
15675
15662
15650
15637
15600
15587
15575
15575
15575
15587
15600
15612
15625
15600
15600
15575
15550
15537
15500
15487
15475
15462
15450
15500
15500
15500
15525
15525
15487
15475
15462
15425
15412
15425
15412
15400
15387
15375
15337
15325
15337
15350
15362
15375
15387
15375
15362
15350
15337
15300
15287
15300
15287
15275
15287
15250
15237
15225
15237
15225
15262
15250
15237
15225
15237
15225
15212
15225
15212
15175
15162
15150
15112
15100
15087
15075
15087
15100
15087
15100
15087
15075
15062
15050
15037
15050
15037
15025
15037
15050
15037
15025
15037
15025
15025
15012
15025
15012
15025
15012
15000
14987
14975
14962
14950
14937
14925
14912
14900
14887
14875
14875
14875
14875
14875
14900
14912
14925
14937
14975
15000
15037
15125
15187
15250
15312
15375
15425
15487
15575
15662
15750
15825
15900
15962
16012
16050
16087
16125
16137
16150
16187
16200
16212
16225
16237
16225
16237
16225
16212
16200
16187
16150
16137
16125
16112
16100
16112
16100
16112
16125
16137
16150
16187
16200
16212
16225
16237
16250
16262
16275
16287
16300
16312
16325
16337
16350
16362
16350
16362
16350
16337
16300
16287
16250
16200
16175
16150
16100
16050
16012
15987
15950
15912
15875
15837
15800
15762
15725
15712
15725
15712
15725
15737
15750
15737
15750
15737
15762
15762
15787
15787
15825
15812
15800
15787
15775
15750
15737
15725
15712
15700
15687
15662
15637
15612
15587
15550
15512
15512
15487
15462
15437
15437
15400
15387
15375
15362
15350
15337
15325
15312
15300
15287
15275
15262
15250
15262
15250
15225
15212
15200
15162
15125
15125
15087
15050
15037
15025
15000
14987
14975
14962
14950
14937
14925
14912
14875
14862
14850
14837
14825
14837
14825
14812
14800
14787
14775
14762
14750
14737
14725
14712
14700
14687
14675
14662
14662
14650
14637
14600
14587
14562
14550
14537
14550
14537
14537
14537
14537
14537
14537
14537
14525
14537
14525
14537
14525
14537
14525
14512
14500
14512
14500
14487
14500
14487
14487
14487
14512
14512
14512
14500
14487
14475
14462
14475
14462
14475
14462
14450
14437
14425
14412
14400
14412
14400
14412
14425
14437
14450
14487
14512
14550
14625
14700
14787
14875
14950
15025
15100
15162
15225
15287
15350
15412
15475
15525
15587
15650
15712
15775
15837
15900
15925
15950
15950
15950
15925
15912
15900
15887
15875
15887
15900
15912
15962
15975
15987
16025
16037
16037
16062
16100
16112
16125
16137
16125
16087
16100
16100
16075
16075
16062
16037
16037
16037
16012
16000
15962
15900
15837
15775
15712
15650
15587
15550
15525
15512
15500
15512
15500
15512
15500
15512
15500
15512
15500
15512
15500
15512
15500
15512
15500
15487
15475
15462
15425
15425
15412
15375
15362
15350
15300
15287
15275
15237
15225
15212
15200
15187
15175
15162
15150
15137
15125
15137
15125
15137
15125
15112
15100
15087
15050
15037
15025
15000
14987
14975
14962
14937
14937
14937
14937
14912
14925
14912
14900
14887
14912
14912
14937
14937
14937
14925
14912
14900
14887
14875
14862
14850
14837
14812
14825
14812
14825
14812
14837
14825
14837
14812
14825
14812
14800
14787
14787
14775
14762
14775
14762
14775
14762
14775
14762
14775
14762
14787
14775
14787
14762
14775
14750
14737
14725
14725
14687
14675
14662
14650
14637
14650
14637
14625
14612
14600
14562
14550
14537
14537
14525
14537
14525
14537
14537
14550
14575
14600
14625
14662
14725
14775
14850
14925
15000
15075
15150
15225
15287
15362
15437
15500
15575
15650
15712
15775
15837
15900
15962
16000
16037
16050
16037
16025
16012
16000
15987
16000
15987
16000
15987
16000
15987
16000
15987
16000
16012
16025
16037
16050
16062
16062
16100
16112
16150
16162
16175
16162
16175
16162
16175
16162
16175
16162
16150
16137
16125
16087
16050
16037
16000
15975
15950
15925
15875
15862
15812
15762
15712
15662
15612
15575
15550
15537
15525
15512
15525
15550
15562
15600
15612
15600
15587
15600
15575
15575
15575
15575
15562
15575
15562
15575
15550
15550
15512
15500
15487
15475
15437
15437
15412
15387
15375
15362
15350
15337
15300
15300
15300
15300
15300
15300
15262
15250
15212
15200
15187
15200
15187
15200
15187
15175
15162
15150
15137
15125
15137
15125
15137
15125
15112
15112
15112
15087
15062
15075
15050
15025
15025
15025
15025
15012
15025
15012
15025
15012
15000
14987
14975
14962
14950
14937
14925
14912
14912
14900
14912
14900
14912
14887
14900
14887
14900
14887
14875
14862
14850
14837
14825
14837
14825
14837
14825
14837
14825
14812
14800
14787
14775
14762
14750
14737
14750
14737
14725
14737
14725
14712
14700
14712
14700
14712
14700
14712
14700
14712
14700
14687
14675
14662
14650
14637
14650
14637
14650
14637
14650
14637
14650
14637
14650
14637
14625
14612
14600
14587
14575
14562
14550
14562
14550
14562
14575
14587
14600
14637
14675
14750
14825
14900
14962
15037
15125
15212
15300
15387
15475
15550
15637
15725
15812
15887
15937
15950
15962
15937
15912
15887
15887
15862
15850
15837
15825
15812
15825
15837
15850
15862
15875
15887
15900
15912
15950
15987
16000
16037
16050
16037
16025
16012
15975
15937
15900
15862
15812
15787
15762
15737
15687
15675
15637
15600
15562
15525
15475
15437
15400
15387
15400
15412
15425
15462
15475
15487
15500
15512
15500
15512
15500
15512
15500
15487
15475
15462
15450
15437
15425
15412
15400
15387
15375
15362
15350
15337
15325
15312
15300
15287
15275
15237
15225
15212
15200
15187
15200
15187
15175
15175
15162
15150
15137
15150
15125
15112
15100
15087
15075
15062
15075
15062
15050
15037
15025
15025
15012
15025
15012
15000
14962
14950
14912
14900
14887
14900
14887
14900
14887
14900
14887
14900
14887
14875
14862
14850
14837
14825
14812
14800
14787
14775
14750
14750
14725
14725
14700
14687
14675
14662
14650
14662
14675
14687
14700
14712
14700
14687
14675
14662
14650
14637
14650
14637
14625
14612
14600
14587
14575
14587
14562
14562
14562
14562
14562
14575
14587
14575
14587
14575
14587
14575
14587
14575
14587
14575
14562
14550
14537
14537
14537
14537
14537
14537
14512
14500
14487
14475
14462
14475
14487
14512
14550
14612
14675
14737
14800
14862
14925
14975
15050
15125
15200
15275
15362
15437
15500
15575
15650
15712
15775
15837
15900
15962
16012
16050
16062
16075
16062
16037
16025
16012
15975
15962
15950
15912
15900
15912
15887
15887
15875
15862
15825
15825
15800
15812
15825
15837
15850
15887
15900
15912
15950
15962
15975
15987
16000
16012
16037
16037
16062
16062
16062
16050
16062
16050
16037
16000
15950
15875
15825
15762
15700
15650
15587
15525
15487
15437
15387
15350
15312
15275
15262
15275
15287
15300
15337
15375
15387
15400
15412
15400
15387
15375
15387
15375
15362
15350
15337
15300
15287
15275
15237
15225
15212
15200
15187
15175
15162
15150
15112
15100
15087
15075
15062
15075
15062
15075
15062
15050
15037
15025
15000
14987
14975
14937
14937
14937
14937
14937
14962
14950
14962
14950
14937
14925
14912
14900
14887
14900
14887
14900
14887
14850
14837
14825
14787
14775
14787
14775
14762
14750
14737
14725
14712
14700
14712
14700
14712
14700
14712
14700
14687
14675
14662
14650
14637
14625
14625
14612
14600
14587
14600
14600
14612
14625
14637
14650
14637
14650
14637
14650
14637
14625
14612
14600
14587
14575
14562
14550
14537
14537
14525
14537
14525
14500
14487
14475
14475
14462
14487
14475
14487
14487
14487
14487
14487
14487
14462
14475
14462
14475
14462
14475
14462
14450
14437
14425
14387
14375
14362
14350
14325
14337
14325
14337
14325
14325
14312
14300
14287
14275
14287
14300
14312
14325
14337
14350
14362
14400
14412
14450
14487
14512
14550
14612
14675
14750
14837
14912
15012
15125
15225
15312
15412
15487
15575
15662
15750
15825
15862
15887
15887
15862
15837
15825
15787
15775
15762
15725
15687
15675
15637
15625
15637
15650
15662
15675
15687
15700
15712
15725
15762
15775
15787
15825
15862
15875
15912
15925
15937
15925
15912
15875
15862
15825
15812
15800
15787
15750
15712
15650
15587
15525
15500
15450
15400
15350
15300
15250
15237
15250
15250
15275
15300
15300
15275
15287
15275
15262
15250
15275
15262
15250
15237
15225
15175
15137
15125
15087
15050
15037
15025
15000
14987
14975
14962
14950
14937
14925
14912
14900
14887
14900
14875
14875
14850
14850
14825
14837
14825
14837
14825
14812
14800
14787
14775
14762
14750
14737
14725
14712
14700
14687
14675
14662
14650
14637
14650
14637
14650
14637
14650
14637
14650
14637
14650
14637
14625
14612
14600
14587
14575
14562
14550
14537
14512
14500
14487
14475
14462
14450
14437
14425
14425
14425
14425
14437
14437
14425
14412
14425
14400
14412
14400
14412
14400
14387
14375
14387
14375
14387
14400
14412
14400
14387
14375
14350
14325
14300
14300
14300
14312
14300
14312
14300
14287
14275
14287
14275
14287
14300
14337
14375
14437
14487
14550
14612
14687
14762
14850
14925
15012
15087
15162
15225
15300
15375
15450
15512
15587
15650
15687
15725
15737
15762
15762
15787
15787
15787
15775
15762
15750
15737
15725
15712
15700
15662
15650
15637
15600
15587
15575
15575
15575
15587
15600
15612
15625
15637
15650
15662
15675
15687
15700
15712
15725
15712
15712
15712
15712
15712
15737
15750
15737
15725
15687
15675
15637
15600
15562
15550
15512
15462
15437
15412
15362
15325
15287
15225
15200
15175
15150
15150
15150
15137
15125
15137
15150
15162
15175
15187
15200
15212
15225
15212
15237
15237
15212
15212
15212
15200
15187
15175
15162
15150
15137
15125
15112
15100
15087
15050
15037
15025
15025
15012
15025
15012
15025
15012
15000
14987
14975
14962
14950
14937
14925
14912
14900
14887
14875
14862
14850
14837
14825
14837
14825
14837
14825
14837
14825
14837
14825
14837
14825
14812
14800
14787
14775
14762
14775
14762
14750
14712
14700
14662
14650
14637
14650
14637
14650
14637
14675
14675
14675
14675
14675
14650
14637
14625
14612
14600
14562
14550
14537
14537
14525
14537
14525
14537
14525
14537
14525
14512
14500
14487
14487
14487
14512
14512
14512
14500
14487
14475
14462
14450
14437
14425
14387
14375
14362
14350
14337
14325
14312
14300
14287
14275
14287
14275
14300
14300
14300
14300
14325
14337
14375
14437
14500
14587
14675
14762
14862
14937
15012
15087
15162
15225
15287
15350
15412
15475
15550
15625
15700
15775
15812
15825
15837
15825
15812
15800
15787
15775
15762
15750
15737
15725
15725
15725
15700
15700
15700
15687
15675
15700
15700
15725
15750
15775
15787
15800
15837
15837
15837
15837
15862
15837
15850
15862
15875
15862
15875
15862
15850
15837
15825
15787
15775
15762
15725
15687
15650
15612
15575
15550
15512
15475
15400
15350
15325
15300
15275
15287
15275
15262
15250
15262
15275
15287
15300
15312
15325
15312
15300
15287
15275
15237
15225
15212
15200
15187
15175
15162
15150
15112
15112
15112
15087
15087
15075
15050
15050
15050
15025
15037
15025
15000
14987
14975
14962
14950
14962
14950
14962
14950
14962
14950
14962
14950
14937
14925
14912
14900
14887
14900
14887
14875
14862
14850
14812
14800
14787
14750
14737
14725
14712
14700
14712
14700
14712
14700
14687
14675
14662
14650
14637
14625
14612
14600
14587
14575
14562
14525
14525
14512
14487
14487
14487
14475
14462
14475
14462
14475
14450
14450
14450
14450
14425
14437
14425
14412
14400
14412
14400
14387
14375
14387
14375
14362
14375
14362
14325
14312
14300
14262
14250
14262
14250
14262
14300
14337
14375
14437
14500
14575
14650
14725
14800
14875
14937
15012
15087
15162
15237
15312
15387
15462
15525
15587
15650
15687
15725
15737
15725
15712
15700
15662
15650
15637
15625
15612
15600
15587
15575
15575
15562
15575
15575
15587
15600
15612
15625
15637
15650
15662
15700
15712
15725
15737
15750
15737
15750
15737
15750
15737
15750
15737
15750
15737
15750
15737
15750
15737
15725
15712
15700
15662
15625
15587
15525
15475
15437
15400
15350
15300
15250
15200
15150
15137
15125
15137
15125
15137
15125
15137
15125
15137
15125
15112
15075
15062
15025
15025
15012
15000
14987
14975
14962
14950
14962
14950
14937
14925
14912
14875
14862
14850
14837
14825
14837
14825
14812
14800
14787
14775
14762
14750
14750
14750
14725
14725
14725
14687
14675
14662
14650
14637
14625
14612
14600
14587
14575
14587
14575
14537
14525
14512
14512
14500
14537
14525
14537
14525
14512
14500
14487
14475
14462
14475
14450
14462
14450
14425
14412
14412
14400
14387
14412
14400
14412
14400
14412
14400
14412
14387
14387
14387
14387
14387
14400
14412
14400
14387
14375
14362
14350
14337
14350
14337
14325
14312
14300
14287
14275
14287
14262
14262
14237
14237
14212
14237
14237
14237
14237
14237
14225
14237
14275
14325
14400
14487
14575
14662
14737
14800
14862
14925
15000
15075
15150
15225
15287
15350
15412
15475
15525
15587
15625
15662
15675
15662
15662
15662
15637
15637
15637
15600
15587
15575
15550
15550
15550
15525
15525
15525
15512
15525
15537
15550
15575
15587
15600
15612
15625
15637
15650
15662
15675
15687
15675
15687
15675
15687
15675
15687
15662
15662
15637
15612
15587
15562
15550
15525
15500
15475
15462
15425
15387
15350
15312
15275
15237
15200
15187
15150
15137
15125
15137
15125
15137
15150
15162
15175
15187
15200
15187
15175
15162
15150
15137
15125
15112
15100
15087
15050
15037
15025
15000
14987
14975
14962
14950
14937
14937
14937
14912
14912
14912
14875
14862
14850
14812
14812
14812
14787
14787
14787
14775
14762
14775
14762
14775
14762
14775
14762
14775
14762
14775
14762
14750
14737
14725
14687
14675
14662
14650
14637
14625
14612
14600
14587
14575
14562
14562
14562
14537
14537
14525
14512
14487
14500
14487
14487
14487
14512
14487
14500
14512
14500
14487
14487
14475
14462
14475
14462
14450
14437
14425
14412
14387
14387
14387
14387
14387
14400
14412
14400
14412
14400
14412
14400
14412
14400
14387
14387
14387
14362
14362
14362
14325
14312
14300
14287
14275
14287
14275
14287
14275
14287
14275
14287
14275
14287
14300
14312
14325
14312
14337
14362
14412
14450
14550
14612
14687
14762
14850
14925
15025
15125
15225
15325
15425
15500
15575
15650
15712
15750
15787
15800
15812
15800
15812
15800
15787
15775
15762
15725
15712
15700
15687
15675
15687
15675
15687
15675
15687
15700
15712
15725
15762
15775
15787
15800
15812
15825
15837
15850
15862
15875
15862
15875
15862
15875
15862
15850
15837
15825
15787
15775
15762
15725
15687
15637
15562
15487
15425
15350
15287
15250
15212
15200
15187
15200
15212
15225
15237
15250
15275
15275
15275
15275
15275
15262
15250
15237
15237
15225
15212
15200
15212
15187
15175
15162
15150
15112
15100
15087
15050
15037
15025
15000
14987
14975
14937
14925
14912
14900
14887
14875
14862
14850
14812
14800
14787
14775
14762
14750
14737
14712
14687
14687
14687
14687
14700
14687
14687
14687
14662
14662
14662
14612
14587
14562
14537
14537
14550
14562
14562
14575
14562
14575
14562
14562
14550
14537
14537
14525
14512
14500
14487
14475
14462
14475
14462
14450
14450
14450
14425
14425
14425
14412
14400
14387
14375
14362
14350
14337
14350
14337
14350
14337
14350
14337
14350
14337
14325
14312
14300
14287
14275
14287
14275
14287
14275
14287
14275
14287
14275
14287
14275
14262
14250
14237
14225
14212
14200
14187
14175
14162
14150
14162
14150
14162
14175
14212
14250
14312
14375
14437
14487
14562
14637
14712
14800
14887
14950
15025
15100
15162
15225
15300
15375
15450
15512
15562
15612
15637
15662
15662
15687
15662
15637
15587
15562
15525
15512
15525
15550
15587
15625
15662
15675
15687
15700
15712
15725
15737
15750
15737
15750
15737
15750
15737
15725
15687
15650
15612
15575
15550
15500
15475
15425
15375
15325
15287
15225
15187
15150
15112
15100
15087
15075
15062
15075
15062
15075
15087
15100
15112
15100
15100
15100
15100
15100
15125
15112
15075
15062
15050
15025
15000
15000
14975
14937
14925
14900
14875
14875
14875
14850
14862
14850
14837
14825
14812
14812
14800
14787
14775
14787
14762
14750
14712
14712
14675
14662
14650
14662
14637
14625
14612
14625
14600
14600
14600
14575
14550
14537
14537
14525
14537
14525
14512
14500
14487
14475
14462
14475
14462
14450
14437
14425
14425
14412
14425
14412
14400
14375
14362
14350
14337
14350
14337
14350
14337
14350
14362
14375
14362
14375
14362
14350
14362
14375
14362
14350
14337
14300
14262
14250
14237
14225
14212
14225
14212
14200
14187
14175
14162
14150
14162
14150
14162
14150
14162
14150
14162
14175
14212
14250
14312
14375
14437
14500
14575
14650
14737
14825
14900
14962
15037
15100
15162
15225
15287
15350
15412
15475
15512
15550
15575
15587
15600
15612
15600
15587
15575
15550
15537
15525
15512
15500
15512
15500
15512
15500
15512
15500
15525
15525
15550
15562
15587
15600
15612
15625
15612
15625
15612
15625
15612
15625
15612
15600
15587
15575
15575
15562
15550
15537
15525
15487
15450
15412
15350
15287
15225
15187
15150
15137
15112
15112
15087
15087
15062
15075
15062
15075
15062
15075
15062
15075
15062
15075
15062
15087
15087
15087
15087
15087
15075
15062
15050
15037
15025
15025
15012
15000
14962
14950
14912
14900
14887
14900
14887
14875
14837
14825
14787
14750
14737
14725
14687
14675
14662
14625
14612
14600
14562
14550
14537
14537
14525
14537
14525
14537
14525
14537
14525
14537
14525
14512
14500
14487
14475
14462
14450
14450
14450
14425
14400
14400
14387
14375
14387
14400
14387
14375
14362
14325
14312
14300
14287
14275
14287
14275
14262
14262
14262
14237
14237
14262
14250
14262
14275
14287
14275
14287
14275
14262
14250
14237
14225
14212
14225
14212
14225
14212
14225
14212
14225
14212
14225
14212
14200
14187
14175
14137
14125
14112
14100
14087
14100
14087
14100
14112
14125
14112
14125
14150
14125
14137
14150
14162
14162
14212
14262
14337
14412
14487
14575
14650
14737
14825
14900
14987
15075
15162
15250
15325
15400
15475
15537
15587
15612
15637
15637
15600
15587
15575
15550
15537
15525
15512
15525
15537
15550
15575
15587
15600
15612
15625
15637
15650
15662
15675
15687
15675
15687
15675
15662
15650
15637
15625
15612
15600
15562
15525
15475
15412
15350
15287
15250
15200
15175
15150
15125
15075
15062
15025
15000
14987
15000
15000
15012
15050
15050
15050
15050
15050
15025
15037
15025
15025
15012
15000
14987
14975
14962
14950
14937
14925
14912
14875
14862
14875
14862
14850
14837
14825
14787
14775
14762
14775
14762
14750
14737
14725
14712
14700
14712
14700
14712
14687
14687
14662
14662
14637
14650
14637
14650
14637
14650
14637
14625
14612
14600
14587
14575
14587
14575
14562
14550
14537
14537
14512
14512
14512
14512
14487
14500
14487
14450
14437
14425
14412
14400
14412
14400
14387
14375
14387
14375
14362
14375
14362
14325
14312
14300
14287
14275
14287
14275
14262
14250
14237
14225
14212
14200
14187
14175
14162
14150
14162
14150
14162
14150
14162
14150
14162
14150
14162
14150
14137
14125
14112
14100
14087
14100
14087
14100
14087
14100
14087
14075
14062
14050
14037
14050
14087
14125
14187
14250
14312
14375
14437
14500
14575
14650
14725
14812
14887
14975
15062
15150
15225
15300
15375
15450
15500
15550
15562
15550
15537
15525
15487
15475
15462
15450
15437
15450
15437
15450
15462
15475
15487
15525
15537
15550
15575
15587
15575
15587
15600
15587
15600
15612
15625
15600
15600
15600
15600
15575
15587
15575
15575
15562
15575
15562
15550
15537
15512
15462
15412
15362
15275
15225
15175
15125
15075
15037
15000
14962
14937
14937
14937
14937
14950
14937
14937
14937
14937
14937
14962
14975
14987
14975
14987
14975
14962
14950
14937
14925
14912
14875
14862
14850
14837
14825
14812
14800
14787
14750
14737
14725
14712
14700
14687
14675
14662
14650
14637
14662
14650
14662
14650
14637
14612
14600
14587
14575
14587
14575
14562
14550
14537
14512
14500
14487
14450
14437
14425
14412
14400
14412
14400
14412
14400
14387
14375
14362
14325
14312
14300
14287
14275
14287
14300
14300
14300
14300
14300
14275
14262
14250
14237
14225
14212
14225
14212
14225
14212
14200
14187
14175
14175
14175
14175
14175
14175
14162
14150
14162
14150
14162
14137
14137
14112
14112
14087
14075
14062
14050
14037
14025
14037
14025
14012
14000
13987
13987
13975
13987
13975
13987
13975
13987
13987
14025
14062
14125
14187
14262
14312
14375
14437
14487
14537
14612
14687
14775
14862
14937
15037
15125
15200
15275
15325
15375
15425
15450
15475
15500
15512
15500
15487
15450
15437
15400
15362
15325
15325
15287
15275
15287
15300
15300
15337
15350
15362
15375
15387
15400
15412
15425
15462
15475
15462
15475
15462
15425
15387
15375
15337
15300
15262
15225
15162
15100
15037
14975
14925
14887
14850
14837
14850
14862
14875
14887
14900
14887
14875
14837
14825
14787
14750
14737
14725
14687
14675
14662
14625
14587
14550
14512
14487
14475
14487
14487
14462
14462
14437
14412
14400
14412
14400
14387
14375
14362
14350
14337
14350
14337
14325
14312
14300
14287
14275
14287
14275
14262
14250
14237
14225
14212
14225
14212
14225
14212
14200
14187
14175
14162
14150
14137
14125
14112
14100
14087
14112
14100
14112
14100
14112
14087
14075
14062
14050
14037
14025
14037
14025
14037
14025
14012
14000
13987
13987
13975
13987
13975
13987
13975
13987
13975
13987
13975
13987
13975
13987
13975
13962
13962
13962
13937
13937
13937
13925
13912
13900
13887
13875
13862
13850
13862
13850
13837
13825
13837
13825
13837
13850
13875
13875
13900
13925
13987
14037
14125
14225
14312
14400
14475
14562
14637
14712
14787
14862
14925
14975
15037
15100
15162
15200
15250
15300
15325
15350
15375
15387
15375
15387
15362
15375
15362
15375
15350
15362
15362
15350
15312
15312
15287
15262
15250
15262
15250
15262
15250
15262
15250
15262
15250
15262
15275
15312
15325
15362
15400
15412
15425
15437
15450
15437
15462
15462
15462
15462
15462
15425
15412
15400
15362
15350
15337
15300
15262
15225
15162
15125
15087
15050
15012
14975
14925
14862
14825
14787
14775
14787
14825
14837
14875
14887
14900
14887
14900
14887
14875
14862
14850
14837
14825
14812
14800
14787
14750
14712
14700
14662
14625
14612
14600
14562
14550
14537
14537
14525
14512
14500
14487
14475
14462
14475
14462
14450
14437
14425
14412
14400
14412
14400
14412
14400
14387
14375
14362
14325
14312
14300
14262
14225
14225
14200
14200
14200
14200
14187
14175
14162
14150
14162
14150
14162
14150
14162
14150
14162
14137
14137
14112
14112
14112
14150
14137
14150
14137
14125
14087
14075
14062
14050
14037
14025
14037
14025
14037
14025
14037
14012
14012
13987
13987
13975
13987
13975
13987
13975
13962
13950
13962
13950
13937
13950
13937
13925
13912
13925
13912
13937
13937
13937
13937
13937
13900
13887
13875
13862
13850
13862
13850
13837
13825
13812
13800
13787
13800
13812
13850
13887
13937
14000
14062
14125
14187
14262
14337
14412
14487
14575
14650
14725
14800
14862
14925
14975
15037
15100
15162
15225
15287
15325
15362
15375
15362
15350
15337
15300
15287
15275
15237
15225
15212
15200
15187
15200
15187
15200
15212
15225
15237
15275
15287
15300
15337
15350
15362
15375
15387
15375
15387
15375
15387
15375
15362
15350
15337
15300
15287
15275
15237
15200
15162
15100
15037
14975
14950
14912
14875
14837
14800
14762
14725
14712
14700
14712
14700
14712
14700
14712
14700
14712
14700
14712
14700
14712
14700
14712
14700
14712
14700
14687
14650
14612
14575
14537
14537
14525
14512
14475
14462
14425
14412
14400
14412
14400
14387
14375
14362
14325
14312
14300
14262
14250
14237
14225
14212
14225
14212
14200
14187
14175
14137
14125
14112
14100
14087
14075
14062
14050
14037
14025
14037
14025
14037
14025
14037
14025
14012
14000
14012
14000
13987
14000
13987
13987
13975
13987
13962
13962
13937
13937
13912
13925
13912
13925
13900
13900
13900
13900
13875
13887
13900
13887
13875
13887
13875
13862
13850
13875
13862
13850
13837
13825
13800
13787
13800
13787
13800
13787
13800
13787
13800
13787
13775
13762
13750
13737
13725
13737
13725
13737
13725
13737
13725
13712
13700
13687
13650
13637
13625
13612
13600
13587
13575
13562
13550
13562
13575
13587
13625
13662
13700
13762
13837
13925
14012
14100
14187
14262
14337
14412
14512
14612
14700
14787
14862
14925
14975
15037
15075
15112
15125
15137
15125
15112
15075
15037
14975
14950
14912
14900
14887
14900
14912
14925
14937
14950
14962
14975
14975
14987
15000
15012
15000
15025
15000
15012
15000
15012
15000
15000
14987
14975
14937
14900
14862
14800
14737
14675
14612
14575
14537
14512
14500
14487
14475
14462
14475
14487
14500
14512
14537
14550
14537
14575
14562
14525
14512
14500
14450
14437
14425
14412
14400
14387
14375
14362
14325
14312
14300
14287
14275
14262
14250
14237
14225
14212
14200
14187
14175
14162
14150
14162
14150
14137
14137
14137
14112
14112
14112
14100
14087
14100
14087
14075
14062
14050
14037
14025
14037
14025
14037
14025
14012
14000
13987
13987
13987
13987
13987
13987
13987
13975
13987
13975
13962
13950
13937
13925
13912
13900
13887
13875
13862
13850
13862
13850
13837
13825
13812
13800
13787
13800
13787
13800
13787
13800
13787
13800
13787
13800
13787
13800
13787
13800
13787
13775
13762
13750
13737
13725
13737
13712
13712
13687
13687
13662
13650
13637
13625
13612
13625
13637
13650
13687
13700
13725
13775
13837
13887
13975
14050
14125
14187
14262
14337
14412
14487
14575
14650
14725
14800
14862
14925
14987
15062
15112
15162
15175
15175
15150
15150
15125
15112
15100
15112
15100
15087
15100
15087
15075
15062
15075
15087
15100
15112
15125
15137
15150
15162
15175
15212
15225
15212
15225
15212
15175
15162
15150
15112
15075
15025
14975
14937
14887
14837
14800
14762
14725
14687
14675
14662
14650
14637
14650
14637
14650
14662
14675
14687
14700
14712
14687
14687
14662
14662
14637
14650
14637
14625
14612
14600
14587
14575
14562
14550
14537
14512
14500
14487
14450
14437
14425
14412
14400
14412
14400
14412
14400
14387
14337
14325
14312
14300
14287
14312
14300
14287
14275
14287
14275
14262
14250
14237
14225
14212
14225
14200
14200
14175
14175
14150
14162
14150
14125
14112
14100
14087
14075
14100
14087
14075
14062
14050
14037
14025
14037
14025
14012
14012
14012
14012
14012
14012
14000
13987
13987
13975
13962
13950
13937
13925
13912
13925
13912
13900
13887
13875
13862
13850
13862
13850
13862
13850
13862
13850
13862
13850
13862
13837
13837
13812
13812
13787
13775
13762
13750
13737
13725
13737
13725
13750
13737
13725
13712
13700
13675
13662
13675
13662
13675
13662
13675
13687
13725
13775
13850
13912
13987
14062
14125
14187
14250
14312
14375
14437
14512
14587
14662
14737
14800
14875
14937
15012
15087
15162
15187
15212
15212
15212
15175
15175
15150
15150
15125
15137
15125
15112
15100
15087
15075
15062
15075
15087
15100
15112
15150
15162
15175
15187
15200
15212
15225
15212
15237
15237
15237
15237
15262
15250
15262
15250
15237
15225
15212
15200
15187
15200
15187
15175
15162
15150
15112
15100
15087
15050
15000
14975
14937
14887
14837
14800
14762
14725
14712
14700
14687
14675
14662
14650
14637
14650
14662
14675
14687
14700
14712
14700
14712
14700
14712
14700
14712
14700
14687
14675
14662
14650
14637
14625
14612
14600
14562
14550
14537
14512
14500
14487
14450
14437
14425
14412
14400
14412
14400
14412
14400
14387
14375
14362
14350
14337
14350
14337
14350
14337
14325
14312
14300
14287
14275
14287
14275
14262
14250
14237
14225
14212
14225
14212
14187
14175
14162
14150
14137
14162
14150
14175
14162
14150
14137
14125
14100
14087
14100
14087
14075
14062
14050
14037
14025
14037
14025
14037
14025
14012
14000
13987
13987
13950
13950
13950
13950
13950
13975
13987
13975
13987
13975
13987
13975
13987
13975
13987
13975
13987
13975
13987
13975
13962
13950
13937
13900
13887
13875
13862
13850
13837
13825
13812
13800
13787
13800
13787
13800
13812
13862
13900
13975
14050
14125
14187
14250
14312
14375
14437
14500
14575
14650
14725
14812
14887
14950
15025
15100
15162
15225
15262
15300
15337
15350
15337
15350
15337
15300
15287
15262
15237
15212
15212
15187
15200
15187
15200
15187
15200
15212
15225
15237
15275
15287
15300
15312
15325
15312
15325
15312
15325
15337
15350
15337
15350
15337
15325
15312
15325
15312
15287
15262
15237
15212
15187
15175
15137
15100
15037
14975
14925
14887
14850
14812
14800
14787
14775
14762
14775
14787
14800
14812
14850
14862
14850
14862
14850
14837
14825
14837
14825
14812
14800
14787
14775
14762
14750
14712
14700
14662
14650
14637
14625
14587
14575
14537
14537
14525
14537
14525
14537
14525
14512
14500
14487
14475
14462
14450
14437
14425
14412
14400
14387
14375
14362
14350
14337
14325
14312
14300
14287
14275
14287
14275
14287
14275
14287
14275
14262
14250
14237
14225
14212
14200
14187
14200
14175
14175
14175
14175
14150
14162
14150
14162
14150
14162
14150
14137
14125
14112
14100
14087
14100
14087
14100
14087
14112
14112
14112
14087
14087
14050
14037
14025
14037
14025
14012
14000
13987
13987
13975
13937
13925
13937
13925
13937
13975
13987
13975
13987
13975
13987
13975
13962
13962
13962
13962
13975
14025
14062
14125
14187
14250
14312
14387
14450
14525
14600
14675
14737
14800
14862
14925
15000
15075
15150
15225
15287
15350
15412
15450
15487
15525
15537
15525
15512
15500
15462
15450
15437
15425
15412
15400
15387
15400
15437
15450
15487
15525
15537
15550
15575
15587
15600
15612
15625
15612
15600
15587
15575
15575
15562
15550
15512
15475
15412
15350
15287
15212
15162
15112
15062
15037
15025
15000
14987
14975
14962
14950
14975
14962
14975
14987
15000
15000
15025
15037
15050
15062
15050
15037
15025
15000
14987
14975
14937
14900
14887
14850
14812
14775
14762
14725
14687
14675
14662
14650
14637
14650
14637
14650
14637
14625
14612
14600
14587
14575
14587
14575
14562
14550
14537
14512
14512
14512
14487
14487
14487
14475
14462
14450
14437
14425
14412
14400
14387
14375
14362
14325
14325
14325
14287
14275
14287
14262
14262
14275
14262
14250
14237
14225
14212
14225
14212
14225
14212
14200
14187
14175
14162
14150
14162
14150
14137
14125
14112
14100
14112
14125
14112
14125
14137
14125
14112
14125
14112
14100
14087
14075
14062
14050
14037
14025
14012
14000
13987
13987
13975
13987
13975
13962
13950
13962
13950
13937
13950
13962
13962
14000
14062
14125
14200
14275
14350
14425
14487
14562
14637
14712
14800
14887
14962
15062
15162
15262
15337
15400
15450
15475
15487
15500
15487
15475
15462
15425
15412
15400
15387
15375
15387
15375
15387
15375
15387
15400
15412
15425
15462
15475
15487
15500
15512
15525
15537
15550
15562
15575
15562
15575
15562
15550
15537
15525
15512
15500
15487
15450
15412
15350
15287
15225
15162
15125
15087
15050
15012
15000
14975
14937
14900
14887
14850
14837
14825
14837
14850
14862
14875
14887
14900
14887
14900
14912
14925
14912
14925
14937
14925
14912
14925
14912
14900
14887
14900
14887
14875
14862
14837
14812
14787
14762
14712
14675
14612
14575
14537
14512
14500
14487
14475
14462
14450
14437
14425
14387
14375
14362
14362
14337
14337
14312
14312
14275
14287
14275
14287
14275
14287
14275
14262
14250
14237
14225
14212
14225
14212
14200
14187
14200
14187
14175
14187
14175
14162
14150
14162
14150
14137
14125
14112
14100
14087
14100
14087
14100
14087
14075
14062
14050
14037
14025
14037
14025
14037
14025
14037
14025
14012
14000
13987
13987
13987
14000
13987
14000
13987
13987
13975
13987
13975
13987
13975
13962
13950
13937
13900
13887
13875
13862
13850
13862
13850
13862
13850
13862
13837
13837
13812
13812
13787
13800
13787
13775
13762
13750
13737
13750
13762
13775
13812
13850
13887
13937
14000
14062
14125
14200
14250
14312
14387
14450
14525
14625
14712
14787
14875
14937
15012
15087
15175
15225
15275
15300
15325
15337
15337
15312
15312
15275
15237
15212
15212
15187
15200
15187
15175
15175
15175
15175
15175
15200
15187
15200
15212
15225
15237
15275
15287
15300
15337
15350
15337
15350
15337
15300
15262
15225
15162
15100
15037
14975
14925
14887
14850
14812
14775
14762
14725
14712
14725
14762
14762
14787
14787
14787
14762
14750
14737
14725
14712
14700
14687
14675
14662
14625
14612
14600
14562
14550
14537
14512
14500
14487
14450
14437
14425
14412
14400
14412
14400
14387
14375
14362
14350
14337
14325
14287
14275
14237
14225
14212
14225
14212
14225
14212
14200
14187
14175
14162
14150
14162
14150
14137
14125
14112
14100
14075
14075
14050
14050
14025
14037
14025
14037
14025
14037
14025
14037
14025
14037
14025
14012
14000
13987
13987
13975
13987
13962
13962
13937
13937
13912
13925
13912
13925
13912
13925
13912
13925
13912
13925
13912
13900
13887
13875
13862
13850
13825
13812
13800
13787
13775
13775
13762
13750
13737
13725
13737
13725
13737
13725
13737
13725
13750
13750
13775
13800
13850
13887
13937
14000
14075
14150
14225
14312
14400
14462
14550
14637
14712
14800
14887
14950
15025
15100
15162
15225
15262
15275
15262
15225
15187
15150
15137
15150
15187
15200
15237
15250
15262
15275
15287
15300
15312
15325
15312
15325
15312
15325
15312
15325
15312
15300
15287
15300
15287
15275
15287
15262
15237
15200
15162
15087
15050
14987
14975
14937
14912
14887
14862
14812
14775
14762
14725
14712
14700
14712
14700
14712
14725
14725
14737
14750
14737
14700
14700
14662
14625
14612
14600
14587
14575
14587
14575
14587
14575
14562
14525
14512
14487
14475
14462
14450
14437
14425
14387
14375
14362
14350
14337
14325
14312
14300
14262
14250
14237
14200
14187
14175
14162
14150
14137
14125
14112
14100
14075
14075
14075
14075
14075
14087
14075
14062
14050
14037
14025
14012
14000
13987
13987
13975
13987
13975
13987
13975
13987
13975
13962
13950
13937
13925
13912
13925
13912
13925
13912
13900
13887
13875
13862
13850
13862
13850
13862
13850
13837
13825
13812
13800
13787
13775
13762
13775
13762
13775
13787
13800
13787
13800
13787
13800
13787
13800
13787
13800
13787
13775
13762
13750
13737
13725
13737
13725
13737
13725
13712
13700
13687
13675
13662
13675
13662
13650
13637
13625
13612
13600
13612
13600
13612
13625
13637
13650
13700
13725
13762
13837
13887
13925
13987
14050
14112
14200
14287
14362
14437
14487
14562
14650
14737
14825
14912
15000
15075
15125
15175
15187
15200
15187
15175
15137
15100
15062
15025
15025
15025
15037
15050
15062
15075
15087
15100
15112
15125
15137
15150
15162
15175
15212
15225
15237
15250
15262
15250
15237
15225
15212
15175
15162
15150
15137
15125
15112
15075
15062
15012
14975
14950
14925
14875
14837
14800
14737
14700
14662
14650
14637
14650
14637
14650
14637
14650
14637
14650
14637
14650
14637
14650
14637
14625
14612
14600
14562
14550
14537
14537
14525
14512
14475
14462
14425
14412
14400
14387
14350
14337
14300
14287
14275
14262
14250
14237
14225
14212
14200
14187
14175
14162
14150
14162
14150
14137
14125
14112
14100
14087
14075
14062
14050
14037
14025
14012
14000
13987
13987
13975
13987
13975
13987
13975
13987
13975
13962
13950
13937
13925
13912
13900
13887
13875
13862
13850
13862
13850
13837
13837
13837
13812
13812
13812
13800
13787
13775
13762
13750
13737
13725
13737
13725
13712
13700
13687
13675
13662
13675
13662
13675
13662
13675
13662
13675
13662
13675
13662
13650
13637
13625
13612
13600
13612
13600
13587
13575
13562
13550
13537
13550
13525
13525
13525
13525
13525
13525
13525
13525
13550
13587
13662
13737
13812
13887
13950
14025
14100
14175
14275
14362
14450
14525
14612
14675
14737
14800
14887
14950
15000
15050
15062
15075
15062
15050
15037
15025
15000
14987
14975
14962
14950
14937
14925
14912
14900
14887
14900
14887
14900
14887
14900
14887
14900
14887
14900
14887
14900
14912
14925
14937
14975
14975
14975
15000
15012
15000
15025
15025
15025
15012
15025
15012
15025
15012
15000
14987
14975
14937
14925
14912
14875
14837
14800
14737
14675
14612
14550
14512
14487
14475
14450
14450
14425
14425
14425
14437
14450
14487
14500
14512
14525
14537
14525
14537
14525
14512
14500
14487
14475
14462
14450
14437
14425
14412
14400
14387
14375
14362
14350
14337
14350
14337
14325
14312
14300
14287
14275
14262
14250
14237
14225
14212
14225
14212
14200
14187
14175
14162
14150
14162
14150
14137
14125
14112
14100
14087
14100
14087
14075
14075
14075
14050
14050
14050
14037
14025
14012
14000
13987
13987
13975
13962
13925
13912
13900
13887
13875
13887
13875
13862
13850
13837
13825
13812
13800
13787
13800
13787
13775
13775
13775
13775
13775
13775
13762
13750
13737
13725
13737
13725
13737
13725
13737
13725
13737
13725
13737
13750
13750
13750
13750
13725
13700
13687
13675
13687
13700
13687
13700
13687
13675
13662
13650
13612
13612
13587
13562
13562
13562
13550
13537
13550
13537
13550
13537
13550
13537
13550
13537
13550
13562
13600
13637
13700
13762
13825
13887
13937
14000
14075
14150
14237
14325
14412
14475
14562
14637
14712
14787
14862
14925
14975
15037
15100
15137
15175
15175
15175
15175
15175
15150
15137
15125
15087
15050
15012
15000
14975
14962
14937
14950
14962
14975
14987
15025
15037
15050
15087
15100
15112
15125
15137
15125
15112
15100
15087
15050
15012
14975
14925
14862
14787
14700
14637
14575
14537
14525
14537
14525
14537
14537
14550
14562
14575
14587
14575
14587
14575
14587
14575
14562
14525
14512
14487
14475
14462
14450
14437
14425
14387
14375
14362
14350
14337
14325
14312
14300
14287
14275
14262
14250
14237
14225
14212
14225
14212
14225
14212
14225
14212
14225
14200
14200
14175
14175
14150
14162
14150
14162
14150
14162
14150
14137
14100
14087
14050
14012
14000
14012
14000
13987
14000
13987
13987
13975
13987
13975
13987
13975
13987
13975
13987
13975
13987
13975
13962
13950
13937
13925
13912
13925
13912
13900
13887
13875
13862
13850
13837
13825
13837
13825
13812
13825
13812
13800
13787
13800
13787
13800
13787
13800
13787
13775
13775
13775
13750
13750
13750
13712
13700
13687
13650
13637
13625
13612
13600
13612
13600
13612
13600
13612
13600
13612
13600
13612
13625
13662
13700
13775
13850
13912
13987
14062
14125
14187
14250
14312
14387
14450
14537
14625
14712
14787
14862
14925
14975
15037
15100
15137
15150
15162
15150
15137
15125
15112
15075
15062
15025
15025
15012
15025
15012
15025
15025
15037
15050
15087
15125
15137
15175
15187
15175
15162
15150
15112
15075
15062
15025
15025
14987
14975
14937
14925
14875
14875
14837
14825
14787
14762
14712
14675
14637
14600
14587
14575
14587
14600
14612
14625
14637
14650
14637
14650
14637
14650
14637
14650
14637
14625
14612
14600
14562
14550
14525
14512
14487
14462
14437
14425
14412
14400
14387
14375
14362
14350
14325
14325
14300
14300
14275
14287
14275
14287
14275
14262
14250
14237
14225
14212
14225
14212
14225
14212
14200
14187
14175
14162
14150
14162
14150
14162
14150
14162
14150
14137
14125
14112
14100
14087
14100
14087
14075
14062
14050
14037
14025
14012
14012
14012
13987
13987
14012
13987
13987
13987
13987
13975
13962
13950
13937
13925
13912
13925
13912
13925
13912
13900
13887
13875
13862
13850
13862
13850
13862
13850
13862
13850
13837
13825
13812
13800
13787
13800
13787
13800
13787
13800
13787
13800
13787
13800
13787
13775
13762
13750
13737
13725
13737
13725
13737
13725
13712
13700
13687
13675
13662
13675
13662
13675
13662
13675
13662
13675
13662
13675
13662
13675
13687
13725
13737
13787
13837
13887
13925
14012
14087
14162
14250
14337
14412
14475
14550
14612
14675
14737
14800
14862
14925
14975
15037
15100
15137
15175
15187
15200
15187
15175
15137
15125
15087
15050
15050
15050
15050
15050
15075
15062
15075
15087
15125
15137
15175
15187
15200
15187
15200
15187
15200
15212
15225
15212
15225
15212
15175
15162
15150
15112
15112
15112
15087
15050
15037
14987
14937
14900
14875
14825
14775
14762
14712
14687
14662
14637
14612
14600
14587
14575
14587
14575
14587
14600
14612
14625
14637
14650
14637
14650
14637
14625
14612
14600
14562
14550
14537
14512
14500
14487
14450
14437
14425
14387
14375
14350
14325
14325
14325
14300
14312
14300
14287
14275
14262
14250
14237
14225
14212
14225
14212
14200
14187
14175
14137
14125
14112
14100
14087
14075
14062
14050
14037
14025
14037
14025
14012
14000
14012
14000
13987
14000
13987
13987
13962
13962
13937
13937
13912
13925
13912
13900
13887
13875
13862
13850
13837
13825
13812
13800
13787
13800
13787
13800
13812
13825
13812
13825
13812
13800
13787
13775
13762
13750
13737
13725
13712
13700
13687
