t = 60.000000, p = 467.000000
15725
15725
15700
15700
15675
15687
15675
15662
15650
15662
15650
15637
15650
15637
15625
15637
15650
15637
15650
15662
15650
15637
15650
15637
15625
15612
15600
15587
15575
15575
15562
15575
15562
15575
15562
15575
15562
15575
15562
15550
15537
15525
15512
15500
15487
15475
15487
15475
15487
15500
15512
15500
15487
15475
15462
15425
15412
15400
15362
15350
15337
15325
15312
15300
15287
15275
15262
15275
15287
15300
15337
15350
15362
15400
15412
15425
15462
15475
15487
15525
15562
15587
15637
15687
15712
15737
15762
15787
15787
15812
15800
15812
15787
15787
15762
15762
15762
15775
15762
15775
15762
15750
15737
15750
15737
15750
15737
15725
15712
15700
15662
15625
15587
15550
15525
15487
15450
15437
15400
15387
15375
15387
15375
15387
15375
15362
15325
15312
15275
15237
15225
15212
15200
15212
15225
15212
15225
15212
15175
15162
15150
15137
15125
15137
15125
15137
15125
15137
15125
15137
15125
15137
15125
15112
15100
15087
15075
15050
15050
15025
15025
15012
15025
15025
15037
15050
15087
15087
15087
15087
15087
15087
15100
15112
15125
15137
15150
15162
15150
15162
15150
15137
15125
15112
15100
15087
15075
15062
15075
15062
15075
15062
15075
15062
15075
15062
15075
15062
15075
15062
15075
15062
15075
15062
15075
15062
15075
15087
15100
15112
15150
15162
15175
15212
15250
15287
15350
15412
15475
15525
15587
15650
15712
15775
15837
15900
15962
16012
16075
16112
16150
16162
16175
16187
16200
16212
16225
16212
16200
16175
16162
16150
16137
16125
16150
16137
16150
16162
16175
16162
16150
16137
16150
16137
16150
16162
16175
16162
16175
16162
16175
16162
16150
16112
16075
16037
16000
15987
15975
15962
15950
15950
15912
15875
15862
15825
15812
15800
15812
15800
15812
15800
15787
15775
15787
15762
15762
15762
15762
15737
15725
15712
15725
15712
15725
15737
15750
15737
15750
15737
15750
15737
15750
15737
15725
15712
15700
15687
15675
15687
15675
15687
15675
15687
15675
15687
15675
15687
15675
15662
15650
15637
15625
15612
15625
15612
15625
15612
15625
15612
15625
15612
15625
15612
15625
15612
15625
15612
15600
15587
15575
15575
15562
15575
15562
15575
15550
15550
15550
15550
15550
15562
15575
15562
15575
15562
15575
15562
15550
15512
15500
15462
15450
15437
15450
15437
15450
15462
15475
15487
15500
15512
15500
15512
15500
15487
15475
15487
15475
15487
15500
15487
15475
15462
15450
15462
15462
15462
15500
15487
15450
15450
15450
15412
15425
15462
15475
15487
15525
15562
15587
15637
15687
15737
15775
15837
15900
15962
16012
16075
16112
16150
16187
16225
16262
16325
16350
16375
16375
16375
16350
16362
16350
16337
16325
16300
16275
16275
16262
16250
16250
16250
16225
16237
16225
16237
16225
16237
16225
16212
16200
16187
16150
16137
16125
16087
16050
16037
16012
16000
15987
16000
15987
15975
15962
15950
15937
15950
15962
15975
15987
15975
15975
15975
15950
15950
15950
15937
15925
15912
15900
15887
15875
15862
15850
15812
15800
15762
15750
15737
15750
15737
15750
15737
15750
15737
15750
15737
15750
15737
15750
15737
15725
15712
15725
15712
15700
15712
15700
15662
15625
15612
15575
15575
15562
15550
15537
15525
15487
15475
15462
15450
15437
15450
15437
15425
15412
15400
15387
15375
15387
15375
15387
15375
15387
15375
15387
15375
15387
15375
15387
15375
15350
15325
15300
15275
15250
15237
15225
15212
15200
15187
15200
15187
15200
15187
15200
15175
15187
15175
15162
15150
15175
15162
15175
15187
15175
15162
15175
15162
15175
15212
15250
15262
15300
15337
15375
15412
15475
15525
15587
15625
15662
15700
15737
15775
15812
15850
15862
15875
15887
15925
15937
15950
15962
15950
15937
15925
15937
15925
15937
15925
15912
15900
15887
15875
15862
15875
15862
15850
15837
15825
15812
15800
15812
15787
15787
15762
15762
15737
15750
15737
15750
15737
15750
15737
15750
15725
15725
15700
15700
15675
15662
15650
15637
15625
15612
15625
15637
15650
15662
15675
15687
15675
15687
15700
15712
15725
15737
15725
15712
15700
15687
15675
15687
15675
15662
15650
15637
15625
15612
15600
15587
15575
15575
15562
15550
15537
15525
15512
15525
15537
15550
15562
15575
15562
15575
15562
15550
15537
15525
15512
15500
15512
15500
15512
15500
15525
15525
15525
15525
15525
15512
15500
15512
15500
15512
15500
15512
15500
15512
15500
15487
15475
15462
15450
15437
15450
15437
15425
15412
15425
15412
15425
15437
15450
15437
15450
15437
15462
15450
15462
15450
15462
15437
15450
15437
15450
15462
15500
15525
15587
15650
15712
15775
15837
15900
15962
16012
16075
16137
16200
16237
16275
16287
16300
16287
16300
16287
16275
16262
16250
16237
16225
16237
16225
16237
16225
16237
16250
16262
16250
16262
16250
16212
16200
16212
16200
16187
16200
16187
16150
16137
16125
16087
16050
16037
16012
15975
15962
15950
15912
15900
15887
15875
15862
15875
15862
15875
15862
15875
15862
15875
15862
15875
15862
15875
15862
15875
15862
15875
15862
15875
15862
15875
15862
15850
15837
15825
15812
15800
15787
15775
15762
15750
15737
15750
15737
15725
15712
15700
15687
15675
15687
15675
15662
15650
15637
15625
15600
15600
15575
15575
15562
15575
15562
15575
15575
15587
15575
15587
15575
15575
15562
15575
15575
15587
15575
15562
15550
15525
15487
15475
15487
15475
15487
15500
15512
15500
15512
15500
15512
15500
15512
15500
15512
15500
15512
15500
15487
15475
15487
15475
15487
15500
15512
15500
15512
15500
15512
15500
15487
15475
15462
15450
15437
15450
15437
15450
15437
15450
15437
15450
15437
15450
15437
15425
15412
15425
15412
15425
15462
15500
15512
15550
15575
15612
15650
15712
15750
15787
15825
15862
15900
15962
16012
16075
16137
16175
16212
16250
16287
16300
16337
16350
16362
16350
16362
16350
16337
16325
16312
16275
16262
16250
16237
16225
16237
16225
16237
16225
16237
16250
16250
16250
16250
16250
16225
16237
16225
16237
16250
16287
16325
16362
16412
16437
16437
16437
16437
16425
16437
16450
16462
16475
16487
16475
16487
16475
16487
16475
16487
16475
16462
16450
16437
16425
16412
16400
16387
16375
16362
16350
16337
16325
16312
16300
16287
16275
16237
16225
16187
16150
16137
16112
16087
16087
16087
16087
16100
16087
16075
16062
16062
16050
16062
16050
16062
16050
16037
16025
16012
16000
15987
16000
15987
16000
15987
15975
15962
15950
15937
15925
15912
15912
15912
15912
15950
15975
15962
15975
15962
15937
15925
15937
15912
15887
15862
15837
15787
15775
15762
15750
15737
15750
15737
15750
15725
15737
15725
15737
15725
15750
15737
15750
15737
15725
15712
15700
15662
15662
15662
15637
15637
15662
15650
15662
15675
15687
15675
15687
15675
15637
15625
15637
15650
15662
15725
15737
15750
15762
15800
15837
15900
15962
16012
16050
16087
16125
16162
16200
16237
16275
16312
16350
16362
16375
16387
16375
16337
16325
16312
16300
16287
16275
16262
16275
16262
16250
16275
16275
16250
16225
16225
16187
16175
16162
16150
16137
16125
16087
16075
16062
16037
16025
16012
16000
16012
16025
16012
16025
16012
16000
16012
16025
16037
16050
16062
16050
16062
16050
16062
16050
16062
16050
16062
16050
16062
16050
16037
16025
16012
16000
15975
15975
15950
15925
15900
15912
15887
15887
15887
15887
15862
15875
15862
15850
15837
15825
15787
15787
15787
15787
15787
15787
15775
15762
15725
15712
15700
15687
15675
15687
15675
15687
15675
15687
15675
15687
15675
15662
15650
15637
15600
15562
15562
15550
15525
15525
15525
15487
15475
15462
15450
15437
15412
15387
15362
15337
15312
15300
15262
15250
15212
15200
15187
15175
15137
15125
15087
15075
15062
15050
15037
15025
15025
15012
15000
14987
15000
14987
14975
14987
15000
14987
15000
15012
15025
15012
15000
14987
15000
15000
15037
15100
15162
15225
15287
15350
15412
15475
15550
15625
15700
15750
15787
15825
15837
15825
15812
15775
15737
15700
15662
15650
15637
15600
15562
15525
15500
15462
15450
15425
15425
15425
15425
15425
15437
15450
15437
15450
15437
15425
15412
15400
15362
15350
15337
15325
15300
15300
15275
15275
15250
15262
15250
15262
15250
15237
15200
15187
15150
15100
15075
15050
15000
14987
14975
14962
14950
14937
14937
14937
14912
14912
14912
14875
14862
14850
14812
14775
14737
14700
14662
14625
14587
14575
14537
14537
14525
14537
14525
14537
14525
14537
14525
14537
14512
14512
14487
14487
14462
14475
14462
14475
14462
14475
14462
14475
14462
14475
14462
14450
14437
14425
14412
14400
14412
14425
14437
14450
14462
14475
14462
14475
14462
14475
14462
14487
14500
14525
14550
14575
14587
14575
14587
14575
14562
14550
14537
14537
14525
14512
14500
14512
14500
14512
14537
14537
14512
14512
14487
14475
14462
14450
14437
14425
14412
14400
14412
14400
14412
14425
14462
14487
14550
14612
14675
14737
14775
14812
14850
14862
14850
14862
14850
14812
14800
14775
14750
14725
14725
14700
14687
14687
14687
14687
14687
14687
14675
14662
14650
14637
14625
14587
14575
14562
14550
14562
14575
14587
14575
14587
14575
14587
14575
14587
14575
14562
14550
14562
14550
14562
14575
14600
14600
14600
14575
14587
14550
14537
14525
14537
14525
14512
14500
14512
14500
14512
14525
14512
14475
14437
14400
14362
14350
14337
14350
14337
14362
14350
14362
14375
14387
14387
14425
14437
14425
14437
14425
14425
14425
14450
14475
14525
14537
14575
14612
14625
14625
14637
14650
14637
14650
14637
14650
14662
14700
14712
14725
14737
14725
14712
14700
14712
14700
14712
14725
14725
14725
14725
14725
14700
14725
14725
14725
14725
14725
14712
14700
14712
14725
14737
14750
14762
14775
14762
14775
14762
14775
14762
14775
14762
14775
14762
14787
14775
14787
14775
14787
14762
14775
14787
14800
14825
14850
14875
14900
14950
14962
15000
15025
15062
15100
15162
15225
15287
15350
15412
15475
15512
15550
15562
15550
15512
15475
15437
15400
15362
15325
15312
15275
15262
15275
15287
15275
15287
15300
15287
15275
15287
15300
15287
15275
15287
15275
15262
15250
15262
15250
15237
15200
15162
15100
15037
15000
14937
14925
14912
14900
14887
14912
14900
14887
14900
14887
14900
14887
14900
14887
14900
14887
14900
14875
14875
14850
14850
14850
14862
14850
14862
14850
14812
14775
14762
14725
14712
14700
14687
14675
14687
14675
14662
14675
14662
14662
14662
14662
14662
14662
14650
14637
14625
14587
14575
14537
14512
14500
14487
14450
14437
14425
14412
14400
14387
14375
14362
14350
14337
14350
14337
14325
14287
14275
14237
14200
14187
14175
14162
14150
14162
14150
14137
14125
14137
14125
14137
14150
14175
14162
14175
14162
14150
14100
14087
14075
14062
14075
14125
14150
14175
14225
14275
14312
14375
14437
14487
14525
14562
14600
14637
14650
14687
14725
14737
14750
14762
14750
14737
14725
14687
14675
14662
14650
14637
14650
14637
14625
14612
14600
14587
14562
14562
14537
14537
14525
14512
14475
14462
14425
14387
14375
14362
14350
14337
14325
14312
14325
14312
14325
14337
14325
14312
14300
14287
14275
14287
14275
14287
14300
14312
14325
14337
14350
14325
14337
14325
14337
14325
14362
14362
14362
14362
14362
14350
14337
14325
14287
14250
14212
14200
14187
14200
14212
14225
14212
14225
14212
14225
14212
14225
14212
14225
14212
14225
14212
14225
14212
14200
14187
14175
14162
14150
14162
14150
14162
14150
14137
14137
14137
14137
14137
14175
14175
14200
14225
14275
14312
14350
14387
14425
14462
14475
14512
14525
14537
14537
14550
14562
14575
14587
14575
14587
14575
14587
14575
14587
14575
14587
14575
14562
14550
14562
14550
14537
14550
14537
14537
14525
14512
14475
14462
14425
14412
14400
14412
14400
14387
14375
14387
14375
14387
14400
14412
14400
14412
14400
14412
14425
14437
14450
14462
14450
14437
14425
14387
14337
14312
14262
14212
14162
14150
14112
14075
14062
14050
14012
14000
13987
13987
13975
13987
13975
13987
13975
13987
13975
13987
13975
13987
13975
13987
13975
13987
13975
13987
13987
14000
14012
14050
14062
14075
14112
14150
14162
14200
14212
14200
14187
14175
14162
14175
14187
14200
14212
14225
14212
14225
14212
14225
14237
14275
14287
14325
14362
14400
14437
14475
14512
14537
14550
14562
14600
14637
14675
14737
14800
14862
14925
14962
15000
15025
15037
15050
15087
15100
15112
15150
15187
15200
15237
15250
15262
15250
15262
15275
15287
15300
15312
15325
15312
15300
15262
15250
15212
15175
15162
15150
15137
15125
15137
15125
15137
15125
15137
15112
15112
15087
15087
15062
15075
15062
15050
15037
15025
15025
15025
15037
15050
15062
15075
15087
15125
15137
15150
15162
15150
15137
15125
15112
15100
15087
15075
15062
15075
15087
15125
15137
15175
15187
15175
15162
15150
15137
15112
15087
15062
15037
15000
14962
14950
14912
14900
14887
14875
14862
14850
14812
14800
14787
14750
14737
14725
14712
14700
14687
14675
14662
14650
14637
14650
14662
14675
14662
14675
14687
14675
14662
14675
14687
14675
14687
14700
14712
14700
14687
14675
14662
14650
14637
14625
14612
14600
14587
14562
14562
14537
14537
14525
14512
14500
14487
14475
14462
14475
14462
14475
14487
14512
14525
14562
14600
14637
14675
14737
14800
14862
14900
14937
14975
15000
15037
15075
15087
15100
15087
15075
15050
15050
15025
15000
14987
14975
14962
14950
14962
14975
14987
15000
15012
15025
15012
15000
14962
14950
14912
14875
14862
14850
14837
14825
14837
14825
14837
14825
14812
14775
14762
14725
14687
14675
14662
14650
14637
14625
14637
14637
14637
14637
14662
14637
14650
14637
14650
14637
14625
14612
14600
14587
14575
14587
14575
14562
14525
14512
14487
14475
14462
14475
14462
14450
14412
14400
14362
14325
14312
14300
14287
14275
14287
14275
14287
14275
14287
14275
14287
14275
14287
14275
14262
14225
14187
14125
14062
14025
13987
13950
13925
13900
13850
13800
13787
13750
13737
13725
13712
13675
13662
13625
13612
13600
13587
13575
13562
13525
13512
13500
13500
13487
13475
13462
13450
13412
13400
13387
13375
13362
13375
13362
13375
13362
13375
13362
13375
13387
13400
13412
13450
13462
13475
13500
13537
13575
13637
13700
13762
13825
13887
13925
13962
13987
14000
14012
14050
14062
14075
14087
14100
14087
14100
14087
14100
14087
14075
14062
14050
14037
14025
14037
14025
14037
14025
14037
14050
14062
14075
14087
14075
14062
14050
14012
13975
13962
13962
13950
13962
13987
14000
14012
14025
14037
14025
14037
14025
14037
14025
14037
14025
14037
14025
14037
14025
14037
14025
14037
14025
14037
14025
14037
14025
14037
14025
14037
14025
14012
14000
13987
13987
13975
13987
13975
13962
13962
13962
13962
13962
13962
13950
13937
13925
13937
13950
13962
13975
13987
13975
13987
13975
13962
13950
13937
13925
13912
13925
13912
13925
13912
13925
13912
13925
13912
13925
13912
13925
13912
13925
13912
13925
13912
13925
13912
13925
13912
13925
13912
13925
13937
13950
13962
13975
13987
13975
13987
13975
13987
13987
14000
13987
13975
13962
13937
13925
13912
13925
13912
13925
13937
13950
13962
13987
14000
14025
14075
14125
14175
14250
14312
14350
14400
14450
14487
14512
14562
14575
14562
14550
14537
14537
14525
14537
14525
14537
14525
14537
14525
14512
14475
14462
14425
14412
14400
14387
14350
14337
14300
14287
14300
14312
14325
14362
14375
14362
14350
14312
14275
14237
14200
14187
14175
14162
14150
14162
14150
14162
14175
14187
14200
14212
14225
14237
14250
14262
14300
14312
14325
14337
14325
14287
14275
14237
14225
14212
14225
14237
14250
14262
14275
14287
14275
14287
14275
14262
14250
14237
14225
14212
14225
14212
14225
14212
14200
14187
14200
14187
14200
14212
14225
14212
14200
14187
14175
14162
14150
14162
14150
14137
14137
14137
14137
14162
14187
14200
14212
14225
14212
14225
14212
14225
14212
14225
14212
14225
14237
14250
14237
14250
14237
14225
14212
14225
14212
14200
14162
14150
14112
14100
14087
14075
14062
14050
14037
14025
14012
14000
13987
13987
13975
13987
13987
14025
14062
14125
14187
14250
14312
14387
14437
14487
14525
14575
14587
14625
14662
14700
14712
14750
14787
14800
14825
14850
14850
14850
14850
14837
14825
14812
14800
14787
14775
14762
14775
14762
14775
14762
14775
14762
14775
14762
14750
14737
14725
14712
14700
14687
14675
14662
14650
14637
14625
14612
14600
14587
14575
14587
14575
14562
14550
14537
14537
14525
14512
14500
14487
14475
14462
14475
14462
14450
14437
14400
14387
14375
14387
14375
14412
14400
14412
14400
14412
14400
14412
14400
14412
14400
14387
14350
14312
14275
14237
14200
14162
14150
14112
14075
14062
14050
14037
14025
14037
14025
14037
14025
14037
14025
14012
14000
13987
13987
13975
13987
13975
13987
13975
13987
13987
14012
14012
14012
13975
13962
13962
13950
13937
13950
13937
13925
13912
13925
13912
13925
13912
13925
13912
13925
13912
13925
13912
13925
13937
13950
13937
13950
13937
13925
13912
13900
13887
13875
13837
13825
13837
13825
13837
13850
13862
13875
13912
13937
13975
14012
14050
14087
14125
14162
14200
14237
14275
14312
14375
14437
14487
14550
14587
14625
14637
14650
14625
14637
14625
14637
14625
14650
14637
14650
14637
14650
14637
14650
14637
14650
14637
14650
14637
14650
14637
14650
14662
14675
14687
14687
14687
14662
14637
14587
14575
14537
14537
14525
14537
14525
14537
14525
14537
14525
14537
14525
14537
14525
14537
14525
14537
14525
14537
14525
14537
14537
14550
14537
14550
14562
14550
14562
14575
14587
14575
14587
14575
14587
14575
14587
14575
14562
14550
14537
14537
14525
14512
14500
14487
14475
14487
14500
14512
14525
14537
14525
14512
14500
14487
14475
14462
14450
14437
14450
14437
14425
14437
14425
14412
14400
14412
14400
14412
14400
14412
14425
14437
14425
14437
14425
14412
14425
14437
14425
14412
14375
14337
14300
14287
14275
14287
14275
14287
14275
14287
14300
14312
14325
14362
14375
14387
14425
14462
14487
14550
14612
14675
14737
14800
14862
14900
14937
14950
14962
14950
14962
14950
14962
14950
14962
14950
14975
14975
14975
14950
14962
14937
14937
14937
14962
14950
14962
14950
14962
14950
14975
14962
14975
14962
14975
14950
14962
14937
14937
14937
14937
14912
14900
14887
14850
14812
14775
14762
14725
14712
14700
14687
14675
14662
14650
14637
14650
14637
14650
14637
14625
14625
14625
14625
14625
14650
14637
14650
14637
14650
14662
14675
14687
14700
14712
14687
14687
14687
14687
14687
14700
14687
14675
14662
14650
14637
14650
14637
14650
14662
14675
14687
14700
14712
14700
14687
14675
14662
14650
14637
14650
14637
14625
14612
14600
14587
14575
14587
14575
14562
14550
14537
14537
14525
14537
14525
14512
14500
14487
14475
14462
14475
14462
14475
14450
14450
14425
14425
14400
14387
14375
14362
14350
14337
14350
14337
14350
14337
14350
14337
14350
14362
14375
14362
14375
14362
14350
14337
14350
14337
14350
14325
14325
14300
14275
14250
14237
14225
14212
14225
14237
14250
14262
14300
14337
14375
14437
14475
14512
14537
14575
14612
14675
14737
14800
14862
14925
14975
15037
15075
15087
15112
15137
15137
15162
15187
15200
15187
15200
15187
15200
15187
15175
15162
15150
15137
15125
15112
15100
15087
15075
15062
15075
15062
15075
15062
15050
15012
15000
14975
14937
14925
14912
14875
14862
14850
14812
14800
14787
14750
14737
14725
14712
14700
14687
14675
14687
14675
14687
14700
14712
14700
14712
14700
14687
14675
14662
14625
14612
14600
14587
14575
14587
14575
14587
14562
14562
14537
14537
14525
14537
14525
14537
14512
14512
14487
14487
14462
14475
14462
14475
14462
14450
14437
14425
14412
14400
14412
14387
14387
14362
14362
14337
14350
14362
14375
14362
14387
14387
14362
14337
14337
14300
14287
14275
14300
14287
14275
14262
14287
14262
14275
14237
14237
14225
14225
14200
14250
14237
14200
14187
14175
14162
14150
14137
14125
14137
14125
14112
14125
14112
14112
14112
14137
14137
14162
14150
14162
14150
14137
14137
14137
14137
14162
14212
14250
14312
14375
14437
14487
14550
14612
14675
14737
14800
14862
14925
14975
15012
15050
15087
15125
15137
15175
15187
15200
15187
15200
15187
15175
15162
15175
15187
15187
15212
15212
15212
15187
15200
15187
15200
15187
15200
15187
15175
15175
15175
15150
15125
15125
15087
15050
15037
15025
15025
15012
15000
14987
14975
14962
14937
14937
14937
14937
14912
14925
14912
14900
14887
14900
14887
14900
14887
14900
14887
14900
14887
14875
14862
14850
14837
14825
14812
14800
14787
14775
14762
14775
14762
14775
14762
14750
14737
14725
14712
14700
14712
14700
14712
14700
14687
14675
14662
14650
14637
14625
14612
14600
14587
14575
14587
14575
14587
14575
14587
14600
14612
14625
14637
14650
14637
14650
14637
14625
14612
14600
14587
14575
14587
14575
14587
14575
14587
14575
14562
14550
14537
14537
14525
14537
14525
14537
14525
14537
14537
14550
14562
14600
14637
14675
14750
14825
14900
14962
15037
15100
15162
15225
15262
15300
15337
15350
15362
15375
15387
15375
15387
15400
15412
15400
15412
15400
15362
15350
15337
15325
15312
15325
15312
15325
15312
15325
15312
15325
15312
15300
15287
15275
15237
15225
15212
15175
15137
15125
15087
15050
15037
15025
15000
14962
14950
14912
14900
14887
14925
14912
14925
14912
14925
14887
14900
14887
14900
14887
14900
14887
14900
14887
14900
14887
14900
14887
14875
14837
14825
14787
14775
14762
14775
14762
14775
14762
14775
14762
14725
14712
14700
14687
14675
14712
14700
14712
14700
14712
14700
14687
14675
14662
14650
14637
14650
14637
14650
14637
14650
14637
14650
14637
14650
14637
14625
14587
14575
14537
14537
14525
14537
14525
14537
14525
14537
14525
14537
14525
14512
14500
14487
14475
14462
14475
14462
14475
14487
14500
14487
14475
14462
14425
14412
14400
14412
14400
14412
14400
14412
14400
14412
14400
14412
14425
14462
14487
14550
14612
14675
14737
14800
14837
14887
14937
14975
15000
15050
15087
15125
15162
15200
15237
15275
15287
15300
15312
15325
15312
15300
15287
15275
15262
15250
15262
15250
15262
15250
15262
15250
15262
15250
15237
15225
15212
15200
15187
15200
15187
15200
15187
15175
15162
15150
15137
15125
15112
15100
15087
15075
15062
15050
15037
15025
15000
14987
14975
14937
14937
14937
14937
14925
14937
14912
14912
14912
14925
14937
14950
14937
14925
14912
14900
14887
14875
14862
14850
14837
14825
14812
14800
14787
14775
14762
14750
14737
14725
14712
14700
14712
14700
14687
14675
14662
14650
14637
14650
14637
14650
14637
14650
14637
14650
14637
14650
14637
14625
14612
14600
14562
14550
14537
14512
14500
14512
14500
14512
14525
14512
14500
14487
14475
14462
14475
14462
14475
14462
14475
14462
14475
14462
14475
14462
14475
14462
14475
14462
14450
14437
14425
14412
14400
14387
14375
14362
14350
14337
14350
14337
14350
14337
14350
14337
14350
14362
14375
14387
14425
14462
14487
14550
14612
14675
14737
14800
14862
14925
14975
15012
15050
15087
15100
15125
15175
15200
15225
15275
15287
15275
15300
15300
15300
15300
15325
15312
15300
15287
15275
15262
15300
15312
15300
15312
15300
15237
15225
15212
15200
15175
15175
15150
15150
15125
15137
15125
15137
15125
15112
15100
15087
15087
15075
15062
15025
14987
14950
14912
14900
14887
14875
14862
14850
14812
14800
14787
14775
14762
14775
14762
14775
14762
14775
14762
14750
14712
14700
14662
14650
14637
14625
14612
14600
14562
14550
14525
14512
14487
14487
14462
14475
14462
14450
14437
14425
14387
14375
14362
14325
14312
14300
14287
14275
14287
14275
14287
14275
14262
14250
14237
14225
14212
14200
14187
14175
14162
14150
14137
14125
14112
14100
14087
14100
14112
14125
14112
14125
14112
14100
14087
14100
14087
14100
14087
14075
14062
14050
14037
14012
14012
13987
13987
13987
14000
14012
14025
14037
14025
14037
14025
14037
14025
14037
14025
14037
14025
14037
14050
14100
14125
14150
14175
14200
14212
14262
14312
14362
14412
14462
14487
14550
14612
14675
14737
14800
14862
14900
14937
14975
15000
15012
15050
15062
15075
15087
15100
15112
15112
15087
15062
15037
15025
15012
15025
15012
15025
15025
15037
15050
15062
15075
15087
15100
15087
15075
15062
15025
15000
14962
14950
14912
14900
14887
14900
14875
14875
14875
14875
14850
14862
14850
14812
14800
14812
14800
14812
14825
14837
14825
14837
14850
14862
14850
14862
14850
14837
14850
14862
14875
14887
14900
14887
14900
14912
14925
14937
14950
14962
14975
14987
15000
15012
15000
14987
14975
14937
14925
14912
14900
14887
14900
14887
14900
14887
14875
14862
14875
14862
14850
14862
14850
14837
14850
14862
14875
14887
14900
14887
14900
14887
14875
14862
14850
14837
14825
14837
14825
14812
14800
14787
14775
14762
14750
14737
14725
14712
14700
14712
14725
14762
14800
14837
14875
14912
14925
14937
14975
15000
15037
15075
15125
15175
15225
15275
15350
15412
15475
15525
15562
15600
15637
15650
15637
15650
15662
15650
15637
15650
15637
15625
15612
15625
15612
15600
15587
15575
15575
15562
15575
15562
15550
15537
15525
15487
15450
15412
15375
15337
15300
15287
15275
15262
15250
15237
15225
15212
15200
15187
15212
15212
15237
15237
15262
15250
15262
15250
15237
15225
15212
15200
15187
15200
15187
15175
15162
15150
15112
15100
15087
15075
15062
15050
15037
15025
15000
14987
15000
14975
14975
14975
14975
14950
14962
14950
14962
14950
14962
14950
14937
14925
14912
14900
14887
14875
14862
14850
14837
14825
14812
14800
14812
14800
14812
14812
14812
14787
14787
14762
14775
14762
14750
14737
14725
14712
14700
14712
14700
14687
14675
14662
14625
14587
14575
14562
14550
14537
14550
14537
14537
14525
14512
14500
14487
14450
14437
14425
14412
14425
14437
14425
14437
14425
14412
14400
14387
14400
14412
14400
14412
14450
14462
14487
14550
14612
14675
14737
14800
14862
14925
14975
15037
15100
15162
15200
15237
15275
15287
15300
15312
15325
15312
15325
15312
15325
15312
15325
15312
15325
15312
15325
15312
15325
15312
15325
15312
15325
15312
15325
15312
15300
15287
15275
15237
15225
15212
15175
15137
15125
15087
15050
15037
15025
15025
15012
15000
14987
14975
14962
14950
14937
14925
14937
14925
14937
14950
14962
14950
14962
14950
14962
14950
14962
14925
14925
14925
14950
14950
15000
15012
15025
15012
15000
14987
14975
14937
14925
14912
14875
14862
14850
14837
14825
14837
14825
14812
14800
14787
14775
14762
14775
14762
14775
14762
14775
14762
14750
14737
14725
14712
14700
14712
14700
14687
14675
14662
14650
14637
14650
14637
14650
14637
14650
14637
14650
14637
14625
14612
14600
14587
14575
14562
14550
14537
14537
14525
14537
14525
14537
14525
14512
14500
14487
14450
14437
14425
14412
14425
14437
14425
14437
14425
14387
14375
14362
14350
14362
14375
14387
14425
14437
14450
14487
14512
14550
14612
14687
14762
14837
14912
14975
15037
15100
15162
15225
15287
15350
15387
15425
15462
15475
15487
15500
15512
15500
15512
15500
15512
15500
15512
15525
15537
15550
15562
15550
15537
15525
15512
15500
15487
15475
15462
15450
15437
15412
15400
15387
15350
15312
15312
15275
15237
15200
15187
15150
15112
15075
15062
15025
15025
15012
15000
14987
14975
14937
14925
14937
14925
14912
14925
14912
14875
14862
14850
14812
14800
14787
14750
14737
14725
14712
14700
14687
14675
14662
14662
14662
14687
14687
14712
14700
14712
14700
14712
14700
14712
14700
14712
14700
14687
14675
14687
14675
14662
14650
14612
14575
14537
14512
14500
14487
14475
14462
14475
14462
14475
14462
14450
14412
14375
14312
14275
14237
14200
14162
14150
14112
14100
14087
14100
14087
14100
14087
14100
14087
14100
14087
14075
14062
14050
14012
14000
13987
13962
13950
13962
13950
13962
13987
14025
14037
14075
14112
14150
14162
14200
14237
14275
14312
14387
14450
14525
14600
14687
14737
14787
14837
14862
14875
14912
14925
14937
14950
14937
14900
14887
14850
14837
14850
14850
14850
14850
14850
14825
14812
14775
14737
14700
14662
14625
14612
14600
14562
14512
14487
14450
14400
14350
14312
14275
14237
14200
14187
14200
14187
14200
14212
14225
14212
14225
14212
14225
14200
14200
14175
14150
14125
14100
14075
14050
14050
14025
14037
14050
14062
14075
14087
14100
14087
14075
14062
14050
14012
13975
13937
13887
13850
13812
13775
13762
13750
13712
13675
13662
13625
13612
13600
13587
13550
13512
13450
13400
13337
13300
13250
13200
13175
13150
13100
13087
13075
13062
13050
13037
13025
13012
12975
12937
12925
12900
12862
12850
12837
12825
12812
12800
12787
12775
12737
12725
12712
12700
12687
12675
12637
12625
12587
12550
12537
12525
12512
12500
12487
12475
12462
12462
12450
12462
12450
12437
12425
12437
12425
12437
12462
12475
12487
12500
12512
12525
12562
12575
12612
12625
12637
12625
12637
12625
12612
12612
12612
12612
12612
12637
12625
12637
12650
12662
12675
12687
12700
12687
12700
12687
12700
12687
12700
12687
12675
12675
12675
12675
12675
12662
12662
12687
12687
12712
12750
12737
12700
12687
12650
12612
12575
12537
12475
12412
12387
12350
12337
12312
12287
12262
12237
12187
12175
12162
12150
12137
12150
12125
12125
12125
12125
12125
12137
12150
12162
12175
12162
12175
12162
12150
12137
12150
12162
12175
12187
12225
12237
12250
12287
12325
12337
12375
12412
12425
12437
12450
12462
12450
12462
12462
12475
12487
12525
12562
12575
12612
12650
12687
12700
12737
12775
12812
12850
12900
12962
13025
13087
13125
13162
13175
13187
13200
13212
13225
13262
13275
13287
13300
13312
13325
13337
13350
13387
13400
13412
13425
13412
13400
13387
13350
13337
13325
13287
13250
13237
13200
13200
13187
13175
13162
13150
13125
13100
13100
13100
13100
13100
13112
13125
13112
13125
13137
13175
13212
13275
13337
13400
13437
13475
13500
13512
13525
13562
13600
13637
13700
13737
13775
13812
13850
13887
13937
13975
14012
14025
14037
14025
14012
14000
13987
13987
13975
13962
13950
13937
13925
13912
13900
13887
13875
13862
13850
13837
13825
13812
13775
13737
13700
13662
13625
13587
13550
13537
13500
13475
13462
13450
13412
13375
13337
13275
13212
13175
13125
13100
13075
13050
13000
12962
12900
12875
12837
12800
12787
12775
12762
12750
12762
12750
12737
12725
12712
12675
12637
12600
12537
12500
12462
12437
12400
12387
12350
12337
12325
12337
12325
12337
12350
12362
12375
12387
12400
12412
12425
12437
12450
12462
12450
12437
12400
12362
12300
12237
12200
12162
12125
12087
12075
12037
12025
12000
11975
11950
11925
11912
11900
11912
11912
11925
11937
11950
11962
11975
11987
12000
12012
12000
11987
11975
11962
11950
11937
11900
11887
11862
11850
11837
11850
11862
11875
11887
11912
11950
11987
12050
12112
12175
12237
12300
12362
12412
12475
12537
12575
12612
12650
12662
12675
12712
12725
12737
12775
12787
12812
12862
12900
12950
13025
13100
13150
13200
13250
13300
13337
13400
13462
13500
13537
13575
13625
13625
13662
13675
13687
13662
13650
13637
13625
13575
13550
13525
13475
13462
13450
13412
13375
13362
13325
13287
13275
13262
13225
13187
13150
13087
13025
12962
12900
12875
12837
12800
12787
12775
12737
12700
12662
12600
12537
12500
12462
12462
12450
12437
12425
12412
12400
12387
12375
12362
12350
12312
12300
12312
12300
12312
12350
12362
12375
12387
12400
12387
12400
12387
12400
12387
12375
12362
12350
12312
12300
12287
12275
12287
12300
12312
12325
12337
12350
12362
12375
12387
12400
12412
12425
12437
12450
12462
12450
12462
12462
12475
12487
12525
12537
12550
12587
12600
12612
12625
12637
12625
12637
12625
12637
12650
12662
12650
12662
12650
12637
12625
12612
12600
12587
12550
12537
12525
12512
12525
12562
12600
12662
12725
12787
12850
12900
12937
12975
13012
13050
13062
13100
13137
13175
13187
13225
13262
13275
13287
13300
13312
13300
13287
13275
13262
13225
13187
13175
13137
13100
13062
13050
13012
13000
12987
13000
12987
12975
12937
12925
12925
12912
12925
12950
12962
12975
12987
13000
12987
13000
12987
13000
12987
13000
12987
13000
12987
13000
12987
12975
12962
12950
12925
12912
12900
12887
12862
12837
12812
12787
12762
12750
12762
12750
12762
12750
12762
12750
12762
12750
12762
12750
12762
12750
12737
12725
12712
12700
12712
12725
12737
12750
12762
12750
12737
12725
12737
12725
12712
12725
12737
12725
12737
12737
12750
12737
12750
12737
12737
12725
12712
12675
12662
12650
12637
12625
12612
12600
12587
12575
12562
12575
12562
12575
12587
12625
12662
12725
12787
12825
12862
12900
12925
12962
13025
13087
13150
13212
13250
13287
13325
13362
13375
13412
13425
13437
13425
13412
13400
13387
13375
13362
13350
13337
13325
13312
13300
13312
13300
13312
13300
13312
13300
13312
13300
13287
13250
13237
13200
13162
13150
13137
13100
13087
13062
13037
13012
13012
12987
13000
12987
13000
13025
13037
13050
13062
13075
13050
13062
13050
13062
13050
13062
13050
13062
13050
13037
13025
13012
13000
12987
13000
12987
12975
12962
12975
12962
12975
12987
13000
12987
13000
12987
13000
12987
13000
12987
13000
12987
13000
12987
13000
12987
12975
12962
12975
12987
13000
13037
13075
13087
13100
13137
13150
13162
13175
13187
13200
13212
13225
13237
13250
13237
13250
13237
13225
13212
13200
13187
13175
13187
13175
13187
13175
13187
13175
13187
13175
13162
13150
13137
13125
13112
13125
13112
13100
13062
13050
13037
13025
13037
13087
13100
13112
13125
13137
13112
13100
13087
13075
13037
13025
13037
13025
13037
13075
13112
13150
13212
13275
13337
13400
13450
13512
13550
13587
13625
13662
13700
13762
13825
13862
13900
13912
13925
13912
13900
13887
13875
13862
13850
13862
13875
13887
13900
13912
13925
13912
13900
13887
13875
13862
13850
13862
13850
13837
13825
13812
13800
13787
13775
13737
13725
13687
13650
13637
13625
13587
13575
13562
13550
13537
13550
13537
13550
13537
13550
13537
13550
13537
13525
13512
13500
13500
13487
13500
13487
13500
13487
13500
13475
13475
13412
13400
13387
13387
13387
13425
13437
13425
13437
13425
13412
13400
13387
13350
13337
13325
13312
13300
13312
13300
13312
13300
13312
13300
13287
13275
13262
13250
13237
13250
13237
13250
13237
13250
13237
13250
13237
13250
13237
13250
13237
13250
13237
13250
13237
13225
13225
13212
13200
13187
13200
13175
13187
13175
13187
13175
13162
13150
13137
13125
13112
13125
13112
13125
13112
13125
13112
13125
13112
13125
13112
13125
13112
13125
13112
13100
13087
13075
13062
13050
13062
13075
13112
13150
13187
13237
13287
13337
13387
13450
13512
13575
13612
13650
13687
13725
13762
13800
13837
13875
13887
13900
13937
13962
13975
14012
14025
14037
14025
14037
14025
14012
14000
13987
13987
13987
14000
14012
14025
14037
14050
14062
14075
14087
14100
14087
14100
14087
14075
14062
14050
14012
14000
13987
13962
13900
13875
13850
13825
13800
13825
13812
13800
13787
13775
13762
13750
13737
13725
13737
13725
13737
13725
13737
13725
13737
13725
13737
13725
13737
13750
13762
13750
13762
13750
13737
13725
13737
13725
13737
13750
13762
13750
13762
13750
13712
13700
13675
13662
13637
13637
13612
13625
13600
13612
13625
13662
13675
13712
13725
13712
13700
13687
13675
13662
13650
13637
13625
13587
13575
13562
13525
13512
13500
13500
13487
13500
13487
13500
13487
13500
13487
13475
13462
13475
13450
13450
13450
13450
13425
13437
13425
13437
13425
13437
13425
13437
13425
13437
13425
13437
13425
13412
13400
13387
13375
13387
13425
13437
13475
13500
13537
13587
13662
13737
13787
13850
13900
13937
13987
14025
14062
14100
14137
14150
14200
14237
14275
14287
14325
14362
14375
14362
14375
14387
14375
14387
14400
14412
14400
14412
14400
14412
14400
14412
14400
14387
14375
14362
14350
14337
14325
14312
14300
14287
14275
14262
14250
14237
14225
14212
14200
14187
14175
14137
14125
14112
14100
14087
14075
14062
14050
14012
14012
14012
13987
13987
13987
13987
13975
13987
13975
13962
13950
13937
13900
13887
13875
13862
13850
13862
13850
13862
13850
13862
13850
13837
13825
13812
13800
13787
13800
13787
13800
13812
13825
13812
13800
13787
13750
13737
13725
13737
13725
13750
13750
13750
13750
13750
13712
13675
13662
13625
13612
13600
13612
13600
13612
13600
13612
13600
13612
13600
13612
13600
13612
13600
13612
13600
13612
13600
13587
13575
13587
13575
13587
13600
13587
13575
13550
13525
13525
13550
13575
13637
13700
13762
13825
13862
13900
13937
13962
14000
14062
14100
14137
14175
14212
14250
14287
14325
14362
14400
14412
14450
14462
14475
14462
14475
14487
14500
14487
14500
14487
14475
14462
14450
14437
14425
14412
14400
14412
14400
14412
14425
14437
14450
14462
14475
14462
14475
14462
14450
14437
14425
14412
14400
14412
14400
14387
14350
14312
14250
14212
14175
14137
14125
14112
14100
14087
14100
14087
14100
14112
14125
14137
14150
14162
14150
14137
14125
14112
14100
14087
14075
14062
14050
14037
14025
14012
14012
14012
13987
13987
13987
13987
13975
13987
13975
13962
13950
13937
13900
13887
13900
13887
13875
13887
13875
13862
13875
13887
13875
13887
13875
13862
13850
13862
13850
13862
13850
13862
13850
13837
13825
13812
13800
13787
13800
13787
13800
13787
13800
13787
13800
13787
13775
13762
13750
13737
13725
13737
13725
13737
13725
13737
13725
13712
13700
13687
13675
13662
13675
13687
13700
13712
13725
13712
13700
13687
13675
13662
13650
13637
13650
13662
13700
13762
13800
13837
13875
13912
13900
13937
13987
14012
14050
14137
14187
14237
14312
14350
14387
14425
14462
14475
14512
14537
14550
14562
14600
14612
14625
14637
14650
14637
14650
14637
14650
14662
14675
14662
14675
14662
14650
14637
14625
14587
14575
14537
14537
14525
14512
14500
14487
14475
14462
14450
14412
14400
14362
14350
14337
14325
14312
14325
14312
14325
14337
14350
14337
14350
14375
14387
14375
14362
14325
14275
14237
14225
14212
14225
14200
14200
14175
14175
14150
14137
14125
14112
14075
14062
14050
14037
14025
14012
14000
13987
13987
13975
13987
13975
13987
13975
13987
13975
13987
13975
13987
13975
13987
13975
13962
13950
13937
13900
13887
13875
13862
13850
13862
13850
13862
13850
13837
13825
13812
13800
13787
13800
13787
13800
13787
13800
13787
13800
13787
13800
13787
13800
13787
13800
13787
13800
13787
13775
13775
13762
13725
13712
13700
13675
13662
13687
13687
13712
13737
13787
13825
13887
13937
14000
14062
14125
14187
14225
14262
14300
14337
14375
14437
14487
14550
14587
14625
14662
14675
14687
14700
14712
14700
14712
14700
14712
14687
14687
14687
14687
14687
14687
14687
14687
14687
14662
14675
14662
14650
14637
14650
14637
14625
14612
14600
14587
14575
14587
14575
14562
14525
14512
14487
14450
14437
14425
14387
14375
14362
14350
14337
14350
14337
14350
14337
14325
14312
14325
14312
14300
14287
14275
14237
14225
14212
14200
14187
14175
14137
14125
14112
14100
14087
14075
14037
14025
13987
13962
13950
13937
13925
13912
13925
13912
13925
13912
13925
13912
13900
13887
13875
13862
13850
13862
13850
13862
13850
13837
13825
13812
13800
13812
13825
13837
13850
13862
13850
13862
13850
13862
13850
13862
13850
13862
13850
13837
13825
13812
13800
13787
13762
13737
13712
13687
13662
13650
13637
13650
13637
13625
13637
13650
13662
13700
13762
13800
13837
13875
13912
13937
14000
14075
14125
14175
14225
14275
14312
14350
14387
14425
14462
14487
14525
14562
14575
14562
14550
14537
14537
14525
14537
14525
14537
14525
14537
14525
14512
14500
14512
14500
14512
14525
14537
14525
14537
14525
14537
14525
14537
14525
14512
14500
14487
14450
14437
14425
14387
14350
14337
14300
14287
14275
14287
14300
14312
14325
14337
14350
14337
14325
14312
14300
14287
14275
14262
14250
14237
14200
14187
14175
14162
14150
14137
14125
14112
14100
14087
14075
14037
14025
13987
13987
13987
14000
14012
14025
14037
14012
14012
14012
14012
13987
14012
14012
14012
14012
14012
14000
13987
13987
13962
13962
13937
13937
13912
13925
13900
13900
13875
13875
13850
13862
13850
13862
13850
13862
13850
13862
13850
13862
13850
13862
13850
13875
13862
13850
13837
13850
13825
13837
13850
13862
13875
13912
13937
14000
14062
14125
14200
14275
14350
14425
14487
14550
14612
14675
14712
14750
14762
14775
14762
14775
14762
14750
14737
14725
14712
14700
14712
14725
14737
14725
14737
14725
14712
14700
14687
14675
14662
14650
14637
14625
14587
14550
14512
14487
14475
14462
14450
14437
14425
14387
14387
14387
14387
14387
14412
14400
14412
14400
14387
14375
14362
14350
14337
14350
14337
14350
14337
14350
14337
14325
14312
14300
14287
14275
14262
14250
14237
14225
14212
14200
14187
14175
14137
14125
14112
14100
14087
14075
14062
14050
14037
14025
14037
14025
14012
14000
13987
13987
13975
13987
13975
13987
13975
13987
13975
13962
13950
13937
13937
13937
13937
13912
13912
13875
13862
13850
13862
13850
13862
13850
13837
13825
13812
13800
13787
13800
13787
13800
13787
13775
13762
13750
13737
13725
13737
13725
13737
13725
13737
13725
13737
13725
13737
13725
13737
13750
13787
13825
13887
13937
14000
14062
14125
14187
14250
14312
14375
14437
14487
14525
14562
14600
14637
14650
14687
14700
14725
14725
14750
14750
14775
14762
14787
14787
14787
14787
14787
14775
14762
14775
14762
14775
14762
14775
14762
14775
14762
14775
14762
14775
14762
14775
14762
14775
14762
14775
14762
14775
14762
14750
14737
14725
14687
14650
14637
14600
14587
14575
14562
14525
14487
14437
14400
14387
14375
14387
14400
14412
14400
14412
14400
14412
14425
14437
14425
14437
14425
14387
14375
14362
14350
14337
14350
14337
14325
14312
14300
14262
14250
14237
14200
14187
14175
14162
14150
14137
14125
14112
14100
14087
14075
14062
14050
14037
14025
14037
14025
14037
14050
14062
14075
14087
14100
14087
14100
14087
14075
14062
14075
14062
14050
14062
14050
14037
14025
14037
14025
14037
14025
13987
13975
13962
13962
13950
13987
13975
13987
13975
13962
13950
13962
13950
13962
13987
14025
14062
14125
14187
14250
14312
14375
14437
14487
14550
14612
14675
14712
14750
14787
14825
14837
14875
14887
14900
14887
14875
14862
14850
14837
14825
14837
14825
14837
14825
14837
14825
14812
14775
14762
14712
14687
14662
14637
14612
14600
14562
14550
14537
14512
14475
14462
14450
14437
14425
14412
14400
14362
14350
14337
14350
14337
14325
14312
14300
14262
14250
14237
14225
14212
14225
14200
14200
14175
14175
14150
14162
14137
14137
14112
14112
14087
14100
14087
14100
14087
14100
14087
14075
14062
14050
14012
13975
13937
13912
13875
13862
13850
13862
13850
13862
13875
13887
13900
13912
13925
13912
13925
13912
13900
13887
13875
13837
13825
13812
13800
13787
13800
13787
13775
13737
13700
13662
13625
13612
13600
13612
13600
13587
13575
13587
13600
13637
13700
13762
13825
13887
13937
14000
14062
14100
14150
14200
14250
14275
14325
14362
14400
14437
14475
14512
14525
14512
14500
14487
14450
14437
14425
14412
14400
14412
14400
14412
14400
14412
14400
14412
14400
14412
14400
14412
14400
14387
14375
14400
14387
14375
14387
14375
14325
14287
14250
14187
14150
14112
14075
14062
14050
14037
14025
14000
13987
13975
13975
13962
13987
13975
13987
13975
13987
13975
13987
13975
13987
13975
13987
13975
13987
13975
13962
13950
13937
13925
13912
13900
13887
13875
13837
13825
13812
13800
13787
13800
13787
13775
13762
13750
13712
13700
13687
13650
13637
13625
13612
13600
13612
13600
13612
13600
13612
13600
13612
13600
13612
13600
13612
13600
13612
13600
13612
13600
13612
13600
13612
13587
13587
13587
13587
13587
13600
13612
13600
13625
13612
13625
13612
13600
13575
13562
13550
13562
13575
13587
13625
13662
13700
13762
13825
13887
13937
13987
14037
14087
14125
14187
14225
14275
14300
14325
14350
14375
14387
14400
14412
14400
14412
14425
14437
14450
14462
14475
14487
14500
14512
14525
14537
14525
14537
14525
14512
14500
14512
14500
14487
14500
14487
14450
14437
14425
14387
14350
14312
14275
14237
14200
14187
14175
14162
14150
14137
14125
14112
14100
14112
14125
14137
14150
14162
14150
14162
14150
14162
14150
14162
14150
14162
14150
14137
14125
14112
14100
14087
14100
14087
14075
14062
14050
14037
14050
14062
14075
14087
14075
14062
14050
14012
13975
13975
13962
13962
13962
13962
13950
13937
13925
13912
13925
13937
13950
13962
13987
14000
13987
14000
14012
13987
13987
13987
13987
13975
13987
13975
13962
13925
13912
13875
13837
13800
13787
13750
13737
13725
13737
13725
13737
13725
13737
13750
13762
13775
13787
13800
13787
13800
13787
13800
13787
13800
13812
13850
13887
13937
14000
14062
14125
14187
14250
14312
14375
14437
14487
14550
14587
14637
14687
14712
14737
14787
14800
14812
14825
14837
14825
14837
14825
14812
14800
14787
14775
14812
14825
14812
14825
14812
14775
14762
14775
14762
14750
14737
14725
14712
14700
14712
14700
14687
14675
14662
14625
14612
14600
14562
14525
14512
14487
14450
14437
14425
14412
14400
14412
14400
14412
14425
14437
14450
14487
14500
14512
14525
14537
14537
14550
14537
14525
14487
14462
14425
14387
14375
14362
14325
14312
14300
14287
14275
14262
14250
14225
14200
14175
14175
14150
14162
14150
14162
14175
14175
14175
14175
14175
14150
14162
14150
14137
14125
14112
14100
14087
14100
14087
14075
14062
14075
14062
14075
14087
14100
14087
14100
14112
14125
14112
14100
14087
14050
14037
14025
14037
14025
14037
14025
14037
14025
14037
14025
14037
14025
14037
14025
14037
14050
14087
14125
14187
14250
14312
14375
14437
14487
14525
14562
14600
14637
14675
14737
14800
14837
14875
14887
14900
14887
14900
14887
14875
14862
14850
14837
14812
14825
14812
14825
14837
14862
14875
14912
14912
14912
14912
14912
14887
14900
14887
14875
14862
14850
14837
14825
14812
14775
14737
14700
14662
14612
14587
14587
14562
14537
14550
14537
14537
14525
14537
14525
14537
14525
14537
14525
14537
14525
14537
14525
14537
14525
14537
14525
14512
14500
14487
14475
14450
14450
14425
14425
14400
14412
14400
14412
14400
14387
14375
14362
14325
14287
14275
14237
14200
14187
14175
14162
14150
14162
14150
14162
14150
14162
14150
14162
14150
14137
14125
14112
14100
14087
14100
14087
14100
14087
14075
14062
14050
14037
14025
14037
14025
14012
14000
13987
13962
13950
13937
13925
13912
13925
13912
13925
13912
13925
13912
13925
13912
13925
13912
13925
13912
13925
13912
13925
13912
13925
13912
13925
13912
13925
13937
13962
14000
14062
14125
14187
14250
14312
14375
14437
14487
14550
14612
14675
14712
14750
14787
14800
14812
14825
14837
14850
14862
14850
14862
14850
14837
14850
14862
14875
14887
14875
14862
14875
14862
14850
14862
14850
14837
14825
14837
14825
14812
14775
14762
14725
14687
14675
14662
14662
14650
14662
14650
14637
14587
14550
14512
14487
14450
14412
14400
14387
14375
14387
14425
14462
14475
14487
14500
14512
14500
14512
14525
14537
14525
14537
14525
14537
14537
14550
14537
14550
14537
14537
14525
14512
14500
14487
14450
14437
14425
14412
14400
14387
14375
14362
14325
14312
14300
14262
14250
14237
14225
14212
14200
14187
14200
14187
14175
14200
14200
14175
14175
14175
14162
14150
14137
14125
14112
14100
14087
14075
14062
14037
14025
14012
14025
14037
14050
14050
14075
14075
14075
14087
14100
14087
14100
14087
14100
14087
14100
14087
14075
14062
14050
14037
14025
14037
14050
14087
14125
14187
14250
14312
14387
14450
14525
14600
14675
14737
14800
14862
14925
14962
15012
15037
15062
15062
15062
15012
15000
14975
14962
14975
15000
15012
15025
15037
15050
15037
15025
15012
14975
14925
14862
14800
14737
14700
14662
14650
14637
14650
14637
14650
14637
14625
14612
14600
14587
14575
14587
14575
14587
14575
14587
14575
14562
14550
14537
14512
14512
14512
14487
14462
14462
14425
14412
14400
14412
14400
14387
14375
14362
14350
14337
14325
14312
14300
14287
14275
14287
14275
14287
14275
14262
14250
14237
14225
14212
14225
14212
14225
14212
14225
14212
14225
14212
14225
14237
14250
14237
14250
14237
14225
14212
14225
14212
14200
14187
14175
14162
14150
14162
14150
14162
14150
14162
14150
14162
14150
14162
14150
14162
14150
14162
14175
14212
14250
14312
14375
14437
14487
14562
14637
14712
14787
14862
14925
14975
15012
15050
15100
15125
15125
15125
15137
15112
15112
15112
15137
15125
15137
15125
15137
15125
15137
15112
15112
15087
15087
15062
15075
15062
15075
15062
15075
15062
15075
15100
15125
15125
15125
15125
15087
15075
15062
15075
15062
15050
15037
15025
15000
14962
14925
14887
14850
14812
14775
14762
14725
14712
14725
14737
14750
14762
14775
14762
14775
14787
14800
14812
14825
14837
14825
14837
14850
14862
14850
14862
14850
14837
14825
14812
14800
14812
14800
14812
14825
14812
14800
14787
14750
14737
14725
14712
14700
14712
14700
14712
14700
14712
14725
14737
14725
14737
14750
14762
14775
14787
14775
14762
14725
14712
14700
14712
14700
14712
14700
14712
14700
14712
14687
14700
14687
14700
14687
14712
14700
14712
14700
14712
14700
14712
14700
14712
14700
14712
14700
14712
14700
14712
14700
14712
14700
14712
14700
14712
14725
14762
14800
14862
14925
14975
15037
15100
15162
15225
15287
15350
15387
15425
15462
15475
15487
15525
15537
15550
15562
15575
15562
15550
15537
15525
15487
15475
15462
15450
15437
15450
15437
15450
15437
15450
15437
15425
15412
15400
15362
15350
15337
15300
15262
15225
15162
15100
15037
15000
14975
14937
14925
14937
14925
14937
14950
14962
14950
14962
14950
14937
14925
14887
14875
14862
14850
14837
14850
14837
14825
14837
14812
14812
14812
14837
14837
14850
14862
14850
14812
14800
14787
14750
14737
14750
14737
14750
14787
14800
14812
14825
14837
14825
14837
14850
14862
14875
14887
14900
14887
14900
14887
14875
14837
14825
14787
14750
14737
14725
14712
14700
14712
14700
14712
14700
14712
14700
14712
14700
14712
14725
14737
14725
14737
14725
14712
14700
14712
14700
14712
14700
14712
14700
14712
14700
14712
14725
14737
14750
14787
14825
14837
14875
14912
14950
14987
15062
15137
15225
15287
15337
15387
15437
15475
15512
15512
15525
15512
15475
15462
15462
15462
15462
15487
15512
15525
15525
15525
15525
15500
15512
15500
15512
15500
15512
15500
15512
15500
15512
15500
15512
15500
15512
15500
15512
15487
15462
15400
15362
15300
15250
15225
15212
15175
15162
15150
15137
15125
15137
15125
15137
15150
15162
15175
15187
15200
15187
15200
15187
15175
15162
15150
15137
15125
15112
15075
15062
15025
15025
15012
15000
14962
14950
14912
14900
14887
14900
14887
14875
14862
14875
14862
14850
14862
14850
14837
14825
14837
14825
14837
14850
14862
14850
14862
14875
14862
14850
14862
14850
14812
14800
14775
14750
14750
14775
14775
14787
14800
14787
14775
14762
14750
14737
14750
14737
14750
14787
14825
14862
14925
14975
15037
15100
15162
15225
15287
15350
15412
15475
15512
15550
15575
15587
15600
15612
15625
15612
15600
15587
15575
15575
15562
15575
15562
15550
15537
15525
15512
15500
15512
15525
15537
15550
15562
15575
15575
15587
15537
15537
15512
15475
15425
15412
15350
15312
15275
15262
15250
15262
15287
15300
15287
15300
15287
15262
15250
15262
15250
15262
15250
15262
15250
15262
15250
15237
15225
15212
15175
15162
15150
15112
15100
15112
15100
15112
15125
15137
15125
15137
15125
15112
15100
15087
15075
15062
15050
15037
15025
15025
15012
15025
15012
15025
15012
15025
15012
15025
15012
15025
15012
15025
15062
15075
15062
15075
15062
15025
15025
15062
15075
15087
15100
15087
15075
15062
15087
15087
15087
15087
15087
15075
15062
15075
15062
15075
15062
15050
15037
15025
15025
15025
15050
15075
15125
15162
15200
15250
15300
15350
15400
15475
15525
15587
15650
15712
15775
15837
15900
15937
15975
15987
15975
15962
15950
15912
15900
15887
15875
15862
15850
15812
15775
15737
15700
15687
15675
15662
15625
15612
15575
15575
15562
15550
15537
15525
15487
15450
15437
15425
15412
15425
15437
15450
15437
15450
15437
15425
15412
15387
15362
15337
15312
15287
15275
15237
15225
15212
15175
15162
15150
15137
15125
15137
15125
15137
15125
15137
15125
15137
15125
15137
15125
15137
15112
15112
15112
15112
15112
15125
15112
15100
15087
15075
15062
15050
15037
15025
15025
15012
15025
15012
15025
15012
15025
15025
15037
15050
15062
15075
15062
15050
15037
15025
15025
15012
15025
15012
15025
15025
15037
15025
15037
15025
15025
15012
15025
15000
15000
14975
14975
14950
14962
14975
15000
15037
15100
15162
15225
15287
15350
15412
15475
15525
15587
15650
15712
15775
15837
15875
15912
15925
15937
15925
15937
15925
15912
15900
15912
15900
15912
15925
15937
15925
15937
15925
15937
15925
15937
15925
15937
15925
15937
15925
15937
15925
15937
15925
15937
15950
15962
15950
15962
15950
15937
15925
15937
15925
15912
15900
15887
15850
15812
15775
15712
15675
15637
15625
15612
15625
15637
15650
15662
15675
15687
15675
15662
15650
15662
15650
15637
15650
15637
15625
15612
15625
15612
15625
15612
15600
15562
15550
15525
15512
15500
15487
15475
15462
15450
15462
15475
15487
15500
15512
15500
15487
15450
15450
15425
15400
15375
15375
15337
15325
15312
15325
15312
15300
15300
15300
15300
15300
15300
15287
15275
15262
15250
15262
15250
15262
15250
15262
15250
15262
15250
15237
15225
15212
15200
15212
15275
15275
15275
15275
15250
15200
15187
15175
15162
15150
15137
15125
15137
15150
15187
15225
15262
15312
15362
15412
15462
15525
15587
15625
15675
15725
15750
15787
15850
15900
15950
16000
16037
16037
16037
16012
16012
15987
15975
15962
15950
15937
15925
15912
15900
15912
15900
15887
15900
15887
15875
15862
15875
15862
15875
15887
15887
15887
15887
15862
15837
15812
15762
15712
15662
15612
15575
15575
15562
15575
15575
15587
15600
15612
15625
15612
15600
15562
15550
15525
15487
15475
15462
15425
15387
15375
15337
15300
15300
15300
15300
15300
15325
15312
15325
15312
15325
15312
15325
15312
15325
15312
15300
15287
15275
15262
15250
15262
15250
15262
15250
15237
15200
15187
15150
15137
15125
15137
15125
15112
15100
15087
15050
15037
15025
15025
15012
15025
15012
15025
15000
15000
15000
15000
15000
15025
15037
15062
15112
15162
15212
15287
15350
15425
15487
15562
15637
15687
15725
15737
15750
15737
15725
15712
15700
15687
15675
15662
15650
15662
15650
15662
15700
15712
15700
15712
15700
15687
15675
15662
15650
15637
15600
15562
15525
15475
15437
15400
15400
15387
15400
15387
15400
15375
15387
15375
15400
15400
15425
15425
15450
15437
15450
15437
15450
15437
15450
15437
15425
15412
15400
15362
15350
15337
15300
15287
15275
15262
15250
15262
15250
15262
15250
15262
15250
15262
15250
15262
15250
15262
15250
15262
15275
15287
15300
15312
15325
15312
15325
15312
15300
15287
15275
15275
15275
15275
15275
15275
15262
15250
15262
15250
15237
15200
15187
15175
15162
15150
15162
15175
15162
15150
15162
15150
15137
15125
15137
15125
15137
15150
15187
15225
15287
15350
15412
15475
15525
15587
15650
15712
15775
15837
15900
15962
16000
16012
16025
16012
16000
15987
15975
15962
15975
15962
15950
15962
15950
15937
15950
15950
15950
15975
15975
15975
15987
16000
16012
16025
16012
16025
16012
16000
15987
16000
15987
15975
15962
15950
15912
15875
15862
15825
15787
15775
15762
15725
15712
15700
15687
15675
15687
15675
15687
15675
15687
15675
15687
15675
15687
15675
15687
15675
15662
15650
15637
15625
15612
15625
15612
15625
15612
15625
15612
15625
15612
15625
15612
15625
15612
15600
15587
15575
15550
15512
15500
15462
15450
15437
15450
15437
15450
15437
15450
15437
15425
15412
15400
15387
15375
15387
15375
15387
15375
15362
15350
15337
15300
15287
15300
15287
15300
15312
15300
15287
15275
15262
15275
15287
15275
15287
15275
15262
15250
15262
15275
15287
15300
15312
15325
15337
15375
15412
15475
15525
15587
15650
15712
15775
15837
15875
15912
15950
15962
15975
16012
16025
16037
16050
16062
16050
16062
16050
16062
16037
16037
16012
16012
16025
16025
16000
16000
15975
15937
15925
15937
15950
15962
15975
15987
16012
16000
15987
15975
15962
15937
15925
15912
15900
15887
15850
15837
15825
15812
15800
15787
15750
15737
15700
15687
15675
15687
15675
15687
15675
15662
15650
15637
15625
15612
15600
15587
15575
15550
15537
15525
15512
15500
15512
15500
15512
15500
15512
15500
15512
15500
15487
15475
15462
15425
15412
15400
15387
15375
15362
15350
15362
15350
15362
15375
15362
15350
15362
15375
15387
15425
15437
15425
15412
15400
15362
15350
15337
15325
15312
15300
15287
15275
15262
15250
15262
15250
15275
15275
15300
15300
15325
15312
15300
15287
15275
15262
15250
15262
15250
15237
15225
15237
15250
15287
15350
15387
15425
15462
15500
15525
15587
15650
15712
15775
15812
15850
15887
15900
15912
15925
15937
15925
15937
15925
15937
15925
15912
15900
15912
15925
15925
15950
15950
15925
15900
15887
15875
15887
15900
15887
15900
15887
15850
15837
15850
15837
15825
15837
15825
15787
15750
15712
15650
15612
15575
15575
15562
15575
15562
15575
15562
15575
15562
15575
15562
15575
15562
15575
15562
15575
15562
15550
15537
15525
15512
15500
15487
15475
15462
15450
15437
15450
15437
15425
15412
15400
15362
15350
15337
15300
15287
15275
15262
15250
15237
15200
15187
15150
15137
15125
15112
15100
15087
15075
15062
15075
15062
15050
15037
15025
15025
15012
15025
15012
15025
15025
15050
15075
15125
15162
15225
15287
15350
15412
15475
15525
15587
15625
15662
15700
15737
15750
15787
15825
15837
15850
15862
15875
15862
15875
15862
15875
15862
15875
15862
15875
15887
15887
15862
15875
15850
15825
15812
15825
15800
15812
15800
15812
15800
15812
15800
15812
15800
15787
15775
15762
15725
15687
15650
15587
15525
15500
15462
15450
15437
15450
15437
15450
15462
15475
15487
15500
15512
15500
15512
15500
15487
15475
15462
15450
15437
15425
15412
15400
15387
15375
15387
15375
15362
15350
15325
15300
15300
15300
15300
15337
15350
15362
15375
15387
15400
15412
15400
15412
15425
15412
15425
15437
15450
15437
15450
15437
15425
15412
15400
15362
15325
15312
15275
15262
15275
15275
15275
15275
15275
15250
15262
15250
15237
15225
15212
15200
15187
15200
15187
15200
15187
15200
15187
15200
15187
15200
15187
15200
15212
15262
15312
15400
15475
15562
15612
15662
15700
15737
15775
15837
15900
15937
15975
16012
16025
16037
16050
16062
16050
16062
16050
16062
16050
16062
16050
16062
16050
16062
16050
16037
16025
16012
16000
15987
16000
15987
16000
15987
16000
16012
16025
16037
16050
16037
16000
15962
15900
15837
15800
15750
15737
15725
15712
15700
15700
15687
15675
15687
15675
15687
15675
15687
15700
15700
15700
15700
15675
15650
15637
15600
15587
15575
15575
15562
15550
15537
15525
15487
15475
15487
15475
15487
15500
15512
15500
15487
15475
15462
15450
15437
15450
15437
15450
15437
15425
15412
15400
15387
15375
15387
15375
15387
15375
15387
15375
15387
15375
15387
15375
15387
15375
15412
15400
15387
15375
15387
15375
15412
15475
15525
15587
15650
15712
15775
15837
15900
15962
16012
16050
16087
16125
16137
16125
16137
16125
16112
16100
16087
16075
16062
16037
16025
16012
16000
15987
16000
16012
16025
16037
16050
16037
16025
16037
16037
16037
16037
16012
15962
15925
15887
15850
15812
15800
15762
15725
15712
15700
15687
15675
15687
15675
15687
15675
15662
15650
15637
15625
15612
15625
15612
15587
15587
15587
15562
15562
15575
15550
15550
15550
15525
15525
15525
15487
15450
15437
15400
15387
15375
15387
15375
15362
15350
15337
15325
15312
15325
15312
15325
15312
15325
15312
15325
15312
15300
15287
15300
15287
15275
15287
15300
15287
15300
15312
15325
15312
15325
15337
15350
15362
15400
15412
15425
15462
15475
15462
15475
15462
15450
15462
15475
15487
15525
15550
15587
15650
15712
15775
15837
15900
15962
16012
16075
16112
16150
16187
16200
16212
16225
16212
16200
16187
16150
16112
16112
16087
16087
16087
16112
16100
16112
16125
16137
16150
16162
16175
16162
16175
16162
16175
16162
16150
16137
16125
16112
16100
16087
16050
16037
16012
15975
15937
15900
15862
15862
15862
15862
15862
15862
15850
15837
15825
15837
15825
15812
15800
15812
15800
15812
15800
15787
15775
15762
15750
15737
15750
15737
15725
15712
15700
15662
15625
15612
15575
15575
15550
15550
15525
15525
15525
15537
15550
15562
15575
15562
15575
15562
15550
15512
15475
15412
15375
15362
15350
15362
15375
15362
15325
15312
15275
15262
15250
15237
15200
15187
15150
15137
15125
15137
15125
15137
15125
15137
15150
15187
15225
15287
15350
15412
15475
15525
15587
15625
15675
15700
15725
15725
15725
15687
15650
15612
15575
15575
15562
15575
15575
15587
15600
15612
15600
15587
15575
15575
15562
15575
15562
15575
15562
15575
15575
15587
15600
15612
15625
15612
15600
15562
15550
15525
15487
15437
15387
15300
15212
15112
15075
15025
15037
15050
15100
15100
15112
15100
15112
15100
15112
15125
15137
15112
15125
15112
15100
15100
15112
15112
15137
15187
15200
15237
15250
15262
15250
15237
15225
15212
15175
15137
15100
15062
15050
15037
15050
15087
15100
15112
15125
15137
15150
15162
15175
15175
15175
15150
15150
15125
15137
15150
15162
15175
15212
15225
15212
15225
15212
15212
15200
15187
15175
15162
15137
15150
15187
15225
15262
15300
15312
15325
15337
15350
15362
15375
15387
15400
15437
15475
15525
15587
15650
15712
15775
15837
15900
15962
16012
16075
16112
16150
16162
16175
16162
16150
16137
16125
16112
16100
16112
16125
16137
16150
16162
16150
16150
16150
16150
16150
16175
16162
16175
16162
16175
16162
16150
16112
16075
16037
16000
15975
15950
15925
15875
15837
15800
15762
15725
15687
15675
15637
15600
15562
15525
15500
15462
15450
15437
15425
15412
15400
15362
15350
15337
15325
15312
15300
15262
15250
15237
15212
15225
15237
15250
15237
15262
15275
15287
15300
15312
15337
15337
15362
15362
15387
15375
15400
15400
15425
15450
15475
15487
15500
15512
15500
15512
15500
15487
15487
15487
15487
15487
15512
15500
15512
15500
15487
15450
15412
15350
15312
15275
15237
15225
15212
15175
15162
15150
15137
15112
15112
15112
15112
15112
15125
15137
15150
15162
15175
15187
15200
15212
15250
15262
15300
15337
15375
15412
15475
15525
15562
15600
15637
15650
15662
15700
15712
15725
15737
15750
15737
15750
15737
15725
15687
15650
15587
15550
15525
15512
15487
15500
15487
15500
15487
15487
15475
15462
15425
15412
15400
15387
15375
15400
15400
15425
15425
15450
15437
15425
15412
15425
15412
15400
15387
15350
15287
15250
15212
15200
15212
15250
15287
15350
15412
15475
15537
15612
15712
15787
15862
15925
15962
15975
15987
15975
15937
15900
15837
15775
15737
15700
15662
15650
15637
15625
15612
15600
15587
15575
15575
15562
15550
15537
15525
15487
15475
15462
15425
15412
15400
15387
15375
15387
15375
15362
15350
15337
15325
15312
15325
15312
15325
15337
15375
15387
15425
15437
15450
15462
15475
15487
15500
15487
15475
15462
15450
15437
15450
15437
15462
15462
15487
15487
15512
15500
15512
15525
15550
15562
15612
15662
15712
15775
15837
15887
15937
15987
16025
16075
16125
16175
16225
16237
16275
16312
16350
16362
16400
16412
16425
16437
16450
16437
16450
16437
16437
16425
16437
16425
16437
16437
16450
16462
16475
16487
16500
16512
16525
16537
16550
16562
16575
16587
16612
16625
16612
16600
16562
16537
16500
16487
16500
16512
16525
16537
16550
16537
16550
16537
16525
16512
16500
16462
16425
16412
16375
16362
16350
16362
16350
16362
16350
16362
16350
16362
16350
16362
16350
16362
16375
16387
16375
16387
16375
16362
16350
16362
16350
16362
16350
16337
16337
16337
16337
16337
16362
16350
16337
16325
16312
16275
16262
16237
16187
16137
16087
16012
15962
15900
15837
15762
15687
15612
15537
15475
15412
15350
15287
15225
15162
15125
15075
15050
15012
15000
14975
14950
14925
14912
14900
14887
14900
14912
14950
14975
15037
15100
15162
15225
15262
15300
15337
15375
15412
15475
15525
15600
15675
15750
15825
15900
15962
16000
16037
16050
16062
16050
16062
16062
16075
16087
16100
16112
16100
16112
16100
16112
16100
16087
16075
16062
16062
16050
16037
16025
16012
16000
16012
16025
16037
16050
16062
16062
16075
16087
16100
16112
16100
16112
16100
16062
16050
16037
16037
16025
16037
16000
15987
15950
15937
15925
15912
15900
15887
15875
15862
15850
15837
15825
15787
15775
15762
15725
15712
15700
15662
15650
15625
15600
15600
15600
15600
15612
15600
15562
15525
15500
15462
15425
15412
15400
15362
15325
15287
15250
15237
15225
15237
15250
15262
15275
15312
15350
15387
15425
15462
15475
15462
15475
15462
15425
15412
15400
15387
15375
15362
15325
15287
15250
15212
15200
15212
15225
15237
15275
15312
15350
15412
15475
15525
15587
15650
15712
15750
15800
15850
15875
15900
15925
15937
15925
15937
15925
15937
15925
15937
15950
15962
15950
15962
15950
15912
15900
15887
15875
15862
15875
15862
15875
15887
15900
15912
15925
15937
15925
15950
15937
15950
15937
15925
15875
15862
15812
15762
15737
15712
15687
15675
15687
15675
15687
15675
15687
15675
15662
15650
15662
15650
15662
15700
15712
15700
15712
15700
15687
15675
15687
15675
15687
15675
15687
15675
15687
15675
15687
15675
15687
15675
15687
15675
15662
15650
15637
15625
15612
15625
15612
15625
15612
15625
15637
15637
15637
15637
15637
15612
15625
15637
15650
15637
15650
15637
15600
15562
15550
15525
15487
15450
15437
15425
15412
15425
15437
15450
15437
15450
15462
15475
15462
15475
15487
15475
15487
15500
15512
15500
15512
15525
15537
15550
15575
15612
15662
15712
15762
15812
15875
15925
15987
16062
16137
16200
16262
16325
16362
16400
16412
16425
16412
16425
16412
16400
16387
16375
16337
16325
16312
16300
16287
16300
16287
16300
16287
16300
16312
16325
16337
16350
16362
16350
16362
16375
16387
16400
16412
16425
16412
16425
16412
16400
16387
16375
16337
16300
16287
16250
16212
16200
16187
16175
16162
16150
16137
16150
16137
16150
16162
16175
16162
16175
16162
16175
16187
16200
16212
16225
16237
16225
16237
16225
16237
16225
16237
16225
16237
16225
16212
16200
16187
16150
16137
16125
16112
16100
16112
16125
16125
16125
16125
16125
16100
16087
16075
16062
16062
16050
16037
16025
16012
16000
15987
16000
15975
15975
15950
15950
15950
15962
15975
15987
16000
15987
16000
15987
16012
16012
16037
16037
16062
16050
16062
16050
16062
16050
16062
16050
16037
16025
16012
15975
15962
15950
15937
15925
15937
15950
15987
16012
16075
16137
16200
16262
16325
16362
16400
16437
16475
16487
16525
16537
16525
16487
16475
16437
16400
16387
16375
16362
16350
16362
16375
16387
16375
16387
16400
16387
16375
16387
16400
16387
16375
16387
16375
16362
16350
16337
16300
16262
16200
16162
16112
16087
16062
16062
16050
16037
16037
16037
16037
16037
16062
16050
16062
16050
16062
16050
16062
16050
16062
16050
16062
16050
16037
16025
16012
16000
15987
16000
15987
16000
15987
16000
15987
16000
15987
16000
15987
16000
15987
15975
15962
15950
15912
15900
15887
15875
15862
15875
15862
15875
15862
15875
15887
15900
15912
15925
15937
15925
15937
15925
15937
15950
15962
15975
15987
16000
15987
15962
15937
15937
15912
15887
15900
15887
15875
15862
15875
15887
15925
15962
16012
16075
16137
16212
16287
16362
16437
16487
16525
16562
16575
16587
16612
16625
16637
16675
16687
16675
16687
16675
16662
16650
16662
16650
16662
16650
16662
16650
16662
16650
16662
16650
16662
16650
16637
16600
16562
16512
16475
16425
16375
16350
16325
16275
16262
16250
16237
16225
16237
16225
16237
16225
16237
16225
16237
16225
16250
16237
16225
16187
16175
16125
16112
16100
16087
16075
16087
16075
16062
16050
16037
