t = 60.000000, p = 745.000000
23987
23975
23987
23975
23987
23975
23987
23975
23987
23975
23987
23975
23962
23950
23937
23925
23912
23925
23912
23925
23912
23925
23912
23925
23912
23900
23887
23875
23875
23862
23875
23862
23850
23837
23825
23812
23800
23787
23775
23762
23750
23762
23775
23787
23825
23837
23850
23875
23887
23900
23937
23975
24025
24075
24125
24150
24187
24187
24212
24237
24250
24250
24275
24275
24275
24275
24275
24250
24250
24225
24250
24250
24250
24250
24250
24237
24225
24237
24225
24237
24225
24237
24250
24262
24275
24275
24275
24250
24250
24225
24237
24225
24237
24225
24237
24225
24237
24225
24237
24225
24237
24225
24237
24225
24237
24225
24237
24225
24237
24250
24262
24275
24287
24275
24262
24250
24237
24250
24262
24275
24287
24300
24287
24300
24287
24300
24287
24300
24287
24275
24262
24250
24237
24225
24237
24225
24237
24225
24237
24225
24237
24225
24250
24250
24250
24250
24250
24237
24225
24237
24250
24262
24275
24287
24300
24287
24300
24287
24300
24287
24275
24262
24250
24212
24200
24212
24187
24187
24187
24187
24162
24150
24137
24162
24150
24137
24150
24137
24087
24075
24062
24050
24037
24050
24037
24050
24037
24050
24062
24075
24087
24100
24112
24100
24112
24100
24112
24125
24137
24150
24150
24150
24125
24125
24100
24087
24075
24062
24025
24012
24000
23962
23950
23962
23950
23962
23975
23962
23950
23962
23950
23962
23975
23987
23975
23987
23975
23987
24000
24012
24025
24037
24050
24037
24050
24037
24050
24037
24050
24062
24100
24112
24150
24187
24200
24212
24225
24237
24250
24262
24275
24287
24300
24287
24300
24287
24300
24287
24275
24237
24225
24187
24150
24137
24125
24087
24075
24062
24050
24037
24050
24037
24025
24012
24025
24000
24000
24025
24025
24025
24037
24025
24012
24000
23962
23950
23937
23925
23912
23925
23912
23925
23912
23925
23912
23925
23937
23950
23962
23975
23987
23975
23987
23975
23987
23975
23987
23975
23987
23975
23987
23975
24000
24000
24025
24050
24075
24100
24150
24162
24175
24187
24187
24162
24212
24212
24212
24187
24187
24125
24087
24075
24062
24025
24025
24025
24025
24050
24075
24087
24125
24137
24150
24162
24175
24162
24150
24137
24150
24137
24150
24162
24150
24137
24125
24112
24100
24112
24100
24087
24075
24062
24050
24037
24050
24037
24050
24062
24075
24087
24100
24112
24100
24112
24100
24087
24075
24062
24025
24012
23987
23962
23962
23962
23937
23950
23937
23925
23912
23925
23912
23925
23912
23900
23887
23875
23875
23862
23875
23875
23912
23950
23987
24025
24062
24075
24087
24125
24137
24150
24162
24175
24162
24175
24162
24175
24162
24175
24162
24150
24137
24125
24112
24100
24112
24100
24112
24100
24087
24075
24062
24050
24037
24025
24012
24025
24012
24025
24037
24025
24012
24000
23962
23950
23937
23925
23937
23950
23962
24000
24012
24025
24037
24050
24062
24075
24062
24075
24062
24050
24037
24050
24037
24025
24012
24000
23987
23975
23987
24000
24012
24025
24037
24050
24062
24075
24087
24100
24087
24075
24062
24025
23987
23975
23937
23925
23912
23925
23912
23887
23875
23887
23875
23887
23912
23925
23912
23900
23900
23900
23900
23900
23900
23887
23875
23875
23862
23875
23862
23875
23862
23875
23862
23875
23862
23875
23875
23887
23875
23887
23900
23887
23900
23912
23900
23887
23875
23850
23837
23825
23787
23775
23762
23750
23737
23750
23737
23750
23737
23750
23762
23800
23812
23850
23887
23900
23887
23900
23912
23887
23900
23912
23925
23937
23950
23962
23975
23962
23950
23962
23950
23937
23925
23912
23875
23850
23812
23800
23762
23725
23712
23700
23687
23675
23687
23700
23737
23775
23812
23825
23837
23825
23812
23800
23812
23800
23812
23787
23787
23762
23762
23762
23775
23787
23825
23837
23825
23837
23850
23837
23850
23875
23887
23900
23912
23925
23912
23925
23912
23900
23887
23900
23887
23900
23937
23950
23962
24000
24012
24000
24012
24000
23987
23975
23987
24000
24012
24025
24037
24050
24037
24062
24062
24087
24087
24112
24100
24087
24050
24037
24000
23987
23975
23962
23950
23937
23925
23912
23937
23937
23937
23937
23962
23950
23962
23975
23987
23975
23987
24000
24012
24025
24037
24050
24037
24050
24037
24050
24037
24025
23987
23975
23937
23900
23900
23900
23900
23900
23925
23937
23975
23987
24025
24062
24075
24025
24050
24075
24100
24125
24212
24225
24237
24225
24237
24225
24237
24200
24200
24200
24200
24175
24212
24200
24187
24175
24187
24162
24175
24162
24175
24162
24175
24162
24150
24137
24125
24112
24100
24087
24050
24050
24025
24025
24050
24100
24112
24162
24175
24187
24200
24212
24212
24225
24212
24200
24187
24150
24112
24100
24062
24050
24037
24050
24037
24050
24037
24050
24062
24062
24062
24062
24062
24062
24062
24062
24062
24062
24037
24050
24062
24075
24062
24075
24062
24025
24012
24000
23987
23975
23987
23975
23987
23975
23987
23975
23987
23975
23987
23975
23987
23975
23987
24000
24012
24000
24012
24000
23962
23950
23962
23950
23962
23975
23987
24000
24037
24075
24112
24150
24162
24175
24187
24200
24212
24225
24212
24200
24187
24175
24162
24150
24137
24150
24137
24150
24162
24175
24187
24200
24212
24225
24250
24237
24250
24237
24225
24200
24212
24187
24187
24187
24187
24162
24175
24187
24225
24262
24300
24337
24350
24362
24350
24362
24375
24387
24400
24412
24425
24412
24425
24412
24425
24412
24425
24412
24425
24412
24425
24412
24400
24362
24350
24337
24325
24337
24350
24362
24400
24387
24375
24362
24362
24312
24262
24275
24287
24300
24312
24375
24375
24375
24337
24325
24312
24300
24287
24300
24287
24275
24262
24275
24262
24275
24312
24325
24337
24350
24362
24375
24387
24400
24425
24437
24450
24462
24475
24462
24475
24462
24475
24462
24450
24437
24450
24437
24412
24425
24400
24400
24400
24425
24437
24462
24487
24487
24487
24487
24512
24500
24512
24525
24537
24525
24537
24525
24512
24500
24487
24475
24462
24475
24487
24500
24487
24512
24512
24487
24487
24487
24475
24462
24475
24450
24450
24425
24425
24412
24425
24412
24425
24412
24425
24412
24425
24412
24425
24425
24437
24450
24462
24475
24462
24487
24487
24462
24462
24487
24475
24487
24525
24537
24525
24500
24500
24500
24475
24450
24475
24437
24400
24350
24325
24300
24300
24300
24337
24350
24375
24350
24362
24350
24362
24362
24387
24400
24425
24437
24450
24487
24500
24512
24512
24525
24537
24550
24575
24612
24637
24637
24662
24650
24662
24675
24687
24700
24700
24700
24675
24675
24650
24662
24650
24662
24650
24637
24625
24612
24600
24587
24575
24562
24550
24537
24525
24537
24525
24512
24500
24487
24487
24475
24487
24475
24487
24462
24475
24487
24500
24512
24525
24537
24525
24537
24525
24537
24550
24562
24575
24587
24600
24612
24650
24662
24700
24712
24725
24712
24725
24712
24700
24700
24675
24625
24600
24575
24512
24500
24487
24450
24412
24400
24375
24362
24350
24362
24375
24387
24400
24437
24450
24450
24487
24525
24537
24575
24587
24600
24587
24600
24587
24600
24575
24575
24537
24525
24487
24487
24462
24450
24437
24425
24425
24412
24425
24425
24437
24425
24437
24425
24425
24425
24425
24425
24450
24450
24425
24412
24375
24350
24312
24275
24262
24250
24250
24250
24275
24275
24300
24312
24325
24337
24375
24387
24400
24412
24425
24412
24425
24412
24425
24412
24400
24387
24375
24362
24350
24312
24300
24287
24275
24287
24325
24337
24350
24362
24350
24362
24350
24362
24350
24362
24375
24400
24412
24450
24462
24475
24487
24500
24512
24550
24562
24575
24587
24600
24537
24550
24537
24550
24537
24600
24587
24612
24600
24587
24600
24600
24562
24562
24587
24562
24575
24587
24600
24587
24600
24587
24600
24612
24650
24650
24687
24700
24687
24675
24675
24662
24650
24637
24600
24587
24550
24512
24500
24487
24450
24437
24425
24425
24387
24387
24362
24362
24337
24362
24350
24362
24350
24362
24350
24362
24350
24337
24325
24312
24300
24312
24325
24350
24362
24375
24362
24350
24325
24312
24275
24262
24250
24212
24200
24187
24175
24162
24175
24162
24175
24150
24150
24125
24125
24100
24112
24125
24137
24150
24162
24175
24162
24150
24137
24125
24112
24100
24112
24100
24112
24100
24087
24075
24062
24012
24000
24012
23987
23987
24000
24000
23975
23987
23975
23987
23975
23987
23975
23987
23975
23987
23975
23987
23975
23987
23975
23987
23962
23937
23925
23912
23900
23900
23925
23912
23925
23937
23950
23962
24000
24037
24050
24087
24125
24137
24150
24162
24175
24162
24175
24162
24175
24187
24200
24212
24250
24262
24275
24312
24325
24350
24375
24400
24400
24400
24362
24350
24312
24275
24262
24250
24212
24200
24187
24137
24112
24112
24087
24087
24125
24137
24125
24150
24150
24112
24112
24112
24100
24075
24087
24062
24062
24037
24050
24062
24075
24087
24100
24112
24100
24087
24075
24087
24075
24087
24125
24137
24150
24187
24200
24212
24225
24237
24225
24212
24200
24212
24200
24187
24200
24187
24187
24187
24212
24212
24237
24225
24237
24225
24237
24212
24212
24187
24187
24162
24175
24150
24162
24150
24162
24175
24200
24212
24250
24262
24275
24287
24300
24287
24275
24262
24250
24237
24225
24212
24175
24137
24100
24062
24025
24012
24000
23962
23950
23937
23925
23912
23900
23887
23875
23875
23862
23875
23875
23887
23900
23937
23950
23962
24000
24012
24025
24062
24075
24087
24100
24112
24100
24112
24100
24087
24075
24062
24050
24037
24050
24037
24050
24037
24050
24037
24050
24037
24050
24037
24050
24062
24075
24087
24125
24137
24150
24162
24150
24137
24150
24112
24100
24087
24075
24062
24075
24087
24100
24112
24100
24112
24125
24137
24150
24162
24175
24187
24250
24262
24275
24287
24275
24237
24225
24237
24225
24237
24225
24237
24225
24237
24225
24212
24200
24187
24150
24137
24125
24112
24100
24112
24100
24112
24100
24112
24100
24112
24100
24112
24100
24112
24100
24087
24075
24062
24025
24012
24000
23987
23962
23975
23962
23975
23962
23987
23975
23987
23975
23987
24000
24012
24025
24037
24050
24037
24025
24012
24025
24012
24025
24037
24050
24037
24050
24037
24050
24037
24050
24037
24050
24037
24050
24037
24050
24037
24050
24037
24025
24012
23975
23962
23950
23962
23950
23987
23975
23987
23975
23987
23975
23962
23962
23962
23962
23962
23987
23975
23987
23975
23987
23975
23987
23975
23987
23975
23962
23950
23937
23937
23925
23937
23925
23912
23887
23875
23875
23862
23850
23837
23850
23837
23850
23862
23875
23875
23887
23875
23887
23875
23875
23862
23875
23862
23875
23862
23875
23862
23875
23862
23850
23837
23825
23812
23800
23812
23800
23812
23800
23787
23775
23762
23750
23737
23725
23712
23700
23687
23675
23687
23700
23737
23750
23787
23800
23825
23837
23887
23937
24012
24050
24087
24100
24112
24100
24087
24075
24062
24050
24037
24050
24037
24050
24037
24025
24012
23975
23962
23975
23987
24000
24037
24050
24037
24025
23987
23950
23925
23900
23875
23875
23875
23875
23862
23875
23862
23875
23875
23900
23887
23900
23900
23900
23900
23975
23987
24000
24012
24025
23975
23987
23975
23987
23975
23987
24000
24012
24000
24012
24000
23962
23950
23937
23900
23850
23850
23837
23837
23837
23850
23837
23850
23837
23850
23887
23900
23912
23925
23937
23912
23925
23912
23925
23912
23900
23887
23875
23875
23862
23875
23862
23875
23862
23875
23862
23875
23862
23850
23837
23825
23812
23800
23812
23800
23812
23800
23812
23800
23812
23800
23812
23800
23812
23800
23812
23825
23850
23862
23912
23937
23937
23937
23937
23925
23912
23925
23912
23900
23900
23900
23900
23900
23925
23912
23925
23912
23925
23912
23925
23912
23925
23912
23925
23912
23925
23912
23925
23937
23950
23962
23975
23962
23950
23962
23950
23937
23925
23912
23900
23875
23875
23900
23900
23900
23912
23925
23912
23925
23912
23925
23912
23925
23912
23900
23887
23875
23875
23862
23875
23875
23887
23900
23900
23912
23900
23912
23900
23925
23912
23925
23912
23925
23912
23900
23887
23875
23875
23850
23862
23862
23862
23862
23900
23900
23900
23912
23925
23912
23925
23912
23925
23912
23925
23912
23925
23937
23950
23962
23975
23987
23975
23987
23975
23962
23950
23937
23900
23887
23875
23850
23837
23812
23800
23787
23800
23787
23787
23775
23762
23750
23762
23775
23787
23800
23812
23800
23812
23800
23812
23800
23812
23800
23812
23800
23812
23825
23837
23850
23862
23875
23862
23875
23862
23875
23862
23875
23862
23875
23862
23850
23837
23825
23812
23800
23812
23800
23787
23750
23712
23675
23637
23600
23587
23575
23562
23575
23587
23600
23637
23650
23662
23700
23712
23725
23737
23750
23762
23775
23787
23800
23812
23825
23837
23850
23862
23875
23875
23887
23900
23912
23925
23937
23950
23937
23950
23962
23950
23962
24000
24000
24000
24000
23975
23950
23962
23950
23962
23975
23987
24000
24012
24025
24037
24025
24025
24025
24025
24025
24025
24012
24000
23987
23975
23987
23975
23987
23975
23987
23975
23987
23975
23987
23975
23987
23975
23987
23962
23975
23962
23975
23987
24012
24025
24025
24037
24025
24037
24050
24075
24087
24100
24112
24100
24112
24125
24137
24150
24162
24175
24162
24175
24162
24175
24162
24175
24162
24150
24137
24125
24112
24100
24087
24075
24087
24075
24087
24100
24112
24100
24112
24125
24137
24150
24187
24225
24237
24275
24312
24350
24362
24400
24412
24425
24425
24437
24450
24462
24450
24437
24425
24400
24362
24325
24262
24225
24187
24175
24162
24175
24187
24200
24212
24250
24262
24287
24300
24312
24300
24275
24250
24262
24275
24275
24312
24312
24312
24287
24300
24287
24300
24287
24300
24287
24300
24287
24300
24287
24275
24275
24275
24275
24275
24300
24287
24300
24312
24350
24375
24412
24450
24487
24525
24537
24575
24612
24625
24637
24675
24687
24700
24712
24700
24662
24662
24637
24612
24612
24612
24575
24562
24550
24537
24525
24537
24525
24537
24525
24537
24525
24537
24525
24537
24525
24562
24562
24550
24550
24550
24500
24487
24512
24500
24487
24500
24487
24475
24462
24475
24462
24450
24437
24425
24425
24412
24387
24362
24362
24337
24337
24350
24337
24325
24312
24300
24287
24300
24287
24300
24312
24325
24337
24375
24387
24400
24425
24437
24425
24437
24425
24425
24412
24425
24412
24400
24387
24375
24337
24300
24287
24250
24237
24225
24212
24200
24187
24175
24162
24175
24162
24175
24162
24175
24187
24225
24237
24275
24287
24275
24262
24250
24237
24225
24212
24200
24187
24150
24112
24100
24062
24050
24037
24025
24012
24000
23987
24000
24037
24050
24087
24125
24137
24125
24137
24125
24087
24050
24012
23975
23925
23900
23875
23875
23862
23850
23812
23800
23762
23725
23687
23675
23637
23625
23612
23637
23637
23662
23687
23712
23725
23737
23750
23762
23800
23812
23850
23887
23900
23875
23887
23875
23875
23862
23850
23837
23825
23762
23737
23712
23662
23612
23612
23575
23537
23525
23512
23500
23487
23500
23487
23500
23487
23500
23487
23500
23512
23525
23537
23550
23562
23550
23562
23550
23562
23575
23587
23600
23612
23625
23612
23625
23612
23625
23612
23625
23637
23650
23662
23675
23687
23700
23712
23700
23712
23700
23662
23650
23637
23600
23562
23550
23512
23500
23475
23487
23475
23500
23487
23512
23500
23512
23487
23500
23487
23500
23487
23475
23462
23450
23437
23425
23437
23425
23412
23400
23387
23387
23375
23387
23375
23387
23375
23362
23350
23337
23325
23337
23350
23362
23375
23362
23350
23337
23325
23312
23300
23287
23262
23237
23212
23212
23187
23200
23187
23200
23187
23200
23187
23200
23187
23200
23187
23200
23187
23200
23187
23200
23187
23212
23212
23212
23212
23237
23225
23237
23250
23262
23275
23287
23300
23312
23325
23312
23325
23312
23325
23312
23325
23337
23350
23337
23325
23312
23300
23287
23300
23312
23337
23337
23362
23375
23425
23437
23487
23512
23562
23562
23587
23575
23587
23550
23562
23575
23587
23600
23612
23625
23612
23625
23612
23625
23637
23650
23662
23675
23687
23675
23687
23712
23712
23712
23712
23687
23650
23637
23625
23600
23600
23575
23550
23525
23537
23525
23512
23525
23537
23525
23537
23550
23562
23537
23537
23512
23512
23487
23500
23487
23475
23462
23450
23362
23337
23337
23325
23325
23375
23387
23387
23400
23412
23425
23437
23425
23412
23400
23387
23387
23375
23387
23375
23387
23387
23400
23412
23450
23487
23525
23562
23600
23612
23625
23612
23600
23562
23525
23462
23425
23387
23387
23375
23387
23387
23387
23387
23412
23412
23412
23425
23437
23462
23487
23475
23487
23500
23475
23475
23487
23475
23462
23475
23450
23425
23462
23437
23387
23387
23387
23362
23362
23387
23375
23387
23375
23387
23375
23387
23375
23387
23375
23362
23350
23337
23325
23312
23325
23300
23300
23275
23275
23237
23262
23262
23287
23312
23362
23375
23425
23450
23475
23500
23525
23537
23575
23612
23625
23637
23650
23637
23625
23650
23662
23650
23662
23650
23625
23600
23600
23600
23600
23600
23612
23600
23587
23575
23537
23525
23512
23512
23487
23487
23462
23462
23450
23462
23475
23487
23500
23512
23550
23587
23625
23662
23700
23712
23700
23712
23725
23712
23725
23737
23725
23712
23700
23662
23650
23637
23625
23637
23637
23637
23637
23637
23612
23625
23612
23625
23612
23600
23587
23575
23562
23550
23537
23525
23512
23500
23487
23500
23487
23500
23487
23512
23512
23537
23537
23562
23550
23562
23575
23587
23612
23625
23637
23612
23625
23600
23612
23600
23625
23637
23650
23662
23675
23662
23650
23637
23600
23562
23550
23512
23500
23487
23475
23462
23450
23437
23425
23437
23450
23462
23475
23487
23500
23525
23537
23550
23587
23625
23625
23675
23700
23725
23750
23775
23787
23800
23812
23800
23812
23800
23787
23775
23762
23725
23712
23700
23687
23700
23712
23725
23737
23750
23737
23750
23762
23775
23787
23825
23837
23850
23862
23875
23862
23875
23862
23875
23875
23887
23900
23937
23950
23962
23975
23987
24000
24062
24087
24112
24112
24112
24062
24025
23987
23975
23937
23900
23862
23825
23775
23712
23675
23662
23650
23662
23675
23687
23700
23712
23725
23762
23800
23812
23850
23875
23912
23925
23937
23950
23937
23900
23887
23900
23887
23875
23887
23862
23850
23825
23775
23762
23762
23762
23762
23812
23825
23837
23850
23862
23875
23862
23875
23862
23850
23837
23825
23812
23800
23787
23775
23762
23750
23737
23750
23737
23750
23737
23750
23737
23750
23737
23750
23737
23750
23737
23750
23737
23750
23737
23750
23737
23750
23737
23750
23737
23750
23737
23750
23737
23750
23737
23750
23737
23750
23737
23750
23737
23725
23712
23700
23687
23675
23687
23675
23687
23675
23687
23675
23662
23650
23637
23625
23612
23625
23612
23625
23637
23650
23662
23675
23687
23675
23687
23700
23700
23700
23700
23700
23675
23687
23700
23712
23725
23762
23775
23787
23825
23837
23850
23875
23900
23900
23925
23912
23925
23937
23937
23937
23937
23937
23912
23900
23887
23875
23875
23862
23875
23862
23875
23862
23850
23837
23825
23812
23800
23812
23800
23787
23775
23762
23750
23737
23750
23737
23725
23712
23687
23662
23637
23637
23612
23625
23612
23625
23637
23650
23675
23700
23725
23750
23762
23762
23800
23800
23800
23812
23800
23750
23712
23675
23637
23650
23650
23650
23625
23625
23575
23562
23550
23562
23575
23575
23575
23575
23575
23550
23562
23575
23587
23575
23587
23575
23562
23575
23587
23575
23600
23600
23600
23587
23612
23600
23537
23525
23525
23487
23475
23512
23475
23462
23450
23437
23425
23437
23425
23437
23425
23412
23400
23387
23387
23375
23387
23375
23387
23387
23400
23387
23400
23412
23400
23387
23412
23412
23412
23412
23412
23400
23387
23387
23387
23387
23362
23362
23337
23337
23325
23312
23275
23262
23212
23175
23162
23150
23137
23125
23112
23100
23112
23137
23150
23187
23200
23212
23212
23250
23287
23337
23375
23412
23450
23487
23462
23500
23537
23550
23587
23650
23675
23700
23725
23700
23712
23700
23662
23650
23637
23625
23612
23625
23612
23625
23637
23650
23662
23675
23687
23675
23687
23675
23687
23700
23712
23700
23712
23725
23700
23675
23675
23612
23575
23575
23575
23550
23600
23600
23600
23600
23625
23637
23650
23662
23700
23712
23725
23737
23750
23737
23750
23762
23800
23812
23850
23862
23850
23812
23775
23737
23700
23687
23675
23687
23675
23687
23675
23687
23675
23687
23700
23712
23725
23737
23725
23712
23700
23662
23650
23637
23600
23562
23550
23562
23550
23537
23550
23537
23500
23487
23500
23487
23475
23462
23450
23437
23425
23437
23425
23437
23450
23462
23475
23512
23525
23537
23550
23562
23550
23562
23575
23587
23600
23612
23625
23612
23600
23587
23575
23562
23550
23537
23525
23512
23475
23462
23450
23412
23400
23387
23362
23350
23337
23325
23312
23325
23312
23325
23262
23262
23262
23287
23300
23375
23412
23425
23437
23450
23462
23475
23512
23550
23562
23600
23637
23650
23662
23712
23725
23737
23750
23762
23737
23750
23737
23750
23737
23725
23712
23700
23662
23650
23637
23600
23587
23575
23562
23550
23562
23550
23562
23550
23562
23550
23562
23550
23562
23550
23562
23550
23537
23525
23512
23500
23487
23500
23487
23500
23512
23525
23537
23550
23562
23550
23562
23550
23562
23550
23562
23550
23562
23550
23562
23537
23550
23537
23562
23562
23600
23600
23600
23587
23575
23562
23550
23537
23525
23537
23525
23537
23550
23537
23525
23537
23525
23537
23575
23587
23600
23612
23625
23612
23625
23612
23625
23612
23600
23587
23575
23562
23550
23562
23575
23587
23600
23637
23675
23687
23725
23737
23750
23737
23750
23737
23750
23737
23750
23737
23750
23737
23750
23737
23750
23725
23737
23725
23737
23712
23725
23700
23700
23675
23662
23650
23637
23625
23612
23625
23612
23625
23637
23650
23662
23700
23712
23725
23762
23775
23787
23800
23812
23800
23812
23825
23837
23850
23862
23875
23862
23875
23862
23875
23862
23875
23862
23850
23837
23850
23837
23850
23862
23875
23862
23875
23862
23875
23862
23875
23875
23887
23900
23912
23925
23912
23925
23912
23925
23887
23900
23887
23900
23887
23937
23912
23912
23887
23887
23875
23887
23875
23887
23900
23875
23850
23850
23825
23812
23800
23787
23775
23762
23725
23712
23700
23687
23675
23687
23675
23687
23675
23687
23675
23687
23675
23687
23675
23687
23675
23687
23675
23687
23675
23687
23675
23687
23675
23662
23650
23637
23625
23612
23600
23562
23550
23537
23525
23537
23575
23587
23575
23587
23600
23587
23600
23612
23625
23612
23625
23612
23600
23587
23575
23537
23525
23512
23500
23475
23450
23425
23425
23400
23387
23400
23412
23400
23412
23425
23437
23462
23462
23462
23487
23475
23425
23425
23400
23387
23375
23387
23375
23362
23350
23337
23325
23312
23325
23312
23325
23312
23325
23337
23350
23362
23387
23400
23387
23400
23387
23387
23375
23387
23387
23400
23412
23425
23437
23425
23437
23425
23437
23450
23462
23450
23462
23450
23412
23375
23362
23337
23300
23262
23225
23187
23150
23137
23125
23150
23150
23175
23175
23200
23187
23212
23212
23237
23237
23262
23250
23262
23275
23287
23300
23337
23337
23337
23337
23337
23312
23325
23337
23350
23362
23375
23362
23350
23337
23300
23287
23275
23237
23200
23187
23150
23112
23075
23062
23025
23012
23000
23012
23000
23012
23000
23012
23000
23012
23000
23012
23000
23012
23000
23012
23025
23037
23050
23087
23100
23112
23125
23137
23112
23125
23112
23125
23112
23112
23075
23037
22975
22937
22900
22862
22850
22862
22850
22862
22875
22887
22875
22887
22900
22912
22937
22950
22962
22950
22975
22962
22962
22975
22987
22987
22987
23012
23000
23012
23000
23012
23000
23012
23000
23012
23000
23012
23000
23012
23000
23012
23025
23062
23075
23087
23100
23112
23100
23112
23150
23162
23175
23187
23200
23212
23225
23237
23275
23287
23312
23350
23400
23425
23475
23512
23525
23512
23525
23512
23500
23487
23475
23462
23450
23412
23375
23337
23312
23275
23237
23225
23212
23200
23212
23225
23212
23225
23212
23200
23187
23200
23187
23175
23162
23150
23150
23150
23175
23175
23212
23200
23212
23200
23212
23187
23200
23212
23250
23262
23300
23312
23325
23312
23300
23262
23225
23187
23150
23112
23100
23125
23100
23100
23125
23125
23112
23125
23137
23125
23137
23125
23137
23125
23112
23100
23087
23075
23087
23087
23087
23087
23062
23050
23050
23025
23025
23025
23012
23000
23012
23000
23012
22987
23000
23012
23025
23037
23062
23087
23075
23062
23050
23037
23012
23000
23012
23000
23012
23000
23012
23000
23012
23000
23012
23000
23012
23000
22987
22975
22962
22925
22887
22850
22812
22787
22775
22762
22775
22787
22800
22812
22825
22837
22825
22812
22800
22812
22787
22787
22812
22825
22850
22912
22950
22987
23025
23062
23075
23087
23100
23087
23075
23062
23075
23062
23075
23062
23075
23062
23075
23062
23075
23062
23075
23087
23100
23112
23150
23162
23150
23175
23175
23175
23200
23225
23237
23250
23262
23250
23237
23225
23212
23200
23187
23200
23187
23175
23162
23150
23137
23125
23137
23125
23137
23125
23137
23125
23137
23125
23137
23150
23162
23175
23187
23200
23212
23225
23237
23250
23237
23225
23237
23225
23212
23225
23212
23200
23212
23250
23287
23325
23337
23362
23375
23375
23400
23425
23437
23425
23437
23425
23412
23362
23350
23325
23287
23250
23250
23212
23200
23212
23225
23237
23275
23287
23300
23312
23325
23337
23337
23350
23375
23387
23400
23425
23437
23425
23412
23400
23387
23387
23387
23387
23387
23387
23350
23337
23350
23337
23350
23387
23387
23387
23387
23362
23350
23362
23350
23362
23375
23362
23350
23337
23300
23287
23275
23262
23237
23237
23212
23225
23187
23187
23162
23162
23150
23162
23175
23187
23200
23212
23250
23262
23300
23337
23350
23362
23375
23387
23375
23387
23375
23387
23375
23387
23375
23387
23375
23362
23350
23337
23325
23312
23325
23312
23300
23262
23250
23212
23200
23187
23200
23187
23200
23187
23200
23187
23175
23162
23150
23137
23125
23112
23100
23087
23050
23037
23025
22975
22950
22950
22925
22925
22937
22950
22937
22950
22962
22975
22987
23025
23062
23062
23087
23087
23100
23075
23087
23075
23087
23062
23075
23062
23075
23062
23050
23037
23025
23012
23000
23012
23000
23012
23000
22987
22975
22987
22975
22962
22950
22937
22900
22887
22875
22862
22850
22837
22812
22800
22787
22750
22750
22750
22750
22750
22775
22762
22775
22762
22775
22762
22775
22787
22800
22812
22837
22862
22862
22887
22875
22862
22825
22812
22787
22750
22737
22725
22712
22725
22725
22737
22750
22762
22750
22775
22787
22800
22787
22800
22787
22787
22787
22812
22800
22812
22787
22787
22762
22737
22737
22737
22737
22737
22775
22762
22750
22737
22725
22712
22700
22712
22725
22737
22750
22762
22775
22762
22775
22762
22775
22762
22775
22762
22775
22750
22762
22750
22737
22725
22725
22712
22700
22687
22675
22662
22650
22637
22650
22637
22650
22662
22675
22687
22700
22712
22700
22712
22700
22712
22700
22712
22700
22712
22700
22712
22725
22737
22750
22762
22775
22762
22750
22737
22725
22712
22737
22750
22762
22775
22787
22787
22800
22812
22825
22837
22825
22850
22850
22850
22825
22825
22787
22787
22787
22787
22787
22787
22775
22762
22775
22762
22775
22762
22775
22762
22775
22762
22775
22762
22775
22762
22750
22737
22725
22712
22700
22712
22700
22712
22725
22737
22750
22762
22775
22762
22775
22762
22775
22787
22800
22812
22825
22837
22825
22812
22800
22787
22750
22737
22725
22687
22675
22662
22650
22637
22650
22637
22650
22637
22650
22637
22650
22637
22650
22662
22675
22662
22675
22662
22650
22637
22625
22612
22600
22587
22575
22562
22550
22562
22550
22562
22575
22587
22575
22562
22550
22537
22525
22512
22525
22537
22575
22612
22675
22737
22787
22862
22912
22962
22987
23012
23025
23037
23050
23062
23050
23012
22975
22937
22900
22862
22850
22837
22837
22825
22837
22837
22850
22862
22875
22900
22875
22875
22850
22825
22800
22787
22775
22762
22775
22762
22750
22737
22725
22712
22700
22712
22725
22762
22775
22812
22837
22875
22912
22950
22987
23000
23012
23000
23012
23000
22987
22975
22987
22975
22962
22975
22962
22925
22887
22875
22837
22812
22800
22787
22750
22712
22700
22687
22675
22687
22700
22725
22725
22750
22775
22812
22825
22862
22875
22887
22900
22912
22925
22937
22950
22937
22962
22962
22987
22987
23012
23000
22987
22950
22937
22900
22862
22850
22837
22837
22825
22812
22800
22812
22800
22812
22825
22837
22837
22850
22862
22875
22862
22850
22837
22837
22825
22812
22800
22812
22800
22787
22800
22787
22775
22762
22750
22737
22725
22712
22700
22687
22687
22712
22737
22775
22850
22912
22975
23012
23050
23062
23075
23050
23050
23050
23037
23025
23050
23050
23050
23062
23050
23037
23025
23012
23000
22975
22962
22950
22937
22925
22950
22937
22925
22887
22875
22837
22837
22825
22837
22825
22837
22825
22812
22800
22812
22800
22812
22825
22837
22825
22837
22825
22837
22825
22837
22825
22812
22800
22787
22775
22762
22775
22762
22750
22737
22725
22687
22675
22662
22650
22625
22637
22625
22637
22625
22650
22662
22675
22687
22700
22712
22725
22737
22725
22737
22750
22737
22725
22750
22750
22750
22750
22775
22762
22750
22737
22712
22687
22662
22637
22612
22600
22562
22550
22537
22525
22512
22525
22537
22512
22525
22525
22525
22525
22562
22562
22600
22612
22625
22637
22650
22637
22650
22637
22650
22637
22650
22637
22650
22637
22625
22612
22600
22587
22562
22562
22537
22537
22512
22525
22512
22500
22487
22475
22462
22450
22462
22450
22462
22450
22462
22450
22462
22450
22462
22475
22487
22500
22512
22525
22512
22525
22537
22550
22562
22575
22587
22575
22587
22600
22637
22650
22687
22725
22762
22787
22825
22862
22875
22862
22775
22762
22737
22725
22712
22775
22787
22800
22812
22837
22850
22862
22900
22937
22950
22962
22987
22987
22962
22962
22962
22950
22937
22950
22937
22925
22912
22900
22862
22850
22837
22837
22825
22837
22825
22837
22837
22850
22862
22875
22887
22900
22912
22925
22937
22950
22937
22950
22975
22987
23025
23037
23025
22975
22962
22900
22862
22850
22837
22837
22825
22812
22800
22787
22750
22737
22725
22712
22700
22687
22675
22662
22650
22637
22662
22662
22662
22662
22662
22650
22637
22650
22637
22650
22637
22650
22637
22650
22662
22675
22687
22700
22712
22737
22750
22762
22775
22787
22762
22750
22712
22675
22612
22575
22537
22500
22487
22500
22512
22525
22562
22600
22637
22675
22712
22750
22787
22800
22812
22825
22812
22800
22787
22750
22737
22725
22687
22650
22637
22625
22612
22600
22612
22625
22637
22675
22737
22787
22850
22912
22975
23037
23075
23087
23100
23112
23100
23112
23125
23137
23125
23112
23100
23087
23075
23062
23050
23037
23025
22987
22975
22962
22925
22912
22900
22887
22875
22887
22900
22912
22925
22937
22950
22937
22950
22925
22950
22950
22975
23000
23025
23037
23050
23062
23050
23075
23062
23075
23050
23050
23012
23012
22987
23000
22987
23012
23000
23012
23000
23012
23000
23012
23000
23012
23000
22987
22975
22962
22925
22912
22900
22887
22875
22862
22850
22825
22812
22787
22787
22787
22800
22812
22837
22850
22862
22875
22900
22925
22975
23000
23050
23087
23100
23112
23150
23162
23175
23187
23200
23187
23200
23187
23200
23187
23200
23187
23175
23175
23175
23150
23150
23150
23137
23125
23112
23100
23087
23075
23062
23050
23037
23025
22987
22975
22962
22950
22937
22950
22937
22950
22912
22912
22912
22912
22912
22937
22925
22912
22900
22887
22875
22887
22875
22887
22862
22875
22862
22875
22862
22862
22850
22837
22837
22825
22812
22800
22787
22775
22762
22775
22762
22775
22787
22800
22812
22825
22837
22837
22850
22862
22875
22887
22900
22912
22900
22925
22925
22925
22950
22975
22987
23000
23012
23000
23012
23000
23012
23000
22987
22975
22962
22925
22912
22900
22887
22900
22912
22925
22962
22975
22987
23000
23025
23025
23050
23050
23050
23037
23025
22987
22975
22962
22950
22937
22950
22937
22950
22937
22950
22937
22950
22937
22950
22937
22950
22937
22950
22962
22975
22987
23000
23012
22987
22987
22987
22987
23000
23012
23000
22987
23000
22975
22987
23000
22987
22975
22962
22950
22937
22925
22912
22900
22887
22875
22887
22875
22900
22900
22925
22925
22950
22937
22950
22937
22950
22937
22950
22937
22925
22912
22900
22900
22900
22887
22887
22887
22875
22862
22862
22850
22837
22837
22825
22837
22825
22837
22837
22850
22837
22850
22837
22837
22825
22812
22800
22787
22750
22737
22725
22687
22675
22662
22650
22637
22650
22637
22625
22587
22575
22537
22525
22537
22550
22562
22600
22612
22625
22637
22650
22662
22675
22700
22725
22750
22775
22812
22850
22912
22937
22962
22987
22987
22987
23025
23037
23050
23062
23075
23062
23075
23062
23075
23062
23075
23062
23087
23087
23087
23087
23087
23075
23062
23050
23012
23000
22962
22925
22887
22850
22812
22787
22775
22762
22750
22737
22750
22737
22750
22787
22800
22812
22825
22837
22825
22837
22837
22850
22862
22900
22912
22925
22937
22950
22937
22950
22937
22950
22937
22925
22875
22850
22800
22787
22762
22737
22725
22712
22700
22687
22687
22675
22662
22650
22625
22625
22625
22625
22625
22637
22650
22637
22650
22662
22675
22662
22675
22662
22650
22637
22650
22637
22650
22637
22650
22637
22650
22637
22650
22637
22650
22637
22650
22637
22650
22662
22662
22662
22662
22662
22637
22662
22650
22637
22625
22612
22587
22575
22587
22575
22587
22575
22587
22575
22562
22575
22575
22575
22575
22600
22575
22587
22575
22587
22575
22587
22575
22587
22575
22587
22575
22587
22575
22587
22575
22587
22575
22562
22562
22562
22562
22562
22587
22600
22637
22675
22712
22750
22787
22800
22812
22837
22875
22887
22925
22937
22925
22912
22900
22862
22825
22812
22787
22775
22762
22775
22762
22775
22762
22775
22787
22800
22812
22825
22837
22837
22850
22862
22862
22862
22837
22837
22825
22837
22812
22812
22787
22787
22762
22750
22737
22725
22687
22675
22662
22650
22662
22675
22687
22725
22737
22750
22762
22787
22787
22812
22825
22862
22862
22837
22825
22812
22812
22800
22812
22800
22787
22775
22762
22775
22787
22800
22812
22825
22837
22825
22837
22837
22850
22837
22850
22837
22837
22825
22812
22800
22787
22775
22787
22812
22825
22862
22875
22887
22875
22887
22875
22887
22875
22887
22875
22887
22875
22862
22825
22812
22787
22775
22762
22750
22737
22725
22712
22700
22712
22700
22712
22700
22712
22725
22737
22750
22762
22775
22762
22750
22737
22725
22712
22700
22712
22700
22712
22700
22712
22700
22712
22700
22712
22700
22712
22700
22712
22725
22737
22750
22787
22800
22787
22800
22812
22800
22812
22837
22875
22887
22925
22962
22962
22962
22962
22962
22937
22950
22937
22950
22937
22950
22937
22925
22912
22900
22862
22825
22812
22787
22775
22762
22775
22787
22812
22825
22862
22900
22912
22925
22962
22975
22987
23000
22987
22975
22962
22950
22937
22950
22937
22925
22912
22900
22862
22850
22837
22812
22800
22787
22775
22762
22775
22762
22775
22762
22775
22762
22775
22762
22775
22762
22775
22762
22775
22762
22775
22762
22775
22762
22750
22737
22725
22712
22700
22712
22700
22687
22675
22662
22650
22637
22625
22625
22625
22625
22625
22650
22637
22625
22612
22600
22587
22575
22562
22550
22537
22500
22462
22450
22412
22400
22412
22425
22412
22425
22437
22425
22437
22475
22512
22550
22587
22625
22637
22650
22662
22675
22687
22700
22712
22700
22712
22725
22737
22725
22737
22725
22712
22700
22712
22700
22712
22700
22712
22700
22712
22700
22712
22700
22712
22725
22737
22750
22762
22750
22737
22750
22737
22750
22762
22750
22750
22750
22750
22750
22750
22750
22750
22750
22775
22787
22787
22787
22762
22737
22725
22625
22600
22600
22575
22537
22612
22612
22587
22587
22600
22587
22600
22612
22625
22637
22650
22662
22700
22737
22775
22812
22837
22850
22862
22900
22937
22950
22987
23000
23012
23000
22987
22950
22912
22875
22837
22837
22825
22837
22825
22837
22825
22837
22825
22837
22825
22837
22825
22837
22825
22837
22825
22837
22825
22837
22825
22837
22825
22837
22825
22837
22825
22837
22837
22850
22862
22875
22887
22862
22862
22837
22837
22825
22837
22825
22812
22775
22762
22725
22712
22700
22712
22700
22712
22700
22712
22700
22712
22700
22712
22700
22712
22700
22712
22700
22712
22700
22712
22737
22750
22737
22725
22712
22662
22650
22625
22625
22600
22575
22525
22512
22500
22487
22500
22512
22525
22562
22587
22612
22662
22687
22687
22700
22712
22687
22712
22712
22737
22737
22750
22737
22725
22712
22700
22712
22700
22712
22687
22687
22662
22675
22662
22687
22687
22725
22712
22725
22712
22725
22700
22712
22700
22687
22675
22687
22675
22687
22725
22762
22762
22787
22812
22825
22850
22912
22950
22987
23000
23012
23000
22987
22975
22987
23000
23012
23050
23062
23075
23087
23125
23112
23150
23187
23225
23237
23300
23312
23325
23312
23300
23287
23275
23237
23200
23162
23125
23087
23075
23062
23050
23037
23012
23000
22987
23000
23025
23050
23062
23100
23112
23112
23125
23137
23125
23112
23100
23087
23050
23037
23012
22987
22962
22937
22912
22900
22887
22862
22887
22887
22912
22912
22950
22962
22975
23000
23012
23025
23037
23050
23050
23062
23075
23062
23050
23050
23050
23025
23000
23000
22962
22925
22912
22900
22887
22862
22862
22837
22837
22825
22800
22787
22775
22762
22775
22800
22812
22837
22875
22887
22925
22937
22962
22987
23037
23025
23075
23112
23150
23162
23237
23250
23262
23275
23287
23300
23312
23300
23300
23287
23250
23212
23200
23150
23112
23100
23087
23050
23037
23025
22975
22962
22975
22962
22975
23025
23037
23050
23087
23100
23112
23150
23162
23187
23212
23237
23237
23262
23250
23275
23275
23300
23300
23325
23312
23325
23337
23350
23362
23375
23387
23375
23387
23375
23387
23375
23387
23387
23425
23437
23475
23487
23475
23462
23475
23462
23475
23512
23512
23512
23512
23512
23487
23500
23487
23500
23512
23525
23537
23550
23537
23537
23537
23537
23537
23562
23575
23587
23575
23587
23575
23562
23550
23562
23550
23562
23575
23587
23575
23587
23575
23562
23550
23562
23575
23587
23600
23587
23600
23587
23600
23587
23625
23612
23625
23612
23600
23587
23575
23537
23525
23512
23475
23462
23450
23412
23375
23362
23362
23350
23337
23350
23362
23350
23362
23375
23387
23387
23400
23412
23425
23437
23425
23437
23425
23412
23400
23387
23387
23375
23387
23375
23387
23375
23387
23375
23387
23387
23400
23412
23425
23437
23425
23437
23425
23437
23425
23437
23425
23437
23425
23412
23400
23387
23362
23350
23362
23350
23337
23350
23362
23350
23337
23362
23350
23337
23325
23337
23312
23325
23312
23300
23287
23300
23287
23300
23312
23325
23312
23325
23312
23325
23312
23337
23337
23337
23337
23362
23350
23337
23350
23337
23325
23312
23325
23312
23325
23312
23325
23312
23262
23262
23262
23262
23287
23350
23362
23375
23387
23387
23400
23412
23425
23412
23400
23387
23362
23350
23337
23325
23312
23325
23312
23325
23337
23350
23362
23375
23387
23375
23387
23375
23387
23375
23387
23375
23362
23362
23350
23312
23275
23237
23187
23150
23112
23100
23087
23075
23062
23075
23062
23075
23087
23100
23112
23125
23137
23125
23137
23150
23162
23175
23212
23212
23212
23237
23237
23212
23225
23212
23200
23187
23200
23187
23200
23187
23200
23187
23200
23187
23175
23162
23150
23137
23125
23112
23100
23087
23075
23062
23075
23062
23075
23062
23050
23037
23025
23012
22950
22950
22950
22950
22950
23000
22987
22975
22962
22950
22937
22950
22937
22950
22937
22950
22937
22925
22912
22900
22887
22875
22862
22850
22837
22812
22800
22787
22750
22737
22750
22737
22750
22762
22775
22787
22800
22812
22837
22850
22862
22875
22887
22875
22887
22875
22862
22850
22837
22837
22825
22837
22825
22837
22825
22812
22775
22762
22725
22712
22700
22712
22700
22687
22675
22662
22650
22637
22650
22637
22650
22637
22650
22637
22662
22662
22662
22662
22662
22650
22662
22675
22687
22700
22725
22725
22750
22775
22800
22812
22837
22850
22862
22875
22887
22900
22912
22925
22937
22925
22912
22900
22887
22875
22887
22875
22862
22875
22875
22850
22850
22850
22837
22837
22837
22837
22837
22812
22800
22787
22750
22712
22675
22637
22600
22587
22575
22562
22550
22537
22525
22512
22525
22537
22575
22587
22625
22637
22650
22637
22650
22662
22675
22662
22675
22662
22625
22612
22600
22587
22612
22625
22637
22650
22662
22662
22675
22687
22700
22712
22700
22712
22700
22712
22700
22687
22675
22662
22650
22637
22625
22587
22575
22537
22525
22512
22500
22487
22500
22487
22475
22487
22500
22487
22500
22512
22525
22537
22575
22612
22650
22687
22700
22712
22700
22687
22675
22662
22650
22637
22650
22637
22650
22637
22650
22662
22675
22687
22700
22687
22675
22662
22625
22612
22600
22600
22600
22625
22625
22650
22637
22662
22662
22687
22687
22712
22725
22737
22750
22787
22800
22812
22837
22875
22912
22975
23012
23050
23062
23075
23087
23100
23087
23100
23087
23075
23062
23075
23087
23137
23137
23162
23187
23187
23175
23187
23200
23212
23225
23237
23250
23262
23250
23262
23250
23237
23225
23212
23200
23187
23175
23162
23150
23137
23125
23137
23125
23137
23125
23137
23162
23162
23162
23162
23162
23125
23087
23075
23062
23050
23037
23075
23062
23075
23062
23050
23037
23025
23012
23000
22987
22975
22962
22950
22962
22975
22962
22975
22962
22950
22937
22950
22937
22950
22937
22950
22925
22937
22925
22937
22925
22950
22962
22975
22962
22975
22962
22950
22937
22950
22937
22950
22937
22950
22937
22950
22937
22950
22937
22950
22962
22962
22962
22962
22962
22937
22950
22937
22912
22912
22900
22887
22900
22925
22925
22937
22950
22937
22950
22937
22950
22962
22975
22962
22987
22987
22987
22987
23012
23000
23012
23000
23012
23050
23062
23050
23037
23025
22962
22950
22937
22925
22912
22900
22862
22850
22837
22812
22812
22800
22787
22800
22812
22812
22837
22875
22912
22975
23037
23100
23100
23150
23200
23250
23275
23362
23387
23400
23412
23425
23412
23400
23387
23362
23350
23337
23325
23312
23300
23287
23300
23287
23300
23337
23350
23337
23350
23337
23325
23312
23325
23312
23325
23312
23337
23325
23312
23275
23262
23212
23225
23212
23200
23162
23150
23087
23075
23062
23075
23087
23125
23162
23200
23237
23250
23237
23225
23212
23200
23187
23175
23162
23187
23175
23162
23175
23162
23150
23150
23175
23175
23175
23162
23175
23162
23175
23187
23200
23225
23237
23225
23237
23225
23200
23187
23200
23187
23200
23187
23175
23162
23150
23137
23125
23137
23150
23162
23150
23162
23175
23162
23175
23187
23175
23162
23175
23150
23150
23150
23150
23125
23112
23100
23087
23075
23050
23050
23025
23000
22975
22962
22950
22937
22925
22912
22900
22887
22875
22862
22850
22837
22812
22800
22787
22775
22762
22775
22762
22750
22737
22750
22737
22750
22762
22775
22762
22775
22762
22775
22787
22800
22787
22800
22787
22775
22762
22775
22787
22800
22812
22825
22837
22837
22875
22912
22975
23037
23075
23112
23150
23162
23175
23212
23225
23237
23250
23262
23250
23237
23225
23212
23175
23137
23125
23087
23075
23062
23075
23062
23075
23062
23075
23087
23100
23125
23150
23150
23150
23175
23162
23150
23162
23150
23137
23125
23112
23100
23087
23075
23062
23050
23037
23025
22975
22950
22925
22900
22875
22850
22837
22850
22837
22850
22900
22912
22925
22937
22950
22962
22975
22962
22975
22962
22950
22937
22925
22925
22925
22925
22925
22912
22887
22862
22812
22800
22787
22750
22737
22750
22737
22750
22762
22775
22762
22775
22762
22775
22762
22775
22787
22800
22812
22837
22850
22862
22875
22887
22875
22887
22875
22887
22862
22875
22862
22850
22837
22837
22812
22800
22787
22750
22712
22675
22637
22600
22562
22525
22512
22475
22437
22425
22412
22400
22387
22400
22387
22412
22400
22412
22400
22412
22387
22400
22387
22400
22387
22400
22387
22400
22387
22375
22337
22325
22300
22262
22225
22212
22175
22162
22150
22137
22125
22112
22075
22062
22037
22012
21987
21987
21962
21975
21962
21975
21962
21975
21962
21975
21962
21975
21962
21975
21962
21975
21962
21975
21987
22000
22012
22025
22037
22025
22037
22025
22037
22025
22037
22025
22037
22025
22037
22025
22037
22050
22087
22100
22137
22150
22175
22162
22175
22187
22200
22200
22237
22250
22262
22275
22287
22275
22287
22275
22287
22275
22262
22250
22237
22225
22212
22225
22212
22225
22212
22225
22212
22225
22212
22225
22212
22225
22212
22225
22212
22225
22212
22200
22187
22175
22137
22125
22112
22075
22062
22050
22037
22025
22037
22050
22062
22075
22087
22112
22112
22137
22175
22212
22212
22237
22262
22250
22237
22250
22237
22225
22212
22225
22212
22200
22162
22150
22112
22075
22062
22050
21975
21962
21950
21937
21925
21975
21987
22025
22025
22062
22075
22087
22100
22125
22137
22150
22137
22125
22112
22075
22062
22075
22050
22050
22050
22050
22025
22037
22012
22012
21987
21987
21987
22000
22012
22025
22037
22050
22062
22075
22112
22150
22162
22200
22212
22225
22187
22187
22162
22162
22137
22137
22100
22087
22037
22025
22037
22050
22062
22087
22100
22087
22100
22087
22075
22062
22050
22037
22025
22012
22000
22012
22025
22062
22100
22137
22175
22187
22200
22237
22250
22262
22275
22262
22250
22237
22200
22187
22175
22137
22125
22112
22100
22087
22075
22062
22075
22050
22050
22075
22075
22075
22087
22100
22112
22112
22112
22112
22087
22037
22025
21987
21975
21962
21975
21962
21975
21987
22000
22012
22050
22062
22075
22087
22100
22112
22150
22162
22200
22212
22225
22212
22225
22212
22225
22200
22200
22175
22150
22125
22112
22100
22087
22100
22075
22075
22050
22050
22050
22062
22050
22062
22050
22037
22025
22037
22025
22050
22037
22050
22037
22050
22025
22037
22025
22037
22012
22025
22012
22025
22012
22037
22025
22037
22025
22037
22050
22062
22075
22112
22125
22137
22175
22187
22200
22212
22225
22212
22200
22200
22200
22175
22175
22175
22162
22150
22162
22200
22200
22200
22237
22250
22212
22237
22237
22225
22212
22225
22237
22237
22237
22262
22262
22237
22225
22212
22175
22162
22150
22137
22125
22112
22100
22087
22100
22112
22125
22137
22175
22175
22175
22200
22225
22250
22287
22325
22350
22362
22375
22412
22450
22462
22500
22512
22525
22512
22525
22512
22500
22487
22475
22462
22437
22437
22412
22412
22387
22400
22387
22400
22437
22462
22487
22512
22537
22537
22550
22562
22575
22587
22575
22587
22575
22587
22575
22562
22550
22537
22500
22487
22475
22462
22450
22437
22437
22437
22437
22462
22487
22500
22512
22525
22512
22525
22512
22500
22487
22475
22462
22450
22462
22450
22437
22425
22412
22400
22387
22400
22387
22400
22387
22400
22387
22400
22412
22425
22437
22475
22487
22500
22512
22525
22537
22550
22537
22550
22537
22500
22462
22450
22412
22400
22387
22400
22387
22400
22412
22425
22437
22450
22462
22450
22437
22425
22412
22400
22387
22400
22412
22425
22437
22450
22462
22450
22462
22475
22487
22500
22512
22525
22512
22525
22512
22500
22487
22512
22500
22487
22500
22487
22462
22450
22462
22450
22462
22450
22462
22450
22462
22450
22462
22450
22462
22475
22487
22500
22512
22525
22537
22550
22537
22525
22487
22450
22412
22412
22412
22437
22462
22487
22500
22537
22575
22612
22675
22737
22775
22812
22837
22850
22862
22900
22912
22925
22962
22975
22987
23000
23012
23025
23037
23050
23062
23075
23062
23050
23037
23012
22987
22962
22962
22937
22950
22937
22950
22937
22950
22962
22975
22987
23000
23012
23000
23012
23000
22987
22975
22962
22950
22937
22950
22937
22950
22937
22925
22912
22900
22887
22900
22912
22925
22937
22950
22937
22950
22975
23000
23000
23025
23050
23037
23050
23062
23050
23037
23025
22987
22975
22950
22937
22925
22937
22950
22975
22987
23000
23012
23025
23037
23025
23037
23025
23012
23000
23012
22975
22975
22975
22975
22975
23000
22987
22975
22962
22950
22962
22975
22962
22975
22962
22950
22937
22950
22937
22950
22937
22950
22937
22925
22887
22875
22837
22812
22775
22737
22700
22662
22650
22637
22650
22662
22700
22712
22725
22737
22725
22687
22675
22662
22625
22612
22625
22612
22625
22662
22700
22737
22775
22812
22837
22850
22862
22900
22900
22900
22925
22925
22900
22912
22900
22887
22875
22862
22850
22837
22812
22800
22787
22775
22737
22725
22712
22700
22687
22700
22712
22700
22737
22712
22712
22687
22662
22612
22600
22587
22575
22562
22550
22537
22500
22487
22500
22475
22487
22500
22512
22500
22525
22512
22525
22512
22525
22512
22500
22487
22475
22437
22425
22412
22400
22387
22400
22387
22400
22387
22375
22362
22350
22350
22337
22350
22337
22350
22337
22350
22337
22350
22350
22362
22375
22387
22400
22387
22400
22387
22400
22387
22400
22387
22400
22387
22400
22387
22400
22387
22400
22387
22400
22387
22400
22387
22375
22362
22350
22350
22337
22350
22337
22350
22337
22350
22337
22325
22312
22300
22262
22262
22262
22237
22237
22237
22225
22212
22225
22212
22225
22212
22225
22212
22225
22212
22225
22212
22225
22212
22225
22212
22225
22237
22275
22287
22325
22350
22362
22375
22387
22400
22387
22400
22387
22400
22412
22425
22437
22450
22462
22450
22462
22450
22437
22425
22412
22400
22387
22400
22387
22412
22400
22412
22400
22412
22387
22400
22412
22425
22437
22475
22512
22525
22537
22550
22537
22500
22500
22500
22500
22500
22537
22525
22537
22525
22550
22537
22562
22562
22587
22600
22612
22600
22587
22575
22537
22525
22512
22525
22512
22500
22487
22475
22462
22450
22462
22450
22462
22475
22487
22500
22512
22500
22487
22475
22437
22425
22437
22425
22412
22425
22412
22400
22387
22400
22387
22400
22387
22400
22387
22400
22387
22400
22387
22375
22375
22362
22325
22287
22275
22237
22225
22212
22225
22212
22200
22187
22175
22162
22150
22162
22175
22187
22175
22187
22175
22162
22150
22162
22150
22162
22150
22162
22125
22125
22125
22125
22125
22150
22162
22150
22162
22150
22162
22150
22137
22137
22137
22137
22137
22162
22150
22162
22150
22162
22150
22162
22137
22137
22112
22112
22087
22075
22075
22075
22050
22025
22025
21987
21975
21962
21975
22000
22025
22025
22050
22050
22037
22050
22062
22075
22087
22075
22037
21975
21937
21900
21887
21875
21887
21875
21887
21862
21862
21887
21887
21862
21875
21862
21862
21837
21837
21812
21787
21762
21775
21775
21787
21800
21812
21800
21800
21800
21812
21825
21837
21850
21862
21875
21862
21850
21812
21775
21750
21712
21700
21675
21650
21625
21625
21625
21637
21650
21700
21725
21725
21750
21775
21762
21775
21775
21775
21750
21725
21700
21675
21650
21625
21600
21550
21512
21475
21437
21400
21362
21325
21262
21212
21150
21112
21075
21037
21025
21012
21000
20987
20975
20962
20950
20912
20900
20875
20812
20775
20737
20687
20637
20600
20537
20475
20412
20375
20337
20300
20262
20225
20200
20162
20125
20112
20100
20087
20075
20062
20025
19987
19925
19862
19800
19737
19675
19625
19600
19562
19550
19537
19550
19525
19537
19525
19512
19500
19487
19475
19462
19450
19412
19400
19362
19350
19362
19375
19387
19425
19437
19450
19487
19500
19512
19525
19550
19550
19575
19575
19600
19612
19625
19637
19675
19687
19700
19712
19725
19712
19700
19662
19625
19562
19525
19487
19475
19487
19500
19512
19550
19562
19575
19587
19600
19612
19625
19612
19637
19637
19637
19637
19662
19675
19687
19700
19712
19725
19712
19725
19725
19737
19750
19787
19800
19787
19800
19812
19800
19812
19825
19837
19825
19812
19800
19787
19775
19762
19775
19762
19750
19712
19725
19700
19675
19675
19675
19662
19650
19662
19650
19637
19625
19612
19600
19587
19600
19587
19600
19637
19650
19662
19675
19700
19675
19700
19700
19725
19712
19725
19725
19762
19775
19812
19825
19837
19850
19862
19875
19887
19875
19837
19800
19762
19725
19725
19712
19725
19712
19725
19725
19737
19750
19762
19775
19787
19800
19812
19825
19837
19850
19862
19875
19912
19950
19962
19975
19987
20000
19987
20000
20012
20025
20012
20025
20012
20025
20012
20025
20012
20000
19962
19950
19912
19900
19887
19900
19912
19925
19950
19975
20000
20025
20075
20112
20150
20187
20225
20250
20287
20350
20387
20425
20437
20450
20462
20500
20512
20550
20562
20575
20562
20575
20512
20525
20512
20525
20500
20550
20512
20512
20512
20525
20537
20562
20550
20537
20512
20487
20487
20487
20462
20450
20412
20375
20337
20300
20287
20300
20287
20300
20312
20325
20312
20325
20337
20350
20362
20375
20387
20400
20437
20475
20537
20575
20612
20625
20650
20650
20675
20700
20725
20737
20750
20737
20725
20712
20675
20662
20650
20637
20625
20637
20625
20637
20625
20612
20600
20587
20575
20562
20575
20562
20575
20562
20575
20562
20575
20562
20575
20562
20575
20587
20625
20662
20700
20737
20750
20762
20750
20762
20750
20762
20750
20737
20700
20687
20637
20612
20575
20562
20525
20525
20525
20537
20525
20550
20550
20550
20550
20587
20587
20612
20637
20687
20700
20737
20762
20800
20837
20900
20962
21000
21037
21050
21062
21075
21112
21150
21187
21200
21212
21200
21162
21125
21112
21137
21112
21112
21112
21112
21050
21062
21050
21062
21050
21062
21075
21112
21125
21162
21175
21187
21200
21212
21200
21225
21225
21225
21250
21275
21287
21312
21350
21362
21400
21437
21450
21462
21500
21512
21525
21537
21550
21537
21525
21512
21500
21487
21475
21487
21475
21487
21475
21487
21475
21487
21475
21487
21475
21487
21475
21462
21450
21437
21387
21375
21362
21325
21287
21287
21287
21275
21287
21312
21325
21337
21375
21387
21375
21387
21375
21362
21350
21362
21375
21387
21400
21412
21425
21412
21425
21412
21437
21437
21462
21462
21487
21475
21487
21475
21487
21475
21462
21462
21462
21462
21462
21487
21475
21487
21475
21462
21425
21412
21375
21362
21350
21337
21300
21262
21250
21225
21200
21200
21200
21162
21150
21137
21137
21125
21150
21137
21150
21125
21112
21087
21075
21062
21050
21062
21050
21062
21075
21087
21075
21087
21100
21087
21075
21087
21075
21112
21087
21087
21062
21037
20962
20975
20950
20925
20925
20900
20875
20862
20875
20862
20875
20887
20900
20887
20900
20887
20887
20912
20937
20962
20987
21000
21012
21025
21037
21050
21062
21050
21062
21050
21062
21075
21087
21100
21137
21150
21162
21200
21237
21250
21287
21312
21325
21337
21350
21362
21350
21362
21350
21362
21350
21375
21375
21375
21375
21412
21387
21387
21412
21412
21400
21412
21400
21362
21350
21312
21312
21300
21312
21300
21287
21275
21262
21250
21237
21250
21237
21250
21237
21250
21237
21250
21237
21250
21262
21275
21287
21312
21325
21337
21375
21387
21400
21412
21425
21412
21425
21412
21400
21387
21425
21412
21425
21437
21450
21412
21425
21412
21425
21412
21425
21412
21425
21412
21425
21412
21425
21412
21400
21387
21375
21337
21325
21337
21312
21312
21312
21312
21312
21325
21337
21350
21362
21350
21362
21350
21362
21375
21337
21337
21337
21350
21337
21400
21400
21425
21412
21425
21412
21400
21400
21400
21400
21400
21425
21412
21425
21412
21425
21450
21450
21450
21450
21450
21437
21450
21462
21500
21512
21525
21537
21525
21487
21450
21425
21400
21375
21350
21350
21312
21287
21275
21262
21262
21262
21287
21300
21362
21387
21437
21487
21512
21525
21537
21550
21562
21550
21562
21575
21562
21550
21562
21525
21512
21500
21487
21475
21487
21475
21487
21475
21487
21500
21512
21525
21562
21600
21637
21675
21712
21712
21712
21712
21712
21687
21712
21712
21687
21687
21687
21675
21662
21675
21662
21650
21612
21600
21562
21525
21512
21500
21487
21475
21487
21500
21512
21525
21537
21550
21537
21550
21562
21600
21637
21675
21712
21725
21737
21725
21737
21725
21737
21725
21712
21700
21687
21675
21662
21675
21662
21675
21687
21700
21712
21750
21762
21750
21762
21750
21737
21725
21712
21700
21687
21675
21662
21650
21637
21650
21637
21625
21637
21650
21637
21650
21687
21700
21712
21750
21762
21775
21787
21800
21787
21800
21787
21800
21787
21775
21762
21750
21712
21700
21687
21650
21637
21625
21612
21600
21612
21600
21587
21575
21562
21550
21537
21550
21537
21550
21537
21550
21562
21575
21562
21575
21562
21550
21537
21550
21537
21550
21537
21550
21562
21600
21637
21675
21712
21750
21762
21775
21800
21837
21875
21912
21950
21962
21975
21962
21975
21962
21950
21937
21925
21912
21900
21912
21900
21887
21875
21862
21862
21862
21862
21862
21862
21850
21862
21900
21912
21950
21987
22025
22037
22050
22062
22075
22087
22100
22112
22125
22112
22100
22087
22075
22037
22000
21937
21900
21862
21850
21837
21825
21812
21825
21837
21875
21937
21975
22012
22025
22037
22025
22037
22025
22037
22050
22087
22125
22187
22250
22300
22362
22400
22437
22450
22462
22450
22462
22450
22437
22437
22437
22437
22437
22437
22425
22412
22400
22387
22400
22387
22400
22412
22450
22462
22500
22512
22525
22512
22525
22512
22525
22512
22500
22462
22425
22387
22350
22350
22337
22325
22312
22300
22287
22300
22312
22325
22337
22350
22350
22362
22350
22337
22300
22250
22212
22175
22162
22150
22162
22150
22175
22175
22200
22200
22225
22237
22250
22262
22275
22300
22300
22325
22337
22387
22400
22437
22475
22487
22500
22537
22550
22562
22575
22562
22550
22537
22500
22487
22475
22437
22400
22387
22350
22350
22337
22350
22337
22350
22337
22350
22337
22325
22312
22325
22312
22325
22337
22350
22337
22350
22337
22350
22337
22350
22337
22350
22337
22350
22350
22362
22375
22412
22425
22412
22425
22412
22400
22387
22375
22337
22325
22300
22287
22275
22287
22300
22312
22325
22337
22350
22350
22350
22350
22350
22350
22337
22350
22337
22350
22337
22325
22287
22275
22237
22200
22187
22175
22162
22150
22137
22125
22112
22100
22087
22100
22087
22075
22062
22050
22037
22025
22037
22025
22012
21975
21975
21950
21950
21950
21975
21962
21975
21962
21975
21987
21987
22000
22012
22025
22012
22037
22025
22012
21975
21925
21875
21825
21800
21787
21775
21762
21750
21737
21725
21737
21725
21737
21725
21712
21712
21737
21725
21737
21750
21750
21725
21737
21725
21737
21750
21762
21750
21762
21775
21762
21750
21762
21750
21737
21750
21775
21812
21850
21887
21925
21962
21975
22012
22025
22037
22025
22050
22050
22075
22075
22100
22087
22100
22087
22100
22087
22100
22087
22100
22087
22100
22087
22075
22062
22050
22012
22000
21987
21950
21937
21950
21962
22000
22062
22100
22137
22175
22187
22200
22212
22200
22187
22175
22137
22125
22112
22100
22087
22100
22087
22100
22087
22075
22062
22050
22012
22000
21975
21950
21925
21887
21862
21850
21812
21800
21800
21775
21762
21750
21737
21725
21737
21762
21775
21787
21800
21812
21800
21812
21825
21837
21850
21837
21850
21837
21850
21837
21850
21837
21850
21837
21850
21837
21850
21837
21850
21862
21875
21887
21900
21912
21925
21937
21950
21987
22000
22012
22050
22087
22125
22187
22250
22300
22362
22425
22487
22550
22612
22675
22737
22775
22812
22837
22875
22887
22925
22962
23012
23062
23137
23212
23287
23337
23412
23500
23587
23675
23737
23800
23825
23812
23825
23850
23875
23925
23987
24025
24037
24050
24037
24050
24037
24025
23987
23950
23887
23825
23775
23712
23650
23625
23575
23550
23512
23475
23400
23350
23287
23225
23162
23100
23000
22962
22950
22937
22950
23000
23012
23025
23037
23025
23037
23025
22987
22950
22912
22850
22787
22762
22725
22687
22650
22600
22525
22475
22425
22400
22387
22400
22387
22375
22337
22325
22300
22262
22250
22212
22150
22075
22000
21925
21875
21825
21787
21775
21750
21737
21750
21775
21812
21875
21937
21975
22012
22050
22062
22075
22112
22125
22137
22175
22212
22250
22300
22337
22375
22412
22450
22487
22525
22562
22575
22562
22525
22487
22425
22362
22300
22237
22162
22062
21962
21862
21762
21700
21612
21512
21412
21312
21187
21112
21037
20950
20875
20800
20712
20637
20562
20462
20412
20362
20312
20287
20287
20250
20237
20225
20212
20225
20250
20287
20350
20412
20475
20537
20600
20662
20712
20775
20837
20875
20912
20925
20937
20925
20950
20925
20900
20875
20875
20862
20900
20962
21000
20987
20975
20962
20950
20937
20975
20987
20975
20962
20950
20912
20875
20812
20762
20712
20675
20625
20600
20537
20475
20412
20350
20287
20225
20175
20137
20100
20087
20075
20087
20075
20087
20100
20137
20175
20212
20250
20262
20275
20275
20287
20300
20350
20375
20400
20450
20475
20487
20525
20537
20550
20587
20625
20637
20675
20712
20725
20737
20737
20737
20700
20687
20650
20625
20600
20587
20550
20512
20475
20412
20375
20325
20275
20250
20225
20212
20200
20212
20200
20187
20175
20187
20175
20187
20225
20250
20287
20350
20387
20425
20462
20500
20512
20550
20587
20625
20662
20700
20712
20725
20712
20700
20687
20675
20637
20600
20537
20512
20475
20437
20425
20412
20350
20300
20275
20225
20212
20200
20212
20225
20237
20250
20262
20275
20262
20250
20237
20250
20237
20225
20200
20175
20125
20062
19987
19925
19837
19750
19650
19575
19487
19400
19312
19250
19187
19137
19100
19062
19050
19062
19100
19137
19187
19225
19262
19300
19312
19325
19362
19375
19387
19400
19412
19387
19362
19312
19262
19187
19162
19125
19112
19100
19112
19100
19112
19100
19075
19050
19050
19025
19025
19037
19025
19012
19000
18987
18975
18987
18975
18962
18950
18937
18925
18912
18900
18887
18875
18837
18800
18762
18700
18662
18637
18625
18637
18662
18700
18762
18825
18887
18925
18962
18975
18987
18975
19012
19025
19062
19075
19112
19125
19137
19125
19112
19075
19000
18950
18900
18875
18850
18837
18800
18750
18675
18625
18587
18537
18537
18525
18512
18500
18512
18512
18550
18587
18625
18662
18675
18687
18675
18662
18650
18662
18650
18637
18650
18637
18625
18637
18662
18675
18712
18700
18687
18675
18662
18662
18687
18725
18737
18775
18787
18800
18787
18775
18762
18750
18712
18675
18637
18587
18525
18462
18400
18337
18275
18212
18150
18100
18037
17975
17912
17850
17787
17725
17662
17600
17575
17537
17500
17462
17450
17412
17375
17362
17350
17337
17325
17337
17325
17337
17350
17387
17400
17412
17425
17412
17375
17337
17300
17237
17175
17112
17062
17000
16962
16925
16887
16850
16837
16800
16800
16825
16875
16937
17025
17087
17162
17212
17262
17312
17362
17412
17450
17500
17550
17587
17612
17675
17712
17725
17712
17725
17712
17675
17637
17600
17550
17512
17475
17462
17450
17437
17425
17437
17425
17437
17450
17462
17450
17462
17475
17487
17500
17512
17525
17512
17525
17512
17525
17512
17525
17512
17500
17462
17425
17387
17350
17337
17350
17362
17375
17412
17450
17462
17475
17487
17500
17487
17500
17512
17525
17512
17525
17512
17525
17512
17525
17512
17525
17512
17525
17512
17500
17487
17475
17437
17425
17412
17400
17412
17425
17412
17425
17412
17375
17375
17362
17325
17312
17300
17250
17250
17250
17250
17275
17325
17362
17425
17487
17525
17562
17575
17587
17575
17587
17575
17587
17600
17612
17625
17637
17650
17637
17650
17637
17650
17650
17662
17650
17662
17650
17650
17650
17662
17675
17687
17675
17662
17650
17650
17625
17625
17600
17600
17600
17612
17625
17637
17650
17637
17650
17637
17625
17612
17600
17562
17550
17537
17525
17512
17525
17512
17500
17487
17475
17462
17450
17462
17450
17462
17450
17462
17450
17475
17475
17500
17525
17550
17562
17600
17612
17625
17650
17662
17675
17712
17750
17762
17800
17837
17837
17850
17887
17900
17912
17937
17950
17962
18012
18037
18087
18100
18112
18087
18087
18062
18075
18087
18100
18087
18100
18087
18075
18062
18075
18062
18075
18062
18050
18037
18025
17987
17975
17962
17950
17962
18000
18037
18075
18112
18150
18175
18212
18275
18312
18350
18362
18350
18337
18325
18287
18250
18212
18175
18150
18137
18125
18137
18150
18162
18175
18187
18175
18162
18150
18137
18150
18162
18150
18162
18150
18137
18125
18137
18150
18162
18175
18187
18200
18187
18175
18137
18100
18037
17975
17950
17925
17925
17950
17975
17987
18025
18062
18100
18162
18212
18262
18312
18337
18362
18387
18412
18412
18437
18425
18437
18425
18412
18400
18387
18350
18337
18325
18312
18300
18287
18275
18262
18225
18187
18150
18100
18037
17975
17937
17900
17862
17825
17812
17775
17737
17700
17687
17650
17650
17637
17650
17637
17625
17587
17575
17537
17525
17512
17500
17487
17475
17462
17450
17462
17450
17462
17475
17487
17500
17537
17550
17562
17600
17600
17612
17625
17637
17625
17650
17637
17625
17612
17600
17587
17575
17587
17575
17587
17575
17562
17550
17537
17500
17487
17475
17462
17450
17462
17450
17462
17450
17462
17450
17437
17425
17412
17400
17387
17400
17387
17375
17337
17325
17287
17250
17212
17200
17162
17137
17125
17137
17125
17137
17162
17200
17212
17250
17262
17250
17237
17225
17187
17150
17112
17087
17050
17037
17025
17037
17050
17062
17075
17112
17125
17137
17162
17175
17187
17225
17237
17250
17262
17275
17287
17300
17312
17325
17337
17350
17362
17375
17412
17450
17487
17525
17562
17600
17612
17625
17650
17687
17687
17712
17725
17737
17737
17750
17762
17750
17762
17750
17762
17750
17762
17750
17762
17750
17762
17750
17762
17750
17762
17750
17737
17700
17662
17600
17575
17537
17487
17462
17437
17387
17362
17350
17350
17375
17425
17450
17512
17537
17562
17562
17587
17575
17587
17600
17612
17625
17650
17662
17675
17687
17700
17725
17737
17750
17762
17775
17775
17812
17850
17912
17950
17987
18000
17987
17975
17962
17925
17887
17850
17812
17775
17737
17725
17712
17675
17637
17600
17575
17562
17550
17562
17600
17612
17625
17650
17687
17725
17762
17812
17837
17862
17887
17912
17925
17937
17950
17962
17975
17987
18000
18012
18000
18012
18000
17987
17975
17962
17950
17925
17925
17900
17875
17825
17812
17775
17762
17750
17762
17750
17762
17775
17825
17837
17875
17912
17950
17975
18012
18062
18087
18112
18137
18175
18187
18225
18262
18275
18287
18325
18337
18350
18362
18350
18337
18325
18312
18300
18312
18325
18362
18375
18387
18400
18387
18375
18362
18350
18337
18325
18312
18300
18312
18300
18312
18300
18312
18325
18337
18350
18362
18375
18362
18350
18312
18300
18287
18275
18287
18325
18362
18400
18437
18475
18512
18525
18512
18525
18537
18525
18512
18525
18512
18475
18462
18450
18412
18400
18387
18350
18312
18275
18212
18150
18100
18037
17975
17912
17850
17787
17725
17687
17637
17600
17550
17525
17475
17437
17425
17437
17425
17412
17425
17412
17375
17362
17350
17312
17275
17262
17212
17162
17112
17087
17050
17012
16975
16962
16925
16912
16900
16887
16875
16862
16850
16837
16850
16837
16850
16862
16875
16862
16850
16837
16800
16787
16775
16762
16750
16737
16700
16662
16650
16612
16612
16612
16625
16637
16675
16712
16725
16762
16800
16812
16825
16862
16900
16937
16975
17025
17075
17112
17137
17162
17150
17112
17062
17000
16937
16900
16862
16825
16787
16787
16750
16700
16675
16650
16612
16612
16625
16637
16675
16675
16675
16700
16700
16700
16737
16750
16762
16800
16812
16825
16862
16875
16887
16900
16887
16850
16837
16800
16762
16750
16737
16725
16737
16750
16762
16800
16837
16875
16912
16950
16962
16975
16962
16975
16962
16950
16912
16875
16837
16800
16750
16737
16725
16687
16675
16675
16637
16625
16637
16650
16662
16700
16737
16775
16825
16875
16925
16975
17025
17062
17112
17175
17212
17250
17262
17275
17262
17275
17262
17275
17262
17250
17237
17225
17212
17200
17212
17225
17237
17250
17262
17250
17237
17225
17187
17175
17162
17137
17100
17062
17000
16937
16875
16837
16800
16787
16775
16787
16800
16812
16825
16862
16900
16937
17000
17062
17100
17112
17100
17062
17000
16937
16900
16862
16850
16837
16825
16787
16775
16737
16700
16687
16675
16662
16650
16637
16600
16587
16562
16525
16512
16500
16462
16450
16437
16425
16412
16425
16412
16425
16437
16450
16462
16475
16487
16475
16487
16500
16537
16550
16587
16612
16650
16662
16712
16737
16775
16787
16825
16825
16862
16862
16887
16912
16962
17000
17062
17112
17175
17237
17300
17362
17425
17487
17550
17600
17662
17700
17737
17775
17812
17825
17862
17900
17912
17900
17912
17900
17862
17850
17837
17800
17762
17725
17687
17637
17600
17525
17487
17425
17400
17375
17400
17387
17400
17387
17375
17362
17350
17312
17300
17287
17250
17212
17175
17112
17087
17050
17012
16975
16937
16875
16812
16750
16687
16625
16562
16512
16450
16387
16350
16312
16300
16287
16300
16287
16300
16287
16312
16312
16337
16337
16337
16325
16312
16300
16287
16300
16287
16300
16312
16325
16337
16350
16362
16375
16412
16450
16487
16500
16512
16525
16512
16500
16512
16500
16487
16475
16462
16450
16437
16425
16412
16425
16437
16475
16512
16550
16587
16612
16625
16650
16675
16700
16725
16750
16762
16775
16787
16775
16787
16775
16787
16775
16787
16775
16762
16750
16737
16700
16662
16650
16612
16612
16600
16612
16612
16625
16612
16625
16612
16587
16550
16537
16500
16462
16450
16437
16400
16362
16325
16262
16225
16187
16175
16162
16150
16137
16125
16087
16050
16037
16012
15962
15937
15912
15862
15812
15775
15712
15650
15612
15575
15550
15537
15525
15512
15525
15537
15500
15512
15525
15525
15525
15587
15600
15600
15600
15625
15612
15625
15612
15600
15587
15575
15550
15537
15525
15512
15500
15487
15475
15462
15425
15412
15400
15387
15400
15412
15425
15437
15450
15437
15450
15437
15450
15437
15450
15437
15450
15462
15475
15487
15525
15537
15550
15562
15575
15537
15537
15512
15512
15487
15512
15525
15537
15550
15575
15587
15575
15587
15575
15575
15562
15575
15562
15575
15575
15612
15650
15687
15737
15762
15787
15812
15862
15875
15912
15925
15912
15900
15887
15875
15862
15875
15862
15875
15887
15900
15925
15950
15975
15975
16000
16012
16037
16075
16112
16150
16162
16175
16162
16175
16162
16150
16112
16075
16012
15987
15950
15912
15900
15887
15875
15862
15875
15862
15875
15862
15875
15862
15887
15875
15887
15875
15900
15887
15887
15887
15887
15850
15837
15825
15787
15775
15750
15725
15700
15700
15675
15662
15650
15637
15625
15612
15600
15562
15550
15525
15487
15475
15462
15425
15412
15400
15387
15375
15400
15400
15425
15425
15450
15462
15500
15512
