t = 60.000000, p = 560.000000
19400
19425
19425
19425
19425
19425
19412
19400
19387
19375
19362
19325
19287
19275
19237
19212
19200
19187
19150
19112
19075
19000
18962
18925
18887
18850
18850
18800
18775
18750
18725
18700
18687
18687
18675
18662
18650
18637
18600
18587
18575
18562
18550
18562
18550
18537
18525
18537
18525
18537
18550
18562
18550
18562
18550
18537
18525
18512
18500
18487
18475
18437
18425
18387
18350
18337
18325
18287
18275
18262
18250
18237
18250
18237
18250
18237
18250
18237
18225
18187
18175
18150
18137
18125
18137
18125
18112
18100
18087
18075
18062
18050
18037
18050
18037
18050
18062
18075
18087
18100
18112
18125
18137
18125
18137
18125
18137
18125
18137
18150
18162
18137
18137
18137
18112
18112
18150
18162
18175
18187
18200
18187
18200
18187
18200
18187
18200
18187
18175
18162
18150
18137
18125
18137
18125
18137
18125
18150
18162
18225
18262
18325
18375
18437
18487
18537
18600
18650
18700
18750
18825
18887
18925
18975
19000
19025
19050
19075
19087
19100
19112
19100
19112
19087
19100
19087
19100
19087
19087
19075
19050
19025
19000
19000
18975
18987
18975
18987
18975
18962
18950
18937
18925
18912
18925
18912
18900
18887
18875
18837
18825
18812
18775
18762
18750
18712
18675
18637
18612
18575
18562
18550
18537
18525
18512
18500
18487
18475
18437
18425
18387
18350
18312
18275
18237
18200
18175
18137
18125
18087
18075
18062
18075
18062
18075
18062
18075
18062
18050
18037
18025
17987
17975
17962
17925
17887
17850
17787
17750
17712
17675
17662
17650
17625
17612
17600
17562
17550
17525
17500
17500
17500
17475
17487
17475
17462
17450
17437
17425
17412
17375
17337
17300
17262
17250
17237
17225
17237
17225
17225
17225
17250
17250
17275
17262
17250
17237
17225
17187
17175
17162
17162
17150
17162
17150
17162
17150
17162
17162
17162
17162
17162
17137
17125
17112
17075
17062
17050
17037
17050
17062
17075
17112
17137
17175
17237
17312
17362
17412
17462
17512
17550
17600
17662
17700
17737
17775
17787
17800
17812
17825
17837
17850
17862
17875
17900
17900
17900
17900
17900
17862
17850
17837
17800
17787
17775
17762
17750
17762
17750
17737
17725
17712
17700
17687
17700
17687
17700
17687
17675
17662
17650
17625
17612
17600
17562
17550
17537
17525
17537
17550
17537
17550
17537
17500
17487
17475
17462
17450
17437
17400
17387
17350
17337
17325
17337
17325
17312
17275
17262
17225
17212
17200
17187
17150
17137
17112
17075
17062
17050
17037
17025
17037
17025
17012
17000
17012
16987
16987
17012
17012
16987
17000
16987
16975
16962
16950
16937
16925
16912
16900
16912
16900
16912
16900
16912
16900
16887
16850
16837
16825
16800
16800
16800
16800
16775
16787
16800
16812
16800
16812
16800
16787
16775
16787
16775
16787
16775
16787
16775
16762
16750
16737
16725
16712
16725
16712
16700
16687
16662
16637
16612
16612
16600
16612
16612
16650
16700
16775
16850
16925
17000
17062
17112
17175
17212
17262
17287
17312
17337
17362
17375
17412
17450
17462
17512
17537
17562
17587
17625
17637
17675
17687
17700
17687
17700
17687
17700
17687
17700
17687
17700
17687
17700
17687
17700
17687
17700
17712
17725
17737
17750
17737
17700
17687
17650
17625
17587
17575
17537
17500
17487
17475
17462
17450
17462
17450
17462
17450
17462
17475
17475
17475
17475
17475
17450
17462
17450
17462
17450
17437
17400
17387
17337
17312
17287
17287
17262
17275
17262
17275
17262
17275
17262
17250
17237
17225
17187
17187
17187
17162
17162
17162
17137
17100
17062
17025
16987
16975
16962
16975
16962
16950
16937
16925
16887
16875
16862
16825
16787
16775
16737
16725
16737
16750
16762
16775
16787
16800
16812
16825
16837
16850
16837
16825
16787
16775
16725
16700
16675
16675
16675
16687
16700
16712
16725
16737
16787
16837
16912
16987
17062
17112
17175
17237
17300
17362
17425
17462
17512
17537
17575
17575
17600
17612
17637
17662
17725
17762
17800
17837
17850
17862
17900
17937
17950
17962
17975
17962
17950
17937
17950
17937
17925
17912
17900
17887
17875
17887
17875
17900
17900
17925
17950
17975
17987
18000
18012
18000
18012
18000
17987
17975
17962
17925
17912
17900
17862
17850
17837
17800
17787
17775
17762
17737
17737
17712
17712
17687
17700
17687
17700
17687
17700
17687
17662
17650
17637
17637
17625
17650
17637
17650
17637
17650
17637
17650
17637
17650
17637
17650
17637
17625
17612
17600
17587
17575
17587
17575
17562
17550
17537
17525
17512
17500
17487
17475
17462
17450
17437
17425
17400
17375
17375
17375
17350
17362
17350
17312
17300
17287
17275
17262
17275
17262
17275
17250
17262
17250
17237
17225
17225
17212
17187
17187
17162
17162
17150
17137
17137
17137
17112
17112
17112
17100
17087
17100
17087
17100
17087
17100
17087
17100
17075
17075
17050
17050
17025
17037
17025
17037
17025
17037
17025
17037
17025
17037
17025
17037
17050
17062
17075
17112
17150
17200
17275
17350
17425
17487
17550
17600
17662
17725
17787
17850
17912
17950
17987
18025
18062
18100
18150
18187
18225
18237
18225
18187
18175
18150
18137
18125
18112
18100
18087
18075
18062
18050
18037
18025
17987
17975
17962
17912
17887
17887
17862
17837
17825
17787
17762
17737
17712
17687
17687
17637
17625
17600
17600
17575
17587
17575
17562
17550
17537
17525
17512
17500
17487
17475
17462
17475
17475
17475
17500
17525
17525
17562
17575
17562
17525
17487
17450
17412
17400
17387
17400
17412
17425
17437
17450
17462
17450
17462
17450
17437
17425
17412
17400
17387
17375
17362
17350
17337
17325
17312
17300
17312
17300
17287
17300
17287
17250
17237
17225
17212
17200
17212
17200
17212
17200
17212
17200
17187
17175
17162
17137
17125
17112
17100
17087
17100
17112
17125
17137
17150
17162
17150
17162
17150
17137
17100
17087
17050
17012
17000
16987
16975
16962
16975
16962
16975
16987
17025
17062
17112
17175
17237
17312
17387
17437
17500
17562
17600
17625
17675
17712
17725
17737
17775
17787
17812
17837
17837
17850
17887
17887
17912
17937
17950
17962
17975
17987
18025
18037
18050
18062
18075
18062
18075
18062
18075
18062
18075
18062
18075
18062
18075
18062
18075
18062
18075
18062
18075
18062
18075
18062
18075
18062
18075
18062
18075
18062
18075
18050
18050
18025
18000
17950
17937
17900
17862
17850
17837
17800
17787
17800
17775
17775
17800
17800
17800
17812
17825
17812
17825
17812
17825
17812
17825
17812
17800
17787
17775
17762
17750
17762
17750
17762
17750
17737
17725
17712
17700
17687
17675
17637
17625
17600
17587
17575
17562
17562
17562
17562
17562
17587
17575
17587
17600
17600
17600
17600
17600
17575
17587
17575
17562
17550
17537
17525
17512
17500
17487
17475
17437
17425
17412
17400
17387
17400
17387
17400
17387
17400
17387
17400
17387
17375
17362
17350
17337
17325
17337
17325
17312
17300
17287
17275
17262
17250
17237
17225
17212
17200
17212
17187
17187
17162
17162
17150
17162
17150
17162
17150
17162
17150
17162
17162
17175
17187
17225
17262
17312
17387
17462
17537
17600
17662
17725
17787
17850
17912
17950
18000
18025
18050
18075
18125
18150
18187
18225
18237
18250
18262
18275
18287
18300
18312
18325
18362
18400
18462
18487
18512
18512
18512
18487
18500
18487
18475
18462
18475
18462
18450
18462
18450
18437
18425
18412
18400
18387
18375
18362
18375
18362
18375
18362
18350
18312
18275
18237
18187
18175
18175
18175
18150
18162
18175
18162
18175
18187
18200
18187
18200
18187
18200
18187
18200
18187
18200
18187
18200
18187
18200
18187
18200
18187
18200
18187
18200
18187
18175
18162
18150
18100
18075
18050
18025
18000
18012
18025
18037
18062
18087
18112
18100
18112
18112
18112
18112
18125
18137
18125
18100
18087
18075
18062
18050
18050
18050
18050
18025
18025
18025
18012
18000
18012
18000
17987
17975
17962
17950
17937
17950
17937
17925
17912
17900
17862
17850
17837
17825
17812
17800
17787
17775
17762
17750
17737
17725
17712
17700
17687
17700
17687
17675
17662
17650
17625
17612
17600
17562
17550
17537
17500
17462
17450
17400
17375
17375
17375
17387
17412
17450
17487
17550
17587
17662
17737
17812
17887
17962
18037
18100
18137
18175
18200
18237
18275
18312
18350
18387
18400
18412
18425
18437
18450
18462
18475
18487
18500
18487
18475
18462
18450
18412
18400
18387
18350
18337
18325
18312
18325
18337
18350
18362
18375
18362
18375
18362
18375
18362
18375
18362
18350
18337
18325
18287
18250
18237
18200
18175
18162
18150
18112
18075
18062
18025
18012
18000
17987
17975
17962
17950
17937
17925
17887
17875
17837
17825
17837
17850
17837
17850
17837
17825
17812
17825
17812
17825
17812
17825
17812
17825
17812
17825
17812
17800
17762
17762
17737
17712
17687
17687
17650
17650
17650
17662
17650
17662
17650
17650
17637
17625
17612
17587
17562
17537
17537
17537
17550
17562
17575
17562
17550
17525
17500
17475
17450
17425
17412
17400
17387
17400
17387
17400
17387
17375
17362
17350
17337
17325
17337
17325
17337
17325
17337
17325
17312
17275
17262
17225
17187
17175
17162
17162
17150
17137
17125
17137
17125
17137
17162
17175
17187
17225
17262
17300
17375
17425
17475
17537
17575
17600
17662
17725
17775
17850
17912
17950
17987
18025
18062
18075
18112
18125
18137
18150
18162
18175
18200
18212
18225
18237
18250
18237
18225
18212
18200
18200
18187
18200
18187
18200
18187
18200
18200
18212
18200
18212
18200
18200
18187
18200
18187
18200
18187
18175
18162
18150
18112
18075
18037
18000
17962
17962
17950
17962
17950
17962
17937
17950
17937
17925
17912
17900
17887
17875
17862
17850
17837
17825
17812
17825
17812
17825
17812
17800
17787
17775
17762
17750
17762
17775
17775
17775
17775
17775
17750
17737
17737
17737
17712
17712
17712
17700
17687
17700
17687
17700
17687
17700
17687
17675
17662
17650
17650
17637
17625
17612
17600
17587
17575
17587
17575
17587
17600
17612
17625
17637
17650
17625
17625
17600
17575
17525
17525
17500
17500
17500
17525
17512
17500
17500
17500
17500
17500
17500
17487
17475
17437
17400
17387
17350
17337
17325
17337
17325
17337
17350
17362
17375
17387
17400
17387
17375
17362
17375
17362
17350
17337
17325
17287
17275
17262
17275
17287
17325
17362
17425
17487
17550
17600
17662
17725
17787
17850
17912
17987
18062
18125
18200
18250
18287
18325
18362
18400
18437
18475
18512
18525
18537
18550
18562
18550
18562
18550
18562
18550
18562
18550
18537
18525
18512
18500
18487
18500
18487
18500
18487
18500
18487
18475
18462
18450
18412
18400
18387
18350
18337
18325
18287
18275
18262
18250
18237
18225
18212
18200
18200
18187
18175
18162
18150
18137
18125
18112
18075
18062
18025
18012
18000
18012
18000
18012
18000
18012
18025
18037
18050
18087
18100
18112
18125
18137
18125
18137
18125
18137
18150
18162
18175
18187
18200
18187
18175
18162
18150
18112
18100
18087
18050
18037
18025
18012
18000
17987
17975
17962
17950
17937
17950
17937
17925
17912
17900
17862
17850
17837
17825
17812
17825
17812
17825
17812
17800
17787
17800
17787
17800
17812
17825
17812
17825
17812
17800
17787
17775
17737
17700
17687
17650
17625
17612
17600
17587
17575
17562
17550
17537
17525
17537
17550
17562
17600
17612
17637
17675
17712
17750
17812
17850
17912
17987
18062
18137
18225
18312
18387
18437
18475
18512
18525
18537
18575
18587
18600
18637
18650
18662
18687
18700
18687
18675
18637
18612
18575
18537
18525
18537
18525
18537
18550
18562
18550
18562
18550
18562
18550
18562
18550
18562
18550
18562
18550
18537
18525
18512
18500
18487
18475
18462
18450
18412
18400
18387
18375
18362
18375
18362
18350
18350
18350
18325
18325
18325
18312
18300
18312
18325
18337
18350
18362
18350
18337
18325
18312
18300
18312
18300
18312
18300
18312
18300
18312
18300
18312
18300
18312
18300
18287
18275
18262
18225
18212
18200
18200
18187
18175
18162
18175
18162
18175
18187
18162
18150
18137
18125
18112
18137
18125
18137
18125
18112
18100
18087
18050
18037
18025
18012
18000
17987
17975
17962
17925
17912
17900
17887
17862
17862
17837
17837
17812
17800
17787
17775
17737
17725
17712
17700
17712
17750
17787
17850
17912
17975
18037
18100
18150
18212
18275
18350
18425
18500
18575
18637
18700
18762
18800
18837
18875
18887
18900
18912
18925
18912
18900
18887
18875
18837
18825
18812
18800
18787
18775
18762
18750
18712
18700
18687
18687
18675
18687
18675
18687
18675
18662
18625
18612
18575
18562
18550
18537
18525
18512
18475
18437
18425
18387
18350
18312
18300
18262
18225
18187
18175
18150
18112
18112
18112
18087
18087
18087
18075
18062
18075
18062
18075
18062
18075
18062
18075
18062
18050
18037
18025
18012
18000
18012
18000
18012
18000
18012
18000
17987
17975
17962
17925
17887
17887
17850
17837
17850
17862
17837
17850
17837
17800
17787
17775
17762
17750
17762
17750
17737
17737
17737
17712
17712
17712
17675
17662
17650
17650
17637
17625
17612
17600
17562
17550
17525
17500
17475
17475
17450
17462
17475
17487
17475
17487
17500
17487
17500
17512
17525
17512
17500
17462
17450
17437
17425
17412
17425
17412
17400
17387
17400
17387
17412
17412
17437
17462
17487
17500
17512
17500
17462
17425
17387
17350
17337
17325
17337
17350
17362
17375
17412
17450
17487
17550
17600
17662
17725
17787
17850
17912
17987
18062
18125
18200
18275
18337
18400
18462
18537
18587
18637
18675
18725
18737
18750
18762
18750
18712
18675
18662
18637
18625
18612
18625
18612
18600
18587
18575
18537
18525
18512
18475
18462
18450
18437
18425
18437
18425
18412
18375
18362
18312
18287
18262
18237
18187
18150
18100
18062
18025
18012
18000
17987
17975
17987
17975
17987
18000
17987
17975
17987
17975
17987
18000
17987
17975
17987
17975
17987
18000
18012
18000
18012
18000
18012
18000
18012
18000
18012
18000
18012
18000
17987
17987
17987
17962
17962
17962
17950
17937
17925
17887
17875
17837
17825
17812
17800
17787
17775
17737
17725
17712
17700
17687
17675
17662
17650
17650
17650
17662
17650
17662
17650
17625
17612
17600
17587
17575
17562
17550
17537
17525
17512
17500
17487
17475
17475
17475
17475
17475
17475
17437
17425
17412
17400
17387
17400
17387
17400
17387
17400
17387
17400
17375
17375
17350
17350
17325
17350
17375
17400
17425
17475
17512
17550
17600
17662
17725
17762
17800
17837
17875
17912
17987
18062
18125
18200
18250
18300
18325
18350
18375
18400
18387
18400
18387
18375
18362
18375
18362
18375
18387
18400
18412
18412
18412
18387
18362
18337
18325
18287
18275
18262
18250
18237
18250
18262
18275
18287
18300
18287
18275
18262
18212
18162
18137
18100
18050
18037
18025
17987
17950
17937
17900
17887
17875
17887
17875
17862
17850
17837
17800
17787
17775
17762
17750
17762
17775
17787
17800
17812
17800
17787
17775
17762
17750
17737
17725
17712
17700
17687
17700
17712
17725
17750
17775
17800
17800
17825
17812
17825
17812
17825
17812
17825
17812
17825
17812
17825
17812
17800
17787
17775
17762
17775
17787
17800
17800
17800
17775
17775
17750
17775
17775
17775
17775
17800
17787
17775
17787
17775
17762
17750
17737
17725
17712
17700
17687
17675
17662
17650
17650
17637
17650
17650
17662
17675
17687
17700
17712
17725
17737
17775
17787
17812
17862
17912
17962
18037
18100
18150
18212
18275
18337
18400
18462
18525
18587
18637
18700
18762
18825
18900
18975
19025
19050
19075
19062
19050
19037
19050
19037
19025
18987
18975
18937
18900
18887
18875
18862
18875
18912
18912
18937
18937
18937
18912
18925
18912
18900
18887
18875
18875
18875
18875
18850
18825
18762
18700
18637
18575
18525
18475
18425
18400
18387
18375
18362
18350
18312
18300
18262
18225
18212
18200
18175
18162
18137
18112
18112
18112
18087
18075
18075
18037
18037
18037
18037
18000
17975
17937
17900
17887
17875
17862
17850
17837
17825
17837
17850
17837
17862
17862
17837
17837
17837
17825
17812
17800
17762
17750
17712
17700
17712
17712
17712
17712
17712
17687
17700
17712
17725
17712
17700
17662
17600
17575
17537
17525
17512
17525
17512
17537
17525
17537
17550
17550
17537
17525
17512
17475
17450
17425
17412
17400
17387
17400
17412
17450
17487
17550
17600
17662
17725
17787
17862
17937
18012
18087
18137
18175
18225
18250
18275
18325
18362
18375
18412
18450
18487
18525
18562
18600
18612
18625
18612
18600
18562
18550
18512
18475
18475
18475
18450
18450
18450
18437
18425
18437
18425
18437
18425
18412
18375
18337
18275
18212
18150
18100
18037
17975
17937
17900
17862
17825
17812
17775
17762
17750
17762
17750
17737
17700
17687
17650
17650
17637
17650
17637
17625
17612
17600
17562
17550
17537
17525
17512
17525
17512
17525
17512
17525
17512
17500
17487
17475
17462
17450
17462
17450
17462
17450
17462
17475
17487
17500
17512
17525
17537
17550
17562
17575
17587
17575
17587
17575
17562
17550
17562
17550
17537
17550
17537
17525
17512
17525
17512
17525
17500
17512
17500
17512
17500
17525
17512
17525
17512
17525
17512
17525
17512
17500
17487
17475
17437
17425
17412
17400
17387
17400
17387
17400
17412
17425
17437
17475
17512
17550
17600
17662
17725
17787
17850
17912
17987
18062
18125
18200
18275
18337
18400
18437
18487
18537
18587
18612
18662
18675
18687
18687
18700
18712
18750
18762
18775
18787
18775
18762
18750
18712
18700
18687
18687
18675
18662
18650
18637
18625
18612
18600
18587
18575
18562
18550
18562
18550
18562
18550
18537
18525
18512
18475
18437
18425
18387
18350
18337
18325
18287
18250
18212
18150
18100
18025
17975
17925
17875
17850
17862
17850
17837
17825
17812
17775
17737
17725
17712
17675
17662
17650
17650
17637
17650
17637
17650
17637
17650
17637
17625
17612
17600
17587
17575
17587
17575
17587
17575
17587
17575
17587
17562
17575
17562
17575
17587
17600
17600
17600
17575
17550
17537
17525
17512
17525
17512
17525
17512
17525
17512
17525
17537
17550
17562
17575
17587
17575
17587
17575
17587
17575
17562
17525
17512
17475
17462
17450
17462
17475
17487
17512
17537
17537
17537
17537
17525
17512
17500
17487
17475
17437
17425
17412
17400
17387
17400
17412
17425
17437
17475
17512
17550
17587
17625
17675
17725
17775
17825
17875
17925
17987
18050
18125
18200
18250
18300
18325
18350
18375
18425
18437
18475
18512
18550
18562
18600
18637
18650
18662
18675
18662
18625
18612
18575
18562
18550
18562
18575
18587
18600
18612
18625
18600
18600
18600
18600
18575
18562
18550
18500
18475
18450
18462
18450
18450
18450
18450
18412
18400
18387
18350
18312
18262
18212
18162
18125
18100
18087
18075
18062
18075
18062
18050
18037
18025
18012
18000
18012
18025
18037
18025
18037
18050
18037
18025
18037
18025
17987
17975
17962
17950
17937
17950
17937
17950
17937
17950
17937
17950
17962
17975
17962
17975
17962
17950
17937
17950
17937
17950
17937
17950
17937
17950
17937
17950
17937
17950
17937
17925
17912
17900
17862
17825
17812
17775
17762
17750
17762
17750
17737
17737
17737
17737
17737
17762
17750
17762
17750
17762
17775
17787
17800
17812
17825
17812
17825
17812
17800
17787
17775
17762
17750
17762
17750
17762
17750
17737
17725
17712
17700
17687
17700
17687
17700
17687
17700
17687
17700
17712
17750
17787
17850
17887
17937
17987
18037
18087
18150
18212
18287
18375
18462
18550
18612
18662
18712
18737
18762
18812
18825
18837
18850
18862
18850
18862
18850
18862
18850
18862
18837
18837
18812
18787
18762
18750
18737
18725
18712
18675
18662
18637
18600
18587
18575
18537
18525
18512
18500
18487
18475
18475
18475
18450
18425
18400
18362
18325
18287
18250
18237
18200
18175
18162
18150
18137
18125
18137
18125
18137
18125
18137
18125
18137
18125
18137
18125
18137
18125
18112
18100
18112
18100
18112
18125
18137
18125
18137
18125
18112
18100
18087
18075
18062
18050
18037
18025
18012
18000
17987
17975
17962
17925
17912
17900
17887
17875
17862
17850
17837
17825
17812
17800
17787
17800
17787
17800
17812
17825
17812
17825
17812
17825
17812
17837
17837
17837
17812
17812
17775
17737
17725
17712
17700
17675
17675
17675
17675
17675
17687
17700
17687
17700
17687
17700
17712
17725
17737
17750
17762
17787
17837
17887
17962
18037
18100
18162
18237
18312
18387
18462
18525
18587
18637
18700
18762
18800
18837
18850
18862
18875
18887
18875
18887
18875
18862
18850
18862
18837
18837
18812
18812
18787
18800
18787
18800
18787
18800
18787
18775
18762
18750
18737
18725
18712
18700
18687
18662
18650
18637
18600
18587
18600
18587
18575
18562
18550
18512
18475
18437
18400
18362
18325
18287
18275
18262
18225
18212
18200
18175
18162
18150
18137
18125
18137
18125
18137
18125
18137
18125
18137
18125
18137
18112
18112
18087
18062
18037
18025
18012
17987
17987
17962
17962
17937
17925
17912
17900
17887
17875
17862
17850
17837
17825
17812
17825
17812
17825
17812
17800
17787
17800
17787
17800
17812
17800
17787
17775
17762
17750
17762
17750
17762
17750
17737
17725
17737
17725
17712
17725
17712
17700
17712
17725
17712
17725
17712
17675
17675
17675
17675
17675
17700
17687
17700
17687
17700
17687
17675
17662
17650
17650
17637
17612
17587
17587
17550
17537
17537
17512
17487
17475
17462
17475
17512
17550
17600
17662
17725
17787
17850
17912
17975
18037
18100
18150
18212
18275
18337
18400
18462
18525
18562
18575
18587
18600
18587
18600
18612
18600
18587
18575
18562
18550
18537
18500
18500
18475
18450
18450
18450
18412
18375
18337
18300
18262
18225
18187
18150
18125
18087
18050
18037
18025
17987
17975
17962
17925
17912
17900
17862
17850
17837
17825
17812
17800
17787
17775
17762
17750
17762
17750
17762
17775
17787
17800
17812
17825
17837
17850
17862
17875
17862
17850
17837
17800
17787
17775
17762
17750
17737
17725
17712
17700
17687
17675
17662
17650
17650
17650
17650
17650
17650
17650
17650
17662
17675
17687
17700
17687
17675
17662
17675
17662
17675
17687
17700
17687
17700
17687
17700
17687
17700
17687
17700
17687
17700
17687
17700
17675
17675
17675
17675
17650
17662
17650
17625
17612
17600
17562
17550
17537
17525
17537
17550
17562
17575
17587
17600
17625
17662
17725
17787
17850
17912
17975
18037
18100
18162
18237
18312
18387
18462
18525
18562
18600
18637
18662
18700
18737
18775
18787
18800
18787
18775
18762
18750
18737
18725
18737
18725
18737
18725
18712
18700
18687
18662
18625
18587
18550
18512
18500
18487
18500
18487
18500
18487
18500
18487
18475
18462
18450
18412
18375
18362
18325
18287
18250
18212
18175
18150
18137
18125
18137
18125
18137
18125
18137
18125
18137
18125
18137
18125
18137
18150
18162
18175
18187
18175
18162
18175
18162
18150
18162
18175
18162
18150
18162
18150
18137
18125
18137
18125
18112
18100
18087
18075
18062
18050
18037
18050
18037
18025
18037
18025
18012
18000
18012
18000
18012
18000
18012
18000
17987
17975
17962
17925
17912
17900
17887
17875
17887
17875
17887
17875
17887
17875
17862
17825
17787
17725
17687
17650
17650
17637
17650
17637
17650
17650
17662
17675
17712
17750
17787
17825
17875
17925
17975
18025
18100
18150
18225
18300
18375
18462
18550
18600
18650
18687
18725
18762
18800
18850
18875
18900
18900
18925
18937
18950
18937
18925
18887
18850
18812
18775
18762
18750
18737
18725
18737
18750
18762
18750
18762
18750
18737
18725
18712
18675
18662
18637
18625
18612
18600
18562
18525
18487
18450
18412
18400
18387
18350
18337
18325
18312
18300
18287
18275
18262
18225
18212
18200
18175
18162
18150
18112
18100
18087
18075
18062
18075
18062
18050
18037
18050
18037
18050
18062
18075
18062
18050
18037
18025
18012
18000
17987
17975
17962
17950
17937
17950
17937
17950
17925
17925
17900
17900
17875
17887
17875
17887
17875
17887
17875
17862
17850
17837
17825
17812
17825
17837
17850
17862
17900
17937
17950
17987
18025
18062
18075
18112
18150
18162
18150
18137
18100
18062
18025
18012
18000
17987
17975
17962
17950
17937
17950
17937
17925
17912
17900
17887
17875
17887
17875
17887
17875
17887
17900
17912
17925
17962
18000
18037
18100
18137
18175
18225
18275
18337
18425
18500
18575
18637
18700
18762
18825
18887
18950
18987
19025
19062
19075
19087
19100
19087
19075
19062
19050
19037
19025
19012
19000
18987
18975
18962
18925
18887
18850
18812
18800
18787
18775
18762
18750
18737
18725
18750
18750
18775
18762
18775
18750
18725
18675
18637
18587
18525
18462
18400
18337
18300
18262
18250
18237
18225
18212
18225
18200
18200
18200
18200
18175
18175
18150
18125
18112
18112
18112
18112
18112
18075
18062
18025
17987
17975
17962
17950
17937
17925
17912
17900
17887
17875
17887
17875
17862
17850
17837
17825
17812
17800
17787
17775
17762
17750
17762
17750
17737
17737
17737
17712
17712
17712
17675
17662
17650
17625
17612
17600
17587
17575
17600
17600
17625
17625
17650
17637
17650
17637
17650
17637
17650
17637
17625
17612
17600
17587
17575
17587
17575
17600
17587
17600
17587
17600
17600
17612
17625
17650
17687
17700
17737
17775
17825
17875
17950
18025
18100
18150
18212
18287
18362
18437
18512
18587
18637
18700
18762
18825
18862
18900
18937
18950
18962
19000
19012
19025
19037
19050
19037
19050
19025
19025
19000
19000
18975
18987
18975
18962
18925
18912
18875
18862
18850
18862
18850
18837
18825
18812
18800
18787
18775
18737
18725
18687
18662
18625
18587
18525
18462
18400
18362
18325
18287
18275
18262
18225
18212
18200
18175
18137
18125
18087
18075
18062
18075
18087
18100
18087
18100
18112
18087
18087
18087
18087
18062
18075
18062
18050
18037
18025
18012
18000
18012
18025
18025
18025
18050
18037
18025
18025
18025
18000
17987
17975
17962
17950
17937
17950
17937
17925
17912
17900
17900
17900
17900
17900
17900
17887
17875
17887
17875
17887
17875
17862
17850
17837
17825
17812
17837
17825
17837
17850
17862
17862
17875
17862
17850
17837
17825
17812
17825
17812
17800
17787
17800
17775
17775
17775
17775
17750
17762
17750
17762
17750
17737
17725
17750
17750
17775
17825
17887
17937
18012
18087
18150
18212
18275
18350
18425
18500
18575
18637
18700
18762
18825
18887
18950
18987
19025
19062
19075
19087
19100
19112
19100
19112
19125
19137
19150
19187
19187
19200
19212
19225
19212
19237
19225
19212
19200
19187
19150
19137
19112
19087
19062
19037
19012
19000
18962
18950
18937
18900
18887
18875
18837
18825
18812
18775
18737
18725
18687
18662
18625
18587
18550
18512
18475
18437
18400
18337
18275
18237
18200
18200
18187
18175
18162
18150
18137
18125
18137
18125
18112
18100
18087
18075
18062
18075
18062
18050
18037
18025
18012
18000
18012
18000
18012
18000
18012
18000
18012
18025
18037
18050
18050
18050
18050
18050
18050
18062
18075
18050
18062
18050
18062
18050
18075
18087
18100
18112
18125
18137
18125
18112
18112
18100
18087
18075
18087
18062
18075
18062
18075
18062
18075
18062
18075
18062
18075
18062
18050
18050
18050
18050
18050
18050
18050
18050
18025
18025
18025
18012
18000
18012
18000
18012
18000
18012
18000
18012
18000
18012
18000
18025
18062
18112
18175
18237
18312
18387
18462
18537
18662
18762
18862
18962
19050
19125
19175
19212
19225
19237
19225
19237
19225
19237
19225
19237
19225
19212
19175
19162
19125
19087
19075
19062
19025
18987
18950
18887
18825
18762
18725
18687
18662
18625
18587
18525
18487
18450
18437
18412
18387
18337
18312
18262
18225
18187
18175
18150
18112
18075
18037
18000
17962
17950
17937
17925
17925
17925
17925
17925
17925
17912
17900
17862
17850
17825
17800
17775
17750
17725
17712
17712
17700
17712
17700
17712
17712
17725
17712
17725
17712
17675
17662
17650
17650
17637
17650
17637
17625
17612
17625
17612
17625
17637
17650
17650
17650
17650
17675
17675
17675
17687
17675
17662
17650
17650
17637
17650
17637
17650
17637
17650
17637
17650
17637
17650
17637
17650
17637
17650
17637
17650
17650
17662
17675
17712
17725
17700
17700
17675
17650
17637
17625
17612
17600
17562
17550
17562
17550
17562
17600
17625
17662
17725
17800
17887
17975
18062
18162
18250
18325
18400
18462
18525
18587
18625
18662
18687
18725
18737
18775
18787
18800
18812
18850
18887
18925
18962
18975
18987
18975
18962
18950
18937
18900
18887
18875
18837
18800
18762
18687
18637
18587
18525
18487
18462
18437
18425
18437
18425
18412
18400
18387
18350
18312
18275
18200
18150
18112
18062
18037
18025
17987
17950
17912
17850
17812
17775
17762
17750
17762
17750
17762
17750
17762
17750
17737
17725
17712
17700
17687
17675
17637
17625
17600
17562
17550
17537
17525
17512
17525
17512
17500
17487
17475
17462
17450
17437
17425
17412
17400
17387
17400
17387
17375
17362
17350
17337
17325
17337
17325
17337
17325
17337
17325
17337
17325
17337
17325
17337
17325
17337
17325
17337
17312
17312
17287
17287
17287
17300
17312
17325
17312
17275
17275
17250
17225
17200
17200
17187
17175
17187
17200
17212
17225
17262
17300
17375
17450
17525
17612
17700
17775
17850
17912
17975
18037
18100
18150
18212
18275
18337
18400
18462
18500
18537
18575
18612
18637
18675
18712
18725
18737
18725
18737
18725
18712
18675
18662
18662
18650
18662
18675
18662
18662
18662
18662
18650
18662
18625
18625
18600
18587
18550
18525
18462
18400
18337
18275
18212
18137
18100
18050
18000
17950
17937
17900
17862
17825
17787
17750
17712
17700
17687
17700
17687
17700
17687
17700
17687
17675
17662
17650
17650
17637
17625
17587
17575
17537
17500
17487
17500
17487
17500
17512
17525
17512
17525
17512
17500
17487
17475
17462
17437
17412
17362
17337
17312
17300
17312
17325
17337
17350
17350
17350
17350
17350
17325
17337
17350
17350
17350
17375
17375
17375
17387
17400
17387
17400
17387
17400
17387
17400
17387
17400
17387
17400
17375
17375
17350
17350
17325
17337
17325
17337
17325
17337
17350
17387
17425
17487
17550
17612
17687
17775
17862
17950
18037
18112
18200
18287
18387
18450
18512
18562
18612
18637
18700
18762
18825
18862
18900
18937
18950
18962
18975
18987
18975
18987
19000
19000
19000
19000
18975
18950
18937
18900
18887
18875
18862
18850
18837
18825
18812
18775
18762
18750
18737
18725
18712
18700
18687
18662
18625
18575
18537
18500
18462
18425
18400
18337
18312
18275
18237
18200
18162
18125
18087
18050
18037
18025
17987
17950
17937
17900
17887
17875
17862
17850
17837
17800
17787
17775
17737
17725
17712
17675
17662
17650
17625
17612
17600
17562
17550
17537
17525
17512
17500
17487
17475
17462
17450
17462
17437
17450
17437
17425
17412
17412
17400
17375
17375
17350
17350
17350
17362
17375
17387
17400
17387
17400
17387
17375
17375
17400
17400
17400
17425
17412
17400
17412
17425
17437
17437
17437
17412
17412
17387
17400
17412
17425
17437
17450
17462
17450
17462
17450
17437
17425
17437
17425
17437
17475
17512
17550
17600
17662
17725
17787
17850
17925
18000
18075
18175
18275
18362
18450
18525
18587
18637
18675
18712
18750
18787
18800
18837
18850
18862
18850
18862
18850
18862
18850
18862
18850
18862
18850
18862
18850
18837
18825
18812
18775
18762
18750
18737
18725
18712
18700
18687
18662
18650
18637
18600
18562
18525
18462
18400
18337
18300
18250
18225
18200
18175
18137
18100
18037
18000
17962
17925
17887
17875
17837
17800
17762
17750
17712
17675
17662
17650
17650
17637
17625
17587
17550
17512
17475
17437
17425
17412
17375
17362
17350
17312
17275
17262
17225
17187
17175
17162
17162
17150
17162
17150
17137
17137
17137
17112
17112
17112
17100
17087
17100
17087
17100
17087
17100
17087
17100
17087
17100
17087
17112
17112
17112
17112
17137
17125
17137
17150
17162
17162
17187
17212
17237
17225
17250
17237
17237
17225
17250
17237
17262
17275
17300
17312
17350
17362
17387
17400
17425
17450
17500
17537
17600
17675
17750
17825
17912
18000
18075
18137
18212
18275
18337
18400
18475
18525
18575
18625
18662
18700
18737
18775
18812
18850
18862
18900
18912
18925
18912
18925
18912
18925
18912
18925
18937
18975
18987
19000
18987
18975
18937
18900
18862
18850
18812
18775
18737
18725
18687
18662
18625
18612
18575
18537
18500
18462
18425
18375
18350
18312
18300
18250
18212
18150
18125
18075
18050
18025
18025
18000
17987
17975
17962
17950
17937
17950
17937
17925
17912
17900
17850
17837
17812
17787
17762
17775
17750
17737
17700
17687
17650
17625
17587
17575
17537
17525
17512
17525
17512
17500
17487
17475
17437
17425
17412
17400
17387
17375
17362
17350
17337
17325
17337
17325
17337
17325
17337
17325
17337
17325
17337
17325
17337
17325
17337
17325
17337
17325
17337
17325
17312
17300
17287
17275
17262
17275
17262
17275
17262
17275
17262
17250
17237
17250
17237
17250
17262
17275
17287
17325
17362
17425
17487
17550
17600
17662
17725
17787
17850
17912
17987
18062
18125
18212
18300
18375
18462
18550
18612
18687
18762
18800
18850
18900
18925
18950
19000
19037
19050
19087
19100
19112
19100
19112
19100
19112
19100
19112
19100
19112
19125
19137
19125
19112
19100
19062
19025
19012
19000
18962
18950
18937
18900
18850
18825
18775
18725
18675
18637
18587
18550
18512
18475
18437
18400
18337
18275
18237
18187
18175
18150
18125
18100
18087
18075
18062
18075
18062
18075
18050
18025
18000
17975
17950
17937
17925
17887
17875
17837
17800
17762
17750
17712
17675
17662
17637
17625
17600
17600
17575
17562
17550
17537
17500
17500
17500
17475
17475
17475
17462
17437
17437
17412
17412
17387
17400
17387
17400
17412
17425
17437
17475
17487
17500
17512
17525
17537
17550
17562
17600
17612
17625
17637
17650
17637
17650
17637
17650
17650
17650
17650
17650
17650
17637
17650
17625
17625
17625
17625
17625
17637
17650
17650
17662
17675
17712
17725
17750
17775
17812
17862
17937
18000
18087
18175
18250
18325
18400
18462
18525
18587
18662
18737
18812
18887
18950
19012
19075
19112
19150
19187
19200
19212
19225
19237
19237
19250
19262
19275
19287
19275
19262
19250
19237
19212
19200
19187
19150
19112
19100
19062
19025
19012
18987
18962
18937
18937
18912
18900
18887
18875
18837
18825
18812
18775
18762
18737
18687
18625
18562
18487
18412
18362
18325
18287
18275
18262
18250
18237
18225
18212
18200
18200
18187
18175
18162
18150
18112
18100
18087
18050
18037
18025
18012
18000
17987
17975
17962
17950
17937
17950
17937
17950
17925
17925
17887
17875
17837
17812
17787
17775
17737
17725
17712
17675
17662
17650
17625
17612
17600
17587
17575
17587
17575
17587
17575
17562
17550
17537
17525
17512
17525
17512
17525
17512
17525
17512
17525
17512
17500
17487
17475
17462
17450
17462
17475
17487
17500
17512
17525
17512
17525
17512
17525
17537
17550
17562
17575
17587
17575
17562
17550
17537
17525
17512
17525
17512
17525
17537
17575
17600
17662
17737
17812
17887
17962
18037
18100
18150
18212
18287
18362
18437
18512
18587
18650
18750
18850
18950
19050
19112
19162
19187
19212
19225
19250
19262
19275
19287
19275
19287
19275
19262
19250
19237
19212
19200
19212
19200
19187
19175
19162
19125
19087
19075
19062
19025
19012
18987
18962
18937
18912
18862
18825
18787
18750
18700
18675
18650
18612
18562
18525
18462
18400
18325
18275
18225
18175
18137
18125
18087
18075
18062
18050
18012
18000
17962
17925
17912
17900
17887
17875
17862
17850
17825
17812
17800
17787
17750
17750
17712
17675
17662
17650
17625
17612
17600
17562
17525
17512
17475
17462
17450
17462
17450
17437
17425
17412
17400
17387
17400
17387
17400
17387
17400
17387
17375
17362
17350
17337
17325
17337
17325
17337
17325
17337
17325
17337
17325
17337
17325
17337
17350
17362
17350
17362
17350
17337
17325
17337
17325
17337
17325
17337
17325
17337
17325
17337
17325
17337
17325
17337
17325
17337
17325
17337
17325
17337
17350
17362
17375
17412
17450
17487
17550
17600
17662
17737
17812
17887
17962
18050
18112
18187
18262
18350
18425
18500
18575
18662
18737
18787
18837
18875
18912
18925
18962
19000
19012
19025
19037
19050
19037
19025
19012
19025
19012
19000
19012
19000
18987
18975
18987
18975
18962
18950
18937
18925
18912
18900
18887
18875
18837
18825
18837
18825
18837
18850
18837
18800
18787
18750
18712
18675
18637
18612
18575
18537
18500
18462
18400
18362
18325
18287
18275
18262
18225
18187
18175
18150
18112
18100
18112
18100
18087
18100
18087
18050
18037
18025
17987
17975
17962
17925
17887
17875
17862
17850
17837
17825
17787
17750
17712
17675
17662
17650
17625
17612
17600
17562
17525
17512
17475
17437
17425
17437
17425
17412
17425
17437
17425
17437
17450
17462
17450
17462
17450
17437
17425
17437
17425
17437
17450
17462
17450
17437
17425
17437
17425
17437
17450
17462
17450
17462
17450
17462
17475
17487
17500
17512
17525
17512
17500
17487
17475
17462
17450
17462
17450
17462
17475
17512
17550
17600
17662
17725
17800
17875
17962
18050
18125
18200
18287
18362
18450
18537
18625
18712
18800
18875
18950
19012
19075
19137
19187
19225
19262
19275
19287
19275
19287
19275
19262
19225
19212
19187
19175
19162
19150
19137
19125
19112
19100
19112
19100
19112
19100
19112
19100
19087
19075
19050
19000
18950
18900
18825
18787
18737
18687
18662
18637
18600
18562
18525
18462
18400
18362
18325
18312
18300
18312
18300
18287
18275
18262
18250
18237
18250
18237
18250
18237
18225
18212
18200
18200
18187
18175
18137
18125
18087
18050
18037
18012
17962
17937
17912
17887
17875
17862
17825
17812
17775
17737
17725
17712
17700
17687
17700
17687
17675
17662
17650
17625
17587
17575
17537
17525
17512
17525
17512
17525
17512
17525
17512
17500
17487
17475
17462
17450
17462
17450
17462
17450
17462
17450
17462
17450
17462
17450
17462
17450
17462
17475
17487
17475
17500
17500
17475
17475
17500
17475
17475
17500
17500
17475
17487
17500
17487
17500
17512
17525
17537
17550
17575
17612
17662
17712
17787
17850
17912
17975
18037
18100
18150
18225
18312
18412
18512
18612
18712
18800
18875
18950
19012
19075
19137
19187
19225
19237
19250
19237
19237
19225
19237
19225
19237
19225
19237
19225
19212
19200
19187
19150
19137
19125
19112
19100
19112
19100
19112
19100
19112
19100
19087
19050
19012
18950
18887
18825
18762
18700
18637
18587
18525
18462
18400
18337
18300
18262
18225
18187
18150
18125
18087
18050
18000
17975
17925
17900
17875
17887
17875
17862
17850
17837
17825
17812
17825
17812
17800
17787
17775
17737
17725
17712
17675
17637
17625
17587
17537
17512
17487
17462
17450
17437
17425
17412
17400
17387
17400
17375
17375
17350
17325
17300
17287
17275
17262
17250
17237
17225
17212
17200
17212
17200
17212
17200
17212
17200
17225
17275
17312
17325
17325
17312
17275
17250
17225
17237
17225
17212
17225
17225
17225
17250
17250
17250
17262
17275
17287
17300
17287
17300
17312
17300
17287
17300
17312
17325
17362
17425
17487
17550
17600
17662
17725
17800
17850
17912
17975
18037
18087
18150
18225
18300
18387
18475
18562
18625
18700
18762
18800
18837
18875
18887
18900
18912
18925
18912
18925
18912
18925
18912
18925
18912
18925
18912
18925
18912
18925
18912
18900
18887
18875
18862
18837
18837
18837
18825
18812
18812
18812
18787
18775
18762
18750
18737
18725
18712
18675
18662
18637
18600
18562
18525
18487
18437
18387
18337
18287
18237
18200
18175
18137
18125
18087
18050
18037
18050
18037
18025
18037
18025
18012
18000
18012
18000
17987
17975
17962
17950
17937
17925
17887
17875
17837
17825
17812
17825
17812
17800
17762
17750
17712
17675
17662
17650
17625
17612
17600
17587
17575
17562
17525
17512
17475
17437
17400
17362
17325
17275
17250
17225
17200
17150
17137
17112
17100
17087
17075
17037
17025
17012
17000
17012
17025
17037
17050
17062
17075
17087
17100
17087
17075
17062
17050
17037
17025
17012
17000
16987
16975
16962
16975
16962
16987
17012
17062
17100
17175
17237
17300
17362
17425
17500
17587
17675
17775
17875
17950
18025
18100
18150
18225
18300
18375
18450
18525
18587
18637
18700
18737
18750
18762
18775
18762
18775
18812
18825
18837
18850
18837
18825
18812
18775
18762
18750
18712
18700
18687
18687
18675
18662
18662
18650
18637
18625
18650
18625
18637
18625
18612
18587
18575
18537
18500
18462
18400
18325
18275
18225
18175
18137
18100
18062
18025
17987
17975
17962
17950
17937
17925
17912
17900
17887
17875
17862
17825
17812
17775
17762
17750
17737
17725
17712
17700
17687
17700
17687
17700
17687
17675
17637
17625
17600
17562
17525
17512
17475
17437
17425
17412
17400
17387
17375
17375
17375
17375
17375
17375
17362
17350
17312
17300
17287
17250
17237
17225
17187
17175
17162
17137
17125
17112
17075
17062
17050
17037
17025
17012
17000
16987
16975
16962
16950
16937
16950
16937
16950
16962
16975
16962
16950
16937
16925
16887
16875
16862
16850
16837
16850
16837
16850
16837
16850
16862
16900
16937
17012
17062
17112
17175
17237
17287
17375
17450
17525
17587
17675
17750
17825
17912
18012
18075
18137
18225
18275
18312
18375
18425
18462
18500
18537
18575
18587
18600
18637
18650
18637
18650
18637
18625
18612
18600
18600
18587
18575
18562
18575
18550
18575
18562
18575
18562
18550
18525
18500
18475
18437
18425
18387
18362
18312
18275
18212
18150
18100
18062
18025
17987
17975
17962
17950
17925
17925
17900
17875
17862
17862
17837
17812
17787
17725
17687
17650
17650
17637
17625
17587
17575
17537
17500
17487
17475
17462
17450
17437
17425
17412
17400
17387
17400
17387
17400
17375
17375
17350
17350
17325
17312
17300
17287
17250
17237
17225
17187
17175
17162
17162
17137
17150
17137
17125
17112
17112
17075
17062
17050
17012
17000
16987
16950
16950
16950
16925
16900
16900
16862
16850
16837
16825
16812
16800
16787
16775
16787
16775
16787
16775
16787
16775
16787
16775
16762
16750
16737
16725
16712
16725
16737
16775
16812
16887
16937
16987
17050
17100
17150
17225
17300
17362
17425
17487
17550
17637
17725
17812
17900
17975
18037
18100
18150
18212
18275
18337
18400
18437
18475
18487
18500
18487
18500
18487
18500
18487
18475
18462
18475
18462
18475
18487
18500
18487
18500
18487
18500
18487
18500
18487
18500
18512
18512
18512
18512
18512
18487
18500
18475
18475
18450
18450
18412
18387
18362
18325
18262
18212
18187
18150
18112
18075
18062
18025
18012
18000
17987
17975
17962
17925
17912
17900
17862
17850
17837
17825
17800
17800
17775
17775
17750
17737
17725
17712
17675
17662
17650
17625
17612
17600
17587
17575
17562
17525
17487
17425
17362
17325
17287
17275
17262
17275
17262
17250
17237
17225
17187
17175
17162
17137
17100
17087
17050
17037
17025
17037
17025
17037
17025
17037
17025
17037
17025
17012
17000
16987
16950
16937
16925
16912
16900
16912
16900
16887
16875
16887
16875
16862
16875
16862
16850
16837
16850
16837
16825
16812
16800
16787
16775
16787
16762
16762
16737
16737
16737
16775
16812
16850
16900
16950
17000
17050
17137
17212
17287
17362
17425
17500
17562
17637
17725
17812
17887
17975
18037
18087
18137
18162
18175
18200
18237
18250
18287
18325
18362
18375
18412
18450
18462
18475
18487
18500
18487
18475
18462
18475
18462
18475
18487
18475
18462
18450
18437
18425
18437
18425
18437
18425
18437
18425
18437
18425
18437
18425
18437
18425
18437
18425
18437
18425
18412
18375
18337
18300
18250
18225
18200
18175
18137
18100
18037
18000
17962
17925
17887
17887
17850
17812
17800
17812
17787
17800
17812
17800
17787
17775
17737
17725
17712
17700
17687
17700
17687
17700
17687
17700
17687
17675
17662
17650
17650
17637
17650
17637
17662
17637
17650
17637
17625
17612
17600
17562
17550
17537
17500
17462
17450
17412
17400
17387
17400
17387
17375
17362
17337
17312
17287
17262
17237
17225
17187
17150
17137
17112
17075
17062
17075
17062
17075
17087
17100
17087
17100
17075
17087
17075
17087
17075
17075
17062
17050
17012
17000
16987
16975
16962
16975
16962
16975
16962
16950
16950
16950
16925
16925
16925
16912
16900
16887
16875
16862
16825
16812
16800
16787
16775
16787
16775
16800
16800
16825
16825
16862
16887
16950
17012
17087
17162
17237
17312
17400
17487
17575
17675
17762
17837
17912
17987
18062
18125
18200
18275
18337
18375
18412
18450
18487
18525
18562
18600
18612
18625
18637
18662
18675
18687
18700
18712
18700
18712
18725
18712
18700
18687
18687
18687
18687
18662
18637
18587
18525
18462
18400
18325
18275
18225
18175
18162
18150
18137
18125
18137
18125
18137
18125
18137
18125
18112
18100
18087
18050
18012
18000
17962
17925
17887
17875
17837
17825
17812
17825
17812
17825
17837
17837
17837
17837
17837
17812
17825
17812
17825
17812
17800
17762
17725
17662
17625
17600
17562
17550
17537
17525
17512
17500
17487
17475
17437
17425
17412
17375
17362
17350
17337
17350
17362
17350
17362
17350
17337
17325
17337
17325
17312
17300
17287
17275
17250
17250
17225
17225
17200
17187
17175
17162
17162
17150
17162
17150
17137
17125
17112
17100
17087
17100
17087
17100
17087
17100
17087
17075
17062
17050
17037
17025
17037
17050
17087
17112
17175
17237
17300
17362
17425
17487
17550
17612
17687
17762
17850
17937
18012
18087
18150
18212
18275
18337
18400
18437
18487
18512
18550
18562
18600
18625
18662
18675
18687
18700
18712
18700
18687
18700
18712
18700
18712
18725
18737
18725
18737
18725
18737
18712
18712
18687
18687
18675
18687
18675
18687
18675
18662
18650
18637
18625
18600
18575
18550
18525
18462
18437
18412
18387
18350
18325
18275
18225
18150
18125
18087
18050
18037
18012
17987
17962
17937
17912
17900
17887
17875
17887
17875
17862
17825
17787
17750
17712
17675
17637
17625
17600
17587
17575
17587
17575
17562
17550
17537
17500
17487
17475
17437
17425
17412
17375
17362
17350
17312
17300
17287
17250
17237
17225
17212
17200
17187
17175
17162
17137
17125
17137
17112
17112
17100
17087
17075
17075
17075
17087
17100
17087
17075
17062
17050
17012
17000
17012
17000
16975
16987
16975
16962
16950
16975
16962
16950
16937
16925
16887
16875
16862
16850
16825
16825
16825
16825
16825
16837
16850
16862
16900
16937
17000
17062
17112
17187
17262
17337
17412
17487
17550
17600
17675
17750
17825
17900
17975
18037
18100
18150
18187
18225
18262
18300
18337
18400
18437
18487
18512
18550
18562
18600
18600
18625
18612
18625
18612
18637
18625
18650
18650
18675
18662
18687
18675
18687
18675
18662
18650
18637
18625
18612
18600
18562
18525
18462
18400
18337
18275
18212
18150
18100
18062
18025
17987
17950
17937
17900
17862
17850
17837
17825
17812
17825
17812
17825
17837
17850
17837
17850
17837
17825
17800
17800
17775
17750
17725
17712
17675
17662
17650
17650
17625
17625
17600
17600
17575
17562
17550
17537
17525
17512
17500
17462
17425
17362
17325
17287
17275
17250
17250
17225
17225
17200
17212
17200
17212
17200
17187
17175
17162
17137
17125
17100
17075
17050
17025
17000
17012
16987
16987
16987
16987
16962
16975
16962
16975
16962
16975
16962
16975
16962
16975
16962
16975
16950
16950
16925
16900
16875
16862
16825
16812
16800
16762
16750
16737
16725
16712
16700
16687
16700
16687
16700
16737
16775
16812
16875
16937
17000
17062
17125
17200
17275
17350
17425
17500
17562
17650
17737
17825
17900
17975
18037
18100
18150
18212
18275
18312
18350
18387
18425
18462
18487
18512
18537
18537
18512
18525
18512
18500
18487
18500
18487
18475
18462
18450
18437
18425
18437
18450
18462
18450
18437
18400
18337
18275
18237
18200
18175
18162
18150
18112
18075
18062
18025
17987
17950
17937
17887
17862
17837
17837
17812
17825
17812
17825
17812
17825
17800
17800
17775
17750
17725
17712
17700
17687
17700
17687
17675
17637
17600
17575
17562
17550
17537
17550
17537
17525
17512
17500
17487
17475
17462
17450
17462
17450
17437
17425
17412
17400
17387
17375
17362
17350
17337
17325
17312
17300
17287
17275
17262
17250
17250
17250
17250
17250
17275
17262
17250
17237
17225
17212
17200
17212
17200
17187
17150
17137
17112
17100
17087
17075
17062
17050
17037
17025
17037
17025
17037
17025
17037
17025
17037
17025
17037
17025
17037
17025
17012
17000
16987
16975
16962
16950
16937
16950
16937
16950
16962
16975
16962
16975
16962
16975
16987
17025
17062
17112
17175
17212
17262
17312
17362
17412
17487
17550
17625
17700
17775
17862
17937
18012
18087
18162
18237
18312
18387
18475
18550
18612
18687
18762
18800
18837
18850
18862
18875
18887
18900
18912
18925
18912
18925
18937
18950
18962
18975
18987
18975
18962
18925
18912
18900
18875
18875
18862
18850
18812
18787
18762
18750
18712
18675
18637
18587
18525
18462
18400
18362
18325
18287
18275
18262
18225
18187
18175
18150
18112
18100
18087
18050
18012
18000
17987
17975
17987
18000
18012
18000
18012
18000
18012
18000
18012
18000
18012
18000
17987
17975
17962
17950
17925
17925
17900
17900
17875
17862
17850
17837
17825
17812
17800
17762
17725
17687
17650
17625
17625
17625
17600
17600
17600
17562
17525
17487
17450
17412
17400
17387
17375
17362
17350
17312
17300
17287
17250
17237
17225
17212
17200
17212
17200
17187
17175
17162
17162
17150
17162
17150
17162
17150
17162
17150
17137
17125
17112
17100
17075
17075
17050
17050
17050
17087
17125
17175
17237
17300
17362
17412
17487
17550
17625
17700
17775
17850
17912
17975
18050
18112
18200
18287
18375
18450
18525
18587
18637
18700
18737
18775
18812
18850
18862
18900
18937
18975
18987
19025
19025
19037
19050
19062
19050
19075
19062
19050
19037
19050
19037
19025
19025
19025
19025
19012
19025
19000
18975
18950
18937
18900
18862
18825
18762
18725
18687
18650
18625
18600
18537
18475
18425
18350
18300
18262
18225
18212
18200
18200
18175
18175
18150
18150
18125
18137
18125
18112
18100
18087
18075
18062
18050
18037
18025
17987
17975
17950
17925
17900
17875
17850
17837
17800
17787
17775
17737
17725
17712
17700
17687
17675
17662
17650
17650
17637
17650
17637
17625
17612
17600
17562
17525
17512
17475
17437
17425
17412
17400
17387
17375
17362
17350
17337
17325
17337
17312
17312
17287
17287
17262
17275
17262
17250
17237
17225
17212
17200
17187
17175
17162
17162
17150
17162
17137
17137
17137
17137
17137
17137
17137
17112
17087
17062
17050
17012
17000
16987
16975
16962
16975
16962
16975
16962
16975
16987
17000
17012
17050
17087
17112
17175
17212
17275
17337
17400
17462
17550
17612
17687
17762
17837
17912
17975
18037
18100
18150
18212
18275
18350
18425
18475
18537
18600
18637
18662
18725
18775
18825
18887
18950
19000
19050
19075
19087
19125
19137
19150
19162
19175
19162
19175
19162
19175
19162
19175
19162
19175
19162
19175
19162
19175
19162
19175
19187
19200
19187
19200
19187
19150
19112
19075
19037
18987
18937
18912
18887
18837
18800
18762
18700
18637
18612
18575
18537
18525
18512
18500
18512
18525
18537
18550
18562
18550
18562
18550
18562
18537
18537
18512
18512
18487
18475
18437
18425
18387
18350
18337
18325
18312
18300
18312
18300
18287
18275
18262
18250
18225
18225
18200
18175
18137
18100
18062
18025
17987
17975
17962
17925
17887
17875
17837
17800
17787
17775
17762
17737
17737
17700
17687
17650
17650
17625
17625
17600
17575
17525
17487
17450
17412
17400
17387
17375
17362
17350
17337
17325
17337
17325
17312
17312
17312
17287
17262
17262
17225
17187
17175
17162
17162
17137
17137
17112
17112
17087
17100
17112
17137
17175
17250
17325
17400
17475
17550
17600
17675
17750
17825
17900
17987
18062
18125
18212
18300
18375
18450
18525
18587
18637
18700
18762
18825
18862
18912
18937
18962
18987
19012
19025
19062
19075
19087
19100
19112
19100
19087
19075
19062
19050
19037
19062
19050
19062
19050
19062
19037
19050
19037
19050
19037
19025
19012
19000
18987
18975
18987
18975
18962
18950
18925
18900
18875
18850
18825
18812
18775
18737
18700
18637
18612
18575
18537
18500
18462
18400
18362
18325
18287
18275
18262
18250
18237
18250
18237
18225
18212
18200
18200
18187
18200
18187
18175
18162
18150
18137
18112
18112
18075
18062
18025
18000
17975
17962
17950
17937
17950
17937
17950
17937
17950
17937
17950
17937
17950
17937
17950
17937
17925
17912
17900
17887
17875
17862
17850
17837
17825
17812
17825
17812
17825
17812
17825
17812
17825
17800
17812
17800
17812
17800
17825
17812
17825
17812
17787
17775
17762
17725
17712
17712
17700
17675
17675
17650
17650
17637
17625
17625
17625
17600
17600
17600
17562
17550
17537
17500
17487
17475
17462
17450
17462
17475
17487
17500
17537
17575
17600
17662
17737
17812
17887
17962
18037
18100
18187
18275
18362
18450
18525
18587
18662
18737
18812
18887
18950
19012
19075
19137
19187
19250
19287
19325
19362
19375
19387
19400
19412
19425
19437
19450
19487
19500
19512
19550
19587
19587
19612
19612
19612
19587
19612
19612
19612
19612
19612
19600
19587
19600
19587
19575
19537
19500
19425
19350
19275
19200
19137
19100
19062
19025
19012
19000
18962
18950
18937
18925
18912
18900
18887
18875
18837
18800
18787
18750
18712
18712
18712
18687
18687
18687
18662
18650
18637
18625
18612
18625
18612
18600
18600
18587
18575
18562
18575
18550
18562
18550
18537
18500
18487
18450
18437
18425
18437
18425
18412
18412
18412
18375
18375
18375
18362
18350
18337
18325
18312
18275
18262
18262
18250
18237
18250
18237
18225
18212
18200
18200
18187
18175
18162
18175
18162
18175
18187
18175
18162
18175
18150
18150
18175
18175
18150
18137
18100
18062
18050
18025
18000
18000
18000
17975
17987
18000
18012
18025
18062
18100
18162
18237
18312
18387
18462
18537
18600
18675
18762
18825
18875
18937
19000
19050
19125
19187
19250
19312
19375
19450
19525
19600
19650
19700
19725
19750
19775
19787
19787
19812
19812
19787
19812
19812
19787
19787
19787
19775
19762
19775
19787
19800
19812
19850
19862
19875
19887
19900
19875
19875
19850
19850
19825
19837
19825
19837
19825
19812
19775
19762
19725
19725
19712
19700
19662
19612
19562
19512
19462
19412
19400
19362
19325
19287
19250
19212
19187
19150
19112
19100
19062
19050
19037
19025
19012
19000
18962
18950
18937
18887
18862
18825
18787
18750
18725
18700
18687
18662
18625
18612
18575
18537
18525
18512
18475
18437
18425
18387
18350
18337
18350
18325
18325
18325
18325
18300
18287
18250
18237
18225
18237
18250
18287
18300
18312
18300
18287
18250
18212
18175
18150
18137
18125
18137
18125
18112
18075
18037
18000
17950
17925
17900
17900
17875
17887
17900
17937
17975
18037
18100
18150
18225
18300
18387
18475
18562
18625
18700
18762
18825
18887
18950
19012
19075
19137
19187
19250
19325
19400
19475
19550
19625
19662
19700
19725
19762
19775
19812
19825
19837
19825
19837
19825
19850
19850
19875
19875
19875
19862
19837
19812
19787
19787
19762
19775
19762
19775
19762
19750
19737
19725
19700
19662
19625
19562
19500
19462
19425
19387
19350
19337
19300
19262
19225
19187
19162
19112
19062
19037
19012
18962
18950
18937
18925
18912
18925
18912
18925
18912
18925
18912
18925
18912
18900
18862
18850
18812
18800
18787
18775
18762
18750
18737
18725
18712
18700
18687
18687
18675
18662
18650
18637
18600
18562
18550
18512
18475
18462
18450
18437
18412
18412
18387
18387
18362
18350
18337
18325
18312
18300
18287
18250
18237
18200
18200
18187
18175
18162
18150
18137
18125
18137
18150
18162
18175
18187
18175
18162
18175
18162
18150
18162
18137
18112
18087
18062
18037
18025
18012
18000
18012
18000
18012
18000
18012
18000
18012
18000
18012
18025
18062
18100
18175
18250
18337
18425
18512
18600
18712
18812
18912
19000
19075
19137
19187
19262
19337
19412
19487
19562
19600
19637
19675
19700
19737
19800
19837
19875
19887
19900
19912
19925
19912
19925
19937
19925
19937
19950
19937
19925
19912
19900
19887
19900
19887
19900
19887
19875
19862
19850
19837
19825
19812
19800
19787
19775
19762
19750
19737
19725
19700
19687
19675
19637
19600
19562
19500
19437
19375
19312
19250
19187
19137
19075
19012
18950
18887
18825
18787
18750
18737
18725
18737
18725
18712
18700
18687
18687
18687
18687
18662
18637
18587
18550
18512
18500
18487
18475
18475
18475
18475
18462
18475
18450
18450
18425
18437
18425
18412
18375
18362
18325
18312
18300
18312
18300
18312
18300
18312
18300
18312
18300
18312
18300
18312
18300
18312
18300
18312
18300
18287
18275
18262
18250
18237
18225
18225
18225
18225
18225
18250
18237
18250
18237
18250
18237
18250
18237
18250
18237
18250
18237
18225
18212
18200
18200
18200
18212
18200
18212
18225
18237
18275
18350
18425
18500
18575
18650
18725
18800
18875
18950
19012
19075
19137
19187
19250
19312
19375
19437
19500
19562
19625
19675
19737
19800
19862
19925
19987
20050
20087
20125
20162
20200
20212
20225
20237
20225
20212
20200
20212
20225
20237
20225
20212
20200
20162
20150
20137
20125
20112
20100
20062
20050
20037
20000
19962
19950
19912
19900
19887
19875
19837
19800
19725
19650
19587
19512
19437
19362
19287
19212
19162
19112
19062
19012
18987
18937
18925
18887
18875
18862
18850
18837
18850
18862
18850
18862
18850
18862
18850
18837
18800
18787
18750
18712
18700
18687
18687
18675
18687
18675
18662
18650
18662
18637
18637
18637
18637
18612
18600
18587
18575
18562
18550
18537
18525
18537
18525
18537
18537
18537
18512
18487
18462
18450
18437
18425
18437
18425
18437
18412
18412
18387
18387
18362
18375
18387
18387
18387
18387
18387
18362
18375
18350
18350
18325
18325
18300
18312
18300
18287
18275
18262
18250
18237
18225
18212
18200
18200
18200
18237
18275
18337
18400
18462
18525
18587
18675
18762
18850
18937
19025
19100
19162
19237
19312
19375
19437
19512
19587
19662
19725
19800
19862
19925
19975
20050
20112
20150
20187
20200
20212
20200
20225
20225
20225
20225
20250
20237
20250
20262
20275
20262
20275
20262
20275
20262
20275
20262
20250
20237
20225
20212
20200
20187
20150
20137
20100
20062
20025
20012
19975
19937
19900
19850
19775
19700
19625
19562
19500
19437
19375
19312
19250
19212
19187
19150
19112
19075
19037
19000
18962
18950
18925
18900
18875
18850
18800
18787
18737
18712
18687
18687
18675
18687
18675
18662
18650
18637
18600
18587
18575
18562
18550
18562
18575
18575
18575
18575
18575
18550
18537
18525
18512
18500
18487
18500
18487
18475
18462
18450
18437
18425
18437
18412
18425
18412
18425
18412
18437
18450
18450
18450
18437
18425
18387
18400
18375
18387
18375
18387
18362
18375
18362
18375
18362
18375
18362
18375
18362
18350
18337
18325
18287
18275
18262
18250
18237
18225
18225
18225
18225
18225
18250
18237
18225
18212
18225
18212
18200
18212
18225
18212
18225
18237
18250
18275
18300
18325
18375
18437
18487
18562
18625
18700
18762
18825
18900
19000
19087
19187
19287
19375
19437
19500
19575
19650
19737
19837
19937
20025
20112
20187
20262
20312
20362
20400
20412
20425
20437
20450
20437
20450
20462
20475
20462
20475
20462
20425
20387
20387
20362
20337
20312
20312
20275
20250
20212
20175
20112
20050
20012
19962
19912
19862
19812
19737
19675
19650
19612
19575
19537
19525
19487
19450
19437
19425
19387
19375
19362
19325
19312
19300
19287
19275
19287
19262
19262
19237
19212
19200
19187
19175
19162
19150
19137
19125
19087
19075
19062
19025
18987
18975
18937
18900
18862
18850
18812
18775
18762
18750
18737
18725
18712
18700
18687
18662
18650
18637
18600
18562
18550
18512
18500
18487
18500
18487
18500
18487
18475
18462
18450
18412
18400
18387
18375
18362
18350
18337
18325
18312
18300
18325
18325
18325
18325
18325
18287
18275
18287
18275
18262
18275
18262
18250
18237
18225
18212
18225
18212
18200
18212
18200
18200
18187
18175
18137
18125
18087
18075
18087
18100
18125
18150
18187
18212
18262
18300
18362
18400
18462
18537
18612
18700
18787
18875
18950
19012
19075
19137
19187
19250
19312
19387
19462
19537
19612
19675
19712
19762
19787
19812
19812
19837
19850
19862
19875
19887
19900
19887
19900
19887
19900
19887
19875
19862
19850
19812
19775
19737
19675
19625
19587
19550
19512
19500
19487
19450
19412
19362
19312
19262
19200
19150
19125
19050
19000
18962
18925
18887
18862
18812
18787
18762
18712
18700
18675
18675
18662
18650
18637
18637
18600
18587
18575
18562
18550
18562
18550
18562
18550
18562
18550
18525
18512
18500
18462
18450
18450
18437
18425
18437
18425
18412
18400
18387
18375
18362
18350
18337
18325
18312
18300
18287
18275
18262
18250
18237
18250
18237
18262
18250
18262
18250
18262
18237
18250
18237
18225
18212
18225
18212
18200
18212
18200
18200
18187
18200
18187
18200
18187
18200
18187
18200
18187
18200
18187
18200
18187
18175
18162
18150
18137
18125
18137
18125
18150
18150
18150
18150
18175
18162
18150
18162
18150
18137
18125
18137
18112
18112
18087
18087
18050
18062
18037
18050
18062
18112
18125
18175
18212
18237
18262
18312
18362
18412
18487
18562
18625
18700
18762
18825
18887
18950
19012
19075
19137
19175
19212
19250
19275
19300
19350
19412
19437
19500
19537
19575
19600
19650
19662
19700
19725
19750
19775
19800
19825
19850
19875
19900
19925
19912
19925
19912
19900
19887
19875
19862
19850
19812
19775
19762
19725
19725
19712
19700
19687
19662
19637
19612
19587
19537
19500
19425
19350
19275
19200
19137
19075
19012
18950
18887
18825
18762
18725
18687
18662
18650
18637
18600
18587
18575
18537
18525
18512
18475
18462
18450
18437
18425
18437
18425
18412
18400
18387
18375
18362
18350
18337
18325
18312
18300
18287
18275
18262
18250
18237
18250
18237
18250
18237
18225
18212
18200
18200
18187
18200
18187
18212
18212
18212
18212
18225
18225
18225
18250
18237
18250
18237
18250
18237
18225
18225
18225
18200
18212
18212
18200
18187
18200
18187
18200
18187
18200
18200
18212
18200
18225
18225
18225
18212
18237
18225
18237
18225
18250
18237
18250
18237
18250
18237
18250
18237
18250
18237
18250
18237
18225
18212
18200
18200
18175
18175
18150
18150
18125
18112
18100
18112
18125
18150
18212
18275
18337
18400
18475
18550
18612
18700
18787
18862
18925
19012
19075
19137
19187
19250
19312
19375
19437
19500
19562
19625
19662
19700
19712
19725
19712
19725
19725
19737
19725
19737
19750
19737
19725
19712
19675
19650
19612
19600
19587
19600
19587
19575
19537
19525
19487
19475
19462
19450
19437
19425
19412
19400
19387
19375
19362
19325
19287
19250
19187
19137
19075
19012
18950
18912
18875
18837
18800
18762
18700
18637
18612
18575
18537
18525
18512
18500
18487
18500
18487
18500
18487
18500
18487
18500
18487
18500
18487
18500
18487
18475
18437
18425
18387
18375
18362
18375
18362
18375
18362
18375
18362
18375
18362
18375
18362
18375
18362
18375
18362
18375
18362
18375
18387
18400
18412
18425
18437
18425
18437
18425
18437
18425
18450
18450
18475
18475
18500
18487
18500
18487
18500
18487
18500
18487
18475
18462
18475
18462
18475
18487
18475
18462
18475
18462
18450
18475
18475
18475
18475
18500
18487
18500
18487
18500
18487
18500
18487
18500
18487
18500
18512
18525
18550
18600
18637
18700
18800
18887
18975
19062
19137
19212
19300
19400
19500
19587
19662
19737
19800
19862
19925
19962
20012
20075
20112
20150
20212
20237
20250
20275
20300
20325
20350
20362
20375
20362
20325
20312
20275
20250
20237
20225
20187
20150
20112
20075
20037
20000
19950
19900
19825
19750
19675
19625
19562
19487
19412
19337
19287
19237
19212
19175
19162
19125
19087
19075
19062
19025
18987
18975
18937
18925
18912
18900
18887
18875
18862
18875
18887
18875
18887
18875
18862
18850
18862
18850
18862
18850
18837
18800
18787
18750
18712
18700
18687
18687
18675
18662
18650
18637
18625
18637
18650
18637
18650
18625
18600
18575
18575
18575
18587
18575
18587
18575
18562
18550
18562
18575
18587
18600
18637
18650
18662
18675
18687
18675
18687
18675
18687
18675
18687
18675
18687
18675
18687
18675
18687
18675
18687
18687
18700
18712
18750
18787
18825
18887
18950
19012
19075
19150
19250
19350
19450
19562
19637
19712
19787
19862
19925
19987
20025
20075
20125
20175
20237
20325
20400
20450
20487
20525
20537
20550
20562
20575
20562
20575
20562
20575
20562
20550
20537
20525
20487
20475
20450
20425
20387
20375
20337
20312
20287
20262
20250
20225
20225
20200
20187
20175
20162
20125
20087
20075
20025
20000
19975
19950
19875
19837
19750
19662
19587
19525
19437
19375
19312
19250
19187
19137
19100
19062
19050
19037
19025
19012
18987
18962
18937
18937
18912
18900
18887
18875
18862
18837
18837
18812
18812
18787
18800
18787
18775
18762
18775
18750
18750
18737
18725
18687
18687
18675
18662
18650
18637
18625
18612
18600
18587
18562
18550
18537
18550
18562
18587
18600
18637
18650
18637
18650
18637
18625
18612
18625
18612
18625
18612
18625
18612
18600
18587
18575
18575
18575
18575
18575
18575
18562
18550
18562
18550
18562
18550
18537
18525
18512
18500
18487
18500
18487
18475
18462
18475
18487
18525
18587
18637
18712
18787
18875
18962
19050
19125
19212
19287
19362
19450
19525
19600
19662
19737
19812
19900
19987
20075
20162
20212
20250
20275
20287
20300
20312
20325
20337
20350
20362
20375
20387
20375
20387
20375
20387
20375
20387
20375
20362
20350
20337
20325
20300
20275
20250
20225
20187
20150
20112
20075
20037
20000
19962
19925
19862
19800
19737
19675
19625
19562
19500
19462
19412
19362
19312
19262
19187
19162
19125
19087
19075
19050
19025
19000
19000
18975
18962
18950
18937
18900
18862
18825
18762
18725
18687
18662
18650
18637
18625
18612
18600
18562
18550
18512
18500
18487
18475
18462
18475
18462
18450
18437
18425
18387
18375
18362
18375
18350
18350
18325
18325
18300
18312
18300
18312
18300
18312
18325
18337
18350
18362
18375
18362
18375
18362
18375
18362
18350
18337
18350
18337
18325
18337
18350
18337
18350
18362
18350
18337
18325
18287
18275
18262
18250
18237
18250
18262
18300
18337
18400
18462
18525
18587
18637
18712
18800
18887
18975
19062
19137
19212
19287
19362
19450
19525
19600
19662
19750
19825
19900
19975
20025
20062
20100
20112
20125
20137
20162
20150
20162
20150
20162
20137
20150
20162
20162
20137
20112
20087
20025
19975
19950
19925
19900
19887
19900
19887
19875
19862
19850
19812
19762
19737
19687
19650
19587
19537
19462
19387
19312
19275
19237
19212
19200
19187
19150
19112
19100
19062
19025
19012
19000
18962
18950
18937
18925
18912
18900
18887
18875
18862
18850
18862
18837
18837
18812
18812
18787
18800
18787
18775
18762
18737
18712
18687
18650
18637
18625
18587
18550
18550
18512
18500
18487
18475
18437
18425
18387
18375
18362
18375
18362
18350
18337
18325
18287
18275
18262
18250
18262
18275
18287
18300
18287
18275
18262
18250
18237
18250
18237
18250
18262
18275
18287
18300
18312
18325
18362
18400
18462
18525
18587
18637
18700
18775
18850
18937
19025
19112
19200
19287
19362
19450
19525
19600
19662
19737
19800
19862
19925
19987
20050
20112
20175
20212
20250
20275
20300
20287
20300
20300
20300
20275
20262
20250
20225
20212
20200
20212
20200
20212
20200
20212
20225
20250
20262
20275
20262
20250
20212
20187
20162
20137
20112
20100
20062
20025
19987
19925
19862
19800
19737
19675
19625
19587
19537
19487
19437
19387
19312
19250
19212
19187
19150
19112
19100
19050
19025
19000
19000
18975
18962
18925
18912
18875
18862
18850
18837
18825
18800
18775
18750
18750
18725
18712
18675
18662
18637
18600
18587
18575
18537
18500
18487
18450
18412
18375
18362
18325
18312
18300
18287
18275
18262
18250
18237
18225
18212
18200
18200
18187
18200
18187
18200
18187
18200
18187
18175
18137
18125
18087
18050
18037
18025
18012
18000
18012
18000
18012
18000
18012
18025
18037
18050
18062
18075
18050
18050
18025
18025
18000
17987
17975
17962
17950
17962
17975
17987
18025
18062
18100
18150
18212
18275
18350
18437
18525
18600
18700
18787
18862
18937
19012
19075
19137
19212
19287
19375
19462
19537
19612
19675
19750
19825
19900
19975
20050
20087
20125
20162
20200
20212
20250
20275
20287
20300
20312
20300
20287
20275
20250
20237
20225
20187
20175
20162
20125
20087
20050
20012
19975
19937
19900
19862
19800
19737
19675
19625
19562
19487
19437
19387
19337
19287
19275
19237
19212
19200
19187
19150
19112
19075
19037
19000
18962
18950
18937
18900
18887
18875
18862
18850
18837
18825
18812
18800
18787
18800
18787
18800
18787
18775
18737
18700
18637
18612
18575
18537
18525
18512
18475
18462
18450
18437
18425
18437
18425
18412
18400
18412
18400
18387
18375
18362
18325
18287
18275
18262
18225
18225
18225
18200
18200
18187
18175
18150
18150
18150
18162
18150
18162
18150
18112
18100
18087
18050
18037
18025
17987
17975
17962
17950
17937
17950
17962
18000
18037
18100
18150
18212
18275
18337
18412
18487
18562
18650
18737
18825
18925
19012
19100
19175
19250
19312
19387
19462
19537
19612
19675
19737
19800
19862
19925
19987
20025
20062
20075
20087
20100
20112
20125
20137
20150
20137
20150
20137
20125
20112
20100
20087
20075
20087
20075
20087
20075
20062
20025
20012
19975
19937
19900
19850
19800
19750
19700
19662
19625
19562
19500
19437
19375
19312
19250
19212
19187
19175
19162
19150
19137
19125
19112
19100
19112
19100
19112
19100
19087
19075
19062
19025
18987
18975
18937
18900
18887
18875
18837
18825
18812
18800
18787
18775
18762
18750
18737
18725
18737
18725
18712
18675
18662
18625
18600
18575
18550
18525
18537
18525
18512
18525
18512
18500
18512
18525
18537
18550
18562
18537
18537
18512
18512
18487
18500
18475
18475
18450
18450
18425
18437
18425
18412
18400
18387
18375
18362
18350
18337
18325
18312
18300
18312
18300
18287
18275
18287
18275
18287
18325
18362
18400
18475
18550
18612
18687
18775
18862
18962
19062
19150
19237
19312
19375
19450
19525
19600
19662
19737
19812
19887
19950
20037
20087
20125
20137
20150
20137
20150
20137
20150
20137
20150
20137
20150
20137
20125
20125
20125
20125
20125
20112
20087
20087
20062
20062
20075
20087
20075
20062
20050
20037
20000
19962
19925
19862
19800
19737
19675
19625
19587
19537
19487
19462
19425
19387
19350
19337
19300
19275
19225
19187
19137
19100
19062
19050
19037
19050
19037
19025
19012
19000
18987
18975
18962
18950
18937
18925
18912
18900
18887
18875
18837
18825
18812
18775
18737
18700
18662
18637
18625
18612
18625
18612
18600
18587
18600
18587
18575
18587
18575
18537
18525
18512
18475
18462
18450
18412
18400
18387
18350
18337
18325
18312
18325
18337
18350
18362
18350
18337
18350
18337
18350
18362
18350
18337
18325
18312
18300
18312
18300
18287
18275
18287
18275
18287
18325
18337
18350
18362
18375
18362
18375
18362
18375
18362
18375
18387
18400
18412
18450
18487
18525
18587
18662
18750
18837
18937
19025
19112
19212
19325
19400
19487
19575
19650
19725
19825
19912
19987
20050
20112
20150
20187
20225
20225
20225
20250
20250
20250
20262
20275
20262
20250
20237
20225
20212
20200
20187
20175
20162
20150
20137
20150
20137
20125
20112
20100
20062
20025
20012
19975
19937
19925
19900
19875
19850
19825
19775
19762
19725
19687
19637
19587
19512
19425
19375
19325
19275
19225
19187
19137
19100
19050
19025
19000
18975
18950
18937
18900
18887
18875
18862
18850
18837
18837
18837
18812
18812
18812
18800
18787
18775
18762
18737
18712
18687
18687
18675
18687
18675
18662
18650
18637
18625
18612
18625
18612
18625
18612
18600
18587
18575
18537
18500
18487
18437
18412
18412
18412
18412
18425
18412
18412
18412
18387
18362
18362
18325
18312
18300
18312
18300
18312
18300
18312
18287
18287
18262
18275
18262
18262
18237
18212
18175
18150
18112
18075
18037
18012
18012
18037
18087
18150
18212
18275
18350
18437
18525
18625
18737
18837
18925
19000
19087
19150
19225
19300
19375
19437
19500
19562
19625
19662
19700
19725
19737
19750
19787
19800
19812
19825
19837
19825
19837
19825
19837
19825
19837
19825
19812
19800
19787
19775
19762
19750
19737
19725
19700
19687
19675
19662
19637
19637
19612
19612
19587
19575
19562
19550
19512
19500
19487
19437
19375
19312
19225
19137
19075
19012
18950
18887
18825
18787
18750
18712
18675
18662
18637
18625
18600
18600
18575
18550
18525
18512
18500
18487
18500
18475
18475
18450
18450
18425
18437
18412
18387
18362
18362
18337
18350
18362
18350
18312
18300
18262
18225
18187
18175
18175
18162
18150
18162
18150
18137
18125
18137
18125
18137
18150
18150
18150
18150
18150
18150
18150
18150
18150
18150
18125
18150
18150
18150
18162
18175
18150
18150
18175
18162
18150
18162
18150
18137
18125
18137
18125
18137
18125
18137
18125
18137
18112
18112
18087
18087
18062
18050
18037
18025
17987
17975
17962
17950
17937
17950
17962
18000
18037
18100
18175
18275
18400
18512
18637
18762
18875
18962
19062
19150
19250
19337
19425
19500
19562
19625
19675
19737
19800
19862
19925
19987
20025
20062
20100
20112
20125
20137
20125
20112
20100
20087
20075
20087
20075
20062
20050
20037
20025
20012
20000
19962
19950
19912
19875
19837
19825
19787
19737
19712
19687
19650
19600
19587
19537
19475
19437
19387
19337
19300
19275
19225
19187
19137
19075
19012
18950
18912
18875
18862
18850
18837
18800
18787
18750
18712
18675
18662
18637
18600
18562
18550
18512
18475
18462
18450
18412
18400
18387
18350
18312
18275
18237
18200
18175
18162
18175
18162
18150
18162
18137
18125
18087
18087
18050
18025
18000
17987
17962
17950
17962
17937
17925
17912
17887
17862
17837
17837
17812
17825
17812
17825
17812
17825
17812
17837
17837
17837
17837
17837
17837
17837
17862
17862
17862
17850
17837
17800
17787
17775
17762
17750
17762
17750
17762
17750
17762
17775
17787
17800
17837
17875
17912
17975
18037
18100
18150
18212
18275
18337
18400
18462
18537
18600
18675
18750
18825
18887
18962
19037
19112
19162
19212
19262
19312
19362
19437
19475
19512
19525
19537
19550
19587
19600
19637
19650
19662
19650
19662
19650
19637
19625
19612
19600
19587
19575
19562
19550
19512
19500
19512
19500
19512
19525
19537
19525
19537
19525
19512
19500
19487
19450
19412
19375
19312
19250
19212
19175
19125
19075
19025
18950
18887
18825
18762
18700
18637
18587
18550
18512
18500
18487
18475
18462
18450
18412
18400
18387
18350
18312
18275
18237
18200
18175
18162
18150
18137
18125
18112
18100
18087
18037
18012
17987
17937
17912
17900
17887
17875
17862
17850
17837
17825
17812
17825
17837
17850
17862
17875
17862
17850
17837
17800
17800
17800
17800
17800
17825
17812
17825
17812
17825
17812
17825
17837
17850
17837
17850
17837
17825
17812
17825
17812
17800
17787
17775
17762
17750
17762
17750
17762
17750
17762
17775
17787
17800
17837
17875
17912
17975
18037
18100
18150
18225
18312
18400
18487
18575
18662
18737
18812
18900
18975
19062
19137
19225
19300
19375
19437
19500
19562
19600
19637
19675
19687
19700
19725
19762
19775
19812
19850
19862
19875
19887
19900
19887
19875
19862
19850
19837
19825
19837
19825
19812
19775
19762
19725
19700
19650
19625
19575
19512
19450
19400
19325
19250
19187
19137
19100
19050
19025
19000
18975
18925
18912
18875
18862
18850
18837
18825
18812
18800
18787
18775
18762
18750
18712
18675
18662
18637
18600
18587
18575
18537
18500
18450
18400
18350
18300
18250
18212
18175
18150
18112
18100
18087
18050
18037
18025
17987
17975
17962
17925
17887
17850
17825
17800
17762
17750
17737
17712
17687
17700
17687
17700
17687
17700
17687
17675
17662
17650
17650
17637
17625
17612
17625
17612
17625
17637
17650
17637
17650
17637
17650
17650
17662
17675
17675
17687
17675
17687
17700
17750
17787
17850
17912
17975
18037
18100
18162
18212
18287
18362
18462
18550
18675
18775
18875
18950
19012
19075
19137
19212
19287
19375
19462
19537
19612
19675
19737
19800
19862
19925
19950
19975
20000
20025
20025
20062
20075
20087
20075
20087
20075
20087
20075
20087
20075
20087
20075
20087
20075
20062
20025
19987
19950
19912
19875
19862
19837
19812
19787
19762
19712
19675
19625
19562
19500
19425
19350
19275
19200
19137
19075
19012
18950
18887
18850
18812
18775
18737
18725
18687
18662
18650
18637
18600
18587
18575
18562
18550
18562
18550
18537
18500
18462
18425
18387
18350
18312
18300
18262
18250
18237
18225
18212
18187
18175
18150
18125
18100
18087
18050
18037
18025
17987
17975
17962
17925
17887
17875
17837
17825
17812
17800
17787
17775
17737
17725
17700
17675
17650
17650
17637
17650
17625
17625
17625
17625
17600
17612
17600
17587
17575
17587
17575
17587
17600
17612
17625
17650
17662
17675
17687
17700
17687
17675
17662
17650
17625
17612
17625
17612
17625
17650
17687
17700
17750
17800
17850
17900
17975
18037
18100
18150
18212
18287
18362
18437
18525
18600
18675
18750
18825
18887
18950
19025
19100
19187
19275
19337
19400
19450
19500
19550
19625
19662
19675
19687
19675
19662
19650
19662
19650
19637
19625
19612
19600
19587
19575
19562
19550
19512
19475
19462
19425
19387
19375
19362
19325
19287
19250
19187
19125
19050
18975
18900
18825
18762
18700
18637
18587
18550
18512
18475
18437
18425
18387
18350
18312
18275
18237
18200
18175
18137
18125
18087
18075
18062
18050
18037
18025
17987
17950
17937
17900
17862
17850
17825
17800
17800
17800
17775
17787
17775
17762
17750
17737
17700
17687
17650
17625
17612
17600
17587
17575
17562
17525
17512
17475
17462
17450
17462
17450
17475
17462
17475
17462
17475
17450
17462
17450
17462
17450
17462
17450
17462
17437
17437
17437
17437
17437
17450
17462
17450
17462
17475
17475
17475
17500
17500
17500
17512
17525
17512
17525
17537
17575
17600
17637
17675
17712
17725
17737
17787
17837
17900
17987
18075
18137
18225
18312
18400
18487
18575
18637
18700
18762
18837
18925
19012
19100
19175
19225
19262
19300
19337
19375
19437
19475
19512
19525
19537
19550
19562
19575
19587
19600
19587
19600
19587
19600
19587
19600
19587
19575
19562
19550
19512
19475
19462
19412
19362
19312
19262
19187
19125
19050
18975
18900
18825
18762
18687
18637
18600
18537
18500
18475
18450
18425
18412
18375
18337
18275
18237
18200
18200
18187
18175
18162
18150
18112
18100
18087
18075
18050
18025
18000
17975
17925
17912
17900
17862
17850
17837
17800
17787
17775
17737
17725
17712
17675
17637
17600
17575
17525
17500
17475
17475
17450
17462
17450
17437
17400
17387
17350
17312
17275
17262
17225
17187
17175
17162
17162
17150
17162
17150
17162
17150
17162
17150
17137
17125
17112
17100
17087
17100
17087
17100
17112
17125
17137
17150
17137
17125
17112
17100
17087
17075
17062
17050
17037
17050
17062
17075
17087
17112
17125
17175
17225
17300
17362
17425
17500
17562
17637
17712
17800
17875
17962
18050
18150
18250
18350
18437
18512
18587
18650
18725
18800
18875
18950
19012
19075
19137
19187
19250
19287
19325
19337
19350
19337
19350
19337
19325
19312
19300
19262
19250
19237
19212
19200
19187
19150
19137
19125
19087
19050
19012
18950
18887
18825
18750
18700
18650
18600
18562
18525
18462
18400
18375
18325
18287
18250
18237
18200
18175
18162
18137
18087
18062
18037
17987
17950
17937
17900
17862
17825
17787
17750
17712
17675
17662
17650
17625
17612
17600
17587
17575
17562
17550
17537
17500
17462
17450
17412
17375
17362
17350
17337
17325
17337
17312
17312
17287
17262
17212
17200
17150
17137
17112
17112
17087
17100
17087
17100
17087
17100
17087
17100
17087
17075
17062
17075
17062
17050
17062
17075
17062
17075
17087
17100
17112
17125
17137
17150
17162
17175
17187
17162
17175
17162
17162
17150
17137
17125
17137
17125
17137
17150
17162
17162
17175
17200
17225
17250
17275
17325
17362
17425
17487
17550
17625
17700
17775
17862
17950
18037
18112
18200
18287
18362
18437
18512
18587
18662
18750
18837
18937
19025
19112
19175
19250
19287
19325
19337
19362
19362
19362
19362
19362
19350
19337
19350
19337
19350
19337
19325
19312
19287
19262
19237
19237
19225
19212
19200
19187
19150
19112
19075
19012
18950
18887
18825
18762
18700
18637
18587
18525
18462
18400
18337
18275
18212
18175
18137
18112
18087
18087
18062
18050
18037
18025
18012
17987
17987
17962
17962
17937
17950
17937
17950
17937
17925
17912
17900
17887
17862
17862
17837
17812
17787
17775
17737
17725
17712
17700
17675
17675
17650
17650
17625
17625
17600
17575
17550
17537
17525
17512
17525
17512
17500
17487
17475
17462
17450
17437
17425
17412
17362
17337
17312
17287
17250
17250
17225
17225
17200
17212
17200
17187
17175
17162
17162
17162
17175
17187
17200
17212
17200
17187
17175
17187
17162
17162
17162
17162
17150
17162
17150
17162
17162
17175
17187
17200
17212
17200
17212
17200
17212
17225
17262
17300
17362
17425
17500
17562
17637
17712
17787
17862
17937
18012
18087
18150
18212
18287
18362
18437
18512
18587
18650
18725
18800
18875
18950
19012
19075
19137
19212
19262
19312
19337
19350
19362
19375
19387
19400
19412
19400
19387
19375
19362
19325
19312
19300
19287
19275
19262
19225
19187
19137
19075
19012
18950
18875
18800
18725
18650
18587
18525
18462
18400
18337
18275
18212
18175
18150
18112
18075
18062
18012
17987
17962
17937
17887
17850
17787
17750
17700
17687
17675
17662
17650
17650
17650
17637
17650
17637
17650
17637
17650
17637
17650
17637
17650
17637
17650
17637
17625
17587
17550
17487
17450
17412
17400
17387
17400
17412
17425
17437
17450
17462
17450
17462
17475
17475
17475
17475
17475
17450
17437
17425
17387
17362
17337
17312
17287
17287
17275
17262
17275
17262
17275
17262
17275
17287
17300
17312
17325
17337
17312
17312
17287
17262
17237
17225
17212
17200
17187
17175
17162
17162
17150
17162
17150
17162
17150
17162
17150
17162
17162
17175
17187
17200
17212
17200
17187
17175
17162
17137
17125
17137
17137
17175
17250
17325
17400
17475
17550
17625
17700
17787
17875
17962
18050
18150
18237
18325
18400
18462
18525
18587
18675
18762
18850
18950
19012
19062
19112
19137
19150
19187
19200
19212
19237
19250
19262
19275
19287
19275
19262
19250
19225
19212
19187
19162
19112
19100
19062
19050
19037
19025
18987
18950
18912
18875
18837
18800
18762
18700
18637
18587
18525
18462
18425
18362
18325
18275
18225
18150
18100
18062
18025
17987
17950
17937
17925
17912
17900
17912
17900
17887
17875
17862
17850
17837
17800
17787
17762
17737
17712
17687
17637
17600
17575
17537
17525
17512
17525
17512
17500
17487
17475
17437
17400
17362
17300
17262
17225
17212
17200
17212
17200
17212
17200
17212
17200
17187
17175
17162
17137
17100
17087
17050
17037
17025
17037
17025
17012
16975
16962
16925
16887
16850
16812
16750
16712
16675
16662
16650
16662
16650
16637
16625
16600
16587
16562
16562
16537
16550
16562
16575
16587
16637
16662
16687
16750
16800
16850
16937
17025
17087
17162
17250
17325
17400
17475
17550
17600
17662
17725
17787
