t = 60.000000, p = 636.000000
20012
20025
20037
20075
20087
20125
20162
20175
20187
20200
20212
20187
20187
20162
20137
20087
20050
20012
19975
19937
19937
19962
19962
20000
20037
20062
20062
20087
20100
20137
20175
20225
20287
20350
20387
20400
20425
20425
20400
20375
20350
20287
20250
20225
20187
20150
20137
20100
20087
20100
20112
20125
20137
20125
20112
20100
20087
20075
20062
20050
20037
20025
20012
20025
20012
20000
19987
19975
19937
19925
19937
19950
19962
20000
20037
20075
20112
20175
20225
20287
20362
20437
20512
20587
20662
20700
20737
20750
20762
20762
20800
20812
20850
20862
20875
20862
20875
20887
20900
20912
20925
20937
20950
20962
20975
20987
21000
20987
21000
21012
21025
21012
21025
21012
20975
20937
20900
20862
20812
20787
20762
20762
20750
20737
20700
20662
20600
20537
20475
20437
20387
20362
20337
20312
20287
20275
20275
20262
20275
20262
20275
20275
20275
20275
20275
20275
20262
20275
20262
20250
20212
20200
20187
20175
20187
20225
20237
20250
20262
20250
20212
20200
20162
20150
20137
20150
20137
20150
20137
20150
20137
20150
20137
20150
20137
20150
20137
20150
20137
20125
20112
20100
20087
20075
20087
20075
20062
20050
20037
20025
20037
20050
20037
20050
20037
20000
19987
19975
19962
19950
19962
19950
19962
19950
19962
19950
19975
19975
20000
20000
20025
20037
20050
20062
20075
20062
20050
20037
20000
19987
19975
19937
19925
19937
19925
19937
19975
20012
20050
20112
20175
20225
20287
20350
20412
20487
20575
20650
20737
20800
20850
20862
20850
20837
20825
20812
20800
20812
20825
20862
20875
20912
20925
20950
20937
20950
20937
20950
20925
20937
20950
20962
20975
20987
21000
21012
21025
21012
21000
20987
20950
20912
20875
20837
20775
20712
20662
20600
20562
20525
20512
20500
20512
20500
20512
20525
20537
20550
20587
20600
20587
20600
20575
20550
20525
20500
20475
20462
20425
20412
20425
20412
20425
20437
20450
20437
20450
20437
20425
20387
20375
20337
20325
20312
20300
20262
20250
20225
20212
20200
20212
20200
20212
20225
20225
20225
20250
20250
20250
20262
20275
20262
20275
20262
20250
20237
20212
20187
20162
20137
20112
20100
20062
20050
20037
20025
20037
20075
20087
20125
20137
20125
20087
20075
20037
20025
20050
20100
20150
20200
20225
20212
20200
20162
20150
20137
20150
20137
20150
20137
20150
20162
20175
20162
20175
20150
20125
20100
20100
20100
20137
20175
20225
20287
20350
20412
20487
20562
20637
20700
20750
20762
20775
20762
20762
20750
20762
20750
20762
20750
20762
20762
20775
20787
20800
20812
20825
20862
20900
20937
20975
21012
21025
21037
21050
21037
21000
20987
20950
20937
20925
20912
20875
20862
20825
20787
20750
20712
20662
20625
20587
20575
20562
20550
20512
20500
20462
20425
20412
20400
20387
20375
20362
20350
20337
20300
20287
20275
20250
20237
20225
20212
20200
20212
20200
20212
20200
20212
20200
20187
20175
20162
20150
20137
20125
20112
20100
20087
20075
20087
20075
20087
20075
20062
20025
20012
19975
19962
19975
19987
20000
20012
20000
19987
19975
19962
19950
19962
19950
19962
19975
19987
19975
19987
20000
20012
20025
20037
20050
20037
20000
19987
19975
19962
19950
19937
19900
19887
19850
19837
19850
19862
19875
19912
19925
19937
19950
19925
19912
19900
19862
19850
19850
19812
19800
19787
19775
19787
19825
19825
19850
19875
19862
19850
19875
19875
19850
19862
19850
19812
19800
19812
19825
19837
19875
19925
19975
20037
20125
20200
20275
20362
20437
20487
20537
20587
20600
20612
20625
20637
20650
20662
20675
20687
20700
20712
20737
20750
20787
20825
20837
20850
20887
20900
20912
20925
20937
20925
20937
20950
20987
21000
21037
21087
21112
21137
21162
21162
21150
21162
21150
21137
21162
21162
21137
21137
21137
21100
21062
21050
21012
20975
20925
20875
20825
20775
20737
20700
20650
20575
20500
20450
20400
20387
20375
20387
20375
20400
20400
20400
20400
20425
20437
20450
20487
20500
20512
20500
20512
20500
20512
20500
20487
20475
20450
20425
20400
20400
20375
20362
20325
20325
20287
20250
20212
20212
20187
20162
20162
20162
20150
20137
20150
20137
20150
20137
20150
20137
20162
20162
20187
20187
20187
20175
20162
20150
20137
20150
20137
20125
20112
20125
20112
20125
20137
20150
20137
20125
20087
20050
20012
19962
19937
19912
19912
19912
19925
19937
19975
19987
20000
20012
20037
20025
20050
20050
20050
20037
20037
20037
20037
20062
20062
20087
20075
20087
20075
20062
20025
20012
19975
19975
19962
19975
19987
20000
20000
20037
20050
20062
20100
20137
20175
20225
20287
20362
20437
20512
20587
20662
20737
20812
20887
20937
20975
21012
21025
21037
21050
21062
21050
21062
21075
21112
21112
21137
21162
21162
21162
21175
21187
21200
21212
21200
21225
21225
21200
21200
21200
21187
21175
21162
21150
21137
21125
21112
21100
21062
21025
20987
20937
20887
20837
20787
20712
20662
20625
20575
20550
20525
20525
20500
20512
20525
20537
20550
20562
20575
20562
20550
20512
20500
20462
20450
20437
20450
20437
20450
20437
20425
20412
20387
20362
20337
20312
20287
20275
20275
20262
20275
20262
20275
20262
20250
20212
20175
20137
20100
20062
20050
20037
20037
20037
20062
20062
20087
20100
20112
20125
20137
20162
20162
20187
20212
20237
20225
20237
20225
20187
20175
20162
20125
20112
20087
20062
20062
20062
20062
20075
20087
20075
20087
20075
20087
20075
20087
20075
20087
20075
20087
20075
20087
20100
20112
20125
20162
20175
20187
20200
20212
20200
20225
20212
20225
20212
20225
20187
20187
20187
20187
20187
20200
20212
20225
20250
20287
20350
20412
20475
20537
20600
20662
20750
20837
20925
21012
21062
21100
21112
21100
21087
21075
21037
21000
20987
20950
20912
20900
20912
20925
20937
20975
21012
21050
21062
21100
21137
21150
21137
21125
21112
21075
21062
21050
21037
21025
21012
20975
20937
20900
20837
20775
20712
20662
20625
20587
20550
20537
20525
20525
20512
20525
20512
20525
20525
20537
20550
20562
20575
20562
20550
20512
20475
20412
20375
20337
20325
20312
20300
20287
20275
20275
20262
20275
20262
20275
20250
20250
20225
20225
20200
20187
20175
20162
20150
20137
20125
20087
20075
20062
20050
20062
20100
20112
20100
20112
20100
20062
20050
20062
20075
20112
20150
20187
20200
20212
20200
20212
20200
20212
20200
20187
20187
20187
20162
20137
20137
20125
20112
20125
20137
20150
20137
20150
20162
20175
20187
20200
20212
20200
20187
20175
20162
20125
20112
20100
20087
20075
20087
20075
20087
20100
20112
20125
20137
20150
20137
20150
20137
20162
20162
20187
20212
20250
20287
20362
20437
20512
20587
20662
20750
20812
20875
20937
20987
21000
21012
21000
20987
20950
20937
20925
20937
20925
20912
20900
20912
20900
20912
20950
20962
20975
21012
21025
21012
21025
21012
20975
20937
20900
20862
20825
20787
20737
20687
20625
20550
20500
20462
20425
20387
20375
20337
20300
20300
20300
20300
20300
20325
20312
20300
20287
20275
20275
20275
20287
20275
20287
20275
20250
20212
20175
20100
20062
20025
20012
20000
20025
20037
20075
20087
20125
20162
20175
20187
20200
20212
20225
20237
20250
20262
20275
20262
20275
20262
20275
20262
20275
20250
20250
20225
20200
20175
20162
20150
20137
20125
20087
20075
20037
20025
20037
20050
20062
20075
20062
20050
20037
20000
19962
19925
19862
19825
19787
19775
19750
19750
19725
19700
19687
19675
19662
19675
19687
19700
19725
19762
19800
19875
19950
20025
20100
20175
20237
20312
20387
20462
20537
20575
20612
20625
20637
20625
20637
20625
20637
20625
20637
20650
20662
20675
20712
20725
20737
20762
20775
20787
20800
20812
20800
20812
20800
20812
20800
20787
20775
20762
20737
20725
20712
20675
20675
20675
20675
20675
20700
20712
20725
20737
20762
20775
20762
20750
20712
20662
20600
20537
20475
20437
20400
20362
20325
20287
20250
20225
20187
20175
20162
20150
20137
20150
20137
20150
20162
20175
20187
20200
20212
20200
20212
20200
20212
20200
20187
20150
20112
20075
20037
20025
20012
20025
20012
20025
20012
20025
20012
19987
19962
19962
19937
19912
19925
19912
19900
19887
19900
19887
19900
19912
19950
19987
20025
20062
20075
20062
20025
20012
19975
19962
19937
19937
19937
19937
19937
19975
20012
20025
20062
20075
20087
20075
20087
20075
20087
20075
20087
20075
20087
20075
20062
20050
20037
20025
20012
20025
20037
20075
20087
20125
20137
20150
20137
20125
20112
20100
20087
20075
20062
20050
20037
20025
20037
20087
20137
20200
20275
20350
20412
20487
20562
20637
20700
20775
20837
20900
20925
20950
20950
20925
20875
20862
20825
20787
20775
20762
20762
20775
20800
20825
20875
20925
20937
20975
20987
21000
20987
20975
20962
20975
20962
20950
20937
20925
20887
20850
20812
20800
20762
20737
20700
20687
20650
20600
20575
20550
20500
20475
20462
20450
20437
20450
20437
20450
20462
20475
20487
20500
20512
20500
20512
20500
20512
20487
20487
20462
20462
20437
20450
20437
20450
20437
20450
20437
20450
20437
20425
20412
20425
20412
20400
20412
20400
20387
20375
20362
20350
20337
20300
20300
20300
20300
20300
20325
20337
20350
20337
20350
20362
20350
20362
20375
20362
20325
20312
20300
20287
20300
20337
20350
20337
20350
20337
20325
20312
20325
20312
20300
20287
20275
20275
20262
20275
20262
20275
20262
20250
20237
20225
20212
20200
20212
20200
20187
20150
20137
20125
20137
20175
20225
20287
20350
20412
20475
20550
20625
20687
20762
20850
20925
21000
21075
21125
21162
21175
21187
21175
21162
21150
21137
21125
21112
21100
21087
21100
21087
21100
21112
21125
21112
21125
21112
21100
21087
21075
21062
21050
21037
21025
21037
21025
21037
21050
21062
21050
21062
21050
21062
21037
21012
20962
20912
20837
20775
20712
20687
20650
20637
20625
20637
20650
20687
20700
20737
20762
20775
20762
20775
20762
20737
20725
20712
20700
20687
20675
20637
20625
20587
20550
20537
20525
20512
20500
20512
20500
20512
20500
20512
20500
20512
20500
20512
20500
20512
20500
20512
20525
20537
20550
20562
20575
20562
20550
20537
20550
20537
20525
20537
20525
20512
20500
20487
20475
20462
20425
20412
20400
20387
20375
20387
20400
20412
20425
20437
20425
20412
20387
20375
20362
20350
20312
20312
20275
20275
20275
20287
20300
20312
20325
20312
20325
20337
20350
20362
20400
20412
20425
20462
20500
20537
20600
20662
20712
20775
20837
20912
20987
21075
21162
21237
21287
21337
21350
21375
21375
21375
21375
21375
21362
21350
21362
21350
21362
21375
21387
21400
21412
21400
21362
21325
21287
21262
21225
21212
21200
21187
21200
21237
21262
21300
21337
21337
21312
21262
21212
21150
21087
21025
20962
20900
20837
20800
20762
20762
20762
20775
20787
20825
20862
20875
20912
20925
20937
20925
20912
20875
20837
20800
20762
20737
20725
20712
20700
20687
20675
20637
20600
20537
20500
20462
20425
20412
20425
20412
20425
20437
20450
20437
20450
20462
20475
20462
20487
20487
20462
20462
20462
20450
20462
20475
20487
20500
20487
20450
20437
20400
20362
20350
20337
20325
20337
20375
20412
20475
20512
20550
20562
20550
20537
20525
20512
20500
20512
20500
20512
20525
20525
20500
20500
20475
20425
20425
20425
20425
20450
20475
20487
20525
20537
20525
20512
20475
20412
20375
20337
20325
20337
20375
20412
20487
20562
20637
20712
20800
20875
20950
21037
21112
21187
21275
21362
21412
21462
21475
21462
21425
21387
21325
21262
21237
21200
21162
21150
21162
21175
21212
21237
21262
21262
21262
21237
21250
21237
21250
21237
21225
21187
21175
21137
21100
21087
21075
21062
21050
21037
21025
21012
20975
20937
20925
20887
20850
20812
20775
20712
20662
20600
20562
20525
20512
20500
20512
20500
20512
20500
20512
20500
20487
20475
20462
20450
20437
20450
20437
20425
20425
20425
20400
20400
20400
20387
20375
20362
20350
20337
20300
20287
20275
20250
20237
20225
20212
20200
20212
20200
20187
20175
20162
20150
20137
20150
20137
20150
20137
20125
20087
20050
20012
19975
19962
19950
19962
19975
20012
20025
20062
20075
20087
20075
20087
20075
20062
20025
19987
19925
19862
19825
19812
19800
19812
19850
19862
19850
19862
19837
19787
19762
19737
19725
19712
19725
19712
19725
19725
19762
19800
19862
19925
19987
20025
20062
20100
20137
20175
20225
20287
20350
20425
20512
20600
20675
20787
20862
20925
20987
21050
21062
21100
21137
21150
21137
21150
21137
21125
21112
21100
21062
21050
21012
21000
20987
20975
20962
20950
20937
20925
20937
20925
20912
20875
20875
20850
20850
20875
20900
20887
20862
20812
20762
20700
20650
20625
20587
20525
20475
20425
20375
20337
20325
20337
20350
20362
20375
20387
20375
20387
20375
20362
20350
20337
20325
20337
20350
20362
20375
20387
20375
20362
20325
20312
20275
20250
20237
20225
20212
20200
20212
20200
20212
20200
20212
20225
20237
20250
20262
20275
20262
20275
20262
20275
20262
20250
20237
20225
20187
20175
20162
20150
20162
20175
20187
20225
20237
20250
20262
20275
20275
20287
20300
20312
20300
20287
20275
20250
20237
20250
20237
20250
20275
20275
20275
20300
20325
20325
20362
20400
20437
20450
20487
20525
20537
20525
20512
20475
20437
20400
20362
20325
20312
20275
20275
20275
20312
20350
20412
20475
20537
20600
20662
20725
20800
20887
20987
21087
21175
21250
21300
21337
21350
21362
21337
21337
21312
21287
21250
21250
21225
21200
21200
21200
21187
21200
21212
21225
21225
21237
21225
21237
21225
21250
21262
21275
21287
21312
21325
21337
21375
21387
21400
21412
21400
21387
21375
21337
21300
21287
21262
21225
21175
21150
21087
21025
20962
20912
20837
20775
20712
20687
20650
20612
20600
20587
20575
20562
20575
20587
20600
20612
20625
20612
20575
20562
20525
20475
20450
20425
20375
20350
20337
20325
20312
20300
20287
20275
20250
20237
20225
20212
20200
20212
20200
20212
20200
20212
20200
20212
20200
20212
20200
20212
20200
20212
20200
20187
20175
20162
20150
20137
20150
20137
20125
20125
20125
20100
20100
20100
20087
20075
20087
20075
20087
20100
20112
20125
20137
20150
20137
20150
20137
20150
20137
20125
20087
20075
20062
20075
20087
20125
20137
20150
20137
20150
20162
20175
20187
20200
20212
20187
20187
20162
20162
20137
20150
20137
20150
20137
20150
20137
20150
20137
20150
20162
20200
20225
20287
20350
20412
20475
20537
20600
20662
20712
20787
20862
20950
21037
21125
21175
21225
21262
21275
21262
21275
21262
21225
21212
21200
21187
21175
21162
21125
21112
21075
21062
21050
21037
21025
21012
21000
21012
21025
21012
21025
21012
20975
20962
20950
20937
20925
20937
20925
20912
20875
20837
20775
20700
20662
20612
20587
20562
20575
20562
20575
20562
20550
20512
20500
20462
20425
20412
20400
20387
20400
20412
20425
20412
20412
20412
20412
20387
20412
20400
20362
20350
20337
20300
20287
20275
20275
20262
20275
20262
20275
20262
20275
20262
20275
20262
20275
20262
20250
20237
20250
20237
20250
20262
20275
20262
20275
20275
20312
20325
20362
20400
20400
20400
20400
20375
20325
20287
20225
20200
20162
20150
20137
20150
20137
20150
20162
20175
20187
20200
20187
20150
20112
20050
20012
19975
19962
19950
19962
19950
19962
19950
19937
19900
19887
19850
19837
19850
19887
19900
19937
19975
19987
20000
20012
20000
19987
19975
19962
19950
19937
19925
19937
19950
19987
20050
20112
20175
20237
20312
20400
20500
20600
20675
20762
20837
20875
20912
20950
20962
20975
20987
21000
20987
20975
20962
20950
20937
20925
20937
20925
20937
20925
20912
20900
20887
20875
20862
20875
20850
20850
20850
20875
20875
20912
20950
20987
21000
21037
21050
21025
21000
20975
20925
20875
20837
20775
20712
20662
20625
20587
20575
20562
20575
20587
20625
20637
20675
20687
20700
20687
20700
20687
20700
20687
20675
20662
20650
20612
20575
20537
20500
20462
20450
20437
20450
20437
20425
20412
20400
20387
20375
20387
20375
20362
20325
20312
20275
20275
20262
20275
20262
20275
20262
20250
20237
20225
20212
20200
20212
20200
20212
20200
20212
20200
20212
20200
20212
20225
20237
20225
20237
20225
20212
20200
20187
20175
20187
20200
20212
20250
20262
20275
20262
20275
20262
20275
20275
20287
20300
20300
20275
20225
20200
20162
20150
20137
20162
20162
20187
20187
20212
20225
20237
20250
20262
20275
20262
20275
20275
20312
20350
20425
20500
20575
20650
20737
20825
20912
20975
21025
21050
21062
21050
21062
21050
21062
21050
21037
21000
20987
20975
20962
20950
20962
20950
20937
20950
20962
20975
20987
21000
20987
21000
20987
20975
20962
20950
20912
20862
20837
20775
20712
20662
20612
20537
20475
20437
20400
20387
20375
20387
20375
20387
20400
20412
20425
20437
20450
20437
20450
20437
20450
20462
20475
20487
20525
20537
20550
20562
20550
20537
20525
20487
20450
20437
20400
20362
20325
20287
20250
20225
20212
20200
20212
20200
20212
20200
20212
20200
20212
20225
20237
20250
20262
20275
20262
20275
20262
20275
20262
20275
20275
20287
20300
20312
20300
20300
20300
20300
20300
20325
20312
20325
20312
20325
20312
20325
20312
20300
20287
20275
20275
20262
20275
20262
20275
20262
20275
20262
20250
20237
20225
20212
20200
20212
20200
20212
20200
20187
20175
20187
20200
20225
20262
20300
20337
20375
20412
20475
20537
20600
20662
20712
20787
20862
20937
21012
21062
21100
21137
21150
21162
21175
21187
21175
21162
21150
21137
21125
21100
21100
21075
21075
21050
21062
21050
21062
21075
21087
21100
21112
21125
21112
21125
21112
21125
21112
21100
21062
21050
21037
21025
21037
21050
21062
21050
21037
21000
20962
20900
20825
20750
20675
20637
20575
20525
20500
20475
20450
20437
20450
20437
20450
20462
20475
20487
20500
20512
20500
20512
20500
20512
20500
20487
20475
20487
20475
20462
20475
20462
20450
20437
20450
20437
20425
20412
20400
20362
20325
20312
20275
20275
20262
20275
20275
20287
20300
20312
20325
20312
20325
20312
20325
20312
20325
20312
20325
20312
20325
20312
20325
20312
20325
20312
20325
20312
20300
20262
20250
20225
20187
20150
20137
20125
20112
20125
20137
20150
20162
20175
20187
20225
20237
20250
20262
20275
20262
20250
20237
20225
20187
20150
20137
20087
20075
20062
20050
20037
20062
20050
20062
20100
20112
20125
20162
20200
20225
20287
20350
20412
20475
20537
20612
20675
20750
20837
20925
21000
21075
21125
21162
21175
21162
21125
21087
21050
21012
21000
20987
20975
20962
20950
20950
20950
20975
20975
20975
20962
20975
20987
21025
21062
21075
21087
21075
21037
20987
20962
20912
20862
20812
20775
20712
20662
20600
20562
20512
20500
20475
20475
20475
20487
20500
20525
20550
20550
20575
20562
20550
20537
20525
20512
20500
20512
20500
20512
20500
20512
20500
20512
20500
20512
20500
20525
20512
20500
20487
20475
20425
20387
20375
20337
20300
20262
20250
20225
20212
20187
20187
20187
20187
20187
20200
20212
20200
20212
20225
20237
20225
20212
20200
20162
20150
20137
20162
20162
20162
20162
20187
20175
20187
20200
20212
20200
20212
20200
20212
20200
20212
20200
20187
20175
20162
20125
20112
20100
20087
20075
20062
20050
20062
20050
20062
20075
20087
20075
20087
20075
20087
20075
20087
20075
20087
20075
20062
20050
20062
20075
20087
20137
20187
20212
20237
20300
20350
20400
20475
20537
20600
20662
20737
20812
20887
20962
21025
21062
21075
21087
21075
21037
21000
20987
20950
20937
20925
20937
20925
20912
20900
20912
20925
20937
20975
21012
21025
21037
21075
21087
21075
21087
21075
21062
21050
21062
21050
21037
21025
21000
20975
20937
20925
20887
20862
20812
20800
20762
20737
20700
20687
20637
20612
20587
20562
20512
20500
20462
20425
20387
20375
20337
20300
20287
20275
20250
20237
20225
20187
20175
20162
20150
20137
20150
20162
20200
20200
20225
20225
20225
20200
20212
20187
20187
20162
20162
20137
20150
20137
20125
20112
20100
20087
20075
20087
20100
20112
20125
20137
20150
20137
20150
20137
20150
20137
20125
20087
20075
20025
20000
19962
19950
19912
19912
19887
19900
19887
19900
19912
19925
19937
19950
19962
19950
19937
19900
19887
19850
19812
19775
19737
19700
19675
19637
19625
19612
19600
19587
19600
19612
19625
19637
19650
19637
19625
19612
19600
19587
19575
19537
19500
19462
19425
19412
19400
19387
19375
19362
19350
19362
19362
19362
19362
19375
19362
19387
19412
19462
19500
19562
19625
19700
19787
19875
19962
20050
20112
20162
20187
20212
20200
20212
20200
20212
20200
20212
20200
20187
20175
20162
20150
20137
20150
20137
20150
20137
20150
20162
20200
20225
20262
20312
20362
20387
20412
20437
20425
20412
20400
20362
20325
20287
20212
20175
20125
20075
20025
19987
19950
19912
19900
19887
19900
19912
19925
19937
19975
20012
20050
20087
20125
20137
20150
20137
20125
20087
20050
20012
19962
19937
19912
19912
19912
19925
19937
19975
19987
20000
20012
20025
20012
20000
19962
19950
19912
19875
19862
19850
19837
19850
19862
19850
19837
19825
19775
19762
19750
19762
19750
19775
19787
19800
19787
19800
19812
19800
19812
19825
19812
19800
19787
19750
19712
19700
19675
19662
19650
19675
19675
19700
19712
19737
19750
19762
19775
19762
19750
19737
19725
19725
19712
19700
19687
19675
19662
19650
19662
19650
19662
19650
19662
19650
19662
19675
19725
19775
19850
19925
20000
20075
20150
20225
20312
20400
20487
20575
20625
20675
20687
20700
20687
20712
20712
20712
20712
20712
20700
20687
20712
20712
20737
20737
20762
20762
20800
20837
20862
20862
20862
20825
20787
20762
20762
20750
20762
20737
20737
20712
20687
20637
20600
20537
20475
20412
20350
20312
20275
20275
20275
20287
20300
20337
20350
20375
20400
20400
20400
20400
20350
20325
20300
20250
20237
20225
20212
20200
20187
20175
20162
20125
20112
20100
20087
20075
20087
20075
20087
20075
20087
20062
20062
20037
20037
20012
20000
19987
19975
19962
19950
19962
19950
19962
19950
19962
19950
19962
19950
19962
19975
19987
20000
20012
20025
20012
20000
19987
19962
19937
19912
19912
19875
19875
19850
19825
19800
19787
19750
19737
19725
19725
19712
19725
19712
19725
19725
19737
19750
19787
19825
19862
19900
19912
19900
19887
19850
19812
19800
19787
19775
19787
19800
19812
19850
19887
19900
19937
19975
20012
20050
20112
20175
20237
20312
20387
20462
20550
20625
20687
20762
20812
20850
20862
20875
20862
20875
20862
20850
20837
20825
20812
20800
20812
20800
20812
20825
20837
20850
20862
20875
20887
20925
20937
20975
21012
21025
21037
21037
21037
21012
21012
20975
20975
20950
20925
20875
20825
20750
20675
20612
20537
20475
20412
20350
20312
20275
20275
20275
20287
20300
20337
20350
20362
20375
20362
20325
20275
20237
20212
20175
20162
20162
20150
20137
20162
20162
20187
20187
20187
20175
20162
20150
20137
20125
20112
20100
20062
20050
20062
20050
20062
20062
20037
19987
19937
19862
19825
19812
19800
19812
19825
19837
19825
19837
19825
19837
19825
19837
19825
19837
19825
19837
19825
19812
19800
19812
19787
19762
19762
19762
19725
19725
19725
19725
19712
19725
19725
19737
19750
19762
19775
19762
19775
19762
19775
19762
19775
19762
19775
19762
19775
19762
19775
19762
19775
19762
19775
19787
19825
19862
19937
20012
20087
20162
20225
20287
20362
20450
20537
20625
20700
20750
20787
20800
20812
20800
20812
20825
20837
20850
20862
20875
20862
20875
20862
20850
20850
20850
20850
20850
20875
20862
20875
20887
20900
20912
20925
20912
20900
20887
20850
20812
20775
20712
20662
20600
20537
20500
20462
20425
20387
20350
20287
20250
20225
20187
20175
20162
20125
20112
20100
20087
20075
20087
20075
20087
20075
20087
20075
20087
20100
20112
20125
20137
20150
20137
20150
20137
20150
20137
20125
20112
20100
20062
20025
19987
19925
19887
19850
19812
19775
19762
19725
19700
19687
19675
19637
19600
19562
19525
19487
19475
19462
19475
19462
19475
19462
19475
19462
19475
19462
19475
19462
19475
19462
19450
19412
19400
19362
19350
19362
19375
19362
19350
19337
19300
19262
19250
19237
19237
19225
19237
19225
19237
19225
19237
19237
19250
19237
19250
19262
19250
19262
19275
19262
19250
19237
19212
19200
19187
19175
19162
19175
19162
19175
19162
19175
19162
19175
19187
19225
19237
19275
19312
19350
19375
19437
19500
19562
19625
19687
19762
19837
19912
19987
20062
20137
20187
20237
20275
20312
20325
20362
20400
20412
20425
20462
20475
20487
20525
20537
20525
20537
20525
20487
20475
20462
20450
20437
20450
20462
20475
20500
20525
20525
20500
20500
20462
20425
20387
20350
20287
20225
20175
20100
20025
19975
19925
19875
19862
19875
19850
19850
19875
19875
19875
19887
19900
19912
19925
19937
19975
19987
19975
19987
19975
19962
19950
19937
19925
19912
19875
19862
19850
19812
19800
19787
19750
19737
19725
19687
19675
19662
19650
19637
19662
19650
19662
19650
19662
19650
19662
19650
19662
19650
19662
19675
19687
19675
19687
19675
19637
19625
19637
19625
19650
19675
19700
19700
19725
19712
19725
19712
19700
19687
19675
19662
19650
19662
19650
19637
19625
19612
19575
19562
19575
19587
19625
19662
19700
19712
19725
19725
19750
19750
19750
19737
19725
19725
19712
19725
19712
19687
19675
19687
19675
19687
19712
19725
19712
19725
19712
19725
19712
19725
19712
19725
19725
19762
19800
19862
19925
19987
20050
20112
20175
20262
20350
20437
20525
20600
20637
20675
20687
20700
20687
20700
20687
20700
20687
20700
20687
20700
20712
20725
20737
20750
20762
20750
20762
20737
20737
20712
20712
20687
20700
20687
20700
20687
20675
20675
20675
20650
20650
20650
20612
20575
20537
20500
20462
20425
20387
20350
20287
20250
20225
20187
20175
20162
20150
20137
20150
20137
20150
20137
20150
20162
20162
20137
20137
20112
20062
20050
20037
20025
20012
20000
19987
19975
19937
19925
19912
19900
19887
19900
19875
19875
19850
19850
19825
19812
19800
19787
19775
19762
19750
19737
19750
19737
19725
19737
19725
19700
19687
19675
19662
19675
19687
19700
19712
19725
19712
19700
19662
19650
19612
19600
19587
19575
19562
19550
19537
19525
19537
19525
19537
19525
19537
19525
19537
19525
19512
19500
19487
19475
19450
19450
19412
19412
19387
19400
19387
19412
19400
19412
19425
19437
19450
19462
19475
19462
19450
19437
19450
19437
19450
19462
19475
19462
19450
19437
19425
19387
19350
19337
19300
19287
19300
19337
19350
19387
19425
19462
19500
19575
19637
19712
19800
19887
19975
20062
20150
20212
20287
20325
20362
20375
20387
20375
20387
20375
20387
20375
20387
20375
20387
20400
20412
20425
20462
20475
20487
20500
20512
20500
20512
20525
20537
20525
20537
20550
20537
20550
20562
20575
20562
20575
20562
20550
20512
20475
20412
20350
20312
20262
20225
20175
20150
20100
20062
20025
19987
19950
19912
19875
19837
19825
19787
19775
19762
19775
19787
19800
19812
19850
19862
19875
19887
19900
19887
19875
19837
19800
19737
19675
19650
19612
19575
19562
19575
19562
19550
19562
19550
19512
19500
19487
19450
19437
19425
19412
19437
19462
19487
19512
19537
19525
19537
19525
19512
19500
19487
19475
19462
19487
19475
19500
19500
19500
19487
19487
19475
19462
19475
19462
19450
19437
19412
19387
19362
19362
19337
19350
19337
19350
19337
19350
19337
19350
19362
19375
19362
19387
19387
19387
19387
19387
19375
19362
19350
19325
19325
19325
19312
19300
19300
19300
19275
19287
19300
19312
19325
19337
19362
19362
19400
19412
19450
19475
19525
19562
19625
19675
19750
19825
19900
19975
20050
20112
20175
20225
20262
20300
20337
20350
20362
20375
20387
20375
20387
20400
20412
20425
20437
20450
20437
20425
20412
20400
20387
20375
20387
20362
20362
20337
20312
20287
20275
20250
20212
20162
20087
20012
19937
19862
19800
19725
19650
19612
19562
19537
19512
19512
19512
19512
19512
19550
19562
19575
19587
19575
19537
19500
19462
19425
19387
19350
19337
19300
19262
19250
19237
19212
19212
19212
19212
19212
19212
19200
19187
19175
19162
19150
19137
19125
19087
19075
19087
19075
19087
19125
19137
19150
19162
19175
19162
19150
19112
19075
19012
18975
18937
18925
18912
18925
18912
18925
18912
18900
18887
18875
18862
18850
18875
18862
18875
18862
18875
18850
18862
18850
18837
18825
18812
18775
18775
18775
18750
18750
18775
18762
18775
18787
18800
18787
18800
18825
18875
18925
19000
19075
19137
19200
19287
19375
19462
19550
19625
19662
19700
19725
19762
19800
19862
19925
19962
20000
20037
20050
20062
20100
20112
20125
20162
20200
20212
20250
20262
20275
20275
20287
20300
20312
20300
20287
20300
20287
20300
20312
20300
20250
20225
20187
20137
20087
20050
19987
19925
19862
19825
19775
19725
19700
19675
19662
19650
19662
19637
19637
19612
19612
19587
19575
19562
19550
19537
19525
19537
19550
19562
19575
19587
19600
19587
19575
19562
19550
19512
19500
19487
19475
19462
19450
19437
19425
19412
19400
19412
19400
19412
19400
19387
19375
19362
19325
19312
19300
19287
19275
19287
19300
19312
19325
19337
19350
19337
19325
19312
19325
19312
19300
19287
19275
19237
19237
19225
19237
19225
19237
19225
19237
19225
19237
19225
19237
19225
19237
19225
19237
19225
19237
19237
19250
19262
19275
19287
19300
19312
19300
19312
19300
19287
19275
19262
19250
19262
19250
19262
19300
19337
19375
19450
19525
19600
19687
19775
19862
19950
20025
20100
20175
20187
20225
20250
20287
20325
20412
20450
20487
20525
20562
20600
20637
20675
20687
20700
20687
20700
20687
20700
20712
20725
20737
20750
20762
20762
20775
20762
20750
20737
20712
20662
20600
20537
20450
20362
20287
20225
20175
20112
20050
20012
19975
19937
19925
19937
19950
19962
20000
20012
20025
20012
20025
20012
20000
19962
19950
19912
19875
19837
19800
19762
19725
19725
19712
19725
19700
19700
19675
19675
19650
19662
19650
19637
19625
19612
19600
19587
19600
19612
19625
19637
19650
19662
19637
19637
19612
19587
19562
19550
19537
19525
19537
19525
19537
19525
19537
19550
19562
19550
19562
19575
19562
19575
19587
19575
19562
19550
19512
19475
19462
19425
19387
19375
19387
19375
19387
19400
19412
19425
19437
19425
19437
19425
19412
19400
19412
19400
19425
19425
19450
19475
19525
19562
19625
19675
19737
19800
19875
19950
20025
20100
20175
20225
20287
20325
20337
20350
20362
20350
20362
20400
20437
20475
20537
20600
20662
20712
20750
20787
20800
20787
20775
20750
20737
20712
20712
20687
20700
20687
20700
20712
20725
20712
20700
20687
20637
20612
20587
20562
20512
20475
20412
20350
20287
20225
20175
20112
20050
19987
19950
19912
19900
19887
19900
19887
19900
19912
19950
19962
20000
20012
20025
20012
20000
19962
19925
19862
19800
19762
19750
19737
19725
19737
19725
19700
19687
19675
19637
19600
19562
19500
19475
19437
19425
19412
19400
19375
19362
19350
19337
19325
19312
19287
19262
19237
19250
19237
19237
19237
19262
19250
19262
19275
19287
19262
19262
19262
19262
19237
19250
19237
19212
19200
19187
19175
19162
19150
19137
19150
19137
19125
19137
19150
19137
19150
19162
19175
19162
19175
19162
19150
19137
19125
19087
19050
19037
19000
18987
18975
19000
19000
19025
19025
19025
19012
19000
18987
18975
18987
18975
18987
19000
19012
19025
19062
19100
19137
19187
19250
19325
19400
19487
19575
19650
19737
19825
19900
19975
20050
20087
20125
20137
20150
20137
20150
20175
20200
20225
20262
20312
20350
20412
20450
20487
20525
20562
20575
20612
20650
20662
20675
20687
20700
20712
20725
20712
20700
20650
20600
20550
20500
20437
20387
20312
20225
20150
20075
20000
19950
19900
19875
19837
19837
19812
19800
19800
19812
19812
19812
19837
19825
19812
19800
19787
19775
19762
19750
19737
19725
19700
19687
19675
19637
19625
19612
19575
19537
19500
19462
19425
19412
19400
19387
19350
19337
19300
19287
19275
19287
19300
19312
19325
19337
19325
19312
19300
19262
19250
19262
19250
19262
19275
19262
19225
19212
19212
19200
19212
19225
19212
19200
19187
19175
19162
19150
19137
19125
19087
19075
19087
19062
19062
19062
19062
19062
19075
19062
19075
19062
19050
19025
19037
19025
19012
19000
19025
19012
19000
18987
18987
18962
18937
18912
18912
18862
18850
18837
18825
18812
18812
18800
18812
18825
18837
18875
18912
18950
19012
19075
19137
19200
19275
19350
19437
19525
19600
19650
19700
19725
19750
19775
19825
19862
19925
19987
20050
20087
20125
20175
20200
20225
20250
20250
20237
20225
20212
20200
20212
20200
20212
20225
20250
20262
20300
20312
20325
20312
20300
20287
20275
20250
20200
20175
20125
20075
20025
19987
19925
19862
19800
19737
19675
19625
19562
19500
19462
19425
19412
19425
19425
19437
19450
19462
19450
19450
19437
19425
19412
19425
19437
19425
19437
19425
19412
19400
19387
19375
19362
19350
19337
19325
19287
19275
19237
19212
19200
19187
19175
19162
19150
19137
19125
19112
19100
19087
19075
19062
19025
18987
18975
18937
18925
18912
18925
18912
18925
18912
18925
18937
18950
18962
19000
19037
19050
19087
19100
19087
19075
19087
19075
19087
19100
19112
19100
19075
19050
19025
19000
18975
18987
18975
18987
18975
18987
18975
18987
18975
18987
18975
19000
19000
19000
19000
19000
18987
19000
19037
19037
19062
19087
19087
19087
19100
19112
19125
19137
19150
19187
19212
19225
19275
19325
19375
19437
19525
19600
19687
19775
19850
19925
19987
20050
20112
20137
20162
20187
20187
20200
20225
20250
20250
20275
20275
20312
20350
20387
20425
20462
20500
20500
20525
20550
20550
20525
20550
20537
20525
20537
20575
20575
20587
20600
20612
20600
20587
20600
20587
20550
20512
20500
20462
20425
20387
20350
20287
20225
20175
20112
20037
19962
19887
19837
19762
19750
19737
19750
19737
19775
19762
19775
19762
19775
19762
19775
19762
19775
19787
19800
19787
19800
19787
19750
19712
19675
19625
19562
19500
19437
19400
19362
19325
19312
19325
19337
19350
19387
19400
19387
19350
19337
19300
19287
19300
19312
19325
19337
19350
19337
19350
19337
19350
19337
19350
19337
19350
19337
19350
19362
19375
19387
19400
19412
19400
19387
19350
19312
19275
19237
19237
19225
19237
19250
19262
19237
19250
19237
19237
19225
19237
19225
19237
19225
19237
19237
19275
19312
19350
19387
19400
19387
19375
19362
19325
19312
19300
19287
19300
19312
19325
19362
19412
19462
19550
19637
19737
19825
19912
19987
20050
20112
20175
20212
20250
20262
20275
20275
20287
20300
20337
20375
20387
20425
20462
20475
20487
20500
20512
20500
20487
20475
20487
20475
20487
20500
20512
20500
20512
20500
20512
20500
20512
20500
20512
20500
20487
20450
20412
20375
20337
20300
20262
20225
20162
20087
20012
19937
19862
19800
19737
19700
19675
19662
19650
19662
19650
19662
19650
19662
19650
19637
19625
19612
19575
19562
19550
19512
19500
19475
19450
19425
19425
19400
19412
19400
19387
19375
19362
19350
19337
19350
19337
19350
19337
19325
19312
19300
19262
19250
19237
19237
19225
19212
19200
19187
19175
19162
19187
19187
19212
19225
19250
19262
19275
19287
19275
19262
19225
19212
19187
19150
19137
19125
19112
19125
19137
19150
19162
19175
19187
19200
19212
19225
19212
19200
19187
19150
19150
19150
19150
19150
19175
19187
19200
19212
19225
19237
19225
19212
19200
19187
19175
19162
19175
19162
19150
19137
19125
19112
19125
19162
19187
19250
19312
19375
19450
19537
19612
19700
19762
19812
19850
19862
19875
19912
19962
19987
20037
20087
20112
20125
20137
20125
20112
20100
20087
20075
20087
20075
20087
20075
20062
20050
20037
20025
20012
20000
19987
19975
19937
19925
19912
19875
19837
19800
19762
19725
19700
19650
19600
19525
19450
19375
19337
19300
19262
19250
19225
19187
19162
19137
19112
19100
19112
19125
19137
19150
19162
19150
19112
19075
19012
18950
18887
18862
18837
18812
18812
18837
18825
18812
18825
18837
18850
18862
18900
18912
18925
18912
18900
18887
18875
18862
18850
18837
18825
18812
18800
18787
18800
18787
18800
18787
18775
18762
18750
18737
18725
18737
18725
18737
18725
18712
18712
18737
18737
18737
18762
18750
18712
18700
18687
18687
18675
18687
18675
18687
18675
18687
18675
18687
18675
18687
18675
18687
18675
18687
18675
18687
18675
18687
18675
18687
18675
18687
18675
18700
18712
18750
18787
18850
18887
18950
19025
19100
19175
19275
19375
19462
19550
19625
19675
19737
19800
19837
19887
19912
19937
19962
20012
20025
20062
20100
20112
20125
20162
20175
20187
20200
20212
20200
20212
20200
20187
20175
20162
20150
20162
20175
20187
20200
20212
20200
20212
20200
20187
20175
20150
20125
20100
20062
20000
19950
19875
19800
19725
19650
19612
19562
19537
19525
19537
19550
19562
19575
19612
19625
19637
19650
19637
19625
19600
19575
19550
19550
19525
19512
19500
19487
19450
19437
19425
19387
19375
19362
19350
19337
19325
19312
19300
19262
19250
19237
19212
19200
19212
19200
19187
19200
19187
19175
19187
19212
19225
19237
19250
19237
19212
19200
19187
19175
19162
19175
19162
19175
19162
19175
19162
19150
19150
19150
19150
19175
19212
19225
19262
19275
19287
19275
19262
19250
19237
19237
19225
19237
19225
19237
19225
19237
19225
19237
19225
19212
19200
19175
19150
19125
19125
19125
19162
19187
19250
19325
19412
19512
19600
19700
19787
19862
19925
19962
20012
20062
20112
20162
20212
20250
20262
20275
20275
20287
20300
20312
20325
20312
20325
20337
20350
20362
20375
20387
20375
20387
20400
20412
20425
20437
20450
20437
20450
20437
20425
20387
20350
20325
20300
20275
20250
20225
20175
20137
20100
20062
20025
19987
19925
19887
19850
19837
19825
19837
19825
19812
19800
19787
19775
19762
19775
19762
19750
19737
19750
19737
19750
19762
19750
19737
19725
19700
19687
19675
19662
19650
19637
19625
19637
19625
19637
19650
19662
19650
19662
19650
19662
19650
19662
19650
19637
19625
19612
19600
19587
19575
19562
19550
19537
19525
19537
19525
19537
19525
19537
19512
19512
19487
19487
19462
19450
19437
19425
19412
19400
19412
19400
19412
19400
19387
19387
19387
19362
19337
19312
19275
19237
19237
19225
19237
19237
19250
19237
19250
19237
19237
19225
19237
19225
19212
19200
19187
19175
19150
19162
19150
19162
19150
19175
19162
19175
19162
19175
19162
19175
19187
19212
19250
19312
19387
19462
19537
19612
19687
19762
19837
19912
19987
20025
20062
20100
20137
20175
20212
20250
20275
20312
20325
20362
20400
20412
20425
20437
20450
20462
20475
20487
20500
20512
20500
20512
20525
20537
20525
20537
20525
20512
20500
20512
20500
20512
20500
20512
20500
20512
20500
20512
20500
20512
20500
20487
20450
20412
20350
20287
20225
20175
20112
20050
19987
19950
19900
19850
19825
19800
19750
19737
19725
19725
19712
19725
19712
19725
19725
19737
19750
19787
19800
19812
19825
19812
19775
19737
19675
19650
19600
19550
19500
19450
19400
19362
19350
19337
19350
19337
19325
19287
19250
19187
19137
19100
19062
19025
19012
19000
18987
18975
18987
18975
18987
18975
18962
18950
18937
18900
18887
18875
18862
18850
18837
18825
18812
18800
18787
18775
18762
18750
18712
18675
18662
18637
18625
18612
18625
18612
18625
18612
18625
18612
18625
18612
18625
18612
18600
18587
18575
18562
18550
18562
18550
18562
18587
18625
18675
18762
18850
18950
19050
19150
19250
19350
19425
19500
19562
19625
19675
19712
19750
19787
19825
19837
19875
19912
19925
19950
19975
20000
20025
20050
20062
20075
20087
20075
20087
20100
20137
20150
20187
20225
20237
20250
20262
20275
20262
20275
20262
20275
20262
20250
20212
20200
20162
20125
20087
20075
20037
20000
19962
19925
19862
19800
19737
19675
19650
19612
19600
19587
19600
19587
19600
19587
19600
19587
19600
19587
19575
19562
19550
19537
19525
19537
19525
19512
19500
19487
19475
19462
19475
19462
19437
19425
19412
19400
19375
19387
19362
19337
19287
19250
19212
19187
19175
19162
19175
19187
19200
19212
19225
19212
19200
19187
19175
19187
19187
19162
19137
19087
19012
18975
18962
18950
18962
18975
18987
19000
19012
19025
19037
19025
19012
19025
19012
19025
19037
19050
19037
19050
19037
19050
19037
19050
19037
19025
19012
18987
18962
18937
18937
18912
18925
18912
18925
18912
18925
18937
18950
18962
18975
18987
18975
18987
18975
18987
18975
18987
18975
18987
18975
18987
18975
18987
19000
19037
19075
19137
19200
19275
19350
19437
19525
19600
19675
19775
19862
19950
20037
20112
20150
20187
20200
20212
20225
20237
20225
20237
20250
20237
20250
20262
20250
20237
20225
20212
20200
20212
20200
20212
20225
20237
20250
20275
20300
20325
20375
20412
20450
20462
20475
20462
20412
20362
20300
20212
20137
20050
19950
19862
19775
19675
19625
19575
19525
19500
19487
19475
19487
19500
19512
19525
19537
19525
19537
19550
19562
19575
19587
19575
19525
19500
19450
19425
19400
19387
19375
19362
19350
19337
19325
19312
19300
19262
19225
19212
19187
19150
19137
19125
19087
19075
19062
19050
19037
19050
19037
19050
19037
19050
19037
19050
19062
19075
19087
19100
19112
19100
19112
19100
19087
19075
19062
19050
19037
19050
19062
19062
19062
19062
19062
19037
19025
19012
19000
18962
18950
18937
18925
18912
18925
18937
18950
18962
19000
19012
19000
19012
19000
18987
18975
18987
18975
18987
19000
19012
19000
19012
19025
19012
19000
19012
19000
18962
18950
18937
18925
18937
18950
18975
19025
19075
19125
19187
19250
19312
19375
19450
19525
19600
19675
19762
19837
19912
19987
20050
20112
20150
20187
20225
20237
20250
20275
20287
20300
20337
20350
20362
20375
20387
20375
20387
20375
20387
20375
20387
20375
20387
20362
20362
20337
20337
20300
20300
20275
20250
20237
20212
20162
20112
20062
19987
19925
19862
19800
19725
19675
19637
19587
19562
19550
19512
19500
19487
19475
19462
19450
19437
19425
19387
19375
19362
19325
19287
19275
19237
19212
19200
19187
19150
19137
19125
19087
19075
19062
19025
19012
18987
18962
18937
18912
18887
18875
18837
18825
18837
18850
18862
18875
18887
18875
18837
18825
18812
18775
18762
18750
18737
18725
18737
18725
18737
18750
18787
18800
18837
18850
18862
18850
18862
18850
18862
18850
18837
18825
18812
18800
18787
18800
18812
18825
18812
18800
18787
18775
18762
18775
18812
18825
18812
18825
18837
18825
18812
18825
18812
18800
18787
18775
18762
18750
18737
18725
18712
18700
18687
18687
18687
18700
18712
18750
18787
18825
18900
18975
19050
19125
19225
19325
19425
19525
19612
19675
19737
19775
19812
19850
19862
19875
19887
19900
19887
19900
19887
19900
19887
19900
19887
19900
19887
19900
19912
19950
19962
20000
20012
20000
19962
19925
19887
19850
19812
19775
19737
19675
19612
19562
19512
19462
19412
19375
19312
19250
19187
19162
19125
19087
19075
19087
19075
19087
19100
19112
19100
19112
19100
19087
19075
19062
19050
19037
19050
19037
19050
19037
19050
19037
19025
18987
18950
18912
18875
18837
18825
18812
18800
18787
18800
18812
18825
18837
18850
18862
18850
18837
18825
18812
18800
18787
18800
18787
18800
18787
18800
18787
18800
18812
18825
18837
18850
18862
18850
18862
18850
18862
18850
18862
18850
18837
18800
18787
18775
18750
18750
18775
18800
18800
18837
18850
18837
18825
18812
18775
18737
18725
18687
18687
18687
18700
18712
18725
18737
18725
18737
18725
18737
18725
18737
18725
18712
18700
18687
18687
18675
18687
18675
18687
18675
18687
18675
18687
18687
18725
18762
18825
18887
18950
19012
19075
19137
19187
19250
19325
19400
19475
19550
19625
19675
19737
19775
19812
19825
19837
19850
19862
19850
19875
19875
19875
19900
19950
19987
20050
20087
20125
20137
20150
20162
20175
20187
20200
20212
20200
20187
20175
20187
20175
20187
20200
20187
20175
20162
20150
20137
20125
20112
20100
20062
20025
19987
19912
19862
19800
19762
19712
19675
19625
19600
19537
19487
19437
19412
19387
19362
19362
19387
19387
19387
19400
19412
19400
19412
19400
19387
19375
19362
19350
19337
19350
19337
19325
19287
19250
19212
19187
19150
19137
19125
19112
19100
19112
19100
19112
19100
19125
19125
19125
19125
19125
19112
19087
19100
19087
19100
19087
19112
19100
19112
19100
19087
19075
19062
19050
19037
19025
19012
19000
18987
18975
18950
18937
18950
18937
18925
18925
18912
18875
18837
18825
18812
18800
18812
18825
18837
18850
18862
18875
18887
18900
18912
18900
18887
18875
18862
18850
18837
18825
18812
18775
18737
18725
18712
18700
18712
18725
18737
18750
18787
18825
18887
18962
19037
19112
19212
19312
19400
19500
19562
19625
19662
19700
19712
19737
19750
19762
19775
19787
19825
19837
19875
19887
19900
19887
19900
19912
19925
19937
19975
19987
20000
20037
20050
20062
20100
20112
20100
20125
20125
20100
20100
20100
20087
20075
20087
20075
20062
20025
19987
19925
19862
19787
19712
19625
19550
19462
19412
19362
19350
19337
19350
19362
19375
19387
19400
19412
19400
19387
19375
19387
19375
19362
19350
19312
19250
19187
19162
19125
19087
19050
19037
19000
18962
18950
18937
18925
18912
18925
18912
18925
18912
18900
18887
18875
18837
18825
18812
18775
18737
18725
18687
18662
18650
18637
18625
18612
18625
18612
18625
18612
18625
18612
18625
18612
18625
18612
18625
18612
18625
18612
18625
18612
18625
18612
18625
18612
18600
18587
18600
18575
18587
18600
18587
18550
18550
18512
18500
18487
18475
18462
18450
18437
18425
18412
18400
18387
18375
18387
18400
18387
18400
18412
18400
18412
18425
18412
18375
18362
18325
18287
18275
18262
18250
18262
18300
18337
18412
18487
18562
18625
18700
18762
18825
18887
18950
19012
19075
19137
19175
19212
19237
19275
19312
19350
19387
19425
19437
19450
19462
19487
19475
19487
19500
19512
19512
19525
19537
19525
19537
19525
19537
19550
19562
19575
19587
19575
19537
19525
19487
19450
19412
19375
19312
19250
19175
19112
19037
18962
18887
18850
18812
18800
18787
18800
18812
18850
18862
18900
18912
18925
18912
18925
18912
18900
18862
18850
18812
18775
18762
18750
18712
18700
18687
18687
18675
18687
18675
18687
18675
18687
18675
18687
18675
18662
18650
18637
18625
18612
18600
18587
18575
18537
18525
18537
18525
18537
18550
18537
18537
18537
18512
18525
18525
18525
18525
18550
18537
18562
18550
18562
18575
18587
18575
18587
18575
18537
18525
18537
18525
18550
18575
18575
18575
18575
18562
18550
18562
18550
18525
18512
18500
18462
18450
18450
18437
18425
18412
18400
18412
18400
18412
18425
18437
18425
18437
18450
18462
18450
18462
18475
18462
18475
18512
18550
18587
18637
18700
18762
18837
18912
18987
19062
19137
19225
19312
19400
19462
19525
19575
19625
19662
19712
19750
19787
19800
19812
19825
19837
19825
19837
19825
19837
19825
19850
19850
19875
19900
19950
19987
20050
20112
20150
20187
20200
20187
20175
20162
20125
20087
20075
20037
20000
19987
19975
19925
19875
19850
19800
19750
19712
19675
19625
19562
19500
19462
19412
19387
19362
19337
19312
19325
19312
19325
19337
19350
19362
19375
19387
19400
19412
19400
19412
19400
19387
19350
19337
19300
19287
19275
19262
19250
19237
19237
19225
19212
19200
19187
19175
19162
19150
19112
19100
19062
19025
19012
19000
18987
18962
18962
18937
18937
18912
18925
18937
18950
18962
19000
19012
19025
19037
19025
19025
19025
19000
19000
19000
18987
18975
18962
18950
18937
18925
18912
18925
18912
18925
18912
18925
18937
18950
18937
18950
18937
18925
18900
18875
18850
18825
18775
18737
18725
18687
18687
18675
18687
18675
18687
18675
18687
18687
18725
18737
18775
18787
18775
18762
18775
18762
18750
18737
18725
18687
18687
18687
18737
18787
18862
18937
19025
19100
19162
19237
19312
19375
19437
19500
19562
19625
19675
19725
19775
19825
19837
19875
19912
19925
19937
19975
19987
20000
20037
20050
20062
20075
20087
20100
20112
20125
20162
20175
20187
20200
20187
20150
20137
20100
20062
20025
19987
19925
19862
19787
19737
19687
19650
19587
19537
19462
19412
19362
19350
19337
19350
19325
19325
19300
19300
19275
19287
19275
19287
19275
19287
19275
19262
19225
19187
19137
19100
19062
19050
19025
19025
19000
18975
18950
18937
18900
18900
18900
18875
18875
18875
18862
18850
18837
18825
18837
18825
18812
18800
18787
18750
18700
18675
18650
18637
18612
18600
18587
18575
18562
18575
18587
18575
18587
18575
18562
18550
18537
18525
18512
18475
18437
18425
18387
18375
18362
18350
18337
18325
18312
18325
18337
18350
18362
18350
18337
18325
18287
18275
18262
18225
18212
18200
18200
18187
18200
18200
18212
18225
18262
18300
18312
18350
18387
18437
18487
18562
18650
18737
18812
18887
18950
19012
19075
19137
19187
19262
19312
19362
19412
19462
19500
19537
19575
19612
19650
19675
19750
19787
19825
19837
19850
19825
19837
19825
19850
19850
19875
19875
19862
19850
19837
19825
19812
19812
19775
19762
19725
19700
19687
19675
19625
19575
19525
19450
19375
19312
19250
19187
19137
19075
19012
18950
18912
18875
18862
18850
18862
18875
18887
18900
18912
18900
18887
18875
18837
18800
18762
18700
18637
18587
18525
18487
18450
18412
18400
18375
18350
18325
18325
18300
18287
18250
18237
18200
18175
18162
18150
18112
18112
18112
18112
18112
18137
18125
18137
18125
18137
18125
18137
18125
18112
18100
18087
18050
18037
18025
18012
18000
18012
18000
18025
18025
18025
18025
18050
18037
18050
18062
18050
18037
18025
18012
18000
17987
17975
17962
17950
17937
17962
17962
17987
18012
18037
18050
18062
18075
18062
18075
18062
18087
18087
18112
18137
18175
18212
18287
18362
18437
18525
18600
18687
18775
18862
18937
19012
19075
19137
19175
19212
19237
19275
19312
19375
19437
19500
19562
19600
19637
19650
19662
19650
19662
19650
19662
19650
19662
19675
19687
19700
19712
19725
19725
19725
19725
19725
19700
19687
19675
19637
19587
19575
19537
19500
19462
19437
19400
19350
19300
19250
19200
19137
19100
19062
19050
19037
19050
19037
19050
19037
19025
19012
19000
18987
18975
18987
18975
18987
18975
18987
18975
18962
18950
18937
18925
18912
18900
18887
18875
18862
18837
18837
18812
18787
18737
18700
18662
18637
18625
18612
18625
18612
18625
18612
18625
18612
18625
18612
18625
18612
18625
18612
18625
18612
18625
18612
18625
18612
18637
18637
18637
18637
18662
18637
18650
18662
18675
18662
18687
18675
18687
18675
18687
18675
18687
18687
18700
18687
18700
18687
18687
18675
18687
18675
18687
18675
18687
18687
18700
18712
18725
18737
18725
18737
18750
18762
18775
18787
18800
18787
18800
18787
18800
18787
18800
18787
18800
18787
18800
18787
18800
18787
18800
18812
18825
18837
18875
18912
18950
19012
19075
19137
19187
19250
19312
19375
19450
19525
19600
19662
19737
19775
19825
19850
19875
19900
19925
19937
19975
19987
20000
20037
20050
20062
20075
20087
20075
20087
20075
20087
20075
20087
20075
20087
20075
20087
20075
20087
20075
20100
20100
20100
20075
20075
20037
20000
19962
19925
19850
19775
19700
19625
19562
19500
19437
19375
19337
19300
19287
19300
19312
19325
19337
19350
19337
19325
19312
19287
19262
19237
19237
19225
19212
19175
19162
19125
19112
19100
19112
19125
19137
19125
19137
19125
19112
19100
19112
19100
19112
19100
19112
19100
19112
19100
19112
19125
19137
19150
19162
19175
19162
19175
19162
19150
19137
19125
19112
19100
19112
19125
19137
19150
19187
19200
19212
19225
19237
19225
19212
19175
19162
19125
19112
19100
19087
19075
19062
19050
19062
19075
19062
19075
19062
19050
19062
19075
19087
19100
19112
19100
19112
19100
19112
19100
19112
19125
19162
19187
19250
19312
19375
19450
19525
19600
19687
19775
19850
19925
19962
20000
20037
20050
20062
20100
20112
20125
20162
20175
20187
20225
20237
20250
20275
20287
20275
20287
20300
20287
20300
20312
20325
20312
20300
20287
20275
20250
20212
20175
20112
20050
19975
19925
19875
19825
19775
19737
19675
19625
19587
19550
19500
19475
19475
19450
19450
19462
19475
19487
19500
19512
19525
19537
19525
19537
19525
19512
19475
19475
19450
19425
19400
19400
19362
19350
19337
19350
19337
19350
19337
19350
19337
19350
19337
19325
19287
19250
19212
19187
19175
19150
19150
19125
19125
19100
19087
19075
19062
19025
18987
18975
18962
18950
18962
19000
19012
19037
19050
19062
19050
19062
19037
19025
18987
18975
18937
18925
18912
18925
18937
18950
18937
18950
18937
18925
18912
18900
18862
18850
18812
18800
18787
18775
18762
18750
18712
18700
18687
18662
18650
18662
18637
18637
18662
18662
18637
18650
18637
18600
18587
18600
18612
18637
18700
18762
18837
18925
19012
19100
19200
19287
19362
19412
19450
19487
19500
19512
19525
19537
19550
19587
19600
19637
19650
19662
19650
19662
19650
19662
19650
19662
19650
19662
19650
19637
19625
19637
19625
19637
19650
19637
19637
19637
19637
19637
19637
19637
19625
19612
19587
19562
19525
19487
19450
19412
19375
19312
19250
19187
19150
19100
19050
19012
18975
18937
18900
18887
18875
18862
18850
18862
18850
18862
18850
18862
18850
18862
18850
18862
18875
18887
18875
18887
18875
18837
18800
18787
18750
18737
18725
18712
18675
18662
18637
18625
18612
18600
18587
18575
18562
18550
18537
18500
18462
18425
18412
18400
18412
18425
18437
18425
18437
18425
18412
18400
18387
18350
18350
18337
18300
18287
18275
18250
18237
18225
18212
18200
18200
18187
18200
18200
18212
18200
18212
18225
18212
18225
18237
18250
18237
18250
18237
18225
18212
18200
18200
18200
18237
18250
18287
18300
18312
18300
18312
18325
18362
18400
18462
18525
18587
18637
18712
18787
18862
18937
19012
19050
19087
19125
19162
19175
19212
19237
19275
19312
19375
19412
19450
19487
19525
19537
19587
19612
19637
19662
19700
19712
19750
19762
19775
19762
19775
19787
19800
19812
19825
19837
19825
19837
19825
19812
19775
19737
19675
19650
19612
19575
19537
19500
19437
19375
19312
19250
19212
19187
19175
19162
19175
19187
19212
19225
19262
19300
19312
19300
19312
19300
19287
19275
19262
19250
19237
19237
19225
19212
19200
19175
19150
19125
19100
19075
19062
19050
19037
19025
19012
19000
18962
18950
18937
18925
18912
18925
18912
18925
18912
18925
18912
18925
18912
18900
18887
18875
18837
18825
18812
18800
18775
18787
18775
18762
18750
18750
18737
18725
18737
18725
18737
18725
18712
18700
18687
18687
18675
18687
18687
18700
18712
18725
18712
18675
18662
18637
18625
18612
18625
18612
18600
18587
18575
18562
18575
18587
18600
18612
18625
18612
18625
18637
18662
18712
18762
18812
18862
18925
18975
19050
19125
19212
19287
19362
19437
19512
19587
19637
19687
19725
19737
19750
19787
19800
19825
19850
19875
19900
19950
19962
20000
20037
20050
20062
20075
20087
20075
20087
20100
20137
20175
20212
20225
20237
20225
20187
20150
20112
20050
19975
19900
19825
19775
19712
19675
19650
19625
19600
19612
19625
19637
19650
19662
19650
19662
19650
19662
19650
19662
19650
19637
19600
19587
19550
19512
19475
19437
19400
19350
19325
19325
19325
19300
19312
19300
19287
19275
19287
19275
19262
19250
19237
19237
19225
19212
19200
19187
19175
19162
19150
19137
19150
19137
19150
19162
19175
19162
19175
19162
19175
19187
19200
19212
19225
19212
19175
19137
19100
19050
19025
19000
19000
18975
18987
18975
18987
19000
19012
19000
19012
19000
18987
18975
18987
18975
18987
18962
18962
18937
18937
18912
18937
18962
18987
19012
19037
19050
19037
19050
19037
19050
19037
19050
19037
19050
19062
19100
19137
19187
19262
19337
19425
19512
19600
19675
19762
19837
19912
19987
20062
20112
20175
20212
20250
20262
20287
20275
20287
20275
20275
20275
20300
20325
20350
20362
20375
20387
20400
20412
20425
20437
20450
20462
20475
20462
20475
20487
20475
20487
20500
20487
20450
20437
20425
20412
20400
20387
20350
20287
20225
20175
20112
20050
19987
19925
19862
19825
19787
19750
19737
19725
19725
19712
19725
19700
19700
19675
19650
19625
19612
19600
19587
19575
19562
19550
19537
19525
19537
19512
19512
19487
19462
19437
19425
19387
19375
19362
19325
19287
19275
19237
19237
19225
19237
19225
19237
19225
19237
19225
19237
19237
19237
19237
19237
19212
19200
19187
19175
19162
19175
19162
19175
19162
19175
19162
19175
19162
19175
19162
19150
19137
19125
19087
19075
19062
19050
19037
19025
19012
19000
18962
18950
18937
18925
18912
18900
18862
18850
18812
18775
18762
18775
18762
18775
18787
18800
18787
18775
18762
18775
18762
18775
18787
18800
18787
18800
18812
18850
18900
18975
19062
19150
19262
19362
19475
19575
19650
19700
19750
19787
19800
19812
19850
19862
19875
19887
19900
19887
19900
19912
19912
19912
19937
19937
19937
19975
19987
20000
20037
20050
20062
20075
20087
20075
20062
20025
19987
19925
19862
19825
19787
19750
19712
19662
19625
19575
19525
19475
19437
19375
19337
19300
19262
19225
19187
19137
19075
19037
19000
18962
18950
18937
18925
18912
18925
18912
18900
18887
18875
18862
18850
18837
18800
18787
18750
18737
18725
18712
18675
18637
18587
18525
18487
18450
18412
18400
18375
18325
18275
18250
18200
18175
18137
18100
18037
18000
17987
18000
18012
18025
18012
18000
17962
17950
17925
17925
17900
17875
17862
17850
17837
17850
17862
17875
17925
17950
17975
18000
18012
18025
18037
18025
18012
18000
17962
17925
17912
17900
17887
17875
17887
17875
17887
17875
17887
17875
17887
17875
17887
17875
17862
17850
17837
17825
17812
17825
17812
17825
17812
17825
17812
17825
17837
17875
17912
17975
18037
18100
18150
18212
18287
18362
18437
18512
18587
18637
18700
18762
18800
18837
18875
18912
18950
19012
19075
19112
19150
19187
19200
19212
19237
19250
19262
19275
19287
19300
19312
19325
19362
19400
19412
19450
19462
19450
19412
19375
19312
19275
19237
19212
19175
19137
19075
19012
18937
18850
18762
18662
18587
18537
18487
18437
18425
18387
18350
18337
18325
18287
18275
18262
18225
18212
18200
18200
18187
18175
18162
18150
18137
18125
18137
18125
18137
18125
18137
18125
18137
18125
18112
18100
18087
18075
18062
18075
18062
18075
18062
18037
18025
18012
17975
17937
17912
17850
17787
17750
17712
17675
17637
17625
17625
17625
17662
17725
17762
17800
17812
17825
17812
17800
17787
17775
17762
17750
17762
17750
17762
17750
17762
17750
17762
17775
17812
17825
17837
17850
17862
17850
17862
17875
17887
17875
17887
17900
17937
17950
17987
18000
18012
18000
18012
18025
18037
18050
18062
18075
18087
18125
18150
18187
18225
18237
18262
18262
18262
18275
18287
18262
18262
18262
18250
18237
18262
18300
18362
18425
18525
18600
18687
18787
18887
18975
19062
19137
19187
19250
19312
19375
19412
19450
19462
19475
19487
19500
19512
19550
19562
19587
19612
19637
19662
19687
19700
19712
19725
19712
19725
19712
19725
19712
19700
19687
19675
19637
19600
19562
19500
19437
19375
19312
19250
19187
19137
19075
19012
18975
18925
18875
18825
18775
18700
18662
18625
18600
18575
18575
18550
18562
18537
18537
18537
18537
18537
18537
18537
18512
18512
18487
18500
18487
18475
18437
18425
18387
18350
18337
18325
18287
18275
18262
18225
18212
18200
18175
18137
18100
18037
18000
17962
17950
17962
17962
17962
17962
17962
17937
17950
17962
17975
18000
18025
18025
18000
18000
17962
17950
17937
17950
17937
17925
17912
17900
17887
17875
17862
17850
17837
17825
17812
17825
17812
17825
17812
17800
17787
17775
17762
17750
17762
17750
17762
17775
17787
17800
17812
17825
17812
17825
17812
17800
17787
17775
17762
17750
17762
17750
17762
17775
17787
17800
17837
17850
17862
17875
17887
17900
17937
17975
18037
18100
18150
18212
18287
18362
18437
18525
18600
18675
18750
18825
18887
18950
19012
19075
19137
19187
19225
19262
19300
19337
19350
19387
19400
19387
19375
19362
19350
19337
19325
19312
19300
19287
19275
19287
19275
19287
19300
19312
19300
19287
19250
19187
19137
19075
19012
18937
18862
18787
18712
18637
18587
18525
18487
18450
18437
18425
18412
18400
18387
18375
18362
18375
18362
18375
18362
18350
18337
18325
18312
18300
18312
18300
18287
18275
18262
18225
18175
18150
18137
18112
18087
18075
18037
18000
17962
17925
17887
17875
17837
17825
17800
17812
17800
17812
17800
17825
17812
17825
17837
17850
17862
17862
17875
17850
17850
17825
17812
17787
17775
17762
17750
17762
17750
17762
17750
17762
17775
17787
17812
17837
17837
17837
17837
17800
17787
17775
17737
17700
17687
17650
17650
17625
17637
17637
17675
17687
17737
17750
17762
17737
17737
17712
17712
17687
17675
17637
17625
17600
17562
17550
17537
17525
17512
17525
17537
17575
17600
17662
17725
17787
17850
17925
18000
18075
18137
18212
18250
18287
18325
18362
18400
18462
18525
18587
18637
18700
18762
18825
18862
18900
18937
18975
19012
19050
19087
19125
19137
19125
19137
19125
19087
19075
19062
19025
19012
19025
19012
19025
19037
19025
19012
19000
18987
18975
18987
18975
18962
18950
18937
18900
18862
18825
18762
18700
18637
18587
18512
18462
18412
18362
18337
18362
18350
18362
18400
18437
18437
18450
18475
18500
18500
18525
18550
18562
18550
18537
18500
18487
18450
18400
18375
18350
18325
18300
18312
18300
18287
18250
18237
18200
18200
18200
18212
18200
18212
18200
18200
18187
18200
18187
18175
18162
18150
18137
18150
18175
18212
18275
18312
18325
18350
18350
18350
18350
18350
18312
18275
18237
18200
18200
18187
18175
18162
18175
18162
18175
18187
18200
18187
18200
18187
18200
18187
18175
18162
18150
18137
18125
18137
18125
18137
18150
18162
18175
18187
18200
18187
18200
18187
18200
18187
18200
18212
18262
18312
18387
18475
18550
18612
18687
18762
18825
18887
18950
19012
19075
19137
19187
19250
19312
19350
19400
19425
19450
19475
19500
19512
19550
19562
19575
19587
19600
19575
19575
19550
19550
19550
19562
19575
19587
19600
19587
19575
19562
19550
19512
19475
19437
19375
19337
19300
19287
19275
19262
19225
19187
19137
19075
19037
19000
18987
18975
18962
18925
18925
18900
18875
18875
18875
18862
18837
18837
18837
18837
18812
18837
18837
18837
18862
18887
18900
18912
18900
18862
18825
18762
18725
18675
18637
18612
18587
18562
18575
18587
18600
18637
18650
18637
18650
18637
18600
18562
18550
18512
18500
18487
18500
18512
18525
18537
18575
18587
18575
18587
18575
18562
18550
18537
18500
18487
18450
18412
18400
18412
18400
18412
18425
18437
18425
18437
18425
18437
18425
18437
18425
18437
18425
18437
18425
18437
18425
18437
18425
18412
18400
18387
18375
18362
18375
18362
18375
18362
18375
18362
18387
18375
18400
18400
18425
18437
18487
18525
18587
18637
18700
18775
18850
18925
19000
19075
19137
19187
19250
19312
19375
19437
19500
19562
19625
19675
19712
19750
19762
19775
19787
19800
19812
19825
19837
19825
19837
19825
19812
19800
19787
19775
19762
19775
19787
19800
19787
19800
19812
19800
19787
19775
19737
19675
19612
19562
19500
19437
19400
19362
19300
19250
19200
19137
19075
19037
19000
18962
18962
18962
18937
18937
18937
18925
18912
18925
18912
18925
18937
18950
18962
18975
18962
18950
18925
18875
18825
18775
18725
18687
18662
18650
18662
18650
18637
18650
18637
18600
18587
18575
18562
18550
18562
18550
18562
18537
18512
18462
18437
18387
18350
18312
18275
18237
18225
18212
18225
18237
18250
18237
18250
18237
18250
18237
18250
18237
18250
18237
18225
18212
18200
18175
18137
18137
18100
18087
18075
18087
18062
18075
18062
18075
18062
18050
18037
18025
18012
18000
17987
17975
17962
17950
17937
17925
17912
17900
17887
17875
17887
17875
17887
17875
17887
17875
17887
17875
17862
17850
17837
17800
17787
17762
17737
17737
17762
17787
17850
17912
17975
18050
18112
18200
18287
18375
18450
18525
18587
18637
18700
18762
18825
18900
18975
19050
19100
19150
19187
19200
19212
19237
19275
19287
19325
19362
19400
19437
19500
19537
19575
19587
19600
19587
19600
19587
19600
19587
19600
19587
19600
19587
19600
19587
19575
19537
19500
19437
19375
19312
19250
19187
19137
19075
19012
18950
18887
18850
18812
18800
18787
18800
18787
18800
18787
18800
18787
18800
18787
18800
18787
18812
18812
18837
18837
18837
18800
18762
18700
18662
18637
18600
18587
18575
18562
18550
18537
18525
18512
18475
18462
18450
18412
18400
18387
18375
18362
18375
18387
18400
18412
18425
18412
18400
18387
18350
18337
18325
18287
18250
18237
18225
18212
18225
18262
18275
18287
18300
18312
18300
18312
18300
18312
18300
18312
18300
18312
18325
18337
18350
18362
18375
18362
18387
18375
18387
18375
18387
18362
18350
18312
18275
18212
18175
18150
18137
18150
18175
18187
18225
18237
18250
18262
18275
18287
18325
18362
18400
18475
18550
18637
18725
18812
18887
18950
18987
19025
19062
19100
19137
19187
19250
19287
19325
19362
19400
19437
19500
19537
19575
19612
19625
19637
19675
19687
19700
19725
19762
19800
19837
19875
19887
19900
19887
19875
19862
19850
19812
19800
19787
19750
19712
19675
19625
19562
19500
19437
19400
19350
19325
19287
19250
19187
19137
19075
19037
19000
18962
18950
18937
18900
18887
18875
18862
18850
18837
18825
18812
18775
18737
18737
18712
18687
18662
18662
18637
18600
18562
18550
18512
18475
18462
18450
18437
18425
18437
18425
18437
18425
18437
18425
18437
18425
18412
18400
18387
18350
18312
18300
18262
18225
18212
18200
18200
18187
18200
18187
18200
18187
18200
18187
18200
18187
18175
18137
18137
18100
18087
18075
18087
18062
18075
18062
18050
18050
18050
18050
18050
18075
18062
18050
18037
18025
18012
18025
18037
18050
18087
18125
18150
18225
18275
18337
18400
18462
18512
18587
18650
18725
18800
18875
18950
19012
19050
19087
19125
19162
19187
19250
19312
19375
19437
19475
19512
19550
19587
19600
19637
19675
19687
19700
19725
19725
19725
19725
19725
19712
19700
19687
19675
19662
19650
19662
19650
19637
19625
19612
19575
19537
19500
19437
19375
19312
19250
19187
19137
19075
19000
18962
18925
18912
18925
18950
18962
18962
18962
18937
18912
18887
18875
18837
18825
18812
18800
18812
18825
18837
18850
18862
18837
18837
18812
18787
18737
18700
18662
18637
18600
18562
18550
18512
18500
18487
18500
18487
18475
18437
18425
18387
18375
18362
18375
18362
18350
18312
18300
18262
18225
18212
18200
18162
18150
18137
18125
18112
18112
18100
18087
18050
18037
18050
18037
18050
18062
18050
18037
18025
18012
18000
18012
18000
17987
17975
17987
17975
17987
18000
18012
18000
17987
17975
17987
17975
17987
18000
18012
18000
18012
18000
18012
18000
18012
18000
17987
17975
17962
17925
17887
17875
17837
17825
17812
17837
17862
17912
17962
18037
18100
18187
18275
18362
18462
18550
18612
18687
18775
18850
18925
19000
19075
19112
19150
19187
19212
19225
19275
19300
19325
19350
19400
19437
19475
19512
19550
19562
19550
19562
19550
19537
19525
19537
19525
19537
19525
19512
19500
19487
19475
19462
19450
19437
19425
19387
19350
19312
19275
19237
19212
19200
19187
19150
19112
19075
19012
18950
18887
18825
18762
18725
18687
18662
18625
18587
18550
18512
18500
18487
18500
18487
18500
18487
18500
18487
18500
18487
18500
18487
18500
18487
18500
18487
18475
18437
18425
18387
18350
18337
18312
18287
18262
18237
18187
18175
18150
18112
18100
18075
18050
18025
18025
18000
18012
18000
18012
18000
18012
18000
18012
18025
18037
18050
18062
18075
18087
18087
18087
18112
18112
18087
18100
18087
18050
18012
18000
17962
17950
17962
18000
18012
18050
18062
18075
18062
18075
18062
18075
18062
18050
18012
18000
17962
17925
17912
17900
17862
17850
17837
17825
17812
17825
17850
17875
17875
17900
17925
17912
17937
17962
17987
17987
17987
17975
17962
17950
17937
17950
17937
17950
17962
18012
18062
18125
18200
18275
18337
18400
18475
18550
18625
18712
18800
18875
18950
19012
19075
19112
19150
19162
19175
19187
19200
19212
19237
19250
19262
19275
19287
19275
19287
19275
19287
19300
19312
19325
19337
19325
19312
19287
19237
19187
19162
19125
19087
19050
19012
18950
18887
18825
18762
18700
18662
18625
18575
18525
18475
18425
18412
18400
18412
18425
18437
18425
18437
18425
18412
18375
18362
18325
18312
18300
18287
18275
18262
18225
18212
18200
18200
18187
18200
18187
18200
18187
18175
18162
18150
18112
18100
18112
18100
18125
18150
18175
18175
18200
18187
18200
18200
18212
18225
18237
18225
18212
18200
18200
18175
18175
18150
18150
18125
18112
18100
18087
18050
18012
18000
17987
18000
18037
18075
18112
18125
18112
18075
18062
18025
18012
18000
18012
18000
18012
18000
18012
18025
18037
18050
18062
18075
18062
18075
18062
18050
18037
18050
18062
18100
18150
18212
18275
18337
18412
18487
18562
18637
18700
18762
18800
18837
18862
18912
18925
18962
19000
19037
19075
19137
19187
19225
19262
19300
19337
19350
19387
19425
19437
19450
19462
19475
19462
19475
19462
19475
19462
19475
19462
19450
19412
19400
19362
19325
19287
19250
19187
19137
19075
19012
18950
18875
18800
18725
18650
18587
18550
18512
18475
18462
18450
18437
18450
18462
18475
18487
18475
18462
18450
18437
18425
18412
18375
18362
18325
18287
18250
18212
18175
18150
18112
18100
18087
18075
18062
18075
18087
18100
18087
18100
18087
18075
18062
18050
18037
18050
18025
18025
18050
18075
18075
18112
18125
18137
18150
18162
18150
18162
18150
18112
18075
18062
18025
18012
18025
18037
18050
18087
18100
18112
18125
18112
18075
18062
18025
17987
17975
17962
17950
17937
17950
17937
17950
17937
17950
17962
17975
17962
17975
17962
17950
17962
17975
17987
18025
18062
18100
18150
18212
18275
18350
18412
18500
18575
18637
18700
18762
18825
18887
18925
18975
19025
19075
19125
19175
19212
19237
19275
19287
19325
19337
19350
19337
19350
19337
19325
19312
19300
19287
19275
19287
19275
19262
19250
19237
19237
19225
19212
19200
19187
19150
19137
19125
19075
19025
18975
18900
18825
18762
18700
18662
18637
18587
18562
18537
18487
18462
18450
18437
18425
18437
18425
18437
18425
18437
18425
18437
18425
18412
18400
18387
18375
18362
18350
18337
18325
18312
18300
18312
18300
18287
18275
18262
18225
18187
18175
18150
18137
18125
18112
18100
18087
18075
18087
18100
18112
18125
18112
18100
18087
18050
18012
17975
17937
17900
17887
17900
17937
17975
18012
18062
18075
18087
18075
18062
18037
18025
17987
17950
17937
17900
17862
17850
17837
17825
17812
17825
17812
17825
17812
17825
17812
17825
17812
17825
17800
17800
17775
17775
17750
17762
17775
17787
17800
17812
17825
17812
17825
17812
17825
17812
17825
17850
17900
17962
18025
18100
18162
18237
18300
18387
18462
18525
18587
18650
18725
18800
18875
18950
19012
19050
19087
19137
19162
19187
19212
19237
19225
19237
19225
19237
19237
19275
19312
19337
19362
19387
19375
19362
19362
19362
19362
19375
19362
19375
19387
19375
19400
19425
19425
19425
19425
19387
19350
19312
19250
19187
19137
19075
19012
18950
18887
18825
18787
18750
18712
18700
18687
18687
18675
18662
18650
18637
18600
18587
18575
18562
18575
18587
18600
18612
18600
18587
18575
18537
18525
18512
18475
18437
18400
18362
18312
18287
18262
18262
18237
18250
18237
18250
18237
18250
18237
18250
18262
18262
18237
18237
18212
18200
18187
18200
18187
18200
18187
18200
18187
18200
18187
18200
18200
18212
18225
18237
18225
18187
18175
18150
18112
18100
18075
18050
18050
18037
18037
18037
18012
17987
18000
17975
17987
18000
17987
17975
17962
17925
17912
17900
17887
17875
17887
17900
17912
17925
17937
17925
17912
17925
17912
17925
17962
18000
18037
18100
18187
18250
18312
18387
18462
18525
18600
18687
18762
18825
18862
18900
18937
18975
18987
19037
19087
19137
19175
19225
19262
19275
19287
19275
19287
19275
19287
19275
19287
19275
19287
19275
19287
19275
19287
19275
19262
19250
19237
19212
19200
19187
19150
19112
19075
19012
18950
18887
18825
18762
18700
18637
18587
18525
18462
18437
18412
18387
18387
18387
18375
18362
18375
18387
18400
18425
18450
18475
18475
18500
18512
18525
18512
18525
18512
18475
18437
18400
18362
18325
18287
18275
18262
18212
18187
18162
18150
18112
18087
18062
18037
17987
17975
17962
17950
17937
17925
17912
17900
17887
17900
17912
17925
17962
17975
17987
18000
18012
18000
18012
18000
17987
17950
17937
17900
17887
17875
17887
17862
17862
17862
17862
17862
17875
17887
17875
17887
17875
17887
17875
17862
17850
17862
17850
17862
17875
17862
17850
17837
17825
17812
17825
17812
17825
17812
17825
17812
17825
17812
17800
17787
17775
17762
17750
17762
17750
17762
17737
17737
17737
17737
17737
17750
17762
17775
17812
17850
17912
17975
18037
18100
18162
18237
18312
18387
18462
18525
18587
18637
18700
18762
18825
18862
18912
18962
19012
19062
19137
19175
19212
19225
19237
19225
19237
19225
19237
19237
19275
19312
19375
19412
19450
19462
19475
19462
19475
19462
19450
19412
19375
19312
19250
19187
19137
19075
19012
18950
18887
18825
18762
18725
18687
18662
18650
18637
18625
18612
18625
18612
18625
18612
18625
18612
18600
18587
18575
18537
18525
18512
18500
18487
18475
18462
18450
18412
18400
18387
18350
18312
18300
18262
18225
18212
18200
18175
18137
18125
18087
18075
18062
18050
18037
18025
17987
17987
17987
17962
17937
17937
17900
17850
17825
17825
17800
17800
17812
17825
17812
17837
17825
17837
17825
17837
17812
17800
17787
17762
17737
17712
17712
17687
17675
17637
17625
17600
17587
17575
17587
17575
17587
17600
17612
17625
17650
17662
17675
17687
17700
17687
17675
17662
17650
17650
17637
17650
17650
17650
17662
17700
17725
17775
17850
17925
18000
18075
18137
18225
18300
18375
18450
18525
18587
18637
18700
18762
18825
18887
18950
19012
19050
19087
19100
19112
19100
19112
19100
19112
19100
19112
19100
19112
19100
19112
19125
19162
19175
19212
19225
19212
19200
19187
19150
19112
19100
19050
19000
18950
18887
18800
18725
18650
18575
18525
18462
18425
18387
18362
18337
18350
18337
18325
18337
18325
18312
18300
18312
18325
18337
18350
18387
18400
18412
18450
18462
18475
18487
18475
18437
18425
18387
18350
18312
18275
18237
18200
18175
18162
18150
18137
18125
18137
18150
18175
18187
18200
18212
18200
18175
18137
18125
18087
18050
18012
18000
17987
17975
17987
18025
18062
18075
18112
18125
18112
18100
18087
18075
18062
18050
18012
17975
17937
17925
17912
17925
17937
17962
17962
17987
17987
18012
18000
18012
18000
17987
17975
17962
17950
17937
17950
17937
17950
17925
17937
17925
17937
17950
17975
17987
18025
18037
18050
18062
18075
18062
18075
18062
18075
18062
18075
18087
18125
18137
18175
18200
18237
18275
18337
18412
18487
18562
18650
18737
18812
18887
18950
19012
19075
19137
19187
19237
19287
19337
19375
19412
19450
19487
19500
19512
19525
19550
19550
19575
19600
19625
19637
19675
19687
19700
19712
19725
19725
19737
19750
19787
19800
19787
19800
19787
19775
19762
19775
19762
19750
19750
19737
19725
19712
19700
19662
19625
19562
19500
19437
19375
19312
19250
19187
19137
19100
19062
19025
19012
19025
19012
19000
19025
19050
19050
19050
19075
19062
19050
19012
19000
18962
18950
18912
18900
18862
18850
18812
18775
18737
18700
18662
18625
18600
18575
18550
18525
18512
18500
18487
18500
18487
18475
18462
18450
18437
18425
18437
18412
18387
18362
18337
18312
18325
18337
18325
18337
18325
18312
18300
18287
18275
18262
18250
18237
18250
18262
18275
18287
18300
18312
18300
18312
18300
18287
18275
18262
18225
18212
18200
18200
18200
18212
18237
18262
18287
18275
18287
18262
18262
18237
18250
18237
18250
18237
18250
18262
18300
18337
18400
18462
18525
18587
18637
18700
18762
18825
18887
18950
19012
19075
19137
19187
19225
19275
19325
19375
19425
19512
19587
19650
19700
19750
19762
19775
19762
19775
19787
19800
19787
19800
19787
19775
19762
19750
19737
19750
19737
19750
19762
19775
19762
19750
19712
19675
19625
19562
19487
19437
19387
19337
19287
19250
19175
19137
19087
19037
19012
19000
18962
18950
18937
18900
18887
18875
18862
18837
18850
18837
18825
18812
18837
18825
18812
18825
18812
18775
18762
18750
18712
18700
18687
18662
18625
18612
18575
18562
18550
18537
18525
18512
18475
18437
18400
18337
18300
18250
18225
18200
18200
18187
18200
18187
18200
18200
18225
18225
18250
18237
18250
18237
18225
18212
18200
18200
18187
18175
18162
18150
18137
18125
18137
18125
18137
18125
18137
18125
18137
18125
18137
18125
18112
18100
18087
18075
18062
18050
18037
18025
18012
18025
18037
18062
18075
18087
18100
18137
18137
18137
18150
18162
18150
18162
18187
18200
18187
18200
18187
18200
18187
18200
18200
18212
18225
18262
18300
18350
18425
18500
18575
18675
18762
18862
18962
19050
19125
19187
19250
19312
19337
19362
19400
19412
19425
19450
19487
19487
19512
19537
19587
19625
19662
19700
19712
19725
19725
19737
19750
19762
19775
19762
19750
19737
19725
19700
19687
19675
19662
19650
19637
19600
19587
19550
19512
19475
19437
19375
19312
19250
19187
19137
19075
19012
18950
18887
18825
18762
18700
18662
18625
18600
18575
18550
18500
18487
18450
18437
18450
18462
18475
18487
18500
18487
18475
18437
18425
18387
18350
18300
18250
18200
18150
18112
18075
18037
17975
17912
17875
17837
17800
17787
17775
17762
17750
17762
17775
17787
17812
17825
17837
17825
17812
17762
17725
17687
17650
17625
17612
17587
17575
17562
17575
17562
17587
17575
17587
17600
17612
17625
17637
17650
17637
17625
17612
17600
17562
17525
17487
17450
17412
17375
17362
17375
17362
17375
17412
17450
17462
17500
17512
17525
17537
17550
17537
17550
17537
17500
17487
17475
17462
17450
17462
17450
17462
17475
17512
17525
17562
17575
17587
17575
17587
17600
17612
17625
17650
17687
17725
17787
17850
17912
17975
18037
18100
18150
18225
18275
18325
18375
18425
18462
18525
18587
18637
18700
18762
18825
18887
18925
18962
18975
18987
18975
18987
18975
18987
18975
18962
18950
18937
18925
18912
18925
18912
18925
18912
18900
18862
18825
18762
18700
18637
18587
18525
18450
18375
18325
18275
18250
18237
18250
18237
18225
18212
18200
18200
18200
18212
18225
18237
18250
18237
18250
18237
18250
18237
18225
18212
18200
18175
18137
18100
18037
18000
17962
17950
17937
17950
17937
17950
17962
17975
17987
18000
17987
17975
17962
17950
17937
17925
17912
17925
17937
17950
18000
18025
18050
18075
18100
18112
18125
18137
18125
18137
18125
18112
18100
18087
18075
18050
18050
18025
18025
18000
18012
18000
17987
17975
17962
17950
17937
17950
17962
17962
17962
17962
17937
17937
17937
17937
17962
17987
17962
17975
17962
17950
17937
17950
17937
17950
17962
18000
18037
18100
18150
18212
18287
18362
18437
18512
18587
18662
18737
18812
18862
18900
18937
18975
19012
19075
19137
19187
19250
19312
19375
19437
19475
19487
19512
19512
19487
19487
19487
19475
19462
19475
19462
19475
19450
19450
19450
19450
19450
19487
19500
19512
19525
19537
19525
19512
19475
19437
19400
19362
19325
19287
19250
19212
19187
19150
19112
19075
19012
18950
18887
18850
18812
18800
18775
18775
18775
18762
18750
18775
18775
18775
18787
18775
18737
18700
18637
18587
18525
18487
18450
18412
18400
18387
18350
18337
18325
18287
18275
18262
18250
18237
18250
18237
18250
18237
18225
18212
18225
18212
18225
18237
18250
18237
18250
18237
18225
18212
18200
