t = 60.000000, p = 610.000000
19337
19350
19337
19350
19337
19350
19337
19325
19287
19275
19262
19250
19237
19250
19237
19237
19225
19237
19212
19212
19187
19187
19162
19175
19162
19150
19137
19125
19112
19100
19112
19100
19087
19075
19062
19050
19037
19025
19012
19000
19000
18987
19000
18987
18975
18950
18937
18925
18937
18975
19012
19075
19137
19225
19312
19425
19537
19637
19750
19875
19987
20100
20187
20287
20375
20450
20550
20625
20687
20762
20837
20887
20962
21037
21087
21137
21187
21237
21237
21262
21287
21287
21287
21312
21325
21337
21350
21362
21350
21362
21375
21375
21375
21375
21375
21350
21337
21300
21262
21212
21150
21087
21025
20950
20862
20762
20662
20575
20487
20412
20350
20287
20225
20175
20112
20050
20012
20000
19987
20000
20037
20075
20112
20150
20162
20175
20162
20150
20137
20150
20137
20125
20087
20050
19987
19925
19862
19800
19737
19675
19650
19612
19575
19537
19500
19437
19375
19337
19300
19262
19250
19237
19212
19200
19212
19200
19187
19200
19187
19175
19187
19187
19187
19187
19187
19162
19175
19162
19150
19137
19125
19112
19100
19112
19100
19087
19075
19062
19050
19037
19050
19025
19025
19025
19000
18975
18962
18950
18912
18900
18887
18875
18862
18850
18862
18875
18912
18950
19025
19100
19175
19275
19375
19475
19587
19712
19837
19962
20087
20175
20287
20400
20512
20612
20700
20775
20850
20937
21000
21075
21125
21162
21187
21237
21250
21287
21312
21325
21337
21375
21387
21400
21412
21425
21412
21425
21437
21450
21462
21475
21487
21475
21462
21450
21437
21425
21412
21400
21362
21350
21312
21287
21275
21250
21200
21150
21100
21025
20962
20900
20837
20775
20712
20650
20575
20500
20425
20350
20275
20225
20187
20137
20125
20125
20125
20150
20175
20187
20200
20212
20200
20212
20200
20212
20200
20187
20175
20162
20125
20087
20075
20037
20000
19962
19925
19887
19850
19812
19775
19762
19725
19687
19637
19612
19562
19500
19475
19450
19387
19350
19350
19312
19300
19325
19325
19300
19312
19300
19287
19275
19287
19275
19262
19250
19237
19237
19225
19237
19225
19237
19225
19237
19225
19212
19200
19187
19175
19162
19175
19162
19150
19137
19125
19087
19075
19050
19025
19025
19012
19000
19000
18975
18950
18937
18925
18912
18900
18887
18875
18862
18850
18862
18887
18937
19000
19087
19162
19250
19337
19425
19525
19625
19737
19850
19950
20050
20137
20212
20300
20387
20462
20537
20600
20662
20712
20775
20812
20862
20887
20912
20937
20987
21000
21037
21050
21062
21050
21062
21050
21062
21050
21037
21025
21012
20975
20937
20925
20887
20837
20787
20737
20650
20575
20500
20412
20325
20250
20162
20087
20000
19912
19850
19787
19750
19750
19750
19750
19787
19800
19812
19850
19887
19900
19912
19925
19912
19875
19837
19825
19787
19750
19712
19675
19625
19587
19550
19512
19475
19462
19425
19387
19375
19362
19325
19287
19287
19250
19212
19200
19187
19150
19137
19125
19087
19075
19062
19025
19012
19025
19000
19000
19000
19000
18975
18987
18975
18987
18975
18987
18975
18962
18950
18937
18900
18887
18875
18837
18825
18812
18775
18762
18750
18737
18725
18737
18725
18737
18725
18712
18700
18687
18687
18712
18762
18812
18887
18950
19025
19100
19200
19300
19412
19525
19625
19737
19862
19975
20075
20162
20250
20325
20400
20475
20537
20600
20662
20712
20775
20837
20875
20912
20950
20962
20975
21012
21025
21037
21050
21062
21075
21087
21112
21137
21162
21162
21187
21175
21187
21175
21162
21150
21137
21100
21062
21025
20962
20900
20825
20775
20712
20662
20587
20525
20437
20362
20287
20212
20137
20050
19962
19875
19825
19812
19800
19825
19850
19875
19875
19900
19887
19900
19887
19900
19887
19862
19837
19812
19762
19737
19725
19700
19687
19675
19637
19625
19612
19575
19562
19550
19512
19475
19462
19425
19387
19350
19312
19250
19187
19137
19100
19062
19025
19012
19000
18987
18975
18987
18975
18987
18975
18962
18950
18937
18925
18912
18937
18937
18937
18937
18937
18925
18937
18950
18937
18950
18937
18937
18937
18937
18912
18912
18875
18837
18825
18812
18775
18762
18750
18712
18700
18687
18662
18650
18637
18625
18612
18625
18637
18650
18662
18687
18725
18775
18862
18950
19037
19137
19250
19362
19487
19600
19725
19850
19962
20075
20175
20275
20362
20462
20550
20637
20700
20775
20837
20900
20962
21025
21062
21100
21137
21150
21137
21112
21087
21025
20987
20950
20925
20875
20837
20775
20700
20637
20562
20475
20412
20350
20287
20225
20175
20100
20050
19987
19925
19887
19862
19837
19862
19887
19912
19937
19962
19950
19962
19975
19987
19975
19987
19975
19962
19937
19912
19887
19862
19812
19775
19737
19675
19650
19612
19575
19537
19525
19512
19500
19475
19475
19437
19400
19362
19362
19325
19325
19300
19275
19225
19212
19187
19150
19137
19125
19087
19075
19062
19025
19012
19000
18987
18975
18962
18950
18937
18925
18912
18925
18912
18925
18912
18900
18887
18875
18862
18837
18837
18812
18812
18787
18800
18787
18800
18787
18800
18787
18775
18737
18725
18687
18662
18625
18612
18600
18587
18600
18637
18662
18700
18775
18850
18912
19000
19087
19175
19287
19412
19550
19675
19800
19912
20037
20150
20262
20362
20462
20537
20600
20662
20712
20775
20837
20900
20937
20975
20987
21012
21037
21062
21087
21137
21175
21187
21225
21237
21250
21262
21275
21262
21275
21262
21225
21187
21150
21087
21025
20962
20887
20837
20762
20687
20625
20562
20475
20400
20325
20250
20175
20112
20050
19987
19950
19912
19900
19887
19900
19887
19900
19912
19950
19962
19975
19987
19975
19962
19950
19937
19925
19912
19875
19837
19800
19762
19725
19700
19662
19625
19562
19500
19462
19425
19387
19350
19300
19250
19200
19162
19112
19100
19062
19025
19012
19000
18987
18975
18987
18975
18987
18975
18962
18950
18937
18900
18887
18875
18862
18850
18862
18850
18862
18850
18837
18800
18787
18750
18712
18700
18687
18662
18650
18637
18625
18612
18600
18587
18575
18575
18575
18600
18625
18687
18737
18812
18900
18975
19062
19150
19262
19375
19500
19612
19725
19825
19912
19987
20062
20137
20225
20312
20400
20475
20550
20600
20625
20662
20700
20712
20737
20787
20825
20837
20850
20887
20900
20912
20925
20937
20950
20962
20975
20987
21000
20975
20975
20950
20950
20925
20900
20875
20850
20800
20775
20750
20712
20662
20612
20537
20462
20387
20312
20225
20137
20050
19950
19850
19762
19687
19650
19637
19650
19675
19737
19775
19787
19800
19787
19775
19762
19750
19712
19700
19662
19612
19562
19512
19462
19425
19387
19350
19337
19300
19262
19225
19212
19187
19150
19137
19125
19087
19050
19012
18975
18937
18900
18887
18875
18862
18850
18837
18825
18812
18800
18787
18800
18787
18775
18775
18762
18750
18737
18750
18725
18712
18700
18687
18687
18675
18687
18675
18662
18650
18637
18625
18612
18600
18587
18575
18562
18550
18562
18550
18562
18550
18537
18525
18537
18525
18537
18575
18612
18637
18700
18775
18862
18950
19037
19137
19250
19362
19487
19625
19750
19875
19987
20087
20162
20225
20300
20375
20450
20537
20625
20687
20762
20812
20850
20887
20925
20937
20975
20987
21000
21012
21025
21037
21075
21087
21075
21087
21100
21087
21062
21062
21062
21025
20987
20962
20900
20812
20737
20662
20600
20525
20475
20412
20350
20287
20237
20175
20112
20037
19962
19887
19812
19737
19700
19675
19662
19650
19662
19675
19687
19700
19725
19737
19762
19775
19787
19775
19800
19787
19787
19762
19737
19700
19662
19612
19562
19512
19437
19400
19362
19325
19287
19250
19175
19137
19087
19037
18975
18950
18900
18875
18850
18862
18850
18862
18850
18837
18825
18812
18800
18787
18800
18787
18800
18787
18800
18787
18775
18762
18750
18737
18725
18737
18725
18737
18725
18737
18725
18712
18700
18687
18687
18662
18662
18637
18612
18587
18575
18562
18550
18537
18525
18512
18500
18487
18500
18487
18500
18512
18550
18587
18675
18762
18875
19000
19125
19262
19400
19525
19637
19737
19825
19925
20012
20100
20175
20262
20337
20412
20475
20537
20600
20662
20712
20775
20812
20862
20887
20912
20912
20937
20925
20937
20925
20950
20950
20950
20950
20950
20900
20875
20850
20800
20750
20712
20662
20600
20537
20475
20412
20350
20287
20225
20175
20100
20025
19950
19875
19800
19737
19675
19625
19587
19575
19587
19600
19637
19675
19687
19700
19712
19725
19712
19700
19687
19675
19637
19600
19562
19525
19475
19450
19425
19400
19375
19362
19325
19312
19300
19262
19250
19237
19212
19175
19162
19125
19087
19075
19062
19025
18987
18975
18937
18900
18887
18875
18862
18850
18837
18825
18812
18800
18775
18775
18750
18750
18725
18737
18725
18737
18750
18762
18750
18762
18750
18737
18725
18737
18725
18737
18712
18712
18687
18687
18687
18687
18687
18687
18687
18675
18662
18650
18637
18600
18562
18550
18512
18500
18487
18500
18487
18500
18512
18550
18587
18637
18700
18762
18837
18912
19025
19125
19262
19400
19537
19650
19787
19925
20050
20175
20312
20437
20512
20575
20650
20700
20750
20825
20900
20962
21025
21062
21100
21112
21137
21125
21137
21150
21162
21162
21175
21187
21175
21200
21187
21200
21187
21175
21162
21162
21137
21112
21087
21025
20962
20900
20837
20762
20687
20625
20537
20450
20375
20300
20200
20150
20075
20000
19925
19900
19850
19837
19825
19812
19812
19812
19812
19837
19862
19875
19912
19925
19912
19925
19912
19875
19862
19850
19812
19800
19787
19750
19712
19700
19675
19637
19600
19562
19475
19437
19400
19362
19350
19362
19325
19287
19275
19237
19212
19200
19187
19150
19112
19075
19037
19000
18962
18950
18937
18925
18912
18925
18912
18900
18887
18875
18862
18850
18862
18837
18837
18812
18812
18787
18800
18787
18775
18775
18762
18750
18737
18750
18725
18737
18725
18737
18725
18712
18700
18687
18687
18675
18687
18675
18662
18650
18637
18625
18612
18600
18587
18575
18562
18550
18537
18525
18537
18562
18600
18675
18762
18850
18925
19012
19100
19187
19300
19412
19525
19612
19737
19837
19937
20037
20137
20212
20300
20387
20462
20537
20600
20637
20675
20712
20737
20750
20787
20825
20837
20850
20887
20887
20887
20887
20862
20837
20825
20812
20800
20787
20750
20712
20662
20600
20537
20462
20375
20287
20200
20125
20050
19987
19912
19837
19762
19687
19625
19562
19500
19462
19450
19437
19450
19487
19525
19537
19575
19612
19625
19637
19650
19637
19600
19562
19500
19462
19412
19387
19362
19337
19312
19300
19262
19225
19212
19187
19175
19162
19150
19137
19125
19087
19075
19062
19025
18987
18950
18912
18875
18837
18825
18812
18800
18775
18775
18750
18750
18725
18737
18725
18737
18725
18737
18725
18737
18725
18712
18700
18687
18662
18650
18637
18600
18587
18575
18537
18537
18537
18512
18512
18512
18475
18462
18450
18437
18412
18412
18412
18412
18412
18450
18487
18525
18587
18662
18762
18875
18987
19087
19212
19337
19462
19587
19712
19825
19925
20025
20125
20200
20275
20350
20412
20475
20537
20600
20662
20712
20775
20837
20900
20937
20975
20987
21000
20987
21000
20987
21025
21025
21025
21037
21050
21012
21012
21012
20975
20937
20925
20887
20850
20812
20775
20712
20687
20637
20587
20537
20487
20412
20350
20287
20212
20125
20025
19925
19825
19737
19675
19625
19587
19550
19537
19525
19537
19525
19537
19550
19587
19600
19637
19650
19637
19625
19612
19600
19587
19575
19562
19550
19512
19475
19437
19375
19312
19250
19187
19137
19100
19062
19050
19037
19025
19012
19000
18962
18950
18925
18900
18875
18850
18800
18787
18750
18737
18725
18737
18725
18737
18725
18712
18700
18687
18687
18675
18687
18675
18687
18675
18687
18675
18687
18675
18662
18650
18637
18600
18587
18575
18562
18550
18562
18550
18537
18525
18500
18475
18450
18450
18425
18412
18412
18400
18387
18375
18387
18362
18375
18400
18450
18500
18575
18650
18737
18850
18975
19087
19225
19375
19500
19612
19737
19837
19925
20012
20100
20175
20262
20350
20437
20512
20587
20662
20700
20737
20750
20762
20775
20787
20787
20787
20800
20787
20775
20775
20775
20762
20750
20737
20700
20662
20587
20512
20462
20400
20337
20287
20237
20175
20112
20050
19987
19925
19850
19775
19700
19612
19537
19487
19437
19412
19400
19412
19400
19375
19387
19425
19437
19475
19525
19537
19525
19537
19525
19512
19500
19475
19450
19412
19400
19362
19337
19287
19275
19237
19212
19200
19187
19150
19112
19075
19012
18975
18937
18925
18912
18900
18887
18875
18837
18800
18787
18750
18712
18700
18687
18687
18675
18662
18650
18637
18625
18612
18600
18587
18600
18587
18575
18587
18600
18587
18600
18612
18625
18612
18625
18612
18600
18587
18575
18562
18550
18562
18550
18562
18550
18537
18525
18512
18500
18487
18500
18487
18475
18462
18450
18437
18425
18412
18400
18387
18350
18337
18350
18337
18350
18400
18450
18500
18575
18675
18762
18862
18975
19075
19175
19312
19450
19587
19712
19850
19962
20075
20162
20262
20337
20412
20475
20537
20612
20675
20725
20775
20825
20862
20875
20912
20925
20950
20950
20937
20937
20937
20925
20912
20912
20875
20837
20775
20712
20662
20600
20525
20450
20375
20300
20212
20150
20075
19987
19900
19812
19725
19637
19575
19525
19487
19475
19487
19525
19537
19575
19612
19625
19637
19675
19687
19675
19687
19675
19662
19650
19637
19600
19587
19537
19512
19487
19462
19412
19375
19337
19300
19262
19225
19225
19212
19187
19162
19162
19125
19087
19075
19062
19025
18987
18950
18887
18850
18812
18775
18762
18750
18737
18725
18737
18712
18712
18687
18687
18675
18662
18650
18662
18637
18650
18662
18650
18637
18637
18625
18600
18600
18575
18575
18550
18562
18550
18562
18550
18537
18525
18512
18500
18475
18475
18450
18450
18425
18412
18400
18387
18350
18337
18325
18312
18300
18287
18275
18287
18300
18337
18400
18475
18550
18612
18700
18787
18887
18987
19087
19212
19350
19475
19600
19725
19837
19937
20025
20100
20175
20225
20262
20300
20337
20375
20412
20450
20487
20500
20525
20525
20550
20550
20575
20562
20550
20550
20550
20525
20500
20475
20412
20337
20262
20187
20150
20087
20037
19975
19912
19825
19750
19662
19600
19512
19425
19337
19262
19187
19162
19125
19112
19125
19162
19187
19250
19312
19350
19362
19375
19362
19362
19362
19362
19337
19337
19300
19250
19225
19200
19162
19112
19075
19012
18975
18937
18900
18887
18875
18837
18800
18787
18750
18712
18675
18662
18637
18600
18587
18575
18537
18525
18512
18500
18487
18500
18487
18500
18487
18500
18487
18500
18487
18500
18487
18500
18487
18500
18487
18475
18462
18450
18412
18400
18387
18350
18337
18362
18337
18337
18337
18312
18275
18262
18250
18262
18275
18287
18337
18387
18462
18562
18687
18812
18937
19050
19175
19287
19400
19525
19612
19712
19825
19925
20012
20112
20187
20262
20337
20412
20475
20537
20575
20612
20650
20687
20700
20737
20750
20762
20750
20762
20737
20750
20737
20725
20712
20712
20700
20687
20700
20687
20675
20637
20600
20537
20475
20412
20350
20287
20225
20175
20100
20025
19937
19850
19762
19687
19625
19550
19475
19425
19375
19350
19337
19350
19362
19375
19387
19400
19412
19425
19462
19475
19512
19525
19537
19525
19537
19525
19500
19475
19450
19400
19350
19312
19275
19237
19212
19200
19187
19150
19137
19125
19087
19075
19050
19000
18975
18950
18900
18900
18900
18875
18850
18850
18812
18775
18762
18750
18712
18700
18687
18662
18650
18637
18600
18600
18600
18575
18575
18575
18562
18550
18562
18550
18562
18550
18537
18525
18537
18525
18537
18537
18550
18537
18525
18525
18525
18487
18475
18462
18412
18400
18387
18387
18387
18387
18387
18387
18350
18337
18350
18362
18400
18462
18537
18600
18687
18800
18937
19050
19175
19312
19425
19525
19612
19725
19812
19912
20000
20087
20162
20225
20300
20375
20450
20525
20575
20612
20625
20637
20625
20637
20650
20662
20675
20687
20700
20687
20675
20662
20650
20637
20625
20637
20612
20612
20587
20562
20537
20525
20475
20450
20412
20350
20287
20237
20162
20087
20012
19937
19862
19787
19712
19637
19575
19487
19412
19362
19312
19287
19275
19287
19312
19362
19387
19437
19487
19500
19487
19500
19487
19475
19462
19450
19412
19375
19312
19250
19212
19175
19150
19125
19100
19075
19062
19025
18987
18950
18912
18875
18837
18825
18812
18775
18737
18725
18687
18662
18650
18637
18625
18612
18600
18587
18600
18587
18600
18612
18625
18612
18625
18612
18600
18587
18575
18575
18562
18575
18587
18600
18600
18612
18625
18612
18600
18587
18575
18562
18550
18562
18550
18562
18550
18562
18550
18562
18550
18537
18525
18512
18500
18475
18475
18450
18425
18400
18412
18387
18387
18387
18400
18412
18462
18525
18612
18712
18825
18950
19062
19200
19337
19475
19600
19737
19850
19962
20062
20150
20237
20337
20425
20512
20562
20625
20675
20712
20750
20812
20837
20850
20887
20925
20962
21000
21012
21025
21037
21025
21037
21050
21037
21025
21000
20975
20975
20975
20950
20962
20950
20912
20900
20875
20825
20775
20725
20662
20600
20537
20475
20400
20325
20250
20175
20100
20012
19925
19837
19750
19675
19650
19612
19600
19612
19650
19662
19700
19712
19725
19725
19737
19725
19737
19725
19700
19662
19650
19612
19600
19587
19562
19537
19512
19462
19412
19375
19337
19300
19262
19225
19187
19137
19075
19012
18975
18937
18900
18887
18875
18862
18850
18837
18825
18837
18812
18812
18812
18812
18787
18800
18787
18775
18762
18750
18750
18737
18750
18737
18725
18700
18687
18687
18675
18662
18650
18637
18600
18600
18600
18575
18575
18575
18537
18525
18512
18475
18462
18450
18437
18425
18437
18450
18462
18475
18512
18550
18587
18662
18762
18862
18975
19087
19212
19312
19425
19537
19625
19725
19825
19912
19987
20062
20137
20200
20275
20350
20412
20450
20487
20525
20562
20575
20612
20625
20637
20625
20637
20625
20637
20625
20600
20587
20575
20525
20500
20487
20437
20387
20350
20287
20225
20162
20087
20012
19937
19862
19800
19725
19637
19562
19475
19387
19312
19250
19212
19212
19225
19250
19300
19350
19400
19437
19475
19512
19525
19537
19512
19512
19487
19462
19437
19425
19387
19350
19312
19250
19187
19162
19125
19087
19050
19037
19000
18962
18925
18887
18850
18812
18762
18737
18712
18687
18675
18687
18675
18687
18675
18687
18675
18687
18662
18662
18637
18637
18612
18625
18612
18600
18587
18575
18562
18550
18537
18525
18512
18500
18487
18500
18487
18500
18487
18500
18487
18475
18462
18450
18412
18400
18387
18375
18362
18375
18362
18375
18362
18375
18387
18425
18462
18537
18600
18675
18762
18862
18962
19062
19187
19312
19437
19550
19650
19762
19875
19975
20075
20162
20225
20287
20350
20412
20475
20537
20600
20662
20700
20737
20762
20800
20812
20850
20862
20875
20887
20900
20887
20900
20887
20875
20837
20837
20812
20787
20737
20737
20700
20675
20650
20625
20575
20537
20462
20387
20312
20225
20150
20075
19987
19900
19825
19737
19650
19587
19512
19462
19425
19412
19425
19462
19475
19512
19562
19587
19625
19650
19675
19662
19650
19625
19612
19575
19537
19500
19437
19400
19362
19325
19287
19275
19237
19212
19200
19175
19162
19150
19137
19125
19125
19087
19050
19012
18975
18937
18900
18900
18887
18875
18862
18850
18825
18812
18800
18787
18800
18787
18775
18737
18725
18687
18687
18675
18662
18650
18637
18625
18612
18625
18612
18600
18587
18562
18537
18537
18537
18537
18550
18537
18525
18512
18500
18487
18475
18462
18475
18487
18525
18587
18675
18775
18887
19000
19100
19212
19325
19425
19537
19637
19737
19825
19925
20025
20087
20150
20212
20250
20287
20350
20412
20475
20537
20562
20612
20637
20662
20662
20700
20687
20700
20687
20712
20712
20712
20712
20712
20675
20662
20650
20612
20575
20537
20475
20412
20337
20262
20187
20125
20050
19975
19900
19812
19725
19637
19575
19487
19412
19362
19312
19287
19275
19300
19300
19337
19350
19387
19412
19462
19475
19512
19512
19512
19487
19487
19462
19450
19412
19400
19362
19312
19287
19262
19212
19175
19137
19075
19012
18950
18912
18862
18837
18812
18812
18787
18800
18787
18775
18737
18725
18687
18662
18650
18637
18625
18637
18650
18637
18650
18637
18625
18612
18625
18612
18625
18612
18625
18612
18600
18587
18575
18537
18525
18512
18500
18487
18475
18462
18450
18412
18400
18387
18375
18362
18350
18350
18337
18325
18312
18300
18275
18250
18225
18225
18250
18250
18287
18325
18362
18400
18475
18550
18637
18750
18875
18987
19087
19225
19337
19462
19587
19725
19837
19962
20062
20150
20237
20325
20400
20475
20537
20600
20662
20712
20750
20787
20825
20837
20850
20862
20875
20862
20875
20862
20875
20862
20850
20837
20825
20787
20750
20712
20662
20600
20525
20437
20350
20262
20175
20112
20037
19962
19887
19812
19725
19650
19587
19487
19425
19400
19375
19375
19425
19462
19500
19537
19575
19587
19600
19587
19600
19587
19575
19562
19550
19512
19475
19437
19400
19362
19325
19287
19250
19187
19137
19100
19062
19025
19012
19000
18962
18950
18937
18900
18862
18850
18812
18800
18787
18775
18737
18725
18687
18687
18675
18687
18675
18687
18662
18662
18637
18637
18612
18625
18612
18625
18612
18625
18612
18600
18587
18575
18562
18550
18562
18537
18537
18512
18512
18512
18512
18512
18512
18487
18462
18450
18437
18412
18412
18375
18375
18350
18362
18350
18375
18362
18375
18387
18425
18475
18550
18612
18700
18800
18887
18987
19087
19175
19275
19375
19462
19562
19662
19762
19862
19962
20037
20112
20175
20225
20287
20350
20412
20450
20487
20500
20512
20525
20537
20550
20562
20575
20562
20550
20537
20525
20512
20500
20475
20425
20375
20300
20225
20175
20112
20037
19962
19887
19800
19712
19637
19562
19475
19400
19325
19250
19187
19162
19150
19162
19187
19250
19287
19325
19337
19350
19362
19375
19387
19400
19387
19375
19362
19325
19287
19250
19212
19187
19150
19112
19075
19037
19000
18962
18925
18912
18875
18837
18800
18762
18700
18662
18637
18600
18587
18575
18562
18550
18562
18550
18537
18525
18512
18500
18487
18500
18487
18500
18487
18500
18487
18500
18487
18475
18462
18450
18437
18425
18412
18400
18387
18375
18362
18375
18387
18425
18462
18525
18587
18675
18775
18875
19000
19112
19237
19350
19475
19575
19675
19787
19900
20000
20100
20175
20250
20325
20400
20475
20537
20600
20637
20675
20712
20737
20750
20787
20800
20812
20825
20837
20850
20862
20875
20862
20850
20837
20825
20787
20750
20737
20712
20675
20637
20600
20537
20475
20412
20350
20287
20225
20175
20100
20025
19950
19862
19775
19687
19587
19525
19462
19425
19400
19425
19450
19500
19550
19600
19637
19650
19662
19650
19637
19625
19612
19575
19537
19500
19437
19375
19337
19300
19262
19250
19237
19212
19175
19137
19100
19062
19025
19012
19000
18962
18925
18912
18875
18837
18800
18787
18775
18762
18750
18762
18750
18737
18725
18737
18725
18712
18700
18687
18687
18675
18662
18650
18637
18600
18587
18575
18562
18575
18612
18662
18750
18850
18950
19037
19125
19212
19300
19400
19512
19625
19762
19887
20000
20100
20175
20225
20287
20350
20412
20475
20537
20600
20662
20700
20737
20762
20800
20812
20850
20862
20875
20862
20875
20862
20875
20862
20850
20812
20775
20712
20662
20587
20512
20437
20362
20275
20200
20137
20050
19962
19887
19812
19737
19662
19587
19500
19437
19375
19362
19362
19387
19412
19462
19500
19537
19575
19612
19625
19637
19675
19687
19675
19687
19675
19637
19600
19562
19500
19437
19375
19312
19250
19212
19187
19175
19162
19150
19112
19075
19037
18987
18962
18937
18912
18887
18875
18862
18850
18862
18850
18862
18850
18862
18850
18837
18825
18812
18800
18787
18812
18800
18812
18800
18787
18762
18750
18737
18725
18712
18700
18687
18662
18650
18637
18600
18587
18600
18587
18575
18587
18600
18587
18600
18637
18662
18700
18775
18850
18925
19012
19100
19212
19337
19475
19600
19737
19862
19987
20100
20187
20287
20375
20450
20525
20600
20662
20712
20775
20837
20875
20912
20950
20987
21025
21062
21100
21112
21125
21112
21125
21112
21100
21062
21025
20962
20900
20837
20762
20687
20625
20550
20462
20387
20300
20212
20125
20037
19937
19837
19762
19700
19687
19662
19675
19662
19675
19675
19700
19737
19775
19787
19775
19737
19675
19625
19587
19537
19487
19437
19387
19337
19287
19237
19212
19187
19150
19137
19125
19087
19050
19012
18975
18937
18900
18900
18900
18875
18875
18875
18862
18850
18862
18850
18837
18825
18812
18800
18787
18775
18762
18775
18762
18750
18762
18750
18737
18725
18712
18700
18687
18662
18625
18612
18575
18562
18550
18562
18575
18612
18675
18775
18887
19000
19100
19200
19300
19400
19500
19587
19687
19787
19887
19987
20075
20162
20225
20287
20350
20412
20475
20537
20600
20662
20700
20737
20750
20737
20725
20712
20675
20637
20600
20537
20475
20412
20350
20287
20212
20150
20062
19962
19862
19775
19675
19600
19525
19450
19375
19337
19300
19287
19300
19337
19375
19437
19500
19537
19575
19587
19575
19562
19550
19512
19475
19437
19375
19312
19250
19212
19187
19150
19112
19075
19012
18950
18887
18825
18787
18750
18737
18725
18737
18725
18712
18700
18687
18662
18650
18637
18625
18612
18625
18612
18600
18587
18575
18562
18550
18537
18525
18512
18475
18462
18450
18437
18450
18487
18525
18587
18662
18750
18850
18962
19075
19187
19312
19425
19537
19650
19762
19875
19987
20087
20175
20262
20337
20412
20475
20537
20600
20662
20712
20775
20837
20900
20937
20975
20987
21000
20987
21000
20987
20975
20937
20900
20837
20775
20712
20662
20600
20537
20475
20412
20350
20275
20200
20137
20062
19975
19900
19825
19750
19675
19625
19562
19525
19512
19500
19525
19550
19575
19600
19650
19675
19712
19725
19712
19700
19675
19637
19600
19562
19500
19437
19375
19312
19250
19212
19187
19150
19137
19125
19087
19050
19012
18975
18937
18925
18912
18925
18912
18900
18887
18875
18862
18850
18862
18850
18837
18800
18787
18750
18737
18725
18712
18700
18687
18662
18650
18637
18600
18587
18575
18537
18525
18512
18500
18512
18550
18587
18650
18725
18812
18912
19012
19100
19200
19300
19400
19512
19600
19725
19837
19937
20025
20112
20175
20225
20300
20375
20450
20525
20600
20662
20712
20750
20787
20800
20812
20800
20812
20800
20787
20775
20762
20737
20725
20712
20675
20637
20600
20537
20450
20387
20325
20262
20212
20175
20112
20025
19937
19850
19762
19662
19600
19525
19475
19462
19462
19487
19550
19612
19637
19687
19725
19737
19750
19762
19750
19712
19700
19675
19637
19600
19562
19500
19437
19375
19312
19250
19187
19137
19075
19012
18975
18937
18925
18912
18900
18887
18875
18862
18850
18862
18850
18862
18850
18837
18825
18812
18800
18787
18800
18787
18775
18762
18750
18712
18675
18662
18637
18625
18612
18600
18562
18550
18512
18500
18512
18562
18600
18687
18775
18875
18975
19075
19175
19300
19425
19550
19675
19787
19912
20025
20125
20212
20325
20412
20512
20612
20687
20775
20837
20900
20937
20975
21000
21050
21062
21100
21137
21175
21187
21225
21237
21225
21212
21200
21162
21125
21112
21075
21037
21000
20950
20875
20800
20725
20662
20587
20512
20437
20362
20287
20225
20175
20112
20050
19987
19912
19862
19812
19787
19762
19787
19787
19812
19837
19862
19875
19912
19925
19937
19950
19937
19900
19887
19850
19812
19775
19737
19675
19650
19612
19575
19537
19500
19462
19425
19387
19350
19312
19250
19212
19187
19150
19137
19125
19087
19075
19062
19050
19037
19050
19037
19050
19037
19025
18987
18950
18912
18875
18837
18800
18762
18725
18687
18662
18650
18637
18625
18612
18600
18587
18575
18562
18575
18587
18612
18650
18712
18775
18875
18962
19050
19125
19212
19300
19400
19500
19600
19725
19850
19962
20075
20162
20225
20287
20350
20412
20475
20537
20600
20662
20700
20737
20750
20762
20750
20762
20750
20762
20750
20762
20750
20737
20700
20662
20625
20587
20550
20512
20475
20412
20350
20287
20225
20175
20112
20050
19987
19912
19837
19762
19687
19625
19562
19500
19437
19400
19387
19375
19400
19425
19450
19475
19525
19537
19575
19612
19650
19662
19700
19712
19700
19662
19625
19587
19537
19487
19462
19437
19387
19350
19312
19250
19187
19137
19075
19012
18950
18912
18875
18862
18850
18862
18850
18862
18850
18862
18850
18862
18850
18862
18850
18862
18850
18862
18850
18837
18825
18812
18800
18787
18775
18762
18750
18712
18675
18662
18637
18625
18612
18600
18587
18575
18562
18550
18562
18575
18612
18637
18700
18762
18837
18912
19000
19087
19200
19312
19437
19550
19675
19787
19900
20000
20100
20200
20300
20387
20475
20537
20600
20662
20712
20775
20837
20900
20962
21000
21037
21075
21087
21100
21112
21125
21112
21125
21137
21150
21137
21125
21087
21025
20962
20900
20837
20775
20712
20662
20600
20537
20475
20412
20350
20275
20200
20125
20025
19925
19862
19800
19775
19787
19825
19875
19925
19975
20000
20025
20012
20025
20012
20000
19987
19975
19937
19900
19862
19800
19762
19725
19700
19687
19675
19637
19600
19562
19500
19437
19375
19312
19250
19187
19137
19100
19062
19050
19037
19025
19012
19000
18987
18962
18962
18937
18937
18912
18925
18912
18900
18887
18875
18837
18800
18787
18750
18737
18725
18712
18700
18687
18662
18650
18662
18662
18700
18762
18825
18900
18987
19075
19187
19300
19400
19500
19587
19687
19800
19925
20037
20137
20237
20325
20400
20475
20537
20600
20662
20712
20750
20787
20825
20862
20900
20937
20975
20987
21000
21012
21025
21037
21050
21062
21050
21062
21050
21037
21000
20962
20900
20837
20775
20737
20712
20662
20612
20562
20487
20412
20350
20287
20225
20162
20087
20012
19937
19862
19800
19737
19675
19625
19587
19550
19537
19550
19587
19625
19675
19737
19775
19787
19800
19787
19750
19712
19700
19675
19637
19600
19562
19500
19437
19375
19337
19300
19262
19225
19187
19137
19100
19062
19050
19037
19025
19012
19000
18987
18975
18987
18975
18987
18975
18987
18975
18962
18950
18937
18900
18887
18875
18862
18850
18862
18850
18837
18825
18812
18800
18787
18775
18762
18750
18737
18750
18787
18825
18887
18950
19012
19087
19162
19250
19362
19487
19612
19737
19875
20000
20112
20200
20312
20412
20512
20612
20712
20800
20887
20962
21025
21087
21150
21212
21250
21287
21312
21325
21337
21350
21362
21350
21337
21300
21287
21262
21225
21187
21150
21087
21025
20962
20887
20812
20737
20662
20600
20537
20475
20400
20312
20225
20125
20037
19950
19875
19825
19812
19825
19862
19900
19937
19950
19962
19950
19925
19900
19875
19825
19775
19737
19662
19625
19562
19525
19487
19462
19400
19375
19325
19275
19250
19237
19212
19175
19137
19100
19062
19025
19012
19000
18987
18975
18962
18950
18937
18925
18912
18925
18912
18925
18912
18900
18887
18875
18837
18825
18812
18800
18787
18800
18787
18800
18787
18775
18737
18725
18687
18687
18675
18662
18650
18637
18600
18587
18575
18562
18575
18612
18637
18712
18787
18875
18962
19062
19137
19250
19350
19462
19562
19687
19787
19900
20000
20087
20162
20250
20325
20412
20500
20575
20650
20712
20775
20837
20875
20912
20950
20962
20975
20987
21000
20987
20975
20962
20950
20912
20875
20837
20775
20712
20662
20575
20487
20400
20312
20225
20162
20087
20012
19925
19837
19762
19687
19625
19587
19575
19562
19575
19612
19650
19675
19712
19725
19737
19725
19700
19662
19625
19562
19500
19437
19400
19362
19350
19337
19325
19287
19237
19187
19150
19125
19100
19087
19050
19037
19000
18987
18975
18987
18975
18962
18950
18925
18900
18875
18875
18850
18862
18850
18862
18850
18862
18850
18862
18850
18837
18825
18812
18775
18762
18750
18712
18700
18687
18687
18675
18662
18650
18637
18625
18612
18625
18612
18600
18587
18575
18562
18575
18612
18662
18750
18850
18950
19050
19162
19275
19387
19512
19625
19737
19862
19975
20075
20175
20275
20362
20450
20550
20600
20662
20712
20787
20825
20887
20937
20962
20975
20987
21000
21012
21025
21037
21050
21062
21050
21037
21025
21012
20975
20962
20950
20912
20875
20837
20775
20712
20662
20600
20537
20462
20387
20312
20225
20137
20050
19962
19875
19800
19737
19675
19650
19612
19600
19612
19650
19662
19700
19725
19737
19750
19762
19750
19712
19700
19675
19637
19600
19562
19500
19437
19400
19362
19325
19287
19250
19187
19137
19100
19062
19025
18987
18975
18937
18925
18912
18900
18887
18875
18862
18850
18837
18825
18812
18800
18787
18775
18762
18750
18712
18700
18687
18662
18650
18637
18600
18562
18550
18512
18500
18487
18500
18512
18550
18587
18650
18737
18850
18975
19087
19212
19337
19450
19550
19675
19787
19900
20000
20087
20162
20237
20312
20387
20462
20537
20600
20662
20700
20737
20762
20800
20812
20850
20862
20875
20862
20875
20887
20900
20912
20950
20950
20925
20925
20900
20850
20812
20762
20687
20625
20550
20475
20412
20350
20275
20200
20137
20050
19950
19862
19775
19687
19625
19562
19525
19512
19525
19562
19625
19662
19700
19712
19725
19712
19700
19662
19625
19587
19550
19512
19475
19437
19375
19312
19250
19187
19137
19075
19012
18950
18925
18887
18875
18862
18875
18850
18862
18850
18837
18825
18812
18800
18787
18775
18762
18750
18737
18725
18712
18700
18687
18687
18675
18662
18650
18625
18600
18575
18575
18550
18537
18525
18512
18500
18487
18475
18437
18425
18412
18425
18462
18525
18587
18675
18775
18887
19012
19125
19250
19375
19500
19612
19725
19837
19950
20062
20150
20250
20337
20412
20475
20537
20600
20662
20712
20775
20837
20875
20912
20925
20937
20950
20962
20975
21012
21025
21037
21050
21062
21050
21037
21025
21012
20975
20962
20950
20912
20862
20837
20787
20737
20700
20662
20600
20537
20475
20412
20350
20287
20225
20175
20100
20025
19950
19875
19800
19737
19675
19625
19587
19550
19537
19550
19562
19575
19612
19650
19662
19675
19687
19675
19637
19625
19612
19575
19537
19525
19487
19450
19412
19375
19312
19250
19212
19187
19150
19112
19075
19012
18975
18937
18900
18862
18850
18812
18812
18800
18812
18800
18787
18762
18750
18737
18725
18712
18700
18712
18700
18687
18700
18687
18687
18675
18662
18650
18637
18625
18612
18600
18562
18550
18512
18500
18487
18475
18462
18450
18437
18425
18412
18400
18412
18425
18462
18537
18600
18687
18775
18875
18962
19062
19150
19262
19375
19500
19600
19712
19812
19912
20000
20100
20175
20262
20337
20412
20475
20537
20600
20637
20675
20712
20725
20737
20750
20762
20750
20762
20750
20762
20750
20737
20700
20662
20600
20537
20475
20412
20350
20287
20225
20175
20112
20050
19975
19900
19825
19750
19675
19625
19562
19487
19412
19337
19287
19262
19250
19262
19300
19337
19375
19437
19475
19487
19500
19475
19425
19375
19325
19250
19187
19137
19075
19012
18950
18887
18825
18787
18750
18712
18700
18687
18662
18650
18637
18625
18612
18625
18612
18625
18612
18600
18587
18575
18562
18550
18537
18525
18512
18475
18462
18450
18412
18400
18387
18375
18362
18375
18362
18350
18337
18325
18312
18325
18362
18400
18462
18537
18612
18700
18812
18925
19037
19150
19287
19412
19537
19637
19762
19862
19962
20062
20150
20225
20312
20387
20462
20537
20600
20662
20712
20775
20812
20850
20862
20850
20812
20800
20762
20737
20725
20700
20650
20625
20587
20512
20450
20375
20275
20175
20100
20012
19937
19862
19800
19725
19650
19587
19512
19462
19425
19425
19425
19450
19475
19525
19562
19600
19612
19600
19587
19550
19512
19475
19437
19362
19325
19287
19250
19212
19212
19187
19175
19150
19125
19062
19025
18962
18912
18887
18875
18837
18825
18812
18775
18762
18750
18712
18675
18662
18637
18625
18612
18625
18612
18625
18612
18600
18587
18575
18562
18550
18537
18500
18462
18425
18387
18375
18362
18350
18337
18325
18312
18300
18312
18325
18362
18400
18462
18537
18600
18687
18787
18900
19012
19112
19237
19350
19462
19562
19687
19800
19925
20037
20137
20212
20287
20350
20412
20475
20537
20600
20662
20700
20737
20762
20800
20837
20862
20862
20837
20787
20712
20662
20600
20537
20475
20400
20325
20250
20175
20100
20012
19925
19837
19750
19662
19600
19550
19500
19475
19487
19525
19562
19625
19662
19675
19662
19650
19612
19575
19537
19500
19462
19425
19387
19350
19312
19250
19187
19137
19100
19062
19025
19012
19000
18962
18925
18912
18875
18837
18825
18812
18775
18737
18700
18662
18637
18625
18612
18625
18612
18625
18612
18625
18612
18600
18587
18575
18562
18550
18562
18550
18562
18550
18537
18525
18512
18500
18487
18475
18437
18400
18337
18300
18262
18250
18237
18250
18262
18312
18362
18437
18525
18612
18712
18825
18962
19075
19200
19337
19475
19587
19712
19837
19950
20050
20137
20225
20312
20387
20462
20537
20600
20662
20712
20775
20812
20850
20900
20925
20950
20975
21000
21012
21025
21012
21025
21012
20975
20962
20937
20887
20837
20787
20712
20662
20600
20537
20475
20400
20325
20250
20162
20087
20012
19937
19862
19787
19712
19637
19600
19550
19537
19550
19587
19625
19662
19675
19662
19625
19562
19500
19437
19375
19312
19275
19237
19212
19175
19137
19075
19012
18975
18937
18900
18862
18850
18812
18775
18737
18725
18712
18700
18687
18700
18687
18687
18675
18687
18675
18662
18625
18612
18575
18562
18550
18537
18525
18512
18475
18462
18475
18462
18450
18437
18400
18362
18325
18312
18300
18312
18287
18287
18262
18262
18262
18300
18337
18412
18487
18562
18662
18762
18862
18975
19075
19175
19300
19425
19537
19650
19762
19862
19950
20025
20100
20175
20225
20287
20350
20387
20425
20462
20475
20487
20500
20487
20450
20437
20400
20362
20312
20262
20187
20125
20050
19987
19925
19862
19800
19737
19675
19625
19550
19475
19400
19312
19212
19150
19100
19062
19062
19075
19087
19125
19162
19187
19250
19287
19325
19337
19350
19325
19325
19300
19275
19225
19187
19137
19100
19062
19050
19037
19025
18987
18950
18887
18850
18812
18775
18737
18725
18687
18662
18625
18587
18550
18512
18500
18487
18475
18462
18475
18462
18450
18462
18475
18462
18450
18462
18450
18412
18400
18387
18350
18337
18325
18312
18300
18287
18250
18237
18200
18200
18200
18237
18287
18362
18437
18525
18600
18687
18800
18912
19025
19150
19275
19387
19512
19600
19725
19837
19937
20037
20137
20200
20275
20350
20412
20475
20537
20575
20612
20650
20662
20675
20687
20700
20712
20725
20712
20725
20712
20675
20637
20600
20537
20475
20400
20350
20300
20250
20200
20150
20075
20000
19925
19862
19787
19712
19637
19562
19475
19400
19325
19275
19262
19275
19312
19387
19437
19487
19537
19550
19550
19575
19575
19550
19537
19525
19487
19450
19412
19375
19337
19300
19262
19250
19237
19212
19175
19137
19100
19062
19025
18987
18950
18887
18825
18762
18725
18687
18687
18675
18687
18675
18662
18650
18637
18625
18612
18625
18612
18600
18587
18575
18537
18500
18462
18425
18387
18350
18312
18300
18262
18225
18212
18200
18200
18212
18262
18312
18400
18500
18600
18712
18837
18962
19087
19200
19325
19437
19537
19612
19712
19800
19887
19987
20075
20150
20212
20287
20350
20412
20475
20512
20550
20562
20575
20562
20550
20500
20450
20375
20300
20225
20175
20112
20050
19987
19925
19862
19787
19712
19625
19550
19462
19387
19312
19250
19187
19175
19150
19150
19175
19212
19250
19312
19350
19387
19400
19387
19350
19312
19250
19187
19162
19125
19087
19075
19062
19025
18987
18975
18937
18900
18862
18825
18787
18737
18712
18687
18662
18650
18637
18600
18587
18575
18562
18550
18562
18550
18562
18550
18562
18550
18562
18550
18562
18550
18537
18500
18487
18450
18437
18425
18412
18400
18387
18350
18312
18275
18237
18200
18175
18162
18137
18112
18087
18087
18087
18125
18175
18250
18325
18412
18500
18575
18687
18800
18912
19025
19150
19275
19400
19537
19650
19762
19862
19975
20062
20150
20212
20287
20350
20412
20475
20512
20550
20587
20600
20612
20650
20662
20675
20687
20675
20662
20650
20612
20600
20575
20525
20462
20400
20312
20237
20175
20112
20050
19987
19912
19837
19762
19687
19625
19562
19500
19437
19375
19312
19275
19262
19275
19312
19375
19437
19475
19512
19525
19537
19525
19512
19475
19437
19400
19362
19325
19287
19250
19187
19162
19125
19087
19050
19037
19000
18987
18975
18962
18950
18937
18900
18862
18825
18787
18750
18712
18675
18662
18637
18600
18587
18575
18562
18550
18562
18550
18562
18550
18562
18550
18562
18550
18562
18550
18537
18525
18512
18475
18462
18450
18412
18400
18387
18350
18337
18325
18287
18275
18262
18250
18237
18225
18187
18175
18150
18112
18100
18075
18050
18050
18075
18100
18150
18212
18287
18362
18462
18562
18687
18800
18937
19050
19150
19262
19387
19487
19587
19687
19775
19862
19950
20025
20100
20175
20225
20287
20325
20362
20400
20412
20437
20462
20487
20487
20512
20500
20512
20500
20487
20475
20462
20425
20387
20350
20312
20262
20225
20162
20087
19987
19900
19800
19712
19637
19575
19500
19437
19362
19287
19212
19137
19100
19062
19050
19037
19050
19062
19100
19137
19187
19250
19312
19350
19362
19375
19362
19325
19312
19300
19262
19225
19187
19162
19125
19087
19075
19062
19025
18987
18950
18887
18825
18762
18725
18687
18662
18625
18612
18575
18562
18550
18562
18550
18562
18550
18562
18550
18537
18525
18512
18475
18462
18450
18412
18400
18387
18350
18312
18300
18262
18225
18212
18200
18200
18200
18237
18287
18362
18437
18512
18600
18700
18800
18925
19050
19162
19287
19412
19525
19612
19725
19812
19900
19975
20062
20137
20200
20275
20325
20362
20400
20437
20450
20487
20525
20537
20550
20562
20575
20562
20575
20562
20575
20562
20550
20537
20525
20487
20450
20412
20350
20287
20250
20225
20175
20125
20075
20000
19925
19850
19775
19700
19612
19537
19462
19387
19312
19250
19212
19212
19212
19250
19312
19375
19437
19500
19537
19575
19587
19575
19537
19525
19475
19450
19425
19400
19350
19312
19250
19187
19137
19100
19062
19025
18987
18975
18937
18900
18862
18850
18812
18775
18762
18750
18712
18700
18687
18687
18675
18687
18675
18662
18650
18637
18625
18612
18625
18612
18625
18612
18600
18587
18575
18537
18525
18512
18475
18437
18425
18387
18350
18312
18300
18262
18250
18262
18300
18337
18400
18475
18550
18637
18737
18837
18937
19037
19150
19262
19387
19500
19587
19687
19787
19887
19987
20087
20175
20262
20350
20437
20512
20562
20612
20650
20687
20700
20737
20750
20762
20750
20737
20725
20712
20675
20637
20600
20537
20475
20412
20350
20287
20225
20162
20087
20012
19925
19837
19762
19687
19625
19562
19500
19425
19375
19350
19350
19375
19437
19500
19562
19600
19637
19637
19637
19612
19612
19587
19600
19587
19575
19537
19500
19462
19425
19387
19350
19312
19250
19187
19162
19125
19087
19050
19012
18950
18887
18850
18812
18775
18762
18750
18712
18700
18687
18687
18675
18687
18675
18662
18650
18637
18625
18612
18600
18587
18575
18537
18525
18512
18475
18437
18425
18387
18350
18337
18325
18287
18275
18262
18250
18237
18250
18262
18300
18337
18412
18487
18562
18637
18750
18850
18962
19075
19187
19287
19400
19512
19600
19725
19850
19962
20075
20175
20262
20337
20412
20475
20537
20575
20612
20650
20687
20700
20737
20762
20775
20787
20800
20812
20825
20837
20850
20862
20875
20862
20875
20862
20850
20812
20775
20712
20662
20600
20525
20437
20350
20250
20150
20062
19975
19875
19787
19700
19625
19562
19500
19462
19425
19412
19425
19462
19500
19575
19612
19662
19687
19712
19700
19725
19712
19725
19712
19700
19662
19625
19562
19500
19437
19375
19337
19300
19262
19250
19237
19212
19175
19162
19112
19062
19012
18962
18887
18825
18787
18750
18737
18725
18737
18725
18712
18700
18687
18687
18675
18687
18675
18687
18675
18687
18675
18662
18650
18637
18600
18587
18575
18562
18550
18562
18550
18537
18525
18512
18500
18487
18475
18437
18425
18387
18350
18337
18325
18287
18275
18262
18250
18262
18300
18337
18400
18475
18550
18625
18725
18837
18950
19062
19187
19312
19437
19550
19662
19775
19875
19962
20050
20137
20225
20312
20400
20475
20537
20600
20637
20675
20712
20725
20737
20762
20787
20787
20812
20800
20812
20800
20812
20800
20812
20800
20787
20750
20712
20662
20600
20537
20462
20387
20312
20237
20175
20112
20050
19987
19925
19862
19787
19712
19637
19562
19500
19437
19400
19387
19425
19462
19537
19612
19662
19700
19712
19700
19687
19675
19637
19600
19562
19500
19437
19375
19337
19300
19262
19225
19187
19137
19100
19062
19025
18987
18950
18887
18825
18762
18700
18662
18637
18625
18612
18625
18612
18625
18612
18600
18587
18575
18562
18550
18562
18550
18537
18500
18462
18425
18387
18350
18337
18325
18287
18275
18262
18250
18225
18225
18225
18225
18225
18262
18300
18337
18400
18475
18550
18625
18712
18812
18912
19025
19150
19287
19412
19537
19650
19750
19850
19962
20050
20137
20212
20287
20350
20412
20475
20550
20600
20650
20675
20700
20712
20737
20750
20787
20800
20812
20800
20825
20825
20850
20850
20875
20862
20850
20837
20825
20787
20750
20712
20662
20600
20537
20475
20412
20350
20287
20225
20175
20100
20025
19937
19837
19737
19650
19562
19500
19450
19425
19437
19487
19537
19612
19662
19700
19712
19700
19662
19625
19562
19525
19487
19450
19412
19400
19362
19325
19287
19250
19187
19162
19125
19087
19050
19012
18950
18887
18825
18762
18725
18687
18662
18650
18637
18625
18612
18625
18612
18600
18587
18575
18537
18525
18512
18500
18487
18475
18462
18450
18437
18425
18412
18375
18337
18300
18262
18250
18262
18300
18337
18400
18462
18537
18600
18687
18775
18875
18975
19075
19175
19287
19400
19512
19625
19725
19825
19912
19987
20050
20112
20175
20250
20325
20400
20475
20537
20575
20612
20650
20662
20675
20687
20700
20687
20700
20687
20700
20687
20700
20687
20700
20687
20675
20662
20650
20612
20575
20537
20462
20387
20312
20237
20175
20112
20050
19987
19925
19850
19775
19687
19587
19500
19412
19325
19275
19262
19275
19312
19375
19437
19500
19537
19550
19537
19500
19437
19375
19312
19275
19237
19212
19175
19137
19075
19012
18975
18937
18925
18912
18900
18862
18825
18762
18700
18662
18637
18600
18587
18575
18562
18550
18562
18550
18562
18550
18537
18525
18512
18475
18437
18400
18337
18300
18262
18225
18212
18225
18237
18287
18362
18437
18525
18612
18712
18825
18950
19062
19175
19312
19437
19550
19675
19800
19887
19987
20087
20162
20250
20337
20412
20475
20537
20575
20612
20650
20687
20712
20775
20812
20850
20862
20850
20837
20825
20812
20800
20787
20775
20762
20737
20700
20650
20575
20500
20412
20325
20250
20175
20112
20050
19987
19925
19862
19787
19712
19637
19575
19500
19462
19450
19462
19500
19537
19575
19587
19575
19537
19500
19437
19375
19312
19250
19187
19137
19075
19012
18950
18912
18875
18837
18800
18762
18725
18687
18662
18650
18637
18600
18587
18575
18562
18550
18562
18550
18537
18525
18512
18475
18462
18450
18412
18375
18337
18300
18262
18250
18237
18225
18212
18225
18212
18225
18275
18325
18375
18450
18525
18587
18675
18775
18887
19012
19125
19250
19375
19487
19600
19725
19837
19950
20062
20150
20212
20287
20350
20412
20475
20512
20550
20587
20625
20637
20675
20687
20700
20687
20700
20687
20700
20687
20675
20637
20600
20537
20475
20412
20350
20287
20225
20175
20112
20050
19975
19900
19825
19750
19675
19612
19537
19462
19375
19287
19237
19187
19175
19187
19212
19250
19287
19325
19362
19400
19412
19450
19462
19450
19437
19425
19387
19350
19337
19300
19262
19250
19225
19187
19125
19087
19025
18975
18925
18887
18825
18750
18700
18650
18612
18587
18575
18562
18537
18537
18512
18512
18487
18500
18487
18500
18487
18500
18487
18475
18437
18425
18387
18375
18362
18350
18312
18300
18262
18225
18212
18187
18175
18150
18150
18125
18137
18150
18175
18212
18275
18350
18437
18525
18612
18725
18837
18950
19062
19187
19312
19437
19550
19650
19762
19862
19950
20037
20112
20175
20225
20287
20350
20412
20475
20512
20550
20587
20625
20637
20675
20687
20700
20712
20725
20712
20725
20712
20675
20625
20562
20475
20387
20300
20212
20137
20050
19962
19875
19800
19725
19650
19587
19512
19437
19375
19337
19300
19287
19300
19337
19375
19437
19475
19512
19525
19537
19525
19512
19475
19462
19425
19387
19350
19312
19250
19212
19187
19150
19112
19075
19012
18950
18912
18875
18837
18800
18787
18750
18712
18700
18687
18662
18650
18637
18625
18612
18600
18587
18575
18537
18525
18512
18500
18487
18500
18487
18475
18462
18450
18412
18400
18387
18350
18312
18275
18237
18200
18200
18187
18200
18200
18237
18275
18362
18450
18537
18625
18737
18837
18950
19062
19187
19300
19412
19512
19600
19700
19800
19887
19975
20050
20112
20175
20250
20325
20400
20475
20537
20600
20637
20675
20712
20725
20712
20725
20712
20700
20687
20700
20687
20675
20637
20600
20537
20462
20387
20312
20237
20175
20100
20025
19937
19850
19762
19675
19600
19525
19475
19425
19412
19425
19462
19500
19562
19625
19662
19700
19712
19725
19712
19725
19712
19700
19687
19675
19637
19600
19562
19500
19437
19375
19312
19250
19187
19162
19125
19087
19050
19012
18950
18887
18825
18787
18750
18712
18700
18687
18687
18675
18687
18675
18687
18675
18687
18675
18687
18675
18662
18650
18637
18625
18612
18600
18587
18575
18562
18575
18575
18575
18575
18550
18500
18487
18450
18412
18400
18387
18375
18362
18350
18337
18325
18287
18275
18287
18300
18350
18425
18500
18575
18662
18762
18862
18987
19100
19237
19362
19500
19600
19712
19825
19937
20037
20137
20225
20312
20387
20462
20550
20625
20687
20762
20837
20900
20937
20975
20987
20975
20937
20900
20862
20812
20762
20712
20662
20600
20537
20475
20412
20350
20275
20200
20137
20062
19987
19925
19850
19775
19700
19625
19562
19525
19487
19475
19487
19525
19562
19600
19637
19650
19637
19600
19562
19500
19462
19425
19387
19350
19312
19250
19175
19137
19087
19037
18987
18950
18887
18850
18812
18775
18762
18750
18737
18712
18712
18687
18687
18675
18687
18675
18662
18650
18637
18625
18612
18625
18612
18625
18612
18625
18612
18625
18600
18600
18575
18575
18550
18537
18525
18512
18500
18487
18475
18462
18450
18412
18375
18337
18275
18237
18200
18200
18200
18237
18275
18337
18400
18462
18537
18612
18712
18825
18950
19062
19187
19312
19425
19537
19637
19750
19850
19962
20062
20150
20212
20287
20350
20412
20475
20537
20575
20612
20650
20662
20675
20712
20725
20737
20750
20762
20762
20775
20762
20775
20762
20737
20725
20712
20662
20637
20612
20562
20512
20475
20412
20337
20262
20187
20125
20050
19987
19925
19862
19800
19725
19650
19575
19487
19400
19325
19275
19262
19275
19312
19375
19412
19462
19487
19512
19512
19537
19525
19512
19475
19437
19375
19312
19250
19187
19162
19125
19087
19037
19012
18962
18912
18887
18875
18837
18800
18787
18750
18712
18675
18637
18612
18575
18562
18550
18562
18550
18537
18525
18512
18500
18487
18500
18487
18500
18487
18500
18487
18500
18487
18475
18462
18450
18437
18425
18412
18375
18362
18325
18312
18300
18312
18300
18287
18275
18262
18225
18212
18200
18200
18187
18175
18162
18175
18175
18212
18275
18337
18400
18475
18550
18650
18762
18887
19012
19125
19237
19362
19475
19575
19675
19775
19862
19950
20025
20100
20175
20225
20287
20350
20375
20425
20487
20525
20537
20587
20612
20600
20612
20625
20637
20625
20637
20625
20612
20575
20537
20475
20412
20350
20287
20225
20175
20100
20025
19950
19862
19775
19700
19625
19562
19500
19437
19375
19312
19250
19212
19187
19175
19187
19212
19250
19312
19350
19387
19400
19387
19350
19337
19300
19262
19225
19187
19137
19075
19012
18950
18887
18850
18812
18775
18737
18725
18687
18662
18625
18587
18550
18512
18475
18462
18475
18450
18462
18475
18462
18450
18450
18437
18425
18412
18375
18362
18325
18287
18275
18262
18225
18212
18200
18175
18137
18125
18087
18075
18062
18075
18062
18087
18087
18125
18150
18212
18262
18350
18437
18525
18625
18737
18850
18975
19075
19212
19337
19462
19562
19675
19762
19862
19950
20025
20100
20175
20225
20287
20350
20412
20475
20537
20600
20637
20675
20687
20700
20712
20725
20737
20737
20712
20662
20612
20537
20475
20412
20337
20262
20187
20125
20050
19987
19925
19850
19775
19700
19625
19550
19462
19375
19312
19275
19275
19312
19375
19412
19425
19437
19425
19387
19350
19312
19275
19237
19212
19200
19187
19150
19112
19075
19012
18975
18937
18900
18862
18825
18762
18700
18662
18637
18600
18587
18575
18537
18525
18512
18500
18487
18475
18462
18450
18437
18425
18437
18425
18450
18437
18425
18412
18400
18375
18362
18350
18312
18300
18262
18225
18187
18150
18125
18087
18050
18037
18050
18062
18112
18200
18312
18425
18550
18675
18800
18912
19050
19175
19287
19412
19537
19612
19712
19825
19925
20012
20100
20175
20225
20287
20350
20412
20475
20537
20575
20612
20625
20637
20650
20687
20700
20737
20750
20762
20750
20737
20700
20662
20600
20537
20475
20412
20350
20287
20225
20175
20100
20025
19950
19875
19787
19712
19637
19575
19500
19437
19362
19325
19312
19300
19312
19362
19400
19412
19450
19462
19475
19462
19450
19412
19400
19350
19300
19250
19200
19137
19075
19012
18950
18887
18850
18812
18775
18737
18700
18637
18587
18525
18487
18450
18412
18400
18387
18375
18362
18375
18350
18350
18325
18325
18300
18312
18300
18287
18275
18262
18250
18237
18225
18212
18200
18175
18162
18150
18112
18100
18087
18075
18062
18075
18062
18050
18037
18025
18012
18000
18012
18025
18062
18100
18150
18225
18300
18387
18487
18600
18712
18850
18975
19087
19212
19337
19437
19550
19650
19750
19850
19950
20037
20112
20175
20225
20287
20350
20412
20475
20512
20550
20587
20600
20612
20625
20612
20600
20612
20600
20587
20575
20562
20512
20462
20412
20362
20275
20200
20137
20062
19987
19925
19850
19775
19700
19612
19537
19462
19387
19312
19250
19212
19187
19175
19187
19200
19212
19237
19275
19287
19300
19287
19250
19187
19137
19075
19012
18950
18887
18825
18762
18700
18637
18587
18525
18487
18450
18412
18400
18387
18375
18362
18350
18337
18325
18287
18275
18262
18250
18237
18250
18237
18225
18212
18200
18200
18187
18175
18162
18150
18112
18100
18087
18075
18062
18075
18062
18050
18012
17975
17937
17925
17937
17975
18050
18112
18200
18300
18412
18512
18637
18762
18887
19012
19125
19237
19350
19462
19562
19662
19762
19850
19925
19987
20050
20112
20150
20187
20225
20237
20250
20262
20275
20262
20275
20262
20275
20262
20250
20212
20175
20112
20050
19987
19925
19862
19800
19737
19662
19600
19525
19450
19362
19287
19200
19112
19037
18987
18937
18900
18887
18900
18912
18950
19012
19050
19087
19125
19137
19125
19112
19075
19037
19000
18962
18925
18887
18825
18762
18700
18637
18587
18525
18462
18400
18337
18300
18262
18250
18237
18225
18212
18225
18200
18200
18200
18200
18187
18200
18187
18175
18162
18150
18112
18100
18087
18050
18012
18000
17962
17950
17937
17925
17887
17875
17837
17825
17837
17875
17912
17975
18037
18100
18175
18262
18362
18475
18575
18712
18837
18950
19062
19175
19275
19375
19487
19575
19675
19762
19850
19925
19987
20050
20112
20150
20187
20225
20250
20287
20350
20387
20425
20437
20450
20437
20425
20387
20350
20287
20225
20175
20112
20050
19987
19925
19862
19800
19737
19675
19625
19562
19500
19425
19350
19275
19200
19137
19100
19087
19075
19087
19125
19137
19150
19187
19200
19212
19225
19237
19225
19212
19175
19137
19075
19037
19000
18962
18925
18887
18825
18762
18725
18687
18662
18625
18587
18525
18462
18400
18362
18325
18287
18250
18237
18200
18175
18162
18150
18137
18125
18137
18125
18137
18125
18137
18125
18112
18100
18087
18075
18062
18087
18075
18087
18075
18087
18062
18050
18037
18025
18012
17987
17987
17962
17962
17937
17925
17912
17900
17862
17850
17862
17875
17912
17987
18062
18137
18225
18312
18400
18500
18600
18712
18837
18962
19087
19200
19325
19437
19550
19625
19712
19787
19862
19925
19987
20050
20112
20175
20225
20262
20300
20337
20375
20387
20425
20437
20450
20437
20450
20437
20425
20387
20375
20337
20287
20262
20237
20200
20150
20112
20050
19987
19925
19862
19800
19737
19662
19600
19525
19437
19350
19275
19200
19137
19075
19037
19000
18987
19000
19037
19075
19137
19175
19212
19225
19212
19175
19137
19075
19012
18975
18937
18900
18862
18825
18762
18700
18637
18587
18550
18512
18475
18437
18400
18362
18325
18287
18275
18262
18225
18212
18200
18200
18187
18175
18162
18150
18137
18125
18137
18125
18137
18125
18137
18125
18137
18125
18112
18100
18087
18050
18037
18025
18012
18000
17987
17975
17962
17925
17912
17900
17887
17875
17862
17812
17800
17787
17775
17762
17787
17775
17775
17800
17862
17925
18012
18087
18175
18262
18362
18475
18600
18737
18875
19012
19125
19250
19362
19475
19575
19675
19762
19862
19950
20025
20100
20175
20212
20250
20275
20312
20350
20412
20450
20487
20525
20537
20550
20587
20600
20612
20625
20612
20600
20587
20550
20512
20475
20412
20350
20287
20225
20175
20112
20050
19987
19925
19850
19775
19700
19625
19562
19487
19412
19337
19262
19187
19137
19075
19037
19025
19037
19075
19137
19175
19212
19225
19212
19175
19137
19075
19012
18950
18887
18825
18762
18700
18637
18587
18550
18512
18500
18475
18475
18450
18425
18375
18362
18325
18287
18250
18237
18200
18175
18162
18150
18137
18125
18137
18125
18137
18125
18112
18100
18087
18075
18062
18050
18012
18000
17962
17925
17912
17900
17862
17850
17837
17825
17812
17825
17812
17800
17787
17775
17737
17725
17737
17725
17737
17775
17812
17850
17912
17987
18062
18137
18225
18325
18425
18525
18637
18762
18887
19000
19100
19200
19300
19387
19475
19550
19625
19675
19737
19800
19862
19925
19987
20025
20062
20100
20112
20125
20137
20150
20137
20150
20137
20125
20112
20100
20062
20025
19987
19925
19862
19800
19737
19675
19625
19562
19487
19412
19325
19237
19150
19087
19012
18950
18887
18812
18737
18687
18662
18662
18700
18762
18825
18862
18875
18887
18875
18837
18800
18762
18700
18637
18587
18525
18462
18400
18337
18300
18262
18225
18187
18175
18150
18112
18075
18062
18025
18012
18000
18012
18000
17987
17975
17962
17950
17937
17950
17937
17925
17912
17900
17862
17850
17837
17800
17787
17775
17762
17750
17737
17725
17712
17700
17687
17662
17637
17637
17625
17625
17650
17687
17737
17812
17900
17987
18075
18175
18287
18387
18500
18625
18750
18875
19012
19112
19225
19337
19437
19525
19612
19700
19775
19850
19925
19987
20050
20112
20175
20212
20250
20262
20275
20275
20287
20300
20312
20300
20262
20225
20175
20100
20025
19950
19862
19775
19687
19600
19525
19450
19362
19287
19200
19112
19037
18962
18912
18900
18912
18925
18962
19000
19012
19025
19037
19050
19037
19050
19025
19000
18975
18950
18900
18862
18825
18762
18700
18637
18587
18550
18512
18475
18437
18400
18337
18275
18212
18150
18125
18087
18050
18037
18025
18012
18000
18012
18000
17987
17975
17987
17975
17987
18000
17987
17975
17962
17950
17937
17950
17937
17950
17937
17925
17912
17900
17887
17875
17862
17850
17837
17825
17812
17800
17787
17775
17762
17750
17762
17750
17737
17725
17712
17700
17712
17750
17787
17850
17912
17987
18062
18162
18275
18387
18500
18600
18712
18825
18937
19050
19137
19250
19350
19450
19537
19625
19675
19737
19800
19862
19925
19987
20050
20112
20150
20187
20200
20212
20225
20237
20250
20262
20275
20250
20250
20225
20200
20150
20112
20050
19987
19925
19862
19800
19725
19637
19550
19450
19350
19262
19187
19137
19075
19012
18950
18887
18825
18787
18775
18787
18825
18887
18925
18962
18975
18962
18950
18937
18900
18862
18825
18762
18725
18687
18662
18625
18587
18550
18512
18475
18462
18437
18412
18387
18362
18312
18300
18262
18225
18187
18175
18150
18112
18100
18087
18050
18037
18025
18012
18000
18012
18000
18012
18000
18012
18000
17987
17975
17962
17950
17937
17950
17937
17925
17912
17900
17887
17875
17862
17850
17837
17800
17787
17775
17737
17725
17712
17700
17687
17675
17662
17650
17650
17650
17687
17725
17800
17887
17975
18075
18187
18300
18412
18537
18650
18775
18900
19025
19112
19212
19325
19425
19525
19612
19712
19787
19862
19925
19987
20050
20087
20125
20162
20175
20187
20200
20212
20225
20225
20225
20225
20200
20150
20112
20050
19987
19925
19862
19800
19725
19650
19587
19512
19437
19362
19287
19200
19112
19037
18962
18887
18850
18812
18800
18812
18850
18887
18950
18987
19000
18987
18975
18937
18900
18862
18850
18812
18775
18762
18750
18712
18675
18662
18625
18600
18562
18525
18462
18412
18337
18275
18212
18150
18125
18087
18050
18037
18025
18012
18000
17987
17975
17962
17950
17937
17950
17937
17950
17937
17950
17937
17925
17912
17900
17887
17875
17887
17875
17862
17850
17837
17800
17787
17775
17737
17725
17712
17675
17662
17650
17625
17612
17600
17587
17600
17625
17662
17725
17787
17862
17937
18025
18100
18212
18312
18437
18550
18675
18787
18912
19025
19112
19212
19312
19412
19500
19587
19662
19737
19800
19862
19925
19987
20025
20062
20075
20087
20075
20062
20025
19987
19925
19862
19825
19787
19737
19687
19637
19575
19500
19437
19375
19300
19225
19150
19087
19000
18925
18850
18775
18700
18662
18662
18662
18700
18762
18825
18862
18875
18862
18850
18812
18775
18737
18725
18687
18687
18675
18662
18625
18612
18575
18537
18500
18450
18400
18350
18300
18250
18212
18175
18150
18112
18075
18037
18000
17962
17950
17937
17925
17912
17900
17887
17875
17887
17875
17887
17862
17862
17837
17837
17812
17825
17812
17800
17787
17775
17762
17750
17762
17750
17737
17725
17712
17700
17687
17675
17662
17650
17625
17612
17625
17625
17662
17725
17787
17862
17937
18025
18100
18212
18312
18425
18525
18650
18750
18862
18962
19062
19137
19225
19300
19375
19437
19500
19562
19625
19675
19737
19775
19812
19825
19837
19825
19837
19850
19862
19875
19887
19900
19887
19900
19887
19875
19837
19800
19737
19675
19625
19562
19500
19437
19362
19287
19212
19125
19050
18975
18900
18825
18762
18700
18637
18612
18575
18537
18525
18537
18550
18587
18637
18700
18737
18775
18812
18825
18837
18850
18862
18850
18837
18825
18812
18775
18737
18700
18637
18587
18550
18512
18475
18437
18400
18362
18325
18312
18300
18287
18275
18262
18225
18187
18175
18150
18112
18075
18062
18025
18012
18000
17987
17975
17962
17950
17937
17950
17937
17950
17937
17925
17912
17900
17887
17875
17887
17875
17887
17875
17887
17875
17887
17875
17862
17850
17837
17825
17812
17825
17812
17800
17787
17775
17737
17725
17712
17700
17687
17675
17662
17650
17625
17612
17600
17587
17575
17587
17575
17587
17600
17625
17662
17737
17812
17900
18000
18087
18200
18312
18437
18537
18662
18775
18912
19025
19137
19250
19362
19450
19537
19612
19675
19750
19800
19850
19900
19950
19962
20000
20037
20075
20087
20125
20162
20175
20187
20225
20237
20250
20262
20250
20237
20225
20212
20200
20187
20150
20112
20050
19987
19925
19862
19800
19737
19662
19600
19525
19450
19375
19300
19225
19150
19075
18987
18912
18862
18812
18800
18812
18850
18887
18925
18962
18975
18987
18975
18962
18925
18887
18825
18762
18725
18687
18662
18625
18612
18575
18537
18500
18462
18400
18337
18275
18212
18150
18125
18087
18050
18037
18025
18012
18000
17987
17975
17962
17925
17887
17875
17837
17825
17812
17825
17812
17800
17787
17775
17737
17725
17712
17675
17662
17650
17650
17637
17650
17650
17687
17725
17787
17850
17912
17987
18075
18175
18300
18425
18537
18650
18775
18875
18987
19087
19162
19250
19337
19412
19487
19562
19625
19675
19737
19800
19837
19875
19912
19950
19962
20000
20037
20050
20062
20075
20087
20075
20087
20075
20087
20075
20062
20025
19987
19925
19862
19787
19737
19675
19625
19562
19500
19412
19337
19250
19162
19100
19025
18937
18862
18787
18712
18662
18662
18662
18700
18762
18800
18837
18850
18837
18800
18762
18700
18637
18587
18525
18487
18437
18412
18387
18362
18312
18300
18262
18225
18212
18200
18175
18137
18100
18037
17975
17937
17900
17862
17850
17837
17825
17812
17800
17787
17775
17762
17750
17762
17750
17762
17750
17737
17725
17712
17700
17687
17675
17662
17650
17625
17612
17600
17562
17525
17512
17475
17462
17475
17512
17550
17600
17675
17750
17837
17937
18037
18150
18275
18412
18537
18662
18787
18912
19025
19125
19237
19337
19425
19500
19562
19625
19675
19737
19800
19862
19900
19937
19975
19987
20000
20037
20050
20062
20062
20075
20062
20050
20012
19987
19925
19862
19787
19712
19625
19550
19462
19387
19300
19225
19150
19075
18987
18912
18837
18762
18700
18662
18662
18662
18700
18762
18825
18862
18900
18912
18925
18912
18900
18862
18825
18762
18700
18637
18612
18562
18512
18487
18462
18412
18375
18337
18275
18212
18175
18150
18112
18075
18062
18025
18012
18000
17987
17975
17962
17950
17937
17925
17912
17900
17887
17875
17887
17875
17862
17850
17837
17825
17812
17800
17762
17750
17712
17700
17687
17700
17687
17675
17662
17650
17625
17587
17575
17537
17525
17512
17525
17537
17575
17600
17662
17725
17787
17862
17950
18037
18137
18250
18362
18475
18562
18662
18775
18887
18987
19087
19187
19275
19350
19425
19500
19562
19625
19675
19737
19775
19812
19850
19862
19875
19887
19900
19912
19925
19912
19925
19912
19900
19887
19875
19862
19850
19812
19775
19737
19675
19625
19562
19525
19475
19412
19350
19287
19200
19137
19062
18987
18900
18812
18725
18650
18587
18525
18487
18475
18487
18525
18587
18637
18700
18737
18775
18787
18775
18737
18700
18662
18637
18600
18562
18525
18487
18450
18412
18375
18337
18275
18212
18150
18125
18087
18050
18037
18025
17987
17950
17937
17900
17862
17825
17825
17800
17800
17800
17800
17787
17775
17762
17750
17762
17750
17762
17750
17737
17725
17712
17700
17687
17675
17662
17650
17625
17612
17600
17587
17575
17562
17550
17537
17525
17512
17500
17487
17500
17512
17550
17600
17675
17750
17837
17937
18037
18150
18275
18400
18512
18625
18750
18875
19000
19112
19237
19350
19450
19537
19612
19675
19737
19800
19862
19925
19987
20050
20112
20150
20187
20200
20212
20200
20212
20200
20187
20150
20112
20050
19987
19925
19862
19800
19725
19650
19587
19500
19412
19337
19250
19162
19087
19000
18912
18862
18787
18762
18762
18787
18787
18837
18875
18912
18925
18962
18975
18987
18975
18962
18950
18937
18900
18862
18825
18762
18700
18637
18612
18575
18537
18500
18462
18400
18337
18300
18262
18225
18187
18150
18100
18062
18025
18012
18000
17987
17975
17962
17950
17937
17950
17937
17925
17912
17900
17887
17875
17887
17875
17862
17850
17837
17825
17812
17800
17762
17750
17712
17700
17687
17675
17662
17650
17625
17587
17575
17537
17525
17537
17575
17600
17662
17725
17812
17912
18012
18112
18225
18337
18450
18562
18687
18825
18950
19062
19187
19300
19400
19487
19562
19625
19675
19737
19800
19862
19925
19987
20025
20062
20075
20087
20075
20087
20100
20137
20150
20187
20225
20225
20200
20175
20150
20100
20062
20025
19987
19925
19862
19800
19737
19662
19600
19525
19450
19375
19312
19237
19150
19075
18987
18900
18825
18762
18725
18712
18725
18762
18825
18862
18900
18937
18950
18962
18975
18987
18975
18962
18925
18887
18825
18762
18700
18662
18637
18600
18562
18550
18512
18475
18437
18400
18337
18275
18212
18150
18100
18062
18025
18012
18000
17987
17975
17962
17950
17937
17950
17937
17950
17937
17950
17937
17950
17925
17925
17900
17900
17875
17887
17875
17862
17825
17812
17775
17762
17750
17737
17725
17712
17700
17687
17675
17662
17675
17700
17750
17837
17925
18025
18125
18250
18375
18500
18625
18750
18875
19000
19125
19237
19337
19425
19512
19587
19650
19725
19800
19862
19925
19987
20050
20087
20125
20162
20175
20187
20200
20212
20225
20237
20225
20237
20225
20187
20150
20112
20050
19987
19925
19850
19762
19662
19562
19462
19362
19275
19200
19137
19075
19012
18950
18887
18850
18837
18850
18862
18912
18962
18987
19012
19037
19025
19012
19000
18962
18925
18887
18825
18762
18725
18687
18687
18675
18662
18625
18612
18575
18525
18500
18475
18425
18375
18337
18275
18237
18200
18175
18162
18150
18112
18100
18087
18075
18062
18050
18037
18025
18012
18000
17987
17975
17962
17925
17912
17900
17887
17875
17887
17875
17862
17850
17837
17825
17812
17800
17787
17800
17787
17800
17837
17875
17912
17987
18062
18125
18212
18312
18412
18512
18637
18762
18887
19000
19100
19212
19325
19425
19525
19612
19675
19737
19800
19862
19925
19987
20050
20112
20150
20187
20225
20237
20250
20275
20287
20300
20337
20350
20362
20375
20387
20375
20387
20375
20387
20375
20387
20375
20362
20325
20312
20275
20250
20212
20175
20112
20050
19987
19925
19862
19800
19737
19675
19625
19562
19487
19412
19337
19262
19187
19137
19075
19012
18950
18912
18900
18912
18950
19012
19075
19137
19175
19212
19225
19212
19175
19137
19075
19012
18975
18925
18875
18825
18800
18750
18712
18675
18637
18612
18575
18537
18500
18462
18400
18362
18325
18287
18275
18262
18225
18212
18200
18175
18162
18150
18137
18125
18112
18100
18087
18075
18062
18050
18012
18000
17950
17925
17900
17900
17875
17887
17875
17862
17825
17812
17775
17762
17787
17837
17887
17962
18050
18125
18212
18312
18437
18550
18662
18800
18925
19037
19162
19300
19412
19525
19612
19700
19775
19850
19925
19987
20050
20112
20175
20225
20287
20325
20362
20400
20412
20425
20462
20475
20462
20450
20400
20325
20250
20162
20087
20012
19937
19862
19800
19737
19675
19612
19537
19462
19387
19312
19250
19187
19137
19100
19062
19050
19062
19100
19137
19187
19225
19237
19225
19187
19137
19075
19012
18950
18887
18825
18787
18750
18712
18675
18637
18587
18525
18462
18425
18387
18350
18337
18325
18287
18275
18262
18250
18237
18250
18237
18250
18237
18250
18237
18225
18212
18200
18175
18137
18125
18087
18075
18062
18075
18062
18075
18062
18050
18037
18025
17987
17950
17937
17900
17887
17875
17862
17825
17812
17800
17812
17850
17912
17975
18050
18112
18200
18300
18425
18525
18650
18775
18900
19012
19112
19225
19337
19437
19537
19625
19725
19812
19900
19987
20037
20075
20112
20150
20175
20212
20250
20275
20287
20300
20312
20325
20337
20350
20362
20375
20362
20350
20337
20300
20262
20250
20212
20162
20112
20062
19975
19900
19825
19750
19675
19612
19537
19462
19375
19287
19212
19137
19075
19012
18975
18937
18925
18937
18975
18987
19025
19062
19100
19112
19150
19162
19150
19112
19075
19012
18950
18887
18850
18812
18775
18737
18725
18687
18662
18625
18612
18575
18537
18500
18487
18450
18412
18400
18387
18350
18337
18325
18287
18250
18212
18175
18150
18137
18125
18137
18125
18137
18125
18112
18100
18087
18075
18062
18050
18037
18025
18012
18000
18012
18000
17987
17950
17937
17900
17862
17850
17837
17825
17812
17825
17812
17800
17762
17750
17712
17700
17687
17700
17712
17750
17787
17862
17937
18012
18087
18187
18275
18375
18487
18587
18712
18837
18962
19075
19187
19287
19387
19487
19587
19650
19725
19800
19862
19925
19987
20050
20112
20175
20212
20250
20262
20275
20262
20275
20262
20250
20212
20200
20162
20125
20087
20050
19987
19925
19862
19787
19712
19637
19575
19487
19412
19337
19262
19187
19137
19075
19012
18950
18887
18850
18812
18800
18812
18850
18887
18950
18987
19025
19062
19075
19087
19100
19112
19100
19087
19050
19012
18950
18912
18875
18837
18800
18762
18725
18687
18662
18625
18587
18525
18462
18400
18337
18300
18262
18225
18212
18200
18175
18137
18125
18087
18075
18062
18050
18037
18025
18012
18000
17987
17975
17962
17950
17937
17925
17912
17900
17887
17875
17862
17825
17787
17725
17687
17650
17650
17650
17687
17737
17812
17900
18000
18100
18200
18312
18425
18525
18650
18775
18900
19025
19125
19212
19312
19412
19500
19587
19662
19737
19800
19862
19925
19987
20050
20087
20125
20137
20150
20137
20125
20087
20050
19987
19925
19862
19800
19737
19675
19612
19537
19462
19387
19300
19225
19150
19087
19012
18950
18875
18800
18750
18725
18725
18762
18825
18862
18900
18937
18950
18937
18925
18887
18825
18762
18700
18662
18637
18600
18562
18525
18462
18400
18337
18300
18262
18225
18187
18150
18125
18087
18050
18037
18025
17987
17975
17962
17950
17937
17925
17912
17900
17887
17875
17887
17875
17887
17875
17887
17875
17862
17825
17812
17762
17737
17712
17712
17687
17700
17687
17700
17687
17675
17662
17650
17650
17637
17625
17612
17625
17625
17662
17725
17800
17887
17975
18075
18187
18312
18437
18562
18687
18825
18937
19050
19150
19250
19350
19462
19562
19637
19725
19800
19862
19925
19987
20050
20112
20150
20187
20200
20212
20225
20237
20250
20275
20287
20300
20312
20325
20312
20325
20312
20300
20262
20225
20175
20112
20050
19987
19925
19862
19800
19737
19675
19625
19562
19500
19425
19337
19250
19162
19087
19000
18950
18900
18875
18875
18912
18950
19012
19050
19087
19100
19087
19050
19012
18950
18887
18850
18800
18750
18700
18650
18587
18525
18462
18400
18337
18300
18262
18225
18212
18200
18175
18137
18125
18087
18075
18062
18075
18062
18050
18037
18025
17987
17975
17962
17925
17887
17875
17837
17825
17812
17800
17787
17775
17762
17750
17737
17725
17712
17700
17687
17675
17662
17650
17625
17612
17600
17587
17575
17587
17600
17625
17662
17725
17812
17900
17987
18075
18187
18300
18412
18537
18662
18800
18912
19037
19137
19250
19350
19450
19537
19612
19700
19750
19800
19850
19887
19925
19987
20025
20062
20100
20112
20125
20137
20150
20162
20175
20187
20200
20225
20225
20225
20200
20200
20162
20125
20112
20087
20025
19987
19950
19887
19837
19800
19737
19662
19587
19500
19412
19325
19237
19162
19100
19025
18950
18887
18825
18787
18775
18787
18825
18887
18925
18937
18950
18937
18900
18862
18825
18762
18700
18662
18637
18637
18625
18612
18575
18537
18487
18450
18412
18375
18337
18275
18212
18150
18100
18062
18025
17987
17975
17962
17925
17912
17900
17887
17875
17862
17850
17837
17800
17787
17775
17737
17737
17737
17712
17712
17712
17700
17687
17700
17687
17700
17687
17675
17662
17650
17650
17637
17625
17587
17575
17537
17525
17512
17525
17537
17575
17600
17662
17737
17812
17887
17975
18062
18162
18287
18425
18550
18687
18825
18937
19050
19137
19237
19325
19412
19487
19562
19625
19700
19775
19850
19900
19937
19975
19987
19975
19987
19975
19962
19937
19912
19862
19800
19712
19637
19575
19500
19437
19375
19300
19225
19150
19087
19012
18950
18875
18800
18725
18650
18612
18600
18612
18637
18700
18762
18800
18812
18800
18787
18750
18712
18675
18637
18587
18525
18462
18400
18337
18275
18212
18150
18125
18087
18050
18012
18000
17962
17925
17912
17900
17887
17875
17862
17850
17862
17850
17862
17875
17862
17850
17837
17825
17812
17800
17762
17750
17712
17700
17687
17700
17687
17675
17662
17650
17625
17612
17600
17562
17550
17537
17525
17512
17525
17512
17525
17537
17575
17600
17662
17737
17825
17912
18000
18100
18212
18325
18450
18575
18700
18812
18925
19037
19125
19212
19312
19400
19487
19575
19650
19725
19800
19862
19925
19987
20050
20087
20100
20087
20050
20012
19975
19937
19900
19862
19800
19737
19662
19600
19525
19437
19350
19275
19200
19137
19075
19012
18950
18887
18825
18762
18725
18712
18725
18762
18825
18887
18925
18937
18925
18887
18825
18787
18737
18687
18662
18637
18600
18562
18525
18462
18400
18362
18325
18287
18250
18212
18150
18100
18062
18025
18012
18000
17987
17975
17962
17925
17912
17900
17887
17875
17850
17825
17825
17800
17800
17837
17837
17837
17837
17812
17787
17775
17737
17725
17712
17700
17687
17675
17637
17625
17600
17587
17575
17562
17525
17512
17500
17512
17550
17600
17662
17750
17850
17962
18075
18212
18337
18475
18600
18725
18850
18975
19075
19150
19250
19337
19425
19512
19600
19662
19737
19800
19862
19925
19987
20025
20062
20075
20087
20100
20112
20125
20137
20150
20162
20175
20187
20200
20212
20200
20212
20200
20187
20175
20162
20125
20087
20050
19975
19900
19825
19750
19675
19625
19562
19500
19437
19375
19300
19225
19137
19062
18975
18900
18825
18762
18725
18712
18737
18762
18812
18862
18887
18900
18912
18887
18862
18837
18787
18762
18750
18712
18675
18637
18587
18550
18512
18500
18487
18475
18437
18400
18337
18275
18212
18175
18150
18112
18075
18037
17975
17912
17875
17837
17825
17812
17825
17812
17800
17787
17775
17762
17750
17737
17725
17712
17700
17687
17675
17662
17650
17650
17637
17625
17612
17600
17587
17575
17562
17525
17512
17475
17437
17425
17412
17400
17412
17425
17437
17475
17512
17550
17612
17700
17787
17900
18012
18125
18237
18362
18475
18587
18700
18825
18937
19050
19150
19262
19362
19462
19550
19625
19700
19775
19825
19887
19937
19962
19987
20012
20025
20012
20025
20012
20000
19987
19975
19937
19900
19862
19800
19737
19675
19625
19562
19487
19412
19325
19237
19150
19087
19000
18925
18837
18750
18662
18612
18575
18562
18575
18612
18637
18700
18737
18750
18762
18750
18712
18700
18687
18662
18625
18587
18525
18462
18400
18337
18300
18262
18225
18175
18162
18137
18100
18062
18037
18000
17962
17925
17912
17900
17862
17825
17812
17775
17762
17750
17737
17725
17712
17700
17687
17700
17687
17700
17687
17675
17662
17650
17650
17637
17650
17637
17625
17612
17600
17587
17575
17562
17525
17512
17475
17437
17425
17412
17375
17337
17325
17312
17325
17362
17425
17500
17575
17675
17775
17900
18012
18137
18262
18387
18500
18612
18725
18837
18950
19037
19125
19212
19287
19362
19437
19500
19562
19625
19662
19700
19737
19762
19787
19812
19837
19850
19850
19850
19875
19875
19875
19875
19875
19850
19825
19775
19737
19675
19625
19562
19500
19437
19375
19312
19237
19162
19087
19000
18912
18837
18762
18700
18637
18587
18550
18512
18500
18512
18550
18562
18600
18637
18662
18675
18712
18725
18712
18675
18637
18612
18575
18537
18500
18487
18450
18412
18375
18362
18312
18287
18262
18237
18187
18150
18100
18062
18025
17987
17975
17962
17925
17912
17900
17862
17850
17837
17800
17787
17775
17737
17725
17712
17700
17675
17675
17650
17650
17637
17650
17637
17625
17587
17587
17562
17537
17537
17537
17525
17512
17500
17487
17475
17462
17450
17437
17425
17412
17400
17387
17400
17387
17375
17337
17325
17287
17275
17287
17337
17387
17462
17537
17625
17725
17837
17962
18075
18212
18337
18450
18562
18687
18800
18912
19025
19112
19175
19250
19312
19387
19462
19537
19612
19675
19737
19775
19812
19850
19862
19875
19887
19900
19912
19925
19937
19950
19962
19950
19962
19950
19962
19950
19937
19900
19862
19837
19800
19762
19725
19687
19625
19562
19500
19437
19375
19312
19250
19187
19137
19075
19000
18925
18850
18775
18700
18637
18587
18525
18487
18450
18437
18450
18487
18525
18587
18637
18675
18712
18725
18712
18675
18637
18587
18525
18487
18450
18412
18375
18337
18275
18212
18150
18100
18037
17975
17912
17850
17812
17775
17737
17725
17712
17675
17662
17650
17650
17637
17625
17612
17600
17587
17575
17587
17562
17562
17537
17512
17487
17475
17437
17400
17387
17350
17312
17300
17312
17325
17362
17425
17500
17562
17650
17737
17850
17950
18050
18175
18300
18412
18525
18650
18750
18850
18962
19062
19137
19225
19312
19375
19437
19500
19562
19625
19675
19737
19800
19837
19875
19912
19925
19912
19925
19912
19875
19837
19800
19737
19675
19625
19562
19500
19437
19375
19300
19225
19150
19087
19000
18912
18825
18737
18650
18587
18525
18487
18475
18487
18525
18587
18625
18662
18675
18662
18625
18587
18550
18500
18475
18450
18425
18375
18337
18300
18250
18200
18150
18100
18037
17975
17912
17850
17787
17725
17687
17650
17625
17612
17600
17562
17550
17537
17525
17512
17525
17512
17500
17462
17450
17412
17375
17362
17350
17312
17300
17287
17275
17262
17275
17262
17250
17237
17225
17187
17175
17162
17162
17150
17162
17162
17200
17237
17300
17362
17425
17500
17587
17675
17800
17925
18025
18150
18300
18425
18550
18687
18812
18925
19025
19112
19175
19250
19312
19375
19437
19500
19537
19575
19612
19650
19675
19712
19750
19787
19800
19812
19825
19837
19825
19812
19775
19737
19675
19625
19562
19500
19425
19350
19275
19200
19137
19075
19000
18925
18850
18762
18675
18600
18537
18462
18425
18387
18375
18387
18425
18462
18525
18587
18625
18662
18675
18687
18675
18662
18625
18587
18550
18500
18475
18450
18425
18375
18337
18275
18237
18200
18175
18137
18100
18037
17975
17937
17900
17862
17825
17812
17775
17737
17700
17662
17625
17600
17562
17550
17537
17525
17512
17525
17512
17500
17487
17475
17437
17400
17387
17350
17337
17325
17312
17300
17287
17275
17262
17250
17237
17225
17212
17200
17212
17225
17262
17300
17362
17437
17512
17600
17700
17812
17925
18025
18137
18262
18375
18487
18575
18687
18775
18862
18937
19025
19100
19162
19237
19287
19325
19362
19400
19450
19487
19525
19537
19550
19525
19537
19525
19537
19525
19537
19525
19512
19500
19487
19450
19412
19375
19312
19250
19187
19137
19075
19012
18950
18887
18825
18750
18675
18600
18537
18450
18375
18300
18225
18175
18150
18137
18150
18175
18212
18275
18337
18375
18412
18425
