t = 60.000000, p = 493.000000
15600
15587
15575
15587
15575
15575
15562
15575
15562
15575
15562
15575
15562
15575
15562
15575
15562
15550
15537
15525
15512
15500
15512
15500
15512
15500
15512
15500
15487
15475
15487
15475
15462
15475
15487
15475
15462
15475
15462
15450
15462
15475
15487
15500
15487
15475
15462
15450
15437
15425
15412
15400
15387
15375
15387
15375
15362
15350
15337
15325
15312
15325
15300
15300
15275
15275
15250
15262
15250
15262
15250
15262
15250
15262
15250
15237
15225
15237
15225
15237
15250
15237
15237
15237
15212
15212
15212
15200
15187
15200
15187
15200
15187
15200
15187
15175
15162
15150
15137
15125
15137
15125
15137
15125
15137
15125
15137
15150
15187
15200
15237
15275
15287
15300
15337
15350
15362
15375
15387
15400
15437
15450
15487
15487
15512
15512
15537
15537
15550
15537
15525
15512
15500
15512
15500
15512
15500
15512
15500
15512
15500
15487
15475
15487
15475
15462
15475
15462
15450
15437
15450
15437
15450
15437
15450
15437
15450
15437
15450
15437
15450
15437
15450
15437
15450
15437
15462
15462
15500
15500
15500
15487
15475
15450
15437
15450
15437
15450
15437
15450
15437
15450
15437
15450
15437
15450
15437
15450
15437
15450
15437
15450
15437
15450
15425
15425
15400
15400
15375
15387
15400
15412
15400
15412
15400
15387
15400
15412
15425
15437
15450
15437
15425
15412
15387
15375
15362
15375
15362
15387
15375
15400
15387
15400
15387
15375
15350
15337
15300
15300
15300
15300
15300
15325
15312
15325
15337
15350
15362
15400
15437
15450
15487
15525
15550
15562
15600
15612
15625
15612
15625
15612
15625
15612
15625
15612
15625
15612
15625
15612
15600
15587
15575
15575
15562
15575
15562
15575
15562
15575
15575
15575
15575
15575
15550
15537
15525
15487
15475
15462
15450
15437
15450
15437
15425
15412
15425
15412
15425
15437
15425
15425
15412
15400
15387
15400
15400
15412
15400
15412
15400
15387
15375
15362
15350
15337
15325
15312
15300
15287
15300
15287
15312
15337
15337
15312
15312
15300
15287
15275
15287
15275
15262
15250
15262
15250
15262
15250
15262
15237
15250
15275
15275
15275
15287
15300
15262
15275
15262
15275
15250
15262
15250
15237
15225
15212
15200
15187
15200
15187
15200
15187
15200
15187
15200
15187
15200
15187
15212
15212
15212
15225
15212
15187
15187
15187
15175
15212
15250
15287
15325
15362
15400
15437
15450
15487
15500
15487
15475
15437
15412
15412
15412
15412
15437
15450
15437
15425
15412
15400
15387
15400
15412
15400
15412
15400
15387
15375
15387
15362
15362
15337
15337
15312
15325
15300
15312
15300
15312
15300
15325
15312
15325
15337
15350
15362
15375
15362
15350
15362
15350
15362
15375
15362
15350
15337
15325
15312
15325
15312
15325
15312
15300
15287
15275
15262
15250
15262
15275
15287
15275
15287
15275
15262
15250
15262
15250
15262
15250
15262
15250
15262
15250
15262
15287
15300
15287
15300
15287
15262
15250
15237
15225
15237
15225
15237
15237
15237
15237
15237
15237
15237
15237
15212
15212
15187
15200
15187
15200
15187
15200
15187
15200
15212
15225
15237
15250
15262
15250
15262
15250
15262
15250
15262
15250
15262
15250
15262
15250
15262
15250
15262
15250
15262
15250
15262
15250
15262
15275
15325
15325
15350
15375
15400
15412
15450
15487
15500
15512
15500
15512
15525
15537
15550
15562
15575
15575
15587
15600
15612
15625
15612
15625
15612
15625
15612
15625
15612
15625
15612
15625
15612
15625
15637
15650
15637
15625
15612
15575
15575
15562
15575
15562
15550
15537
15525
15512
15500
15512
15500
15512
15500
15512
15500
15512
15500
15512
15500
15512
15500
15512
15525
15525
15525
15525
15525
15500
15487
15475
15487
15475
15462
15475
15487
15475
15462
15487
15475
15462
15450
15462
15462
15475
15487
15500
15512
15500
15512
15500
15512
15500
15512
15500
15512
15500
15512
15525
15525
15525
15550
15550
15550
15562
15575
15562
15575
15575
15587
15575
15587
15575
15575
15562
15575
15562
15550
15537
15512
15487
15487
15487
15450
15462
15450
15437
15425
15425
15412
15400
15387
15375
15362
15350
15337
15325
15337
15350
15337
15350
15337
15300
15300
15300
15300
15300
15325
15312
15325
15312
15325
15337
15337
15337
15362
15350
15350
15387
15387
15400
15450
15462
15475
15525
15525
15525
15525
15525
15500
15512
15500
15512
15500
15487
15475
15462
15450
15437
15425
15412
15387
15375
15362
15350
15337
15362
15350
15362
15362
15362
15337
15337
15312
15325
15312
15300
15287
15275
15262
15250
15237
15225
15212
15175
15162
15150
15137
15125
15137
15125
15137
15125
15112
15100
15087
15075
15062
15075
15062
15075
15062
15050
15037
15025
15000
14987
14975
14925
14912
14925
14912
14925
14950
14962
14950
14975
14975
14975
14975
14975
14962
14950
14962
14950
14962
14950
14962
14950
14962
14950
14962
14950
14962
14950
14962
14950
14962
14950
14937
14925
14937
14925
14912
14925
14912
14900
14875
14875
14875
14862
14850
14850
14850
14825
14837
14825
14812
14812
14812
14812
14812
14837
14825
14837
14850
14862
14887
14912
14937
14962
14987
15000
15025
15037
15050
15062
15075
15062
15075
15062
15075
15062
15075
15062
15075
15062
15075
15050
15050
15050
15050
15050
15062
15075
15062
15075
15062
15075
15062
15087
15075
15087
15075
15087
15062
15050
15037
15050
15037
15025
15037
15025
15000
15000
15000
15000
15000
15000
15000
15000
14962
14975
14987
14987
14987
15000
14987
15000
14987
14975
14987
15000
14987
15000
15012
15000
14987
14975
14962
14950
14962
14950
14962
14950
14962
14975
14987
14975
14987
14975
14962
14950
14962
14950
14962
14950
14962
14950
14962
14950
14962
14950
14962
14950
14962
14950
14962
14950
14962
14950
14962
14950
14962
14950
14937
14925
14912
14900
14887
14900
14887
14900
14887
14900
14875
14887
14875
14887
14875
14900
14887
14900
14887
14900
14887
14900
14887
14900
14887
14900
14887
14900
14875
14887
14875
14862
14850
14850
14812
14812
14812
14787
14800
14812
14787
14762
14762
14750
14737
14750
14750
14762
14750
14737
14737
14750
14750
14750
14775
14787
14800
14812
14850
14862
14887
14912
14900
14900
14925
14937
14962
15000
15037
15050
15062
15050
15050
15050
15050
15050
15037
15050
15025
15025
15012
15025
15012
15000
14987
14962
14950
14937
14950
14937
14962
14950
14925
14912
14900
14887
14875
14900
14887
14900
14887
14912
14900
14887
14887
14887
14850
14862
14875
14850
14850
14850
14837
14825
14837
14825
14837
14825
14837
14825
14812
14800
14812
14800
14787
14800
14812
14800
14787
14775
14775
14750
14750
14750
14750
14737
14725
14712
14700
14712
14700
14687
14675
14687
14675
14687
14700
14712
14700
14712
14700
14712
14700
14712
14700
14712
14700
14712
14700
14712
14700
14712
14700
14712
14700
14712
14700
14712
14700
14712
14700
14712
14700
14712
14700
14687
14675
14687
14675
14662
14675
14662
14650
14637
14650
14637
14650
14637
14650
14637
14650
14637
14625
14612
14600
14587
14600
14612
14600
14612
14625
14612
14637
14650
14662
14650
14675
14687
14712
14737
14787
14825
14837
14875
14912
14912
14912
14937
14937
14937
14950
14962
14950
14962
14950
14962
14950
14962
14950
14937
14925
14912
14875
14862
14850
14812
14800
14787
14775
14762
14775
14762
14750
14750
14750
14750
14750
14750
14737
14725
14712
14700
14712
14700
14712
14700
14712
14700
14687
14687
14687
14687
14687
14712
14687
14687
14662
14662
14637
14650
14637
14650
14637
14625
14612
14600
14587
14575
14587
14575
14587
14575
14562
14550
14537
14537
14537
14550
14562
14575
14562
14550
14537
14537
14525
14537
14525
14537
14525
14537
14525
14537
14512
14525
14512
14525
14512
14512
14512
14512
14487
14487
14487
14475
14462
14475
14462
14475
14462
14475
14462
14475
14462
14450
14437
14425
14412
14400
14412
14400
14387
14387
14387
14362
14325
14337
14312
14312
14312
14350
14337
14350
14362
14375
14387
14425
14462
14475
14512
14537
14550
14562
14575
14587
14575
14587
14600
14612
14625
14662
14662
14662
14662
14662
14637
14625
14612
14625
14612
14625
14637
14625
14612
14600
14600
14600
14600
14600
14600
14587
14575
14587
14575
14587
14575
14562
14550
14562
14537
14537
14537
14537
14525
14537
14512
14512
14487
14500
14475
14462
14425
14425
14387
14387
14387
14412
14400
14387
14375
14350
14325
14325
14325
14325
14337
14350
14337
14350
14337
14350
14337
14350
14337
14350
14337
14325
14312
14300
14287
14275
14300
14287
14300
14287
14300
14275
14287
14275
14262
14250
14262
14250
14262
14275
14262
14250
14237
14225
14212
14225
14212
14225
14212
14237
14225
14237
14225
14237
14200
14212
14200
14212
14200
14225
14212
14225
14212
14225
14212
14225
14212
14225
14212
14200
14187
14175
14162
14175
14187
14175
14187
14175
14162
14150
14162
14150
14162
14150
14162
14175
14162
14162
14187
14212
14237
14287
14325
14362
14412
14425
14437
14450
14462
14437
14425
14437
14425
14387
14375
14387
14375
14387
14400
14412
14400
14387
14375
14362
14350
14362
14375
14362
14375
14362
14350
14337
14350
14337
14350
14337
14350
14337
14350
14337
14350
14337
14350
14337
14350
14337
14350
14337
14350
14325
14325
14325
14325
14325
14337
14350
14337
14312
14300
14287
14275
14287
14312
14325
14337
14350
14337
14325
14312
14300
14287
14275
14287
14300
14300
14300
14300
14300
14275
14262
14250
14237
14225
14237
14250
14262
14275
14300
14300
14300
14300
14300
14287
14275
14262
14250
14237
14225
14212
14200
14187
14175
14175
14175
14175
14150
14162
14137
14137
14137
14162
14150
14162
14137
14150
14162
14200
14212
14262
14300
14312
14325
14337
14350
14325
14325
14300
14312
14300
14325
14325
14350
14337
14350
14337
14350
14337
14350
14337
14350
14337
14325
14312
14300
14287
14275
14287
14275
14287
14275
14287
14275
14287
14275
14262
14250
14237
14225
14212
14225
14212
14225
14212
14225
14212
14200
14200
14200
14175
14175
14175
14162
14175
14187
14175
14187
14175
14162
14150
14162
14150
14137
14125
14112
14112
14112
14137
14137
14162
14150
14162
14150
14137
14125
14137
14112
14112
14112
14112
14112
14125
14112
14125
14112
14100
14087
14100
14087
14100
14087
14075
14062
14075
14062
14050
14062
14050
14012
14012
14012
14012
14012
14037
14025
14037
14025
14037
14025
14012
14000
14012
14000
14012
14025
14037
14025
14037
14025
14037
14012
14012
14012
14037
14062
14100
14137
14150
14162
14175
14187
14175
14187
14200
14187
14200
14212
14225
14200
14212
14200
14212
14200
14225
14212
14225
14212
14225
14212
14225
14212
14225
14212
14200
14187
14175
14162
14150
14175
14175
14175
14175
14175
14137
14125
14137
14125
14137
14150
14162
14150
14162
14150
14162
14150
14137
14125
14137
14112
14112
14112
14112
14087
14100
14087
14100
14087
14100
14087
14075
14062
14075
14050
14050
14075
14075
14075
14087
14075
14062
14050
14037
14025
14037
14025
14037
14025
14037
14025
14037
14025
14062
14062
14062
14062
14062
14037
14025
14037
14025
14037
14025
13987
13975
13962
13962
13962
13987
13987
14012
14012
13987
14000
13987
13987
13987
14000
14012
14025
14037
14025
14037
14050
14062
14075
14112
14125
14137
14150
14175
14200
14225
14225
14250
14237
14225
14212
14225
14212
14225
14200
14200
14175
14175
14150
14162
14137
14137
14112
14112
14087
14100
14087
14075
14075
14075
14075
14075
14075
14062
14050
14037
14050
14050
14050
14050
14050
14025
14012
14000
14012
14000
13987
14000
13987
13987
13975
13987
13975
13987
13975
13962
13962
13962
13962
13962
13987
13975
13987
13975
13987
13987
13987
13987
13975
13962
13962
13962
13937
13950
13937
13925
13912
13925
13912
13900
13900
13900
13900
13900
13925
13912
13900
13862
13850
13837
13825
13837
13850
13837
13825
13812
13800
13812
13825
13837
13850
13862
13875
13912
13937
14000
14062
14125
14187
14250
14287
14337
14387
14412
14437
14487
14500
14512
14537
14575
14587
14625
14662
14675
14687
14750
14787
14825
14900
14962
15025
15137
15250
15350
15450
15525
15587
15650
15725
15800
15875
15950
15987
16025
16037
16050
16037
16062
16050
16062
16062
16075
16087
16100
16112
16125
16162
16200
16237
16275
16312
16325
16337
16350
16362
16375
16387
16400
16412
16425
16400
16400
16375
16375
16350
16362
16350
16362
16350
16362
16350
16362
16350
16387
16375
16362
16362
16362
16312
16312
16337
16325
16312
16325
16312
16262
16262
16262
16275
16262
16262
16237
16237
16200
16187
16200
16187
16175
16162
16150
16137
16125
16112
16100
16112
16100
16087
16075
16062
16062
16075
16087
16100
16112
16100
16075
16050
16037
16012
16012
15987
16000
15987
16000
15987
15975
15962
15950
15937
15925
15937
15925
15937
15925
15937
15950
15987
16012
16075
16112
16150
16187
16200
16212
16225
16237
16225
16212
16200
16187
16175
16187
16200
16187
16200
16212
16200
16187
16200
16212
16187
16187
16187
16187
16187
16200
16187
16200
16187
16175
16162
16150
16137
16125
16112
16100
16112
16100
16112
16100
16112
16100
16112
16100
16112
16125
16137
16150
16162
16150
16150
16150
16150
16150
16150
16137
16125
16112
16125
16137
16162
16175
16187
16175
16187
16162
16175
16162
16175
16162
16175
16150
16150
16162
16162
16162
16175
16187
16162
16175
16162
16150
16137
16150
16137
16112
16125
16137
16125
16137
16162
16187
16162
16162
16137
16137
16100
16112
16100
16112
16100
16112
16100
16112
16100
16087
16087
16087
16087
16087
16087
16100
16100
16100
16100
16125
16125
16137
16150
16162
16175
16187
16225
16237
16275
16312
16350
16362
16400
16412
16425
16437
16450
16437
16450
16437
16425
16412
16437
16425
16412
16400
16387
16387
16387
16387
16387
16387
16337
16325
16337
16325
16337
16337
16337
16312
16312
16287
16300
16287
16300
16275
16275
16275
16275
16275
16287
16300
16287
16300
16287
16300
16287
16300
16312
16325
16337
16350
16362
16350
16362
16350
16362
16350
16362
16350
16362
16337
16337
16312
16325
16312
16312
16312
16312
16300
16287
16300
16287
16300
16287
16300
16287
16300
16287
16300
16287
16300
16287
16275
16262
16250
16237
16225
16237
16225
16237
16225
16237
16225
16237
16250
16250
16250
16275
16275
16275
16287
16275
16262
16250
16237
16225
16237
16225
16212
16212
16212
16212
16237
16262
16250
16262
16250
16237
16225
16237
16212
16225
16212
16225
16212
16237
16225
16237
16225
16237
16225
16212
16200
16187
16175
16162
16175
16187
16187
16187
16212
16212
16212
16250
16287
16300
16337
16375
16412
16425
16475
16500
16500
16500
16500
16462
16450
16462
16450
16462
16475
16462
16450
16475
16462
16475
16487
16500
16475
16487
16475
16500
16487
16500
16487
16475
16450
16425
16412
16400
16412
16400
16400
16387
16375
16375
16375
16400
16400
16400
16387
16362
16350
16337
16350
16337
16362
16350
16362
16350
16337
16325
16312
16300
16275
16275
16275
16275
16275
16287
16300
16287
16300
16312
16325
16312
16325
16312
16300
16287
16300
16312
16325
16337
16350
16362
16350
16337
16337
16337
16337
16325
16337
16312
16312
16287
16300
16287
16300
16287
16300
16312
16312
16325
16325
16325
16300
16312
16312
16325
16312
16325
16300
16287
16275
16287
16312
16350
16375
16400
16425
16437
16475
16512
16550
16587
16600
16612
16612
16625
16637
16650
16637
16625
16637
16625
16612
16625
16612
16612
16600
16612
16600
16625
16600
16587
16575
16587
16575
16562
16575
16562
16550
16562
16575
16562
16575
16562
16525
16512
16487
16462
16437
16450
16437
16462
16462
16487
16475
16487
16475
16487
16475
16500
16500
16500
16475
16475
16475
16462
16450
16462
16475
16450
16437
16450
16437
16425
16412
16425
16412
16425
16437
16450
16462
16475
16462
16450
16437
16425
16412
16425
16437
16450
16462
16475
16487
16475
16487
16475
16487
16475
16487
16475
16487
16475
16487
16475
16487
16475
16450
16437
16450
16462
16475
16500
16525
16525
16500
16500
16500
16487
16475
16462
16450
16462
16450
16462
16462
16462
16437
16437
16437
16450
16462
16475
16487
16512
16537
16562
16600
16625
16637
16675
16687
16700
16712
16725
16737
16750
16762
16775
16787
16775
16787
16775
16787
16775
16787
16775
16762
16712
16700
16687
16675
16687
16712
16725
16712
16737
16725
16737
16725
16737
16712
16700
16687
16675
16662
16675
16675
16675
16675
16675
16650
16662
16650
16662
16650
16675
16662
16650
16637
16650
16625
16612
16625
16612
16612
16600
16612
16600
16612
16612
16612
16612
16612
16612
16612
16612
16612
16637
16637
16612
16625
16612
16612
16612
16625
16637
16650
16662
16650
16662
16650
16662
16650
16662
16650
16662
16650
16662
16650
16662
16650
16637
16625
16637
16625
16637
16650
16637
16600
16587
16562
16550
16537
16550
16537
16550
16537
16550
16537
16550
16537
16550
16537
16550
16537
16550
16562
16587
16625
16662
16700
16737
16775
16787
16825
16862
16875
16887
16937
16962
16962
16987
16987
16975
16962
16975
16962
16975
16962
16950
16937
16925
16912
16900
16912
16900
16887
16887
16887
16862
16837
16837
16825
16800
16800
16800
16800
16762
16762
16737
16737
16750
16750
16725
16725
16700
16662
16650
16662
16637
16637
16637
16637
16637
16650
16662
16650
16662
16650
16662
16650
16637
16637
16637
16637
16637
16662
16650
16662
16650
16637
16625
16637
16625
16612
16625
16612
16587
16575
16562
16550
16537
16562
16550
16537
16537
16537
16500
16500
16500
16487
16475
16487
16475
16487
16475
16487
16475
16487
16475
16487
16475
16487
16475
16487
16475
16487
16475
16487
16475
16487
16475
16462
16462
16462
16462
16462
16487
16475
16462
16450
16437
16437
16425
16412
16400
16375
16337
16337
16337
16337
16375
16412
16425
16462
16500
16537
16550
16587
16612
16650
16662
16700
16737
16750
16762
16775
16787
16775
16787
16825
16825
16800
16800
16800
16750
16762
16775
16762
16750
16762
16725
16712
16700
16687
16650
16662
16637
16637
16612
16612
16612
16625
16600
16600
16600
16587
16587
16587
16587
16562
16562
16537
16525
16525
16512
16500
16487
16500
16475
16487
16475
16487
16475
16487
16475
16487
16500
16512
16525
16537
16550
16537
16550
16562
16575
16562
16575
16562
16562
16550
16537
16525
16537
16512
16500
16512
16500
16487
16475
16487
16475
16487
16475
16487
16475
16487
16475
16487
16475
16487
16475
16487
16475
16487
16475
16487
16475
16487
16475
16462
16450
16462
16450
16437
16450
16462
16450
16437
16450
16437
16425
16412
16425
16437
16450
16437
16450
16437
16425
16412
16425
16412
16400
16400
16400
16400
16400
16425
16412
16425
16412
16425
16437
16475
16512
16550
16587
16612
16625
16637
16675
16737
16762
16787
16825
16837
16825
16850
16875
16862
16875
16862
16850
16837
16850
16812
16825
16812
16825
16812
16850
16837
16850
16837
16850
16837
16825
16812
16800
16762
16750
16737
16725
16712
16700
16687
16675
16662
16675
16662
16675
16687
16675
16662
16675
16662
16650
16662
16650
16662
16650
16662
16650
16662
16675
16687
16675
16687
16675
16675
16662
16675
16662
16675
16650
16637
16625
16637
16625
16612
16625
16612
16612
16600
16612
16600
16612
16600
16612
16600
16612
16600
16612
16600
16612
16600
16612
16600
16612
16600
16612
16600
16612
16600
16612
16612
16625
16612
16625
16612
16612
16600
16612
16600
16612
16600
16612
16600
16612
16612
16625
16612
16625
16650
16637
16650
16662
16675
16650
16662
16675
16712
16750
16812
16850
16887
16900
16912
16900
16912
16900
16912
16900
16887
16875
16862
16850
16837
16850
16837
16850
16837
16850
16837
16850
16837
16850
16837
16812
16787
16762
16737
16712
16725
16737
16750
16737
16762
16762
16737
16737
16737
16725
16737
16750
16737
16750
16737
16725
16712
16725
16712
16700
16687
16675
16662
16650
16662
16637
16637
16612
16612
16600
16612
16600
16612
16600
16612
16600
16612
16600
16612
16600
16612
16600
16612
16587
16600
16587
16575
16562
16562
16550
16537
16550
16525
16525
16500
16500
16475
16462
16450
16462
16450
16437
16450
16437
16425
16437
16450
16437
16450
16462
16450
16437
16462
16462
16462
16462
16487
16475
16487
16500
16512
16525
16537
16562
16562
16587
16600
16650
16662
16700
16737
16750
16762
16800
16800
16800
16825
16825
16800
16812
16800
16787
16775
16787
16775
16762
16750
16762
16750
16762
16775
16762
16750
16737
16725
16712
16725
16712
16700
16687
16675
16662
16650
16662
16650
16625
16612
16625
16612
16587
16612
16625
16612
16625
16650
16662
16650
16662
16650
16637
16625
16612
16612
16612
16612
16612
16612
16612
16612
16625
16612
16625
16612
16587
16575
16562
16550
16537
16550
16537
16550
16537
16550
16537
16550
16537
16550
16537
16550
16537
16550
16537
16550
16537
16550
16537
16550
16537
16525
16512
16525
16512
16500
16512
16500
16487
16475
16462
16450
16437
16425
16412
16425
16412
16425
16412
16400
16387
16375
16362
16350
16337
16325
16337
16312
16312
16337
16337
16337
16350
16362
16375
16387
16400
16437
16487
16512
16562
16600
16625
16650
16675
16700
16700
16725
16712
16725
16712
16725
16712
16725
16712
16725
16712
16725
16712
16700
16687
16662
16650
16662
16662
16675
16700
16712
16700
16725
16712
16700
16687
16700
16675
16650
16650
16650
16612
16612
16637
16637
16637
16650
16662
16650
16662
16675
16687
16675
16687
16675
16662
16675
16687
16700
16712
16725
16712
16725
16712
16725
16712
16725
16737
16750
16762
16775
16787
16800
16812
16825
16837
16850
16837
16825
16812
16825
16812
16825
16837
16850
16837
16825
16825
16825
16825
16825
16850
16837
16850
16837
16862
16850
16862
16900
16912
16887
16900
16887
16850
16837
16850
16837
16850
16837
16850
16837
16825
16812
16800
16787
16800
16812
16800
16812
16800
16787
16775
16800
16800
16825
16825
16887
16900
16937
16950
16987
16987
17025
17062
17100
17137
17150
17162
17150
17162
17162
17175
17187
17225
17237
17250
17262
17275
17262
17275
17262
17275
17262
17287
17275
17287
17275
17300
17287
17287
17287
17287
17275
17262
17275
17262
17287
17287
17287
17287
17287
17275
17287
17300
17312
17312
17325
17312
17325
17337
17362
17350
17375
17375
17350
17350
17375
17350
17350
17350
17325
17312
17312
17287
17287
17287
17275
17287
17287
17262
17262
17262
17237
17250
17262
17275
17262
17250
17237
17225
17187
17175
17162
17137
17125
17112
17100
17087
17100
17087
17100
17087
17100
17112
17112
17112
17137
17137
17112
17125
17112
17100
17087
17100
17112
17125
17112
17125
17137
17125
17137
17137
17137
17112
17112
17112
17125
17112
17125
17100
17087
17075
17087
17075
17075
17075
17075
17075
17075
17100
17112
17137
17150
17187
17225
17262
17312
17362
17412
17437
17462
17450
17462
17475
17487
17500
17537
17550
17562
17575
17587
17600
17612
17625
17637
17650
17637
17650
17637
17650
17637
17650
17637
17650
17637
17650
17637
17625
17612
17600
17587
17575
17562
17562
17562
17562
17562
17562
17550
17537
17525
17512
17525
17512
17525
17512
17525
17512
17525
17500
17512
17487
17487
17462
17475
17450
17462
17450
17462
17450
17475
17475
17475
17475
17475
17462
17475
17487
17525
17537
17550
17525
17500
17450
17450
17425
17412
17425
17412
17400
17387
17412
17400
17412
17400
17412
17375
17387
17375
17387
17375
17400
17387
17375
17362
17337
17312
17312
17312
17312
17325
17312
17312
17312
17312
17312
17312
17300
17287
17275
17262
17275
17262
17275
17262
17250
17237
17225
17212
17200
17212
17200
17187
17175
17200
17200
17200
17225
17225
17212
17225
17262
17300
17325
17350
17350
17350
17350
17362
17350
17337
17337
17312
17312
17312
17337
17325
17337
17325
17312
17300
17312
17300
17312
17325
17337
17325
17337
17312
17312
17287
17287
17262
17250
17237
17225
17212
17200
17187
17150
17137
17137
17125
17137
17150
17137
17125
17112
17100
17087
17075
17075
17075
17075
17075
17075
17062
17050
17012
17000
17012
17000
17012
17025
17037
17025
17037
17025
17012
17000
16987
16975
16987
17000
16987
17000
17012
17000
17012
17025
17037
17025
17012
17000
17012
17000
17012
17025
17012
17000
16987
16950
16937
16962
16937
16937
16937
16912
16875
16862
16850
16837
16850
16837
16850
16862
16875
16862
16875
16887
16875
16862
16875
16862
16850
16837
16850
16862
16875
16862
16887
16887
16900
16937
16975
17000
17050
17062
17075
17112
17125
17137
17162
17187
17187
17212
17200
17212
17200
17212
17200
17225
17200
17200
17175
17175
17150
17162
17150
17162
17150
17162
17150
17162
17137
17137
17112
17087
17062
17050
17037
17025
17037
17025
17037
17025
17037
17050
17062
17075
17087
17100
17087
17100
17087
17100
17087
17075
17062
17050
17037
17025
17037
17025
17050
17037
17025
17012
17000
16975
16962
16975
16962
16950
16937
16925
16912
16925
16925
16900
16900
16875
16850
16837
16850
16825
16837
16825
16812
16800
16800
16787
16775
16762
16725
16687
16650
16612
16587
16575
16562
16525
16512
16500
16487
16475
16487
16475
16462
16450
16462
16450
16462
16475
16487
16500
16512
16525
16562
16587
16600
16637
16675
16712
16725
16737
16750
16762
16737
16700
16700
16675
16650
16637
16662
16650
16637
16600
16587
16562
16550
16537
16550
16537
16525
16487
16450
16437
16425
16412
16437
16462
16437
16412
16412
16400
16387
16400
16412
16400
16387
16375
16337
16325
16337
16325
16337
16337
16350
16337
16325
16312
16337
16325
16337
16350
16362
16375
16387
16375
16387
16375
16375
16362
16350
16337
16325
16300
16287
16262
16237
16237
16212
16187
16200
16175
16162
16150
16162
16137
16150
16150
16150
16150
16162
16175
16162
16150
16137
16125
16112
16100
16087
16075
16062
16062
16037
16050
16037
16050
16050
16062
16062
16062
16062
16050
16062
16050
16062
16062
16087
16075
16087
16087
16112
16112
16150
16162
16150
16137
16150
16137
16150
16187
16225
16262
16325
16362
16400
16450
16475
16500
16525
16550
16562
16575
16562
16575
16562
16562
16562
16587
16587
16587
16587
16587
16587
16587
16612
16600
16612
16612
16625
16637
16650
16662
16650
16662
16650
16662
16650
16662
16675
16687
16700
16712
16700
16687
16675
16675
16675
16700
16687
16712
16700
16712
16700
16725
16712
16725
16737
16775
16787
16825
16837
16875
16875
16875
16875
16900
16875
16862
16875
16862
16850
16837
16850
16825
16825
16825
16825
16825
16837
16850
16837
16850
16837
16850
16862
16875
16862
16875
16887
16875
16887
16925
16925
16925
16925
16925
16900
16912
16937
16937
16937
16937
16937
16900
16912
16900
16912
16900
16912
16900
16912
16900
16912
16900
16887
16837
16825
16787
16775
16762
16787
16800
16812
16800
16812
16800
16787
16775
16787
16775
16787
16775
16762
16750
16762
16750
16762
16775
16787
16812
16837
16862
16912
16962
16962
16987
16987
16987
16962
16975
16962
16975
16987
17000
16987
17000
16987
16975
16962
16975
16962
16950
16950
16950
16925
16925
16950
16937
16925
16937
16925
16887
16875
16862
16850
16837
16862
16862
16887
16875
16887
16862
16862
16837
16850
16837
16850
16837
16825
16812
16825
16812
16800
16812
16800
16762
16725
16725
16700
16700
16700
16725
16712
16700
16687
16675
16637
16625
16612
16587
16575
16562
16550
16537
16550
16537
16550
16537
16562
16562
16562
16562
16562
16550
16537
16550
16562
16575
16587
16600
16612
16600
16612
16600
16587
16575
16562
16550
16537
16525
16512
16500
16487
16475
16487
16475
16487
16500
16512
16500
16512
16500
16487
16475
16487
16475
16487
16512
16525
16537
16575
16600
16600
16650
16700
16750
16775
16825
16825
16825
16825
16850
16850
16862
16887
16887
16887
16887
16887
16887
16887
16900
16900
16925
16900
16900
16862
16862
16837
16850
16837
16850
16837
16850
16837
16825
16812
16800
16750
16737
16725
16712
16700
16700
16662
16675
16650
16625
16625
16625
16612
16600
16587
16575
16562
16525
16525
16525
16525
16525
16550
16537
16525
16512
16500
16487
16475
16487
16475
16487
16462
16462
16462
16462
16462
16475
16462
16450
16462
16437
16437
16437
16437
16437
16450
16437
16450
16437
16437
16437
16462
16462
16487
16475
16462
16450
16437
16425
16437
16437
16437
16437
16437
16412
16425
16412
16425
16412
16425
16412
16425
16412
16425
16412
16437
16425
16437
16425
16412
16362
16362
16337
16337
16337
16375
16375
16375
16375
16400
16412
16425
16462
16500
16537
16550
16587
16612
16625
16637
16650
16662
16650
16662
16650
16662
16650
16662
16650
16662
16650
16662
16650
16662
16650
16662
16650
16662
16650
16637
16625
16612
16612
16600
16612
16600
16612
16600
16612
16600
16587
16575
16562
16525
16512
16500
16487
16475
16487
16475
16462
16462
16462
16462
16450
16462
16462
16450
16400
16412
16400
16362
16337
16350
16337
16325
16337
16337
16312
16300
16287
16275
16275
16300
16287
16300
16287
16275
16262
16250
16237
16225
16250
16250
16250
16250
16250
16237
16250
16250
16250
16250
16250
16250
16262
16250
16262
16250
16237
16225
16237
16250
16250
16250
16250
16212
16175
16150
16125
16100
16112
16100
16112
16100
16112
16100
16112
16100
16087
16075
16062
16062
16062
16075
16087
16125
16162
16200
16237
16300
16312
16325
16312
16325
16312
16350
16362
16400
16412
16425
16450
16475
16475
16500
16525
16512
16525
16537
16550
16562
16562
16562
16562
16562
16537
16525
16512
16500
16487
16475
16462
16450
16437
16425
16412
16387
16375
16362
16350
16362
16387
16400
16412
16425
16412
16425
16412
16400
16387
16375
16362
16375
16375
16350
16350
16325
16275
16262
16250
16237
16225
16250
16250
16275
16275
16300
16312
16325
16337
16350
16362
16350
16362
16375
16387
16400
16412
16425
16437
16450
16437
16450
16462
16450
16425
16425
16425
16400
16400
16412
16425
16412
16400
16387
16400
16387
16400
16412
16425
16412
16425
16437
16450
16462
16475
16487
16475
16487
16500
16512
16500
16512
16525
16537
16537
16562
16525
16525
16500
16512
16525
16587
16600
16637
16675
16712
16750
16812
16850
16887
16925
16937
16950
17000
17025
17050
17075
17075
17062
17050
17037
17025
17037
17025
17037
17025
17012
17000
16987
16987
16987
16987
16987
16987
16975
16962
16975
16962
16975
16987
17000
16987
17000
16987
16975
16987
17000
17012
17050
17062
17075
17087
17112
17100
17112
17125
17137
17137
17150
17162
17150
17162
17162
17175
17162
17175
17187
17175
17187
17200
17212
17200
17212
17200
17212
17200
17212
17200
17212
17225
17237
17250
17262
17275
17287
17300
17287
17300
17312
17300
17287
17300
17312
17287
17287
17312
17312
17312
17350
17362
17375
17387
17400
17412
17412
17412
17412
17412
17387
17400
17375
17375
17375
17375
17375
17387
17400
17387
17400
17375
17400
17387
17400
17387
17412
17387
17400
17387
17400
17412
17425
17437
17450
17475
17500
17550
17587
17637
17675
17687
17700
17687
17700
17687
17700
17687
17675
17662
17650
17600
17587
17600
17587
17575
17612
17600
17587
17575
17562
17550
17562
17550
17562
17575
17587
17575
17562
17550
17525
17462
17437
17412
17387
17375
17400
17375
17375
17350
17350
17325
17312
17300
17287
17275
17262
17250
17237
17225
17212
17200
17187
17150
17137
17112
17100
17087
17075
17062
17050
17050
17050
17075
17075
17075
17062
17050
17037
17025
17012
17000
16987
16950
16937
16925
16912
16900
16912
16900
16912
16900
16912
16925
16925
16937
16975
16987
17000
17025
17037
17062
17062
17062
17087
17087
17075
17087
17100
17087
17100
17075
17075
17050
17050
17050
17062
17050
17062
17050
17012
17012
17050
17050
17075
17100
17112
17112
17125
17137
17187
17237
17262
17312
17350
17387
17400
17412
17425
17412
17412
17412
17412
17412
17412
17400
17375
17375
17350
17350
17350
17362
17337
17350
17337
17325
17337
17350
17350
17350
17350
17325
17337
17325
17312
17300
17287
17275
17262
17250
17212
17212
17212
17212
17212
17237
17225
17212
17225
17262
17262
17287
17287
17287
17250
17250
17250
17250
17250
17262
17287
17275
17287
17275
17262
17237
17212
17187
17162
17162
17162
17175
17162
17175
17162
17162
17150
17162
17150
17162
17150
17162
17150
17162
17137
17137
17112
17112
17087
17075
17062
17050
17037
17025
17037
17025
17012
17000
17012
17000
17012
17012
17012
17025
17012
17000
17000
17000
16962
16975
16962
16975
16962
16937
16925
16950
16925
16925
16962
16962
16950
16987
17000
17012
17050
17087
17112
17162
17187
17225
17250
17262
17275
17287
17287
17262
17275
17262
17250
17237
17250
17237
17250
17262
17275
17262
17275
17262
17250
17237
17225
17212
17200
17212
17200
17212
17225
17237
17225
17237
17225
17212
17200
17212
17200
17212
17200
17212
17200
17212
17200
17187
17175
17162
17162
17150
17162
17150
17162
17150
17162
17150
17162
17150
17162
17137
17137
17112
17112
17112
17112
17087
17100
17087
17075
17062
17087
17075
17087
17075
17075
17062
17075
17062
17050
17062
17050
17037
17025
17037
17025
17000
16987
17000
16987
17000
17025
17037
17050
17062
17050
17062
17075
17050
17050
17050
17050
17025
17037
17025
17037
17025
17037
17025
17037
17025
17037
17050
17062
17050
17062
17050
17037
17025
17037
17025
17012
17012
17012
16987
16987
16987
16950
16950
16975
16975
17000
17050
17062
17087
17112
17137
17150
17200
17237
17300
17337
17387
17400
17412
17400
17412
17412
17425
17437
17450
17462
17450
17462
17450
17462
17450
17437
17425
17412
17400
17387
17400
17387
17400
17412
17425
17437
17450
17437
17425
17412
17400
17387
17375
17362
17350
17337
17325
17337
17312
17312
17312
17312
17312
17325
17312
17312
17312
17287
17287
17287
17275
17262
17275
17262
17275
17287
17300
17287
17300
17287
17275
17262
17275
17262
17250
17237
17250
17237
17250
17250
17250
17225
17237
17225
17250
17225
17225
17225
17225
17200
17225
17250
17237
17250
17262
17275
17262
17250
17237
17225
17225
17225
17225
17225
17225
17212
17200
17212
17200
17212
17200
17225
17200
17200
17175
17175
17150
17162
17150
17162
17150
17162
17150
17137
17125
17137
17125
17112
17125
17112
17112
17112
17137
17150
17200
17237
17262
17312
17337
17362
17387
17425
17437
17450
17462
17475
17487
17500
17512
17487
17475
17487
17475
17462
17487
17475
17437
17425
17412
17400
17375
17375
17350
17362
17325
17325
17300
17300
17262
17275
17262
17250
17237
17225
17212
17200
17212
17200
17212
17200
17212
17200
17212
17200
17212
17187
17187
17162
17162
17150
17137
17125
17137
17125
17112
17125
17112
17100
17087
17075
17075
17075
17050
17050
17050
17012
17000
17012
17000
17012
17000
16987
16975
16962
16950
16962
16925
16925
16925
16925
16925
16975
16962
16975
16962
16975
16962
16975
16962
16975
16962
16975
16962
16987
16987
16987
16962
16962
16925
16912
16900
16912
16900
16912
16900
16887
16875
16862
16850
16837
16850
16837
16875
16862
16875
16862
16875
16837
16850
16812
16812
16812
16812
16787
16812
16825
16812
16825
16837
16850
16837
16862
16862
16887
16925
16962
16987
17037
17062
17075
17112
17125
17137
17150
17137
17125
17137
17125
17137
17150
17162
17150
17162
17137
17137
17112
17112
17087
17100
17087
17075
17062
17050
17037
17025
17037
17050
17062
17075
17087
17075
17062
17050
17037
17025
17037
17012
17012
16987
16987
16987
17000
16987
17000
16987
16975
16962
16975
16987
17000
16987
17000
16987
16975
16962
16975
16962
16975
16962
16987
16987
16987
16987
17012
17000
16987
17000
16987
16975
16962
16975
16962
16975
16962
16975
16950
16962
16950
16962
16950
16987
16987
17012
17012
17012
17000
17012
17000
17012
17025
17012
17012
17012
16987
16987
16987
16975
16962
16975
16937
16937
16950
16950
16950
16975
16962
16937
16950
16937
16950
16962
16975
16962
16975
16962
16975
16962
16975
16962
16950
16937
16925
16912
16900
16912
16900
16925
16925
16925
16937
16975
16975
17000
17062
17087
17112
17150
17200
17200
17225
17250
17250
17250
17262
17287
17287
17287
17287
17287
17275
17262
17275
17262
17250
17237
17250
17237
17250
17262
17275
17262
17275
17262
17275
17250
17225
17200
17175
17137
17100
17100
17075
17075
17075
17075
17075
17075
17075
17075
17100
17087
17100
17087
17100
17087
17100
17112
17125
17137
17150
17137
17137
17125
17112
17100
17075
17050
17037
17025
17012
17037
17025
17037
17025
17037
17025
17037
17025
17037
17025
17037
17025
17012
17000
16987
16987
16987
16987
16987
16987
16950
16937
16925
16887
16875
16862
16850
16837
16850
16862
16875
16912
16925
16912
16900
16912
16875
16887
16925
16912
16925
16937
16950
16937
16950
16950
16975
16975
17000
17050
17062
17087
17125
17150
17175
17225
17237
17262
17287
17337
17337
17362
17350
17362
17325
17350
17350
17375
17375
17400
17387
17375
17337
17337
17312
17312
17312
17312
17300
17287
17250
17237
17225
17187
17175
17162
17162
17150
17162
17150
17162
17150
17162
17150
17162
17150
17162
17150
17162
17150
17162
17150
17162
17150
17162
17150
17137
17125
17137
17112
17112
17112
17112
17087
17100
17087
17100
17087
17100
17087
17075
17062
17050
17037
17025
17012
17012
17012
17012
17012
17037
17025
17037
17025
17037
17025
17037
17025
17037
17025
17037
17025
17012
17000
16987
16975
16962
16975
16962
16975
16962
16975
16962
16950
16950
16950
16912
16912
16912
16900
16887
16912
16900
16912
16900
16887
16875
16862
16850
16875
16887
16912
16925
16950
16937
16962
16975
17025
17062
17112
17137
17162
17200
17200
17200
17225
17225
17225
17225
17225
17225
17225
17212
17200
17212
17200
17212
17200
17187
17175
17162
17162
17162
17200
17200
17200
17187
17175
17162
17150
17137
17100
17087
17050
17037
17025
17037
17025
17037
17025
17037
17025
17012
17000
17012
17000
16987
17000
16987
16975
16962
16950
16937
16925
16912
16900
16887
16875
16862
16850
16787
16775
16762
16750
16737
16775
16787
16775
16762
16750
16762
16750
16762
16775
16787
16775
16787
16775
16787
16775
16787
16775
16762
16750
16762
16750
16737
16750
16737
16725
16712
16725
16712
16700
16687
16675
16662
16650
16662
16650
16662
16650
16675
16675
16675
16675
16675
16637
16637
16662
16687
16712
16762
16812
16837
16862
16912
16962
17000
17037
17075
17112
17125
17137
17150
17162
17137
17150
17137
17150
17137
17162
17150
17162
17150
17137
17125
17137
17112
17112
17112
17087
17062
17050
17050
17025
17037
17025
17012
16987
16987
16975
16962
16975
16962
16950
16912
16900
16862
16850
16837
16825
16825
16825
16837
16837
16837
16825
16862
16837
16825
16837
16850
16812
16825
16837
16862
16862
16862
16862
16862
16850
16837
16850
16837
16850
16825
16825
16825
16825
16825
16837
16825
16812
16800
16787
16775
16800
16800
16800
16800
16825
16800
16800
16800
16800
16812
16825
16812
16825
16812
16787
16775
16787
16775
16787
16775
16762
16750
16762
16750
16762
16775
16762
16750
16737
16700
16687
16700
16687
16700
16712
16737
16712
16712
16687
16687
16650
16675
16675
16712
16725
16762
16787
16812
16825
16862
16875
16900
16925
16962
16962
17000
17000
17000
16987
17012
16987
17000
17012
17025
17012
17037
17025
17037
17025
17037
17025
17050
17050
17050
17025
17025
17012
17000
16950
16962
16950
16937
16925
16975
16962
16975
16962
16950
16937
16925
16912
16925
16925
16900
16912
16900
16862
16837
16837
16800
16787
16775
16787
16775
16787
16775
16787
16775
16787
16775
16762
16750
16762
16750
16762
16775
16762
16750
16762
16750
16775
16787
16775
16762
16750
16725
16712
16725
16712
16700
16687
16650
16637
16625
16637
16625
16662
16637
16650
16637
16650
16625
16637
16637
16637
16637
16650
16662
16650
16675
16662
16675
16662
16675
16650
16662
16637
16637
16612
16625
16612
16612
16612
16612
16612
16600
16587
16575
16550
16525
16525
16525
16500
16512
16500
16487
16475
16487
16475
16487
16475
16500
16500
16525
16550
16587
16625
16687
16750
16787
16825
16837
16850
16862
16862
16862
16887
16887
16887
16900
16912
16900
16912
16900
16912
16900
16887
16875
16887
16862
16862
16862
16862
16837
16850
16825
16825
16800
16800
16800
16812
16800
16787
16775
16762
16750
16762
16775
16787
16775
16762
16750
16737
16725
16712
16725
16700
16700
16675
16675
16675
16675
16675
16675
16675
16650
16662
16650
16662
16650
16662
16650
16662
16650
16662
16650
16662
16650
16637
16625
16637
16625
16612
16625
16612
16612
16600
16587
16575
16550
16525
16525
16525
16500
16512
16500
16487
16475
16487
16475
16487
16475
16487
16475
16487
16475
16487
16500
16512
16500
16487
16475
16462
16450
16437
16450
16437
16425
16412
16425
16412
16437
16437
16462
16462
16450
16437
16425
16412
16400
16425
16412
16425
16437
16450
16462
16475
16500
16500
16525
16550
16575
16587
16612
16637
16662
16712
16725
16762
16800
16837
16850
16887
16900
16912
16900
16912
16900
16912
16900
16912
16900
16887
16875
16887
16875
16887
16900
16912
16887
16887
16887
16887
16887
16900
16887
16875
16862
16850
16837
16850
16837
16850
16837
16850
16837
16850
16837
16850
16825
16825
16825
16850
16850
16862
16837
16837
16812
16812
16812
16850
16837
16850
16862
16875
16862
16875
16887
16875
16862
16875
16862
16850
16837
16850
16875
16875
16850
16850
16825
16787
16800
16812
16837
16850
16837
16837
16837
16825
16812
16825
16800
16812
16800
16825
16825
16850
16837
16850
16837
16850
16862
16850
16862
16875
16887
16862
16887
16887
16887
16862
16887
16887
16887
16912
16937
16925
16937
16925
16925
16925
16925
16925
16950
16937
16950
16962
16950
16937
16950
16937
16925
16937
16925
16912
16925
16962
16975
17025
17075
17100
17125
17162
17162
17175
17187
17200
17212
17237
17250
17262
17275
17262
17275
17262
17287
17287
17287
17262
17262
17212
17187
17187
17187
17187
17225
17225
17200
17175
17125
17087
17075
17062
17050
17037
17025
16987
16950
16937
16925
16912
16900
16887
16875
16887
16875
16887
16900
16912
16887
16887
16862
16862
16837
16850
16862
16875
16862
16875
16862
16850
16837
16850
16837
16850
16837
16850
16837
16862
16862
16862
16837
16837
16800
16800
16800
16800
16800
16800
16787
16775
16787
16775
16762
16750
16737
16725
16737
16737
16737
16737
16737
16712
16700
16700
16700
16675
16675
16675
16662
16650
16662
16650
16662
16650
16662
16650
16662
16637
16637
16637
16637
16612
16625
16612
16612
16600
16612
16600
16612
16600
16612
16612
16650
16637
16675
16712
16750
16787
16850
16887
16900
16912
16900
16887
16887
16875
16862
16875
16887
16887
16900
16887
16875
16862
16825
16812
16800
16787
16775
16787
16775
16762
16750
16737
16725
16712
16687
16675
16662
16650
16637
16662
16650
16662
16650
16662
16637
16650
16637
16650
16637
16662
16650
16637
16625
16612
16612
16612
16625
16612
16625
16612
16612
16600
16612
16600
16587
16575
16562
16550
16537
16550
16537
16525
16512
16500
16487
16475
16487
16475
16462
16450
16462
16450
16437
16450
16437
16437
16437
16437
16450
16462
16462
16462
16487
16475
16487
16475
16487
16475
16500
16487
16475
16462
16450
16425
16437
16450
16437
16450
16462
16450
16462
16462
16462
16437
16450
16462
16512
16550
16600
16662
16725
16787
16850
16912
16950
16962
16975
16962
16975
16962
16975
16962
16937
16925
16912
16900
16887
16912
16900
16912
16887
16887
16862
16862
16837
16850
16837
16825
16812
16800
16787
16775
16787
16775
16787
16775
16787
16775
16787
16775
16787
16775
16762
16750
16762
16750
16737
16750
16737
16725
16712
16700
16687
16675
16662
16650
16662
16650
16662
16650
16662
16637
16650
16637
16650
16637
16662
16650
16637
16625
16612
16587
16575
16587
16575
16562
16575
16562
16550
16562
16575
16562
16575
16587
16562
16562
16562
16562
16537
16550
16537
16550
16525
16525
16525
16525
16525
16525
16525
16525
16525
16525
16537
16550
16537
16550
16537
16550
16537
16550
16562
16587
16625
16687
16750
16787
16825
16862
16875
16887
16925
16937
16950
16962
16975
16962
16975
16962
16975
16962
16975
16962
16975
16962
16950
16937
16950
16937
16925
16937
16925
16912
16925
16937
16925
16937
16925
16912
16900
16887
16875
16862
16825
16812
16800
16787
16775
16787
16775
16787
16775
16787
16800
16812
16800
16812
16800
16787
16800
16800
16800
16800
16800
16775
16787
16775
16750
16737
16725
16687
16675
16675
16662
16650
16662
16650
16662
16650
16662
16650
16662
16650
16637
16625
16612
16612
16600
16612
16600
16587
16575
16587
16575
16587
16600
16612
16575
16575
16550
16550
16525
16562
16562
16562
16562
16562
16550
16537
16562
16550
16562
16550
16562
16562
16575
16562
16575
16587
16575
16587
16612
16612
16625
16662
16700
16737
16812
16875
16912
16950
16962
16975
16987
17000
17012
17025
17037
17062
17075
17062
17075
17062
17037
17025
17037
17025
17037
17025
17037
17025
17012
17000
16987
16975
16962
16975
16962
16975
16962
16950
16937
16912
16900
16887
16900
16887
16887
16875
16862
16850
16837
16850
16837
16850
16837
16850
16837
16850
16837
16850
16837
16850
16837
16825
16837
16837
16812
16825
16837
16800
16800
16800
16787
16775
16762
16775
16775
16750
16725
16725
16675
16637
16625
16612
16612
16600
16612
16600
16587
16587
16575
16562
16550
16562
16537
16525
16512
16500
16487
16475
16487
16475
16487
16475
16462
16450
16437
16425
16412
16425
16412
16425
16412
16425
16437
16450
16475
16500
16525
16550
16575
16587
16612
16650
16662
16700
16762
16775
16787
16800
16837
16800
16812
16800
16812
16800
16800
16800
16800
16800
16737
16737
16712
16712
16687
16725
16737
16750
16737
16750
16737
16700
16687
16675
16662
16650
16637
16625
16637
16625
16637
16650
16662
16650
16662
16650
16662
16650
16637
16625
16637
16650
16650
16675
16675
16675
16675
16712
16712
16712
16712
16687
16662
16650
16662
16650
16662
16650
16662
16650
16637
16625
16612
16612
16600
16612
16600
16612
16600
16612
16600
16612
16600
16612
16600
16587
16575
16587
16575
16562
16575
16550
16525
16525
16525
16525
16525
16525
16525
16512
16500
16500
16500
16500
16512
16525
16537
16550
16537
16550
16537
16550
16537
16550
16537
16525
16525
16550
16550
16575
16612
16625
16637
16675
16687
16700
16737
16750
16762
16800
16837
16850
16887
16900
16912
16925
16925
16925
16950
16950
16950
16987
17000
16987
17000
17012
17000
16987
16975
16975
16950
16925
16925
16925
16912
16900
16912
16900
16912
16925
16937
16925
16912
16875
16837
16800
16787
16775
16762
16762
16762
16762
16762
16787
16762
16762
16737
16737
16712
16725
16712
16725
16712
16725
16712
16725
16712
16725
16712
16725
16712
16725
16712
16725
16712
16700
16687
16675
16662
16650
16662
16650
16662
16650
16637
16625
16637
16612
16587
16587
16562
16550
16537
16550
16537
16550
16537
16550
16537
16525
16512
16525
16512
16500
16512
16500
16500
16500
16500
16500
16500
16487
16475
16487
16475
16500
16487
16512
16500
16487
16462
16437
16412
16400
16412
16400
16425
16412
16425
16412
16425
16412
16425
16412
16425
16412
16425
16412
16437
16462
16487
16512
16562
16587
16625
16687
16725
16762
16800
16812
16825
16837
16850
16862
16875
16887
16900
16912
16900
16887
16887
16887
16862
16862
16862
16850
16837
16850
16837
16850
16837
16825
16812
16800
16787
16775
16762
16750
16737
16737
16725
16712
16700
16687
16662
16650
16662
16675
16687
16675
16687
16675
16637
16625
16637
16625
16637
16650
16662
16625
16612
16600
16587
16587
16600
16587
16575
16562
16550
16537
16525
16525
16525
16500
16500
16500
16500
16500
16500
16500
16537
16537
16537
16562
16562
16550
16537
16550
16537
16550
16537
16525
16512
16500
16487
16475
16487
16475
16462
16450
16475
16462
16450
16462
16450
16425
16412
16400
16400
16400
16400
16400
16400
16387
16400
16387
16400
16437
16475
16512
16562
16600
16637
16675
16687
16700
16712
16725
16712
16725
16712
16725
16712
16725
16712
16725
16712
16725
16712
16725
16700
16700
16675
16675
16650
16637
16625
16612
16612
16600
16612
16600
16612
16600
16612
16600
16612
16600
16612
16600
16612
16600
16612
16600
16612
16600
16612
16600
16612
16600
16612
16600
16612
16612
16625
16612
16625
16612
16612
16600
16612
16600
16612
16600
16562
16562
16562
16562
16562
16612
16612
16625
16612
16625
16612
16612
16600
16612
16600
16587
16575
16562
16550
16537
16550
16537
16562
16562
16562
16562
16562
16550
16537
16550
16537
16550
16537
16550
16537
16562
16550
16562
16550
16562
16537
16550
16537
16562
16550
16537
16525
16537
16512
16525
16562
16587
16600
16637
16675
16712
16725
16762
16800
16837
16850
16912
16937
16962
16962
16987
16987
17000
17012
17025
17037
17025
17037
17025
17037
17025
17037
17025
17037
17025
17012
17000
16987
16975
16962
16975
16962
16975
16987
16987
16987
16987
16987
16962
16950
16937
16925
16887
16887
16887
16887
16887
16887
16875
16862
16825
16812
16800
16787
16800
16812
16800
16812
16825
16812
16800
16812
16825
16837
16837
16837
16837
16812
16787
16775
16762
16750
16737
16725
16712
16725
16712
16737
16725
16712
16700
16687
16662
16650
16662
16650
16662
16650
16662
16650
16662
16650
16637
16625
16637
16625
16637
16650
16637
16625
16612
16612
16600
16587
16575
16562
16550
16562
16550
16537
16550
16537
16500
16512
16500
16487
16475
16487
16475
16487
16475
16487
16475
16462
16450
16462
16450
16462
16475
16500
16487
16525
16550
16587
16612
16650
16662
16675
16687
16700
16712
16725
16750
16762
16775
16787
16800
16775
16762
16762
16762
16762
16762
16787
16775
16787
16775
16787
16775
16762
16750
16737
16725
16712
16725
16712
16737
16725
16712
16700
16687
16662
16650
16662
16650
16662
16650
16637
16625
16612
16612
16600
16612
16600
16612
16600
16587
16575
16587
16575
16587
16600
16587
16575
16587
16575
16587
16600
16587
16575
16562
16550
16537
16550
16537
16550
16537
16550
16537
16550
16537
16500
16500
16500
16475
16487
16525
16525
16525
16550
16537
16550
16537
16550
16525
16537
16525
16537
16525
16550
16537
16550
16537
16525
16512
16500
16462
16450
16437
16425
16437
16450
16437
16425
16412
16400
16387
16400
16412
16400
16387
16375
16362
16350
16362
16350
16362
16350
16362
16350
16362
16325
16325
16337
16350
16362
16400
16425
16412
16425
16437
16475
16487
16525
16562
16587
16625
16662
16700
16712
16725
16712
16725
16712
16725
16712
16700
16687
16675
16662
16650
16637
16625
16612
16612
16600
16587
16575
16562
16550
16537
16550
16537
16525
16512
16500
16487
16475
16462
16450
16462
16450
16462
16475
16487
16475
16487
16462
16475
16462
16450
16450
16462
16437
16450
16462
16437
16437
16437
16425
16412
16425
16412
16400
16387
16375
16375
16375
16375
16375
16375
16325
16312
16325
16312
16325
16350
16362
16350
16362
16350
16375
16362
16350
16337
16350
16325
16337
16337
16337
16337
16337
16337
16350
16362
16350
16362
16350
16362
16325
16325
16325
16325
16300
16325
16337
16325
16312
16337
16337
16337
16337
16362
16350
16362
16350
16362
16375
16387
16375
16387
16400
16375
16387
16400
16412
16425
16475
16512
16562
16625
16662
16700
16712
16725
16737
16750
16775
16787
16775
16762
16775
16750
16762
16775
16787
16775
16787
16775
16787
16775
16787
16775
16787
16775
16787
16775
16787
16762
16775
16762
16775
16762
16787
16775
16762
16750
16737
16725
16712
16725
16712
16725
16712
16725
16712
16725
16737
16750
16762
16775
16762
16762
16762
16762
16787
16812
16800
16812
16825
16812
16825
16837
16850
16837
16850
16837
16850
16837
16850
16837
16825
16825
16825
16800
16800
16800
16787
16775
16787
16775
16787
16775
16787
16775
16762
16750
16737
16725
16712
16725
16712
16725
16712
16725
16712
16725
16712
16725
16712
16725
16712
16725
16737
16750
16737
16750
16737
16725
16712
16725
16712
16725
16712
16725
16737
16737
16737
16737
16712
16687
16675
16662
16650
16662
16650
16662
16650
16662
16675
16712
16725
16762
16800
16800
16812
16850
16887
16900
16950
16987
17000
17012
17025
17037
17025
17037
17025
17037
17050
17050
17050
17050
17050
17025
17012
17000
16987
16937
16925
16912
16900
16887
16850
16825
16825
16800
16775
16812
16800
16787
16775
16787
16775
16787
16775
16787
16775
16762
16725
16725
16700
16675
16675
16675
16662
16650
16662
16650
16662
16637
16637
16612
16612
16600
16612
16612
16625
16637
16650
16637
16625
16612
16612
16600
16612
16600
16612
16600
16612
16600
16612
16587
16587
16587
16587
16587
16600
16612
16600
16612
16600
16612
16600
16612
16600
16612
16600
16587
16575
16562
16550
16537
16550
16562
16575
16587
16600
16612
16600
16612
16600
16612
16600
16612
16600
16612
16600
16612
16600
16612
16600
16612
16625
16625
16625
16625
16625
16600
16612
16612
16625
16637
16650
16662
16675
16687
16700
16737
16775
16787
16825
16862
16875
16887
16937
16950
16937
16950
16937
16912
16925
16937
16950
16962
16975
16962
16975
16962
16975
16962
16950
16912
16912
16887
16862
16862
16862
16850
16837
16850
16862
16862
16837
16837
16812
16787
16775
16787
16775
16787
16775
16787
16775
16787
16775
16787
16762
16762
16762
16762
16737
16750
16737
16725
16712
16725
16712
16725
16712
16725
16712
16725
16712
16725
16712
16725
16700
16700
16675
16675
16650
16662
16650
16637
16625
16612
16612
16600
16612
16600
16612
16600
16587
16587
16587
16562
16562
16612
16587
16587
16587
16587
16537
16550
16537
16550
16537
16550
16537
16525
16512
16500
16462
16462
16450
16437
16425
16387
16362
16375
16350
16362
16425
16437
16425
16450
16437
16425
16412
16425
16412
16425
16412
16437
16437
16437
16437
16475
16450
16450
16450
16450
16437
16475
16487
16525
16562
16587
16625
16687
16725
16762
16800
16812
16825
16837
16850
16837
16850
16862
16875
16887
16887
16887
16862
16862
16837
16850
16825
16825
16825
16825
16825
16837
16800
16775
16775
16750
16750
16775
16787
16775
16787
16775
16787
16775
16762
16750
16737
16725
16712
16700
16687
16675
16662
16650
16662
16650
16675
16675
16675
16675
16675
16662
16637
16650
16637
16650
16637
16637
16625
16637
16625
16637
16650
16662
16650
16662
16650
16662
16650
16675
16662
16675
16662
16650
16625
16612
16612
16600
16612
16600
16612
16600
16612
16600
16612
16600
16612
16600
16612
16600
16612
16600
16612
16600
16612
16600
16612
16600
16587
16575
16587
16562
16562
16562
16562
16537
16550
16537
16550
16512
16512
16512
16512
16487
16512
16500
16487
16475
16487
16475
16487
16500
16512
16525
16562
16600
16625
16675
16725
16775
16787
16825
16837
16850
16837
16862
16862
16887
16887
16912
16900
16912
16900
16887
16875
16862
16850
16837
16850
16837
16825
16812
16787
16775
16762
16775
16762
16787
16775
16787
16775
16762
16725
16712
16675
16662
16650
16662
16650
16637
16625
16612
16612
16600
16612
16600
16612
16600
16612
16600
16612
16600
16612
16612
16612
16612
16612
16612
16587
16600
16587
16600
16587
16612
16600
16587
16575
16562
16550
16537
16550
16537
16550
16537
16525
16512
16525
16512
16500
16512
16525
16512
16500
16512
16525
16512
16525
16537
16525
16512
16500
16487
16475
16487
16475
16487
16475
16462
16450
16462
16450
16425
16437
16425
16412
16400
16425
16412
16425
16437
16450
16437
16450
16437
16425
16412
16437
16437
16462
16462
16487
16475
16487
16500
16537
16562
16600
16637
16675
16687
16700
16737
16750
16762
16800
16800
16800
16825
16850
16850
16862
16850
16850
16825
16825
16812
16825
16800
16800
16775
16787
16775
16762
16750
16737
16725
16712
16700
16687
16675
16662
16650
16637
16625
16612
16612
16600
16612
16600
16612
16600
16612
16600
16587
16575
16587
16587
16587
16612
16637
16612
16587
16587
16562
16550
16537
16550
16537
16550
16537
16550
16537
16550
16537
16550
16537
16525
16512
16500
16487
16475
16487
16475
16487
16462
16462
16437
16437
16412
16425
16412
16387
16375
16362
16350
16325
16337
16337
16337
16312
16337
16325
16312
16325
16337
16312
16325
16312
16300
16287
16300
16287
16300
16287
16300
16287
16312
16312
16312
16287
16287
16275
16262
16275
16312
16312
16312
16312
16325
16312
16337
16325
16350
16337
16362
16387
16450
16450
16512
16550
16575
16600
16650
16675
16675
16700
16737
16750
16750
16800
16800
16800
16825
16850
16825
16850
16862
16875
16862
16875
16862
16850
16862
16862
16862
16862
16862
16837
16850
16825
16825
16825
16825
16825
16837
16862
16850
16862
16850
16837
16812
16800
16787
16775
16762
16750
16762
16750
16762
16775
16787
16775
16762
16750
16737
16725
16737
16750
16762
16812
16825
16837
16850
16862
16837
16875
16875
16900
16900
16900
16875
16862
16850
16837
16850
16825
16825
16825
16825
16825
16837
16825
16812
16825
16800
16800
16800
16800
16775
16787
16762
16762
16737
16750
16737
16762
16762
16787
16775
16800
16787
16800
16787
16775
16750
16775
16762
16750
16762
16750
16737
16737
16737
16737
16762
16750
16762
16775
16737
16725
16737
16712
16712
16737
16737
16712
16737
16725
16737
16750
16762
16762
16825
16862
16875
16925
16950
16950
16975
17025
17062
17100
17137
17150
17162
17162
17175
17187
17200
17212
17200
17212
17200
17212
17200
17187
17187
17175
17162
17150
17162
17150
17137
17125
17112
17100
17087
17100
17087
17100
17087
17100
17087
17075
17037
17025
16987
16975
16962
16950
16937
16925
16887
16875
16900
16887
16875
16887
16875
16850
16837
16850
16837
16850
16837
16825
16812
16825
16812
16800
16812
16800
16787
16775
16762
16750
16737
16725
16712
16725
16712
16700
16687
16675
16662
16650
16637
16625
16612
16612
16600
16587
16575
16562
16550
16537
16550
16537
16562
16550
16562
16550
16537
16512
16500
16500
16500
16525
16512
16525
16500
16500
16475
16487
16475
16487
16475
16487
16475
16487
16475
16487
16475
16487
16475
16500
16487
16500
16512
16525
16525
16562
16612
16625
16662
16700
16737
16725
16762
16800
16812
16825
16837
16850
16862
16875
16887
16900
16887
16875
16887
16875
16862
16875
16887
16875
16887
16887
16887
16862
16862
16837
16825
16812
16800
16762
16750
16737
16725
16712
16725
16712
16725
16712
16725
16712
16700
16687
16675
16662
16650
16662
16650
16637
16625
16637
16625
16637
16650
16662
16650
16662
16650
16662
16650
16662
16650
16637
16625
16637
16650
16650
16650
16650
16625
16587
16575
16562
16550
16562
16575
16562
16575
16562
16550
16525
16525
16500
16500
16475
16487
16475
16487
16500
16512
16500
16512
16500
16487
16475
16487
16475
16487
16500
16512
16500
16487
16487
16462
16437
16450
16462
16462
16462
16462
16450
16437
16425
16412
16400
16400
16400
16400
16400
16425
16412
16425
16412
16425
16400
16400
16400
16400
16400
16412
16425
16437
16475
16487
16525
16562
16587
16600
16637
16675
16687
16712
16737
16762
16762
16787
16800
16812
16825
16837
16850
16825
16825
16825
16825
16800
16812
16800
16787
16775
16787
16775
16787
16775
16787
16775
16787
16775
16787
16775
16787
16800
16837
16850
16887
16937
16950
16962
17000
17037
17037
17075
17112
17137
17175
17212
17250
17287
17300
17312
17325
17337
17350
17412
17437
17487
17487
17500
17487
17512
17512
17575
17600
17600
17600
17625
17612
17625
17637
17650
17650
17662
17675
17687
17700
17712
17725
17712
17725
17712
17675
17662
17675
17662
17675
17687
17675
17662
17650
17650
17637
17625
17612
17600
17562
17550
17537
17525
17500
17512
17500
17512
17500
17525
17512
17500
17487
17462
17437
17412
17412
17387
17400
17412
17412
17425
17462
17475
17487
17537
17575
17587
17625
17650
17687
17700
17737
17750
17737
17725
17712
17675
17662
17650
17650
17650
17662
17650
17662
17650
17650
17637
17650
17637
17650
17637
17650
17650
17650
17650
17675
17662
17625
17625
17600
17587
17562
17562
17537
17537
17512
17525
17512
17525
17512
17525
17512
17500
17487
17500
17487
17500
17512
17525
17512
17525
17500
17500
17500
17500
17500
17512
17525
17512
17525
17512
17500
17487
17475
17437
17425
17412
17400
17387
17400
17387
17400
17387
17400
17387
17400
17387
17400
17387
17400
17387
17375
17375
17362
17350
17337
17350
17325
17312
17300
17287
17275
17287
17300
17287
17300
17287
17287
17287
17312
17312
17337
17325
17312
17300
17287
17275
17262
17250
17237
17250
17237
17250
17262
17275
17262
17275
17287
17300
17312
17350
17387
17400
17437
17475
17512
17525
17562
17575
17587
17550
17562
17550
17562
17550
17587
17600
17612
17600
17612
17600
17587
17575
17600
17600
17600
17575
17575
17537
17525
17537
17550
17562
17575
17562
17525
17512
17475
17462
17450
17462
17437
17437
17412
17412
17387
17400
17387
17400
17387
17400
17387
17400
17387
17375
17362
17350
17337
17325
17337
17325
17350
17337
17325
17312
17337
17312
17300
17325
17312
17287
17275
17287
17300
17300
17275
17275
17275
17237
17225
17237
17225
17212
17200
17212
17200
17212
17200
17225
17212
17200
17187
17200
17175
17200
17212
17200
17187
17175
17162
17150
17162
17150
17162
17150
17162
17150
17137
17125
17112
17075
17062
17075
17062
17075
17087
17100
17087
17100
17087
17100
17087
17100
17112
17137
17150
17187
17237
17262
17287
17337
17362
17375
17412
17425
17437
17450
17462
17450
17462
17450
17475
17475
17475
17475
17500
17487
17500
17512
17525
17512
17500
17487
17475
17462
17450
17462
17450
17437
17425
17437
17425
17462
17475
17487
17475
17462
17425
17412
17400
17387
17375
17362
17350
17312
17300
17312
17300
17287
17300
17287
17275
17262
17275
17262
17275
17262
17275
17262
17275
17262
17275
17262
17275
17262
17275
17262
17250
17237
17250
17237
17250
17262
17275
17262
17250
17237
17250
17237
17225
17212
17200
17162
17162
17162
17175
17187
17200
17187
17175
17162
17162
17150
17162
17150
17162
17162
17175
17162
17175
17162
17162
17150
17137
17125
17137
17125
17137
17150
17162
17150
17137
17125
17112
17100
17087
17100
17087
17075
17062
17037
17012
17012
17037
17025
17050
17050
17050
17025
17037
17025
17037
17025
17037
17050
17062
17075
17112
17137
17175
17212
17250
17300
17325
17350
17400
17425
17437
17475
17487
17500
17512
17525
17537
17550
17537
17550
17537
17525
17537
17550
17537
17550
17537
17525
17512
17525
17512
17525
17512
17525
17512
17500
17487
17475
17462
17450
17462
17450
17437
17437
17425
17412
17400
17412
17387
17400
17412
17412
17412
17412
17412
17412
17425
17412
17425
17412
17400
17387
17400
17387
17400
17387
17375
17362
17375
17362
17375
17362
17362
17337
17337
17312
17337
17350
17350
17325
17325
17300
17275
17262
17275
17300
17300
17300
17300
17300
17262
17275
17262
17250
17250
17250
17250
17250
17275
17262
17275
17262
17275
17262
17287
17275
17287
17262
17262
17250
17250
17225
17237
17225
17212
17200
17212
17200
17212
17200
17212
17200
17212
17200
17212
17200
17212
17200
17225
17225
17225
17225
17250
17237
17225
17237
17225
17212
17225
17237
17225
17237
17250
17262
17275
17312
17350
17387
17425
17487
17525
17562
17600
17625
17650
17675
17700
17712
17725
17712
17700
17700
17675
17675
17675
17675
17687
17687
17662
17662
17662
17650
17650
17650
17650
17650
17650
17637
17650
17637
17650
17662
17662
17662
17662
17662
17637
17612
17600
17587
17575
17562
17600
17587
17575
17562
17550
17537
17525
17537
17525
17537
17512
17500
17500
17487
17475
17462
17475
17450
17462
17450
17462
17450
17437
17425
17412
17400
17387
17400
17387
17375
17362
17350
17312
17300
17275
17262
17250
17262
17250
17275
17262
17250
17237
17250
17237
17262
17262
17287
17262
17262
17225
17237
17237
17250
17237
17250
17237
17212
17200
17212
17200
17212
17200
17187
17175
17187
17175
17162
17175
17187
17175
17162
17175
17162
17162
17162
17175
17150
17150
17150
17137
17137
17150
17162
17162
17175
17187
17225
17262
17275
17312
17350
17362
17375
17412
17462
17487
17512
17537
17562
17550
17525
17537
17550
17562
17575
17625
17637
17650
17637
17650
17637
17650
17637
17650
17637
17650
17637
17625
17612
17600
17562
17550
17562
17550
17537
17550
17537
17500
17487
17475
17462
17450
17462
17450
17462
17450
17437
17425
17412
17400
17387
17400
17387
17400
17362
17375
17362
17375
17387
17412
17412
17412
17387
17362
17350
17337
17325
17312
17300
17287
17275
17262
17275
17262
17250
17237
17225
17212
17200
17212
17200
17212
17200
17225
17225
17225
17225
17225
17212
17187
17187
17187
17187
17162
17175
17162
17162
17150
17162
17150
17162
17150
17162
17150
17162
17150
17162
17150
17137
17125
17112
17100
17075
17075
17050
17025
17012
17012
17012
17012
17037
17025
17037
17025
17037
17025
17037
17050
17087
17100
17137
17162
17175
17187
17225
17237
17250
17287
17300
17312
17350
17362
17375
17375
17375
17387
17387
17387
17400
17412
17412
17412
17387
17387
17412
17375
17350
17350
17350
17300
17287
17300
17287
17275
17262
17250
17237
17225
17212
17200
17212
17200
17237
17225
17212
17212
17212
17187
17187
17212
17200
17187
17175
17162
17162
17150
17162
17150
17162
17162
17175
17162
17175
17162
17162
17150
17162
17150
17162
17150
17137
17125
17137
17125
17137
17150
17162
17150
17162
17150
17162
17137
17150
17137
17150
17150
17175
17162
17175
17162
17162
17150
17162
17150
17162
17162
17162
17175
17175
17162
17150
17162
17150
17162
17150
17162
17137
17137
17137
17137
17137
17150
17162
17162
17175
17162
17175
17162
17162
17150
17162
17162
17175
17162
17175
17212
17212
17212
17237
17262
17262
17275
17312
17350
17387
17425
17462
17500
17537
17537
17537
17562
17562
17562
17575
17587
17575
17587
17575
17587
17575
17562
17550
17562
17550
17537
17550
17537
17525
17512
17525
17512
17500
17500
17500
17500
17500
17500
17487
17475
17462
17450
17462
17425
17437
17425
17462
17437
17437
17412
17412
17362
17375
17387
17400
17387
17400
17387
17400
17412
17425
17412
17425
17412
17400
17387
17375
17362
17350
17337
17325
17337
17325
17312
17300
17312
17287
17287
17287
17287
17262
17250
17262
17275
17262
17275
17287
17275
17262
17250
17237
17225
17212
17200
17212
17200
17212
17200
17212
17200
17187
17175
17162
17162
17150
17162
17150
17162
17150
17137
17125
17112
17100
17087
17100
17087
17100
17087
17075
17062
17050
17037
17025
17037
17050
17062
17075
17112
17137
17187
17237
17287
17312
17337
17362
17387
17425
17450
17475
17462
17475
17450
17475
17500
17512
17525
17562
17562
17537
17550
17537
17525
17512
17525
17500
17512
17500
17512
17500
17525
17512
17500
17487
17500
17487
17475
17487
17475
17462
17450
17425
17412
17400
17387
17375
17400
17387
17400
17387
17400
17412
17412
17412
17412
17412
17387
17412
17412
17437
17437
17437
17437
17462
17462
17487
17512
17525
17512
17500
17487
17475
17487
17487
17487
17487
17487
17462
17450
17462
17450
17462
17450
17462
17450
17462
17450
17462
17450
17462
17450
17437
17437
17437
17437
17437
17462
17450
17462
17450
17462
17450
17437
17425
17412
17400
17387
17400
17387
17400
17387
17400
17387
17400
17387
17375
17362
17350
17337
17325
17337
17312
17325
17312
17325
17312
17337
17350
17387
17400
17437
17475
17512
17550
17600
17637
17675
17712
17725
17775
17800
17800
17800
17800
17762
17750
17787
17775
17812
17812
17812
17762
17762
17712
17675
17662
17650
17625
17612
17625
17612
17600
17612
17625
17600
17575
17575
17550
17525
17512
17500
17487
17475
17462
17450
17475
17462
17475
17462
17487
17462
17475
17462
17475
17450
17462
17475
17487
17500
17512
17525
17512
17537
17512
17512
17487
17462
17425
17412
17412
17400
17387
17387
17387
17350
17350
17350
17312
17300
17312
17300
17312
17325
17350
17337
17325
17312
17300
17275
17262
17250
17237
17225
17212
17200
17212
17200
17212
17200
17212
17200
17212
17200
17212
17200
17187
17175
17162
17162
17150
17162
17150
17137
17125
17112
17100
17087
17100
17087
17100
17087
17100
17087
17100
17087
17100
17075
17087
17075
17087
17100
17137
17187
17237
17287
17337
17362
17375
17387
17412
17412
17450
17462
17500
17500
17525
17537
17550
17562
17575
17587
17600
17612
17625
17625
17625
17600
17600
17600
17612
17600
17612
17600
17587
17575
17562
17550
17562
17537
17537
17537
17537
17512
17525
17512
17500
17500
17525
17525
17550
17575
17562
17550
17537
17525
17500
17500
17475
17475
17450
17462
17450
17437
17425
17437
17425
17437
17450
17462
17450
17462
17487
17487
17462
17462
17462
17425
17412
17425
17412
17412
17412
17437
17437
17462
17475
17487
17475
17462
17450
17412
17400
17387
17400
17375
17375
17375
17362
17350
17350
17350
17325
17337
17325
17337
17325
17312
17312
17312
17287
17287
17287
17275
17262
17250
17250
17250
17225
17225
17250
17237
17250
17262
17250
17237
17225
17212
17175
17200
17200
17200
17200
17225
17212
17200
17212
17225
17237
17225
17212
17200
17187
17175
17162
17175
17187
17162
17175
17212
17250
17262
17312
17350
17387
17425
17487
17550
17587
17625
17637
17650
17637
17650
17637
17650
17637
17625
17625
17625
17600
17600
17600
17562
17562
17562
17537
17537
17537
17525
17512
17525
17512
17500
17487
17500
17487
17475
17487
17475
17437
17400
17400
17375
17375
17375
17375
17362
17375
17362
17375
17375
17400
17387
17375
17362
17362
17337
17325
17337
17325
17337
17325
17337
17325
17312
17275
17275
17250
17262
17250
17262
17262
17250
17225
17225
17237
17225
17225
17225
17225
17187
17175
17162
17162
17162
17175
17162
17175
17187
17175
17187
17200
17212
17200
17212
17200
17212
17200
17212
17200
17212
17200
17212
17200
17212
17200
17212
17200
17212
17200
17212
17200
17212
17200
17212
17200
17212
17200
17212
17200
17212
17200
17212
17200
17212
17200
17225
17262
17287
17312
17362
17400
17425
17462
17475
17500
17525
17512
17537
17587
17612
17625
17675
17687
17700
17687
17700
17687
17675
17662
17650
17650
17637
17650
17637
17650
17625
17625
17600
17600
17575
17562
17525
17512
17475
17462
17450
17437
17425
17412
17400
17412
17425
17412
17425
17412
17400
17412
17425
17412
17425
17437
17412
17412
17412
17387
17375
17400
17387
17375
17387
17362
17312
17300
17287
17275
17250
17250
17250
17250
17250
17262
17275
17262
17275
17262
17250
17237
17225
17212
17200
17212
17200
17212
17200
17212
17225
17225
17225
17250
17250
17225
17237
17250
17237
17225
17237
17250
17237
17225
17237
17225
17212
17200
17212
17200
17212
17200
17187
17175
17162
17162
17162
17200
17212
17250
17287
17300
17312
17350
17387
17425
17487
17525
17562
17575
17587
17575
17587
17575
17587
17575
17587
17600
17612
17600
17612
17600
17587
17575
17587
17575
17587
17575
17587
17575
17562
17550
17537
17500
17487
17475
17437
17425
17437
17412
17425
17425
17425
17400
17412
17387
17400
17387
17400
17387
17400
17387
17400
17387
17400
17387
17400
17387
17400
17387
17375
17362
17375
17362
17375
17387
17400
17387
17375
17362
17350
17337
17350
17362
17375
17387
17400
17387
17412
17400
17387
17387
17375
17325
17325
17325
17312
17312
17337
17325
17337
17325
17337
17325
17337
17325
17337
17325
17337
17325
17337
17325
17337
17325
17337
17325
17337
17325
17337
17325
17337
17325
17312
17300
17312
17287
17287
17287
17287
17262
17287
17287
17287
17287
17312
17300
17312
17325
17337
17325
17312
17300
17287
17275
17300
17325
17312
17325
17337
17312
17312
17325
17337
17325
17337
17325
17287
17287
17312
17337
17387
17487
17550
17600
17650
17675
17700
17712
17750
17762
17800
17812
17825
17812
17825
17812
17825
17812
17850
17850
17850
17850
17850
17825
17812
17800
17787
17800
17787
17775
17787
17775
17737
17725
17737
17712
17725
17737
17750
17725
17737
17712
17712
17687
17700
17687
17675
17662
17650
17625
17612
17600
17587
17575
17562
17550
17562
17550
17562
17562
17562
17525
17525
17500
17512
17500
17525
17512
17525
17512
17525
17512
17525
17512
17525
17512
17500
17487
17475
17437
17425
17412
17375
17362
17350
17337
17325
17337
17350
17362
17350
17362
17350
17337
17325
17337
17325
17312
17300
17287
17250
17237
17250
17237
17262
17275
17262
17250
17237
17187
17175
17162
17162
17150
17162
17150
17162
17150
17137
17125
17112
17100
17075
17075
17075
17075
17050
17062
17075
17062
17050
17075
17075
17075
17075
17100
17112
17137
17175
17237
17300
17337
17375
17387
17400
17387
17400
17387
17400
17387
17400
17387
17400
17387
17400
17412
17412
17412
17412
17412
17387
17400
17387
17400
17375
17375
17375
17362
17350
17350
17350
17325
17312
17300
17287
17275
17262
17250
17237
17250
17237
17225
17250
17250
17212
17212
17212
17200
17187
17212
17200
17212
17200
17212
17200
17212
17200
17225
17225
17225
17225
17225
17187
17175
17162
17162
17162
17162
17175
17187
17162
17137
17137
17137
17125
17137
17150
17162
17150
17125
17112
17125
17112
17100
17125
17112
17100
17087
17100
17125
17137
17125
17137
17125
17100
17075
17075
17050
17062
17050
17050
17050
17050
17037
17025
17037
17025
17037
17025
17037
17025
17037
17025
17037
17025
17037
17025
17037
17025
17037
17025
17012
17000
16987
16975
16987
17025
17062
17112
17175
17212
17250
17287
17300
17312
17325
17337
17350
17362
17400
17412
17425
17412
17450
17425
17425
17425
17425
17375
17362
17375
17362
17350
17362
17350
17337
17325
17337
17325
17337
17325
17312
17300
17287
17250
17250
17250
17250
17250
17275
17262
17250
17237
17225
17212
17200
17212
17200
17212
17200
17212
17237
17237
17237
17237
17237
17200
17212
17200
17187
17175
17187
17175
17162
17175
17162
17137
17125
17112
17100
17087
17100
17087
17100
17087
17075
17062
17050
17037
17025
17037
17025
17012
17025
17012
17000
16987
16975
16937
16925
16912
16900
16912
16900
16912
16900
16912
16900
16925
16925
16925
16925
16925
16912
16900
16912
16900
16912
16925
16925
16937
16975
17012
17025
17075
17112
17137
17175
17212
17250
17287
17325
17337
17375
17412
17425
17437
17450
17462
17450
17475
17475
17462
17475
17487
17487
17512
17550
17537
17550
17537
17525
17500
17500
17500
17537
17525
17550
17550
17550
17512
17500
17487
17475
17462
17450
17437
17387
17375
17362
17350
17362
17387
17400
17387
17400
17387
17400
17387
17400
17387
17412
17412
17412
17412
17412
17412
17412
17412
17412
17412
17375
17362
17350
17337
17325
17337
17325
17312
17300
17287
17275
17262
17275
17262
17275
17262
17275
17262
17275
17262
17275
17262
17275
17262
17275
17287
17300
17287
17300
17287
17275
17300
17312
17300
17312
17300
17250
17250
17250
17250
17250
17275
17262
17275
17262
17275
17262
17275
17287
17287
17287
17287
17287
17287
17300
17287
17300
17287
17287
17275
17287
17275
17287
17262
17275
17287
17300
17312
17350
17387
17425
17487
17550
17600
17637
17687
17712
17737
17762
17787
17800
17812
17825
17812
17825
17812
17825
17812
17825
17812
17825
17812
17800
17787
17775
17737
17725
17737
17750
17737
17750
17737
17725
17687
17700
17687
17700
17687
17662
17637
17600
17575
17562
17562
17537
17550
17537
17525
17512
17525
17512
17487
17475
17487
17475
17462
17487
17500
17487
17512
17525
17512
17500
17487
17437
17425
17412
17400
17387
17400
17412
17425
17412
17425
17412
17400
17387
17400
17387
17400
17387
17400
17387
17375
17375
17375
17350
17350
17350
17337
17325
17337
17325
17337
17325
17312
17300
17312
17287
17287
17287
17287
17262
17275
17262
17275
17262
17275
17262
17275
17262
17275
17262
17275
17262
17275
17262
17275
17262
17275
17262
17275
17262
17275
17262
17275
17262
17275
17262
17250
17237
17225
17212
17225
17237
17250
17287
17300
17312
17350
17387
17425
17487
17525
17562
17600
17612
17625
17637
17625
17587
17575
17562
17550
17562
17600
17587
17587
17587
17587
17562
17587
17575
17587
17575
17562
17562
17550
17512
17500
17487
17462
17437
17437
17412
17387
17362
17375
17362
17350
17362
17350
17312
17300
17312
17300
17312
17325
17312
17300
17325
17312
17300
17312
17300
17275
17262
17275
17262
17275
17262
17275
17262
17237
17225
17200
17187
17175
17200
17187
17212
17200
17187
17175
17162
17162
17150
17162
17150
17162
17150
17137
17125
17112
17100
17087
17062
17062
17062
17062
17087
17112
17087
17087
17087
17062
17075
17087
17075
17062
17050
17037
17025
17012
17000
17012
16987
16987
16987
16987
16962
16975
16962
16950
16950
16950
16950
16950
16975
16962
16975
16962
16987
16987
16987
16987
16975
16962
16950
16962
16950
16975
16987
17000
17012
17050
17087
17112
17150
17200
17225
17250
17275
17300
17312
17350
17362
17375
17387
17400
17387
17400
17387
17400
17387
17400
17387
17400
17387
17400
17387
17400
17387
17400
17387
17400
17387
17375
17362
17350
17337
17325
17337
17325
17337
17325
17337
17325
17312
17300
17287
17275
17262
17287
17275
17262
17250
17262
17237
17250
17262
17275
17262
17275
17262
17275
17262
17275
17262
17275
17250
17262
17250
17237
17225
17225
17225
17212
17225
17212
17187
17175
17200
17200
17200
17237
17225
17212
17200
17212
17200
17212
17200
17212
17200
17212
17200
17237
17225
17237
17212
17212
17162
17162
17162
17175
17187
17200
17212
17200
17187
17175
17162
17162
17150
17162
17150
17162
17150
17162
17150
17162
17150
17162
17137
17150
17137
17150
17137
17162
17150
17162
17162
17187
17187
17187
17175
17162
17162
17150
17162
17150
17162
17150
17162
17150
17162
17187
17200
17187
17200
17225
17200
17225
17275
17325
17362
17425
17462
17512
17537
17562
17587
17612
17625
17637
17650
17650
17675
17675
17700
17687
17700
17687
17675
17662
17650
17650
17637
17650
17637
17650
17637
17625
17612
17600
17587
17575
17587
17575
17587
17575
17587
17575
17587
17575
17587
17575
17562
17525
17512
17475
17462
17450
17437
17425
17450
17437
17425
17437
17450
17425
17412
17425
17400
17387
17375
17362
17362
17362
17350
17362
17375
17375
17387
17375
17362
17350
17350
17350
17350
17350
17337
17325
17312
17300
17300
17312
17287
17287
17287
17287
17287
17325
17325
17325
17312
17325
17287
17287
17287
17287
17250
17250
17250
17250
17225
17237
17225
17212
17200
17187
17175
17162
17162
17150
17162
17150
17137
17125
17112
17100
17087
17100
17087
17100
17087
17100
17112
17137
17150
17187
17225
17262
17300
17362
17400
17450
17475
17500
17500
17525
17512
17537
17537
17562
17562
17587
17575
17587
17575
17587
17575
17600
17587
17600
17612
17612
17600
17600
17600
17575
17587
17575
17587
17575
17587
17575
17587
17575
17562
17550
17537
17537
17525
17512
17500
17487
17437
17425
17437
17425
17412
17425
17412
17400
17387
17400
17387
17400
17387
17400
17387
17412
17412
17437
17425
17437
17450
17437
17425
17425
17425
17387
17400
17387
17375
17362
17350
17337
17312
17325
17312
17300
17287
17312
17300
17312
17325
17337
17325
17337
17325
17312
17300
17287
17275
17250
17262
17250
17262
17250
17275
17262
17275
17262
17275
17250
17250
17225
17225
17200
17212
17200
17212
17200
17187
17175
17187
17162
17162
17187
17187
17187
17225
17262
17300
17362
17425
17487
17525
17562
17575
17587
17600
17612
17625
17662
17675
17662
17675
17662
17650
17637
17650
17637
17650
17637
17625
17612
17600
17587
17600
17612
17600
17612
17600
17587
17550
17562
17550
17562
17550
17562
17550
17562
17537
17537
17525
17512
17475
17475
17450
17437
17425
17437
17425
17437
17450
17462
17450
17462
17450
17437
17400
17400
17375
17375
17375
17375
17362
17350
17337
17325
17337
17312
17312
17312
17312
17275
17287
17275
17262
17250
17275
17262
17287
17262
17262
17237
17237
17225
17237
17225
17237
17225
17212
17200
17212
17200
17212
17200
17212
17200
17212
17200
17212
17200
17212
17200
17187
17175
17162
17162
17150
17162
17150
17137
17125
17112
17100
17087
17100
17087
17075
17062
17075
17050
17050
17075
17075
17075
17087
17100
17087
17100
17087
17100
17087
17100
17112
17137
17150
17200
17262
17300
17337
17375
17425
17412
17437
17437
17462
17462
17487
17500
17512
17537
17537
17562
17562
17587
17575
17587
17575
17562
17562
17550
17512
17500
17487
17462
17475
17487
17500
17512
17500
17487
17475
17462
17450
17462
17450
17462
17450
17475
17475
17475
17475
17475
17462
