t = 60.000000, p = 424.000000
14025
14012
14037
14025
14012
14000
13987
13987
13975
13987
13975
13987
13975
13987
13975
13962
13950
13937
13925
13912
13925
13912
13925
13912
13925
13912
13925
13912
13925
13912
13925
13912
13925
13912
13925
13912
13900
13887
13875
13862
13850
13862
13850
13862
13850
13862
13850
13862
13850
13837
13825
13812
13800
13787
13800
13787
13800
13787
13800
13787
13775
13762
13750
13737
13750
13787
13825
13887
13950
14025
14100
14175
14250
14325
14400
14462
14537
14612
14675
14737
14800
14862
14925
14962
15000
15012
15025
15012
15025
15012
15025
15012
15025
15025
15037
15050
15062
15075
15062
15075
15062
15050
15012
14975
14925
14862
14800
14737
14675
14612
14575
14537
14512
14500
14487
14475
14487
14500
14512
14525
14537
14525
14537
14525
14537
14525
14512
14500
14487
14475
14462
14450
14437
14425
14387
14350
14312
14275
14237
14225
14212
14225
14212
14200
14187
14175
14137
14125
14112
14100
14087
14100
14087
14100
14087
14075
14062
14050
14037
14025
14037
14025
14037
14025
14037
14025
14037
14025
14037
14025
14012
14000
13987
13987
13975
13962
13950
13937
13925
13912
13925
13912
13900
13887
13875
13862
13850
13837
13825
13812
13800
13787
13775
13762
13750
13737
13725
13737
13725
13737
13725
13737
13725
13737
13725
13737
13725
13737
13725
13737
13725
13712
13700
13687
13675
13662
13675
13662
13675
13662
13675
13662
13675
13662
13675
13662
13675
13662
13650
13637
13612
13587
13562
13562
13562
13575
13562
13575
13562
13550
13537
13550
13562
13600
13612
13650
13687
13725
13762
13825
13887
13937
14000
14062
14125
14200
14275
14350
14425
14500
14575
14650
14700
14750
14787
14825
14837
14875
14887
14875
14862
14850
14837
14825
14837
14825
14837
14825
14837
14825
14837
14825
14837
14825
14837
14825
14837
14825
14837
14850
14862
14875
14887
14900
14887
14900
14912
14925
14937
14950
14962
14950
14962
14950
14937
14900
14862
14800
14737
14675
14612
14550
14487
14462
14425
14387
14375
14362
14350
14337
14350
14337
14350
14337
14350
14337
14350
14337
14350
14337
14350
14337
14325
14312
14300
14287
14275
14262
14250
14237
14200
14187
14175
14137
14100
14087
14050
14037
14025
14012
14000
13987
13987
13975
13987
13975
13987
13975
13987
13975
13962
13950
13937
13925
13912
13925
13912
13925
13912
13925
13912
13925
13912
13900
13887
13875
13837
13825
13812
13800
13787
13775
13762
13750
13737
13725
13737
13725
13712
13700
13712
13700
13687
13700
13687
13675
13662
13650
13637
13625
13612
13600
13612
13600
13612
13600
13612
13600
13587
13575
13562
13550
13537
13525
13512
13525
13512
13525
13537
13550
13537
13550
13537
13550
13537
13550
13537
13550
13525
13525
13500
13500
13487
13475
13462
13450
13437
13425
13437
13425
13437
13425
13412
13400
13387
13375
13362
13375
13362
13375
13362
13375
13362
13375
13387
13425
13450
13512
13575
13637
13700
13762
13825
13887
13937
14000
14062
14125
14200
14275
14350
14425
14487
14550
14612
14650
14687
14725
14737
14750
14762
14775
14762
14750
14737
14725
14712
14725
14762
14775
14812
14825
14837
14825
14837
14825
14812
14775
14737
14675
14600
14550
14500
14462
14412
14375
14337
14300
14287
14275
14287
14275
14287
14275
14287
14275
14287
14275
14262
14225
14212
14175
14137
14125
14112
14075
14062
14050
14012
14000
13987
13987
13975
13962
13950
13937
13900
13900
13900
13875
13875
13875
13862
13850
13862
13850
13837
13825
13812
13800
13787
13775
13762
13775
13762
13750
13762
13750
13737
13725
13712
13700
13687
13675
13662
13675
13662
13675
13662
13675
13662
13675
13662
13675
13662
13675
13662
13650
13637
13625
13587
13575
13562
13550
13537
13550
13537
13550
13537
13550
13537
13550
13537
13550
13537
13525
13512
13500
13500
13487
13500
13487
13500
13487
13475
13462
13450
13437
13425
13412
13400
13387
13375
13362
13350
13337
13325
13312
13300
13312
13300
13312
13300
13312
13300
13312
13325
13362
13400
13450
13487
13537
13587
13650
13712
13800
13875
13937
14000
14062
14125
14187
14250
14312
14375
14437
14487
14550
14587
14625
14662
14675
14687
14700
14712
14700
14712
14700
14712
14700
14712
14700
14712
14700
14712
14725
14737
14750
14762
14775
14762
14775
14762
14750
14737
14725
14687
14675
14662
14625
14587
14550
14487
14437
14400
14362
14325
14287
14250
14187
14150
14112
14100
14112
14125
14137
14150
14162
14150
14162
14150
14162
14150
14137
14125
14112
14075
14062
14050
14012
14000
13987
13962
13950
13937
13900
13862
13825
13787
13775
13762
13750
13762
13750
13737
13725
13712
13700
13687
13650
13637
13625
13612
13600
13612
13600
13612
13600
13612
13600
13612
13587
13587
13562
13562
13537
13550
13537
13525
13512
13500
13500
13487
13500
13487
13475
13462
13450
13412
13400
13387
13375
13362
13350
13337
13325
13312
13300
13312
13300
13312
13300
13312
13300
13312
13300
13312
13300
13287
13275
13262
13250
13237
13250
13237
13250
13237
13225
13212
13225
13212
13225
13237
13225
13212
13225
13212
13200
13212
13200
13187
13175
13187
13175
13187
13175
13187
13175
13187
13175
13187
13175
13187
13175
13162
13150
13137
13125
13112
13100
13087
13075
13062
13050
13062
13075
13112
13150
13212
13275
13350
13412
13487
13575
13662
13737
13812
13887
13937
14000
14062
14125
14187
14250
14312
14375
14437
14475
14512
14525
14537
14537
14550
14562
14575
14587
14575
14587
14575
14587
14562
14562
14562
14562
14562
14575
14587
14600
14612
14625
14637
14650
14637
14650
14637
14625
14612
14600
14562
14525
14487
14437
14375
14312
14250
14187
14125
14087
14050
14012
14000
13987
13987
13975
13987
13975
13987
13987
14000
14012
14025
14037
14025
14037
14025
14037
14025
14037
14025
14012
14000
13987
13962
13950
13937
13900
13887
13875
13862
13850
13837
13825
13812
13800
13787
13775
13762
13750
13712
13700
13687
13675
13662
13650
13637
13625
13612
13600
13587
13575
13562
13550
13562
13575
13587
13600
13587
13575
13587
13575
13562
13575
13562
13550
13562
13575
13562
13575
13562
13550
13537
13550
13525
13525
13500
13475
13475
13475
13475
13462
13475
13450
13450
13425
13437
13425
13412
13400
13387
13375
13362
13375
13362
13375
13362
13375
13362
13375
13362
13350
13337
13325
13312
13300
13312
13300
13287
13275
13262
13250
13237
13250
13237
13250
13237
13250
13237
13250
13237
13250
13237
13250
13237
13250
13237
13225
13212
13200
13162
13150
13137
13125
13112
13125
13112
13125
13112
13125
13112
13125
13137
13175
13212
13275
13337
13400
13462
13537
13625
13712
13800
13875
13937
14012
14062
14112
14162
14212
14250
14312
14375
14437
14475
14512
14537
14550
14575
14600
14625
14625
14650
14637
14650
14637
14612
14587
14587
14562
14562
14575
14587
14575
14587
14575
14587
14600
14612
14625
14637
14650
14637
14650
14637
14650
14637
14625
14587
14550
14487
14437
14375
14312
14250
14187
14125
14087
14050
14037
14025
14037
14025
14037
14050
14062
14075
14087
14100
14087
14075
14037
14000
13937
13912
13875
13837
13825
13812
13775
13762
13750
13737
13725
13737
13725
13712
13700
13687
13675
13662
13650
13637
13625
13612
13600
13612
13600
13612
13600
13612
13600
13587
13575
13562
13525
13512
13500
13500
13487
13500
13487
13500
13487
13500
13487
13475
13462
13450
13437
13425
13412
13400
13387
13375
13362
13375
13350
13350
13350
13350
13325
13337
13325
13312
13300
13287
13275
13262
13250
13237
13250
13237
13250
13237
13250
13237
13250
13237
13250
13237
13250
13237
13225
13212
13200
13187
13175
13187
13175
13187
13175
13162
13150
13137
13125
13112
13125
13112
13125
13112
13125
13112
13125
13112
13100
13087
13075
13062
13050
13062
13050
13062
13050
13062
13050
13062
13050
13062
13075
13112
13150
13212
13275
13337
13400
13450
13525
13600
13675
13750
13825
13887
13937
14000
14062
14125
14187
14250
14312
14375
14437
14475
14512
14537
14550
14537
14550
14537
14537
14525
14537
14525
14537
14537
14550
14562
14575
14587
14600
14612
14625
14637
14650
14637
14650
14637
14650
14637
14625
14612
14600
14562
14550
14537
14512
14475
14437
14375
14312
14250
14187
14125
14062
14000
13962
13962
13937
13937
13937
13937
13912
13925
13937
13950
13962
13975
13987
13975
13962
13950
13937
13900
13862
13825
13787
13750
13712
13700
13687
13650
13637
13625
13612
13600
13587
13575
13562
13525
13512
13500
13475
13462
13450
13437
13425
13450
13450
13475
13475
13475
13437
13425
13387
13375
13362
13375
13362
13375
13362
13375
13362
13350
13337
13325
13287
13275
13262
13250
13237
13250
13237
13250
13237
13225
13212
13200
13187
13175
13187
13175
13187
13175
13187
13175
13187
13175
13187
13175
13162
13150
13162
13150
13137
13150
13137
13100
13087
13100
13087
13075
13087
13075
13062
13050
13062
13050
13062
13050
13062
13050
13062
13050
13062
13050
13037
13025
13012
13000
12987
13000
12987
13000
12987
13000
12987
12975
12962
12950
12950
12937
12950
12937
12950
12937
12950
12937
12950
12937
12950
12937
12925
12912
12925
12912
12900
12912
12925
12925
12937
12975
13012
13050
13087
13150
13212
13275
13337
13400
13450
13512
13575
13637
13712
13787
13862
13925
14000
14062
14125
14187
14225
14275
14300
14337
14350
14387
14412
14462
14475
14512
14525
14537
14525
14537
14525
14537
14525
14512
14500
14487
14475
14462
14475
14462
14475
14462
14475
14487
14500
14512
14525
14537
14525
14512
14500
14487
14450
14412
14375
14312
14250
14175
14100
14050
14000
13950
13925
13900
13875
13850
13837
13825
13837
13825
13837
13850
13862
13850
13862
13850
13862
13850
13837
13825
13812
13775
13762
13750
13712
13675
13637
13600
13562
13550
13537
13550
13537
13525
13512
13500
13500
13487
13475
13462
13475
13462
13475
13487
13475
13462
13475
13462
13475
13500
13512
13525
13537
13525
13512
13525
13512
13525
13537
13550
13562
13575
13587
13625
13637
13662
13687
13712
13712
13737
13725
13737
13725
13712
13700
13687
13675
13662
13675
13687
13700
13687
13700
13687
13675
13662
13675
13662
13650
13612
13575
13537
13500
13500
13487
13475
13437
13400
13362
13350
13337
13350
13362
13375
13362
13375
13362
13375
13362
13350
13337
13325
13312
13300
13312
13325
13362
13400
13450
13525
13600
13675
13762
13850
13912
14000
14087
14162
14237
14312
14350
14387
14400
14412
14400
14412
14425
14462
14487
14525
14562
14575
14587
14575
14587
14600
14612
14625
14637
14650
14637
14650
14637
14650
14637
14625
14612
14600
14587
14575
14562
14525
14512
14475
14450
14425
14400
14375
14362
14325
14287
14250
14212
14175
14137
14100
14087
14050
14012
14000
13987
13987
13975
13987
13975
13987
13975
13962
13950
13937
13925
13912
13900
13887
13875
13862
13850
13837
13800
13787
13750
13712
13675
13662
13625
13587
13550
13537
13500
13500
13487
13500
13487
13475
13437
13425
13412
13400
13387
13400
13412
13400
13412
13425
13437
13425
13437
13425
13437
13412
13412
13387
13387
13362
13375
13362
13375
13362
13350
13337
13350
13337
13325
13312
13300
13250
13225
13200
13200
13175
13187
13175
13187
13175
13187
13175
13187
13175
13187
13175
13162
13150
13137
13125
13112
13125
13112
13125
13112
13125
13137
13150
13162
13175
13162
13162
13150
13137
13125
13137
13112
13125
13112
13100
13087
13075
13062
13050
13062
13050
13062
13050
13062
13050
13062
13050
13062
13050
13062
13050
13062
13050
13062
13050
13062
13050
13037
13025
13012
13000
12987
13000
12987
13000
13012
13050
13087
13150
13212
13275
13350
13412
13487
13562
13637
13712
13787
13862
13925
14000
14062
14125
14175
14250
14287
14325
14337
14350
14337
14350
14337
14350
14337
14350
14337
14350
14362
14375
14362
14350
14337
14300
14287
14300
14312
14325
14337
14350
14362
14375
14387
14400
14412
14400
14412
14400
14387
14350
14312
14250
14212
14175
14137
14100
14050
14000
13950
13912
13862
13850
13812
13800
13812
13825
13837
13850
13862
13850
13837
13825
13812
13775
13762
13750
13712
13675
13662
13625
13587
13550
13537
13537
13512
13512
13512
13512
13487
13500
13487
13500
13475
13475
13437
13425
13412
13412
13412
13425
13437
13425
13412
13400
13387
13375
13362
13350
13337
13325
13312
13300
13287
13275
13262
13250
13237
13250
13237
13225
13212
13200
13187
13175
13187
13175
13187
13175
13187
13175
13187
13175
13187
13200
13200
13200
13200
13200
13175
13162
13150
13137
13125
13112
13125
13112
13100
13087
13075
13062
13050
13037
13025
13012
13000
13012
13025
13037
13050
13062
13050
13062
13050
13062
13050
13037
13025
13012
13000
12987
13000
12987
13000
12987
13000
12987
13000
13012
13025
13037
13050
13037
13025
13012
13000
12987
12975
12962
12975
12987
13025
13087
13150
13225
13300
13375
13462
13550
13625
13700
13762
13825
13887
13937
14000
14037
14075
14112
14150
14162
14200
14212
14225
14212
14225
14212
14225
14237
14250
14262
14275
14287
14300
14312
14325
14337
14350
14362
14375
14387
14400
14412
14400
14375
14362
14375
14362
14375
14400
14412
14400
14412
14400
14387
14350
14312
14250
14187
14125
14062
14000
13937
13887
13825
13787
13750
13737
13725
13737
13725
13737
13725
13737
13750
13762
13775
13787
13800
13787
13800
13787
13775
13737
13725
13675
13650
13625
13625
13600
13587
13575
13562
13525
13512
13500
13500
13487
13475
13462
13450
13412
13400
13387
13375
13362
13375
13362
13375
13362
13375
13362
13375
13362
13375
13362
13375
13362
13375
13362
13350
13337
13325
13312
13300
13287
13275
13262
13250
13237
13250
13237
13225
13212
13200
13187
13175
13162
13150
13137
13125
13112
13125
13112
13125
13112
13125
13112
13125
13112
13125
13112
13100
13087
13075
13062
13050
13062
13050
13062
13050
13062
13050
13062
13050
13062
13050
13062
13050
13037
13025
13012
13000
12987
13000
12987
13000
12987
13000
12987
12975
12962
12950
12950
12937
12950
12937
12950
12937
12950
12937
12950
12937
12950
12937
12950
12937
12950
12950
12987
13025
13087
13150
13212
13275
13337
13400
13450
13512
13575
13637
13700
13775
13850
13912
13987
14062
14125
14187
14225
14262
14275
14287
14275
14287
14275
14287
14275
14287
14275
14287
14275
14287
14275
14287
14300
14312
14325
14337
14350
14362
14400
14412
14450
14462
14475
14462
14450
14437
14425
14387
14350
14337
14300
14262
14225
14187
14125
14062
14000
13937
13887
13850
13812
13775
13762
13775
13762
13775
13787
13800
13787
13800
13787
13800
13787
13775
13762
13750
13737
13725
13712
13700
13687
13650
13637
13625
13587
13575
13562
13550
13537
13525
13512
13500
13475
13437
13425
13387
13375
13362
13350
13337
13325
13312
13300
13312
13300
13312
13300
13312
13300
13287
13275
13262
13250
13237
13225
13212
13200
13162
13150
13137
13125
13112
13125
13112
13125
13112
13125
13112
13125
13112
13125
13112
13100
13087
13075
13062
13050
13062
13050
13062
13050
13062
13050
13037
13025
13012
13000
12987
12975
12962
12950
12950
12937
12950
12937
12925
12912
12925
12912
12925
12937
12950
12950
12975
13000
13050
13087
13150
13212
13275
13337
13400
13487
13575
13662
13750
13825
13887
13937
14000
14062
14100
14137
14175
14187
14200
14212
14225
14237
14237
14237
14237
14237
14237
14250
14237
14250
14237
14225
14237
14250
14262
14300
14312
14325
14337
14350
14337
14325
14312
14300
14262
14225
14187
14125
14062
14000
13937
13887
13825
13762
13725
13687
13675
13662
13675
13687
13700
13712
13725
13737
13725
13737
13725
13737
13725
13737
13725
13737
13725
13712
13700
13687
13675
13662
13650
13612
13600
13562
13525
13512
13500
13475
13462
13450
13412
13400
13387
13375
13362
13350
13337
13325
13312
13300
13312
13300
13312
13300
13287
13275
13262
13225
13212
13200
13187
13175
13162
13150
13137
13125
13137
13150
13137
13150
13137
13125
13112
13100
13087
13075
13062
13050
13062
13050
13062
13050
13062
13050
13062
13050
13037
13025
13012
13000
12987
13000
12987
13000
12987
12975
12962
12975
12962
12975
12987
12975
12962
12950
12925
12912
12900
12887
12875
12887
12875
12887
12875
12887
12875
12862
12850
12862
12875
12912
12987
13062
13137
13212
13275
13350
13412
13487
13562
13637
13700
13762
13825
13887
13937
14000
14062
14100
14137
14175
14187
14200
14212
14225
14212
14200
14187
14175
14162
14150
14162
14150
14162
14150
14162
14150
14162
14150
14162
14175
14187
14200
14212
14225
14212
14225
14212
14225
14212
14200
14162
14125
14062
14000
13937
13887
13825
13762
13700
13662
13625
13612
13600
13612
13600
13612
13625
13637
13625
13637
13625
13587
13575
13562
13525
13512
13500
13475
13462
13450
13412
13400
13387
13350
13337
13325
13312
13300
13287
13275
13262
13225
13212
13200
13187
13175
13187
13175
13187
13175
13187
13175
13187
13175
13162
13150
13137
13125
13112
13100
13087
13075
13062
13050
13037
13025
13012
13000
12987
13000
12987
13012
13012
13012
13012
13012
13000
12987
13000
13012
13025
13012
13025
13012
13000
12987
12975
12962
12950
12950
12937
12950
12937
12925
12912
12900
12887
12875
12887
12875
12887
12875
12862
12850
12837
12825
12837
12850
12862
12875
12887
12875
12887
12875
12862
12850
12837
12825
12812
12825
12812
12800
12787
12775
12762
12750
12762
12750
12762
12750
12762
12750
12762
12750
12737
12725
12712
12700
12687
12700
12687
12700
12687
12700
12712
12750
12787
12850
12900
12962
13037
13112
13187
13262
13337
13400
13475
13550
13625
13700
13762
13825
13887
13937
13975
14012
14050
14062
14050
14062
14050
14037
14050
14062
14075
14087
14100
14087
14100
14112
14150
14162
14200
14212
14225
14237
14250
14262
14275
14287
14275
14287
14275
14287
14275
14287
14275
14262
14250
14237
14200
14162
14125
14062
14000
13937
13887
13825
13762
13700
13637
13600
13562
13550
13562
13575
13587
13600
13612
13600
13612
13600
13612
13600
13587
13575
13562
13525
13487
13475
13450
13412
13400
13387
13350
13337
13325
13312
13300
13287
13275
13262
13250
13237
13225
13212
13200
13187
13175
13187
13175
13187
13175
13162
13150
13137
13125
13112
13125
13112
13125
13112
13100
13087
13075
13037
13025
13012
13000
12987
12975
12962
12975
12950
12950
12950
12950
12937
12950
12937
12925
12912
12900
12887
12875
12887
12875
12887
12875
12862
12825
12812
12775
12762
12750
12762
12750
12762
12750
12762
12750
12737
12725
12712
12700
12687
12700
12712
12725
12712
12725
12712
12675
12662
12675
12687
12725
12762
12812
12862
12900
12950
13025
13087
13150
13212
13275
13350
13412
13487
13562
13637
13700
13762
13825
13887
13937
14000
14037
14075
14087
14100
14087
14100
14087
14100
14087
14075
14062
14075
14062
14075
14087
14100
14087
14100
14112
14125
14137
14150
14162
14150
14137
14125
14100
14050
14000
13950
13887
13812
13762
13712
13662
13612
13600
13562
13525
13512
13525
13512
13525
13537
13550
13537
13550
13537
13550
13537
13550
13537
13550
13537
13525
13512
13500
13500
13487
13475
13462
13450
13437
13412
13412
13387
13362
13337
13325
13312
13300
13287
13275
13262
13250
13237
13250
13237
13225
13212
13200
13162
13150
13137
13125
13112
13125
13112
13125
13112
13125
13112
13100
13087
13100
13087
13075
13087
13075
13037
13025
13012
12975
12962
12950
12950
12937
12950
12937
12925
12912
12900
12862
12850
12837
12837
12837
12862
12862
12887
12875
12862
12850
12837
12825
12812
12825
12812
12825
12812
12825
12812
12825
12812
12800
12787
12775
12762
12750
12762
12750
12762
12750
12762
12750
12762
12750
12762
12750
12737
12725
12712
12700
12712
12750
12787
12850
12900
12962
13025
13100
13187
13275
13362
13450
13537
13612
13687
13762
13825
13887
13937
13975
14012
14025
14037
14050
14062
14050
14075
14075
14050
14050
14050
14037
14012
14012
14012
14012
14012
14050
14062
14075
14112
14125
14137
14150
14162
14150
14162
14150
14162
14150
14137
14100
14062
14000
13937
13887
13825
13762
13700
13637
13600
13562
13550
13537
13550
13537
13550
13537
13550
13537
13550
13525
13537
13525
13537
13525
13550
13537
13550
13537
13525
13512
13500
13500
13487
13475
13462
13450
13412
13400
13375
13350
13325
13300
13275
13262
13250
13237
13225
13212
13200
13187
13175
13162
13150
13137
13100
13087
13075
13062
13050
13062
13050
13062
13050
13037
13037
13025
13012
13000
13012
12987
13000
12987
13000
12975
12975
12950
12950
12937
12950
12937
12925
12912
12900
12887
12875
12887
12875
12862
12850
12837
12800
12787
12775
12762
12750
12762
12750
12762
12750
12762
12750
12762
12750
12737
12725
12712
12700
12687
12700
12687
12675
12662
12650
12637
12650
12662
12650
12662
12650
12637
12625
12637
12625
12637
12625
12637
12625
12612
12600
12587
12575
12562
12575
12562
12575
12562
12550
12537
12525
12512
12500
12512
12500
12512
12500
12512
12500
12512
12500
12512
12525
12562
12600
12662
12737
12812
12875
12962
13050
13125
13212
13300
13375
13462
13550
13625
13700
13762
13825
13862
13900
13937
13950
13962
13975
13987
13975
13987
13975
13962
13950
13937
13925
13937
13937
13937
13937
13937
13937
13950
13962
13987
14000
14012
14025
14037
14050
14062
14050
14037
14000
13937
13887
13825
13762
13700
13637
13575
13512
13475
13450
13412
13400
13387
13375
13362
13375
13362
13375
13387
13400
13412
13425
13437
13425
13412
13400
13387
13375
13362
13350
13337
13325
13287
13275
13262
13225
13212
13200
13187
13175
13187
13175
13162
13150
13137
13100
13087
13075
13062
13050
13062
13050
13062
13050
13037
13025
13037
13025
13012
13025
13037
13025
13012
13025
13012
13000
12987
13000
12987
13000
12987
13000
12987
12975
12962
12950
12950
12937
12950
12937
12925
12912
12900
12887
12875
12887
12875
12862
12850
12837
12825
12812
12825
12812
12800
12787
12775
12762
12750
12762
12750
12762
12750
12762
12750
12737
12737
12737
12737
12737
12762
12750
12737
12725
12712
12700
12687
12675
12662
12650
12637
12650
12662
12675
12687
12700
12687
12700
12687
12700
12687
12675
12662
12650
12637
12625
12637
12625
12637
12625
12637
12650
12662
12687
12737
12800
12850
12937
13025
13112
13187
13275
13362
13450
13537
13625
13700
13762
13825
13887
13925
13962
13975
13987
13975
13987
13975
13987
13975
13987
13975
13987
13987
13987
13987
13987
13987
13975
13962
13950
13962
13950
13962
13975
13987
13987
14000
14012
14025
14012
13975
13937
13887
13825
13762
13700
13637
13575
13512
13475
13450
13437
13425
13437
13425
13437
13425
13412
13400
13387
13375
13362
13375
13362
13375
13362
13350
13337
13325
13312
13300
13287
13275
13262
13225
13212
13200
13162
13150
13137
13125
13112
13100
13087
13075
13062
13050
13062
13050
13062
13050
13062
13050
13037
13025
13012
13000
12987
13000
12987
13000
12987
13000
12987
12975
12962
12950
12925
12912
12900
12887
12875
12862
12850
12837
12825
12812
12825
12812
12825
12812
12825
12812
12825
12812
12800
12787
12775
12737
12725
12712
12700
12687
12700
12687
12700
12687
12700
12687
12700
12687
12700
12687
12700
12675
12675
12675
12662
12650
12675
12675
12650
12662
12650
12637
12625
12637
12625
12637
12625
12612
12600
12587
12550
12537
12525
12512
12500
12512
12537
12562
12587
12650
12712
12762
12837
12912
12987
13062
13150
13237
13325
13400
13487
13562
13637
13700
13762
13825
13887
13912
13937
13937
13937
13937
13950
13937
13950
13937
13925
13912
13925
13912
13925
13912
13925
13912
13925
13937
13950
13962
13987
14000
13987
14000
13987
13962
13925
13887
13825
13762
13700
13637
13575
13512
13450
13425
13387
13375
13362
13375
13362
13375
13362
13375
13387
13400
13412
13425
13437
13425
13412
13375
13337
13300
13262
13225
13212
13200
13162
13125
13112
13075
13037
13025
13012
13000
12987
13000
12975
12975
12950
12950
12950
12962
12950
12962
12950
12950
12937
12950
12937
12950
12937
12950
12937
12925
12912
12900
12887
12875
12887
12875
12862
12850
12837
12825
12812
12800
12787
12775
12762
12750
12737
12725
12712
12700
12687
12700
12687
12700
12687
12700
12687
12700
12687
12700
12687
12700
12687
12700
12687
12700
12687
12700
12687
12700
12687
12675
12662
12650
12637
12625
12637
12625
12637
12625
12612
12600
12612
12587
12587
12587
12587
12562
12550
12537
12525
12512
12500
12512
12525
12562
12600
12662
12687
12737
12787
12837
12875
12962
13025
13087
13150
13212
13275
13350
13412
13487
13562
13650
13725
13775
13825
13875
13887
13900
13937
13950
13962
13975
13987
13975
13987
13975
13987
13975
13987
13975
13987
13975
13987
13975
13987
13975
13987
13987
14000
14012
14025
14037
14025
14037
14050
14062
14075
14112
14125
14112
14100
14062
14000
13937
13887
13812
13775
13737
13700
13662
13637
13575
13537
13500
13475
13462
13450
13437
13425
13437
13450
13462
13475
13487
13500
13487
13500
13487
13475
13462
13450
13412
13400
13387
13375
13362
13350
13337
13325
13287
13275
13262
13250
13237
13225
13212
13200
13187
13175
13187
13175
13187
13175
13162
13150
13137
13125
13112
13125
13112
13125
13112
13100
13087
13075
13062
13050
13037
13025
13012
13000
12987
13000
12987
13000
12987
13000
12987
12975
12975
12975
12950
12950
12950
12950
12937
12950
12937
12950
12937
12950
12937
12925
12912
12900
12887
12875
12862
12850
12837
12825
12812
12800
12787
12800
12787
12800
12812
12825
12812
12800
12787
12800
12787
12775
12787
12775
12737
12725
12712
12700
12687
12700
12675
12687
12675
12687
12675
12700
12687
12700
12687
12700
12675
12675
12650
12650
12625
12637
12625
12637
12625
12637
12650
12687
12725
12787
12850
12925
13000
13075
13150
13225
13300
13375
13450
13537
13612
13700
13787
13862
13925
14000
14037
14075
14087
14100
14112
14125
14137
14150
14137
14125
14137
14125
14137
14175
14187
14200
14200
14212
14187
14187
14187
14200
14175
14187
14175
14137
14125
14112
14062
14012
13962
13887
13825
13762
13700
13637
13575
13537
13500
13500
13487
13500
13500
13512
13525
13537
13550
13537
13550
13562
13575
13562
13575
13562
13525
13512
13500
13475
13462
13450
13412
13400
13387
13350
13312
13300
13262
13250
13225
13225
13200
13200
13175
13162
13150
13137
13125
13112
13100
13087
13075
13062
13050
13037
13025
13012
13000
12987
12975
12962
12950
12950
12937
12950
12937
12950
12937
12950
12937
12925
12912
12900
12887
12875
12887
12862
12862
12837
12812
12787
12775
12762
12750
12762
12750
12762
12750
12762
12750
12762
12750
12762
12750
12737
12725
12712
12700
12687
12675
12662
12650
12637
12625
12637
12625
12637
12625
12637
12625
12612
12600
12587
12550
12537
12525
12512
12500
12512
12487
12487
12487
12487
12462
12475
12487
12475
12487
12525
12562
12600
12662
12725
12787
12850
12900
12975
13050
13137
13225
13312
13387
13450
13525
13600
13675
13750
13825
13887
13925
13962
13987
14000
14012
14025
14037
14025
14037
14025
14037
14025
14037
14050
14062
14075
14112
14125
14137
14150
14162
14150
14137
14125
14112
14062
14012
13962
13887
13825
13762
13700
13637
13575
13512
13450
13425
13387
13387
13387
13412
13412
13437
13425
13437
13425
13437
13425
13412
13375
13337
13275
13237
13200
13187
13175
13162
13150
13137
13100
13087
13075
13062
13050
13062
13050
13062
13050
13037
13025
13012
13000
12987
12975
12962
12950
12950
12937
12925
12912
12900
12887
12875
12887
12875
12887
12875
12887
12875
12887
12875
12887
12875
12887
12875
12887
12875
12862
12850
12837
12800
12762
12750
12712
12700
12712
12725
12712
12725
12712
12700
12687
12700
12687
12700
12687
12675
12662
12650
12637
12625
12637
12625
12637
12625
12637
12625
12637
12625
12637
12625
12637
12625
12637
12625
12612
12600
12587
12575
12562
12550
12537
12525
12512
12500
12512
12500
12512
12500
12512
12525
12562
12600
12662
12725
12787
12850
12925
13012
13100
13187
13262
13337
13400
13450
13525
13612
13700
13787
13875
13937
14000
14062
14100
14137
14150
14162
14150
14162
14150
14162
14150
14162
14150
14162
14175
14187
14200
14212
14200
14187
14175
14137
14125
14100
14050
14000
13950
13887
13825
13762
13700
13637
13575
13537
13500
13462
13450
13437
13425
13412
13437
13425
13437
13450
13462
13475
13487
13500
13487
13500
13487
13475
13462
13450
13437
13425
13412
13375
13362
13325
13312
13300
13312
13287
13287
13262
13262
13237
13225
13212
13200
13162
13150
13137
13100
13087
13075
13062
13050
13037
13025
13012
13000
12987
13000
12987
13000
12987
13000
12987
13000
12987
13000
12987
12975
12962
12950
12950
12937
12950
12937
12925
12912
12925
12912
12900
12912
12900
12887
12875
12887
12875
12887
12875
12887
12875
12887
12875
12862
12850
12837
12800
12787
12775
12762
12750
12737
12725
12737
12712
12712
12737
12737
12737
12750
12737
12725
12712
12700
12687
12675
12662
12650
12637
12625
12612
12600
12587
12575
12550
12550
12525
12525
12500
12512
12500
12512
12500
12487
12475
12462
12462
12462
12500
12512
12550
12587
12625
12662
12725
12787
12850
12912
13000
13087
13175
13262
13350
13412
13487
13562
13637
13700
13762
13825
13887
13937
14000
14062
14100
14137
14137
14150
14137
14125
14112
14112
14100
14087
14100
14087
14100
14087
14100
14087
14100
14087
14100
14112
14125
14137
14150
14162
14150
14137
14100
14062
14000
13937
13887
13825
13762
13700
13637
13575
13512
13475
13450
13412
13400
13387
13375
13362
13375
13362
13375
13362
13375
13387
13400
13412
13425
13412
13400
13387
13350
13337
13325
13287
13250
13212
13150
13112
13075
13037
13025
13012
13000
12987
13000
12987
13000
12987
12975
12962
12950
12925
12912
12900
12887
12875
12862
12850
12837
12800
12787
12775
12762
12750
12762
12750
12737
12725
12712
12675
12662
12650
12637
12625
12637
12625
12612
12600
12587
12575
12562
12575
12562
12575
12562
12550
12512
12500
12462
12462
12450
12462
12450
12462
12450
12462
12450
12462
12450
12462
12450
12462
12450
12462
12450
12462
12450
12462
12450
12462
12450
12437
12425
12412
12400
12387
12375
12362
12350
12337
12325
12337
12325
12312
12300
12287
12275
12262
12275
12262
12275
12262
12275
12262
12275
12262
12275
12262
12275
12287
12325
12362
12412
12475
12537
12612
12700
12787
12862
12962
13050
13125
13200
13275
13337
13400
13450
13512
13575
13637
13700
13762
13825
13862
13912
13937
13962
13962
13987
13975
13987
13975
13987
13975
13987
13975
13987
13962
13962
13962
13962
13962
13975
13987
13987
14000
14012
14050
14062
14075
14087
14100
14087
14075
14062
14050
14012
13975
13937
13887
13825
13762
13700
13637
13600
13550
13500
13450
13400
13362
13325
13287
13275
13262
13250
13237
13250
13237
13250
13262
13275
13287
13325
13337
13325
13337
13325
13287
13250
13237
13200
13162
13150
13137
13100
13062
13025
12987
12950
12950
12937
12950
12937
12950
12937
12950
12937
12950
12937
12925
12887
12875
12837
12825
12837
12850
12837
12850
12837
12825
12812
12800
12787
12775
12762
12750
12737
12725
12712
12700
12687
12700
12687
12700
12687
12700
12687
12700
12687
12675
12662
12650
12637
12625
12637
12625
12612
12600
12587
12575
12562
12575
12562
12575
12562
12575
12562
12550
12512
12500
12462
12462
12450
12462
12450
12437
12425
12412
12400
12387
12400
12387
12400
12387
12400
12387
12400
12387
12375
12362
12350
12337
12325
12337
12325
12337
12325
12312
12300
12287
12275
12262
12275
12262
12275
12287
12300
12312
12350
12387
12412
12475
12537
12600
12662
12725
12787
12850
12912
12987
13075
13162
13262
13350
13425
13500
13575
13637
13700
13762
13800
13837
13875
13912
13925
13962
13975
13987
13975
13962
13950
13937
13925
13912
13925
13912
13925
13937
13950
13962
13975
13987
13975
13987
13975
13987
13975
13987
13962
13937
13912
13887
13837
13800
13762
13700
13637
13575
13512
13450
13400
13337
13300
13262
13250
13237
13250
13237
13250
13237
13250
13237
13250
13237
13250
13237
13250
13237
13250
13237
13225
13212
13200
13162
13125
13112
13075
13062
13050
13037
13025
13012
12975
12962
12950
12925
12912
12900
12887
12875
12887
12875
12887
12875
12887
12875
12887
12875
12862
12850
12837
12825
12812
12825
12812
12800
12787
12800
12787
12775
12787
12775
12762
12750
12762
12750
12762
12750
12762
12750
12737
12725
12712
12700
12687
12700
12687
12675
12662
12650
12637
12625
12612
12600
12587
12575
12562
12550
12537
12525
12512
12500
12487
12475
12462
12462
12450
12462
12450
12462
12450
12462
12450
12462
12450
12462
12450
12437
12425
12412
12400
12387
12375
12362
12350
12337
12325
12312
12300
12287
12275
12262
12275
12287
12325
12362
12412
12475
12537
12600
12675
12750
12825
12887
12962
13025
13087
13150
13212
13275
13337
13400
13450
13512
13575
13637
13675
13712
13750
13787
13825
13862
13900
13937
13950
13962
13975
13987
13975
13987
13975
13962
13950
13937
13925
13912
13925
13912
13925
13912
13925
13937
13950
13962
13975
13987
13975
13987
13975
13987
13987
14000
13987
14000
13987
13987
13975
13962
13925
13887
13825
13787
13750
13712
13675
13625
13575
13525
13475
13437
13400
13337
13300
13262
13250
13237
13250
13237
13250
13262
13275
13287
13300
13312
13300
13312
13300
13312
13300
13287
13250
13212
13150
13087
13050
13012
13000
12987
12975
12937
12900
12875
12837
12825
12812
12800
12787
12775
12762
12750
12762
12750
12737
12725
12737
12725
12712
12725
12712
12700
12687
12700
12687
12675
12662
12637
12612
12587
12587
12562
12575
12562
12575
12562
12575
12562
12550
12537
12525
12512
12500
12487
12475
12487
12475
12462
12475
12462
12462
12450
12462
12450
12437
12425
12412
12400
12387
12400
12412
12425
12412
12425
12412
12400
12387
12400
12387
12400
12387
12400
12387
12400
12387
12400
12387
12375
12337
12325
12287
12275
12262
12275
12262
12275
12262
12275
12262
12275
12262
12275
12287
12325
12362
12412
12475
12537
12600
12662
12725
12787
12850
12912
13000
13087
13175
13262
13337
13400
13475
13550
13625
13675
13725
13775
13837
13875
13937
13975
13987
13987
13987
13962
13925
13912
13900
13887
13900
13912
13925
13937
13950
13962
13975
13987
13975
13962
13950
13937
13900
13862
13825
13762
13687
13637
13575
13537
13487
13450
13400
13350
13300
13262
13250
13237
13250
13237
13250
13262
13275
13287
13300
13312
13300
13287
13275
13262
13225
13212
13200
13187
13175
13162
13150
13137
13100
13087
13075
13037
13025
13012
12975
12962
12950
12950
12937
12950
12937
12925
12912
12900
12887
12875
12887
12875
12862
12850
12837
12800
12762
12750
12712
12700
12687
12700
12687
12700
12687
12700
12687
12700
12687
12675
12637
12625
12587
12575
12562
12575
12562
12575
12562
12575
12562
12575
12562
12550
12537
12525
12512
12500
12487
12475
12462
12462
12450
12462
12450
12437
12425
12412
12400
12387
12412
12412
12412
12412
12412
12400
12387
12400
12387
12400
12387
12400
12387
12400
12387
12375
12362
12350
12337
12325
12337
12325
12337
12325
12312
12300
12287
12275
12262
12250
12237
12250
12262
12300
12362
12412
12475
12512
12562
12612
12662
12725
12812
12887
12975
13062
13137
13212
13275
13337
13400
13450
13512
13575
13637
13700
13762
13800
13837
13875
13912
13925
13962
13975
13987
13975
13962
13950
13937
13925
13912
13925
13912
13925
13912
13900
13887
13900
13887
13900
13937
13950
13962
13975
13987
13975
13962
13950
13937
13900
13862
13825
13762
13700
13637
13575
13537
13487
13450
13400
13350
13275
13237
13200
13187
13200
13212
13225
13262
13275
13287
13300
13287
13275
13262
13225
13187
13175
13125
13100
13075
13075
13050
13062
13050
13037
13025
13012
12975
12962
12950
12925
12912
12900
12887
12875
12887
12875
12862
12850
12837
12825
12812
12800
12787
12775
12762
12750
12762
12750
12737
12725
12737
12725
12712
12700
12662
12625
12587
12575
12562
12575
12562
12575
12562
12550
12537
12525
12512
12500
12487
12450
12437
12412
12400
12387
12400
12387
12375
12362
12350
12337
12325
12337
12325
12337
12325
12312
12312
12312
12275
12262
12275
12250
12225
12212
12200
12162
12150
12137
12150
12137
12150
12162
12200
12237
12300
12362
12425
12500
12575
12650
12737
12812
12875
12950
13025
13087
13150
13212
13275
13350
13412
13487
13537
13600
13650
13700
13750
13825
13862
13875
13887
13875
13862
13850
13862
13850
13862
13875
13887
13900
13912
13925
13912
13925
13912
13900
13862
13825
13762
13700
13637
13575
13512
13450
13400
13337
13275
13212
13175
13137
13125
13112
13125
13112
13125
13112
13125
13137
13150
13162
13175
13187
13175
13187
13175
13162
13150
13137
13100
13062
13050
13012
12975
12962
12950
12925
12912
12900
12887
12875
12862
12850
12837
12800
12787
12775
12762
12750
12737
12725
12712
12700
12687
12700
12687
12700
12687
12700
12687
12675
12662
12650
12612
12600
12587
12575
12562
12575
12562
12550
12537
12525
12512
12500
12487
12475
12462
12462
12450
12437
12425
12412
12400
12387
12375
12362
12350
12337
12325
12337
12325
12337
12325
12337
12312
12312
12287
12287
12287
12300
12287
12300
12312
12300
12287
12300
12287
12275
12262
12275
12262
12250
12237
12225
12187
12175
12162
12150
12137
12150
12137
12150
12137
12150
12162
12200
12237
12300
12362
12412
12475
12537
12600
12662
12725
12787
12850
12912
12987
13062
13137
13212
13275
13337
13400
13450
13512
13575
13637
13700
13762
13825
13862
13900
13912
13925
13912
13925
13912
13925
13912
13900
13887
13875
13862
13850
13862
13850
13862
13850
13862
13850
13862
13875
13887
13900
13912
13925
13912
13925
13912
13900
13862
13825
13762
13700
13637
13575
13512
13450
13400
13362
13325
13287
13250
13212
13175
13137
13125
13112
13125
13137
13150
13162
13175
13187
13175
13187
13175
13187
13175
13162
13150
13137
13100
13087
13075
13037
13025
13012
12975
12962
12950
12950
12937
12950
12937
12925
12887
12850
12812
12775
12762
12750
12762
12750
12737
12725
12712
12700
12687
12700
12687
12675
12662
12650
12637
12625
12637
12625
12637
12625
12637
12625
12612
12600
12587
12550
12537
12525
12512
12500
12487
12475
12462
12462
12450
12462
12450
12462
12450
12437
12425
12412
12400
12387
12375
12362
12350
12337
12325
12337
12325
12337
12325
12337
12325
12337
12325
12337
12325
12337
12325
12312
12300
12287
12275
12262
12250
12237
12225
12212
12200
12212
12200
12212
12225
12237
12225
12237
12225
12212
12200
12212
12200
12212
12200
12212
12200
12187
12175
12162
12150
12137
12150
12137
12125
12112
12100
12087
12075
12087
12100
12137
12150
12200
12250
12300
12350
12412
12475
12550
12625
12700
12775
12850
12900
12962
13025
13087
13150
13212
13275
13337
13400
13450
13512
13575
13637
13700
13762
13825
13862
13900
13912
13900
13887
13875
13862
13875
13887
13900
13937
13950
13962
13975
13962
13925
13887
13825
13762
13700
13637
13575
13512
13437
13375
13300
13225
13175
13137
13125
13112
13125
13137
13150
13162
13175
13187
13175
13187
13175
13187
13175
13162
13125
13112
13075
13037
13025
13012
12975
12937
12925
12900
12862
12825
12787
12750
12712
12700
12687
12675
12675
12675
12650
12650
12650
12637
12625
12637
12625
12612
12600
12587
12550
12512
12500
12462
12462
12450
12462
12450
12437
12425
12412
12400
12412
12425
12412
12425
12412
12400
12387
12375
12362
12350
12337
12325
12337
12325
12312
12300
12287
12275
12262
12275
12262
12275
12262
12275
12262
12275
12262
12250
12237
12225
12212
12200
12187
12175
12162
12150
12137
12150
12137
12150
12137
12150
12162
12200
12237
12275
12325
12375
12412
12475
12562
12637
12725
12812
12875
12950
13025
13087
13162
13237
13312
13387
13475
13550
13625
13700
13762
13825
13862
13900
13912
13900
13887
13875
13862
13850
13837
13825
13812
13800
13787
13800
13787
13800
13812
13825
13837
13850
13862
13850
13862
13850
13862
13850
13862
13850
13837
13825
13812
13775
13737
13700
13637
13575
13500
13425
13362
13287
13212
13150
13112
13075
13062
13050
13062
13075
13062
13062
13087
13112
13112
13137
13125
13112
13075
13062
13050
13062
13050
13037
13025
13012
13000
12987
12975
12962
12950
12925
12887
12875
12837
12800
12787
12775
12737
12725
12712
12700
12687
12675
12662
12650
12637
12625
12612
12600
12587
12575
12562
12550
12537
12525
12512
12500
12512
12500
12487
12475
12462
12462
12450
12462
12450
12437
12425
12412
12375
12362
12350
12337
12325
12337
12325
12337
12325
12312
12300
12287
12275
12262
12275
12262
12250
12237
12225
12212
12200
12212
12200
12187
12175
12187
12175
12162
12175
12162
12150
12137
12125
12112
12100
12087
12075
12087
12075
12087
12075
12087
12075
12062
12050
12037
12000
11987
12000
11987
12000
12012
12025
12037
12075
12112
12175
12237
12300
12362
12412
12475
12537
12600
12662
12725
12787
12850
12900
12962
13025
13087
13150
13212
13275
13337
13400
13450
13512
13575
13637
13700
13762
13800
13837
13850
13862
13850
13862
13850
13837
13825
13812
13800
13787
13800
13812
13825
13837
13875
13887
13875
13862
13825
13762
13700
13637
13575
13512
13450
13400
13337
13275
13212
13150
13112
13075
13062
13050
13062
13075
13112
13125
13137
13150
13137
13100
13087
13075
13062
13050
13037
13000
12962
12925
12900
12887
12875
12862
12850
12825
12800
12775
12775
12750
12737
12725
12712
12700
12687
12675
12662
12675
12662
12650
12662
12650
12637
12625
12637
12625
12612
12600
12587
12575
12562
12575
12562
12550
12537
12550
12537
12525
12537
12525
12512
12500
12512
12500
12487
12475
12462
12437
12425
12412
12400
12387
12400
12387
12400
12387
12400
12387
12400
12387
12375
12362
12350
12337
12325
12337
12325
12337
12325
12337
12325
12312
12300
12287
12275
12262
12250
12237
12225
12212
12225
12237
12225
12237
12225
12212
12200
12187
12175
12162
12150
12137
12125
12112
12125
12137
12175
12237
12300
12362
12412
12475
12537
12600
12662
12725
12787
12850
12900
12962
13037
13112
13187
13275
13362
13450
13537
13625
13700
13762
13825
13862
13900
13937
13950
13962
13975
13987
13975
13962
13950
13937
13925
13912
13900
13900
13900
13900
13900
13925
13912
13925
13937
13950
13962
13975
13987
13975
13987
13975
13987
13962
13962
13937
13912
13862
13825
13762
13700
13625
13550
13475
13400
13337
13275
13212
13175
13162
13150
13162
13200
13212
13225
13262
13275
13262
13275
13262
13250
13237
13225
13212
13187
13137
13087
13062
13012
12975
12962
12975
12950
12950
12950
12925
12912
12900
12887
12875
12887
12875
12862
12850
12837
12825
12812
12825
12812
12825
12812
12800
12787
12775
12762
12750
12762
12750
12737
12725
12712
12700
12687
12700
12687
12700
12687
12675
12637
12625
12587
12575
12562
12575
12562
12575
12562
12575
12562
12550
12537
12525
12512
12500
12512
12500
12487
12475
12462
12462
12450
12462
12450
12437
12425
12412
12400
12387
12400
12387
12400
12387
12375
12362
12350
12312
12300
12287
12275
12262
12275
12262
12275
12262
12275
12262
12287
12312
12337
12362
12412
12437
12475
12537
12600
12662
12725
12787
12850
12900
12975
13062
13150
13237
13325
13400
13475
13550
13625
13700
13762
13825
13887
13937
14000
14037
14075
14087
14075
14037
14000
13962
13962
13950
13962
13975
13987
13987
14000
14012
14025
14037
14025
14037
14050
14062
14050
14062
14050
14012
13975
13937
13887
13825
13762
13700
13637
13575
13512
13450
13400
13337
13300
13262
13250
13262
13275
13287
13300
13287
13275
13262
13250
13237
13225
13187
13150
13112
13075
13037
13025
13012
12975
12962
12950
12925
12912
12900
12887
12875
12862
12850
12837
12825
12812
12825
12812
12825
12812
12825
12812
12800
12787
12775
12762
12750
12737
12725
12712
12700
12687
12675
12662
12675
12662
12650
12662
12650
12637
12625
12612
12600
12587
12575
12562
12550
12537
12525
12512
12500
12512
12500
12512
12500
12487
12475
12462
12462
12450
12462
12450
12437
12425
12412
12400
12387
12400
12387
12400
12387
12400
12387
12375
12362
12350
12337
12325
12337
12325
12337
12325
12337
12325
12337
12325
12312
12300
12287
12275
12262
12250
12237
12225
12212
12200
12212
12200
12212
12200
12212
12225
12262
12300
12362
12412
12475
12537
12600
12662
12725
12787
12850
12900
12962
13025
13100
13187
13275
13362
13437
13512
13575
13637
13700
13762
13825
13862
13900
13937
13962
13975
14012
14025
14037
14025
14037
14025
14012
14000
13987
13987
13987
14000
14012
14050
14062
14075
14087
14075
14062
14050
14012
13975
13937
13875
13800
13725
13650
13575
13512
13450
13400
13337
13300
13250
13225
13225
13250
13250
13287
13325
13362
13375
13387
13400
13387
13375
13362
13350
13312
13300
13262
13225
13187
13150
13112
13075
13062
13050
13037
13025
13012
13000
12987
12975
12962
12950
12925
12912
12900
12887
12875
12862
12850
12837
12800
12787
12775
12762
12750
12762
12750
12762
12750
12737
12725
12712
12700
12687
12700
12687
12675
12662
12650
12637
12625
12612
12600
12587
12575
12562
12575
12562
12550
12537
12525
12487
12475
12487
12475
12487
12500
12487
12475
12462
12462
12450
12437
12400
12387
12375
12362
12375
12387
12400
12387
12400
12387
12375
12362
12350
12337
12325
12312
12300
12287
12275
12262
12275
12262
12275
12262
12275
12262
12275
12287
12325
12362
12412
12475
12537
12600
12662
12725
12787
12850
12900
12962
13025
13087
13162
13237
13325
13400
13500
13587
13687
13750
13812
13862
13912
13962
14037
14087
14112
14125
14112
14075
14037
14025
13987
13962
13950
13962
13950
13962
13987
14025
14037
14075
14087
14075
14037
14025
13987
13962
13925
13887
13825
13762
13700
13637
13575
13512
13450
13400
13337
13300
13262
13250
13237
13250
13237
13250
13237
13250
13262
13275
13287
13300
13287
13275
13287
13275
13287
13287
13287
13262
13262
13237
13225
13212
13200
13162
13150
13125
13100
13075
13075
13050
13037
13000
12987
12950
12950
12925
12925
12900
12900
12875
12862
12850
12837
12825
12812
12800
12787
12775
12762
12750
12762
12750
12762
12750
12762
12750
12762
12750
12737
12725
12737
12725
12737
12750
12737
12725
12712
12700
12687
12675
12662
12637
12612
12612
12612
12587
12600
12587
12575
12562
12575
12562
12550
12537
12525
12512
12487
12487
12462
12462
12450
12462
12450
12462
12450
12462
12450
12437
12425
12412
12400
12387
12400
12387
12400
12387
12375
12362
12350
12337
12325
12337
12350
12387
12412
12475
12537
12600
12662
12725
12800
12862
12937
13012
13087
13150
13212
13275
13350
13412
13487
13562
13637
13700
13762
13825
13887
13937
14000
14062
14100
14112
14125
14112
14100
14087
14075
14062
14050
14037
14025
14037
14025
14037
14025
14037
14025
14037
14025
14037
14050
14062
14050
14062
14050
14012
14000
13975
13937
13887
13837
13762
13700
13625
13550
13475
13400
13337
13300
13250
13225
13200
13200
13175
13187
13200
13212
13225
13262
13275
13287
13300
13312
13300
13312
13300
13312
13300
13287
13275
13262
13225
13212
13200
13162
13125
13112
13075
13037
13025
13012
12975
12937
12925
12900
12887
12875
12862
12850
12837
12825
12812
12825
12812
12825
12812
12825
12812
12800
12787
12775
12737
12725
12712
12700
12687
12700
12687
12700
12687
12675
12662
12650
12612
12600
12587
12575
12562
12575
12562
12550
12537
12525
12512
12500
12487
12475
12462
12437
12425
12412
12400
12387
12375
12362
12350
12337
12325
12337
12325
12337
12325
12337
12325
12312
12300
12287
12275
12262
12250
12237
12225
12187
12187
12187
12187
12187
12187
12150
12150
12125
12125
12125
12125
12112
12100
12087
12075
12062
12062
12062
12062
12087
12112
12125
12162
12200
12250
12325
12400
12487
12575
12662
12750
12825
12887
12962
13025
13087
13150
13212
13275
13337
13400
13475
13550
13625
13700
13762
13825
13887
13925
13962
13975
13962
13950
13937
13925
13912
13900
13887
13875
13862
13850
13862
13850
13862
13875
13887
13900
13937
13950
13962
13975
13962
13950
13937
13900
13862
13825
13762
13700
13637
13575
13512
13450
13387
13337
13287
13237
13187
13150
13112
13075
13062
13075
13112
13125
13162
13175
13187
13175
13187
13175
13162
13150
13137
13100
13087
13075
13037
13000
12962
12925
12900
12862
12850
12837
12825
12812
12800
12787
12775
12737
12725
12712
12700
12687
12675
12662
12650
12637
12625
12637
12625
12612
12600
12587
12575
12562
12550
12537
12525
12512
12500
12512
12500
12512
12500
12512
12500
12487
12475
12462
12462
12450
12462
12450
12437
12425
12412
12400
12387
12400
12387
12375
12362
12375
12362
12350
12337
12325
12287
12250
12237
12225
12212
12200
12212
12200
12212
12200
12212
12200
12212
12225
12225
12225
12250
12237
12225
12225
12225
12200
12187
12175
12162
12150
12137
12150
12137
12125
12112
12100
12087
12075
12087
12075
12087
12075
12087
12075
12087
12075
12087
12075
12062
12050
12037
12025
12012
12025
12012
12025
12037
12087
12137
12212
12287
12362
12437
12512
12587
12662
12725
12787
12850
12900
12962
13025
13087
13150
13212
13275
13337
13400
13450
13512
13575
13637
13700
13762
13800
13837
13850
13862
13875
13887
13875
13862
13850
13812
13775
13762
13750
13737
13725
13737
13725
13737
13725
13737
13725
13737
13725
13712
13662
13612
13537
13462
13400
13337
13275
13212
13150
13087
13050
13012
13000
13012
13025
13037
13050
13062
13050
13037
13000
12987
12950
12950
12937
12925
12887
12850
12812
12775
12737
12725
12712
12700
12687
12700
12675
12675
12650
12650
12625
12612
12600
12575
12562
12550
12562
12550
12575
12562
12575
12562
12550
12537
12525
12512
12500
12512
12500
12512
12500
12487
12475
12462
12462
12450
12437
12425
12412
12400
12387
12375
12362
12350
12337
12325
12337
12325
12312
12300
12312
12300
12287
12300
12287
12275
12262
12275
12262
12250
12237
12225
12187
12175
12162
12125
12112
12100
12087
12075
12087
12075
12087
12075
12087
12075
12087
12075
12062
12050
12037
12000
11987
11975
11962
11950
11937
11925
11912
11887
11875
11862
11850
11837
11862
11862
11887
11887
11912
11912
11950
11987
12050
12125
12200
12275
12350
12412
12475
12550
12625
12700
12775
12850
12925
13000
13075
13150
13212
13275
13337
13400
13450
13512
13575
13637
13675
13712
13725
13737
13725
13712
13700
13687
13650
13637
13650
13637
13650
13662
13675
13662
13675
13662
13675
13687
13700
13712
13725
13712
13675
13637
13575
13512
13450
13400
13337
13275
13212
13150
13087
13050
13012
12975
12962
12975
12962
12975
12987
13000
12987
13000
12987
13000
12987
13012
13012
13012
13012
13012
12975
12962
12950
12950
12937
12925
12912
12900
12887
12875
12862
12825
12787
12750
12712
12675
12637
12625
12587
12550
12537
12525
12512
12500
12512
12500
12512
12500
12512
12500
12512
12500
12512
12500
12487
12475
12462
12437
12425
12412
12412
12400
12387
12375
12362
12337
12325
12337
12325
12337
12325
12337
12325
12312
12300
12287
12250
12237
12225
12212
12200
12212
12200
12187
12175
12162
12150
12137
12125
12112
12100
12087
12075
12087
12075
12087
12075
12087
12075
12087
12075
12087
12075
12062
12050
12037
12000
11987
11975
11962
11950
11937
11925
11912
11912
11912
11925
11937
11975
12012
12025
12075
12125
12175
12225
12300
12362
12450
12512
12600
12687
12762
12825
12900
12975
13050
13125
13200
13275
13350
13412
13487
13537
13600
13650
13700
13725
13775
13787
13800
13787
13800
13787
13775
13762
13750
13712
13700
13687
13675
13662
13650
13637
13650
13637
13650
13662
13675
13662
13675
13662
13675
13662
13650
13637
13625
13575
13525
13475
13387
13312
13237
13162
13087
13050
13012
13000
13012
13025
13037
13075
13087
13075
13062
13050
13000
12975
12950
12925
12887
12875
12837
12825
12812
12800
12787
12775
12737
12700
12687
12650
12612
12600
12587
12575
12562
12575
12562
12575
12562
12550
12537
12525
12512
12500
12512
12500
12487
12475
12487
12462
12462
12462
12437
12425
12412
12375
12362
12350
12312
12300
12287
12275
12262
12275
12262
12250
12237
12225
12212
12200
12212
12200
12212
12225
12237
12225
12237
12225
12212
12200
12187
12175
12162
12150
12137
12150
12137
12125
12112
12100
12087
12100
12112
12125
12137
12150
12137
12150
12137
12125
12112
12100
12087
12075
12062
12050
12037
12025
12012
12025
12037
12050
12062
12100
12137
12175
12237
12312
12375
12450
12537
12625
12700
12775
12850
12925
12975
13050
13125
13187
13250
13350
13412
13487
13562
13637
13675
13725
13775
13825
13850
13900
13912
13900
13887
13875
13837
13825
13812
13800
13787
13775
13762
13750
13737
13725
13737
13750
13762
13775
13812
13825
13850
13862
13875
13862
13875
13850
13837
13800
13762
13700
13637
13575
13512
13437
13375
13300
13225
13150
13112
13075
13062
13050
13062
13050
13062
13075
13112
13125
13162
13175
13187
13175
13187
13175
13162
13150
13137
13100
13062
13025
12987
12950
12950
12937
12925
12912
12900
12862
12850
12837
12825
12812
12825
12812
12800
12787
12775
12762
12750
12737
12725
12712
12700
12687
12675
12637
12625
12587
12575
12562
12575
12562
12550
12537
12525
12487
12475
12462
12462
12450
12437
12425
12412
12375
12362
12350
12337
12325
12312
12312
12312
12287
12287
12287
12275
12262
12275
12262
12250
12237
12225
12187
12187
12187
12162
12162
12162
12150
12137
12150
12137
12125
12112
12100
12100
12100
12100
12100
12100
12087
12075
12062
12050
12037
12025
12012
12025
12012
12025
12012
12025
12012
12000
11987
11975
11962
11950
11962
11950
11962
11975
12012
12050
12112
12175
12237
12312
12387
12487
12587
12687
12775
12850
12900
12975
13050
13125
13200
13275
13337
13400
13462
13537
13612
13687
13737
13775
13812
13850
13862
13875
13862
13850
13800
13775
13750
13762
13737
13725
13712
13700
13675
13662
13675
13662
13675
13687
13700
13712
13725
13737
13725
13712
13675
13662
13625
13587
13550
13537
13487
13450
13400
13350
13275
13212
13150
13087
13050
13000
12975
12950
12950
12937
12950
12950
12962
12950
12962
12975
12987
13000
13037
13050
13062
13050
13062
13050
13062
13050
13062
13050
13037
13000
12987
12950
12925
12887
12850
12812
12775
12737
12725
12712
12700
12687
12675
12662
12650
12637
12625
12612
12600
12587
12575
12562
12550
12537
12525
12512
12500
12512
12500
12512
12500
12512
12500
12487
12475
12462
12462
12450
12437
12425
12412
12400
12375
12375
12350
12350
12325
12337
12325
12312
12300
12287
12275
12262
12275
12262
12275
12262
12275
12262
12275
12262
12275
12262
12275
12262
12275
12262
12250
12237
12225
12212
12225
12237
12225
12237
12225
12187
12175
12162
12125
12125
12125
12100
12100
12100
12087
12075
12087
12075
12087
12100
12137
12175
12237
12300
12362
12412
12475
12550
12625
12700
12775
12850
12925
13000
13087
13187
13275
13362
13437
13512
13575
13637
13700
13762
13825
13862
13900
13912
13900
13862
13850
13812
13800
13787
13800
13787
13800
13787
13812
13812
13837
13837
13862
13850
13837
13825
13812
13775
13737
13700
13637
13562
13487
13412
13350
13275
13212
13150
13112
13075
13037
13025
13012
13000
13012
13025
13037
13075
13087
13100
13112
13100
13062
13025
12962
12925
12900
12862
12825
12812
12775
12762
12750
12762
12750
12737
12725
12712
12700
12687
12675
12637
12625
12587
12575
12562
12575
12562
12575
12562
12575
12562
12575
12562
12550
12537
12525
12512
12500
12487
12475
12462
12437
12425
12412
12400
12387
12400
12387
12375
12362
12350
12337
12325
12337
12325
12312
12275
12262
12225
12212
12200
12212
12200
12212
12200
12212
12200
12212
12200
12212
12200
12212
12200
12212
12200
12212
12200
12187
12175
12162
12150
12137
12150
12137
12150
12137
12150
12137
12125
12112
12100
12087
12075
12087
12075
12087
12075
12062
12050
12037
12000
11987
11975
11962
11950
11962
11975
12012
12050
12112
12175
12237
12300
12362
12412
12475
12550
12625
12712
12800
12912
13012
13112
13200
13275
13337
13400
13450
13512
13575
13637
13700
13737
13775
13812
13850
13862
13875
13887
13875
13837
13800
13787
13750
13737
13725
13737
13725
13737
13725
13737
13750
13762
13775
13812
13825
13812
13825
13800
13775
13750
13725
13675
13637
13575
13512
13450
13400
13337
13275
13250
13225
13175
13150
13125
13062
13025
13012
13000
13012
13025
13037
13050
13062
13075
13075
13075
13075
13075
13050
13062
13050
13037
13000
12987
12950
12925
12912
12900
12887
12875
12862
12850
12837
12800
12787
12775
12737
12725
12712
12700
12687
12675
12662
12650
12637
12625
12637
12625
12637
12625
12612
12600
12587
12550
12537
12525
12487
12475
12462
12462
12450
12437
12425
12412
12400
12387
12375
12337
12325
12275
12250
12225
12225
12200
12212
12200
12212
12200
12187
12175
12187
12175
12187
12200
12187
12175
12162
12150
12137
12150
12137
12150
12137
12150
12137
12125
12112
12100
12062
12050
12037
12025
12037
12075
12112
12175
12237
12300
12362
12412
12487
12562
12637
12712
12787
12850
12900
12975
13062
13150
13237
13325
13400
13450
13512
13575
13637
13700
13762
13825
13862
13900
13912
13925
13912
13900
13862
13850
13812
13775
13762
13750
13712
13700
13712
13700
13712
13750
13762
13750
13762
13750
13712
13675
13637
13575
13512
13450
13400
13337
13275
13212
13150
13087
13050
13012
13000
12987
13000
12987
13012
13012
13037
13062
13087
13100
13137
13150
13137
13150
13137
13100
13087
13075
13062
13050
13037
13000
12987
12950
12925
12912
12900
12862
12850
12837
12800
12762
12750
12712
12700
12687
12700
12687
12700
12687
12700
12687
12700
12687
12700
12687
12700
12687
12700
12687
12700
12687
12675
12662
12650
12637
12625
12637
12625
12612
12600
12587
12575
12562
12550
12537
12525
12512
12500
12512
12500
12512
12500
12487
12475
12462
12462
12450
12462
12450
12462
12450
12462
12450
12437
12400
12387
12350
12350
12337
12325
12312
12300
12275
12262
12275
12262
12275
12262
12275
12262
12275
12262
12275
12262
12275
12262
12275
12262
12250
12237
12225
12187
12175
12162
12125
12112
12100
12087
12075
12087
12075
12087
12075
12087
12075
12087
12100
12112
12125
12162
12175
12187
12225
12275
12325
12387
12475
12562
12650
12737
12825
12912
13000
13087
13175
13250
13325
13400
13462
13512
13562
13612
13662
13700
13762
13825
13862
13900
13912
13925
13912
13925
13912
13900
13887
13875
13862
13850
13862
13850
13862
13850
13862
13850
13862
13875
13887
13900
13912
13925
13912
13900
13862
13825
13762
13700
13637
13575
13512
13450
13400
13337
13275
13212
13150
13112
13075
13062
13050
13037
13025
13012
13000
13012
13025
13037
13075
13087
13100
13112
13100
13087
13075
13037
13000
12962
12925
12900
12862
12825
12812
12762
12737
12712
12712
12675
12675
12675
12675
12650
12662
12650
12637
12612
12612
12587
12562
12537
12525
12512
12500
12512
12487
12487
12462
12462
12450
12437
12425
12412
12400
12387
12375
12362
12350
12312
12300
12287
12275
12262
12250
12237
12225
12212
12200
12187
12175
12162
12150
12137
12150
12137
12150
12137
12150
12137
12150
12137
12150
12137
12150
12137
12150
12137
12150
12137
12125
12112
12100
12087
12075
12062
12050
12037
12025
12012
12025
12012
12025
12012
12025
12012
12000
12000
11987
11975
11962
11975
11950
11962
11975
12012
12050
12112
12175
12250
12325
12387
12462
12550
12625
12700
12775
12850
12900
12975
13050
13125
13200
13275
13350
13412
13487
13562
13637
13700
13762
13825
13862
13875
13887
13875
13837
13800
13787
13750
13737
13725
13737
13725
13737
13725
13750
13750
13750
13750
13775
13737
13737
13737
13712
13662
13637
13575
13512
13450
13400
13337
13275
13212
13150
13087
13050
13012
12975
12962
12950
12950
12937
12950
12950
12962
12987
13037
13062
13087
13112
13100
13062
13050
13012
12975
12937
12900
12875
12837
12800
12787
12775
12737
12725
12712
12675
12662
12650
12637
12625
12637
12625
12637
12625
12612
12600
12587
12575
12562
12575
12562
12550
12537
12525
12512
12500
12512
12500
12487
12475
12487
12475
12487
12500
12487
12475
12462
12462
12450
12437
12425
12412
12400
12387
12375
12337
12325
12287
12275
12262
12275
12262
12275
12262
12275
12262
12250
12237
12225
12212
12200
12212
12200
12212
12200
12212
12200
12187
12150
12137
12125
12112
12125
12137
12150
12137
12125
12112
12100
12087
12075
12100
12100
12100
12100
12100
12087
12075
12062
12050
12037
12025
12012
12025
12012
12025
12012
12025
12012
12000
11987
12000
11987
12012
12062
12112
12162
12237
12300
12362
12412
12475
12537
12600
12662
12725
12787
12850
12925
13000
13075
13150
13212
13275
13350
13412
13487
13562
13637
13700
13762
13800
13837
13875
13912
13925
13962
13975
13962
13950
13937
13900
13862
13850
13812
13800
13787
13775
13762
13750
13737
13725
13737
13725
13737
13725
13737
13725
13737
13725
13737
13725
13712
13675
13637
13575
13512
13450
13400
13337
13262
13187
13137
13087
13037
13025
13012
13000
12987
13000
13012
13025
13037
13050
13062
13075
13087
13075
13087
13075
13037
13025
13012
12975
12962
12950
12925
12887
12875
12837
12800
12787
12775
12737
12700
12687
12650
12637
12625
12637
12625
12612
12600
12587
12575
12562
12575
12562
12550
12537
12525
12512
12500
12512
12500
12512
12500
12487
12475
12462
12462
12450
12437
12437
12425
12412
12400
12387
12362
12350
12337
12325
12312
12300
12287
12250
12237
12225
12212
12200
12212
12200
12212
12200
12187
12175
12162
12150
12137
12150
12137
12150
12137
12125
12112
12100
12087
12075
12087
12075
12087
12075
12087
12075
12087
12075
12087
12075
12087
12075
12062
12050
12037
12025
12012
12025
12012
12025
12037
12037
12050
12087
12125
12162
12237
12300
12362
12412
12475
12537
12612
12687
12762
12837
12925
13000
13075
13150
13212
13287
13362
13425
13500
13575
13637
13700
13762
13825
13887
13937
13975
14012
14025
14037
14025
14012
14000
13987
13962
13950
13937
13900
13862
13850
13812
13800
13812
13812
13825
13862
13875
13862
13887
13875
13837
13825
13812
13775
13737
13700
13637
13575
13512
13450
13400
13337
13275
13212
13150
13087
13062
13037
13037
13062
13087
13100
13112
13125
13137
13137
13137
13137
13112
13062
13025
12987
12950
12950
12925
12925
12900
12875
12825
12812
12775
12762
12750
12737
12700
12687
12650
12637
12625
12637
12625
12637
12625
12637
12625
12612
12600
12587
12575
12562
12575
12562
12575
12562
12575
12562
12575
12562
12550
12537
12525
12512
12500
12475
12462
12450
12425
12412
12412
12375
12362
12350
12337
12325
12337
12325
12337
12325
12312
12300
12287
12275
12262
12275
12262
12275
12262
12275
12262
12275
12262
12275
12262
12250
12237
12225
12212
12225
12225
12225
12225
12225
12200
12187
12175
12162
12150
12137
12150
12137
12150
12137
12125
12112
12100
12087
12075
12087
12075
12062
12050
12062
12050
12062
12100
12137
12150
12187
12225
12262
12300
12362
12412
12487
12575
12662
12750
12837
12925
13000
13075
13150
13212
13287
13362
13425
13500
13575
13637
13700
13762
13825
13887
13937
14000
14037
14075
14087
14075
14025
14000
13950
13912
13887
13875
13862
13850
13862
13850
13862
13875
13875
13875
13900
13900
13875
13862
13850
13812
13775
13737
13700
13637
13575
13500
13425
13362
13287
13212
13175
13125
13100
13075
13075
13050
13062
13050
13062
13075
13112
13125
13162
13175
13187
13175
13187
13175
13187
13175
13187
13175
13187
13175
13162
13125
13112
13075
13037
13025
13012
12975
12962
12950
12925
12887
12850
12812
12775
12762
12750
12737
12725
12712
12700
12687
12700
12687
12700
12687
12700
12687
12700
12687
12700
12687
12700
12687
12700
12687
12700
12687
12700
12687
12675
12662
12650
12637
12625
12637
12625
12612
12600
12587
12575
12562
12575
12562
12550
12537
12525
12487
12475
12462
12462
12450
12462
12450
12437
12425
12412
12400
12375
12387
12375
12387
12375
12375
12362
12350
12337
12325
12312
12300
12287
12275
12262
12275
12262
12250
12237
12250
12237
12225
12237
12225
12212
12200
12212
12200
12212
12200
12187
12175
12162
12150
12137
12150
12162
12200
12237
12300
12362
12412
12475
12550
12625
12700
12775
12850
12912
12987
13062
13150
13237
13312
13387
13450
13512
13575
13637
13700
13762
13825
13887
13937
14000
14037
14075
14112
14125
14112
14125
14112
14075
14037
14000
13962
13937
13900
13887
13875
13862
13850
13862
13850
13862
13850
13862
13875
13912
13937
13975
14012
14025
14012
13975
13937
13887
13825
13762
13700
13637
13575
13512
13450
13400
13337
13275
13212
13150
13112
13100
13087
13100
13137
13175
13187
13225
13237
13250
13237
13250
13237
13225
13187
13175
13137
13100
13062
13025
12962
12925
12900
12862
12850
12837
12800
12787
12775
12737
12725
12712
12700
12687
12675
12662
12650
12637
12625
12637
12625
12637
12625
12612
12600
12587
12575
12562
12575
12562
12550
12550
12550
12525
12525
12525
12512
12500
12512
12500
12487
12475
12462
12437
12425
12412
12400
12387
12375
12362
12375
12362
12350
12362
12375
12362
12350
12362
12350
12337
12325
12337
12350
12362
12350
12362
12350
12312
12300
12287
12275
12262
12250
12237
12225
12212
12200
12212
12200
12225
12225
12250
12250
12250
12237
12225
12212
12200
12187
12175
12162
12150
12137
12150
12137
12150
12137
12150
12137
12125
12112
12125
12112
12125
12162
12200
12237
12300
12362
12412
12475
12550
12625
12700
12775
12850
12937
13025
13112
13200
13275
13337
13400
13450
13512
13575
13637
13712
13787
13862
13925
14000
14037
14050
14037
14025
13987
13962
13950
13937
13925
13912
13925
13912
13925
13912
13925
13912
13925
13912
13925
13937
13950
13962
13975
13987
13975
13987
13975
13987
13975
13962
13950
13937
13900
13850
13800
13725
13637
13550
13475
13400
13337
13275
13212
13175
13137
13125
13137
13150
13162
13200
13212
13225
13237
13250
13237
13250
13237
13250
13237
13225
13212
13200
13162
13150
13137
13100
13062
13050
13012
12975
12962
12950
12925
12912
12900
12862
12850
12837
12825
12812
12825
12812
12800
12787
12775
12762
12750
12762
12750
12737
12737
12725
12712
12700
12712
12687
12700
12687
12675
12662
12650
12637
12625
12612
12600
12587
12575
12562
12550
12537
12525
12512
12500
12512
12500
12487
12475
12462
12462
12450
12437
12425
12412
12400
12387
12400
12387
12400
12387
12400
12387
12400
12387
12400
12387
12400
12387
12400
12387
12400
12387
12375
12362
12350
12312
12300
12287
12250
12237
12225
12212
12200
12212
12200
12225
12262
12325
12375
12462
12537
12600
12662
12725
12800
12862
12937
13012
13100
13175
13250
13337
13412
13487
13562
13650
13725
13800
13875
13937
13975
14012
14050
14062
14075
14087
14100
14087
14100
14075
14075
14050
14025
14000
13987
13962
13925
13912
13875
13862
13850
13862
13850
13862
13875
13912
13925
13962
13975
13987
13975
13962
13950
13962
13937
13900
13887
13850
13787
13737
13700
13637
13575
13512
13450
13400
13337
13275
13212
13150
13112
13100
13087
13100
13137
13175
13187
13225
13237
13225
13212
13200
13187
13175
13162
13125
13112
13100
13087
13075
13087
13062
13037
13012
12987
12937
12925
12900
12887
12875
12862
12850
12837
12800
12787
12775
12762
12750
12737
12725
12712
12700
12687
12700
12687
12700
12687
12675
12662
12675
12662
12650
12662
12650
12612
12600
12587
12550
12537
12525
12512
12500
12487
12475
12462
12462
12450
12462
12450
12462
12450
12462
12450
12462
12450
12437
12425
12412
12375
12362
12350
12337
12325
12312
12300
12312
12300
12312
12325
12337
12325
12312
12300
12287
12275
12262
12250
12237
12225
12212
12200
12212
12200
12187
12175
12162
12150
12137
12125
12112
12100
12062
12050
12037
12037
12062
12112
12162
12250
12325
12387
12462
12537
12612
12687
12762
12837
12900
12975
13050
13125
13212
13300
13375
13450
13537
13612
13687
13762
13825
13887
13937
13975
14012
14025
14012
13975
13962
13937
13937
13925
13937
13925
13937
13912
13925
13937
13950
13962
13975
13962
13925
13887
13825
13787
13737
13687
13637
13587
13512
13450
13400
13337
13275
13212
13175
13137
13125
13112
13125
13137
13150
13162
13175
13187
13175
13187
13175
13187
13175
13187
13175
13162
13125
13112
13075
13037
13025
13012
13000
12987
12975
12962
12950
12925
12887
12875
12837
12800
12762
12750
12712
12700
12687
12700
12687
12700
12687
12675
12662
12650
12637
12625
12637
12625
12637
12625
12612
12600
12587
12575
12550
12550
12525
12525
12500
12487
12475
12462
12437
12425
12412
12400
12387
12375
12362
12350
12337
12325
12337
12325
12337
12325
12337
12325
12337
12325
12312
12300
12287
12275
12250
12250
12225
12225
12225
12225
12225
12225
12225
12200
12212
12200
12212
12200
12187
12175
12187
12175
12162
12175
12162
12150
12137
12150
12137
12150
12137
12150
12137
12150
12137
12125
12112
12100
12087
12075
12087
12062
12062
12037
12037
12012
12025
12012
12025
12012
12025
12050
12100
12150
12225
12300
12362
12412
12487
12562
12637
12712
12787
12850
12937
13025
13112
13212
13300
13375
13437
13525
13600
13675
13750
13825
13887
13925
13962
13987
14000
14012
14025
14012
14000
13987
13962
13925
13887
13850
13812
13800
13787
13800
13787
13800
13787
13800
13787
13800
13787
13800
13812
13825
13837
13850
13862
13850
13862
13850
13837
13800
13762
13700
13637
13575
13512
13450
13400
13337
13275
13212
13150
13087
13050
13012
13000
12987
13000
13012
13025
13037
13075
13087
13100
13112
13125
13112
13100
13087
13075
13062
13050
13037
13025
13012
13000
12987
12975
12962
12950
12925
12912
12900
12862
12850
12837
12800
12787
12775
12762
12750
12737
12725
12712
12675
12662
12650
12612
12600
12587
12575
12562
12575
12562
12575
