t = 60.000000, p = 352.000000
11175
11162
11175
11162
11175
11162
11150
11137
11125
11112
11100
11112
11100
11112
11100
11112
11100
11087
11075
11062
11050
11037
11050
11037
11050
11037
11050
11037
11050
11037
11050
11025
11025
11000
11000
10975
10987
10975
10987
10975
10987
10975
10987
10975
10987
10975
10987
10975
10987
10975
10987
10975
10987
10975
10962
10950
10937
10925
10912
10925
10912
10925
10912
10925
10912
10925
10912
10925
10937
10975
10975
11000
11000
11000
11000
11012
11025
11062
11100
11112
11162
11187
11212
11237
11262
11275
11287
11300
11312
11325
11337
11375
11375
11375
11400
11400
11400
11412
11425
11412
11425
11425
11437
11450
11462
11475
11487
11500
11487
11500
11487
11475
11462
11475
11462
11475
11462
11475
11450
11450
11450
11450
11425
11437
11425
11400
11387
11375
11362
11350
11337
11325
11337
11325
11312
11325
11312
11300
11287
11300
11287
11275
11262
11250
11237
11225
11237
11225
11237
11225
11237
11225
11212
11200
11187
11175
11150
11162
11150
11162
11150
11175
11162
11150
11137
11125
11112
11125
11137
11150
11162
11175
11162
11150
11137
11125
11112
11100
11112
11100
11112
11087
11087
11062
11062
11037
11050
11037
11050
11037
11050
11062
11100
11137
11175
11212
11250
11287
11300
11337
11375
11387
11400
11425
11462
11475
11512
11525
11537
11550
11562
11575
11587
11600
11587
11600
11612
11625
11637
11650
11662
11650
11662
11650
11637
11625
11612
11600
11587
11600
11587
11575
11562
11550
11537
11525
11512
11500
11487
11475
11462
11475
11462
11450
11437
11425
11425
11412
11425
11412
11400
11387
11400
11387
11375
11387
11400
11387
11375
11387
11375
11362
11350
11362
11350
11362
11350
11362
11350
11337
11325
11312
11300
11287
11300
11287
11275
11262
11275
11262
11250
11262
11250
11212
11212
11212
11212
11212
11237
11225
11237
11225
11237
11225
11237
11225
11237
11225
11237
11225
11237
11225
11212
11200
11187
11175
11162
11175
11162
11175
11162
11175
11187
11200
11187
11200
11187
11175
11162
11175
11187
11200
11212
11250
11262
11275
11287
11300
11312
11350
11375
11437
11500
11537
11575
11612
11625
11637
11675
11687
11700
11737
11750
11762
11800
11812
11825
11837
11850
11837
11850
11837
11850
11837
11850
11825
11825
11825
11825
11825
11837
11850
11837
11825
11787
11775
11725
11700
11712
11712
11675
11687
11675
11650
11637
11662
11650
11662
11650
11662
11650
11662
11650
11637
11637
11637
11637
11637
11637
11637
11637
11637
11637
11637
11625
11612
11600
11587
11600
11587
11600
11587
11600
11587
11600
11587
11575
11562
11550
11537
11525
11537
11525
11537
11525
11537
11525
11537
11525
11537
11525
11537
11525
11512
11500
11487
11475
11462
11475
11462
11450
11437
11425
11425
11412
11400
11387
11375
11362
11350
11362
11350
11362
11350
11362
11350
11362
11350
11337
11325
11312
11300
11312
11350
11375
11412
11475
11512
11550
11587
11625
11637
11650
11662
11650
11662
11650
11662
11650
11662
11675
11687
11675
11687
11700
11687
11675
11687
11675
11637
11600
11562
11525
11487
11450
11437
11425
11425
11400
11400
11375
11375
11350
11362
11350
11337
11325
11312
11300
11287
11275
11262
11250
11237
11225
11237
11225
11212
11200
11187
11175
11162
11150
11112
11112
11112
11112
11112
11150
11150
11125
11125
11125
11112
11100
11112
11100
11112
11100
11112
11100
11112
11100
11087
11075
11087
11075
11062
11075
11062
11050
11037
11050
11037
11050
11037
11050
11037
11050
11062
11062
11062
11062
11062
11037
11050
11037
11050
11037
11050
11037
11050
11037
11050
11037
11050
11037
11050
11037
11050
11037
11050
11037
11050
11037
11050
11062
11100
11150
11200
11250
11300
11350
11375
11412
11450
11487
11500
11512
11525
11537
11550
11562
11575
11587
11600
11587
11600
11612
11612
11612
11612
11612
11612
11625
11612
11625
11612
11600
11587
11575
11562
11550
11537
11525
11537
11512
11512
11487
11462
11412
11400
11400
11387
11375
11387
11400
11387
11400
11412
11425
11412
11400
11387
11362
11362
11362
11362
11362
11375
11362
11350
11362
11350
11337
11325
11337
11325
11312
11325
11312
11300
11287
11300
11287
11300
11287
11300
11275
11275
11250
11250
11225
11237
11225
11237
11212
11225
11212
11225
11212
11237
11225
11237
11225
11237
11225
11212
11200
11212
11200
11212
11225
11237
11212
11212
11212
11212
11212
11225
11212
11200
11187
11175
11162
11175
11162
11175
11162
11175
11162
11187
11175
11187
11175
11187
11162
11175
11162
11175
11162
11175
11162
11175
11162
11175
11187
11225
11262
11300
11337
11375
11400
11412
11450
11487
11525
11537
11575
11612
11625
11637
11650
11662
11650
11662
11675
11687
11700
11712
11725
11712
11725
11712
11725
11712
11725
11712
11725
11712
11725
11737
11750
11775
11787
11800
11787
11775
11750
11737
11725
11712
11725
11712
11700
11687
11675
11637
11625
11612
11575
11562
11550
11537
11525
11512
11500
11512
11500
11512
11525
11512
11500
11487
11475
11462
11450
11437
11425
11425
11412
11425
11412
11425
11412
11425
11412
11400
11387
11400
11387
11375
11387
11375
11362
11350
11362
11350
11337
11325
11337
11312
11312
11312
11312
11287
11300
11287
11300
11287
11300
11287
11275
11262
11250
11237
11225
11237
11225
11237
11225
11237
11250
11262
11275
11312
11350
11362
11400
11425
11462
11475
11512
11550
11587
11600
11637
11650
11662
11675
11687
11700
11737
11750
11762
11775
11787
11775
11787
11775
11787
11775
11800
11800
11825
11825
11850
11837
11850
11837
11850
11837
11850
11837
11850
11837
11825
11812
11825
11812
11800
11787
11775
11737
11725
11700
11700
11675
11675
11650
11662
11650
11662
11650
11662
11650
11662
11650
11662
11650
11637
11625
11637
11625
11612
11625
11612
11600
11587
11600
11587
11600
11587
11575
11562
11575
11562
11550
11562
11550
11537
11525
11537
11525
11537
11525
11512
11500
11487
11475
11462
11475
11462
11475
11462
11475
11462
11475
11462
11475
11462
11475
11462
11475
11462
11450
11437
11425
11425
11412
11425
11412
11425
11412
11425
11412
11400
11387
11375
11362
11375
11387
11400
11450
11475
11500
11550
11587
11625
11687
11725
11737
11750
11762
11750
11737
11762
11762
11762
11762
11787
11775
11800
11800
11800
11800
11800
11787
11775
11762
11750
11762
11750
11737
11750
11737
11687
11662
11662
11637
11637
11650
11637
11600
11587
11550
11537
11525
11512
11500
11487
11475
11462
11450
11437
11425
11425
11412
11425
11412
11400
11387
11375
11362
11350
11362
11350
11337
11325
11312
11300
11287
11300
11287
11300
11287
11275
11262
11275
11262
11250
11262
11250
11212
11200
11187
11175
11162
11150
11137
11125
11112
11100
11112
11100
11112
11100
11112
11100
11112
11100
11112
11100
11112
11100
11112
11087
11087
11087
11087
11062
11075
11087
11075
11087
11100
11112
11087
11087
11100
11112
11087
11100
11087
11075
11062
11087
11087
11112
11125
11137
11150
11162
11175
11187
11225
11237
11275
11312
11350
11362
11400
11425
11437
11450
11487
11525
11537
11575
11587
11600
11612
11612
11612
11637
11637
11637
11650
11637
11625
11600
11587
11575
11587
11575
11575
11562
11550
11537
11525
11512
11500
11487
11475
11462
11450
11437
11425
11400
11387
11375
11362
11350
11362
11350
11362
11350
11337
11325
11312
11300
11287
11300
11287
11300
11287
11300
11287
11300
11287
11300
11287
11300
11287
11300
11287
11300
11287
11300
11287
11300
11287
11300
11287
11300
11287
11300
11312
11325
11312
11325
11312
11300
11275
11287
11300
11312
11325
11350
11337
11325
11312
11300
11287
11300
11287
11300
11287
11300
11287
11300
11287
11300
11287
11275
11262
11275
11250
11250
11250
11250
11225
11237
11225
11237
11225
11237
11225
11237
11225
11237
11250
11287
11325
11362
11400
11425
11437
11450
11487
11500
11487
11500
11512
11525
11537
11575
11612
11625
11637
11675
11687
11700
11712
11725
11712
11725
11737
11750
11762
11775
11762
11750
11762
11750
11762
11775
11787
11775
11787
11775
11762
11750
11737
11725
11712
11700
11687
11675
11662
11650
11637
11625
11612
11600
11587
11600
11587
11600
11587
11600
11587
11575
11562
11550
11512
11475
11462
11425
11425
11412
11425
11412
11425
11412
11425
11412
11425
11412
11425
11412
11425
11412
11425
11412
11425
11425
11437
11450
11462
11450
11450
11450
11450
11450
11475
11487
11487
11487
11487
11487
11462
11450
11450
11450
11450
11450
11475
11462
11475
11487
11500
11512
11525
11537
11525
11537
11525
11537
11525
11537
11525
11537
11550
11562
11575
11587
11600
11612
11650
11662
11712
11737
11775
11812
11850
11875
11900
11912
11912
11925
11950
11975
12000
12000
12025
12037
12050
12062
12075
12087
12075
12087
12100
12112
12100
12112
12100
12087
12062
12075
12087
12087
12087
12100
12100
12075
12087
12100
12112
12125
12137
12125
12112
12075
12050
12025
12000
11975
12000
11987
11975
11987
11975
11937
11925
11937
11925
11937
11950
11937
11925
11912
11912
11900
11912
11912
11925
11912
11925
11912
11912
11900
11887
11875
11862
11825
11812
11800
11787
11775
11762
11762
11762
11737
11737
11737
11700
11687
11675
11662
11650
11637
11625
11637
11625
11612
11625
11612
11575
11562
11550
11537
11525
11537
11525
11537
11525
11512
11500
11512
11500
11512
11525
11512
11512
11512
11512
11512
11550
11537
11525
11512
11525
11500
11512
11550
11562
11587
11612
11637
11637
11662
11675
11712
11750
11812
11850
11887
11912
11950
11987
12025
12062
12075
12087
12100
12137
12175
12237
12300
12362
12412
12475
12512
12550
12587
12625
12662
12725
12762
12800
12837
12875
12887
12925
12950
12987
13000
13037
13075
13112
13125
13162
13175
13187
13175
13187
13200
13200
13200
13225
13225
13225
13237
13250
13237
13250
13237
13225
13212
13200
13162
13150
13137
13100
13087
13075
13037
13025
13012
12975
12937
12900
12875
12837
12825
12800
12800
12775
12750
12725
12712
12700
12675
12675
12650
12625
12600
12587
12550
12512
12500
12462
12462
12450
12437
12425
12412
12375
12362
12350
12337
12325
12337
12325
12312
12300
12287
12275
12262
12250
12237
12225
12212
12200
12212
12200
12187
12175
12162
12150
12137
12125
12112
12125
12112
12137
12150
12162
12150
12162
12137
12150
12137
12150
12137
12150
12125
12125
12125
12150
12150
12187
12200
12212
12237
12262
12287
12337
12387
12412
12475
12537
12575
12612
12650
12687
12725
12762
12800
12812
12825
12837
12875
12887
12925
12950
12987
13000
13037
13050
13037
13000
12962
12925
12900
12887
12875
12862
12850
12837
12800
12787
12762
12737
12737
12725
12712
12712
12687
12662
12650
12637
12612
12612
12612
12612
12612
12625
12637
12625
12637
12625
12637
12650
12662
12675
12687
12700
12687
12700
12687
12675
12662
12650
12637
12625
12637
12625
12637
12625
12612
12575
12562
12525
12512
12500
12487
12475
12487
12475
12500
12525
12525
12525
12550
12537
12550
12562
12550
12537
12525
12525
12512
12525
12512
12500
12475
12462
12462
12450
12437
12425
12412
12400
12387
12400
12387
12400
12412
12425
12437
12450
12462
12450
12462
12450
12462
12462
12475
12487
12525
12537
12550
12562
12575
12587
12625
12637
12675
12712
12725
12737
12750
12762
12750
12737
12725
12737
12725
12712
12725
12712
12675
12662
12650
12612
12600
12587
12550
12550
12550
12525
12500
12500
12462
12462
12450
12437
12425
12412
12375
12362
12350
12337
12312
12287
12237
12212
12162
12150
12137
12150
12137
12150
12137
12150
12137
12150
12137
12112
12100
12087
12050
12037
12062
12050
12037
12050
12037
12025
12012
12000
11987
12000
12012
12012
12012
12012
12012
11987
11975
11962
11950
11912
11887
11875
11862
11850
11837
11850
11837
11850
11837
11825
11812
11825
11812
11825
11837
11850
11862
11875
11862
11875
11887
11875
11862
11875
11862
11825
11825
11850
11850
11875
11912
11950
11962
12000
12012
12037
12037
12037
12037
12062
12075
12087
12125
12162
12200
12237
12300
12362
12400
12437
12462
12475
12487
12500
12512
12525
12537
12562
12587
12612
12612
12650
12650
12650
12625
12625
12587
12550
12512
12500
12462
12462
12450
12437
12400
12362
12300
12262
12212
12187
12162
12162
12137
12150
12137
12112
12087
12062
12037
12012
11975
11950
11925
11900
11887
11887
11875
11887
11862
11837
11837
11812
11787
11775
11762
11750
11737
11725
11737
11750
11762
11775
11787
11775
11762
11750
11737
11725
11712
11700
11687
11675
11662
11675
11687
11700
11712
11725
11712
11737
11737
11762
11762
11787
11775
11787
11775
11787
11800
11812
11800
11812
11800
11762
11750
11737
11700
11687
11662
11600
11575
11550
11500
11487
11487
11450
11437
11425
11425
11412
11425
11412
11425
11412
11425
11412
11425
11425
11450
11475
11525
11562
11600
11637
11675
11712
11712
11750
11787
11825
11837
11862
11887
11900
11900
11937
11962
11975
11962
11975
11950
11962
11975
11987
12000
12012
12000
11987
11975
11962
11950
11962
11950
11962
11950
11937
11925
11912
11912
11900
11887
11875
11862
11850
11837
11850
11837
11850
11837
11850
11837
11850
11837
11850
11837
11825
11812
11800
11787
11775
11787
11775
11762
11725
11687
11625
11562
11537
11512
11512
11500
11512
11487
11487
11462
11450
11412
11400
11400
11387
11400
11400
11412
11400
11412
11400
11425
11412
11425
11412
11425
11425
11437
11450
11487
11500
11512
11525
11537
11525
11537
11525
11512
11500
11487
11475
11462
11450
11437
11425
11400
11362
11350
11312
11275
11237
11225
11187
11175
11162
11150
11137
11125
11112
11100
11112
11125
11162
11200
11262
11325
11387
11437
11487
11512
11537
11550
11587
11600
11637
11675
11687
11700
11712
11725
11712
11725
11737
11750
11737
11750
11737
11725
11712
11725
11712
11700
11687
11675
11662
11650
11662
11650
11637
11625
11612
11575
11562
11575
11562
11550
11562
11550
11512
11500
11487
11450
11437
11412
11400
11400
11400
11400
11412
11400
11387
11375
11362
11350
11362
11350
11362
11350
11337
11300
11287
11250
11212
11175
11162
11125
11112
11100
11087
11075
11062
11050
11037
11050
11037
11025
11012
11000
10962
10950
10937
10900
10887
10862
10850
10850
10850
10850
10850
10825
10800
10775
10750
10737
10750
10725
10725
10725
10725
10700
10712
10700
10687
10675
10687
10675
10687
10675
10687
10700
10712
10725
10737
10750
10737
10750
10737
10750
10737
10750
10737
10750
10737
10750
10737
10750
10737
10750
10737
10750
10737
10750
10762
10775
10787
10825
10837
10850
10875
10887
10912
10962
10987
11012
11062
11100
11112
11150
11187
11225
11262
11300
11337
11350
11362
11375
11387
11400
11425
11437
11450
11462
11475
11462
11475
11462
11487
11487
11512
11512
11550
11537
11525
11512
11525
11500
11512
11525
11512
11500
11487
11450
11437
11425
11425
11412
11387
11362
11337
11312
11287
11300
11287
11300
11287
11300
11275
11275
11250
11250
11225
11237
11225
11212
11200
11187
11175
11162
11150
11137
11112
11087
11087
11087
11062
11075
11062
11050
11037
11025
11012
11000
10987
10975
10987
10975
10962
10950
10937
10925
10912
10925
10912
10925
10912
10900
10887
10875
10875
10862
10875
10862
10875
10875
10887
10875
10887
10875
10875
10862
10850
10837
10825
10812
10800
10812
10800
10812
10800
10787
10775
10750
10725
10700
10700
10700
10700
10700
10700
10700
10675
10662
10650
10637
10625
10612
10625
10612
10625
10612
10600
10587
10575
10562
10550
10562
10550
10562
10575
10587
10600
10637
10675
10687
10725
10762
10800
10825
10862
10900
10937
10950
10962
11000
11012
11000
11012
11000
10987
11000
11012
11025
11037
11050
11037
11050
11037
11050
11037
11050
11062
11075
11087
11100
11112
11100
11112
11100
11112
11100
11112
11100
11112
11100
11112
11087
11062
11037
11012
10962
10950
10937
10900
10887
10875
10837
10812
10812
10787
10787
10800
10812
10800
10787
10750
10737
10700
10687
10675
10687
10675
10687
10675
10662
10625
10612
10575
10537
10525
10512
10500
10487
10500
10475
10475
10450
10450
10425
10412
10400
10387
10387
10375
10362
10362
10362
10337
10337
10337
10325
10312
10325
10337
10362
10362
10387
10387
10387
10375
10387
10387
10400
10412
10425
10437
10425
10450
10475
10525
10550
10600
10612
10625
10637
10637
10637
10662
10662
10637
10650
10637
10625
10600
10600
10575
10575
10575
10612
10650
10712
10775
10825
10862
10912
10962
11012
11062
11112
11150
11187
11200
11225
11250
11287
11300
11337
11337
11362
11375
11387
11400
11412
11425
11425
11437
11450
11462
11475
11487
11500
11512
11525
11512
11512
11512
11512
11512
11512
11500
11487
11475
11462
11450
11412
11400
11375
11337
11325
11312
11275
11262
11250
11212
11175
11162
11125
11112
11100
11112
11100
11112
11125
11137
11125
11137
11125
11112
11100
11087
11050
11037
11000
10962
10950
10937
10887
10862
10862
10850
10850
10862
10875
10862
10875
10862
10837
10812
10787
10762
10737
10750
10737
10750
10737
10750
10737
10750
10762
10775
10787
10787
10787
10762
10762
10737
10750
10762
10800
10825
10862
10900
10912
10925
10912
10925
10912
10925
10912
10900
10887
10875
10875
10862
10875
10862
10850
10837
10825
10787
10775
10762
10762
10762
10750
10737
10725
10700
10675
10662
10625
10612
10575
10562
10575
10587
10600
10637
10675
10712
10750
10787
10825
10850
10862
10900
10937
10975
10987
11025
11037
11050
11037
11050
11037
11050
11037
11025
11012
11000
10987
10975
10987
10975
10962
10950
10937
10900
10862
10825
10800
10762
10725
10687
10650
10612
10575
10537
10500
10462
10400
10362
10337
10325
10312
10287
10275
10262
10250
10237
10262
10250
10262
10250
10262
10237
10237
10212
10212
10175
10187
10175
10187
10175
10200
10187
10200
10212
10225
10212
10237
10237
10212
10212
10237
10225
10237
10250
10262
10275
10312
10325
10362
10375
10387
10375
10400
10400
10437
10437
10475
10475
10500
10512
10525
10512
10525
10537
10550
10562
10600
10637
10650
10662
10675
10687
10675
10687
10675
10687
10700
10712
10725
10737
10750
10762
10775
10787
10825
10825
10825
10825
10825
10800
10812
10800
10812
10825
10850
10887
10950
11012
11075
11112
11150
11187
11225
11275
11312
11350
11387
11412
11450
11487
11525
11537
11550
11525
11537
11525
11537
11525
11550
11550
11575
11575
11600
11612
11625
11637
11650
11662
11650
11637
11600
11587
11550
11537
11525
11500
11487
11475
11437
11400
11400
11375
11362
11350
11362
11350
11362
11350
11337
11325
11312
11300
11287
11300
11287
11300
11287
11300
11287
11275
11262
11250
11237
11225
11212
11200
11187
11175
11162
11175
11150
11150
11125
11125
11100
11087
11075
11062
11050
11037
11025
11012
11000
10987
10975
10962
10950
10937
10900
10887
10875
10875
10862
10875
10862
10875
10862
10850
10850
10837
10825
10812
10825
10800
10787
10775
10787
10775
10762
10787
10787
10787
10787
10812
10800
10812
10800
10812
10800
10787
10775
10787
10775
10787
10800
10812
10800
10812
10825
10837
10850
10875
10912
10950
11012
11075
11137
11200
11262
11300
11337
11375
11400
11437
11475
11512
11525
11537
11550
11562
11575
11587
11600
11612
11625
11637
11650
11662
11650
11637
11600
11587
11550
11537
11525
11537
11525
11512
11500
11487
11437
11425
11412
11387
11375
11375
11337
11325
11312
11275
11262
11250
11237
11225
11237
11225
11237
11212
11212
11187
11187
11187
11200
11187
11200
11187
11150
11137
11125
11087
11075
11062
11050
11037
11050
11037
11025
11012
11000
10987
10975
10987
10975
10987
10975
10987
10975
10987
10975
10987
10975
10962
10950
10962
10950
10937
10950
10937
10925
10912
10925
10912
10925
10912
10925
10912
10925
10912
10925
10912
10925
10912
10900
10887
10875
10875
10862
10875
10862
10875
10875
10875
10850
10850
10825
10812
10800
10787
10775
10762
10750
10737
10750
10762
10762
10762
10762
10762
10737
10762
10762
10787
10787
10812
10825
10875
10925
10975
11025
11062
11112
11137
11187
11237
11262
11275
11312
11325
11337
11375
11387
11400
11412
11425
11425
11437
11450
11462
11450
11437
11450
11462
11475
11512
11525
11537
11525
11537
11525
11537
11525
11512
11475
11462
11425
11400
11387
11375
11337
11300
11287
11250
11237
11225
11237
11225
11237
11225
11212
11200
11187
11175
11162
11150
11137
11125
11112
11100
11112
11100
11087
11087
11087
11062
11062
11062
11050
11037
11025
11012
11000
10962
10950
10937
10900
10887
10875
10850
10837
10825
10812
10800
10812
10800
10812
10800
10812
10800
10812
10800
10787
10775
10762
10750
10737
10750
10737
10725
10712
10700
10662
10625
10612
10575
10562
10550
10537
10525
10512
10500
10512
10550
10587
10650
10712
10775
10812
10850
10862
10875
10875
10912
10925
10962
10975
10987
11000
11012
11025
11037
11050
11037
11050
11037
11050
11037
11050
11062
11075
11087
11125
11137
11125
11137
11150
11137
11150
11162
11175
11162
11175
11162
11150
11112
11100
11062
11050
11037
11025
11012
11000
10962
10950
10937
10900
10887
10875
10850
10837
10825
10812
10800
10787
10775
10762
10725
10725
10712
10700
10687
10700
10675
10662
10650
10637
10625
10612
10600
10587
10575
10562
10550
10562
10550
10562
10550
10562
10550
10562
10550
10562
10550
10562
10550
10562
10550
10562
10550
10562
10550
10562
10550
10562
10550
10562
10550
10562
10550
10562
10550
10562
10550
10562
10550
10562
10550
10537
10525
10512
10500
10487
10500
10487
10500
10487
10500
10487
10500
10487
10500
10487
10500
10512
10525
10537
10575
10587
10600
10637
10675
10712
10775
10825
10887
10925
10962
11000
11037
11050
11100
11125
11150
11175
11200
11212
11225
11237
11225
11237
11225
11237
11225
11237
11225
11237
11225
11237
11225
11212
11200
11187
11175
11162
11150
11112
11100
11062
11025
10987
10975
10937
10900
10887
10875
10850
10837
10825
10812
10800
10812
10800
10812
10800
10812
10800
10787
10775
10762
10750
10737
10750
10737
10725
10712
10725
10712
10700
10712
10725
10712
10725
10737
10725
10712
10700
10662
10650
10637
10625
10612
10600
10587
10575
10562
10550
10562
10550
10562
10550
10575
10575
10575
10575
10575
10562
10550
10537
10525
10512
10500
10487
10475
10462
10450
10437
10425
10437
10425
10437
10425
10412
10400
10387
10387
10375
10387
10375
10387
10375
10387
10375
10387
10362
10362
10362
10362
10362
10375
10387
10375
10387
10387
10425
10462
10525
10562
10600
10637
10650
10662
10700
10737
10775
10812
10850
10875
10912
10950
11012
11050
11087
11100
11087
11075
11087
11100
11112
11150
11162
11175
11162
11175
11162
11175
11162
11150
11137
11125
11112
11100
11087
11075
11062
11025
11012
10987
10937
10912
10887
10875
10862
10850
10837
10825
10812
10800
10787
10775
10762
10750
10762
10762
10762
10762
10762
10737
10725
10712
10700
10687
10675
10687
10675
10662
10650
10637
10625
10612
10600
10587
10575
10537
10525
10512
10500
10487
10475
10462
10450
10437
10425
10437
10425
10412
10400
10387
10387
10375
10387
10375
10362
10350
10337
10325
10312
10325
10300
10300
10275
10275
10275
10287
10275
10287
10275
10237
10225
10212
10200
10187
10200
10187
10200
10187
10175
10162
10137
10125
10112
10125
10112
10137
10150
10162
10175
10212
10225
10237
10275
10312
10337
10412
10462
10512
10562
10612
10650
10712
10775
10812
10850
10862
10875
10875
10912
10925
10962
10975
10987
10975
10987
11000
11012
11025
11037
11025
11012
11000
10987
10975
10987
10975
10987
10975
10962
10925
10912
10900
10887
10862
10862
10837
10825
10800
10787
10750
10737
10700
10687
10675
10687
10675
10687
10675
10687
10675
10662
10650
10637
10625
10612
10625
10612
10625
10612
10625
10600
10600
10575
10575
10550
10562
10537
10537
10512
10512
10487
10500
10487
10500
10487
10500
10487
10475
10462
10450
10437
10425
10437
10425
10437
10425
10437
10425
10412
10400
10387
10387
10375
10387
10375
10387
10375
10387
10375
10387
10375
10387
10362
10362
10337
10350
10337
10362
10362
10387
10375
10387
10375
10387
10375
10387
10375
10387
10375
10387
10375
10387
10375
10387
10387
10400
10412
10425
10437
10425
10437
10450
10487
10525
10587
10625
10662
10700
10737
10775
10825
10862
10900
10950
10975
11000
11050
11100
11112
11150
11162
11175
11162
11175
11187
11200
11212
11225
11237
11225
11237
11225
11212
11200
11187
11175
11162
11150
11137
11125
11112
11100
11087
11075
11050
11025
11000
10975
10925
10912
10875
10850
10812
10800
10762
10725
10687
10675
10637
10600
10587
10575
10562
10550
10562
10550
10537
10525
10512
10500
10487
10475
10462
10450
10412
10400
10387
10387
10375
10387
10375
10362
10350
10337
10325
10300
10300
10300
10300
10275
10287
10275
10262
10237
10237
10237
10237
10237
10250
10237
10225
10212
10200
10187
10200
10187
10175
10162
10175
10162
10175
10187
10175
10162
10150
10112
10100
10087
10075
10062
10075
10062
10075
10062
10075
10062
10075
10062
10050
10037
10050
10037
10050
10062
10050
10050
10050
10050
10075
10125
10137
10175
10212
10250
10287
10325
10362
10412
10462
10525
10587
10637
10687
10712
10725
10737
10750
10737
10750
10762
10775
10787
10800
10812
10775
10775
10750
10750
10725
10725
10712
10700
10662
10625
10612
10575
10537
10525
10512
10475
10462
10450
10412
10400
10387
10387
10387
10400
10412
10450
10462
10475
10487
10500
10487
10512
10537
10550
10562
10600
10600
10600
10612
10625
10612
10625
10612
10625
10612
10625
10612
10600
10587
10562
10537
10512
10487
10462
10450
10412
10400
10387
10362
10350
10337
10325
10300
10300
10275
10275
10250
10262
10237
10237
10212
10212
10187
10200
10187
10200
10175
10175
10150
10150
10125
10112
10100
10087
10075
10062
10075
10087
10100
10112
10125
10112
10100
10087
10075
10087
10100
10112
10150
10187
10225
10287
10337
10400
10462
10500
10537
10575
10587
10612
10637
10662
10687
10737
10750
10787
10825
10837
10850
10862
10875
10862
10875
10850
10850
10825
10825
10800
10812
10800
10787
10775
10762
10725
10712
10700
10662
10650
10637
10600
10562
10525
10462
10425
10387
10387
10375
10387
10375
10387
10375
10362
10350
10337
10325
10312
10325
10312
10325
10312
10325
10312
10325
10312
10325
10312
10325
10312
10325
10312
10325
10337
10350
10362
10387
10400
10412
10425
10450
10450
10475
10475
10500
10487
10500
10512
10525
10537
10575
10587
10600
10612
10625
10612
10625
10637
10650
10662
10700
10712
10725
10737
10750
10737
10750
10762
10775
10762
10775
10787
10775
10787
10800
10787
10775
10762
10750
10762
10775
10787
10825
10850
10887
10950
11012
11050
11087
11137
11162
11187
11212
11250
11275
11325
11387
11475
11525
11575
11612
11625
11637
11650
11662
11650
11662
11675
11687
11675
11700
11700
11700
11700
11700
11687
11675
11662
11650
11637
11600
11562
11500
11437
11400
11375
11337
11325
11312
11300
11287
11275
11262
11250
11237
11225
11237
11225
11237
11225
11237
11225
11237
11225
11212
11200
11187
11175
11162
11175
11162
11150
11137
11125
11112
11125
11137
11125
11137
11125
11112
11100
11112
11125
11137
11125
11137
11125
11087
11075
11062
11050
11037
11050
11025
11025
11000
11000
10975
10987
10975
10962
10950
10937
10925
10912
10925
10912
10925
10912
10900
10887
10875
10875
10862
10875
10862
10875
10862
10875
10862
10850
10837
10825
10812
10800
10812
10800
10812
10800
10812
10800
10812
10800
10812
10800
10825
10837
10887
10937
11012
11075
11137
11200
11262
11300
11337
11375
11387
11400
11412
11425
11425
11462
11475
11512
11525
11537
11525
11550
11550
11550
11550
11575
11562
11575
11587
11575
11562
11575
11562
11550
11537
11525
11512
11500
11512
11525
11537
11512
11487
11437
11387
11325
11262
11200
11162
11125
11112
11100
11112
11100
11112
11100
11112
11100
11112
11100
11112
11100
11087
11075
11062
11050
11037
11050
11037
11050
11037
11050
11037
11025
11012
11000
10987
10975
10987
10975
10962
10950
10937
10925
10912
10925
10912
10925
10912
10925
10912
10925
10912
10925
10912
10925
10912
10925
10912
10900
10887
10900
10887
10875
10887
10875
10875
10862
10875
10850
10850
10850
10837
10825
10825
10825
10800
10812
10800
10812
10800
10787
10775
10762
10750
10737
10725
10712
10700
10687
10675
10687
10675
10662
10650
10637
10625
10612
10625
10612
10625
10612
10625
10637
10675
10712
10775
10825
10887
10950
11012
11075
11137
11200
11237
11275
11287
11300
11312
11350
11362
11400
11425
11437
11450
11487
11500
11512
11525
11537
11550
11562
11550
11562
11575
11562
11575
11587
11600
11587
11575
11537
11525
11487
11450
11437
11425
11400
11387
11375
11337
11325
11312
11300
11312
11325
11312
11325
11312
11300
11287
11275
11262
11275
11262
11250
11262
11250
11237
11225
11212
11200
11187
11175
11162
11150
11137
11125
11112
11100
11087
11075
11062
11050
11037
11050
11037
11050
11037
11050
11037
11050
11037
11050
11037
11025
11012
11025
11012
11025
11037
11050
11037
11050
11037
11025
11025
11012
11000
10987
11000
10975
10987
10962
10962
10937
10912
10887
10875
10875
10862
10875
10862
10875
10862
10875
10862
10875
10875
10912
10950
11012
11050
11087
11125
11162
11200
11262
11325
11362
11400
11412
11437
11425
11450
11450
11475
11487
11500
11512
11525
11512
11500
11512
11500
11512
11525
11537
11525
11512
11500
11487
11450
11412
11375
11325
11262
11200
11162
11125
11087
11050
11037
11000
10962
10925
10912
10875
10875
10862
10875
10862
10837
10825
10812
10800
10787
10812
10800
10787
10775
10762
10750
10737
10750
10737
10725
10712
10700
10687
10675
10687
10675
10687
10675
10687
10675
10687
10675
10687
10675
10687
10675
10687
10675
10662
10650
10637
10625
10612
10625
10612
10625
10612
10625
10637
10650
10637
10650
10637
10625
10612
10625
10612
10600
10587
10575
10562
10550
10562
10550
10562
10550
10562
10575
10587
10612
10662
10687
10725
10787
10825
10875
10950
10987
11025
11062
11112
11137
11187
11237
11262
11275
11312
11325
11337
11375
11387
11400
11412
11425
11412
11425
11400
11400
11362
11350
11312
11287
11237
11225
11187
11175
11162
11150
11112
11100
11062
11025
10987
10975
10937
10937
10925
10937
10925
10937
10900
10900
10900
10900
10875
10887
10875
10875
10862
10875
10862
10850
10837
10825
10812
10800
10812
10800
10812
10800
10812
10787
10787
10762
10762
10737
10725
10712
10700
10687
10675
10700
10675
10675
10650
10650
10612
10625
10612
10625
10612
10625
10612
10625
10612
10625
10612
10625
10612
10625
10612
10625
10612
10600
10587
10575
10562
10550
10562
10550
10562
10550
10562
10575
10587
10600
10612
10625
10637
10675
10712
10775
10825
10887
10925
10962
11000
11037
11037
11075
11112
11162
11187
11250
11300
11325
11337
11350
11362
11337
11350
11337
11350
11337
11362
11375
11387
11375
11387
11375
11362
11350
11362
11350
11362
11350
11337
11325
11312
11275
11262
11250
11237
11212
11212
11175
11162
11125
11125
11100
11112
11100
11087
11075
11062
11025
11012
11000
10962
10950
10937
10925
10912
10925
10912
10900
10862
10850
10825
10812
10800
10787
10775
10762
10712
10687
10687
10650
10637
10637
10637
10612
10600
10587
10575
10562
10550
10537
10525
10512
10500
10487
10500
10487
10475
10462
10450
10412
10400
10387
10387
10375
10387
10375
10387
10375
10387
10375
10362
10350
10337
10325
10312
10325
10312
10300
10287
10275
10237
10225
10212
10200
10187
10200
10212
10250
10287
10337
10412
10487
10562
10612
10662
10700
10737
10775
10812
10850
10862
10875
10875
10887
10875
10887
10875
10875
10875
10875
10875
10875
10875
10862
10875
10862
10850
10837
10825
10787
10750
10737
10700
10662
10625
10612
10575
10562
10550
10537
10525
10512
10500
10487
10500
10487
10500
10487
10500
10487
10500
10487
10500
10487
10500
10487
10475
10462
10450
10437
10425
10412
10400
10387
10387
10375
10362
10362
10362
10362
10362
10362
10350
10337
10337
10337
10362
10362
10362
10350
10337
10325
10312
10325
10312
10325
10312
10300
10287
10275
10262
10250
10237
10225
10212
10200
10187
10200
10187
10200
10212
10225
10237
10275
10312
10325
10362
10387
10425
10462
10525
10587
10650
10712
10775
10812
10850
10862
10875
10875
10887
10900
10912
10937
10937
10937
10937
10937
10925
10937
10950
10962
10975
10962
10950
10937
10900
10887
10875
10875
10862
10850
10837
10825
10787
10750
10737
10687
10662
10637
10612
10587
10562
10537
10512
10512
10487
10475
10462
10450
10412
10400
10387
10387
10375
10362
10350
10337
10325
10312
10300
10287
10275
10262
10250
10237
10225
10212
10200
10187
10200
10187
10200
10187
10175
10162
10150
10137
10125
10137
10150
10162
10175
10187
10175
10162
10150
10137
10125
10137
10150
10162
10175
10187
10200
10187
10200
10187
10200
10187
10200
10187
10200
10187
10175
10162
10150
10137
10125
10137
10150
10162
10175
10212
10250
10262
10300
10337
10362
10400
10462
10525
10587
10650
10712
10750
10787
10825
10837
10850
10875
10887
10900
10912
10900
10900
10900
10900
10900
10937
10937
10937
10937
10937
10925
10912
10900
10887
10862
10850
10825
10800
10750
10712
10675
10637
10625
10612
10600
10587
10575
10537
10525
10512
10475
10462
10475
10462
10450
10462
10450
10437
10425
10437
10425
10412
10400
10387
10387
10375
10387
10375
10387
10375
10362
10350
10337
10325
10312
10325
10312
10300
10287
10275
10262
10250
10262
10250
10237
10225
10212
10200
10187
10175
10162
10150
10137
10125
10137
10125
10137
10125
10112
10100
10087
10075
10062
10075
10062
10087
10075
10062
10050
10037
10012
10000
10012
10000
10012
10000
9987
9975
9962
9950
9962
10000
10037
10100
10137
10175
10212
10250
10262
10312
10350
10400
10450
10525
10587
10650
10712
10737
10775
10787
10800
10812
10825
10825
10850
10850
10850
10862
10875
10862
10875
10862
10875
10862
10875
10862
10850
10812
10775
10712
10650
10612
10575
10537
10525
10512
10500
10487
10500
10475
10475
10450
10450
10425
10437
10425
10437
10425
10437
10412
10412
10412
10412
10387
10400
10375
10362
10337
10337
10312
10325
10312
10325
10312
10325
10312
10325
10312
10325
10312
10325
10312
10325
10312
10300
10287
10300
10287
10275
10287
10275
10262
10250
10262
10250
10237
10225
10212
10175
10162
10150
10137
10125
10137
10125
10137
10125
10112
10100
10087
10075
10062
10075
10062
10075
10062
10075
10087
10125
10162
10225
10287
10350
10400
10450
10500
10550
10587
10625
10637
10675
10712
10750
10800
10862
10900
10937
10950
10962
11000
11012
11000
11012
11025
11012
11025
11037
11050
11037
11050
11037
11012
10987
10962
10912
10887
10875
10850
10812
10775
10712
10650
10612
10575
10537
10525
10512
10500
10487
10500
10487
10475
10462
10450
10437
10425
10437
10425
10437
10412
10412
10387
10387
10375
10362
10350
10337
10325
10312
10300
10287
10275
10237
10225
10212
10200
10187
10175
10162
10150
10137
10125
10137
10125
10112
10100
10087
10075
10062
10050
10037
10025
10012
10000
10012
10000
9987
9975
9962
9950
9937
9925
9912
9900
9887
9875
9887
9862
9862
9837
9837
9825
9812
9800
9787
9737
9725
9712
9675
9675
9687
9687
9687
9712
9725
9762
9787
9850
9925
9975
10025
10075
10125
10162
10200
10250
10300
10337
10387
10437
10475
10487
10500
10512
10525
10537
10550
10562
10550
10562
10550
10562
10550
10537
10525
10512
10475
10437
10400
10362
10337
10300
10287
10275
10262
10250
10237
10200
10187
10150
10137
10125
10137
10112
10112
10087
10087
10062
10050
10037
10025
10012
10000
10012
10000
9987
9975
9962
9950
9937
9925
9912
9900
9887
9875
9887
9875
9862
9850
9837
9837
9825
9837
9825
9837
9825
9837
9825
9837
9825
9837
9825
9837
9825
9812
9800
9812
9800
9812
9825
9837
9825
9837
9812
9812
9812
9812
9812
9825
9812
9800
9787
9787
9787
9812
9812
9837
9837
9837
9837
9837
9837
9837
9850
9862
9900
9912
9937
9987
10012
10037
10087
10125
10162
10225
10287
10337
10400
10462
10525
10562
10612
10662
10712
10737
10787
10800
10812
10800
10812
10800
10812
10800
10812
10800
10812
10825
10837
10825
10837
10850
10837
10825
10837
10825
10787
10750
10737
10700
10687
10675
10662
10625
10612
10575
10562
10550
10562
10550
10537
10525
10512
10500
10487
10500
10475
10475
10450
10450
10425
10437
10425
10412
10400
10387
10387
10375
10387
10387
10387
10387
10387
10387
10375
10387
10375
10387
10375
10387
10375
10387
10375
10387
10375
10387
10375
10387
10375
10387
10375
10387
10375
10387
10375
10362
10350
10362
10350
10362
10375
10362
10350
10362
10350
10337
10350
10362
10350
10362
10375
10387
10375
10387
10387
10400
10412
10425
10437
10450
10487
10525
10587
10650
10712
10775
10825
10887
10950
11012
11075
11137
11175
11212
11225
11237
11250
11262
11275
11287
11300
11287
11300
11287
11300
11287
11300
11287
11300
11287
11300
11275
11250
11200
11175
11125
11112
11100
11087
11050
11012
10975
10937
10925
10912
10925
10912
10900
10887
10875
10875
10862
10850
10837
10825
10812
10800
10812
10800
10812
10800
10812
10800
10787
10775
10762
10750
10737
10750
10737
10725
10712
10700
10687
10675
10662
10650
10637
10625
10612
10600
10587
10575
10537
10525
10512
10500
10487
10500
10487
10475
10462
10450
10412
10400
10387
10387
10375
10387
10375
10362
10350
10337
10325
10312
10325
10312
10325
10312
10337
10325
10337
10325
10337
10337
10362
10400
10437
10487
10537
10587
10637
10712
10775
10825
10887
10925
10962
10975
10987
11000
11012
11025
11037
11050
11037
11050
11062
11062
11062
11087
11087
11062
11075
11087
11075
11062
11050
11037
11000
10962
10950
10937
10925
10912
10900
10887
10875
10850
10812
10800
10762
10725
10687
10675
10637
10600
10587
10575
10562
10550
10562
10550
10562
10550
10537
10525
10512
10500
10487
10475
10462
10450
10437
10425
10437
10425
10412
10400
10387
10362
10350
10337
10325
10312
10325
10312
10325
10312
10300
10287
10275
10262
10250
10262
10237
10237
10212
10212
10187
10200
10187
10175
10162
10150
10137
10125
10112
10100
10087
10075
10062
10075
10062
10050
10037
10025
10012
10000
9987
9975
9987
9975
9962
9975
9987
9975
10000
10025
10050
10075
10125
10175
10250
10312
10387
10462
10525
10562
10600
10637
10675
10687
10725
10762
10775
10787
10825
10837
10850
10862
10875
10862
10875
10875
10875
10875
10875
10875
10862
10875
10862
10875
10850
10850
10825
10825
10800
10812
10800
10787
10775
10762
10725
10712
10700
10662
10625
10612
10575
10562
10550
10562
10550
10562
10550
10537
10525
10537
10525
10537
10550
10562
10550
10562
10550
10562
10550
10537
10525
10537
10525
10512
10525
10512
10500
10487
10500
10487
10500
10487
10500
10487
10500
10487
10500
10487
10475
10462
10450
10437
10425
10437
10425
10437
10425
10437
10425
10412
10400
10387
10387
10375
10362
10350
10337
10325
10312
10325
10312
10325
10312
10325
10312
10325
10312
10325
10312
10325
10300
10300
10300
10300
10275
10300
10300
10300
10300
10325
10337
10362
10400
10462
10525
10587
10625
10662
10700
10737
10775
10850
10925
10975
11025
11062
11100
11137
11175
11212
11225
11237
11225
11237
11250
11262
11250
11262
11275
11262
11275
11287
11300
11287
11275
11262
11250
11212
11200
11187
11150
11100
11075
11050
11025
11000
11012
10987
10962
10937
10937
10900
10875
10850
10850
10837
10850
10862
10850
10837
10825
10812
10800
10787
10787
10787
10762
10762
10762
10750
10737
10750
10737
10725
10712
10700
10687
10675
10662
10650
10637
10625
10612
10625
10612
10600
10587
10575
10562
10550
10562
10550
10537
10525
10512
10500
10487
10500
10487
10475
10462
10450
10412
10400
10387
10387
10375
10387
10375
10387
10375
10387
10375
10362
10350
10337
10325
10312
10325
10312
10325
10312
10325
10312
10325
10337
10350
10362
10387
10425
10462
10500
10550
10600
10650
10675
10725
10775
10812
10837
10900
10962
10987
11012
11037
11050
11037
11062
11087
11112
11137
11162
11175
11187
11200
11212
11225
11237
11212
11212
11212
11200
11162
11137
11087
11012
10950
10912
10875
10850
10837
10825
10812
10800
10812
10800
10787
10775
10762
10725
10712
10700
10687
10675
10687
10675
10687
10675
10687
10675
10687
10675
10662
10650
10637
10625
10612
10625
10612
10600
10587
10575
10537
10525
10537
10512
10512
10512
10487
10475
10462
10450
10437
10450
10425
10437
10425
10437
10425
10437
10425
10437
10425
10412
10400
10387
10387
10387
10400
10412
10425
10412
10400
10387
10362
10350
10337
10325
10312
10325
10312
10325
10312
10300
10287
10300
10312
10337
10400
10462
10537
10612
10687
10737
10787
10825
10875
10900
10950
11000
11037
11050
11087
11100
11125
11125
11150
11175
11200
11212
11225
11237
11225
11237
11225
11237
11225
11237
11225
11237
11225
11237
11225
11212
11200
11187
11175
11162
11150
11137
11125
11087
11050
11037
11000
10962
10925
10912
10875
10850
10837
10825
10787
10775
10787
10762
10762
10762
10762
10737
10750
10737
10725
10712
10700
10687
10675
10687
10675
10662
10650
10637
10600
10587
10575
10562
10550
10562
10550
10562
10550
10562
10537
10537
10537
10537
10512
10525
10512
10500
10487
10475
10462
10450
10437
10425
10412
10400
10412
10400
10387
10400
10387
10387
10375
10387
10375
10387
10375
10387
10387
10400
10387
10400
10387
10387
10375
10362
10350
10337
10325
10312
10300
10287
10262
10237
10212
10225
10212
10212
10212
10212
10212
10200
10212
10200
10212
10212
10225
10237
10275
10312
10337
10400
10437
10475
10512
10550
10587
10650
10712
10775
10812
10850
10875
10887
10900
10937
10950
10962
10975
10987
10975
10987
10975
10987
10975
10987
10975
10962
10950
10937
10900
10862
10825
10775
10737
10700
10662
10625
10612
10575
10562
10537
10537
10512
10512
10487
10500
10487
10500
10487
10475
10462
10450
10437
10425
10412
10400
10387
10387
10375
10387
10375
10362
10350
10325
10312
10300
10312
10300
10300
10287
10275
10262
10250
10262
10250
10262
10275
10275
10250
10250
10225
10200
10187
10200
10187
10200
10187
10200
10187
10200
10187
10175
10162
10150
10137
10125
10112
10100
10112
10087
10087
10087
10087
10062
10050
10037
10050
10037
10050
10087
10125
10162
10225
10287
10337
10400
10462
10525
10562
10600
10637
10675
10712
10775
10812
10850
10875
10887
10900
10937
10950
10962
10975
10987
10975
10987
10975
10987
10975
10987
10975
10962
10950
10937
10900
10862
10850
10850
10837
10825
10837
10825
10787
10775
10762
10750
10737
10750
10737
10725
10712
10700
10687
10675
10687
10675
10687
10662
10662
10637
10650
10637
10637
10637
10637
10625
10612
10625
10612
10600
10587
10575
10562
10550
10562
10550
10562
10550
10562
10550
10562
10550
10562
10550
10537
10525
10512
10500
10487
10500
10487
10500
10487
10500
10487
10500
10487
10500
10487
10475
10462
10450
10437
10425
10437
10425
10437
10425
10437
10425
10437
10425
10412
10400
10412
10400
10375
10375
10375
10362
10362
10375
10387
10387
10400
10412
10450
10487
10525
10562
10600
10637
10675
10712
10750
10787
10825
10850
10887
10950
11012
11075
11112
11150
11187
11200
11212
11225
11237
11225
11237
11225
11237
11250
11262
11250
11262
11250
11212
11200
11175
11150
11125
11100
11075
11050
11025
11000
11000
10975
10962
10950
10937
10900
10887
10875
10875
10862
10875
10862
10875
10862
10875
10862
10850
10837
10825
10787
10775
10762
10725
10712
10700
10687
10662
10662
10625
10625
10600
10612
10600
10625
10612
10600
10562
10562
10537
10512
10512
10512
10500
10487
10500
10487
10500
10475
10475
10450
10450
10425
10412
10412
10412
10412
10412
10412
10375
10375
10362
10362
10362
10387
10375
10387
10375
10362
10350
10337
10325
10312
10325
10312
10300
10287
10275
10237
10237
10262
10262
10287
10312
10325
10337
10362
10400
10462
10525
10587
10650
10712
10775
10825
10887
10950
11012
11050
11087
11100
11112
11100
11125
11125
11150
11150
11175
11162
11150
11112
11100
11062
11025
10987
10975
10937
10925
10912
10900
10887
10875
10875
10862
10875
10850
10850
10850
10850
10850
10862
10875
10862
10850
10837
10825
10812
10800
10812
10800
10812
10800
10812
10800
10812
10800
10812
10800
10787
10787
10787
10787
10787
10812
10800
10787
10775
10762
10750
10762
10762
10737
10737
10737
10712
10725
10737
10725
10712
10700
10687
10675
10687
10675
10687
10675
10662
10650
10637
10600
10587
10575
10562
10550
10537
10525
10512
10500
10487
10500
10487
10500
10487
10500
10487
10500
10487
10500
10487
10500
10487
10500
10512
10550
10587
10625
10662
10700
10750
10775
10825
10862
10912
10950
11012
11050
11087
11100
11112
11125
11162
11175
11212
11250
11262
11250
11262
11275
11262
11250
11275
11275
11275
11275
11300
11287
11300
11287
11275
11262
11275
11262
11250
11237
11225
11187
11150
11137
11125
11087
11075
11062
11025
10987
10975
10937
10925
10912
10900
10887
10875
10850
10837
10825
10812
10800
10812
10800
10812
10800
10812
10800
10787
10775
10762
10750
10737
10750
10737
10750
10737
10725
10712
10700
10662
10650
10637
10625
10600
10600
10575
10575
10537
10537
10537
10537
10512
10525
10512
10500
10487
10475
10462
10450
10437
10425
10412
10400
10412
10400
10387
10400
10387
10387
10375
10387
10375
10387
10375
10362
10350
10337
10325
10312
10325
10312
10325
10337
10362
10400
10462
10525
10587
10650
10712
10775
10825
10875
10925
10950
10962
11000
11012
11025
11062
11075
11087
11100
11112
11100
11125
11125
11150
11150
11150
11137
11125
11087
11050
11037
11000
10962
10925
10887
10850
10825
10787
10750
10700
10662
10625
10587
10575
10575
10562
10550
10562
10550
10537
10525
10512
10500
10487
10500
10487
10475
10462
10450
10437
10425
10412
10412
10412
10387
10362
10362
10337
10325
10312
10325
10312
10325
10312
10300
10287
10275
10262
10275
10275
10275
10275
10275
10275
10287
10275
10287
10275
10262
10250
10262
10250
10262
10250
10237
10225
10237
10225
10212
10225
10212
10200
10187
10175
10175
10175
10175
10175
10200
10212
10250
10287
10325
10362
10387
10425
10462
10500
10537
10575
10612
10650
10687
10737
10762
10787
10812
10850
10862
10900
10937
10975
10987
11025
11037
11050
11062
11075
11087
11100
11112
11100
11112
11100
11112
11100
11112
11100
11087
11075
11062
11025
11012
11000
10962
10925
10912
10875
10850
10850
10850
10850
10850
10850
10837
10812
10787
10787
10787
10787
10800
10812
10800
10812
10800
10787
10775
10762
10750
10737
10750
10737
10750
10725
10725
10700
10700
10700
10712
10700
10712
10700
10687
10675
10662
10650
10662
10650
10637
10650
10637
10600
10587
10600
10587
10575
10587
10575
10575
10575
10575
10575
10575
10562
10550
10562
10550
10562
10550
10562
10550
10562
10550
10537
10525
10512
10500
10487
10500
10487
10500
10487
10475
10462
10450
10437
10425
10437
10425
10412
10400
10387
10387
10375
10387
10387
10387
10387
10387
10387
10375
10362
10350
10362
10350
10362
10375
10387
10387
10425
10462
10500
10537
10575
10612
10650
10712
10775
10812
10850
10875
10887
10900
10937
10950
10962
11000
11012
11000
11012
11000
10987
10975
10987
11000
11012
11025
11037
11025
11012
11000
10987
10975
10962
10925
10912
10875
10850
10837
10812
10787
10762
10737
10712
10700
10662
10650
10637
10625
10612
10625
10612
10625
10600
10600
10600
10600
10600
10612
10625
10612
10625
10612
10600
10587
10575
10562
10550
10562
10550
10537
10525
10500
10475
10475
10475
10475
10487
10500
10487
10500
10487
10500
10475
10475
10450
10450
10425
10437
10425
10437
10425
10437
10425
10437
10425
10437
10425
10437
10425
10437
10425
10437
10450
10450
10450
10475
10475
10450
10462
10450
10437
10425
10437
10425
10412
10400
10412
10400
10387
10400
10387
10362
10350
10337
10325
10312
10325
10312
10325
10337
10362
10400
10462
10525
10587
10650
10712
10775
10825
10887
10962
11012
11062
11112
11137
11150
11162
11175
11187
11200
11212
11225
11237
11225
11237
11250
11287
11300
11312
11325
11337
11325
11337
11350
11362
11375
11387
11375
11387
11375
11362
11350
11337
11325
11312
11275
11262
11237
11187
11162
11137
11087
11050
11012
10950
10912
10875
10875
10862
10850
10837
10850
10825
10825
10825
10825
10800
10812
10825
10837
10850
10862
10850
10837
10825
10787
10787
10787
10762
10762
10762
10750
10737
10750
10737
10750
10737
10725
10712
10700
10687
10700
10712
10700
10712
10700
10687
10675
10687
10675
10662
10650
10662
10650
10662
10675
10662
10650
10662
10650
10662
10675
10662
10650
10637
10625
10612
10600
10587
10575
10562
10550
10537
10525
10512
10475
10462
10450
10437
10425
10437
10425
10437
10425
10437
10450
10487
10500
10537
10575
10612
10650
10712
10775
10825
10862
10900
10937
10950
10962
11000
11012
11025
11062
11075
11087
11100
11112
11100
11112
11100
11112
11100
11112
11100
11112
11100
11087
11075
11062
11050
11037
11050
11037
11050
11037
11050
11037
11025
11012
11000
10962
10925
10887
10850
10825
10787
10750
10737
10687
10662
10637
10612
10587
10575
10537
10500
10487
10450
10437
10425
10412
10400
10387
10387
10375
10362
10350
10337
10325
10312
10300
10287
10275
10262
10250
10262
10250
10237
10225
10212
10200
10187
10175
10162
10150
10137
10112
10125
10112
10125
10112
10112
10100
10087
10075
10062
10050
10037
10025
9987
9950
9950
9925
9925
9925
9925
9912
9900
9887
9875
9887
9875
9887
9875
9887
9875
9887
9862
9862
9837
9837
9825
9837
9825
9812
9800
9787
9750
9712
9700
9662
9650
9637
9650
9637
9650
9662
9675
9687
9700
9725
9725
9750
9775
9812
9850
9912
9975
10037
10100
10137
10175
10212
10250
10262
10300
10337
10350
10362
10387
10425
10437
10475
10487
10500
10487
10500
10487
10500
10512
10525
10512
10525
10512
10500
10475
10487
10475
10487
10475
10475
10437
10400
10337
10287
10250
10212
10200
10187
10175
10137
10125
10087
10050
10037
10025
10012
10000
10012
10000
9987
9975
9962
9950
9937
9950
9937
9950
9937
9925
9912
9900
9887
9875
9887
9875
9887
9875
9862
9850
9837
9837
9825
9812
9800
9812
9800
9787
9800
9787
9775
9787
9800
9812
9825
9837
9825
9837
9825
9837
9825
9837
9825
9837
9825
9837
9825
9812
9800
9787
9775
9762
9775
9762
9750
9737
9725
9712
9700
9687
9675
9662
9625
9587
9575
9537
9525
9512
9525
9512
9525
9537
9550
9562
9575
9600
9625
9675
9725
9787
9850
9912
9975
10037
10100
10162
10225
10287
10337
10400
10437
10475
10487
10512
10512
10537
10537
10562
10550
10562
10550
10562
10550
10562
10537
10537
10512
10512
10487
10475
10462
10475
10462
10450
10462
10450
10437
10425
10412
10375
10362
10337
10300
10250
10200
10125
10075
10025
10012
10000
10012
10000
10012
10000
9987
9975
9962
9950
9937
9950
9937
9950
9937
9925
9912
9900
9862
9850
9837
9837
9825
9812
9800
9787
9775
9762
9775
9762
9775
9762
9750
9712
9712
9687
9650
9650
9650
9637
9625
9650
9637
9650
9637
9625
9612
9600
9587
9575
9587
9575
9562
9550
9537
9525
9500
9512
9500
9512
9500
9525
9512
9525
9512
9500
9487
9462
9437
9437
9437
9437
9450
9462
9450
9437
9437
9437
9437
9437
9462
9450
9437
9437
9462
9462
9487
9537
9575
9612
9675
9737
9787
9850
9912
9975
10037
10100
10162
10225
10287
10337
10412
10450
10487
10525
10537
10537
10550
10562
10550
10562
10575
10587
10600
10637
10650
10662
10675
10662
10625
10587
10525
10487
10450
10412
10375
10362
10337
10287
10262
10262
10237
10212
10225
10212
10200
10187
10200
10187
10175
10175
10175
10150
10150
10150
10137
10125
10137
10125
10112
10112
10112
10087
10087
10075
10050
10050
10050
10025
10012
10000
9962
9950
9937
9950
9937
9950
9937
9925
9912
9900
9887
9875
9887
9875
9862
9850
9837
9812
9800
9812
9800
9812
9825
9837
9825
9837
9825
9837
9812
9812
9775
9775
9750
9762
9750
9750
9737
9725
9712
9700
9687
9675
9687
9675
9662
9675
9662
9650
9637
9625
9612
9600
9587
9575
9587
9575
9587
9562
9562
9562
9587
9587
9625
9662
9700
9737
9787
9850
9912
9975
10037
10100
10162
10225
10287
10337
10400
10437
10475
10512
10525
10537
10550
10562
10575
10612
10612
10637
10637
10637
10612
10625
10612
10600
10587
10600
10587
10575
10587
10575
10525
10500
10462
10425
10387
10362
10325
10287
10225
10187
10150
10137
10125
10137
10125
10112
10100
10087
10075
10062
10075
10050
10050
10025
10000
9975
9962
9925
9912
9900
9887
9875
9862
9850
9837
9837
9825
9837
9825
9812
9800
9787
9775
9762
9750
9737
9725
9687
9675
9662
9650
9637
9650
9637
9650
9637
9625
9625
9625
9625
9625
9625
9612
9600
9587
9575
9587
9575
9562
9550
9537
9500
9487
9500
9487
9475
9487
9475
9462
9450
9462
9450
9462
9450
9462
9475
9512
9550
9612
9687
9750
9825
9900
9975
10037
10100
10162
10200
10237
10275
10312
10337
10400
10437
10475
10487
10500
10487
10500
10487
10500
10512
10525
10537
10550
10562
10550
10537
10500
10487
10437
10425
10412
10400
10362
10362
10337
10300
10262
10225
10187
10150
10112
10075
10062
10025
10012
10000
9987
9975
9987
9975
9962
9975
9962
9950
9937
9950
9937
9950
9937
9925
9912
9900
9887
9875
9862
9850
9837
9837
9825
9812
9800
9812
9787
9787
9787
9787
9762
9775
9762
9750
9737
9725
9712
9700
9712
9700
9687
9687
9687
9662
9662
9662
9650
9637
9650
9637
9650
9637
9650
9637
9625
9612
9600
9587
9562
9562
9537
9550
9525
9537
9525
9537
9512
9525
9512
9525
9537
9575
9612
9675
9737
9787
9862
9937
10012
10087
10137
10187
10237
10287
10325
10400
10437
10475
10487
10500
10512
10525
10537
10575
10612
10625
10662
10675
10687
10675
10687
10700
10712
10725
10737
10750
10737
10725
10712
10700
10662
10625
10587
10525
10487
10450
10412
10400
10387
10362
10350
10337
10325
10312
10325
10312
10325
10312
10300
10287
10300
10287
10275
10287
10275
10262
10250
10237
10225
10212
10200
10187
10200
10187
10200
10187
10200
10187
10200
10187
10175
10162
10150
10137
10125
10137
10125
10137
10125
10137
10125
10112
10100
10087
10050
10037
10025
10012
9987
9987
9987
9987
10000
10012
10025
10012
10025
9987
9987
9962
9962
9937
9950
9937
9950
9937
9925
9912
9900
9887
9875
9887
9875
9887
9875
9887
9900
9950
9975
10025
10075
10125
10162
10200
10250
10300
10337
10387
10462
10525
10587
10650
10712
10750
10800
10825
10850
10850
10875
10875
10887
10900
10912
10925
10937
10950
10937
10950
10937
10925
10912
10925
10912
10900
10862
10825
10800
10750
10725
10700
10675
10625
10587
10525
10500
10462
10425
10412
10400
10387
10375
10362
10350
10337
10325
10312
10300
10287
10275
10262
10250
10262
10250
10237
10225
10237
10225
10212
10200
10187
10175
10150
10150
10150
10150
10125
10112
10100
10087
10075
10062
10050
10037
10050
10037
10050
10062
10050
10037
10025
10012
10000
10012
10000
10012
10000
10012
10000
10012
10000
9987
9975
9962
9925
9912
9900
9887
9875
9887
9875
9862
9850
9837
9837
9825
9812
9800
9812
9800
9812
9825
9837
9825
9837
9837
9875
9925
10000
10075
10150
10225
10287
10325
10362
10387
10412
10437
10462
10487
10512
10537
10562
10612
10625
10662
10700
10712
10725
10737
10750
10762
10800
10825
10862
10900
10912
10925
10912
10900
10887
10875
10837
10812
10787
10762
10737
10725
10687
10675
10637
10600
10562
10550
10512
10475
10437
10425
10387
10387
10375
10387
10375
10387
10375
10387
10375
10387
10375
10350
10337
10325
10312
10300
10325
10312
10325
10312
10325
10312
10325
10312
10300
10287
10275
10262
10250
10237
10225
10212
10162
10137
10137
10100
10087
10112
10112
10087
10100
10087
10075
10062
10075
10062
10050
10037
10025
10012
10000
10012
10000
10012
10000
10012
10000
10012
9987
9987
9987
9987
9962
9975
9962
9950
9937
9925
9912
9900
9887
9875
9887
9875
9887
9875
9887
9875
9887
9875
9862
9850
9837
9837
9837
9850
9862
9900
9937
9950
9987
10037
10087
10137
10212
10287
10337
10400
10462
10525
10587
10650
10712
10750
10787
10825
10850
10862
10900
10912
10925
10912
10925
10937
10950
10937
10950
10937
10925
10912
10925
10912
10900
10862
10850
10825
10787
10775
10762
10725
10687
10650
10587
10550
10512
10475
10462
10450
10412
10400
10387
10362
10325
10287
10250
10212
10200
10187
10175
10162
10150
10137
10125
10112
10075
10062
10025
10012
10000
9987
9975
9962
9950
9937
9950
9937
9925
9912
9900
9887
9900
9900
9900
9900
9900
9875
9887
9875
9862
9825
9825
9812
9812
9812
9837
9825
9837
9825
9812
9800
9787
9750
9712
9712
9687
9687
9687
9687
9675
9662
9650
9637
9650
9637
9650
9625
9625
9625
9625
9625
9662
9700
9737
9787
9850
9887
9937
9987
10050
10087
10162
10225
10287
10325
10400
10437
10475
10512
10550
10562
10600
10612
10625
10612
10625
10612
10625
10637
10650
10662
10675
10662
10650
10637
10600
10562
10550
10500
10450
10425
10400
10362
10325
10287
10250
10212
10200
10187
10175
10162
10150
10137
10125
10112
10100
10112
10100
10112
10125
10137
10125
10112
10100
10087
10075
10062
10050
10037
10025
10012
10000
9987
9975
9962
9950
9937
9950
9937
9925
9925
9912
9900
9887
9900
9875
9887
9875
9887
9875
9862
9850
9837
9837
9825
9837
9825
9837
9825
9812
9800
9812
9800
9812
9825
9812
9800
9787
9787
9787
9787
9762
9762
9725
9712
9700
9712
9700
9712
9700
9712
9700
9712
9700
9712
9700
9712
9700
9712
9725
9762
9787
9850
9912
9975
10037
10100
10162
10200
10237
10275
10312
10337
10400
10437
10475
10512
10525
10550
10575
10600
10625
10650
10662
10675
10687
10700
10712
10725
10762
10775
10787
10800
10812
10825
10837
10812
10812
10812
10787
10787
10800
10787
10775
10762
10750
10725
10700
10650
10600
10525
10462
10400
10362
10337
10325
10312
10325
10312
10325
10312
10300
10262
10262
10237
10237
10225
10237
10212
10212
10187
10200
10187
10175
10162
10150
10137
10125
10112
10100
10112
10100
10087
10100
10087
10050
10037
10050
10025
10025
10025
10025
10000
10012
9987
9987
9962
9962
9937
9950
9937
9950
9937
9950
9937
9925
9912
9900
9887
9875
9887
9875
9887
9875
9862
9850
9837
9837
9825
9812
9800
9787
9775
9762
9775
9762
9775
9750
9750
9725
9725
9700
9712
9725
9762
9787
9825
9862
9900
9937
9975
10037
10100
10162
10225
10287
10312
10350
10400
10450
10500
10587
10650
10687
10725
10762
10800
10825
10862
10900
10912
10925
10912
10925
10912
10925
10912
10925
10912
10900
10887
10875
10850
10837
10825
10787
10750
10712
10650
10587
10550
10512
10475
10462
10450
10412
10400
10387
10387
10375
10362
10350
10337
10325
10312
10325
10300
10300
10275
10275
10250
10262
10250
10237
10225
10212
10200
10187
10162
10150
10137
10125
10112
10137
10125
10112
10100
10087
10075
10050
10050
10050
10050
10025
10037
10050
10037
10050
10050
10050
10025
10025
10000
10012
10000
10012
10000
10012
10000
9987
9975
9962
9950
9937
9925
9912
9925
9900
9900
9900
9900
9875
9862
9850
9837
9837
9825
9837
9825
9837
9825
9812
9812
9812
9812
9812
9837
9837
9875
9912
9987
10062
10137
10212
10287
10337
10400
10462
10525
10587
10650
10712
10750
10787
10800
10812
10825
10837
10850
10875
10887
10900
10912
10925
10912
10925
10912
10925
10912
10925
10912
10925
10912
10900
10862
10825
10775
10712
10650
10612
10575
10537
10525
10512
10500
10475
10475
10450
10450
10425
10437
10425
10412
10400
10387
10387
10375
10387
10375
10362
10350
10337
10300
10287
10275
10262
10250
10237
10225
10212
10200
10187
10200
10187
10175
10162
10150
10112
10100
10087
10050
10037
10025
10012
10000
10012
10000
10012
10000
9987
9975
9962
9950
9937
9925
9912
9900
9887
9875
9887
9875
9862
9850
9837
9837
9825
9812
9800
9787
9775
9762
9775
9787
9812
9825
9862
9900
9937
9975
10037
10100
10162
10225
10287
10337
10400
10462
10525
10587
10650
10712
10750
10787
10800
10812
10825
10837
10850
10862
10850
10850
10850
10850
10850
10875
10862
10875
10862
10875
10862
10875
10862
10850
10837
10825
10787
10775
10762
10725
10687
10675
10637
10600
10587
10575
10537
10500
10462
10425
10387
10362
10350
10337
10325
10312
10325
10312
10325
10312
10325
10312
10325
10312
10287
10275
10262
10250
10237
10237
10225
10237
10225
10212
10225
10212
10200
10187
10200
10187
10175
10137
10125
10087
10075
10062
10075
10062
10075
10062
10050
10037
10025
9987
9975
9987
9975
9987
10000
9987
9975
9962
9950
9937
9950
9937
9950
9937
9950
9937
9950
9937
9950
9937
9950
9937
9950
9937
9925
9912
9900
9887
9875
9887
9875
9862
9850
9837
9812
9800
9787
9775
9762
9775
9762
9775
9787
9800
9812
9837
9875
9887
9925
9962
10000
10037
10100
10162
10225
10287
10337
10400
10462
10525
10562
10600
10637
10675
10687
10725
10762
10775
10787
10800
10812
10825
10837
10850
10862
10875
10862
10875
10850
10850
10850
10837
10825
10825
10825
10800
10787
10750
10712
10650
10612
10575
10537
10500
10462
10425
10387
10362
10350
10337
10325
10312
10300
10287
10275
10275
10262
10275
10262
10275
10237
10237
10212
10212
10187
10200
10175
10175
10175
10175
10150
10162
10150
10150
10137
10125
10112
10100
10075
10062
10050
10037
10025
10012
10000
10012
10000
10012
10000
10012
9987
9987
9962
9962
9937
9950
9937
9950
9937
9950
9937
9925
9912
9900
9862
9850
9837
9812
9812
9812
9812
9812
9837
9825
9837
9825
9837
9825
9837
9837
9875
9912
9975
10037
10100
10162
10225
10287
10337
10400
10462
10525
10587
10650
10712
10750
10787
10800
10825
10837
10887
10900
10937
10962
10962
10962
11000
11012
11025
11037
11050
11037
11050
11037
11050
11037
11050
11037
11050
11037
11025
11012
11000
10962
10950
10937
10925
10912
10900
10862
10825
10775
10712
10650
10612
10575
10562
10550
10537
10525
10512
10500
10487
10475
10462
10450
10412
10400
10387
10387
10375
10362
10350
10337
10325
10312
10300
10287
10275
10262
10250
10262
10250
10262
10250
10262
10250
10237
10225
10212
10175
10162
10150
10137
10125
10112
10100
10087
10075
10062
10075
10062
10075
10062
10075
10062
10050
10050
10050
10025
10025
10025
10025
10025
10025
10025
10025
9987
9975
9962
9950
9937
9950
9937
9925
9912
9900
9887
9875
9862
9850
9837
9837
9825
9837
9825
9837
9837
9875
9912
9975
10037
10100
10162
10225
10287
10337
10400
10462
10537
10587
10637
10687
10712
10725
10737
10762
10762
10787
10812
10837
10850
10862
10875
10875
10887
10900
10912
10925
10912
10925
10912
10925
10912
10925
10912
10925
10912
10900
10862
10850
10825
10787
10750
10737
10687
10662
10637
10612
10562
10550
10512
10475
10437
10425
10412
10400
10387
10400
10387
10387
10375
10387
10375
10387
10375
10387
10375
10362
10325
10312
10300
10287
10275
10287
10275
10262
10250
10237
10225
10212
10200
10187
10200
10187
10175
10162
10175
10162
10150
10137
10125
10087
10075
10062
10075
10062
10075
10062
10050
10037
10025
10012
10000
10012
10000
10012
10000
10012
9987
9987
9962
9962
9925
9925
9900
9900
9875
9887
9875
9887
9875
9850
9825
9825
9812
9787
9800
9787
9775
9762
9775
9762
9775
9762
9775
9787
9812
9850
9912
9975
10037
10100
10162
10237
10287
10337
10375
10412
10450
10487
10512
10562
10612
10625
10662
10700
10737
10775
10825
10887
10925
10962
10975
10987
10975
10987
10975
10987
10975
10987
10975
10962
10925
10912
10875
10850
10812
10800
10762
10725
10712
10700
10662
10625
10612
10575
10537
10525
10512
10500
10487
10475
10462
10450
10437
10425
10437
10425
10437
10425
10437
10425
10412
10400
10387
10387
10375
10387
10375
10387
10375
10362
10350
10362
10350
10362
10375
10387
10375
10387
10375
10387
10375
10387
10375
10387
10375
10387
10375
10387
10375
10387
10375
10387
10362
10375
10362
10375
10362
10362
10350
10337
10300
10287
10300
10287
10300
10300
10300
10300
10287
10275
10275
10275
10250
10262
10237
10237
10237
10237
10237
10275
10312
10337
10400
10462
10500
10537
10575
10612
10650
10712
10775
10812
10850
10875
10912
10950
11012
11075
11112
11150
11187
11225
11237
11275
11287
11300
11287
11300
11287
11300
11312
11325
11337
11350
11375
11375
11362
11350
11362
11337
11312
11300
11262
11200
11137
11075
11037
11000
10987
10975
10962
10950
10937
10925
10912
10925
10912
10925
10912
10900
10887
10875
10875
10862
10850
10837
10825
10812
10800
10812
10800
10787
10775
10762
10750
10737
10725
10712
10700
10662
10650
10637
10600
10587
10575
10537
10525
10512
10500
10487
10500
10487
10500
10487
10475
10437
10425
10387
10362
10350
10337
10325
10312
10325
10312
10300
10262
10250
10212
10200
10187
10175
10162
10150
10112
10100
10087
10075
10062
10050
10037
10050
10037
10050
10062
10075
10087
10100
10112
10150
10187
10225
10287
10337
10400
10462
10525
10587
10650
10687
10725
10762
10800
10812
10850
10862
10875
10862
10875
10875
10875
10887
10900
10912
10925
10950
10962
11000
11012
11025
11037
11050
11062
11075
11087
11100
11112
11100
11112
11100
11087
11050
11037
11000
10962
10925
10887
10825
10800
10762
10725
10712
10700
10687
10675
10662
10650
10637
10600
10587
10575
10562
10550
10562
10550
10562
10550
10537
10500
10487
10450
10437
10425
10437
10425
10437
10425
10412
10400
10387
10387
10375
10387
10375
10387
10375
10387
10375
10387
10375
10387
10375
10387
10375
10362
10350
10337
10325
10312
10325
10312
10325
10312
10300
10287
10275
10262
10250
10262
10250
10237
10200
10187
10175
10150
10150
10150
10150
10112
10125
10112
10125
10100
10112
10112
10112
10112
10150
10162
10175
10212
10250
10287
10337
10400
10462
10537
10612
10687
10737
10800
10825
10850
10850
10875
10862
10875
10875
10912
10925
10962
10987
11012
11025
11062
11075
11087
11125
11137
11150
11187
11200
11212
11225
11212
11200
11212
11200
11187
11200
11187
11175
11162
11175
11162
11150
11112
11100
11062
11025
10987
10975
10925
10875
10825
10775
10712
10675
10637
10625
10612
10600
10562
10562
10537
10512
10512
10512
10500
10487
10500
10487
10475
10437
10400
10362
10337
10325
10312
10300
10287
10275
10262
10237
10237
10212
10212
10187
10200
10187
10175
10162
10150
10137
10125
10112
10100
10087
10075
10062
10050
10050
10050
10025
10025
10025
9987
9975
9962
9925
9912
9900
9887
9875
9887
9875
9887
9875
9862
9850
9837
9837
9812
9825
9812
9825
9812
9837
9837
9875
9912
9975
10050
10125
10200
10275
10337
10400
10462
10525
10587
10625
10662
10675
10687
10700
10737
10775
10825
10887
10925
10962
11000
11012
11025
11037
11050
11037
11025
11012
11000
10987
10975
10962
10925
10887
10825
10800
10762
10725
10687
10675
10637
10600
10587
10600
10587
10575
10587
10575
10537
10525
10537
10525
10500
10512
10500
10487
10475
10500
10487
10500
10487
10475
10462
10450
10437
10425
10412
10400
10387
10387
10375
10387
10375
10362
10350
10337
10325
10312
10325
10312
10325
10300
10300
10275
10275
10250
10262
10250
10262
10250
10262
10250
10237
10200
10187
10150
10137
10125
10137
10125
10112
10100
10087
10075
10062
10075
10087
10100
10112
10150
10187
10225
10287
10337
10400
10462
10500
10550
10600
10650
10700
10750
10787
10825
10850
10887
10950
11012
11075
11112
11150
11187
11200
11212
11250
11262
11275
11287
11300
11312
11325
11312
11325
11312
11275
11262
11250
11237
11225
11212
11175
11137
11075
11012
10975
10937
10900
10862
10850
10825
10787
10775
10762
10750
10737
10750
10737
10750
10737
10725
10712
10700
10662
10650
10637
10625
10612
10600
10587
10575
10525
10500
10462
10437
10412
10425
10412
10437
10425
10437
10425
10412
10400
10387
10387
10375
10387
10362
10362
10337
10337
10337
10350
10362
10375
10362
10350
10337
10325
10312
10300
10287
10275
10262
10250
10262
10250
10237
10225
10212
10200
10187
10175
10162
10150
10137
10125
10137
10150
10187
10200
10250
10275
10312
10337
10412
10487
10587
10675
10762
10825
10887
10950
10987
11025
11062
11075
11087
11125
11162
11175
11212
11225
11237
11225
11237
11212
11212
11212
11212
11187
11200
11187
11150
11112
11075
11012
10950
10875
10825
10787
10737
10712
10700
10687
10675
10662
10662
10662
10637
10637
10625
10600
10575
10575
10550
10562
10550
10562
10550
10537
10500
10487
10475
10462
10450
10462
10450
10437
10425
10437
10425
10412
10400
10387
10387
10375
10387
10375
10362
10350
10337
10325
10312
10325
10300
10300
10275
10275
10250
10262
10250
10262
10250
10237
10225
10212
10200
10212
10212
10212
10200
10187
10150
10150
10125
10112
10100
10087
10075
10062
10075
10062
10050
10037
10025
10012
10000
10012
10000
10012
10025
10037
10050
10087
10100
10125
10187
10250
10312
10387
10462
10525
10562
10587
10637
10650
10662
10700
10712
10725
10762
10775
10787
10825
10837
10850
10875
10912
10925
10962
11000
11012
11025
11037
11050
11037
11050
11037
11050
11037
11050
11037
11050
11025
11025
11000
10975
10925
10887
10825
10800
10762
10725
10687
10675
10637
10600
10562
10550
10512
10500
10487
10475
10462
10450
10437
10425
10437
10425
10437
10425
10437
10425
10412
10400
10387
10387
10375
10362
10350
10337
10300
10287
10275
10237
10225
10212
10200
10212
10212
10187
10187
10187
10162
10175
10187
10200
10187
10200
10187
10200
10187
10200
10187
10175
10162
10175
10162
10150
10137
10125
10112
10100
10112
10125
10137
10125
10112
10100
10087
10075
10062
10050
10037
10025
10012
10000
10012
10000
9987
9975
9987
9975
9987
10000
10012
10000
10012
10000
10012
10025
10062
10100
10162
10225
10287
10337
10400
10462
10525
10562
10612
10637
10675
10712
10775
10800
10850
10862
10875
10875
10887
10900
10937
10950
10962
10975
10987
11000
11012
11025
11062
11075
11087
11100
11112
11100
11112
11100
11112
11100
11112
11100
11112
11100
11087
11075
11062
11025
11012
11000
10962
10925
10887
10825
10775
10737
10700
10687
10675
10687
10675
10687
10675
10662
10650
10637
10625
10600
10600
10575
10575
10550
10562
10550
10537
10525
10512
10500
10487
10475
10462
10450
10437
10425
10437
10425
10437
10425
10437
10425
10437
10412
10412
10387
10387
10375
10387
10375
10387
10375
10387
10375
10387
10375
10387
10375
10362
10350
10325
10312
10300
10312
10300
10325
10312
10325
10312
10325
10312
10325
10312
10325
10312
10300
10287
10275
10275
10262
10275
10287
10300
10300
10337
10362
10400
10462
10525
10587
10650
10725
10787
10862
10937
11012
11050
11087
11125
11137
11150
11162
11175
11187
11225
11262
11300
11337
11350
11362
11375
11400
11437
11475
11525
11550
11575
11575
11600
11587
11575
11562
11550
11537
11525
11537
11525
11512
11500
11487
11475
11462
11450
11412
11400
11375
11337
11300
11262
11225
11187
11150
11137
11125
11087
11075
11062
11050
11037
11050
11037
11050
11037
11050
11037
11050
11037
11025
11012
11000
10962
10950
10937
10925
10912
10900
10887
10875
10875
10875
10875
10875
10875
10850
10837
10825
10812
10800
10812
10800
10812
10800
10812
10800
10812
10800
10812
10800
10812
10800
10787
10775
10762
10750
10737
10750
10737
10750
10737
10725
10712
10700
10687
10675
10687
10675
10687
10675
10687
10675
10700
10700
10725
10750
10800
10825
10887
10950
11012
11075
11137
11200
11262
11325
11375
11437
11475
11512
11550
11587
11600
11637
11675
11712
11725
11762
11800
11812
11825
11862
11887
11900
11900
11912
11900
11875
11862
11862
11850
11837
11825
11812
11800
11762
11750
11737
11700
11662
11625
11562
11500
11462
11425
11400
11387
11362
11337
11337
11337
11312
11300
11287
11275
11262
11250
11262
11250
11212
11200
11187
11175
11162
11175
11162
11175
11162
11175
11162
11150
11150
11150
11125
11125
11125
11112
11100
11087
11075
11062
11050
11037
11025
11012
11025
11012
11025
11037
11050
11037
11050
11037
11050
11037
11050
11037
11050
11037
11050
11037
11050
11037
11050
11037
11050
11037
11050
11037
11050
11037
11025
10987
10975
10937
10925
10912
10925
10900
10900
10900
10925
10925
10962
11000
11050
11100
11175
11250
11325
11375
11437
11500
11562
11637
11712
11787
11837
11887
11925
11937
11937
11975
11987
11975
11987
12000
11987
11975
11987
12000
11987
12000
12012
12000
11962
11950
11912
11912
11900
11887
11875
11862
11825
11787
11775
11737
11700
11662
11625
11562
11500
11437
11375
11325
11262
11200
11137
11075
11012
10950
10887
10850
10812
10787
10762
10762
10737
10750
10737
10725
10712
10700
10662
10625
10612
10575
10562
10550
10562
10575
10587
10600
10637
10650
10662
10700
10737
10750
10787
10800
10812
10800
10787
10775
10787
10775
10762
10775
10762
10750
10737
10725
10712
10687
10662
10637
10637
10612
10625
10612
10625
10612
10625
10612
10625
10612
10625
10612
10625
10612
10625
10637
10650
10662
10700
10712
10725
10737
10750
10762
10800
10825
10862
10900
10937
