t = 60.000000, p = 155.000000
3700
3737
3750
3762
3800
3812
3825
3837
3850
3837
3850
3837
3850
3837
3825
3812
3800
3762
3750
3737
3725
3712
3725
3712
3725
3712
3725
3712
3700
3687
3700
3687
3700
3712
3700
3687
3675
3662
3650
3662
3650
3637
3625
3612
3612
3600
3612
3600
3612
3600
3612
3600
3612
3600
3612
3600
3612
3600
3612
3600
3612
3600
3612
3600
3612
3600
3612
3600
3612
3600
3612
3600
3612
3600
3587
3575
3562
3550
3537
3550
3537
3525
3512
3525
3512
3525
3537
3550
3537
3550
3537
3525
3512
3500
3487
3475
3487
3475
3487
3475
3487
3475
3487
3475
3487
3475
3487
3475
3500
3487
3500
3487
3500
3475
3487
3475
3487
3475
3462
3450
3462
3450
3437
3450
3462
3450
3437
3450
3437
3437
3425
3437
3425
3437
3412
3425
3412
3425
3437
3450
3437
3450
3462
3450
3462
3500
3512
3525
3562
3587
3600
3650
3675
3700
3725
3775
3787
3825
3862
3875
3862
3875
3862
3850
3837
3850
3837
3825
3812
3800
3787
3775
3787
3775
3787
3775
3762
3750
3762
3750
3737
3750
3737
3700
3687
3675
3662
3650
3637
3625
3637
3625
3637
3650
3662
3650
3637
3625
3612
3612
3612
3637
3637
3662
3650
3662
3650
3662
3650
3662
3650
3637
3625
3612
3612
3600
3612
3600
3612
3600
3612
3600
3612
3600
3587
3575
3562
3550
3537
3550
3537
3550
3537
3550
3537
3550
3537
3525
3512
3500
3487
3500
3512
3500
3512
3525
3512
3500
3512
3500
3487
3500
3512
3500
3512
3525
3512
3500
3512
3525
3512
3500
3512
3500
3487
3500
3512
3500
3512
3500
3487
3475
3487
3475
3487
3475
3487
3500
3512
3500
3512
3500
3487
3475
3487
3475
3487
3475
3487
3475
3487
3475
3462
3450
3462
3450
3437
3462
3462
3462
3487
3512
3525
3562
3575
3587
3612
3650
3687
3750
3812
3850
3887
3900
3912
3900
3887
3875
3862
3825
3812
3800
3787
3775
3787
3775
3800
3800
3825
3812
3825
3800
3800
3775
3787
3775
3787
3775
3762
3750
3737
3725
3712
3725
3712
3700
3687
3675
3662
3650
3662
3650
3662
3650
3662
3650
3662
3650
3637
3625
3612
3612
3600
3612
3600
3612
3587
3587
3587
3587
3562
3575
3562
3550
3537
3550
3562
3575
3587
3600
3587
3575
3562
3550
3537
3550
3537
3550
3537
3550
3537
3550
3537
3550
3537
3550
3537
3550
3525
3525
3525
3525
3525
3537
3550
3537
3550
3537
3550
3537
3525
3512
3500
3487
3475
3487
3475
3487
3475
3487
3475
3487
3475
3487
3475
3487
3475
3487
3475
3462
3450
3437
3425
3437
3450
3462
3462
3462
3462
3487
3487
3500
3512
3500
3487
3500
3537
3562
3625
3662
3712
3737
3762
3762
3787
3800
3812
3825
3837
3862
3862
3887
3887
3912
3887
3887
3862
3862
3837
3850
3837
3825
3812
3800
3800
3800
3825
3825
3825
3812
3800
3787
3775
3787
3775
3762
3750
3737
3725
3737
3750
3737
3725
3725
3700
3675
3675
3675
3662
3650
3637
3625
3612
3612
3600
3612
3600
3612
3612
3625
3637
3650
3662
3650
3637
3637
3637
3612
3612
3612
3612
3600
3612
3600
3612
3600
3612
3600
3612
3600
3612
3600
3612
3600
3612
3600
3612
3600
3587
3575
3562
3550
3537
3550
3562
3562
3562
3562
3562
3537
3550
3537
3550
3537
3550
3537
3550
3537
3550
3537
3550
3537
3550
3537
3550
3537
3525
3512
3525
3512
3525
3537
3550
3537
3550
3562
3575
3587
3600
3612
3600
3587
3575
3562
3550
3537
3550
3537
3550
3537
3550
3537
3550
3537
3550
3537
3550
3537
3550
3537
3550
3537
3550
3562
3575
3587
3612
3650
3650
3675
3700
3725
3750
3812
3850
3887
3900
3912
3900
3912
3900
3887
3887
3887
3862
3862
3862
3850
3837
3850
3837
3850
3837
3850
3837
3850
3837
3850
3837
3850
3837
3825
3812
3800
3787
3775
3762
3750
3737
3725
3712
3700
3687
3675
3662
3650
3637
3625
3612
3612
3612
3625
3637
3650
3662
3650
3662
3650
3662
3650
3662
3650
3662
3650
3662
3650
3662
3637
3650
3637
3625
3612
3612
3612
3600
3587
3575
3562
3550
3537
3550
3537
3550
3537
3550
3537
3550
3537
3550
3537
3550
3537
3550
3537
3550
3537
3550
3537
3550
3537
3550
3537
3525
3512
3500
3487
3475
3487
3475
3487
3475
3487
3475
3487
3475
3487
3475
3487
3475
3487
3475
3487
3475
3487
3475
3487
3475
3487
3475
3487
3475
3487
3475
3487
3475
3487
3475
3487
3475
3487
3475
3487
3475
3487
3475
3487
3475
3487
3475
3487
3475
3487
3475
3487
3500
3500
3512
3525
3537
3550
3587
3625
3687
3750
3787
3825
3862
3875
3887
3900
3912
3925
3937
3950
3962
3975
3962
3950
3937
3925
3887
3875
3862
3850
3837
3850
3837
3850
3837
3850
3837
3850
3837
3850
3837
3850
3837
3850
3837
3825
3812
3800
3787
3775
3787
3775
3787
3775
3787
3775
3787
3775
3762
3762
3762
3737
3737
3737
3725
3712
3725
3700
3700
3675
3675
3650
3662
3650
3662
3675
3687
3675
3700
3700
3700
3700
3725
3712
3725
3712
3700
3687
3675
3662
3650
3637
3625
3637
3625
3637
3650
3662
3650
3637
3625
3600
3587
3562
3562
3537
3550
3537
3550
3537
3550
3537
3550
3537
3550
3537
3550
3562
3575
3587
3600
3612
3612
3625
3612
3637
3637
3612
3612
3612
3612
3600
3587
3575
3562
3550
3537
3550
3537
3550
3537
3550
3537
3550
3537
3550
3537
3550
3537
3550
3537
3550
3537
3550
3562
3562
3562
3562
3562
3537
3550
3562
3612
3675
3762
3850
3925
4000
4050
4112
4175
4237
4300
4375
4450
4525
4612
4712
4812
4912
5012
5112
5212
5312
5412
5500
5575
5637
5700
5762
5825
5887
5950
6012
6075
6125
6187
6250
6312
6350
6387
6425
6437
6450
6487
6500
6512
6550
6587
6625
6662
6675
6687
6675
6637
6625
6612
6600
6612
6625
6637
6650
6637
6625
6612
6600
6587
6575
6562
6550
6537
6525
6512
6475
6462
6450
6462
6475
6512
6525
6537
6525
6512
6500
6487
6450
6412
6375
6312
6275
6237
6225
6212
6237
6237
6262
6262
6287
6275
6287
6300
6312
6325
6337
6350
6362
6375
6387
6425
6437
6450
6487
6525
6537
6575
6587
6600
6587
6600
6587
6575
6537
6525
6487
6450
6412
6400
6362
6350
6337
6325
6325
6325
6325
6325
6350
6337
6350
6337
6350
6337
6350
6362
6375
6387
6400
6412
6425
6437
6450
6462
6475
6487
6500
6512
6525
6537
6525
6537
6525
6537
6550
6550
6550
6575
6575
6575
6587
6600
6575
6575
6575
6575
6575
6587
6600
6587
6600
6587
6600
6587
6575
6562
6575
6562
6550
6562
6575
6562
6575
6612
6650
6675
6750
6825
6900
6975
7050
7112
7175
7250
7300
7350
7400
7437
7475
7537
7600
7637
7650
7662
7675
7662
7650
7662
7650
7612
7600
7587
7550
7512
7475
7412
7375
7337
7325
7312
7300
7262
7262
7237
7237
7237
7262
7275
7287
7300
7337
7350
7362
7375
7387
7375
7362
7325
7287
7212
7162
7125
7075
7050
7037
7000
6962
6950
6912
6875
6862
6887
6875
6887
6900
6912
6912
6925
6912
6925
6900
6875
6850
6825
6800
6787
6750
6750
6737
6725
6712
6725
6712
6725
6725
6762
6775
6812
6825
6812
6800
6812
6800
6812
6825
6837
6825
6837
6812
6825
6812
6825
6812
6837
6825
6837
6825
6837
6850
6862
6850
6862
6850
6837
6825
6837
6812
6812
6787
6787
6762
6775
6787
6800
6812
6825
6837
6825
6850
6850
6875
6875
6875
6862
6850
6837
6812
6812
6787
6787
6762
6775
6762
6775
6762
6750
6737
6725
6725
6712
6725
6712
6725
6712
6725
6712
6725
6712
6700
6687
6675
6662
6650
6662
6650
6662
6650
6662
6675
6712
6762
6837
6912
6987
7050
7112
7150
7187
7212
7237
7262
7312
7325
7362
7375
7387
7375
7400
7400
7425
7425
7450
7437
7425
7412
7425
7412
7400
7412
7400
7387
7375
7362
7350
7325
7312
7300
7287
7275
7275
7262
7250
7237
7200
7187
7162
7150
7137
7150
7137
7150
7137
7150
7137
7150
7137
7150
7137
7162
7162
7162
7162
7162
7150
7137
7125
7112
7125
7112
7125
7137
7150
7162
7187
7200
7237
7275
7287
7275
7287
7275
7262
7250
7237
7225
7212
7212
7200
7187
7175
7162
7150
7137
7150
7137
7150
7137
7150
7137
7125
7112
7100
7062
7050
7037
7025
7012
7000
6987
6975
6962
6950
6937
6925
6937
6950
6962
7000
7012
7025
7037
7050
7062
7075
7087
7100
7112
7125
7137
7150
7137
7150
7137
7150
7137
7150
7137
7150
7137
7125
7112
7100
7062
7050
7037
7025
7012
7000
6962
6950
6912
6900
6887
6875
6862
6850
6837
6825
6837
6825
6812
6775
6737
6700
6675
6662
6650
6662
6650
6637
6625
6612
6575
6562
6575
6562
6575
6587
6600
6612
6650
6662
6700
6725
6762
6800
6837
6887
6937
6987
7012
7062
7100
7112
7125
7162
7175
7187
7187
7187
7162
7137
7112
7100
7062
7062
7062
7025
7012
7000
6950
6925
6912
6875
6862
6850
6812
6800
6787
6750
6712
6700
6675
6662
6637
6637
6612
6587
6537
6525
6487
6475
6462
6475
6462
6475
6462
6475
6462
6487
6487
6487
6487
6487
6475
6462
6475
6450
6462
6450
6462
6475
6500
6512
6550
6562
6575
6587
6600
6612
6625
6637
6650
6675
6675
6700
6700
6725
6712
6725
6712
6700
6662
6650
6612
6575
6562
6550
6512
6500
6487
6475
6462
6475
6462
6450
6437
6425
6412
6400
6412
6400
6412
6400
6412
6400
6412
6400
6412
6400
6412
6400
6387
6375
6387
6375
6387
6425
6437
6425
6450
6450
6450
6450
6475
6462
6475
6462
6475
6462
6475
6462
6475
6462
6450
6437
6425
6412
6400
6387
6400
6400
6400
6400
6425
6400
6412
6425
6437
6450
6462
6475
6462
6475
6462
6450
6437
6450
6437
6425
6437
6425
6412
6400
6412
6400
6412
6400
6412
6400
6387
6375
6362
6350
6362
6375
6362
6375
6387
6362
6375
6387
6375
6362
6362
6350
6362
6400
6437
6512
6587
6650
6725
6775
6812
6862
6887
6912
6962
7012
7025
7062
7075
7087
7075
7087
7075
7087
7062
7075
7062
7050
7037
7037
7000
6987
7000
6987
7000
7012
7025
7012
7000
6987
6975
6937
6900
6887
6850
6837
6825
6812
6800
6787
6775
6762
6750
6737
6725
6725
6712
6700
6687
6675
6662
6650
6637
6625
6612
6575
6562
6550
6512
6500
6512
6500
6512
6550
6562
6575
6587
6600
6587
6600
6587
6575
6562
6550
6512
6500
6487
6475
6462
6475
6462
6475
6462
6475
6462
6450
6437
6425
6412
6387
6362
6337
6312
6287
6275
6262
6250
6237
6225
6212
6200
6162
6150
6125
6112
6100
6087
6075
6062
6050
6037
6025
6012
6000
5987
5975
5987
5975
5987
5975
5987
5975
5987
5975
5987
5975
5987
5975
5987
5975
5987
5975
5987
6000
6037
6050
6087
6100
6125
6112
6125
6112
6125
6100
6087
6075
6062
6025
6012
6000
5962
5950
5937
5925
5912
5925
5912
5925
5937
5975
6012
6075
6137
6212
6287
6362
6437
6500
6537
6587
6637
6675
6725
6775
6812
6850
6862
6875
6912
6925
6912
6925
6937
6925
6937
6950
6937
6925
6912
6900
6887
6900
6887
6900
6887
6875
6862
6850
6812
6800
6787
6775
6762
6750
6737
6725
6725
6712
6725
6712
6700
6687
6675
6662
6650
6637
6600
6587
6550
6512
6462
6437
6387
6362
6337
6325
6312
6300
6287
6275
6287
6300
6312
6325
6337
6350
6362
6362
6362
6387
6375
6362
6362
6337
6312
6300
6262
6250
6237
6200
6187
6175
6175
6162
6175
6175
6187
6200
6212
6225
6237
6275
6287
6300
6312
6325
6312
6325
6337
6325
6312
6300
6287
6275
6287
6275
6287
6300
6312
6325
6337
6350
6337
6350
6337
6350
6337
6325
6287
6275
6237
6200
6187
6175
6150
6137
6125
6087
6050
6037
6000
5987
5975
5987
5975
5962
5950
5962
5950
5937
5950
5962
5950
5962
5975
5987
5975
5987
5975
5962
5950
5937
5925
5912
5925
5912
5925
5912
5925
5937
5950
5962
6000
6037
6050
6087
6100
6112
6125
6137
6150
6175
6212
6250
6312
6375
6437
6500
6562
6625
6675
6737
6812
6887
6962
7037
7087
7125
7162
7187
7200
7212
7225
7212
7212
7200
7187
7175
7162
7125
7125
7112
7075
7037
7000
6950
6900
6850
6825
6787
6762
6750
6762
6750
6775
6787
6800
6787
6800
6787
6775
6762
6750
6712
6675
6625
6562
6525
6487
6475
6462
6450
6437
6425
6412
6387
6387
6362
6362
6337
6350
6362
6375
6362
6375
6362
6350
6337
6350
6337
6362
6362
6362
6362
6362
6350
6337
6325
6312
6300
6287
6262
6275
6250
6250
6225
6212
6187
6162
6150
6125
6125
6100
6112
6100
6112
6125
6150
6162
6200
6212
6225
6212
6225
6237
6250
6237
6250
6237
6225
6200
6200
6200
6200
6200
6212
6225
6212
6225
6237
6250
6262
6275
6287
6300
6312
6325
6337
6350
6337
6350
6337
6350
6337
6325
6312
6300
6287
6262
6262
6237
6237
6212
6225
6212
6225
6212
6225
6212
6225
6237
6275
6287
6325
6337
6325
6312
6300
6262
6250
6237
6225
6212
6200
6187
6200
6187
6200
6212
6225
6212
6225
6212
6225
6212
6225
6212
6200
6187
6175
6150
6137
6150
6137
6125
6112
6112
6087
6087
6112
6150
6150
6175
6200
6200
6200
6237
6275
6312
6375
6437
6475
6525
6575
6625
6662
6737
6775
6825
6850
6875
6900
6950
6987
7050
7087
7125
7162
7175
7187
7200
7212
7200
7187
7150
7137
7100
7087
7075
7087
7062
7062
7037
7037
7012
7025
7012
7025
7012
7000
7000
7000
7000
7000
7025
7000
7000
7000
7000
7000
7012
7000
6987
6975
6937
6900
6887
6850
6837
6825
6837
6825
6812
6775
6762
6725
6725
6712
6725
6712
6725
6712
6725
6725
6737
6725
6737
6725
6725
6712
6725
6712
6700
6687
6675
6662
6650
6637
6625
6612
6600
6587
6575
6537
6525
6487
6475
6462
6475
6462
6475
6462
6475
6487
6500
6512
6525
6550
6550
6575
6600
6625
6612
6625
6612
6600
6587
6600
6587
6600
6587
6612
6612
6612
6612
6612
6600
6587
6575
6562
6550
6537
6525
6537
6525
6537
6550
6562
6537
6537
6537
6512
6512
6525
6537
6525
6537
6550
6562
6575
6587
6600
6587
6600
6587
6600
6587
6600
6587
6600
6587
6575
6562
6550
6537
6525
6537
6525
6537
6525
6537
6525
6537
6562
6587
6612
6662
6700
6737
6800
6862
6925
6987
7050
7112
7175
7250
7337
7400
7462
7487
7512
7525
7537
7550
7587
7600
7587
7612
7612
7587
7562
7537
7475
7412
7350
7287
7250
7212
7212
7200
7212
7200
7212
7200
7212
7200
7187
7175
7162
7125
7112
7100
7087
7075
7087
7062
7037
7012
6987
6962
6950
6962
6950
6937
6925
6912
6900
6912
6925
6912
6925
6912
6900
6912
6912
6912
6912
6912
6887
6900
6887
6900
6887
6900
6887
6875
6862
6850
6837
6825
6812
6800
6787
6750
6737
6725
6700
6687
6675
6662
6650
6662
6650
6662
6650
6662
6650
6662
6650
6637
6625
6637
6625
6637
6650
6662
6650
6662
6650
6675
6662
6675
6687
6687
6675
6675
6650
6625
6612
6600
6587
6600
6587
6575
6562
6550
6537
6550
6562
6575
6587
6600
6587
6600
6587
6600
6612
6625
6612
6625
6612
6600
6587
6600
6587
6600
6587
6600
6587
6600
6612
6625
6637
6650
6662
6675
6687
6700
6712
6725
6712
6725
6712
6725
6712
6700
6687
6675
6637
6625
6612
6600
6587
6600
6587
6600
6587
6612
6612
6650
6675
6737
6787
6837
6887
6937
6987
7037
7112
7150
7187
7212
7250
7262
7312
7362
7412
7437
7487
7525
7537
7550
7562
7550
7537
7525
7512
7500
7487
7450
7412
7350
7312
7275
7262
7250
7262
7250
7262
7250
7237
7200
7162
7137
7100
7062
7050
7037
7000
6987
6975
6962
6950
6962
6950
6962
6950
6962
6950
6975
6975
6975
6975
6975
6962
6975
6987
7000
7012
7037
7037
7037
7037
7037
7025
7012
7025
7012
7000
6962
6950
6912
6875
6862
6850
6812
6800
6787
6775
6762
6775
6762
6775
6762
6775
6762
6775
6762
6775
6762
6775
6762
6750
6737
6725
6725
6712
6725
6712
6725
6725
6737
6750
6762
6775
6762
6750
6737
6725
6700
6687
6675
6637
6625
6612
6600
6587
6600
6587
6600
6587
6600
6587
6575
6562
6550
6537
6512
6512
6487
6487
6450
6425
6412
6375
6337
6312
6312
6275
6262
6250
6237
6225
6212
6200
6162
6125
6100
6062
6025
6012
6000
5962
5925
5912
5875
5837
5825
5812
5775
5737
5700
5637
5587
5525
5462
5400
5362
5325
5312
5300
5312
5325
5337
5350
5387
5400
5412
5425
5437
5425
5437
5425
5437
5425
5412
5375
5362
5325
5287
5250
5237
5200
5162
5125
5087
5037
5000
4962
4925
4912
4900
4862
4850
4837
4825
4812
4825
4812
4825
4812
4825
4812
4800
4762
4725
4687
4637
4637
4612
4587
4537
4500
4462
4425
4412
4400
4387
4337
4325
4287
4275
4250
4250
4225
4200
4175
4162
4150
4137
4150
4137
4125
4112
4100
4100
4087
4100
4087
4075
4037
3987
3912
3837
3787
3762
3750
3762
3775
3787
3775
3762
3750
3737
3700
3700
3687
3675
3662
3675
3650
3637
3625
3612
3612
3600
3612
3600
3612
3600
3612
3600
3612
3600
3612
3600
3587
3575
3562
3550
3537
3550
3537
3550
3537
3550
3537
3550
3537
3550
3562
3575
3587
3600
3612
3600
3612
3600
3612
3600
3612
3587
3600
3587
3600
3587
3612
3600
3587
3537
3512
3462
3412
3400
3400
3400
3400
3400
3387
3375
3362
3350
3362
3350
3362
3350
3362
3350
3362
3350
3362
3350
3362
3350
3362
3350
3362
3350
3362
3350
3362
3350
3362
3350
3362
3350
3362
3350
3337
3325
3337
3325
3312
3325
3337
3325
3337
3350
3362
3375
3387
3400
3412
3425
3437
3475
3512
3562
3600
3637
3675
3712
3725
3762
3775
3787
3775
3787
3775
3787
3775
3787
3775
3762
3750
3737
3725
3712
3725
3712
3700
3687
3675
3662
3650
3662
3650
3662
3650
3662
3650
3662
3650
3637
3625
3612
3612
3600
3612
3600
3612
3600
3587
3575
3562
3550
3537
3550
3537
3550
3537
3550
3537
3550
3537
3550
3537
3550
3537
3550
3537
3525
3512
3500
3487
3475
3487
3475
3487
3475
3462
3450
3462
3450
3437
3450
3437
3425
3412
3425
3437
3450
3437
3450
3437
3425
3412
3425
3412
3400
3387
3375
3362
3375
3387
3400
3412
3425
3412
3425
3412
3425
3412
3400
3400
3400
3375
3375
3375
3375
3362
3375
3362
3375
3350
3362
3350
3362
3350
3362
3350
3362
3350
3362
3350
3362
3350
3362
3350
3362
3350
3362
3350
3362
3350
3337
3337
3337
3312
3325
3325
3312
3300
3312
3312
3325
3312
3325
3337
3325
3337
3375
3412
3425
3462
3500
3512
3537
3562
3587
3600
3625
3637
3675
3687
3700
3712
3725
3712
3725
3712
3725
3712
3725
3712
3700
3687
3675
3662
3650
3662
3650
3662
3650
3675
3662
3650
3637
3625
3612
3600
3612
3600
3612
3600
3612
3600
3612
3587
3587
3587
3587
3562
3575
3562
3550
3537
3550
3537
3525
3512
3500
3487
3475
3487
3475
3487
3475
3487
3475
3487
3475
3487
3475
3487
3475
3487
3475
3487
3475
3487
3475
3487
3475
3487
3475
3487
3475
3487
3475
3487
3475
3487
3475
3462
3450
3437
3425
3412
3425
3412
3425
3412
3425
3412
3425
3412
3425
3412
3425
3412
3425
3412
3425
3412
3400
3387
3375
3362
3375
3387
3375
3387
3400
3387
3375
3387
3375
3362
3350
3362
3350
3362
3350
3362
3350
3362
3350
3362
3350
3362
3350
3362
3350
3362
3350
3362
3350
3362
3350
3362
3350
3312
3300
3312
3300
3312
3350
3337
3325
3337
3325
3312
3325
3312
3300
3287
3300
3287
3300
3287
3300
3287
3300
3287
3300
3287
3300
3287
3300
3287
3300
3287
3300
3287
3300
3287
3300
3287
3300
3287
3300
3312
3350
3387
3425
3462
3500
3512
3525
3562
3587
3625
3662
3700
3712
3725
3712
3725
3700
3712
3700
3712
3687
3700
3675
3675
3650
3662
3650
3662
3650
3637
3625
3637
3612
3612
3637
3637
3612
3625
3612
3612
3600
3612
3600
3587
3575
3587
3562
3562
3562
3562
3537
3525
3512
3500
3487
3475
3487
3475
3462
3450
3462
3450
3462
3475
3487
3475
3487
3475
3487
3475
3487
3475
3487
3475
3487
3475
3487
3475
3487
3475
3487
3475
3487
3475
3487
3475
3462
3450
3462
3450
3437
3450
3437
3425
3412
3425
3412
3425
3412
3425
3412
3425
3400
3412
3400
3412
3400
3400
3387
3375
3362
3375
3387
3375
3387
3375
3362
3350
3362
3350
3362
3350
3362
3350
3362
3350
3362
3350
3362
3350
3362
3350
3362
3350
3362
3350
3362
3350
3362
3350
3337
3325
3337
3325
3312
3325
3337
3325
3337
3350
3362
3350
3362
3350
3337
3325
3312
3300
3287
3300
3287
3300
3287
3300
3287
3300
3287
3300
3287
3300
3287
3300
3287
3300
3287
3300
3287
3300
3287
3300
3287
3300
3287
3300
3287
3300
3287
3300
3312
3325
3337
3375
3412
3450
3512
3562
3600
3637
3675
3675
3687
3700
3712
3700
3725
3712
3725
3712
3725
3712
3725
3712
3725
3712
3700
3687
3675
3662
3650
3662
3650
3662
3650
3662
3650
3662
3650
3662
3650
3662
3650
3662
3650
3662
3650
3662
3650
3637
3625
3612
3612
3600
3612
3600
3587
3575
3562
3550
3537
3525
3512
3525
3512
3525
3525
3537
3525
3537
3525
3525
3525
3525
3525
3525
3550
3537
3550
3537
3525
3512
3500
3487
3475
3487
3500
3500
3500
3500
3500
3475
3487
3475
3462
3450
3462
3450
3437
3450
3437
3425
3412
3425
3412
3425
3412
3425
3412
3425
3412
3425
3412
3425
3412
3425
3412
3425
3412
3425
3412
3425
3412
3425
3412
3425
3412
3425
3412
3425
3412
3425
3412
3425
3412
3425
3412
3425
3412
3400
3400
3400
3400
3400
3425
3412
3425
3412
3425
3412
3425
3412
3400
3387
3375
3362
3350
3362
3350
3362
3350
3362
3350
3362
3375
3375
3375
3375
3375
3350
3362
3350
3362
3350
3362
3350
3375
3375
3375
3375
3375
3362
3375
3412
3425
3462
3500
3537
3562
3600
3637
3675
3712
3725
3762
3775
3787
3775
3787
3775
3787
3775
3762
3750
3737
3725
3712
3725
3712
3725
3712
3725
3712
3725
3712
3725
3700
3700
3700
3700
3675
3687
3675
3662
3650
3662
3650
3662
3650
3662
3650
3662
3650
3662
3650
3662
3650
3662
3650
3625
3612
3600
3575
3562
3562
3525
3512
3525
3512
3525
3537
3550
3537
3550
3537
3550
3537
3550
3537
3550
3537
3550
3537
3550
3537
3550
3537
3550
3537
3550
3537
3525
3525
3525
3500
3500
3500
3487
3475
3487
3475
3487
3475
3487
3475
3487
3475
3462
3425
3412
3400
3412
3412
3450
3462
3450
3412
3412
3400
3412
3425
3437
3425
3412
3400
3412
3425
3437
3450
3437
3400
3387
3400
3412
3412
3437
3437
3412
3387
3400
3387
3375
3387
3375
3362
3350
3362
3350
3362
3350
3362
3350
3362
3337
3350
3337
3350
3362
3387
3375
3362
3325
3287
3275
3287
3325
3362
3375
3362
3325
3287
3275
3287
3300
3312
3287
3275
3262
3275
3287
3337
3350
3362
3375
3412
3425
3475
3500
3525
3550
3587
3625
3662
3700
3700
3700
3700
3700
3700
3712
3725
3712
3725
3712
3700
3687
3700
3675
3650
3650
3650
3625
3612
3625
3637
3625
3637
3650
3637
3625
3612
3612
3612
3625
3612
3625
3612
3612
3600
3612
3600
3612
3600
3587
3575
3562
3550
3562
3562
3537
3537
3512
3487
3475
3462
3450
3462
3450
3437
3450
3462
3450
3462
3475
3487
3475
3487
3475
3462
3450
3437
3425
3412
3425
3412
3425
3412
3425
3412
3425
3412
3400
3362
3350
3337
3350
3362
3400
3412
3400
3387
3375
3362
3350
3362
3350
3337
3300
3287
3275
3287
3325
3387
3425
3425
3400
3350
3275
3225
3212
3225
3262
3325
3387
3450
3487
3500
3462
3400
3312
3250
3212
3225
3275
3350
3400
3412
3400
3350
3300
3250
3250
3275
3325
3350
3375
3362
3312
3262
3212
3200
3212
3262
3287
3312
3300
3287
3275
3262
3275
3312
3325
3312
3300
3287
3275
3262
3275
3287
3275
3262
3250
3250
3250
3275
3275
3300
3287
3275
3262
3250
3237
3225
3237
3225
3237
3250
3250
3225
3225
3225
3200
3212
3250
3262
3275
3312
3325
3337
3350
3362
3375
3412
3425
3462
3500
3512
3525
3562
3575
3562
3587
3600
3600
3625
3675
3687
3675
3687
3675
3662
3650
3637
3625
3612
3612
3600
3612
3600
3587
3575
3562
3562
3562
3562
3562
3587
3587
3587
3587
3587
3562
3550
3562
3575
3562
3575
3562
3550
3537
3525
3512
3487
3462
3437
3437
3437
3450
3437
3425
3425
3400
3400
3400
3425
3412
3425
3412
3425
3412
3425
3412
3425
3412
3425
3412
3425
3412
3400
3387
3375
3362
3350
3362
3350
3362
3350
3337
3337
3337
3337
3337
3337
3325
3312
3300
3287
3300
3312
3325
3312
3300
3287
3275
3262
3275
3287
3300
3287
3300
3287
3275
3262
3275
3262
3275
3287
3300
3287
3300
3287
3275
3262
3275
3262
3275
3287
3275
3262
3250
3237
3225
3237
3250
3262
3250
3262
3250
3237
3225
3237
3225
3237
3225
3237
3225
3237
3225
3237
3225
3237
3225
3237
3225
3237
3225
3237
3225
3212
3200
3212
3200
3187
3200
3187
3175
3187
3200
3212
3212
3212
3187
3187
3162
3175
3187
3225
3237
3275
3287
3300
3312
3350
3387
3425
3462
3500
3537
3550
3587
3612
3625
3637
3650
3637
3600
3587
3562
3550
3537
3550
3537
3550
3537
3525
3512
3525
3512
3525
3537
3550
3537
3550
3537
3550
3537
3550
3537
3525
3512
3500
3487
3475
3487
3475
3462
3450
3437
3425
3412
3425
3412
3425
3412
3425
3412
3425
3412
3425
3412
3400
3387
3375
3375
3375
3400
3400
3425
3412
3425
3412
3425
3412
3425
3412
3400
3387
3375
3362
3350
3362
3350
3337
3325
3337
3325
3312
3325
3312
3300
3287
3300
3287
3300
3287
3300
3287
3300
3287
3300
3287
3300
3287
3300
3287
3275
3262
3275
3262
3275
3287
3300
3287
3300
3287
3275
3275
3275
3250
3250
3275
3262
3275
3287
3275
3262
3250
3237
3225
3237
3225
3237
3225
3237
3225
3237
3225
3237
3225
3237
3225
3237
3225
3237
3225
3237
3225
3237
3225
3237
3212
3212
3187
3187
3162
3175
3162
3175
3187
3200
3212
3225
3237
3225
3237
3250
3287
3325
3387
3450
3487
3525
3562
3575
3587
3612
3625
3612
3625
3612
3575
3550
3550
3525
3525
3537
3550
3537
3550
3537
3525
3512
3500
3462
3450
3437
3400
3387
3375
3362
3350
3362
3375
3387
3400
3412
3400
3387
3375
3375
3362
3375
3362
3375
3350
3362
3350
3362
3350
3362
3337
3337
3337
3337
3337
3350
3362
3350
3362
3350
3337
3325
3312
3300
3287
3300
3287
3300
3287
3300
3287
3300
3287
3300
3287
3300
3287
3300
3287
3300
3287
3300
3287
3300
3287
3300
3287
3275
3262
3250
3237
3225
3237
3225
3250
3250
3275
3262
3275
3250
3250
3225
3250
3237
3250
3237
3250
3225
3237
3225
3237
3225
3237
3225
3237
3225
3212
3200
3212
3200
3187
3200
3187
3175
3162
3175
3162
3175
3162
3175
3187
3187
3187
3212
3212
3212
3250
3287
3325
3387
3425
3462
3500
3512
3525
3562
3575
3587
3600
3587
3575
3562
3550
3537
3550
3537
3550
3537
3525
3512
3500
3487
3475
3487
3475
3487
3475
3487
3462
3462
3462
3462
3437
3450
3462
3450
3437
3450
3437
3425
3412
3425
3412
3425
3412
3400
3387
3375
3362
3350
3362
3350
3337
3325
3337
3312
3312
3312
3312
3312
3325
3312
3325
3312
3300
3287
3300
3287
3300
3287
3300
3287
3300
3287
3300
3287
3300
3287
3300
3287
3275
3262
3250
3237
3225
3237
3225
3237
3225
3237
3225
3237
3225
3237
3225
3237
3225
3237
3225
3237
3225
3237
3225
3237
3225
3237
3225
3237
3225
3212
3200
3212
3200
3212
3225
3212
3200
3187
3175
3162
3175
3162
3175
3162
3175
3162
3175
3162
3175
3162
3175
3162
3175
3162
3175
3162
3175
3162
3175
3162
3175
3162
3187
3175
3187
3175
3187
3162
3175
3162
3175
3162
3175
3162
3175
3150
3162
3150
3162
3150
3175
3162
3175
3162
3175
3162
3150
3137
3150
3137
3150
3162
3175
3187
3225
3237
3275
3312
3350
3362
3400
3437
3450
3462
3500
3512
3525
3537
3562
3562
3587
3587
3612
3600
3587
3575
3562
3550
3537
3550
3537
3550
3537
3525
3512
3525
3500
3500
3500
3500
3475
3487
3475
3487
3475
3487
3475
3487
3475
3487
3475
3487
3475
3462
3450
3437
3400
3387
3375
3362
3350
3362
3350
3362
3350
3362
3350
3362
3350
3362
3350
3362
3350
3362
3350
3362
3350
3362
3350
3362
3350
3362
3350
3362
3350
3362
3350
3362
3350
3362
3350
3362
3350
3362
3350
3337
3325
3312
3300
3287
3300
3287
3300
3287
3300
3287
3300
3287
3300
3275
3275
3275
3275
3275
3287
3300
3287
3300
3275
3275
3275
3275
3250
3262
3275
3262
3275
3287
3300
3287
3275
3262
3250
3237
3250
3262
3250
3262
3250
3237
3225
3237
3225
3237
3225
3237
3225
3237
3225
3237
3225
3237
3225
3237
3225
3237
3225
3237
3225
3237
3225
3237
3225
3237
3225
3237
3225
3237
3225
3237
3225
3237
3225
3212
3200
3187
3175
3187
3200
3212
3225
3237
3225
3237
3250
3262
3275
3287
3312
3312
3337
3362
3387
3400
3437
3475
3487
3525
3562
3575
3587
3600
3612
3600
3612
3600
3612
3612
3625
3637
3650
3662
3650
3662
3675
3712
3725
3762
3800
3812
3825
3862
3875
3887
3900
3925
3950
3975
4000
4050
4062
4075
4100
4137
4187
4237
4287
4337
4387
4400
4437
4475
4512
4550
4587
4625
4650
4700
4725
4775
4825
4875
4912
4975
5037
5087
5125
5162
5200
5212
5225
5262
5275
5287
5300
5312
5300
5312
5325
5325
5325
5350
5350
5350
5362
5350
5337
5350
5337
5350
5362
5375
5362
5375
5362
5375
5362
5375
5362
5375
5362
5375
5362
5375
5362
5375
5387
5400
5412
5450
5462
5475
5487
5500
5487
5500
5487
5500
5487
5500
5487
5500
5487
5500
5487
5500
5487
5500
5487
5500
5487
5500
5512
5525
5500
5475
5425
5375
5325
5312
5300
5312
5325
5337
5350
5362
5375
5387
5437
5450
5487
5500
5512
5487
5500
5487
5500
5487
5500
5487
5500
5475
5475
5475
5500
5500
5537
5575
5612
5637
5700
5775
5850
5925
5975
6000
6012
6000
5987
6000
6050
6087
6162
6237
6312
6375
6437
6500
6537
6575
6612
6650
6675
6737
6775
6812
6825
6837
6812
6812
6787
6762
6737
6725
6725
6712
6700
6687
6675
6662
6675
6687
6675
6662
6650
6612
6575
6537
6500
6462
6450
6437
6425
6437
6425
6387
6375
6350
6325
6300
6275
6250
6237
6200
6162
6150
6125
6112
6100
6112
6100
6087
6075
6087
6100
6112
6150
6162
6175
6175
6200
6200
6225
6212
6225
6212
6200
6187
6175
6150
6137
6125
6112
6100
6112
6100
6087
6087
6087
6087
6087
6112
6087
6062
6037
6012
5962
5950
5937
5925
5912
5900
5862
5850
5812
5800
5787
5800
5787
5800
5812
5850
5850
5875
5900
5900
5875
5900
5900
5900
5900
5925
5912
5925
5912
5925
5912
5925
5912
5925
5900
5900
5875
5875
5850
5837
5825
5837
5825
5837
5850
5862
5850
5862
5850
5837
5825
5812
5800
5787
5800
5812
5825
5837
5850
5862
5875
5875
5875
5875
5875
5850
5862
5850
5862
5850
5862
5850
5862
5875
5912
5950
6025
6087
6162
6237
6312
6375
6437
6500
6562
6600
6637
6650
6662
6650
6662
6650
6662
6650
6662
6675
6687
6700
6712
6700
6662
6650
6612
6575
6537
6500
6437
6400
6362
6350
6337
6350
6337
6350
6337
6350
6337
6325
6312
6300
6262
6225
6212
6162
6125
6100
6075
6050
6037
6050
6037
6050
6062
6075
6062
6087
6112
6112
6112
6137
6125
6112
6100
6087
6075
6062
6050
6037
6050
6037
6050
6037
6050
6037
6050
6037
6050
6037
6050
6037
6050
6062
6075
6062
6075
6087
6075
6087
6100
6087
6050
6037
6000
5962
5950
5937
5925
5912
5925
5912
5937
5937
5962
5950
5937
5925
5912
5900
5900
5900
5887
5875
5862
5850
5862
5850
5862
5875
5875
5875
5875
5875
5850
5862
5837
5850
5837
5825
5812
5812
5800
5787
5800
5787
5800
5787
5800
5825
5850
5875
5900
5925
5912
5925
5900
5900
5875
5875
5875
5875
5850
5850
5825
5800
5787
5775
5762
5750
5737
5725
5712
5700
5687
5687
5687
5712
5712
5737
5725
5737
5750
5762
5787
5850
5912
5975
6062
6125
6200
6250
6300
6350
6375
6387
6425
6462
6475
6525
6550
6575
6575
6600
6587
6612
6612
6612
6612
6612
6600
6587
6600
6587
6600
6587
6575
6562
6550
6537
6525
6537
6525
6537
6550
6562
6575
6587
6600
6612
6625
6637
6637
6637
6612
6587
6537
6525
6487
6475
6462
6450
6437
6425
6412
6400
6412
6400
6412
6425
6437
6450
6462
6475
6462
6475
6462
6450
6437
6412
6387
6362
6362
6337
6350
6337
6350
6337
6350
6337
6350
6337
6350
6337
6350
6362
6375
6362
6375
6387
6375
6362
6375
6362
6350
6337
6325
6312
6300
6262
6250
6237
6200
6187
6175
6175
6175
6187
6175
6200
6200
6200
6200
6225
6212
6225
6200
6212
6200
6187
6175
6175
6150
6137
6125
6112
6100
6112
6100
6112
6100
6112
6125
6125
6125
6125
6125
6100
6087
6075
6062
6050
6037
6050
6037
6025
5987
5975
5937
5925
5937
5950
5962
5975
5987
6000
6012
6000
6012
6000
5962
5950
5937
5925
5937
5975
6012
6050
6087
6125
6137
6150
6150
6125
6075
6025
5950
5912
5900
5912
5950
6025
6087
6162
6250
6337
6412
6487
6562
6625
6675
6725
6775
6825
6825
6850
6850
6825
6812
6800
6787
6762
6737
6700
6675
6662
6675
6700
6712
6750
6762
6775
6762
6775
6762
6775
6762
6750
6712
6675
6625
6587
6550
6537
6525
6537
6525
6537
6550
6562
6575
6587
6600
6587
6600
6587
6575
6562
6550
6512
6500
6487
6475
6462
6475
6462
6475
6462
6475
6462
6475
6450
6450
6425
6400
6375
6362
6325
6312
6300
6262
6225
6212
6175
6175
6162
6175
6162
6150
6112
6100
6062
6050
6037
6050
6037
6062
6062
6087
6087
6125
6125
6150
6150
6175
6162
6175
6162
6150
6112
6100
6087
6075
6062
6075
6062
6062
6050
6062
6050
6062
6062
6075
6062
6075
6062
6050
6037
6050
6062
6075
6062
6075
6062
6025
6012
6025
6012
6000
6012
6000
5987
5975
5987
5975
5987
5975
5987
5975
5987
5975
5987
5975
5987
5975
5962
5925
5912
5900
5887
5875
5887
5875
5862
5875
5887
5900
5912
5925
5912
5925
5912
5925
5912
5925
5912
5900
5887
5875
5862
5850
5862
5850
5862
5875
5887
5900
5937
5975
6012
6075
6125
6187
6250
6312
6375
6437
6500
6562
6600
6637
6675
6687
6700
6712
6725
6712
6725
6712
6725
6700
6700
6675
6675
6650
6637
6600
6562
6525
6487
6475
6450
6450
6425
6425
6400
6412
6425
6437
6450
6462
6450
6412
6375
6312
6275
6237
6225
6212
6200
6200
6200
6175
6150
6150
6125
6112
6100
6087
6075
6062
6050
6037
6050
6037
6050
6037
6050
6037
6050
6037
6050
6037
6050
6037
6062
6062
6087
6087
6125
6125
6150
6150
6175
6162
6175
6175
6187
6200
6237
6250
6262
6275
6287
6275
6287
6275
6262
6250
6262
6250
6262
6275
6287
6275
6287
6300
6312
6325
6325
6337
6325
6337
6325
6350
6337
6325
6312
6300
6287
6275
6262
6225
6212
6200
6187
6200
6212
6225
6212
6200
6187
6175
6150
6112
6075
6037
6000
5987
5975
5987
5975
5987
5975
5987
5975
5987
5975
5987
5975
5987
5975
5962
5950
5962
5950
5962
6000
6012
6037
6062
6087
6112
6150
6162
6200
6237
6287
6312
6362
6412
6462
6500
6575
6625
6675
6712
6762
6775
6812
6825
6837
6850
6887
6900
6912
6925
6912
6900
6887
6900
6887
6875
6862
6837
6812
6787
6762
6737
6725
6725
6712
6700
6662
6650
6637
6625
6637
6650
6637
6625
6612
6575
6562
6550
6537
6525
6512
6500
6487
6475
6462
6475
6462
6450
6437
6450
6437
6425
6437
6425
6387
6387
6387
6387
6387
6412
6425
6437
6450
6462
6450
6437
6425
6412
6400
6387
6375
6362
6350
6337
6350
6337
6350
6337
6350
6362
6375
6362
6375
6362
6350
6362
6375
6362
6375
6362
6350
6337
6350
6337
6350
6337
6350
6362
6375
6387
6425
6437
6425
6450
6450
6450
6450
6475
6462
6475
6462
6450
6437
6425
6412
6400
6387
6375
6387
6375
6362
6350
6312
6275
6262
6250
6237
6225
6212
6200
6187
6200
6212
6225
6237
6250
6262
6300
6312
6325
6337
6325
6325
6325
6325
6350
6375
6362
6350
6337
6300
6287
6275
6287
6275
6262
6250
6237
6225
6212
6225
6212
6225
6212
6225
6212
6225
6212
6225
6212
6225
6212
6225
6212
6225
6237
6250
6275
6300
6325
6350
6400
6412
6462
6487
6537
6587
6650
6712
6775
6825
6875
6925
6975
7050
7087
7125
7137
7150
7137
7150
7137
7125
7112
7100
7062
7050
7037
7000
6987
6975
6937
6925
6912
6900
6887
6900
6887
6900
6887
6900
6887
6900
6887
6900
6887
6900
6887
6900
6887
6900
6887
6875
6862
6850
6837
6825
6812
6800
6787
6750
6712
6700
6675
6662
6650
6662
6650
6662
6650
6662
6650
6662
6650
6637
6625
6637
6625
6637
6637
6650
6637
6625
6612
6612
6600
6612
6625
6612
6625
6612
6600
6575
6575
6575
6575
6550
6562
6575
6562
6575
6587
6600
6587
6600
6587
6600
6587
6575
6537
6525
6487
6475
6462
6475
6462
6475
6462
6475
6462
6475
6462
6487
6475
6487
6475
6462
6450
6450
6450
6450
6450
6437
6425
6412
6400
6412
6400
6387
6375
6362
6350
6337
6350
6362
6375
6362
6375
6362
6350
6337
6350
6337
6325
6325
6325
6325
6325
6350
6337
6350
6337
6325
6287
6275
6237
6200
6187
6175
6175
6175
6187
6200
6212
6225
6212
6225
6237
6275
6312
6375
6437
6500
6562
6625
6675
6737
6800
6862
6900
6950
7000
7050
7075
7125
7137
7150
7137
7125
7112
7100
7062
7050
7037
7025
7012
7025
7037
7050
7037
7050
7037
7000
6987
6975
6962
6950
6937
6900
6887
6850
6812
6775
6762
6725
6700
6687
6675
6637
6625
6612
6575
6562
6575
6562
6575
6587
6575
6562
6575
6562
6575
6587
6600
6612
6612
6612
6637
6637
6637
6650
6662
6650
6662
6650
6662
6650
6637
6625
6612
6600
6587
6600
6587
6575
6562
6550
6537
6525
6537
6525
6537
6525
6537
6525
6537
6525
6537
6525
6537
6525
6537
6550
6562
6550
6562
6550
6512
6500
6487
6450
6437
6425
6412
6425
6437
6425
6437
6425
6412
6400
6412
6400
6387
6375
6362
6325
6312
6300
6287
6275
6287
6275
6287
6300
6312
6325
6362
6375
6387
6425
6437
6450
6462
6475
6462
6450
6437
6425
6375
6350
6325
6300
6275
6287
6275
6262
6250
6237
6225
6237
6250
6262
6275
6287
6300
6312
6325
6337
6350
6362
6375
6387
6425
6462
6512
6587
6650
6725
6800
6862
6937
7012
7087
7137
7187
7212
7225
7237
7250
7262
7250
7262
7250
7262
7250
7237
7225
7200
7162
7137
7100
7037
7012
6987
6937
6925
6912
6900
6887
6900
6912
6950
6987
7025
7062
7075
7087
7075
7062
7025
6987
6950
6912
6900
6912
6925
6937
6975
6987
7000
7012
7025
7012
7025
7012
7000
6987
6975
6962
6950
6962
6950
6962
6950
6937
6925
6912
6875
6837
6800
6762
6725
6725
6725
6762
6762
6787
6787
6787
6762
6775
6762
6775
6762
6750
6737
6725
6700
6687
6675
6662
6650
6662
6650
6662
6637
6637
6637
6637
6612
6625
6637
6625
6637
6650
6662
6650
6662
6637
6650
6625
6625
6600
6612
6587
6575
6562
6550
6537
6525
6512
6500
6487
6475
6462
6475
6462
6475
6462
6487
6487
6512
6512
6537
6525
6537
6550
6562
6550
6562
6550
6512
6500
6487
6475
6462
6475
6462
6475
6462
6450
6437
6425
6412
6400
6412
6425
6425
6425
6425
6425
6425
6437
6462
6487
6512
6550
6612
6650
6725
6800
6862
6937
6987
7037
7087
7137
7162
7225
7262
7300
7312
7325
7337
7350
7362
7375
7387
7375
7387
7375
7387
7375
7387
7375
7362
7350
7337
7300
7287
7262
7237
7212
7212
7200
7187
7175
7162
7150
7137
7150
7137
7150
7137
7125
7112
7100
7062
7025
7012
6975
6962
6950
6962
6950
6962
6950
6962
6950
6937
6925
6912
6875
6837
6800
6762
6725
6700
6687
6700
6687
6675
6687
6700
6687
6700
6712
6700
6687
6700
6687
6675
6687
6700
6687
6700
6712
6700
6687
6675
6637
6625
6612
6575
6562
6575
6562
6575
6587
6600
6612
6625
6637
6650
6662
6650
6662
6650
6637
6625
6600
6575
6550
6550
6525
6537
6512
6512
6512
6512
6512
6525
6537
6525
6550
6550
6537
6537
6537
6500
6487
6487
6450
6437
6450
6462
6475
6512
6550
6562
6575
6587
6600
6587
6600
6587
6575
6562
6575
6550
6550
6575
6575
6575
6587
6575
6562
6550
6537
6525
6537
6550
6562
6575
6612
6650
6675
6737
6775
6825
6875
6925
6975
7050
7112
7162
7225
7262
7300
7337
7375
7412
7450
7487
7500
7512
7500
7487
7475
7462
7425
7387
7375
7337
7325
7300
7300
7262
7250
7212
7212
7200
7212
7212
7250
7262
7300
7337
7350
7362
7375
7387
7375
7387
7375
7387
7375
7362
7325
7287
7225
7162
7112
7050
6987
6950
6912
6900
6887
6900
6912
6950
6962
7000
7037
7050
7037
7050
7037
7000
6962
6950
6912
6900
6875
6887
6875
6887
6875
6875
6862
6850
6837
6825
6812
6800
6787
6750
6737
6725
6700
6687
6675
6662
6637
6650
6637
6650
6662
6687
6700
6700
6712
6700
6712
6712
6737
6750
6787
6800
6812
6812
6812
6787
6762
6737
6725
6725
6712
6700
6687
6675
6662
6650
6662
6650
6662
6650
6662
6675
6687
6675
6662
6650
6612
6575
6537
6525
6475
6450
6425
6400
6375
6362
6325
6287
6275
6237
6225
6237
6250
6262
6275
6287
6300
6337
6350
6387
6425
6437
6450
6462
6475
6462
6475
6487
6500
6487
6500
6487
6475
6462
6475
6462
6475
6462
6475
6487
6525
6575
6637
6712
6800
6887
6962
7037
7112
7150
7187
7237
7262
7262
7287
7275
7262
7250
7237
7200
7162
7112
7050
7012
6975
6962
6975
6987
7000
7012
7000
6987
6975
6937
6900
6862
6800
6737
6675
6650
6612
6575
6562
6550
6537
6550
6562
6575
6612
6625
6637
6675
6687
6700
6712
6700
6687
6675
6662
6650
6637
6625
6612
6575
6562
6550
6537
6550
6562
6550
6562
6575
6562
6575
6587
6600
6587
6600
6587
6600
6587
6600
6587
6600
6587
6600
6587
6600
6587
6600
6587
6600
6587
6600
6612
6625
6637
6650
6662
6650
6662
6650
6662
6650
6662
6675
6687
6700
6712
6725
6712
6725
6712
6700
6687
6675
6662
6650
6637
6600
6587
6537
6512
6487
6462
6437
6425
6412
6425
6437
6450
6487
6537
6562
6612
6637
6662
6675
6687
6700
6712
6725
6712
6700
6687
6675
6662
6650
6637
6625
6600
6575
6550
6525
6500
6487
6475
6487
6500
6512
6525
6537
6550
6587
6625
6662
6700
6712
6725
6712
6725
6725
6775
6825
6900
6987
7050
7100
7150
7175
7187
7212
7250
7287
7325
7362
7375
7362
7325
7287
7225
7187
7187
7175
7187
7200
7212
7200
7187
7175
7162
7150
7137
7125
7112
7100
7062
7025
6987
6925
6887
6850
6837
6850
6850
6850
6875
6900
6925
6987
7050
7087
7100
7087
7075
7037
6987
6962
6937
6887
6837
6825
6787
6775
6787
6800
6812
6850
6862
6875
6887
6900
6887
6900
6912
6925
6937
6950
6962
6950
6975
6962
6975
6987
7000
7000
7012
7025
7012
7025
7012
7000
6987
6975
6962
6950
6937
6925
6912
6875
6862
6850
6837
6850
6850
6850
6850
6850
6825
6837
6825
6837
6825
6837
6825
6837
6825
6837
6825
6812
6800
6787
6775
6762
6775
6762
6775
6762
6775
6762
6750
6737
6725
6700
6687
6700
6675
6675
6700
6700
6700
6725
6737
6750
6762
6775
6787
6787
6800
6837
6875
6912
6987
7050
7112
7162
7225
7287
7350
7387
7425
7462
7500
7550
7600
7650
7675
7700
7687
7700
7687
7700
7687
7675
7662
7650
7637
7612
7587
7562
7537
7512
7500
7512
7500
7512
7525
7562
7600
7637
7675
7712
7725
7712
7737
7737
7737
7737
7737
7725
7700
7675
7650
7650
7625
7637
7625
7612
7600
7587
7575
7562
7550
7537
7525
7512
7500
7487
7475
7462
7425
7412
7400
7362
7350
7337
7325
7312
7325
7312
7300
7287
7262
7237
7212
7187
7175
7150
7125
7100
7075
7050
7037
7025
7037
7050
7062
7075
7087
7100
7100
7100
7125
7125
7125
7137
7125
7112
7100
7087
7075
7087
7075
7087
7075
7087
7075
7087
7075
7062
7050
7037
7000
6962
6925
6887
6850
6812
6800
6787
6775
6787
6800
6812
6825
6812
6800
6812
6800
6825
6850
6875
6875
6875
6837
6825
6812
6800
6787
6775
6762
6750
6737
6750
6762
6750
6737
6725
6725
6725
6737
6725
6737
6725
6725
6725
6725
6700
6700
6675
6662
6650
6662
6650
6637
6625
6600
6550
6525
6500
6475
6487
6525
6562
6600
6650
6687
6737
6787
6862
6937
7012
7087
7150
7237
7312
7387
7462
7537
7600
7662
7712
7775
7812
7850
7862
7875
7862
7875
7862
7850
7812
7775
7737
7712
7675
7662
7650
7637
7625
7637
7625
7637
7650
7662
7675
7687
7675
7662
7650
7637
7625
7612
7600
7587
7575
7562
7575
7562
7550
7512
7512
7487
7462
7462
7462
7425
7412
7387
7337
7287
7262
7237
7250
7262
7275
7287
7275
7275
7300
7325
7350
7375
7362
7350
7362
7375
7387
7425
7437
7425
7412
7400
7387
7362
7362
7362
7362
7362
7375
7387
7375
7387
7375
7387
7375
7387
7375
7387
7375
7387
7375
7387
7375
7387
7375
7387
7400
7412
7400
7412
7387
7375
7362
7375
7362
7362
7325
7312
7275
7262
7250
7237
7225
7212
7212
7212
7237
7237
7262
7250
7262
7250
7262
7250
7262
7275
7287
7275
7287
7275
7262
7275
7287
7300
7300
7300
7275
7275
7250
7237
7225
7212
7212
7200
7187
7175
7162
7150
7137
7150
7137
7150
7137
7150
7162
7175
7187
7200
7212
7200
7212
7212
7225
7212
7225
7212
7187
7175
7162
7150
7162
7187
7225
7262
7312
7337
7362
7387
7437
7475
7537
7600
7662
7712
7775
7837
7900
7962
8025
8062
8100
8112
8125
8112
8125
8112
8125
8112
8125
8112
8100
8087
8075
8062
8075
8087
8075
8087
8100
8087
8100
8137
8137
8137
8137
8112
8087
8075
8037
8025
8012
7962
7912
7887
7837
7787
7750
7737
7712
7700
7687
7700
7712
7725
7737
7750
7762
7750
7762
7750
7737
7700
7662
7625
7612
7600
7612
7625
7612
7600
7587
7575
7562
7575
7562
7550
7537
7525
7512
7500
7512
7500
7512
7500
7512
7500
7512
7525
7537
7525
7550
7550
7550
7550
7575
7562
7550
7537
7525
7487
7450
7437
7400
7387
7375
7362
7350
7337
7325
7312
7325
7337
7350
7362
7375
7387
7375
7362
7325
7312
7275
7237
7225
7212
7212
7200
7212
7200
7212
7212
7212
7225
7262
7275
7262
7300
7300
7275
7275
7275
7262
7250
7237
7200
7187
7150
7125
7125
7150
7137
7162
7162
7162
7137
7150
7137
7150
7137
7150
7137
7162
7162
7187
7225
7287
7337
7387
7437
7487
7537
7600
7675
7750
7825
7900
7962
8025
8087
8150
8200
8262
8325
8387
8425
8462
8475
8487
8475
8487
8475
8487
8475
8462
8450
8437
8400
8362
8350
8312
8275
8237
8225
8200
8162
8125
8087
8025
7987
7950
7912
7875
7825
7775
7750
7737
7737
7750
7737
7725
7712
7700
7687
7675
7662
7650
7612
7600
7612
7600
7587
7600
7587
7575
7587
7600
7612
7625
7612
7600
7587
7575
7562
7550
7537
7525
7512
7500
7487
7475
7462
7450
7437
7425
7412
7425
7412
7425
7437
7450
7437
7450
7437
7450
7437
7450
7425
7425
7400
7400
7375
7362
7350
7337
7325
7312
7300
7287
7275
7262
7250
7262
7250
7262
7275
7287
7300
7312
7325
7312
7325
7312
7300
7287
7300
7287
7275
7287
7275
7262
7250
7262
7275
7287
7275
7287
7300
7287
7275
7287
7275
7262
7250
7262
7250
7237
7225
7237
7225
7212
7225
7212
7212
7200
7187
7175
7162
7150
7137
7150
7137
7150
7162
7187
7225
7300
7375
7450
7537
7625
7687
7762
7837
7900
7962
8025
8087
8150
8200
8262
8325
8362
8400
8437
8450
8462
8475
8462
8425
8387
8325
8262
8200
8150
8087
8025
7987
7950
7937
7950
7962
7975
7987
8000
7987
8000
7987
8000
7987
7975
7962
7950
7912
7875
7837
7800
7762
7737
7700
7687
7650
7612
7575
7562
7525
7487
7450
7437
7400
7387
7375
7387
7375
7400
7400
7400
7400
7400
7362
7350
7337
7325
7337
7375
7387
7425
7437
7450
7462
7475
7487
7500
7512
7500
7512
7500
7487
7475
7462
7425
7387
7375
7325
7312
7287
7250
7212
7187
7137
7087
7050
6987
6950
6912
6900
6887
6875
6862
6875
6862
6875
6887
6900
6912
6925
6937
6950
6962
6950
6962
6950
6962
6975
7012
7025
7037
7025
7012
6975
6962
6950
6962
6950
6962
6975
7012
7050
7087
7125
7137
7150
7137
7125
7087
7075
7037
7025
7012
7000
6987
6975
6962
6950
6962
6950
6962
6950
6937
6925
6912
6900
6887
6900
6887
6900
6912
6950
6987
7050
7112
7162
7225
7287
7350
7412
7475
7537
7575
7625
7675
7700
7700
7700
7687
7637
7612
7587
7587
7562
7575
7587
7600
7612
7625
7637
7625
7637
7625
7637
7625
7637
7625
7612
7600
7587
7550
7537
7525
7512
7500
7512
7500
7487
7475
7462
7425
7412
7387
7362
7325
7287
7250
7225
7187
7150
7137
7125
7112
7125
7162
7187
7200
7237
7250
7262
7250
7262
7250
7262
7250
7262
7250
7262
7275
7287
7300
7312
7325
7312
7325
7312
7300
7287
7275
7237
7200
7187
7162
7150
7137
7150
7137
7150
7162
7175
7162
7187
7187
7187
7187
7212
7212
7225
7212
7225
7212
7187
7175
7187
7175
7162
7175
7187
7162
7175
7187
7175
7137
7137
7125
7100
7075
7050
7025
6975
6962
6975
6987
7000
7050
7075
7075
7100
7100
7087
7075
7062
7025
7012
6975
6937
6900
6887
6850
6837
6825
6837
6850
6887
6925
6987
7050
7112
7187
7262
7337
7412
7475
7537
7600
7637
7687
7725
7775
7825
7875
7887
7875
7862
7825
7812
7800
7787
7775
7750
7737
7712
7712
7687
7700
7687
7675
7662
7650
7612
7575
7537
7500
7462
7425
7387
7375
7337
7325
7312
7325
7312
7325
7337
7350
7362
7375
7362
7350
7337
7325
7312
7300
7262
7250
7212
7187
7175
7162
7125
7112
7100
7062
7062
7062
7062
7087
7137
7162
7200
7200
7200
7175
7162
7137
7125
7112
7100
7062
7050
7037
7000
6987
6975
6962
6937
6937
6912
6887
6862
6850
6837
6825
6837
6825
6837
6850
6887
6900
6937
6950
6962
6975
7012
7025
7037
7050
7037
7000
6987
7000
6987
7000
7012
7025
7037
7037
7037
7062
7062
7037
7050
7037
7000
6987
6975
6937
6925
6912
6900
6887
6900
6887
6900
6912
6925
6937
6975
6987
7000
7012
7025
7037
7050
7037
7050
7037
7000
6987
6975
6962
6950
6962
6950
6937
6900
6862
6825
6787
6775
6787
6825
6862
6937
7012
7087
7175
7262
7337
7412
7475
7537
7600
7662
7712
7775
7837
7875
7912
7925
7937
7925
7937
7950
7962
7975
7987
7975
7937
7925
7887
7850
7837
7825
7787
7775
7762
7737
7700
7687
7650
7637
7625
7612
7600
7612
7600
7612
7650
7662
7650
7662
7650
7612
7600
7587
7550
7512
7500
7462
7425
7387
7375
7337
7300
7287
7300
7287
7300
7312
7300
7262
7250
7212
7187
7175
7162
7150
7137
7150
7137
7150
7162
7175
7187
7200
7212
7212
7237
7225
7212
7187
7162
7125
7112
7100
7087
7062
7062
7062
7062
7062
7075
7087
7075
7087
7100
7112
7125
7137
7150
7137
7150
7137
7125
7112
7100
7087
7075
7062
7050
7037
7025
7037
7075
7087
7100
7087
7050
7025
7000
7000
7000
7000
6987
6975
6962
6975
6987
7000
7012
7000
6987
6975
6975
7000
7012
7025
7062
7062
7037
7050
7062
7075
7087
7125
7125
7087
7050
7012
6975
6950
6975
6962
6975
6962
6937
6900
6900
6875
6850
6862
6850
6837
6825
6837
6825
6837
6850
6887
6925
6962
7000
7012
7025
7037
7087
7150
7250
7362
7475
7537
7562
7575
7587
7612
7675
7787
7875
7912
7925
7912
7887
7862
7875
7887
7900
7875
7875
7837
7800
7762
7762
7750
7762
7775
7800
7800
7800
7800
7762
7737
7700
7700
7675
7675
7675
7675
7637
7600
7562
7550
7537
7550
7562
7550
7537
7550
7537
7550
7587
7600
7612
7625
7612
7575
7537
7462
7412
7387
7400
7437
7487
7537
7550
7525
7475
7412
7325
7275
7250
7250
7262
7275
7262
7212
7137
7075
7025
7000
7012
7050
7087
7125
7162
7175
7187
7200
7187
7175
7187
7187
7187
7175
7162
7125
7100
7075
7062
7050
7037
7037
7037
7062
7062
7087
7075
7087
7100
7112
7125
7137
7125
7087
7050
7012
6975
6962
6950
6937
6900
6887
6850
6837
6825
6812
6775
6737
6700
6675
6662
6650
6637
6625
6637
6625
6637
6650
6662
6675
6687
6700
6712
6725
6725
6725
6725
6750
6737
6700
6700
6675
6662
6650
6637
6625
6612
6600
6575
6587
6575
6587
6575
6600
6612
6625
6637
6650
6637
6600
6562
6500
6437
6375
6312
6275
6262
6275
6312
6350
6387
6400
6412
6425
6462
6475
6525
6575
6625
6662
6737
6800
6862
6925
6987
7050
7112
7162
7225
7287
7350
7412
7475
7512
7512
7487
7437
7362
7287
7250
7212
7212
7200
7212
7200
7212
7237
7287
7337
7387
7425
7437
7450
7437
7412
7362
7312
7237
7162
7112
7075
7025
7012
7025
7037
7050
7100
7112
7125
7137
7150
7137
7150
7137
7150
7137
7150
7137
7150
7137
7150
7137
7125
7087
7075
7025
7000
6975
6950
6925
6912
6875
6862
6875
6887
6900
6937
6950
6962
6950
6962
6975
6987
6975
6962
6950
6912
6875
6862
6850
6837
6850
6862
6875
6887
6900
6887
6900
6887
6875
6862
6837
6812
6787
6762
6712
6700
6675
6637
6625
6612
6600
6612
6650
6675
6712
6750
6787
6800
6812
6825
6837
6825
6837
6825
6812
6800
6787
6775
6762
6750
6737
6725
6725
6712
6725
6712
6725
6700
6675
6662
6650
6637
6637
6637
6625
6637
6625
6637
6650
6662
6675
6687
6675
6662
6650
6612
6600
6587
6600
6587
6600
6587
6600
6612
6650
6675
6737
6800
6862
6925
6987
7050
7112
7162
7225
7287
7350
7412
7475
7512
7550
7587
7600
7612
7650
7650
7650
7675
7675
7650
7662
7650
7612
7600
7587
7550
7512
7500
7462
7425
7387
7375
7337
7300
7287
7300
7287
7300
7337
7350
7362
7375
7362
7362
7362
7337
7312
7312
7275
7237
7200
7187
7162
7125
7112
7100
7062
7050
7062
7050
7062
7075
7062
7050
7062
7050
7062
7075
7087
7075
7087
7075
7100
7100
7100
7100
7100
7087
7062
7062
7037
7012
6987
6975
6937
6900
6887
6850
6812
6800
6787
6775
6762
6775
6787
6800
6812
6825
6837
6825
6837
6850
6862
6875
6875
6875
6850
6850
6825
6837
6825
6812
6775
6762
6750
6725
6725
6750
6750
6750
6762
6787
6787
6812
6812
6837
6825
6837
6825
6837
6825
6837
6825
6837
6825
6837
6825
6837
6825
6812
6800
6812
6800
6812
6825
6837
6825
6837
6825
6837
6825
6837
6850
6862
6875
6912
6925
6937
6950
6962
6950
6937
6900
6862
6825
6787
6750
6737
6750
6762
6775
6787
6775
6737
6700
6700
6700
6737
6800
6862
6937
7012
7087
7150
7237
7312
7362
7412
7475
7500
7525
7575
7600
7612
7650
7662
7675
7712
7737
7775
7837
7875
7912
7925
7950
7950
7950
7925
7925
7887
7875
7862
7850
7837
7825
7787
7750
7712
7687
7637
7612
7587
7562
7537
7525
7512
7525
7525
7537
7550
7562
7550
7575
7562
7550
7512
7475
7400
7350
7325
7325
7325
7362
7400
7412
7400
7387
7350
7287
7225
7162
7137
7100
7087
7100
7112
7125
7137
7150
7137
7125
7112
7100
7062
7050
7062
7075
7112
7162
7237
7312
7387
7462
7537
7575
7612
7625
7612
7575
7537
7475
7412
7375
7337
7325
7312
7325
7312
7300
7262
7225
7187
7187
7175
7187
7212
7225
7237
7275
7287
7300
7312
7325
7312
7300
7287
7275
7237
7225
7200
7187
7187
7200
7212
7237
7262
7250
7262
7250
7237
7200
7187
7162
7125
7112
7100
7062
7050
7062
7050
7075
7100
7125
7150
7187
7212
7237
7262
7250
7237
7200
7162
7100
7012
6925
6837
6750
6700
6675
6662
6675
6700
6737
6812
6887
6975
7062
7162
7250
7337
7412
7475
7537
7600
7637
7675
7687
7700
7675
7675
7650
7625
7612
7612
7612
7637
7662
7675
7712
7737
7750
7787
7825
7837
7850
7862
7887
7887
7887
7862
7862
7825
7787
7750
7712
7662
7600
7525
7450
7375
7325
7275
7262
7250
7262
7275
7312
7350
7412
7450
7462
7450
7400
7325
7250
7175
7112
7075
7037
7000
6962
6950
6912
6900
6887
6875
6862
6850
6837
6825
6812
6800
6787
6775
6762
6775
6787
6825
6837
6850
6862
6850
6812
6800
6787
6750
6737
6750
6737
6750
6762
6775
6787
6800
6812
6825
6837
6825
6837
6825
6812
6800
6787
6775
6762
6750
6750
6750
6725
6725
6725
6725
6712
6725
6712
6725
6725
6737
6750
6787
6800
6812
6825
6837
6850
6862
6875
6912
6925
6937
6950
6962
6975
7012
7025
7037
7025
7012
6975
6937
6925
6912
6900
6887
6900
6887
6900
6925
6950
6975
7000
7025
7012
7025
7012
7000
6950
6925
6875
6850
6825
6837
6825
6837
6850
6887
6925
6962
7000
7037
7075
7087
7125
7137
7150
7162
7175
7187
7212
7250
7287
7350
7412
7487
7537
7587
7637
7687
7712
7775
7837
7900
7937
7975
8012
8025
8012
8000
7962
7925
7887
7850
7812
7812
7787
7762
7762
7762
7762
7750
7762
7750
7762
7750
7762
7750
7762
7750
7762
7737
7737
7712
7712
7675
7675
7637
7625
7587
7562
7512
7500
7462
7425
7412
7400
7387
7362
7362
7337
7337
7312
7325
7312
7325
7337
7350
7362
7375
7362
7350
7337
7300
7287
7275
7262
7250
7237
7200
7187
7187
7175
7162
7175
7162
7125
7087
7037
6987
6962
6962
6987
7050
7087
7100
7087
7075
7037
6987
6937
6887
6812
6762
6750
6737
6750
6787
6825
6837
6875
6887
6900
6887
6875
6862
6850
6812
6800
6812
6800
6812
6825
6812
6800
6812
6800
6787
6800
6787
6775
6762
6750
6712
6662
6625
6575
6525
6475
6462
6462
6487
6512
6562
6612
6625
6612
6625
6612
6600
6587
6575
6562
6550
6537
6525
6537
6525
6512
6512
6500
6487
6500
6512
6512
6550
6587
6625
6687
6775
6862
6950
7037
7112
7162
7225
7287
7325
7375
7400
7425
7425
7425
7387
7375
7337
7300
7287
7275
7262
7250
7262
7250
7262
7250
7262
7250
7262
7250
7275
7275
7275
7275
7300
7287
7300
7312
7325
7312
7325
7312
7300
7287
7275
7262
7250
7225
7200
7175
7137
7087
7050
7012
6975
6962
6950
6937
6925
6912
6900
6887
6875
6862
6875
6862
6875
6912
6925
6937
6975
6987
7000
7012
7025
7037
7050
7062
7075
7087
7075
7062
7062
7062
7037
7037
7037
7025
7012
7025
7012
7025
7012
7025
7012
7025
7037
7050
7037
7050
7037
7025
7037
7050
7062
7075
7087
7100
7112
7125
7137
7150
7137
7150
7137
7150
7137
7150
7137
7125
7112
7100
7087
7075
7062
7050
7037
7000
6962
6950
6900
6875
6850
6850
6825
6812
6812
6812
6812
6812
6850
6850
6875
6875
6900
6887
6912
6912
6937
6937
6975
6975
7000
7000
7000
6987
6975
6937
6925
6912
6900
6887
6875
6862
6850
6850
6850
6875
6875
6900
6887
6912
6912
6937
6937
6962
6950
6937
6900
6887
6850
6837
6825
6837
6825
6850
6875
6925
6975
7050
7112
7162
7225
7287
7350
7387
7425
7462
7500
7537
7600
7662
7700
7712
7725
7712
7700
7687
7700
7687
7700
7687
7675
7662
7650
7637
7650
7662
7675
7687
7712
7712
7737
7737
7762
7750
7762
7750
7762
7750
7762
7750
7737
7725
7712
7675
7637
7625
7587
7550
7512
7500
7462
7450
7437
7450
7437
7450
7437
7425
7387
7350
7312
7275
7262
7250
7262
7275
7287
7300
7312
7300
7287
7275
7262
7250
7237
7225
7212
7187
7175
7162
7150
7137
7150
7125
7137
7125
7112
7100
7100
7062
7050
7037
7000
6962
6950
6912
6875
6862
6850
6837
6850
6862
6875
6887
6900
6887
6900
6912
6925
6937
6950
6962
6975
6987
7000
7012
7000
6987
6975
6937
6925
6900
6875
6850
6850
6825
6837
6825
6812
6800
6812
6800
6787
6800
6787
6750
6712
6700
6675
6662
6675
6675
6675
6675
6650
6625
6637
6625
6612
6625
6612
6575
6562
6550
6512
6475
6437
6400
6387
6375
6387
6425
6462
6475
6512
6525
6537
6550
6562
6575
6625
6662
6712
6800
6862
6925
6962
7012
7050
7112
7150
7225
7287
7350
7412
7475
7537
7575
7587
7575
7537
7500
7462
7450
7437
7425
7412
7400
7387
7375
7362
7350
7337
7325
7312
7325
7312
7325
7312
7325
7312
7300
7262
7250
7200
7187
7162
7137
7087
7075
7037
7000
6987
7000
7012
7025
7062
7075
7087
7075
7087
7100
7112
7125
7125
7137
7125
7112
7075
7050
7012
6975
6937
6925
6912
6875
6875
6875
6850
6850
6875
6862
6875
6887
6875
6862
6850
6812
6775
6762
6725
6700
6662
6650
6612
6600
6587
6600
6587
6600
6587
6600
6587
6600
6587
6600
6587
6600
6587
6600
6587
6600
6587
6575
6562
6550
6537
6525
6537
6525
6537
6525
6537
6525
6537
6550
6562
6575
6575
6575
6550
6525
6500
6512
6500
6512
6550
6562
6575
6587
6600
6612
6625
6637
6650
6662
6650
6662
6650
6662
6650
6662
6650
6662
6650
6637
6625
6612
6600
6587
6600
6587
6600
6587
6575
6562
6575
6562
6550
6562
6575
6587
6600
6650
6687
6737
6787
6862
6925
6987
7050
7112
7162
7200
7237
7275
7325
7337
7387
7412
7437
7425
7450
7437
7450
7437
7425
7412
7387
7337
7312
7287
7262
7250
7262
7250
7262
7250
7262
7250
7262
7250
7262
7237
7237
7212
7187
7175
7162
7150
7137
7150
7137
7125
7112
7125
7100
7075
7087
7075
7037
7037
7037
7025
7012
7000
6987
6975
6962
6975
6987
6975
6962
6950
6912
6875
6862
6837
6787
6762
6737
6700
6662
6650
6612
6600
6587
6600
6587
6600
6587
6600
6612
6625
6637
6675
6687
6700
6712
6725
6712
6725
6712
6725
6712
6725
6712
6725
6725
6737
6750
6787
6800
6812
6825
6837
6850
6862
6850
6862
6875
6850
6850
6875
6875
6850
6862
6850
6837
6825
6837
6825
6837
6825
6837
6825
6837
6825
6837
6825
6837
6825
6850
6850
6850
6850
6850
6837
6825
6837
6825
6812
6775
6775
6750
6725
6725
6725
6725
6712
6725
6712
6725
6712
6725
6712
6725
6725
6737
6750
6762
6775
6750
6750
6725
6725
6712
6700
6700
6687
6675
6662
6675
6650
6662
6650
6662
6675
6700
6737
6800
6875
6950
7025
7100
7187
7262
7337
7412
7450
7487
7525
7537
7550
7562
7575
7562
7587
7587
7612
7612
7637
7625
7612
7575
7537
7475
7412
7350
7287
7250
7237
7250
7262
7300
7337
7350
7362
7375
7387
7375
7362
7325
7312
7275
7237
7225
7212
7187
7175
7162
7150
7137
7150
7137
7125
7112
7100
7062
7050
7037
7000
6987
6975
6937
6925
6900
6875
6875
6875
6875
6912
6925
6937
6950
6937
6937
6962
6962
6987
7012
7025
7037
7075
7087
7125
7137
7125
7112
7100
7062
7025
7012
6962
6912
6862
6837
6787
6787
6775
6787
6775
6800
6787
6812
6812
6837
6850
6862
6850
6862
6850
6812
6800
6787
6775
6762
6775
6762
6775
6787
6800
6812
6825
6837
6825
6837
6825
6837
6850
6862
6875
6887
6900
6887
6875
6862
6850
6837
6825
6812
6800
6787
6750
6712
6700
6675
6662
6650
6662
6637
6637
6637
6637
6637
6650
6675
6675
6700
6700
6725
6712
6725
6712
6725
6700
6700
6675
6675
6650
6662
6650
6662
6650
6662
6650
6637
6625
6612
6600
6587
6600
6587
6600
6587
6600
6612
6650
6675
6737
6800
6862
6925
6987
7025
7075
7100
7137
7162
7200
7225
7275
7312
7350
7412
7450
7487
7500
7512
7500
7512
7500
7487
7475
7462
7425
7412
7400
7387
7362
7362
7337
7337
7312
7325
7300
7300
7275
7275
7250
7262
7250
7237
7225
7237
7225
7237
7237
7250
7237
7250
7237
7262
7250
7262
7250
7237
7225
7212
7212
7200
7187
7175
7150
7125
7100
7100
7075
7087
7075
7062
7050
7037
7025
7012
7025
7012
7025
7012
7025
7037
7050
7062
7075
7062
7050
7062
7050
7037
7050
7037
7025
7012
7000
6987
6975
6937
6900
6887
6875
6862
6875
6887
6900
6887
6900
6887
6900
6887
6900
6887
6900
6887
6900
6887
6900
6887
6900
6887
6900
6887
6900
6887
6900
6887
6900
6887
6900
6887
6900
6887
6900
6887
6900
6887
6875
6837
6825
6787
6775
6762
6775
6787
6800
6812
6825
6837
6825
6812
6775
6762
6725
6725
6725
6737
6725
6737
6750
6737
6750
6762
6775
6762
6750
6737
6725
6700
6662
6650
6612
6600
6612
6625
6637
6675
6700
6737
6800
6875
6950
7037
7112
7200
7275
7350
7412
7475
7537
7600
7662
7687
7712
7712
7712
7687
7675
7637
7600
7537
7475
7412
7350
7312
7275
7262
7250
7237
7225
7237
7225
7212
7237
7237
7237
7262
7287
7300
7312
7337
7362
7387
7412
7462
7475
7487
7525
7562
7600
7637
7650
7662
7650
7612
7575
7562
7525
7512
7500
7512
7500
7512
7525
7537
7550
7562
7575
7562
7575
7562
7575
7562
7550
7537
7525
7512
7500
7487
7475
7462
7450
7437
7425
7412
7400
7387
7375
7362
7350
7337
7325
7312
7325
7312
7325
7312
7325
7312
7325
7312
7300
7287
7275
7262
7250
7237
7200
7187
7162
7150
7137
7125
7112
7087
7062
7037
7012
6962
6950
6912
6900
6887
6900
6887
6900
6887
6900
6887
6900
6887
6900
6887
6900
6887
6900
6912
6925
6937
6950
6962
6950
6962
6950
6962
6950
6962
6950
6962
6950
6962
6950
6962
6950
6962
6950
6937
6925
6937
6925
6937
6950
6962
6950
6962
6950
6962
6975
6987
7000
7012
7037
7037
7062
7062
7062
7050
7037
7000
6962
6950
6912
6900
6887
6900
6912
6950
6987
7050
7112
7162
7212
7237
7275
7300
7350
7400
7450
7487
7525
7562
7600
7637
7675
7687
7700
7712
7725
7712
7725
7712
7675
7662
7650
7637
7625
7637
7625
7637
7625
7612
7612
7612
7587
7600
7612
7587
7587
7587
7575
7562
7575
7562
7575
7562
7575
7562
7550
7550
7550
7525
7525
7550
7537
7550
7562
7575
7562
7550
7512
7500
7462
7425
7412
7400
7387
7375
7387
7362
7375
7362
7375
7362
7400
7400
7400
7400
7400
7387
7375
7387
7375
7362
7350
7337
7325
7312
7300
7287
7275
7262
7250
7262
7250
7262
7250
7262
7237
7237
7212
7187
7175
7162
7150
7125
7137
7125
7137
7150
7187
7200
7237
7275
7287
7300
7300
7300
7275
7250
7225
7212
7212
7200
7212
7200
7212
7200
7212
7200
7212
7212
7237
7237
7262
7250
7262
7250
7262
7250
7262
7250
7262
7250
7262
7250
7262
7250
7262
7250
7262
7250
7275
7262
7275
7262
7250
7200
7162
7112
7075
7037
7025
7037
7050
7062
7100
7137
7162
7225
7262
7312
7362
7412
7462
7537
7575
7637
7687
7725
7775
7825
7850
7875
7900
7912
7950
7962
7975
7987
8012
8012
8037
8037
8037
8000
7987
7950
7912
7900
7887
7875
7862
7887
7887
7912
7912
7937
7925
7937
7950
7962
7975
7987
8000
7987
8000
7987
8000
7987
8000
7987
8000
7987
7975
7937
7900
7837
7775
7712
7687
7650
7612
7612
7612
7587
7600
7612
7587
7587
7587
7550
7512
7500
7487
7475
7487
7500
7512
7500
7512
7500
7487
7450
7437
7387
7362
7337
7312
7287
7275
7262
7250
7262
7275
7287
7300
7337
7375
7387
7425
7425
7425
7400
7400
7375
7362
7350
7337
7325
7312
7325
7312
7325
7312
7325
7312
7325
7337
7350
7362
7400
7412
7425
7437
7450
7437
7450
7437
7425
7412
7387
7362
7362
7362
7362
7375
7387
7375
7362
7350
7337
7325
7312
7325
7337
7350
7362
7400
7412
7425
7437
7450
7462
7475
7462
7487
7487
7487
7487
7487
7475
7450
7400
7375
7375
7337
7312
7312
7312
7287
7300
7312
7300
7287
7300
7312
7325
7362
7375
7387
7375
7362
7350
7337
7325
7312
7300
7287
7275
7237
7200
7162
7112
7075
7037
7000
6962
6950
6912
6900
6887
6900
6912
6950
6987
7062
7125
7200
7275
7350
7412
7475
7537
7600
7637
7675
7712
7725
7737
7750
7762
7750
7762
7750
7737
7737
7725
7725
7725
7750
7737
7762
7750
7762
7750
7762
7750
7737
7725
7712
7675
7637
7600
7562
7525
7487
7475
7462
7450
7462
7475
7487
7525
7537
7550
7562
7587
7587
7587
7587
7575
7550
7525
7525
7500
7487
7450
7437
7400
7387
7375
7387
7400
7412
7425
7462
7475
7462
7475
7462
7425
7412
7387
7362
7337
7337
7312
7300
7287
7275
7262
7250
7262
7250
7262
7250
7262
7250
7262
7250
7262
7237
7237
7212
7212
7187
7187
7162
7137
7112
7100
7062
7050
7037
7025
7012
7025
7037
7050
7062
7075
7087
7100
7112
7125
7137
7150
7137
7150
7137
7150
7137
7150
7137
7125
7112
7100
7087
7075
7062
7025
7012
6975
6962
6950
6937
6925
6912
6875
6837
6825
6787
6775
6762
6775
6762
6775
6762
6775
6762
6750
6712
6675
6650
6612
6575
6575
6575
6550
6525
6500
6462
6425
6412
6425
6437
6425
6437
6425
6412
6400
6412
6400
6387
6375
6362
6350
6362
6375
6387
6425
6437
6450
6487
6525
6562
6625
6675
6737
6800
6862
6925
6987
7050
7112
7162
7225
7287
7325
7375
7400
7425
7425
7450
7437
7425
7412
7400
7387
7400
7412
7400
7387
7375
7337
7325
7337
7350
7362
7375
7362
7325
7312
7300
7312
7325
7362
7375
7387
7375
7362
7350
7337
7300
7262
7225
7187
7162
7150
7137
7150
7162
7187
7187
7212
7212
7212
7200
7212
7200
7187
7150
7112
7037
7000
6962
6925
6887
6887
6850
6837
6825
6837
6850
6862
6875
6887
6900
6887
6875
6862
6850
6837
6825
6812
6800
6787
6775
6762
6775
6762
6775
6762
6775
6787
6825
6837
6875
6887
6900
6887
6900
6875
6875
6850
6850
6825
6837
6825
6837
6825
6837
6850
6862
6850
6875
6875
6875
6875
6875
6862
6850
6837
6825
6837
6812
6812
6787
6787
6787
6800
6812
6825
6812
6800
6787
6775
6787
6800
6812
6825
6837
6825
6812
6800
6787
6775
6762
6775
6800
6862
6925
7012
7100
7175
7250
7325
7400
7475
7537
7612
7675
7750
7800
7850
7887
7900
7912
7925
7912
7900
7887
7875
7862
7875
7862
7875
7862
7875
7862
7850
7837
7825
7787
7750
7712
7662
7625
7612
7625
7662
7712
7737
7762
7762
7762
7750
7737
7725
7700
7650
7600
7575
7525
7487
7475
7462
7450
7462
7475
7462
7450
7412
7337
7287
7262
7262
7250
7275
7275
7275
7250
7262
7275
7287
7275
7287
7275
7262
7250
7262
7275
7287
7300
7312
7300
7262
7262
7237
7212
7212
7200
7187
7162
7162
7137
7125
7112
7125
7112
7100
7112
7100
7087
7075
7087
7075
7062
7050
7037
7025
7012
7025
7012
7000
6987
6975
6937
6937
6937
6937
6962
6987
6975
6987
6975
6962
6950
6962
6950
6962
6950
6962
6950
6962
6950
6937
6925
6912
6900
6887
6875
6862
6875
6887
6900
6937
6950
6962
6950
6962
6950
6937
6900
6887
6850
6837
6825
6837
6825
6837
6825
6837
6825
6812
6812
6812
6787
6787
6787
6775
6787
6825
6875
6950
7000
7075
7125
7162
7187
7250
7287
7350
7412
7475
7512
7550
7562
7575
7562
7575
7562
7550
7537
7525
7487
7450
7437
7400
7362
7350
7337
7325
7312
7325
7312
7325
7312
7325
7312
7300
7262
7250
7212
7212
7200
7212
7212
7225
7237
7250
7262
7275
7287
7300
7312
7325
7312
7300
7287
7275
7262
7237
7237
7212
7187
7175
7162
7150
7137
7150
7137
7150
7137
7150
7137
7125
7112
7100
7087
7075
7062
7050
7037
7000
6987
6975
6937
6925
6900
6875
6850
6850
6825
6812
6800
6787
6775
6762
6775
6762
6750
6737
6725
6725
6712
6725
6712
6725
6712
6725
6712
6725
6712
6725
6712
6725
6725
6737
6750
6762
6775
6762
6750
6737
6725
6700
6687
6700
6687
6700
6700
6700
6675
6675
6675
6687
6700
6712
6725
6712
6725
6700
6712
6700
6687
6675
6675
6637
6625
6612
6600
6587
6600
6587
6600
6587
6600
6587
6600
6587
6612
6612
6637
6662
6687
6700
6712
6725
6712
6725
6725
6725
6725
6725
6725
6712
6725
6712
6725
6712
6725
6725
6737
6750
6762
6775
6762
6775
6762
6750
6712
6712
6712
6687
6687
6712
6725
6712
6750
6787
6825
6862
6925
6987
7050
7112
7162
7225
7287
7350
7412
7475
7537
7600
7637
7675
7712
7737
7750
7762
7775
7762
7762
7750
7737
7725
7737
7725
7712
