t = 60.000000, p = 343.000000
17587
17575
17537
17500
17462
17425
17362
17300
17237
17175
17112
17062
17025
16975
16925
16900
16900
16875
16887
16925
16962
17000
17037
17075
17112
17125
17137
17150
17162
17150
17162
17150
17137
17125
17112
17075
17037
17000
16962
16925
16887
16850
16837
16800
16762
16725
16687
16650
16637
16625
16612
16625
16612
16612
16600
16587
16575
16562
16550
16537
16550
16537
16525
16512
16500
16487
16475
16487
16475
16487
16475
16462
16450
16437
16425
16412
16425
16400
16400
16375
16375
16375
16387
16400
16437
16475
16512
16562
16637
16712
16787
16862
16950
17025
17112
17225
17337
17437
17525
17612
17700
17787
17887
17987
18075
18137
18225
18300
18375
18450
18500
18537
18550
18562
18550
18537
18525
18512
18475
18437
18425
18387
18375
18362
18350
18312
18300
18262
18225
18187
18150
18100
18025
17950
17875
17800
17725
17662
17600
17550
17487
17425
17387
17350
17312
17300
17287
17275
17262
17275
17287
17300
17325
17350
17350
17350
17375
17362
17350
17362
17350
17312
17300
17287
17250
17212
17200
17162
17137
17100
17062
17000
16962
16912
16887
16862
16862
16837
16850
16837
16825
16812
16800
16787
16775
16787
16775
16762
16750
16737
16725
16700
16700
16675
16650
16625
16612
16587
16550
16512
16450
16387
16325
16287
16250
16212
16175
16162
16112
16062
16012
15987
15950
15912
15875
15862
15850
15837
15850
15862
15875
15887
15900
15912
15950
15987
16012
16075
16137
16200
16262
16325
16400
16475
16537
16612
16687
16750
16812
16850
16887
16925
16975
16987
17000
16987
16950
16875
16812
16750
16687
16625
16562
16512
16475
16412
16350
16287
16225
16125
16050
15962
15887
15825
15775
15725
15687
15675
15637
15600
15562
15550
15525
15487
15450
15412
15350
15275
15200
15125
15050
14975
14925
14862
14800
14737
14675
14612
14550
14487
14437
14375
14312
14250
14187
14125
14062
14025
13987
13962
13950
13937
13925
13937
13950
13937
13950
13937
13900
13862
13825
13762
13700
13662
13625
13587
13550
13512
13450
13400
13362
13325
13275
13262
13250
13212
13175
13150
13112
13075
13037
13025
13012
12975
12937
12900
12875
12837
12800
12787
12762
12712
12662
12612
12537
12475
12437
12400
12350
12300
12275
12212
12187
12162
12137
12087
12075
12025
11975
11950
11925
11887
11875
11862
11825
11812
11800
11762
11725
11687
11625
11562
11500
11462
11425
11400
11387
11375
11362
11375
11400
11437
11500
11562
11625
11687
11750
11812
11862
11937
12012
12087
12162
12237
12300
12362
12400
12437
12462
12475
12462
12475
12462
12437
12400
12387
12350
12312
12300
12275
12250
12225
12225
12225
12225
12225
12212
12175
12137
12137
12112
12125
12137
12125
12112
12087
12037
11987
11937
11862
11812
11750
11687
11625
11562
11500
11437
11375
11350
11312
11300
11287
11300
11287
11300
11287
11300
11287
11275
11262
11250
11212
11200
11187
11175
11162
11150
11112
11100
11062
11050
11037
11025
11012
11000
10987
10975
10962
10950
10937
10900
10887
10875
10875
10875
10887
10875
10887
10900
10912
10925
10962
11000
11012
11025
11062
11075
11062
11075
11087
11075
11087
11125
11137
11125
11137
11125
11112
11100
11112
11100
11112
11125
11162
11200
11262
11325
11375
11437
11500
11562
11625
11687
11750
11812
11862
11925
11987
12050
12112
12175
12212
12250
12262
12250
12237
12225
12212
12225
12237
12225
12237
12225
12187
12175
12162
12125
12087
12050
11987
11925
11862
11812
11750
11687
11625
11587
11550
11537
11550
11562
11575
11587
11600
11587
11600
11612
11625
11637
11675
11687
11700
11712
11700
11662
11625
11587
11550
11512
11500
11487
11475
11462
11450
11437
11425
11425
11412
11425
11412
11425
11412
11425
11412
11400
11350
11350
11350
11350
11350
11400
11387
11375
11362
11350
11325
11312
11300
11287
11300
11287
11300
11287
11300
11287
11300
11287
11300
11287
11300
11312
11350
11375
11437
11500
11562
11625
11700
11775
11862
11950
12037
12112
12175
12212
12262
12312
12362
12400
12475
12512
12550
12562
12550
12537
12525
12512
12500
12487
12450
12412
12387
12350
12337
12325
12312
12300
12287
12250
12237
12225
12187
12175
12150
12100
12075
12050
12000
11962
11925
11887
11862
11825
11787
11775
11737
11725
11737
11750
11737
11750
11737
11725
11700
11700
11675
11675
11650
11637
11625
11612
11600
11575
11575
11550
11550
11525
11537
11525
11512
11475
11462
11425
11425
11412
11400
11387
11400
11387
11375
11387
11375
11362
11350
11362
11350
11337
11325
11312
11300
11287
11275
11262
11250
11237
11225
11237
11225
11237
11225
11237
11225
11237
11225
11237
11225
11237
11225
11237
11225
11237
11225
11237
11225
11237
11225
11237
11212
11225
11212
11225
11212
11237
11250
11287
11325
11375
11437
11500
11562
11625
11700
11750
11800
11850
11912
11962
12037
12112
12175
12237
12300
12337
12375
12387
12400
12387
12375
12362
12350
12312
12300
12287
12250
12212
12175
12137
12100
12087
12075
12087
12075
12087
12075
12062
12050
12037
12000
11962
11925
11862
11812
11737
11687
11637
11612
11587
11575
11562
11550
11537
11512
11512
11512
11537
11537
11575
11587
11600
11612
11625
11637
11650
11662
11650
11637
11625
11612
11575
11562
11550
11537
11525
11512
11500
11512
11500
11512
11512
11525
11512
11525
11537
11562
11575
11587
11600
11612
11625
11612
11625
11612
11600
11587
11575
11562
11550
11512
11475
11462
11425
11400
11387
11375
11337
11325
11300
11275
11250
11250
11225
11237
11225
11212
11200
11187
11175
11187
11200
11212
11225
11237
11225
11237
11250
11262
11275
11312
11350
11375
11450
11525
11600
11675
11750
11812
11862
11925
11987
12050
12112
12175
12237
12300
12362
12412
12475
12537
12575
12612
12650
12662
12650
12637
12600
12562
12525
12512
12500
12487
12475
12462
12437
12425
12412
12400
12387
12375
12362
12350
12312
12275
12237
12175
12112
12037
11962
11887
11812
11750
11712
11675
11662
11675
11687
11700
11737
11750
11737
11750
11762
11750
11737
11750
11737
11725
11712
11700
11687
11675
11662
11650
11637
11625
11612
11612
11612
11612
11612
11612
11600
11587
11600
11587
11600
11587
11575
11562
11550
11537
11525
11537
11525
11512
11500
11512
11500
11487
11500
11487
11475
11462
11450
11437
11450
11425
11425
11425
11425
11412
11400
11387
11375
11362
11350
11362
11350
11362
11350
11362
11350
11362
11350
11362
11350
11362
11375
11400
11400
11425
11450
11475
11500
11562
11625
11700
11775
11837
11912
11987
12062
12137
12212
12287
12362
12412
12475
12537
12575
12612
12625
12612
12600
12587
12550
12512
12500
12462
12437
12400
12387
12350
12312
12300
12287
12275
12262
12275
12262
12250
12212
12175
12112
12075
12037
12000
11962
11925
11862
11812
11775
11737
11725
11737
11750
11762
11800
11812
11825
11837
11850
11837
11850
11837
11825
11812
11800
11762
11750
11737
11725
11700
11700
11675
11675
11650
11637
11625
11612
11600
11587
11600
11587
11600
11587
11600
11587
11575
11562
11575
11550
11550
11550
11550
11550
11562
11550
11562
11550
11512
11500
11487
11475
11450
11450
11425
11425
11412
11400
11387
11375
11337
11325
11312
11275
11262
11250
11212
11200
11187
11150
11137
11112
11087
11087
11087
11087
11125
11137
11150
11187
11225
11262
11387
11450
11525
11600
11675
11687
11775
11862
11950
12037
12112
12175
12212
12250
12287
12325
12337
12375
12387
12400
12387
12375
12362
12350
12312
12300
12287
12275
12262
12275
12262
12275
12262
12250
12237
12225
12212
12200
12187
12175
12162
12125
12075
12050
12000
11975
11950
11962
11950
11962
11975
12012
12025
12062
12100
12137
12150
12162
12150
12112
12050
11987
11925
11887
11862
11825
11812
11800
11762
11725
11687
11625
11562
11500
11462
11425
11400
11387
11375
11362
11350
11337
11337
11337
11312
11312
11312
11300
11287
11300
11287
11300
11287
11300
11287
11300
11287
11300
11312
11325
11337
11350
11362
11350
11362
11375
11400
11412
11450
11487
11500
11512
11512
11512
11487
11487
11462
11475
11462
11450
11437
11425
11425
11425
11462
11500
11562
11625
11687
11750
11812
11875
11950
12025
12100
12175
12237
12300
12362
12412
12462
12512
12562
12600
12637
12675
12712
12725
12737
12750
12762
12750
12762
12750
12762
12750
12737
12725
12687
12687
12687
12687
12687
12737
12725
12737
12750
12737
12700
12700
12650
12625
12600
12575
12512
12537
12500
12462
12425
12387
12300
12237
12200
12162
12150
12137
12150
12137
12150
12137
12150
12162
12175
12187
12225
12237
12250
12262
12275
12262
12250
12212
12200
12162
12150
12137
12125
12087
12050
12012
11975
11937
11925
11912
11887
11875
11862
11850
11837
11850
11837
11850
11837
11825
11812
11800
11787
11775
11787
11775
11787
11775
11762
11750
11737
11700
11687
11675
11662
11650
11637
11625
11612
11575
11562
11550
11512
11500
11487
11475
11462
11450
11437
11425
11425
11412
11425
11412
11425
11437
11462
11462
11487
11512
11537
11587
11662
11737
11812
11875
11950
12025
12112
12200
12287
12362
12450
12525
12612
12662
12712
12762
12787
12800
12837
12850
12837
12825
12812
12775
12762
12750
12762
12750
12737
12725
12712
12675
12662
12650
12612
12600
12587
12550
12512
12475
12412
12362
12300
12237
12175
12112
12037
11962
11887
11837
11800
11762
11725
11712
11700
11687
11700
11737
11750
11762
11775
11787
11775
11787
11775
11762
11750
11737
11725
11700
11700
11675
11675
11650
11662
11650
11637
11625
11612
11575
11537
11525
11487
11475
11462
11475
11462
11475
11487
11525
11525
11550
11550
11550
11525
11537
11525
11537
11525
11512
11512
11487
11487
11487
11487
11475
11487
11450
11437
11425
11425
11412
11425
11412
11400
11387
11375
11337
11325
11312
11300
11287
11300
11287
11300
11287
11300
11312
11350
11375
11437
11500
11562
11625
11687
11750
11812
11887
11962
12037
12112
12175
12250
12300
12362
12412
12475
12525
12575
12612
12625
12637
12625
12612
12600
12575
12550
12525
12500
12475
12462
12437
12387
12362
12312
12287
12262
12250
12237
12225
12187
12150
12112
12050
11987
11912
11837
11775
11700
11625
11587
11550
11537
11525
11537
11525
11550
11550
11550
11550
11550
11512
11475
11462
11425
11400
11387
11375
11337
11325
11312
11275
11262
11250
11237
11250
11262
11250
11262
11250
11237
11225
11237
11225
11212
11212
11212
11187
11162
11162
11125
11087
11075
11062
11025
10987
10950
10887
10825
10800
10762
10725
10712
10700
10687
10700
10712
10725
10737
10750
10737
10750
10762
10800
10812
10850
10875
10912
10950
10987
11025
11062
11100
11112
11150
11187
11225
11262
11325
11375
11437
11500
11562
11625
11687
11750
11812
11862
11925
11987
12050
12112
12150
12162
12150
12137
12100
12062
12025
11987
11925
11887
11862
11850
11837
11825
11812
11800
11787
11775
11787
11775
11787
11775
11787
11775
11762
11750
11737
11700
11662
11625
11562
11525
11487
11450
11412
11400
11375
11362
11350
11362
11375
11387
11400
11425
11437
11450
11462
11450
11437
11425
11425
11412
11400
11387
11400
11387
11375
11387
11375
11362
11350
11337
11325
11312
11300
11287
11300
11287
11262
11250
11262
11250
11262
11287
11275
11262
11250
11237
11225
11237
11225
11237
11212
11212
11187
11162
11162
11150
11112
11100
11087
11025
11012
11000
10987
10975
10987
10975
10987
10975
10987
11000
11037
11075
11137
11200
11262
11325
11375
11437
11500
11562
11637
11725
11787
11850
11900
11950
11962
12000
12012
12025
12012
12000
11962
11950
11912
11887
11875
11862
11850
11837
11850
11837
11850
11837
11850
11825
11825
11800
11775
11750
11737
11675
11637
11600
11537
11475
11437
11400
11375
11337
11300
11300
11262
11250
11262
11275
11275
11312
11325
11350
11375
11400
11400
11425
11412
11425
11412
11425
11412
11425
11412
11425
11412
11400
11387
11375
11362
11350
11337
11325
11312
11275
11237
11200
11137
11075
11037
11000
10987
11000
11012
11025
11037
11050
11037
11050
11037
11062
11062
11062
11062
11062
11050
11037
11050
11037
11050
11037
11050
11025
11025
11025
11050
11050
11100
11125
11125
11125
11125
11112
11100
11112
11125
11137
11150
11187
11225
11262
11300
11337
11375
11412
11462
11537
11625
11725
11800
11887
11975
12050
12112
12175
12237
12300
12337
12375
12387
12400
12387
12400
12387
12400
12387
12400
12387
12375
12362
12350
12312
12300
12287
12275
12262
12250
12237
12225
12212
12200
12212
12200
12187
12150
12112
12050
11987
11925
11850
11775
11712
11650
11587
11537
11525
11487
11475
11487
11500
11512
11525
11550
11550
11575
11575
11562
11550
11562
11537
11512
11500
11450
11375
11325
11262
11200
11162
11125
11087
11075
11062
11025
11012
11000
10962
10950
10937
10925
10912
10900
10887
10900
10887
10900
10912
10925
10912
10925
10912
10900
10900
10900
10900
10900
10925
10912
10900
10850
10837
10812
10775
10762
10762
10725
10712
10700
10662
10650
10637
10625
10612
10625
10637
10675
10712
10775
10825
10887
10950
11012
11075
11137
11200
11262
11325
11400
11475
11550
11625
11687
11725
11762
11800
11812
11825
11837
11862
11850
11837
11825
11812
11762
11750
11737
11725
11712
11725
11712
11725
11712
11700
11687
11675
11637
11625
11600
11587
11562
11537
11487
11450
11400
11362
11312
11262
11212
11162
11150
11137
11150
11162
11175
11187
11200
11187
11200
11187
11150
11137
11125
11112
11087
11087
11062
11037
11012
11000
10962
10950
10937
10900
10887
10875
10875
10862
10875
10862
10875
10862
10875
10862
10875
10862
10875
10862
10875
10862
10875
10862
10875
10862
10875
10862
10875
10862
10850
10837
10825
10812
10800
10812
10800
10787
10775
10762
10750
10737
10725
10712
10700
10662
10650
10662
10650
10662
10675
10687
10712
10712
10712
10737
10762
10775
10850
10937
11025
11125
11225
11312
11400
11487
11562
11625
11687
11750
11812
11862
11900
11937
11950
11962
11950
11937
11925
11912
11887
11850
11837
11800
11787
11775
11762
11725
11712
11675
11637
11600
11562
11500
11437
11375
11325
11262
11225
11175
11150
11150
11175
11175
11212
11225
11237
11225
11237
11225
11212
11200
11187
11175
11162
11150
11137
11125
11087
11075
11062
11050
11037
11050
11037
11025
11012
11000
10987
10975
10987
10975
10962
10925
10912
10875
10850
10812
10800
10762
10725
10712
10700
10662
10625
10625
10587
10575
10562
10575
10550
10562
10550
10562
10575
10587
10600
10637
10675
10712
10775
10825
10887
10950
11025
11100
11175
11250
11325
11375
11437
11500
11562
11625
11687
11750
11812
11850
11887
11887
11887
11862
11837
11812
11800
11787
11775
11787
11775
11762
11750
11762
11750
11762
11775
11787
11775
11787
11775
11762
11750
11737
11700
11662
11612
11562
11512
11462
11412
11375
11350
11312
11275
11262
11275
11262
11275
11312
11325
11337
11350
11362
11350
11362
11350
11337
11300
11287
11250
11237
11225
11212
11175
11137
11075
11012
10975
10937
10900
10887
10875
10875
10862
10850
10837
10825
10812
10800
10812
10825
10800
10800
10825
10825
10825
10862
10875
10862
10875
10862
10850
10837
10825
10787
10775
10762
10750
10737
10725
10712
10687
10662
10637
10637
10612
10625
10612
10625
10637
10675
10712
10775
10825
10887
10950
11012
11075
11137
11200
11275
11325
11375
11412
11475
11525
11600
11675
11725
11762
11775
11762
11750
11737
11700
11687
11675
11637
11600
11587
11550
11512
11500
11487
11450
11437
11425
11425
11425
11425
11387
11350
11312
11287
11287
11325
11412
11500
11600
11700
11787
11837
11862
11850
11812
11750
11712
11700
11712
11750
11787
11800
11812
11825
11812
11825
11837
11850
11837
11825
11812
11800
11762
11725
11687
11625
11562
11487
11437
11387
11350
11300
11262
11225
11187
11150
11112
11075
11050
11025
11000
11000
11025
11012
11025
11062
11100
11137
11200
11262
11325
11375
11412
11450
11462
11450
11450
11450
11425
11400
11375
11325
11262
11200
11137
11100
11062
11025
10987
10950
10887
10850
10825
10812
10800
10812
10825
10837
10850
10875
10912
10950
11025
11100
11175
11250
11325
11400
11475
11550
11625
11687
11750
11812
11837
11862
11862
11862
11837
11825
11812
11800
11762
11725
11687
11625
11587
11550
11537
11525
11537
11525
11537
11525
11537
11525
11537
11525
11512
11475
11437
11400
11375
11337
11300
11287
11250
11212
11200
11212
11200
11212
11225
11237
11225
11237
11225
11212
11200
11187
11150
11137
11125
11112
11100
11087
11050
11012
10975
10937
10925
10912
10925
10912
10925
10900
10900
10875
10875
10875
10887
10900
10912
10925
10912
10925
10912
10925
10912
10925
10912
10925
10912
10937
10937
10937
10937
10937
10925
10912
10925
10937
10950
10962
10975
10987
10975
10987
10975
10962
10950
10937
10937
10925
10912
10875
10837
10800
10762
10750
10737
10750
10737
10750
10737
10750
10762
10775
10787
10825
10837
10850
10875
10912
10950
11012
11075
11137
11200
11262
11337
11400
11462
11525
11587
11625
11687
11725
11762
11800
11812
11800
11812
11800
11762
11725
11687
11625
11587
11550
11512
11500
11487
11450
11437
11425
11425
11412
11400
11387
11375
11337
11325
11312
11275
11237
11225
11187
11175
11162
11150
11112
11100
11062
11050
11037
11062
11062
11087
11112
11137
11150
11162
11175
11187
11200
11212
11225
11212
11200
11187
11175
11137
11100
11075
11087
11112
11200
11337
11475
11600
11712
11800
11862
11925
12000
12050
12100
12112
12062
11975
11875
11750
11637
11525
11300
11062
10800
10450
10100
9875
9687
9537
9462
9450
9412
9375
9337
9337
9325
9300
9275
9250
9187
9125
9087
9050
9012
9000
8987
8950
8912
8900
8862
8850
8837
8850
8837
8850
8837
8825
8812
8825
8837
8875
8937
9000
9037
9087
9137
9187
9212
9275
9312
9362
9425
9512
9562
9612
9662
9700
9737
9812
9887
9962
10012
10050
10062
10050
10012
9975
9912
9850
9787
9737
9675
9612
9575
9537
9525
9512
9500
9462
9450
9412
9375
9337
9300
9250
9187
9125
9062
9037
9037
9062
9075
9112
9112
9112
9087
9100
9087
9100
9087
9100
9087
9075
9062
9050
9012
9000
8987
8975
8962
8950
8912
8900
8862
8825
8812
8800
8800
8787
8775
8762
8750
8737
8725
8737
8725
8737
8725
8737
8725
8737
8725
8737
8712
8712
8687
8687
8662
8625
8600
8600
8575
8575
8600
8612
8600
8612
8600
8612
8637
8687
8712
8762
8787
8800
8787
8800
8787
8800
8800
8812
8825
8862
8875
8887
8925
8962
9000
9062
9125
9187
9250
9300
9375
9450
9525
9600
9675
9737
9775
9812
9825
9837
9825
9837
9825
9837
9825
9812
9775
9762
9725
9712
9700
9687
9650
9637
9625
9612
9600
9612
9600
9587
9575
9600
9600
9625
9612
9625
9600
9575
9550
9537
9500
9462
9450
9437
9425
9437
9450
9437
9425
9412
9400
9425
9450
9475
9525
9550
9562
9575
9587
9575
9562
9525
9487
9450
9412
9375
9337
9300
9250
9212
9175
9162
9137
9112
9087
9087
9100
9162
9237
9325
9412
9487
9550
9612
9650
9662
9650
9612
9550
9487
9425
9362
9300
9275
9237
9200
9162
9150
9112
9100
9087
9100
9087
9075
9037
9000
8937
8875
8812
8750
8700
8637
8600
8562
8550
8525
8525
8525
8525
8525
8537
8550
8537
8550
8562
8575
8587
8625
8662
8700
8750
8825
8900
8975
9050
9125
9187
9250
9300
9362
9425
9500
9550
9600
9650
9700
9737
9787
9850
9887
9925
9937
9950
9937
9950
9937
9925
9887
9850
9787
9737
9712
9675
9662
9650
9637
9587
9575
9537
9450
9425
9400
9350
9300
9300
9250
9187
9150
9112
9075
9037
9025
8987
8975
8987
9000
9012
9025
9037
9050
9062
9075
9087
9100
9087
9100
9087
9100
9087
9112
9112
9112
9112
9112
9100
9087
9075
9062
9050
9012
9000
8987
8950
8937
8925
8912
8900
8887
8875
8862
8825
8825
8825
8800
8800
8800
8800
8787
8762
8737
8712
8687
8662
8650
8637
8612
8587
8587
8587
8587
8600
8587
8575
8562
8550
8537
8550
8562
8575
8587
8637
8637
8637
8637
8637
8625
8662
8675
8712
8750
8775
8787
8825
8862
8900
8950
9025
9100
9175
9250
9300
9362
9425
9487
9550
9612
9675
9712
9750
9762
9775
9787
9800
9787
9800
9775
9750
9725
9700
9687
9662
9637
9612
9587
9550
9537
9500
9487
9462
9437
9437
9437
9437
9475
9512
9525
9562
9600
9637
9650
9662
9675
9662
9650
9662
9675
9687
9700
9712
9687
9575
9387
9200
8975
8762
8650
8600
8562
8550
8537
8525
8487
8450
8387
8325
8262
8200
8175
8137
8100
8062
8050
8037
8025
8037
8075
8112
8125
8162
8200
8212
8225
8237
8250
8237
8225
8187
8175
8125
8075
8025
8000
7950
7937
7925
7912
7900
7887
7875
7862
7850
7837
7850
7875
7887
7900
7912
7900
7887
7887
7912
7912
7937
7925
7937
7950
7987
8025
8087
8150
8200
8237
8287
8312
8337
8362
8412
8425
8462
8500
8537
8537
8575
8587
8600
8587
8612
8625
8637
8650
8662
8675
8687
8700
8687
8700
8712
8700
8687
8700
8687
8675
8662
8637
8587
8562
8512
8462
8425
8387
8350
8312
8275
8262
8250
8250
8225
8237
8225
8237
8237
8262
8250
8275
8250
8200
8187
8175
8175
8175
8175
8162
8175
8150
8162
8200
8200
8200
8225
8225
8225
8250
8262
8275
8287
8275
8275
8275
8275
8275
8275
8262
8250
8225
8187
8175
8137
8125
8112
8100
8087
8075
8062
8050
8062
8050
8062
8075
8087
8100
8137
8150
8162
8175
8187
8200
8225
8237
8275
8312
8350
8387
8450
8512
8550
8587
8625
8662
8700
8750
8787
8825
8837
8850
8837
8850
8837
8850
8837
8850
8837
8850
8837
8850
8837
8850
8837
8850
8837
8850
8837
8850
8837
8850
8837
8812
8762
8737
8700
8650
8612
8575
8512
8487
8437
8387
8337
8287
8200
8175
8137
8125
8112
8125
8112
8125
8112
8100
8087
8062
8050
8037
8050
8037
8062
8050
8062
8075
8087
8100
8162
8175
8187
8225
8237
8225
8250
8262
8275
8287
8300
8312
8325
8337
8350
8362
8350
8362
8387
8400
8387
8400
8387
8362
8350
8362
8350
8337
8325
8312
8275
8237
8237
8225
8225
8225
8225
8212
8200
8187
8175
8187
8200
8225
8237
8275
8312
8350
8387
8450
8487
8525
8562
8575
8600
8625
8625
8625
8625
8587
8575
8562
8525
8512
8500
8462
8425
8412
8375
8362
8350
8337
8325
8337
8325
8312
8325
8312
8300
8287
8275
8262
8250
8250
8237
8225
8187
8175
8137
8100
8050
8025
7975
7950
7925
7937
7925
7950
7937
7950
7937
7925
7875
7862
7825
7787
7775
7762
7737
7725
7712
7700
7712
7725
7712
7725
7712
7700
7687
7700
7687
7700
7687
7700
7687
7700
7687
7700
7712
7737
7750
7787
7800
7787
7775
7787
7775
7787
7825
7837
7825
7837
7862
7850
7862
7875
7887
7887
7900
7887
7900
7887
7875
7887
7925
7937
7975
8012
8050
8087
8150
8200
8262
8325
8387
8450
8487
8475
8475
8450
8387
8350
8362
8337
8312
8300
8262
8225
8200
8162
8150
8137
8100
8062
8025
7962
7925
7875
7850
7825
7825
7800
7787
7750
7737
7712
7675
7662
7650
7637
7650
7687
7700
7737
7750
7762
7750
7762
7750
7762
7750
7762
7750
7762
7750
7762
7750
7737
7725
7712
7700
7687
7700
7687
7675
7662
7650
7637
7625
7612
7600
7587
7575
7562
7550
7512
7500
7462
7425
7412
7400
7387
7375
7387
7375
7362
7350
7362
7350
7362
7400
7437
7450
7487
7500
7512
7525
7525
7525
7525
7537
7512
7537
7575
7637
7675
7775
7837
7887
7937
7987
8025
8062
8100
8137
8150
8175
8200
8200
8175
8175
8137
8125
8112
8125
8112
8125
8112
8125
8112
8100
8087
8075
8062
8050
8062
8050
8062
8050
8062
8050
8037
8025
8012
7975
7962
7950
7912
7900
7887
7850
7837
7825
7812
7800
7812
7800
7812
7800
7812
7800
7812
7800
7812
7800
7787
7775
7762
7762
7750
7762
7750
7762
7750
7762
7750
7762
7750
7762
7750
7762
7750
7762
7762
7775
7787
7800
7787
7775
7762
7737
7725
7712
7675
7662
7650
7612
7600
7587
7550
7512
7500
7462
7425
7412
7400
7387
7375
7387
7375
7387
7375
7387
7400
7437
7450
7487
7525
7537
7550
7562
7587
7587
7612
7637
7662
7675
7712
7725
7737
7762
7800
7812
7850
7862
7875
7887
7862
7862
7862
7862
7837
7850
7812
7800
7762
7762
7750
7737
7725
7712
7675
7662
7650
7637
7625
7637
7625
7637
7625
7612
7600
7587
7575
7562
7575
7562
7575
7562
7550
7537
7525
7525
7550
7575
7575
7600
7612
7600
7612
7625
7637
7650
7662
7675
7712
7725
7737
7762
7762
7712
7662
7612
7575
7562
7600
7662
7712
7762
7812
7837
7850
7862
7850
7837
7825
7787
7775
7762
7762
7750
7737
7662
7637
7587
7562
7537
7575
7562
7587
7562
7562
7537
7537
7500
7512
7500
7512
7500
7512
7500
7512
7500
7512
7500
7512
7525
7562
7600
7662
7712
7750
7787
7800
7812
7825
7837
7850
7887
7925
7937
7975
8012
8025
8037
8075
8112
8125
8162
8175
8187
8175
8162
8150
8137
8100
8062
8050
8012
7975
7962
7950
7912
7900
7887
7850
7837
7825
7812
7800
7812
7800
7812
7800
7787
7775
7762
7737
7725
7712
7700
7687
7700
7712
7725
7737
7762
7800
7812
7825
7837
7825
7812
7800
7787
7775
7762
7737
7725
7712
7675
7662
7687
7700
7700
7687
7637
7575
7500
7475
7487
7537
7562
7625
7675
7700
7725
7750
7762
7762
7775
7787
7800
7812
7825
7862
7875
7912
7925
7937
7925
7912
7900
7887
7850
7837
7825
7812
7825
7837
7850
7862
7875
7862
7875
7862
7875
7862
7875
7862
7875
7862
7875
7862
7812
7787
7787
7762
7762
7800
7787
7750
7737
7712
7675
7662
7675
7687
7712
7750
7800
7850
7900
7925
7975
8012
8050
8087
8150
8187
8225
8237
8250
8250
8262
8250
8262
8250
8225
8187
8175
8137
8100
8062
8050
8012
8000
7987
7975
7962
7950
7912
7875
7862
7825
7787
7750
7712
7662
7625
7587
7575
7562
7575
7562
7575
7562
7575
7587
7600
7587
7600
7587
7575
7562
7575
7562
7550
7512
7500
7462
7425
7412
7400
7387
7375
7387
7375
7387
7400
7412
7425
7437
7450
7437
7450
7462
7475
7487
7500
7512
7500
7487
7475
7462
7450
7437
7450
7437
7450
7437
7450
7437
7450
7437
7450
7437
7450
7425
7425
7400
7400
7400
7412
7425
7437
7450
7437
7450
7437
7450
7437
7450
7462
7500
7537
7575
7612
7650
7687
7712
7775
7837
7900
7937
7975
8012
8050
8062
8100
8112
8125
8112
8125
8112
8100
8087
8075
8062
8050
8037
8025
8012
7975
7962
7950
7912
7900
7887
7850
7812
7775
7737
7712
7700
7687
7675
7637
7600
7537
7500
7487
7475
7487
7500
7512
7500
7525
7525
7550
7575
7600
7612
7625
7637
7625
7637
7650
7662
7650
7662
7675
7662
7650
7662
7650
7637
7625
7637
7625
7612
7612
7612
7587
7562
7562
7525
7487
7475
7462
7425
7412
7400
7387
7400
7412
7425
7437
7450
7437
7450
7437
7450
7437
7450
7437
7450
7437
7450
7437
7450
7437
7425
7362
7350
7312
7300
7287
7325
7312
7325
7312
7325
7312
7325
7350
7375
7400
7425
7462
7462
7487
7512
7562
7612
7650
7687
7725
7737
7737
7762
7775
7787
7800
7812
7825
7837
7825
7837
7825
7812
7800
7812
7800
7825
7825
7825
7837
7837
7825
7812
7800
7750
7712
7687
7650
7612
7600
7587
7575
7562
7575
7562
7575
7562
7575
7562
7575
7587
7625
7662
7700
7737
7762
7775
7762
7750
7737
7712
7675
7662
7650
7637
7625
7612
7600
7587
7550
7537
7525
7512
7500
7512
7500
7487
7475
7487
7475
7487
7500
7487
7475
7462
7425
7412
7400
7387
7375
7387
7375
7387
7375
7387
7400
7412
7425
7437
7450
7437
7450
7437
7450
7462
7475
7462
7475
7462
7425
7412
7400
7387
7375
7387
7425
7450
7475
7500
7525
7525
7562
7575
7625
7650
7675
7700
7725
7737
7750
7762
7750
7762
7750
7737
7725
7737
7737
7750
7762
7750
7712
7687
7650
7612
7600
7587
7550
7537
7525
7487
7450
7437
7400
7387
7375
7362
7350
7337
7350
7362
7375
7387
7425
7412
7425
7437
7450
7437
7450
7437
7450
7437
7450
7462
7475
7487
7500
7512
7500
7512
7500
7487
7475
7462
7450
7437
7450
7437
7450
7437
7450
7462
7475
7487
7500
7512
7500
7512
7487
7487
7462
7462
7462
7462
7437
7437
7412
7387
7375
7387
7375
7362
7325
7287
7225
7187
7187
7175
7187
7212
7225
7237
7250
7275
7275
7300
7300
7300
7300
7300
7300
7325
7350
7362
7400
7437
7450
7487
7525
7562
7600
7637
7675
7712
7725
7737
7750
7737
7725
7712
7700
7687
7675
7637
7625
7587
7575
7562
7575
7562
7550
7550
7550
7525
7525
7525
7512
7500
7487
7450
7450
7425
7425
7425
7450
7437
7450
7425
7425
7425
7450
7450
7487
7500
7512
7500
7512
7525
7537
7550
7562
7550
7537
7525
7487
7475
7462
7450
7437
7450
7437
7450
7437
7425
7412
7400
7387
7400
7412
7425
7437
7450
7437
7450
7437
7450
7437
7450
7462
7462
7462
7462
7462
7437
7425
7412
7450
7425
7425
7425
7425
7375
7387
7375
7362
7350
7362
7350
7337
7350
7337
7325
7312
7325
7312
7325
7312
7300
7287
7300
7312
7312
7337
7375
7362
7350
7375
7375
7362
7400
7450
7475
7525
7575
7600
7612
7662
7687
7712
7737
7762
7750
7762
7750
7762
7750
7737
7725
7712
7675
7662
7650
7612
7600
7587
7575
7562
7550
7550
7537
7525
7512
7500
7475
7462
7450
7437
7425
7412
7400
7387
7375
7362
7350
7362
7350
7362
7375
7387
7400
7412
7425
7462
7475
7500
7512
7525
7512
7525
7500
7487
7475
7462
7450
7437
7450
7437
7450
7437
7450
7437
7425
7425
7425
7400
7400
7400
7387
7375
7387
7375
7387
7375
7387
7375
7387
7375
7387
7375
7387
7375
7387
7375
7387
7375
7387
7375
7387
7375
7387
7362
7375
7362
7375
7362
7387
7375
7387
7375
7362
7350
7337
7325
7312
7325
7337
7350
7362
7400
7412
7425
7462
7500
7537
7600
7662
7712
7775
7837
7875
7912
7950
7962
7975
7962
7962
7937
7937
7912
7937
7925
7912
7900
7887
7875
7862
7875
7850
7850
7825
7800
7750
7737
7712
7675
7637
7625
7587
7550
7537
7525
7512
7500
7512
7500
7512
7500
7487
7475
7487
7475
7487
7500
7512
7525
7537
7550
7562
7575
7562
7575
7562
7537
7512
7512
7487
7462
7475
7462
7450
7437
7425
7412
7400
7362
7350
7337
7337
7325
7337
7325
7337
7312
7325
7312
7300
7300
7300
7300
7300
7325
7312
7325
7312
7325
7312
7325
7312
7325
7312
7325
7312
7325
7312
7325
7312
7325
7337
7350
7362
7375
7387
7375
7387
7375
7387
7375
7387
7362
7337
7312
7312
7287
7300
7337
7375
7412
7475
7537
7600
7662
7700
7750
7787
7825
7862
7925
7937
7975
8012
8012
8012
8037
8037
8012
8025
8012
8000
7987
7975
7962
7950
7937
7925
7912
7900
7887
7850
7837
7825
7787
7750
7737
7700
7675
7650
7625
7600
7587
7575
7562
7575
7562
7575
7587
7600
7587
7600
7612
7600
7612
7625
7637
7625
7637
7625
7637
7625
7612
7600
7587
7575
7562
7575
7562
7550
7537
7525
7487
7475
7462
7450
7437
7450
7437
7425
7412
7400
7387
7375
7387
7375
7387
7375
7387
7375
7387
7375
7362
7350
7337
7325
7312
7325
7312
7325
7312
7300
7287
7275
7237
7225
7212
7212
7200
7212
7200
7212
7212
7212
7212
7237
7262
7287
7350
7412
7475
7512
7562
7612
7662
7700
7775
7837
7900
7937
8000
8012
8025
8012
8062
8037
8062
8062
8087
8050
8037
8025
8012
7975
7962
7950
7937
7925
7937
7925
7937
7925
7962
7950
7937
7950
7937
7900
7887
7875
7812
7775
7737
7712
7675
7637
7600
7562
7550
7537
7525
7537
7525
7512
7500
7512
7525
7537
7550
7562
7587
7587
7587
7562
7562
7525
7487
7475
7462
7450
7437
7450
7437
7425
7412
7425
7412
7400
7412
7400
7387
7375
7387
7375
7362
7350
7337
7325
7312
7325
7312
7300
7287
7262
7237
7237
7237
7237
7275
7287
7300
7312
7300
7287
7275
7275
7275
7300
7325
7375
7387
7437
7487
7537
7587
7662
7712
7775
7837
7900
7937
7975
7987
8000
7987
8000
7987
8000
7987
8000
7987
8000
7987
8000
7987
7975
7962
7950
7937
7950
7962
7950
7962
7950
7912
7900
7887
7850
7812
7775
7712
7662
7600
7562
7525
7512
7500
7512
7500
7512
7500
7512
7500
7512
7500
7512
7500
7512
7525
7537
7550
7562
7575
7562
7575
7562
7575
7562
7575
7562
7575
7562
7575
7562
7575
7562
7575
7587
7600
7612
7625
7637
7625
7637
7625
7637
7625
7637
7625
7637
7625
7637
7650
7662
7650
7662
7650
7650
7650
7650
7650
7650
7637
7625
7637
7625
7612
7600
7612
7600
7587
7600
7587
7575
7562
7575
7587
7625
7637
7675
7712
7737
7762
7787
7812
7825
7862
7900
7962
8025
8087
8150
8225
8300
8375
8425
8462
8475
8487
8475
8462
8450
8437
8400
8362
8325
8287
8250
8225
8212
8200
8162
8150
8137
8100
8087
8075
8062
8050
8037
8025
8012
8000
7987
8000
7987
7975
7962
7950
7912
7875
7862
7825
7812
7800
7812
7825
7837
7850
7862
7875
7862
7875
7862
7875
7862
7875
7862
7875
7862
7875
7862
7850
7837
7825
7787
7775
7762
7762
7750
7762
7750
7762
7762
7775
7787
7800
7812
7800
7812
7800
7812
7825
7837
7850
7862
7875
7862
7850
7837
7850
7837
7825
7837
7825
7787
7775
7787
7775
7787
7800
7812
7800
7812
7800
7812
7800
7812
7825
7837
7850
7887
7925
7962
8025
8087
8150
8200
8262
8325
8387
8425
8437
8450
8462
8450
8462
8475
8487
8475
8487
8475
8487
8475
8462
8462
8462
8437
8437
8437
8425
8412
8425
8412
8400
8387
8375
8337
8300
8287
8250
8250
8237
8225
8187
8150
8112
8075
8062
8050
8062
8050
8062
8087
8100
8112
8112
8112
8100
8100
8075
8087
8075
8075
8075
8075
8050
8050
8012
7975
7962
7950
7912
7900
7887
7875
7862
7875
7887
7875
7862
7887
7875
7837
7850
7837
7812
7800
7812
7800
7812
7800
7812
7800
7812
7800
7812
7825
7837
7825
7837
7825
7812
7787
7800
7825
7837
7850
7875
7862
7837
7825
7812
7800
7812
7800
7812
7800
7812
7800
7812
7800
7812
7800
7787
7775
7787
7775
7787
7825
7837
7850
7887
7925
7962
8025
8087
8150
8200
8262
8325
8362
8400
8437
8450
8437
8450
8437
8425
8412
8425
8437
8425
8412
8400
8387
8350
8337
8325
8312
8300
8287
8300
8287
8275
8262
8237
8225
8200
8175
8125
8087
8025
7962
7900
7837
7800
7762
7762
7750
7762
7750
7762
7750
7762
7762
7762
7762
7750
7737
7737
7737
7737
7750
7737
7737
7737
7737
7737
7737
7725
7712
7700
7687
7712
7700
7687
7675
7662
7637
7625
7637
7625
7637
7625
7637
7625
7637
7600
7612
7600
7612
7600
7637
7625
7637
7625
7612
7600
7587
7575
7562
7575
7562
7550
7537
7525
7512
7500
7512
7500
7512
7500
7487
7475
7462
7450
7462
7462
7462
7462
7462
7437
7450
7462
7475
7487
7500
7512
7500
7512
7500
7512
7525
7537
7550
7587
7637
7675
7750
7825
7900
7962
8000
8037
8075
8087
8100
8112
8100
8087
8075
8062
8050
8037
8025
8012
7975
7962
7950
7937
7950
7962
7975
7987
7975
7962
7937
7925
7912
7925
7912
7912
7875
7837
7775
7712
7687
7650
7637
7625
7637
7625
7637
7625
7637
7625
7637
7625
7612
7600
7587
7575
7562
7550
7537
7525
7512
7500
7512
7500
7512
7500
7512
7525
7525
7525
7550
7550
7550
7587
7600
7612
7662
7662
7662
7662
7662
7650
7662
7650
7662
7650
7637
7650
7662
7650
7662
7675
7650
7650
7650
7650
7625
7637
7625
7637
7625
7637
7625
7637
7625
7612
7600
7612
7600
7612
7650
7687
7700
7737
7762
7800
7837
7900
7962
8025
8062
8100
8137
8150
8137
8162
8162
8137
8112
8112
8075
8062
8050
8062
8050
8062
8050
8062
8050
8062
8075
8087
8100
8112
8125
8112
8125
8112
8100
8087
8075
8037
8000
7962
7925
7875
7850
7850
7875
7900
7937
7975
7987
8000
7987
8000
8012
8025
8037
8050
8037
8000
7962
7900
7800
7687
7575
7500
7412
7387
7375
7387
7375
7387
7375
7387
7375
7387
7375
7362
7325
7312
7275
7237
7225
7212
7187
7175
7162
7125
7112
7100
7062
7025
7012
6975
6937
6925
6912
6875
6862
6850
6837
6825
6812
6775
6762
6750
6737
6750
6787
6800
6812
6825
6837
6825
6837
6825
6837
6825
6837
6825
6837
6850
6862
6875
6912
6950
6987
7050
7112
7150
7187
7237
7287
7337
7387
7425
7462
7500
7500
7525
7525
7525
7500
7487
7475
7487
7475
7487
7500
7512
7500
7512
7500
7512
7525
7537
7550
7562
7575
7587
7600
7587
7575
7537
7475
7412
7350
7312
7275
7237
7200
7162
7112
7050
6987
6950
6912
6900
6887
6875
6862
6875
6862
6875
6887
6900
6887
6900
6912
6925
6912
6900
6887
6850
6837
6825
6837
6825
6837
6825
6837
6850
6862
6875
6912
6925
6937
6950
6962
6950
6962
6975
6987
7000
7037
7050
7062
7100
7112
7125
7162
7175
7187
7212
7250
7262
7275
7287
7275
7262
7250
7262
7250
7262
7250
7237
7200
7187
7187
7175
7162
7150
7150
7125
7125
7125
7150
7137
7150
7162
7187
7225
7287
7350
7412
7475
7537
7600
7662
7700
7737
7750
7762
7750
7762
7750
7762
7750
7762
7750
7737
7662
7650
7637
7625
7612
7662
7675
7662
7675
7712
7725
7712
7725
7712
7700
7687
7712
7687
7662
7612
7587
7525
7487
7475
7462
7450
7437
7450
7437
7412
7387
7387
7362
7337
7350
7337
7325
7312
7300
7262
7225
7187
7162
7125
7087
7075
7037
7025
7012
7025
7012
7025
7012
7025
7037
7050
7062
7075
7087
7062
7062
7062
7062
7062
7075
7087
7075
7087
7075
7062
7050
7037
7025
7012
7000
6987
6975
6962
6950
6962
6950
6962
6950
6962
6950
6937
6900
6887
6850
6812
6775
6762
6750
6725
6725
6750
6775
6800
6862
6900
6937
6975
6987
7000
7037
7075
7112
7162
7225
7287
7350
7412
7475
7537
7575
7612
7650
7662
7650
7637
7625
7612
7625
7637
7675
7712
7725
7737
7750
7737
7725
7712
7675
7662
7650
7637
7625
7637
7625
7637
7625
7612
7600
7587
7575
7550
7550
7525
7525
7525
7537
7550
7587
7625
7637
7675
7712
7725
7737
7750
7762
7750
7762
7750
7737
7725
7712
7700
7687
7700
7687
7700
7687
7675
7637
7600
7562
7525
7487
7450
7437
7400
7425
7412
7400
7362
7350
7275
7262
7250
7262
7287
7300
7287
7300
7287
7262
7275
7287
7300
7312
7325
7312
7325
7337
7350
7337
7350
7337
7325
7312
7300
7287
7275
7262
7237
7212
7162
7112
7050
7012
7000
7012
7050
7112
7187
7237
7287
7337
7387
7387
7425
7462
7475
7487
7500
7487
7475
7487
7475
7462
7475
7462
7450
7437
7450
7437
7450
7462
7500
7512
7550
7587
7600
7612
7625
7637
7625
7612
7600
7587
7550
7512
7475
7412
7350
7287
7225
7187
7162
7150
7137
7150
7137
7125
7112
7100
7087
7075
7100
7125
7162
7212
7287
7325
7362
7400
7400
7400
7400
7375
7325
7275
7200
7125
7062
6987
6925
6862
6825
6787
6750
6712
6675
6625
6562
6525
6487
6475
6487
6500
6487
6475
6425
6387
6350
6312
6275
6275
6237
6200
6187
6175
6150
6137
6125
6112
6100
6087
6075
6062
6050
6037
6050
6037
6050
6037
6050
6037
6025
6025
6012
6000
6012
6025
6025
6037
6050
6062
6100
6125
6187
6225
6262
6300
6337
6350
6362
6375
6362
6350
6337
6350
6362
6400
6400
6425
6425
6400
6350
6337
6300
6287
6275
6262
6250
6237
6225
6200
6200
6175
6150
6112
6100
6062
6050
6037
6050
6037
6050
6062
6075
6087
6100
6125
6112
6087
6075
6087
6062
6075
6100
6112
6100
6112
6100
6112
6125
6137
6150
6162
6175
6162
6175
6162
6175
6175
6187
6200
6212
6225
6212
6225
6212
6225
6237
6250
6262
6300
6312
6300
6312
6325
6300
6300
6325
6300
6287
6312
6312
6312
6337
6350
6337
6350
6337
6350
6337
6350
6362
6400
6412
6450
6462
6450
6400
6337
6275
6237
6225
6225
6275
6300
6325
6350
6400
6437
6500
6562
6625
6675
6737
6800
6862
6925
6987
7050
7112
7150
7187
7200
7212
7200
7212
7200
7187
7175
7162
7150
7125
7125
7100
7062
7037
7025
6987
6975
7000
6987
7000
7012
7025
7012
7025
7012
7000
6987
6962
6937
6912
6912
6887
6875
6862
6850
6812
6775
6737
6700
6675
6637
6650
6650
6625
6600
6600
6575
6550
6525
6525
6500
6437
6412
6387
6362
6337
6350
6337
6350
6337
6350
6325
6325
6300
6275
6250
6237
6200
6162
6150
6125
6087
6050
6037
6025
6012
6025
6037
6050
6037
6050
6037
6050
6062
6075
6062
6075
6087
6075
6087
6100
6112
6125
6150
6187
6225
6262
6300
6337
6375
6437
6500
6537
6575
6587
6600
6612
6625
6637
6675
6687
6637
6662
6662
6637
6637
6675
6637
6600
6562
6500
6437
6375
6312
6250
6212
6175
6175
6162
6175
6162
6175
6162
6175
6162
6175
6162
6175
6175
6187
6200
6212
6225
6212
6225
6212
6225
6212
6200
6187
6175
6175
6162
6150
6137
6125
6087
6075
6037
6025
6037
6050
6062
6100
6112
6100
6112
6100
6112
6125
6137
6150
6200
6250
6300
6375
6412
6450
6462
6450
6437
6425
6387
6375
6362
6350
6337
6325
6287
6275
6237
6225
6212
6225
6212
6225
6262
6287
6312
6337
6362
6337
6350
6337
6350
6325
6325
6325
6325
6300
6312
6300
6287
6275
6262
6250
6237
6225
6212
6225
6212
6225
6237
6250
6262
6300
6312
6325
6362
6400
6412
6450
6462
6487
6475
6500
6500
6525
6537
6562
6575
6587
6600
6587
6600
6587
6600
6587
6600
6587
6575
6537
6525
6487
6450
6412
6400
6362
6325
6312
6300
6287
6275
6287
6275
6287
6275
6287
6275
6287
6300
6312
6325
6337
6350
6337
6350
6337
6350
6337
6350
6337
6325
6312
6300
6287
6300
6312
6325
6337
6350
6337
6350
6337
6350
6337
6350
6362
6362
6375
6387
6375
6362
6387
6375
6400
6425
6462
6475
6487
6487
6475
6450
6425
6425
6425
6437
6450
6487
6500
6512
6550
6562
6587
6637
6625
6650
6687
6700
6712
6762
6775
6787
6800
6825
6875
6900
6925
6950
6962
6975
6987
7000
7000
6975
6950
6925
6875
6837
6800
6737
6700
6700
6687
6700
6712
6700
6687
6700
6687
6700
6712
6725
6712
6700
6687
6675
6637
6600
6587
6550
6512
6500
6487
6475
6462
6475
6462
6475
6462
6475
6500
6525
6550
6575
6600
6587
6600
6612
6612
6612
6637
6637
6637
6650
6662
6650
6662
6650
6662
6637
6637
6612
6612
6587
6600
6612
6625
6637
6650
6662
6675
6687
6700
6712
6725
6712
6737
6725
6737
6725
6737
6712
6725
6712
6737
6737
6737
6737
6737
6725
6712
6725
6712
6700
6687
6675
6662
6650
6662
6650
6637
6625
6612
6575
6562
6575
6562
6575
6612
6625
6637
6675
6700
6737
6800
6862
6925
6962
7000
7012
7025
7012
7025
7012
7025
7012
7025
7037
7050
7037
7050
7037
7000
6987
6975
6937
6962
6962
6937
6937
6937
6875
6862
6850
6837
6825
6812
6775
6762
6725
6725
6712
6725
6712
6700
6687
6675
6637
6625
6612
6600
6587
6600
6550
6550
6550
6550
6525
6562
6550
6537
6525
6537
6525
6537
6525
6537
6525
6537
6525
6537
6525
6537
6525
6537
6550
6562
6575
6587
6575
6562
6550
6537
6525
6512
6500
6512
6500
6487
6500
6487
6450
6437
6425
6412
6400
6412
6425
6437
6450
6462
6475
6487
6500
6512
6525
6537
6525
6512
6500
6487
6475
6462
6475
6487
6525
6562
6625
6675
6737
6800
6862
6925
6987
7012
7050
7062
7050
7037
7062
7037
7037
7037
7037
7012
7025
7012
7000
7000
6987
6975
6962
6950
6925
6937
6925
6937
6950
6962
6950
6937
6925
6912
6900
6887
6875
6837
6787
6737
6712
6700
6675
6700
6700
6700
6700
6725
6712
6700
6687
6675
6662
6650
6662
6650
6662
6675
6675
6650
6650
6625
6600
6587
6600
6587
6612
6600
6587
6575
6562
6512
6500
6512
6500
6487
6500
6512
6500
6512
6550
6562
6550
6537
6500
6462
6412
6387
6387
6375
6362
6387
6387
6362
6375
6362
6350
6337
6325
6312
6300
6287
6275
6287
6275
6287
6275
6287
6275
6262
6250
6237
6225
6237
6250
6262
6300
6312
6325
6362
6400
6437
6500
6562
6625
6650
6687
6700
6712
6700
6725
6712
6725
6712
6725
6712
6700
6687
6675
6662
6650
6662
6650
6662
6650
6662
6650
6662
6675
6675
6675
6675
6675
6650
6637
6625
6612
6600
6587
6575
6562
6550
6512
6500
6487
6475
6462
6475
6462
6475
6462
6475
6462
6475
6462
6475
6487
6487
6487
6487
6487
6462
6475
6462
6450
6437
6425
6387
6375
6362
6350
6337
6350
6337
6325
6312
6300
6287
6275
6287
6275
6287
6275
6262
6250
6262
6250
6262
6275
6287
6312
6312
6312
6312
6312
6275
6287
6275
6287
6275
6287
6275
6287
6275
6287
6325
6337
6325
6337
6325
6287
6275
6287
6275
6287
6275
6287
6275
6287
6300
6312
6325
6337
6350
6362
6412
6437
6487
6512
6537
6550
6587
6625
6675
6712
6750
6762
6775
6762
6775
6762
6775
6762
6775
6762
6775
6762
6775
6762
6750
6737
6725
6725
6712
6725
6725
6737
6750
6762
6750
6712
6675
6650
6600
6587
6575
6587
6575
6600
6587
6600
6587
6600
6612
6625
6637
6650
6662
6650
6637
6600
6587
6550
6537
6525
6512
6475
6437
6400
6387
6400
6437
6475
6512
6525
6537
6525
6537
6525
6537
6525
6537
6525
6537
6525
6537
6550
6562
6550
6562
6550
6537
6525
6537
6525
6512
6500
6487
6475
6462
6475
6487
6500
6512
6550
6587
6625
6675
6712
6750
6787
6800
6812
6825
6837
6850
6862
6875
6887
6875
6862
6850
6850
6850
6850
6850
6875
6862
6875
6912
6950
7000
7075
7137
7212
7287
7325
7362
7412
7462
7512
7587
7637
7687
7725
7750
7775
7825
7837
7850
7862
7875
7887
7900
7887
7875
7862
7825
7787
7775
7762
7762
7750
7737
7725
7712
7675
7662
7650
7637
7625
7637
7612
7612
7587
7587
7562
7575
7562
7575
7600
7612
7625
7662
7675
7675
7712
7725
7712
7725
7712
7675
7662
7650
7637
7625
7637
7625
7612
7575
7562
7525
7512
7487
7487
7500
7537
7575
7625
7675
7687
7700
7687
7700
7687
7700
7712
7725
7712
7725
7712
7700
7675
7675
7650
7650
7625
7612
7600
7587
7550
7537
7525
7512
7500
7512
7500
7512
7525
7537
7550
7587
7625
7637
7650
7662
7650
7637
7650
7662
7675
7712
7737
7775
7837
7900
7962
8025
8062
8100
8112
8125
8112
8125
8112
8100
8087
8075
8037
8025
8012
8000
7987
8000
8012
8012
8012
8037
8037
8037
8075
8087
8075
8087
8075
8062
8050
8062
8050
8062
8075
8087
8100
8137
8175
8187
8200
8212
8225
8212
8225
8250
8262
8275
8287
8300
8275
8275
8250
8250
8237
8250
8237
8250
8237
8250
8237
8250
8237
8250
8237
8250
8250
8262
8275
8287
8300
8287
8300
8312
8325
8337
8350
8362
8350
8362
8350
8362
8375
8387
8400
8412
8425
8412
8425
8412
8437
8437
8437
8437
8437
8425
8412
8425
8412
8425
8412
8425
8412
8425
8412
8425
8412
8425
8412
8425
8437
8475
8512
8575
8637
8700
8750
8812
8850
8900
8962
9000
9037
9037
9075
9075
9100
9125
9187
9200
9237
9250
9237
9250
9262
9275
9300
9337
9350
9362
9350
9325
9287
9275
9237
9200
9187
9175
9162
9175
9212
9225
9262
9275
9287
9275
9287
9275
9262
9250
9237
9200
9187
9175
9137
9100
9062
9025
8987
8975
8962
8975
8962
8950
8937
8925
8875
8825
8775
8700
8637
8575
8512
8450
8412
8362
8312
8287
8262
8212
8162
8112
8037
7962
7900
7837
7800
7762
7725
7700
7700
7675
7650
7637
7600
7562
7525
7487
7450
7412
7375
7337
7287
7262
7237
7212
7212
7225
7237
7275
7287
7300
7312
7325
7337
7375
7412
7475
7512
7550
7612
7625
7637
7675
7687
7675
7687
7700
7687
7700
7687
7700
7712
7737
7775
7837
7900
7962
8025
8087
8125
8162
8200
8225
8237
8275
8287
8300
8275
8275
8275
8300
8300
8337
8375
8387
8400
8437
8475
8512
8575
8637
8700
8750
8812
8875
8937
9000
9062
9125
9187
9250
9300
9337
9375
9425
9475
9537
9625
9712
9775
9850
9912
9975
10037
10100
10162
10200
10237
10275
10312
10337
10400
10437
10475
10487
10500
10512
10525
10537
10575
10612
10650
10687
10725
10762
10800
10825
10887
10925
10962
10975
10987
10975
10987
11000
11012
11025
11062
11100
11137
11200
11262
11325
11375
11437
11500
11562
11625
11687
11762
11825
11912
12000
12087
12162
12237
12300
12362
12412
12475
12537
12600
12662
12725
12800
12862
12937
13012
13062
13100
13137
13175
13212
13250
13287
13325
13362
13400
13450
13487
13500
13487
13450
13437
13400
13362
13350
13337
13312
13325
13337
13350
13362
13375
13362
13387
13412
13462
13487
13537
13550
13537
13487
13475
13450
13437
13425
13437
13450
13462
13475
13500
13512
13525
13537
13550
13562
13600
13637
13700
13737
13775
13812
13825
13837
13875
13912
13925
13962
13987
14025
14037
14087
14112
14137
14137
14137
14100
14087
14050
14037
14025
14037
14025
14037
14050
14062
14075
14112
14150
14187
14250
14312
14375
14437
14487
14562
14637
14712
14800
14887
14950
15037
15125
15200
15275
15350
15387
15425
15437
15450
15437
15425
15412
15400
15350
15325
15300
15250
15200
15187
15137
15087
15037
14987
14925
14862
14800
14737
14675
14612
14550
14512
14487
14450
14412
14400
14362
14350
14362
14400
14437
14487
14550
14587
14625
14662
14675
14687
14700
14712
14725
14737
14725
14737
14725
14687
14650
14612
14575
14525
14512
14487
14462
14412
14375
14337
14300
14262
14250
14237
14200
14187
14175
14162
14150
14162
14150
14162
14150
14137
14100
14087
14037
14012
13987
13962
13925
13925
13900
13875
13850
13850
13812
13775
13762
13750
13712
13700
13687
13675
13687
13725
13762
13825
13887
13937
14000
14062
14125
14187
14262
14350
14437
14537
14637
14725
14800
14862
14925
14987
15025
15062
15075
15087
15062
15050
15037
15025
15025
15012
15000
15000
15000
14975
14975
14975
14962
14950
14962
14950
14937
14900
14862
14800
14737
14675
14612
14550
14487
14437
14375
14337
14300
14287
14275
14287
14275
14287
14300
14312
14325
14337
14350
14362
14375
14387
14425
14425
14425
14425
14425
14400
14387
14375
14362
14325
14312
14300
14262
14250
14237
14225
14212
14225
14212
14225
14237
14250
14262
14275
14287
14275
14287
14275
14287
14275
14287
14300
14312
14325
14362
14400
14412
14450
14462
14450
14437
14425
14412
14400
14412
14425
14437
14425
14437
14450
14437
14450
14462
14475
14487
14512
14550
14625
14700
14775
14862
14937
15025
15125
15225
15312
15412
15487
15575
15662
15750
15825
15900
15900
15937
15975
16000
16025
16087
16112
16100
16087
16075
16062
16037
16025
16012
15975
15962
15950
15937
15925
15912
15900
15887
15850
15837
15825
15787
15750
15700
15612
15525
15437
15362
15287
15225
15162
15125
15087
15075
15087
15100
15112
15150
15162
15175
15212
15225
15262
15287
15325
15325
15350
15325
15337
15312
15325
15312
15300
15300
15287
15275
15262
15275
15250
15237
15225
15212
15200
15187
15200
15187
15200
15187
15200
15187
15200
15175
15175
15175
15200
15187
15187
15187
15187
15150
15125
15125
15100
15050
15037
15025
15000
14962
14925
14912
14862
14837
14812
14812
14762
14750
14712
14700
14662
14625
14612
14600
14587
14600
14612
14625
14662
14700
14737
14800
14862
14925
14987
15062
15150
15237
15325
15400
15475
15537
15587
15650
15712
15775
15825
15900
15962
16000
16012
16025
16012
15975
15937
15900
15862
15825
15787
15750
15712
15650
15587
15525
15475
15437
15400
15362
15325
15287
15212
15137
15062
15012
14975
14937
14925
14937
14950
14975
15012
15050
15087
15125
15162
15200
15237
15250
15262
15250
15262
15250
15237
15225
15212
15175
15162
15150
15112
15100
15087
15075
15062
15050
15037
15025
15025
15012
15025
15012
15025
15012
15025
15012
15000
14987
14975
14937
14900
14862
14825
14787
14750
14737
14725
14712
14700
14687
14675
14650
14625
14600
14575
14550
14537
14537
14525
14537
14525
14537
14525
14537
14537
14537
14512
14512
14512
14500
14512
14525
14537
14537
14575
14625
14700
14775
14850
14925
14987
15075
15175
15275
15375
15462
15525
15587
15662
15737
15787
15837
15887
15900
15887
15862
15812
15737
15662
15587
15525
15475
15437
15400
15362
15325
15287
15225
15162
15100
15037
14975
14925
14887
14850
14812
14775
14737
14675
14637
14625
14612
14625
14637
14650
14637
14625
14612
14600
14587
14575
14587
14575
14562
14525
14487
14462
14412
14362
14312
14262
14212
14175
14162
14137
14112
14062
14012
13937
13887
13812
13737
13687
13625
13562
13512
13487
13450
13437
13425
13412
13375
13375
13350
13350
13350
13375
13362
13350
13337
13325
13287
13250
13212
13150
13112
13075
13062
13050
13037
13025
13012
13000
12987
12975
12962
12950
12950
12950
12987
13000
13037
13075
13112
13150
13212
13287
13362
13425
13500
13575
13650
13725
13812
13887
13975
14062
14150
14237
14325
14412
14500
14587
14662
14737
14775
14812
14850
14850
14825
14825
14800
14750
14712
14675
14612
14575
14537
14512
14500
14487
14450
14412
14375
14312
14250
14187
14125
14062
14000
13937
13887
13825
13787
13775
13787
13825
13887
13925
13962
13975
13962
13950
13937
13900
13887
13862
13837
13812
13812
13787
13800
13787
13800
13812
13825
13812
13825
13812
13775
13737
13725
13687
13650
13612
13600
13562
13525
13512
13500
13475
13475
13462
13425
13387
13375
13325
13312
13300
13312
13300
13312
13300
13287
13275
13262
13250
13237
13250
13262
13300
13337
13400
13450
13512
13575
13650
13737
13825
13900
13987
14062
14125
14200
14250
14312
14350
14387
14412
14437
14425
14437
14425
14387
14350
14312
14275
14237
14200
14162
14150
14112
14075
14037
14037
14012
13987
13962
13937
13887
13825
13762
13687
13637
13587
13537
13487
13450
13425
13387
13375
13362
13375
13387
13400
13412
13450
13475
13487
13525
13562
13575
13562
13550
13512
13450
13400
13362
13312
13262
13237
13212
13187
13175
13162
13150
13087
13062
13037
13037
13012
13062
13050
13037
13025
13012
13000
12987
12975
12962
12950
12950
12937
12925
12912
12900
12862
12850
12837
12825
12812
12800
12787
12775
12762
12750
12737
12737
12762
12787
12812
12862
12875
12887
12900
12925
12962
13025
13062
13100
13137
13150
13162
13175
13187
13200
13237
13275
13350
13412
13487
13562
13637
13700
13762
13800
13837
13850
13862
13850
13837
13825
13812
13775
13737
13725
13687
13650
13612
13600
13562
13525
13512
13500
13500
13487
13500
13475
13450
13400
13350
13300
13262
13225
13212
13200
13187
13175
13187
13175
13187
13175
13187
13175
13187
13175
13187
13175
13200
13187
13200
13175
13175
13137
13137
13112
13125
13112
13125
13112
13100
13062
13025
12950
12900
12887
12862
12837
12850
12837
12825
12812
12800
12787
12775
12737
12725
12712
12675
12662
12650
12637
12625
12612
12575
12537
12475
12412
12387
12350
12337
12362
12387
12412
12437
12462
12487
12537
12562
12612
12650
12700
12712
12750
12787
12825
12850
12900
12962
13000
13012
13025
13012
12975
12937
12925
12900
12862
12825
12812
12775
12762
12787
12837
12875
12950
13037
13112
13187
13262
13300
13350
13400
13425
13450
13500
13512
13500
13487
13450
13400
13337
13275
13212
13150
13087
13025
12962
12900
12837
12762
12687
12612
12537
12475
12412
12387
12337
12287
12237
12187
12112
12075
12037
12000
11987
12000
11987
12000
12037
12075
12087
12100
12112
12100
12087
12075
12062
12050
12037
12025
12012
12025
12037
12050
12062
12100
12100
12112
12125
12137
12125
12150
12162
12175
12187
12200
12187
12150
12112
12075
12037
12000
11987
11975
11937
11925
11912
11912
11900
11887
11887
11900
11900
11925
11950
11962
11950
11937
11925
11912
11887
11875
11862
11850
11825
11825
11825
11850
11862
11900
11937
11975
12012
12050
12125
12200
12250
12312
12375
12412
12462
12537
12600
12662
12700
12737
12750
12762
12775
12787
12800
12812
12825
12812
12825
12812
12800
12787
12775
12762
12750
12762
12750
12762
12750
12737
12725
12712
12700
12687
12700
12687
12675
12662
12650
12612
12600
12587
12575
12587
12625
12662
12725
12787
12850
12900
12962
13025
13087
13150
13187
13225
13237
13250
13237
13225
13187
13175
13137
13100
13062
13050
13012
12975
12962
12950
12925
12887
12850
12787
12725
12662
12625
12587
12550
12512
12500
12487
12475
12462
12475
12462
12462
12450
12462
12450
12462
12450
12462
12450
12462
12450
12462
12450
12437
12425
12437
12425
12412
12425
12437
12425
12437
12450
12437
12400
12387
12350
12337
12350
12362
12375
12412
12450
12500
12587
12675
12762
12837
12900
12962
13025
13125
13175
13237
13300
13362
13387
13450
13512
13550
13587
13600
13587
13550
13537
13500
13475
13437
13400
13362
13325
13312
13300
13287
13275
13287
13275
13287
13325
13337
13350
13362
13350
13312
13300
13262
13225
13187
13150
13087
13025
12962
12900
12850
12787
12725
12662
12600
12537
12500
12487
12475
12487
12500
12512
12500
12487
12450
12437
12412
12375
12337
12300
12237
12175
12112
12050
12012
11975
11937
11900
11862
11812
11750
11687
11625
11587
11550
11537
11525
11537
11525
11512
11500
11487
11425
11425
11450
11450
11475
11525
11537
11525
11537
11525
11537
11550
11587
11625
11687
11725
11762
11800
11837
11850
11887
11912
11950
11987
12025
12075
12125
12175
12237
12325
12387
12462
12550
12625
12700
12787
12862
12937
13012
13100
13175
13250
13325
13375
13425
13462
13512
13562
13637
13675
13712
13725
13737
13725
13737
13725
13750
13737
13725
13687
13650
13575
13537
13500
13475
13437
13400
13337
13275
13212
13150
13112
13075
13037
13025
13012
13000
13012
13025
13037
13075
13112
13150
13175
13212
13250
13287
13300
13350
13362
13375
13387
13400
13412
13450
13462
13475
13500
13487
13500
13537
13575
13587
13650
13687
13700
13712
13750
13762
13775
13787
13800
13787
13800
13812
13812
13837
13850
13837
13825
13825
13775
13762
13750
13737
13725
13737
13725
13712
13675
13637
13600
13562
13550
13537
13550
13537
13550
13562
13575
13587
13600
13612
13600
13612
13625
13662
13675
13712
13750
13787
13825
13887
13937
14000
14062
14125
14187
14262
14337
14425
14525
14637
14750
14862
14937
15025
15112
15187
15262
15350
15437
15500
15575
15650
15712
15775
15837
15875
15912
15925
15937
15925
15912
15900
15887
15875
15862
15850
15837
15825
15812
15800
15812
15800
15787
15750
15712
15650
15575
15500
15437
15362
15287
15225
15162
15125
15112
15100
15112
15125
15137
15125
15137
15125
15112
15075
15062
15012
15000
14975
14950
14900
14862
14800
14737
14675
14612
14575
14537
14512
14475
14437
14400
14387
14375
14387
14400
14412
14425
14462
14462
14487
14487
14487
14487
14500
14512
14525
14537
14525
14512
14500
14487
14475
14462
14475
14462
14450
14412
14375
14312
14225
14200
14175
14175
14175
14200
14187
14200
14175
14175
14175
14175
14175
14187
14200
14237
14275
14287
14325
14362
14400
14437
14537
14612
14687
14762
14825
14875
14937
15025
15112
15212
15312
15412
15487
15600
15700
15787
15887
15975
16062
16162
16262
16350
16437
16487
16525
16537
16550
16537
16550
16537
16525
16487
16450
16387
16350
16312
16300
16287
16275
16262
16250
16237
16225
16237
16225
16250
16275
16300
16325
16350
16362
16350
16337
16300
16262
16175
16112
16050
15987
15937
15900
15837
15762
15687
15637
15575
15525
15500
15475
15450
15462
15500
15512
15550
15575
15587
15575
15587
15575
15550
15512
15475
15412
15375
15337
15300
15262
15225
15200
15150
15100
15050
15000
14950
14912
14875
14837
14787
14737
14687
14662
14637
14625
14612
14600
14587
14575
14587
14600
14612
14600
14612
14600
14587
14575
14587
14575
14587
14600
14612
14625
14662
14675
14687
14725
14737
14725
14737
14750
14737
14750
14787
14800
14812
14850
14887
14925
14975
15037
15100
15162
15225
15287
15350
15425
15500
15600
15700
15800
15900
15975
16062
16150
16237
16312
16387
16450
16512
16562
16600
16637
16675
16687
16700
16737
16750
16737
16725
16712
16675
16637
16600
16562
16512
16475
16437
16400
16362
16362
16312
16262
16250
16212
16137
16087
16037
15962
15900
15837
15775
15712
15650
15587
15525
15475
15412
15350
15287
15225
15162
15100
15062
15050
15037
15050
15087
15100
15112
15150
15187
15200
15237
15250
15262
15250
15262
15250
15262
15250
15262
15250
15262
15250
15262
15250
15237
15200
15162
15125
15087
15050
15012
14975
14950
14912
14900
14887
14900
14912
14925
14937
14975
15000
15012
15050
15087
15100
15087
15100
15112
15100
15112
15125
15112
15075
15062
15025
15025
15012
15000
14962
14950
14912
14875
14862
14875
14862
14875
14912
14925
14937
14975
15000
15050
15125
15200
15275
15362
15437
15537
15650
15762
15875
15962
16062
16150
16250
16350
16450
16562
16675
16775
16837
16887
16900
16912
16900
16912
16887
16862
16812
16787
16737
16700
16662
16625
16587
16562
16525
16487
16475
16437
16400
16362
16350
16312
16275
16237
16200
16125
16050
15975
15912
15837
15800
15762
15712
15662
15612
15537
15500
15462
15425
15412
15425
15437
15475
15525
15587
15625
15662
15662
15675
15662
15650
15612
15612
15575
15575
15562
15550
15537
15525
15487
15475
15462
15425
15387
15375
15337
15337
15325
15312
15275
15237
15187
15150
15112
15100
15087
15075
15087
15125
15137
15150
15162
15150
15137
15112
15112
15087
15087
15062
15050
15012
15000
14975
14937
14900
14850
14812
14800
14787
14800
14825
14837
14825
14837
14825
14837
14850
14887
14925
14975
15037
15100
15162
15225
15287
15362
15437
15525
15612
15712
15825
15912
16012
16125
16225
16312
16412
16500
16600
16700
16787
16875
16962
17037
17087
17137
17150
17137
17125
17112
17100
17087
17075
17062
17075
17087
17100
17137
17162
17187
17212
17187
17187
17187
17162
17112
17100
17037
16962
16875
16787
16712
16637
16562
16512
16475
16437
16425
16412
16400
16387
16400
16387
16400
16412
16400
16362
16325
16287
16250
16212
16175
16137
16075
16012
15962
15925
15875
15850
15825
15787
15725
15675
15600
15525
15475
15412
15375
15337
15325
15312
15325
15312
15325
15312
15325
15312
15325
15312
15325
15350
15350
15350
15350
15362
15337
15375
15362
15350
15325
15300
15237
15225
15212
15175
15162
15150
15137
15125
15112
15100
15087
15050
15037
15025
15000
14962
14950
14912
14875
14862
14850
14837
14825
14837
14825
14837
14850
14887
14925
14975
15037
15100
15162
15237
15312
15400
15475
15575
15675
15787
15887
16000
16112
16237
16350
16462
16562
16675
16762
16862
16962
17037
17125
17187
17237
17262
17275
17262
17275
17262
17250
17212
17175
17112
17062
17000
16937
16875
16812
16750
16687
16650
16612
16587
16550
16512
16450
16387
16325
16262
16200
16137
16075
16012
15962
15925
15887
15850
15837
15850
15837
15850
15887
15925
15937
15975
16012
16037
16050
16062
16075
16087
16075
16062
16050
16012
15987
15950
15912
15900
15887
15850
15812
15775
15712
15650
15612
15575
15575
15562
15575
15562
15587
15587
15587
15587
15587
15575
15562
15550
15537
15525
15512
15500
15487
15450
15437
15400
15362
15325
15312
15275
15237
15225
15212
15175
15162
15175
15162
15187
15212
15237
15275
15337
15387
15462
15537
15612
15700
15787
15887
15987
16100
16212
16337
16437
16575
16700
16837
16962
17100
17212
17337
17437
17525
17612
17700
17775
17825
17837
17825
17787
17725
17662
17600
17550
17512
17475
17437
17425
17412
17375
17362
17350
17337
17325
17312
17275
17237
17175
17112
17062
17000
16937
16875
16812
16750
16687
16625
16562
16537
16525
16537
16550
16587
16600
16612
16587
16587
16562
16537
16487
16450
16412
16375
16362
16350
16362
16350
16337
16325
16312
16275
16262
16250
16212
16200
16187
16175
16162
16175
16162
16175
16162
16175
16187
16200
16212
16225
16237
16250
16262
16275
16287
16300
16287
16275
16262
16250
16237
16225
16212
16200
16187
16150
16150
16137
16100
16087
16062
16012
15962
15912
15862
15825
15812
15825
15862
15900
15962
16025
16100
16187
16300
16412
16537
16687
16825
16937
17037
17112
17200
17287
17375
17475
17575
17675
17787
17900
18000
18087
18150
18212
18250
18287
18300
18287
18250
18212
18150
18100
18037
17975
17912
17850
17787
17750
17712
17675
17662
17637
17625
17600
17575
17525
17487
17425
17362
17300
17237
17175
17112
17050
16975
16900
16825
16750
16687
16625
16562
16537
16500
16487
16500
16512
16525
16537
16525
16512
16500
16462
16425
16387
16325
16262
16200
16162
16125
16087
16087
16075
16037
16000
15962
15900
15837
15800
15762
15725
15687
15650
15587
15550
15525
15512
15487
15487
15462
15462
15437
15450
15437
15450
15437
15425
15412
15387
15362
15337
15337
15312
15300
15287
15300
15287
15300
15312
15325
15312
15325
15337
15350
15362
15375
15387
15375
15387
15375
15387
15375
15387
15375
15387
15425
15450
15475
15525
15562
15587
15650
15712
15787
15875
15950
16050
16150
16250
16337
16425
16500
16562
16650
16737
16825
16925
17025
17087
17162
17237
17275
17287
17275
17237
17175
17112
17062
17000
16937
16875
16812
16750
16712
16662
16587
16537
16512
16475
16462
16462
16462
16462
16450
16437
16437
16412
16362
16325
16262
16200
16137
16075
16037
16012
15975
15937
15900
15862
15825
15812
15800
15812
15800
15812
15850
15862
15875
15887
15912
15887
15887
15887
15887
15850
15812
15775
15762
15737
15700
15662
15612
15537
15487
15437
15387
15375
15337
15300
15287
15275
15262
15250
15262
15250
15262
15275
15287
15300
15312
15325
15312
15325
15312
15325
15312
15300
15300
15300
15275
15250
15250
15237
15250
15262
15300
15312
15325
15312
15350
15337
15350
15337
15350
15312
15300
15262
15250
15212
15175
15137
15100
15037
14975
14925
14862
14825
14787
14750
14712
14700
14662
14650
14662
14700
14737
14800
14862
14925
14987
15062
15150
15250
15362
15450
15562
15675
15775
15875
15962
16050
16125
16200
16262
16325
16387
16450
16512
16562
16625
16687
16750
16812
16875
16937
16975
17012
17050
17062
17075
17087
17075
17037
17000
16937
16875
16812
16750
16687
16625
16562
16537
16500
16462
16450
16437
16425
16437
16475
16512
16562
16625
16687
16750
16812
16875
16912
16950
16962
16950
16912
16900
16862
16825
16812
16800
16762
16725
16687
16625
16562
16512
16450
16412
16375
16362
16350
16362
16350
16375
16375
16400
16400
16400
16387
16400
16412
16425
16462
16475
16487
16475
16487
16500
16512
16500
16487
16475
16425
16400
16400
16400
16375
16387
16375
16362
16350
16362
16350
16362
16350
16362
16350
16375
16375
16400
16400
16400
16362
16350
16312
16275
16237
16200
16137
16112
16087
16062
16062
16062
16025
16025
16037
16062
16112
16200
16275
16350
16437
16525
16625
16712
16812
16912
17000
17087
17187
17275
17362
17462
17550
17650
17762
17862
17962
18050
18125
18200
18275
18312
18350
18362
18350
18337
18312
18262
18200
18137
18062
17987
17912
17850
17787
17725
17662
17600
17550
17487
17425
17362
17300
17237
17175
17112
17062
17000
16937
16862
16787
16712
16637
16550
16487
16412
16325
16237
16162
16087
16037
16012
15975
15962
15950
15937
15925
15937
15925
15912
15875
15837
15775
15712
15650
15587
15525
15475
15437
15400
15350
15300
15287
15225
15150
15087
15025
14950
14912
14875
14862
14850
14837
14850
14862
14875
14875
14887
14900
14912
14925
14950
14962
14975
14987
15000
15012
15025
15025
15037
15050
15087
15100
15112
15150
15187
15200
15237
15275
15287
15275
15300
15287
15250
15212
15200
15150
15137
15125
15137
15162
15187
15212
15237
15275
15300
15350
15400
15475
15550
15625
15700
15787
15875
15975
16087
16212
16337
16437
16550
16662
16775
16875
16975
17062
17175
17275
17387
17487
17575
17650
17725
17787
17850
17887
17925
17937
17925
17887
17850
17787
17725
17662
17600
17575
17537
17525
17500
17500
17475
17450
17425
17412
17375
17337
17325
17287
17250
17212
17175
17112
17062
17000
16962
16925
16887
16875
16887
16900
16937
17012
17062
17112
17150
17200
17237
17262
17287
17287
17262
17212
17200
17162
17137
17125
17112
17100
17087
17075
17037
17000
16937
16875
16800
16750
16700
16650
16600
16587
16562
16525
16487
16475
16437
16400
16387
16400
16412
16425
16437
16450
16462
16450
16462
16475
16487
16475
16462
16450
16437
16425
16412
16425
16412
16425
16412
16425
16412
16425
16412
16400
16362
16350
16337
16325
16337
16350
16362
16375
16387
16400
16437
16450
16475
16525
16562
16612
16687
16750
16837
16925
17012
17112
17225
17312
17412
17500
17600
17687
17787
17887
17987
18075
18187
18287
18375
18450
18537
18600
18675
18725
18775
18787
18775
18737
18700
18662
18637
18600
18562
18525
18462
18425
18387
18350
18350
18337
18325
18300
18275
18212
18162
18100
18037
17975
17900
17825
17750
17712
17662
17650
17637
17650
17650
17687
17700
17737
17775
17812
17825
17862
17900
17912
17925
17962
17975
17987
18000
17987
17975
17962
17925
17887
17875
17825
17800
17775
17775
17750
17762
17750
17737
17725
17712
17700
17687
17700
17687
17700
17687
17700
17687
17700
17687
17700
17687
17700
17687
17700
17687
17700
17687
17700
17687
17700
17687
17700
17687
17675
17662
17650
17650
17637
17650
17637
17650
17637
17625
17612
17600
17562
17525
17512
17475
17437
17425
17412
17400
17387
17375
17362
17350
17337
17350
17400
17450
17525
17625
17725
17825
17925
18025
18112
18212
18312
18412
18500
18575
18650
18737
18825
18912
19012
19100
19162
19237
19312
19375
19412
19450
19487
19500
19512
19525
19512
19475
19437
19375
19337
19300
19262
19225
19187
19137
19100
19062
19025
19012
19000
18962
18925
18875
18825
18775
18712
18675
18637
18587
18525
18475
18400
18337
18300
18250
18200
18150
18100
18087
18050
18012
18000
17987
17950
17962
17975
17962
17975
17962
17925
17912
17900
17862
17850
17837
17825
17812
17825
17837
17875
17887
17925
17962
17975
17987
18000
18012
18025
18037
18025
18037
18050
18037
18025
18037
18012
17987
17987
17987
17987
18000
17987
17950
17937
17900
17887
17875
17862
17850
17837
17825
17837
17837
17837
17862
17862
17862
17875
17887
17900
17912
17925
17937
17950
17937
17950
17962
18000
18037
18100
18162
18237
18325
18412
18512
18587
18687
18775
18862
18950
19037
19112
19187
19275
19362
19450
19537
19612
19675
19700
19750
19775
19812
19825
19850
19850
19850
19812
19775
19737
19712
19675
19625
19575
19525
19437
19362
19312
19237
19187
19150
19112
19050
19012
18950
18887
18825
18750
18675
18587
18537
18462
18400
18337
18287
18212
18150
18125
18087
18075
18087
18100
18087
18100
18087
18050
18012
18000
17962
17925
17887
17875
17837
17800
17762
17725
17662
17637
17612
17575
17537
17525
17475
17462
17450
17462
17450
17462
17450
17437
17400
17387
17375
17362
17350
17362
17350
17350
17337
17325
17312
17300
17250
17237
17225
17162
17137
17137
17112
17112
17137
17125
17112
17112
17112
17100
17087
17050
17037
16987
16950
16937
16912
16887
16887
16887
16887
16900
16912
16900
16912
16925
16937
16962
17012
17062
17125
17225
17325
17425
17512
17612
17700
17787
17875
17962
18050
18125
18212
18300
18387
18475
18562
18650
18737
18812
18887
18950
19012
19050
19087
19100
19112
19100
19112
19100
19087
19050
19037
19000
18962
18950
18937
18900
18887
18875
18837
18825
18800
18750
18700
18637
18562
18487
18412
18337
18275
18212
18150
18100
18062
18025
18012
18000
18012
18025
18062
18075
18112
18150
18162
18175
18200
18212
18200
18212
18200
18200
18187
18175
18162
18150
18112
18100
18087
18075
18062
18087
18087
18112
18112
18137
18150
18162
18175
18187
18200
18187
18175
18162
18150
18137
18125
