t = 60.000000, p = 272.000000
9400
9387
9400
9387
9400
9387
9400
9387
9400
9387
9400
9387
9400
9387
9375
9362
9350
9350
9337
9350
9337
9350
9337
9350
9337
9350
9337
9350
9337
9350
9325
9325
9300
9300
9275
9287
9275
9262
9250
9237
9225
9212
9225
9237
9275
9287
9325
9350
9387
9425
9487
9550
9612
9675
9737
9787
9850
9912
9950
9987
10025
10062
10075
10112
10125
10137
10125
10137
10112
10112
10087
10062
10050
10050
10025
10025
10050
10037
10025
10050
10050
10050
10075
10100
10112
10125
10137
10150
10162
10175
10187
10200
10187
10212
10212
10212
10187
10187
10150
10112
10075
10037
9975
9912
9850
9787
9762
9712
9687
9662
9662
9637
9650
9637
9650
9637
9650
9637
9650
9637
9650
9637
9650
9637
9650
9637
9650
9637
9625
9612
9600
9587
9575
9562
9550
9537
9537
9537
9562
9562
9562
9550
9537
9500
9487
9475
9462
9450
9437
9425
9412
9400
9387
9375
9362
9375
9362
9375
9387
9375
9362
9350
9350
9337
9350
9337
9350
9337
9350
9337
9325
9312
9300
9262
9250
9237
9225
9212
9225
9212
9225
9212
9225
9237
9250
9237
9250
9237
9225
9212
9200
9187
9175
9162
9150
9137
9125
9112
9100
9087
9100
9112
9125
9137
9150
9162
9150
9162
9150
9162
9150
9137
9125
9112
9100
9087
9075
9062
9050
9037
9025
9037
9025
9037
9025
9037
9025
9037
9025
9037
9025
9037
9025
9037
9025
9012
9000
8987
8950
8937
8925
8912
8900
8912
8900
8912
8900
8887
8875
8887
8900
8937
9000
9062
9125
9200
9250
9300
9337
9387
9400
9450
9500
9550
9575
9625
9662
9700
9712
9725
9737
9725
9712
9700
9712
9700
9687
9675
9687
9675
9687
9700
9712
9700
9712
9725
9737
9750
9762
9775
9787
9800
9812
9825
9837
9825
9837
9825
9837
9825
9837
9825
9812
9800
9787
9750
9737
9725
9687
9650
9637
9600
9587
9562
9562
9537
9512
9487
9475
9462
9450
9437
9425
9412
9400
9387
9400
9387
9400
9387
9400
9387
9400
9387
9400
9387
9400
9387
9400
9387
9375
9362
9375
9362
9350
9362
9337
9337
9325
9312
9300
9300
9287
9275
9262
9250
9237
9225
9212
9200
9187
9175
9162
9150
9162
9150
9162
9150
9162
9150
9162
9150
9162
9150
9137
9125
9112
9100
9087
9100
9087
9100
9087
9100
9087
9075
9062
9050
9037
9025
9037
9025
9037
9025
9037
9025
9012
9000
8987
8987
8987
8987
8987
8987
8975
8962
8950
8937
8925
8912
8900
8912
8900
8912
8925
8925
8925
8925
8925
8900
8912
8900
8912
8900
8912
8900
8912
8900
8912
8900
8912
8900
8912
8900
8912
8900
8912
8900
8887
8875
8862
8850
8837
8850
8837
8825
8812
8800
8800
8787
8800
8787
8800
8800
8837
8850
8900
8950
9000
9050
9125
9187
9250
9300
9362
9425
9462
9500
9537
9575
9587
9625
9625
9625
9600
9600
9575
9587
9575
9600
9600
9600
9600
9600
9587
9600
9612
9600
9612
9625
9612
9625
9637
9650
9637
9662
9662
9687
9687
9712
9700
9712
9700
9712
9700
9712
9700
9712
9700
9687
9675
9662
9650
9637
9625
9612
9600
9562
9525
9512
9475
9462
9450
9437
9425
9412
9375
9362
9350
9325
9312
9300
9287
9275
9287
9275
9287
9300
9300
9300
9325
9325
9300
9312
9300
9287
9275
9287
9275
9262
9250
9237
9200
9187
9175
9162
9150
9162
9150
9137
9125
9112
9100
9075
9075
9050
9050
9025
9037
9025
9012
9000
8987
8975
8962
8975
8962
8975
8962
8975
8962
8950
8937
8925
8887
8875
8862
8850
8837
8850
8837
8850
8837
8850
8837
8850
8837
8850
8837
8825
8812
8800
8800
8787
8775
8762
8775
8762
8775
8787
8775
8762
8750
8737
8725
8737
8725
8737
8725
8737
8725
8737
8725
8737
8725
8737
8725
8712
8700
8687
8675
8662
8675
8662
8650
8637
8625
8612
8600
8612
8600
8612
8600
8612
8600
8612
8600
8587
8575
8587
8575
8587
8600
8612
8600
8612
8625
8662
8700
8750
8787
8825
8862
8900
8937
9000
9062
9125
9200
9262
9337
9387
9437
9450
9462
9450
9462
9450
9462
9450
9437
9425
9412
9400
9387
9375
9362
9350
9350
9350
9362
9375
9412
9425
9437
9475
9487
9512
9537
9562
9562
9587
9575
9587
9600
9612
9600
9612
9600
9587
9575
9562
9525
9512
9475
9437
9425
9412
9375
9362
9350
9325
9287
9275
9237
9200
9187
9175
9162
9150
9162
9150
9137
9137
9137
9137
9137
9162
9150
9162
9150
9137
9125
9137
9125
9137
9137
9137
9112
9112
9087
9075
9062
9050
9037
9025
9012
9000
8975
8950
8950
8950
8950
8962
8975
8962
8950
8937
8950
8937
8925
8937
8925
8912
8900
8912
8900
8887
8875
8862
8850
8837
8825
8812
8800
8800
8787
8800
8775
8775
8775
8775
8775
8787
8775
8762
8750
8737
8725
8737
8725
8737
8725
8737
8712
8712
8687
8687
8662
8675
8662
8675
8687
8700
8687
8712
8700
8687
8675
8687
8687
8687
8687
8712
8700
8687
8687
8687
8662
8675
8662
8675
8662
8675
8662
8675
8662
8650
8650
8650
8625
8625
8625
8612
8600
8587
8575
8562
8550
8537
8550
8562
8562
8562
8587
8587
8587
8600
8625
8625
8650
8675
8725
8750
8812
8875
8937
8975
9012
9050
9087
9125
9187
9250
9287
9325
9350
9362
9350
9362
9350
9350
9337
9350
9337
9350
9337
9350
9337
9350
9325
9325
9325
9325
9325
9350
9362
9375
9387
9400
9412
9425
9437
9450
9462
9475
9487
9500
9512
9525
9512
9500
9487
9500
9487
9475
9487
9475
9462
9450
9437
9425
9412
9400
9387
9375
9337
9300
9275
9237
9200
9187
9175
9137
9100
9087
9050
9037
9025
9037
9050
9062
9075
9087
9100
9087
9100
9087
9100
9087
9100
9087
9075
9062
9050
9050
9037
9025
9012
9000
8975
8962
8950
8937
8925
8912
8900
8887
8875
8862
8850
8837
8850
8837
8850
8837
8850
8837
8850
8837
8850
8825
8837
8825
8812
8800
8800
8775
8762
8750
8737
8725
8712
8700
8687
8675
8662
8675
8662
8675
8662
8650
8637
8650
8625
8625
8625
8625
8600
8612
8600
8587
8575
8562
8550
8537
8550
8537
8550
8537
8550
8537
8550
8537
8550
8537
8550
8537
8550
8537
8550
8537
8550
8537
8525
8512
8500
8487
8475
8487
8475
8462
8450
8437
8425
8412
8425
8412
8425
8412
8425
8412
8425
8437
8437
8437
8462
8487
8512
8575
8637
8700
8750
8812
8875
8937
9000
9037
9075
9112
9150
9162
9200
9237
9250
9262
9275
9287
9275
9287
9275
9287
9275
9287
9275
9287
9275
9287
9275
9287
9275
9287
9300
9312
9325
9337
9350
9337
9350
9350
9362
9375
9387
9400
9387
9400
9387
9400
9387
9375
9362
9350
9350
9337
9325
9287
9250
9187
9125
9087
9050
9012
9000
8987
8975
8962
8975
8950
8962
8950
8937
8925
8950
8925
8937
8950
8962
8950
8950
8937
8925
8912
8900
8912
8900
8887
8875
8862
8825
8787
8775
8750
8737
8725
8737
8725
8737
8725
8737
8725
8737
8725
8737
8725
8737
8725
8737
8725
8712
8700
8687
8675
8662
8675
8662
8675
8662
8675
8662
8675
8662
8675
8662
8675
8662
8650
8637
8625
8612
8600
8612
8600
8612
8600
8587
8575
8587
8575
8562
8575
8562
8550
8537
8550
8562
8575
8562
8575
8562
8550
8537
8550
8537
8525
8512
8500
8487
8475
8487
8475
8487
8475
8487
8475
8487
8475
8487
8500
8537
8575
8637
8700
8750
8812
8875
8950
9025
9100
9175
9225
9275
9300
9300
9312
9325
9325
9325
9350
9337
9325
9312
9300
9287
9275
9287
9300
9325
9362
9400
9437
9450
9462
9450
9462
9450
9462
9450
9462
9450
9437
9400
9387
9350
9325
9312
9300
9262
9225
9187
9150
9112
9100
9087
9100
9087
9075
9062
9050
9037
9025
9012
9000
8987
8975
8987
8987
8987
9012
9012
9012
9025
9012
9000
8987
8975
8962
8975
8962
8975
8962
8950
8937
8925
8887
8875
8862
8850
8837
8850
8837
8850
8837
8825
8812
8800
8800
8787
8800
8787
8800
8787
8800
8787
8775
8762
8750
8712
8700
8712
8700
8687
8700
8687
8675
8662
8675
8662
8675
8650
8650
8625
8625
8600
8612
8600
8612
8600
8612
8600
8612
8600
8612
8600
8587
8575
8562
8550
8537
8550
8537
8525
8512
8525
8512
8525
8537
8550
8537
8525
8512
8500
8487
8475
8462
8450
8462
8450
8437
8450
8437
8425
8437
8450
8462
8500
8537
8575
8637
8700
8775
8850
8925
9000
9037
9075
9112
9150
9187
9225
9262
9275
9287
9275
9287
9275
9287
9275
9287
9300
9312
9325
9337
9350
9337
9350
9337
9350
9350
9362
9375
9387
9400
9387
9400
9387
9400
9387
9400
9375
9375
9350
9350
9337
9325
9312
9300
9262
9225
9187
9125
9062
9025
8987
8975
8962
8975
8962
8950
8937
8950
8937
8925
8937
8925
8912
8900
8912
8900
8912
8900
8912
8900
8912
8900
8912
8900
8912
8887
8887
8887
8887
8862
8875
8862
8850
8837
8850
8837
8825
8812
8800
8775
8762
8750
8737
8725
8737
8725
8712
8700
8687
8675
8662
8675
8662
8675
8662
8650
8637
8650
8625
8625
8625
8625
8600
8612
8600
8612
8600
8612
8600
8587
8575
8587
8575
8562
8575
8562
8550
8537
8550
8537
8550
8537
8550
8537
8550
8525
8537
8525
8537
8525
8525
8512
8500
8487
8475
8462
8450
8437
8425
8412
8425
8412
8425
8400
8400
8400
8400
8375
8387
8375
8362
8350
8362
8350
8362
8350
8337
8325
8337
8325
8337
8350
8362
8387
8437
8462
8512
8562
8600
8650
8712
8787
8862
8912
8950
8987
9025
9062
9125
9162
9200
9212
9200
9187
9175
9162
9150
9137
9125
9137
9125
9137
9175
9187
9200
9212
9225
9212
9237
9237
9262
9262
9287
9300
9312
9325
9337
9350
9337
9350
9337
9350
9337
9350
9337
9312
9287
9262
9212
9187
9175
9125
9100
9062
9000
8962
8937
8912
8900
8887
8875
8887
8875
8862
8875
8862
8850
8837
8850
8837
8850
8837
8850
8837
8850
8837
8850
8837
8825
8812
8800
8800
8787
8775
8762
8750
8737
8725
8737
8725
8712
8700
8687
8675
8662
8650
8637
8625
8612
8600
8612
8600
8612
8600
8612
8600
8612
8600
8612
8587
8587
8587
8587
8587
8600
8587
8575
8562
8550
8537
8550
8537
8550
8537
8550
8537
8525
8512
8500
8487
8475
8487
8475
8462
8450
8462
8450
8462
8475
8487
8462
8462
8437
8437
8412
8425
8412
8425
8412
8425
8412
8425
8412
8425
8412
8400
8387
8375
8362
8350
8362
8350
8337
8325
8312
8300
8287
8300
8287
8300
8287
8275
8262
8250
8250
8237
8250
8237
8250
8237
8250
8250
8287
8325
8387
8450
8525
8600
8675
8737
8812
8875
8937
9000
9037
9075
9087
9100
9087
9100
9087
9075
9062
9050
9012
9000
8987
8975
8987
9025
9037
9075
9112
9125
9137
9150
9162
9175
9175
9175
9175
9175
9175
9187
9175
9187
9175
9137
9125
9112
9100
9087
9075
9062
9050
9037
9025
9012
8975
8962
8925
8887
8875
8862
8825
8812
8800
8800
8787
8775
8762
8750
8737
8750
8762
8775
8787
8775
8762
8775
8762
8775
8787
8775
8762
8750
8712
8700
8687
8675
8662
8675
8662
8675
8662
8675
8662
8650
8637
8650
8625
8625
8625
8625
8600
8612
8600
8612
8600
8612
8600
8575
8550
8550
8525
8525
8537
8550
8537
8525
8512
8500
8487
8475
8462
8450
8462
8450
8462
8475
8462
8450
8437
8425
8412
8425
8412
8425
8412
8425
8412
8425
8412
8400
8387
8375
8362
8350
8362
8350
8337
8325
8312
8300
8312
8312
8312
8312
8312
8312
8325
8312
8325
8312
8300
8287
8300
8287
8300
8287
8275
8262
8275
8262
8250
8262
8250
8250
8237
8250
8237
8250
8237
8250
8237
8250
8237
8250
8250
8287
8325
8387
8450
8512
8575
8637
8700
8750
8812
8875
8937
9000
9037
9075
9087
9075
9037
9025
8987
8975
8987
8987
8987
8987
8987
8962
8975
8987
9000
9025
9050
9075
9100
9125
9137
9150
9162
9150
9162
9150
9162
9150
9162
9150
9137
9125
9112
9075
9062
9050
9012
8975
8937
8875
8812
8787
8775
8750
8750
8750
8737
8725
8737
8725
8737
8725
8737
8725
8737
8725
8737
8725
8737
8725
8737
8725
8712
8700
8687
8650
8637
8625
8612
8600
8612
8600
8612
8600
8587
8575
8562
8550
8537
8550
8537
8550
8537
8525
8512
8500
8487
8475
8487
8475
8487
8475
8462
8450
8437
8425
8412
8425
8412
8425
8412
8425
8412
8425
8412
8425
8412
8425
8412
8400
8387
8375
8362
8350
8362
8350
8362
8350
8362
8350
8362
8350
8337
8325
8337
8312
8312
8312
8312
8287
8300
8287
8300
8287
8300
8287
8300
8287
8275
8262
8275
8250
8250
8250
8250
8237
8250
8237
8250
8237
8250
8237
8250
8225
8225
8225
8225
8200
8212
8200
8187
8175
8187
8175
8162
8150
8137
8125
8112
8125
8112
8125
8112
8125
8112
8125
8137
8150
8162
8200
8225
8262
8325
8387
8450
8512
8575
8637
8700
8750
8812
8875
8937
8975
9012
9025
9012
9000
8987
8975
8962
8975
8962
8987
8987
9012
9037
9062
9075
9087
9100
9112
9125
9137
9150
9162
9150
9162
9137
9137
9112
9112
9087
9075
9037
9000
8937
8875
8812
8787
8775
8750
8750
8750
8737
8725
8737
8725
8737
8725
8737
8725
8737
8725
8737
8725
8737
8725
8737
8725
8737
8725
8737
8725
8712
8700
8687
8675
8662
8650
8637
8625
8587
8575
8562
8550
8537
8550
8537
8550
8537
8525
8512
8500
8487
8475
8487
8475
8487
8475
8462
8450
8437
8425
8412
8425
8412
8400
8387
8400
8387
8400
8412
8400
8387
8375
8362
8350
8362
8350
8362
8350
8362
8350
8362
8350
8362
8350
8362
8350
8362
8350
8337
8337
8325
8312
8300
8312
8287
8300
8287
8300
8287
8300
8287
8275
8262
8250
8250
8237
8250
8237
8250
8237
8250
8237
8250
8237
8225
8212
8200
8187
8175
8187
8175
8187
8175
8187
8175
8162
8150
8137
8125
8112
8125
8137
8175
8187
8225
8275
8325
8387
8475
8550
8625
8700
8750
8812
8875
8912
8950
8987
9000
9012
9025
9037
9025
9012
9000
8987
8975
8962
8950
8937
8925
8912
8925
8925
8925
8950
8975
8975
9012
9050
9062
9075
9087
9100
9087
9100
9087
9100
9087
9075
9062
9050
9012
8975
8962
8925
8887
8850
8837
8800
8775
8762
8750
8737
8725
8712
8700
8712
8700
8687
8700
8712
8700
8712
8725
8737
8725
8712
8700
8687
8675
8662
8675
8662
8675
8662
8675
8650
8650
8625
8625
8600
8612
8600
8612
8600
8612
8600
8587
8575
8562
8525
8512
8500
8487
8475
8487
8475
8462
8450
8437
8425
8412
8425
8412
8425
8412
8425
8412
8425
8412
8400
8387
8375
8362
8350
8362
8350
8337
8325
8337
8325
8337
8350
8362
8350
8337
8325
8312
8300
8287
8300
8287
8275
8262
8250
8250
8237
8250
8225
8225
8200
8200
8200
8212
8200
8212
8200
8187
8175
8187
8175
8187
8175
8187
8175
8187
8175
8187
8175
8187
8175
8162
8150
8137
8125
8112
8125
8112
8125
8112
8100
8087
8075
8062
8075
8087
8100
8112
8125
8137
8175
8200
8262
8325
8387
8450
8512
8550
8587
8625
8662
8700
8750
8787
8825
8862
8875
8887
8900
8912
8900
8912
8900
8887
8875
8862
8850
8837
8850
8837
8850
8862
8900
8912
8925
8937
8950
8937
8950
8987
9000
9012
9025
9037
9025
9037
9025
9037
9025
9012
9000
9012
9000
8987
8975
8937
8900
8862
8825
8812
8800
8775
8762
8750
8712
8675
8662
8625
8612
8600
8612
8600
8612
8600
8612
8600
8612
8600
8612
8600
8612
8600
8612
8600
8612
8600
8612
8600
8587
8575
8562
8550
8537
8525
8512
8500
8462
8450
8437
8425
8412
8425
8412
8400
8387
8375
8362
8350
8362
8350
8362
8350
8362
8350
8337
8325
8312
8300
8287
8275
8262
8275
8262
8250
8262
8250
8250
8237
8250
8237
8250
8237
8250
8237
8250
8237
8250
8237
8250
8237
8225
8212
8200
8162
8150
8162
8150
8162
8175
8162
8150
8137
8125
8112
8125
8112
8125
8112
8137
8125
8137
8125
8137
8112
8125
8112
8125
8112
8100
8087
8075
8037
8025
8012
8000
7987
8000
7987
8000
7987
8000
7987
8000
7987
8000
7987
8000
7987
8012
8037
8087
8137
8200
8262
8325
8400
8475
8562
8650
8725
8775
8825
8837
8850
8837
8850
8825
8825
8800
8800
8787
8775
8775
8775
8775
8787
8812
8825
8837
8850
8862
8875
8887
8900
8912
8925
8937
8950
8962
8950
8937
8925
8912
8900
8912
8900
8912
8900
8887
8875
8862
8825
8787
8775
8750
8712
8700
8687
8650
8637
8625
8587
8575
8562
8550
8537
8550
8537
8550
8562
8575
8587
8600
8612
8600
8587
8575
8562
8550
8537
8525
8512
8500
8487
8475
8462
8450
8437
8425
8412
8400
8387
8375
8362
8350
8337
8325
8312
8300
8287
8300
8287
8300
8287
8300
8287
8275
8262
8250
8250
8237
8250
8237
8250
8237
8250
8237
8250
8237
8250
8237
8225
8212
8200
8187
8175
8187
8162
8162
8137
8137
8112
8125
8112
8125
8137
8150
8137
8150
8137
8125
8112
8125
8112
8100
8087
8075
8062
8050
8062
8050
8062
8050
8037
8025
8012
8000
7987
8000
7987
8000
8025
8075
8125
8187
8262
8325
8387
8450
8512
8575
8637
8675
8712
8750
8762
8775
8800
8812
8825
8837
8850
8837
8850
8825
8825
8800
8800
8787
8800
8787
8800
8787
8800
8787
8800
8800
8812
8825
8862
8875
8887
8900
8912
8900
8925
8912
8937
8937
8962
8950
8950
8937
8925
8912
8900
8912
8900
8912
8887
8887
8862
8862
8837
8850
8825
8825
8800
8775
8737
8700
8662
8625
8587
8575
8562
8550
8537
8550
8537
8550
8537
8550
8537
8550
8537
8550
8537
8550
8537
8550
8537
8562
8550
8562
8550
8562
8537
8525
8512
8500
8462
8450
8437
8425
8412
8400
8387
8400
8387
8375
8387
8375
8362
8350
8362
8350
8362
8350
8362
8350
8337
8325
8312
8300
8287
8300
8287
8300
8287
8300
8287
8275
8262
8250
8250
8237
8250
8237
8250
8237
8250
8237
8225
8212
8225
8212
8225
8237
8225
8212
8200
8187
8175
8187
8175
8187
8175
8187
8175
8162
8162
8162
8137
8137
8137
8125
8112
8125
8112
8125
8112
8125
8100
8100
8075
8075
8075
8075
8075
8075
8075
8050
8062
8050
8062
8050
8037
8025
8012
8000
7987
8000
7987
8000
7987
8000
7987
8000
8012
8050
8087
8150
8200
8262
8325
8400
8475
8562
8650
8725
8775
8825
8837
8825
8812
8800
8800
8787
8800
8787
8800
8787
8800
8787
8800
8800
8812
8825
8862
8875
8887
8925
8937
8950
8962
8950
8937
8950
8937
8925
8912
8875
8837
8800
8775
8762
8750
8712
8675
8662
8625
8587
8575
8562
8525
8512
8500
8487
8500
8512
8525
8537
8525
8512
8525
8512
8500
8512
8500
8487
8475
8487
8475
8462
8450
8437
8425
8412
8425
8412
8400
8387
8375
8362
8350
8362
8350
8337
8325
8337
8325
8337
8350
8337
8325
8312
8300
8287
8300
8275
8275
8250
8250
8250
8262
8250
8262
8250
8250
8237
8250
8237
8250
8237
8250
8237
8225
8212
8200
8187
8175
8187
8175
8187
8175
8162
8125
8125
8100
8100
8100
8125
8112
8125
8112
8125
8112
8125
8112
8125
8112
8125
8112
8100
8087
8075
8062
8050
8062
8050
8062
8050
8037
8025
8012
8000
7987
8000
7987
8000
7987
8000
7987
8000
7987
8000
8025
8050
8075
8125
8175
8225
8300
8375
8450
8512
8575
8637
8700
8750
8787
8800
8812
8800
8775
8762
8750
8737
8725
8750
8762
8787
8812
8825
8825
8825
8850
8850
8862
8875
8887
8862
8862
8862
8862
8837
8850
8837
8850
8837
8825
8812
8800
8762
8737
8712
8687
8662
8675
8662
8650
8600
8575
8525
8500
8475
8487
8475
8487
8475
8487
8475
8487
8475
8487
8475
8487
8500
8512
8500
8512
8500
8462
8450
8437
8425
8412
8400
8387
8375
8362
8375
8387
8375
8387
8362
8337
8312
8312
8287
8300
8287
8300
8287
8300
8287
8275
8262
8250
8250
8237
8250
8237
8250
8237
8225
8212
8200
8187
8175
8162
8150
8162
8150
8137
8150
8137
8125
8112
8125
8112
8125
8100
8100
8075
8075
8050
8062
8050
8062
8050
8062
8050
8062
8050
8062
8050
8062
8050
8062
8050
8062
8050
8062
8050
8037
8037
8037
8012
8012
8012
8000
7987
8000
7987
8000
7975
7987
7962
7962
7937
7950
7925
7937
7925
7937
7925
7937
7925
7937
7925
7937
7925
7937
7925
7937
7950
7962
7975
8012
8062
8112
8175
8250
8325
8387
8450
8512
8575
8612
8650
8687
8700
8712
8750
8762
8775
8787
8775
8762
8750
8712
8700
8712
8700
8712
8750
8762
8775
8787
8800
8800
8812
8825
8862
8875
8887
8900
8887
8875
8862
8850
8837
8825
8787
8750
8725
8687
8650
8612
8600
8562
8550
8537
8525
8512
8500
8487
8475
8462
8450
8437
8425
8437
8450
8462
8462
8462
8437
8437
8412
8425
8412
8400
8387
8375
8337
8325
8312
8300
8275
8275
8275
8262
8250
8275
8275
8275
8275
8275
8250
8250
8237
8225
8212
8200
8187
8175
8187
8175
8187
8175
8187
8175
8162
8162
8162
8162
8162
8162
8150
8137
8125
8112
8125
8112
8100
8087
8075
8062
8050
8062
8050
8062
8050
8062
8050
8062
8050
8062
8050
8062
8050
8062
8050
8062
8050
8062
8050
8062
8050
8062
8050
8037
8025
8012
8000
7987
7975
7962
7950
7937
7925
7937
7925
7937
7925
7937
7950
7987
8037
8112
8175
8250
8325
8387
8450
8512
8575
8637
8675
8712
8750
8762
8775
8787
8800
8787
8800
8787
8800
8787
8800
8787
8800
8787
8775
8762
8775
8762
8775
8800
8837
8850
8887
8900
8912
8900
8912
8900
8912
8900
8912
8900
8912
8900
8887
8875
8862
8825
8787
8750
8700
8662
8625
8587
8575
8562
8525
8512
8500
8462
8450
8437
8425
8412
8425
8412
8425
8412
8425
8412
8425
8412
8425
8412
8425
8412
8425
8412
8400
8387
8375
8362
8350
8362
8350
8362
8350
8362
8350
8362
8350
8362
8350
8337
8325
8312
8300
8287
8300
8312
8312
8312
8312
8312
8275
8275
8250
8250
8237
8250
8237
8250
8237
8250
8237
8250
8237
8250
8237
8250
8237
8250
8237
8250
8237
8225
8212
8200
8187
8175
8187
8175
8187
8175
8187
8175
8187
8175
8187
8175
8187
8175
8162
8150
8137
8125
8112
8125
8112
8125
8112
8100
8087
8100
8087
8100
8112
8100
8087
8075
8062
8050
8062
8050
8062
8050
8037
8025
8012
8000
7987
8000
7975
7975
7975
7975
7975
7987
8000
8012
8025
8037
8075
8112
8150
8200
8262
8325
8387
8450
8512
8575
8612
8650
8687
8700
8712
8750
8762
8775
8787
8800
8800
8812
8800
8812
8800
8800
8787
8800
8787
8800
8800
8837
8850
8887
8925
8937
8950
8962
8975
8962
8975
8962
8975
8962
8950
8937
8925
8912
8900
8912
8900
8887
8875
8862
8825
8812
8800
8800
8775
8775
8750
8725
8700
8687
8675
8662
8650
8637
8650
8625
8625
8650
8650
8650
8662
8675
8687
8700
8712
8712
8712
8687
8687
8662
8675
8650
8650
8612
8600
8587
8587
8587
8625
8637
8625
8637
8625
8612
8625
8637
8650
8662
8675
8662
8675
8687
8725
8737
8775
8800
8837
8875
8912
8950
8987
9000
9012
9025
9037
9025
9037
9050
9062
9075
9112
9150
9162
9200
9212
9225
9212
9225
9212
9225
9212
9225
9212
9200
9162
9150
9112
9075
9037
9000
8962
8925
8887
8850
8837
8800
8775
8737
8687
8637
8587
8562
8537
8550
8537
8550
8537
8550
8537
8550
8537
8550
8537
8550
8562
8575
8587
8600
8587
8575
8562
8550
8525
8525
8487
8475
8437
8412
8387
8375
8362
8350
8362
8350
8362
8337
8312
8287
8262
8250
8225
8225
8225
8225
8200
8187
8175
8137
8125
8112
8125
8112
8125
8112
8100
8087
8075
8062
8050
8062
8050
8062
8050
8062
8075
8087
8100
8112
8125
8137
8150
8137
8150
8137
8125
8112
8100
8087
8075
8062
8050
8062
8037
8037
8012
7987
7962
7950
7937
7950
7987
8025
8062
8100
8137
8175
8200
8250
8300
8350
8362
8400
8412
8400
8387
8375
8337
8325
8312
8300
8287
8300
8287
8275
8275
8275
8275
8275
8300
8287
8300
8287
8300
8287
8300
8312
8350
8362
8375
8387
8375
8337
8325
8312
8300
8287
8275
8262
8250
8250
8237
8250
8237
8250
8237
8250
8237
8250
8237
8250
8237
8250
8237
8250
8237
8250
8237
8250
8237
8250
8237
8250
8237
8250
8237
8225
8212
8225
8212
8225
8237
8250
8237
8250
8237
8225
8212
8200
8162
8150
8137
8125
8112
8125
8112
8125
8100
8100
8100
8100
8075
8087
8100
8087
8100
8137
8150
8162
8175
8187
8175
8187
8175
8162
8150
8137
8125
8112
8125
8112
8125
8137
8150
8175
8200
8200
8200
8200
8187
8175
8187
8200
8225
8237
8275
8287
8275
8262
8250
8250
8237
8250
8250
8287
8300
8337
8350
8362
8350
8362
8350
8362
8350
8362
8350
8337
8325
8312
8300
8287
8275
8262
8250
8250
8237
8250
8250
8262
8275
8287
8300
8287
8300
8287
8275
8262
8250
8225
8212
8200
8162
8150
8137
8125
8137
8150
8162
8175
8162
8150
8162
8137
8137
8125
8112
8075
8075
8050
8037
8025
8012
7975
7962
7950
7937
7925
7912
7900
7887
7875
7862
7875
7887
7900
7887
7900
7887
7875
7862
7875
7862
7850
7837
7825
7812
7800
7812
7800
7787
7787
7787
7762
7762
7787
7775
7787
7800
7812
7825
7862
7875
7925
7975
8025
8075
8125
8162
8200
8225
8237
8287
8312
8337
8337
8362
8350
8362
8350
8362
8350
8337
8325
8312
8300
8287
8300
8312
8325
8337
8350
8362
8350
8337
8325
8312
8275
8262
8275
8262
8250
8262
8250
8250
8237
8250
8237
8225
8212
8200
8162
8150
8137
8100
8087
8062
8037
8012
8012
7987
8000
7987
7975
7962
7950
7937
7925
7937
7925
7912
7900
7887
7875
7862
7875
7850
7850
7825
7825
7800
7812
7800
7787
7775
7762
7762
7750
7737
7725
7712
7700
7687
7700
7687
7700
7687
7700
7687
7700
7687
7675
7662
7650
7612
7600
7587
7575
7562
7550
7537
7550
7537
7525
7537
7525
7512
7500
7512
7500
7512
7500
7512
7500
7512
7500
7512
7500
7512
7500
7512
7500
7512
7500
7487
7475
7462
7450
7437
7450
7437
7450
7437
7450
7437
7425
7412
7400
7387
7400
7412
7425
7462
7500
7537
7600
7662
7712
7775
7837
7900
7962
8025
8062
8100
8112
8125
8137
8150
8162
8175
8162
8150
8137
8125
8112
8125
8112
8125
8112
8125
8112
8125
8112
8125
8137
8150
8162
8200
8212
8225
8250
8262
8250
8262
8275
8250
8250
8250
8250
8237
8250
8237
8250
8237
8250
8250
8262
8275
8287
8275
8262
8250
8225
8212
8200
8187
8175
8162
8150
8137
8125
8112
8125
8112
8125
8112
8125
8112
8125
8112
8125
8137
8150
8162
8162
8175
8162
8175
8162
8187
8175
8162
8150
8137
8125
8112
8100
8087
8100
8075
8075
8075
8075
8050
8037
8025
8012
8000
7987
8000
7987
7975
7962
7950
7937
7925
7912
7900
7887
7875
7862
7875
7862
7875
7862
7875
7862
7875
7862
7875
7862
7875
7862
7875
7862
7875
7862
7875
7862
7875
7862
7875
7887
7900
7912
7925
7937
7925
7912
7900
7887
7875
7862
7875
7850
7850
7850
7875
7875
7912
7925
7937
7950
7962
7975
8012
8050
8087
8150
8200
8262
8300
8337
8375
8412
8425
8462
8475
8487
8500
8512
8525
8537
8550
8537
8550
8537
8550
8537
8550
8537
8550
8537
8550
8537
8550
8562
8575
8587
8600
8612
8625
8637
8650
8662
8675
8662
8675
8662
8675
8687
8700
8712
8725
8737
8725
8737
8725
8712
8700
8687
8675
8662
8650
8637
8625
8587
8550
8537
8500
8462
8425
8412
8375
8362
8350
8362
8337
8337
8312
8312
8287
8300
8287
8275
8262
8250
8250
8237
8250
8237
8250
8250
8250
8250
8250
8250
8237
8250
8237
8250
8237
8250
8237
8225
8212
8200
8187
8175
8162
8150
8137
8125
8112
8125
8112
8125
8112
8100
8087
8100
8087
8100
8112
8100
8087
8062
8050
8037
8050
8037
8037
8025
8012
7975
7962
7950
7937
7925
7937
7925
7937
7925
7937
7925
7912
7900
7887
7875
7887
7887
7887
7887
7887
7862
7875
7862
7875
7862
7850
7837
7825
7812
7800
7812
7800
7812
7800
7812
7787
7787
7787
7787
7762
7775
7787
7800
7812
7850
7900
7950
8000
8050
8100
8137
8175
8200
8262
8325
8362
8400
8412
8425
8412
8425
8412
8400
8387
8375
8362
8350
8362
8375
8387
8400
8437
8450
8462
8500
8512
8525
8537
8550
8537
8550
8537
8550
8562
8575
8562
8575
8562
8525
8512
8500
8462
8425
8412
8375
8337
8325
8300
8275
8250
8225
8187
8175
8137
8100
8087
8075
8037
8025
8012
8012
8012
8037
8037
8062
8050
8062
8050
8062
8050
8062
8050
8062
8050
8037
8025
8012
8000
7987
7975
7962
7950
7937
7925
7937
7925
7937
7925
7912
7900
7887
7875
7862
7850
7837
7825
7812
7800
7812
7800
7812
7825
7837
7850
7862
7850
7837
7825
7812
7800
7787
7775
7762
7762
7750
7762
7750
7762
7750
7762
7750
7762
7750
7762
7750
7737
7725
7737
7725
7737
7750
7737
7725
7712
7700
7687
7675
7662
7675
7662
7675
7687
7675
7662
7650
7637
7625
7637
7625
7637
7625
7637
7625
7637
7625
7637
7650
7687
7712
7775
7837
7900
7962
8000
8050
8100
8125
8150
8200
8225
8262
8300
8337
8350
8362
8350
8362
8350
8362
8350
8337
8325
8312
8300
8287
8300
8287
8300
8312
8325
8350
8375
8400
8400
8425
8437
8475
8487
8500
8512
8500
8487
8475
8487
8475
8462
8450
8437
8400
8362
8325
8287
8250
8250
8225
8225
8200
8175
8150
8137
8125
8112
8100
8087
8075
8062
8050
8062
8050
8062
8050
8062
8050
8062
8050
8062
8050
8037
8025
8012
7975
7962
7950
7912
7900
7887
7875
7862
7875
7862
7875
7862
7875
7862
7875
7862
7850
7837
7825
7812
7800
7812
7800
7787
7775
7762
7762
7750
7762
7750
7762
7737
7737
7712
7712
7687
7700
7687
7700
7687
7675
7662
7650
7637
7625
7637
7625
7637
7625
7637
7625
7612
7600
7587
7575
7562
7575
7562
7575
7562
7575
7562
7575
7562
7575
7562
7575
7562
7575
7550
7562
7550
7537
7525
7525
7512
7487
7500
7487
7475
7462
7462
7450
7437
7450
7437
7450
7437
7450
7437
7450
7437
7450
7462
7500
7512
7550
7587
7625
7662
7712
7775
7837
7900
7937
7987
8012
8037
8062
8087
8100
8137
8150
8162
8175
8187
8175
8162
8150
8137
8125
8137
8150
8137
8150
8162
8150
8162
8175
8187
8175
8200
8200
8225
8225
8250
8237
8250
8250
8262
8275
8287
8300
8287
8300
8287
8300
8287
8300
8287
8275
8262
8250
8225
8212
8200
8162
8125
8112
8075
8037
8000
7987
7950
7912
7900
7887
7875
7862
7875
7862
7875
7862
7875
7862
7875
7862
7875
7862
7875
7862
7875
7862
7875
7862
7875
7862
7850
7837
7850
7837
7825
7837
7825
7812
7800
7787
7775
7762
7762
7750
7762
7750
7762
7750
7737
7725
7712
7700
7687
7700
7687
7700
7687
7700
7687
7675
7662
7650
7637
7625
7637
7625
7637
7625
7637
7625
7637
7625
7637
7625
7637
7625
7637
7625
7637
7625
7612
7600
7587
7575
7562
7575
7562
7550
7537
7550
7537
7550
7562
7550
7537
7550
7537
7550
7562
7575
7562
7575
7562
7550
7537
7525
7512
7500
7512
7500
7525
7525
7525
7525
7525
7512
7500
7512
7500
7512
7500
7487
7475
7462
7450
7437
7450
7462
7475
7462
7475
7487
7500
7537
7600
7637
7675
7712
7737
7775
7837
7900
7937
7975
8012
8050
8062
8100
8137
8150
8162
8175
8187
8175
8162
8150
8162
8150
8137
8150
8162
8150
8162
8200
8212
8200
8212
8225
8225
8237
8275
8287
8300
8287
8300
8275
8275
8250
8250
8237
8225
8212
8200
8162
8150
8137
8100
8062
8050
8012
7975
7962
7950
7937
7925
7937
7925
7912
7912
7900
7887
7900
7912
7912
7925
7912
7900
7887
7875
7862
7875
7862
7850
7837
7825
7787
7775
7762
7762
7750
7737
7725
7712
7700
7687
7700
7687
7700
7687
7700
7687
7675
7662
7675
7662
7650
7662
7650
7637
7625
7637
7625
7637
7625
7612
7600
7587
7575
7562
7575
7562
7550
7537
7525
7512
7500
7512
7500
7512
7500
7512
7500
7512
7500
7487
7487
7487
7487
7487
7512
7500
7487
7475
7462
7450
7437
7450
7437
7450
7437
7450
7437
7450
7437
7425
7412
7400
7387
7375
7387
7375
7387
7375
7387
7375
7387
7375
7387
7375
7387
7375
7387
7375
7362
7350
7362
7350
7362
7375
7387
7400
7412
7425
7475
7525
7575
7650
7712
7775
7837
7900
7937
7975
8012
8025
8037
8050
8062
8050
8062
8050
8062
8050
8062
8050
8062
8075
8087
8100
8137
8150
8162
8175
8187
8175
8187
8175
8187
8175
8187
8175
8162
8150
8137
8125
8112
8100
8062
8050
8012
8000
7975
7975
7950
7925
7900
7887
7850
7837
7825
7787
7775
7762
7762
7750
7762
7750
7762
7750
7762
7750
7762
7750
7762
7750
7762
7750
7762
7750
7762
7750
7737
7725
7712
7700
7687
7700
7687
7675
7662
7650
7637
7625
7637
7625
7612
7600
7587
7575
7562
7575
7562
7575
7562
7587
7587
7587
7562
7562
7525
7512
7500
7512
7500
7512
7500
7512
7500
7512
7500
7487
7475
7462
7450
7437
7450
7437
7450
7437
7425
7412
7425
7412
7425
7437
7425
7412
7400
7387
7375
7387
7375
7387
7375
7387
7375
7387
7375
7387
7375
7387
7375
7387
7375
7387
7375
7387
7375
7387
7375
7387
7375
7387
7375
7362
7350
7362
7350
7337
7350
7337
7325
7312
7325
7312
7300
7287
7275
7262
7250
7262
7250
7237
7225
7237
7225
7237
7250
7262
7250
7262
7250
7275
7300
7325
7350
7400
7437
7475
7537
7600
7662
7712
7775
7837
7875
7912
7950
7962
7950
7962
7950
7912
7900
7887
7875
7862
7875
7862
7875
7862
7875
7887
7900
7912
7950
7962
7975
7987
8000
7987
8000
8012
8012
8025
8037
8025
8012
8012
8000
7987
7975
7962
7950
7937
7925
7900
7875
7850
7800
7750
7737
7712
7675
7662
7650
7612
7600
7587
7575
7587
7600
7612
7625
7637
7625
7637
7625
7637
7625
7637
7625
7637
7625
7612
7600
7587
7575
7562
7550
7537
7525
7512
7525
7537
7525
7537
7525
7487
7475
7462
7450
7437
7425
7412
7400
7387
7400
7412
7400
7412
7400
7387
7375
7387
7375
7387
7375
7362
7350
7337
7325
7312
7325
7312
7325
7312
7325
7312
7325
7312
7300
7287
7300
7287
7275
7287
7275
7262
7250
7262
7250
7262
7250
7262
7250
7262
7250
7262
7250
7237
7225
7212
7212
7200
7212
7200
7212
7200
7212
7200
7212
7200
7212
7200
7212
7200
7187
7175
7162
7150
7137
7150
7137
7150
7137
7150
7162
7187
7225
7287
7350
7412
7475
7537
7600
7662
7712
7775
7812
7850
7862
7875
7862
7875
7887
7900
7912
7950
7962
7975
8012
8025
8037
8050
8062
8050
8062
8050
8062
8050
8037
8025
8012
7975
7962
7950
7912
7875
7862
7825
7787
7775
7762
7762
7737
7737
7712
7712
7687
7700
7675
7675
7675
7675
7675
7687
7700
7687
7700
7712
7725
7712
7725
7712
7700
7687
7700
7687
7700
7687
7675
7662
7650
7637
7625
7637
7625
7637
7625
7637
7625
7637
7625
7637
7625
7612
7600
7587
7575
7562
7575
7562
7550
7537
7525
7512
7500
7512
7500
7512
7500
7512
7500
7512
7500
7487
7475
7462
7450
7437
7450
7437
7450
7437
7425
7412
7425
7412
7425
7437
7450
7437
7450
7437
7425
7412
7400
7387
7375
7387
7375
7387
7375
7387
7375
7387
7375
7387
7375
7387
7375
7387
7375
7362
7350
7362
7337
7337
7337
7337
7312
7325
7312
7325
7312
7300
7287
7275
7262
7250
7237
7225
7237
7225
7237
7275
7312
7350
7412
7475
7537
7600
7662
7712
7750
7787
7825
7862
7875
7912
7925
7937
7925
7937
7925
7937
7925
7912
7900
7887
7875
7862
7875
7887
7900
7912
7950
7962
7975
8012
8025
8037
8050
8062
8050
8062
8050
8062
8050
8037
8025
8012
7975
7962
7950
7912
7875
7837
7800
7762
7737
7725
7712
7700
7687
7700
7687
7700
7712
7725
7737
7750
7737
7725
7712
7700
7687
7700
7687
7675
7662
7650
7637
7625
7637
7625
7612
7600
7612
7600
7587
7600
7587
7575
7562
7575
7562
7550
7537
7525
7512
7500
7512
7500
7512
7500
7512
7500
7512
7500
7512
7500
7487
7487
7475
7462
7450
7462
7437
7425
7412
7400
7387
7375
7387
7375
7387
7375
7387
7375
7362
7350
7337
7325
7312
7325
7312
7325
7312
7325
7312
7325
7312
7325
7312
7325
7312
7325
7312
7300
7287
7275
7262
7250
7262
7250
7262
7250
7262
7250
7237
7225
7212
7212
7200
7212
7200
7212
7200
7212
7212
7250
7262
7300
7337
7375
7387
7425
7437
7462
7487
7537
7587
7662
7712
7750
7787
7825
7862
7875
7912
7925
7937
7925
7937
7925
7937
7912
7912
7887
7887
7862
7875
7862
7875
7887
7900
7912
7950
7962
7975
8012
8025
8012
8025
8012
8000
7987
8000
8012
8025
8037
8050
8037
8025
8012
7975
7962
7950
7900
7875
7850
7825
7800
7787
7775
7762
7762
7750
7737
7725
7712
7700
7687
7675
7662
7650
7637
7625
7650
7650
7675
7675
7700
7687
7700
7687
7700
7687
7675
7662
7650
7637
7625
7637
7625
7612
7600
7587
7575
7562
7575
7562
7575
7562
7575
7562
7550
7537
7525
7512
7500
7512
7500
7512
7500
7512
7500
7487
7475
7462
7450
7437
7450
7437
7450
7437
7450
7437
7425
7412
7425
7400
7400
7400
7400
7375
7387
7375
7362
7350
7362
7350
7337
7350
7337
7325
7312
7325
7312
7325
7312
7325
7312
7325
7312
7325
7312
7300
7287
7275
7262
7250
7262
7250
7262
7250
7262
7250
7262
7250
7262
7250
7262
7250
7262
7250
7262
7250
7262
7250
7237
7225
7237
7212
7212
7212
7212
7200
7212
7200
7212
7200
7212
7200
7212
7200
7212
7200
7212
7200
7212
7200
7212
7200
7212
7225
7250
7275
7325
7375
7412
7475
7537
7600
7637
7675
7712
7725
7737
7787
7812
7837
7862
7875
7862
7850
7837
7850
7837
7850
7862
7850
7837
7825
7812
7825
7825
7825
7850
7850
7850
7862
7875
7887
7900
7912
7925
7937
7950
7962
7975
7987
8000
7987
8000
8012
8025
8012
8025
8012
8000
7987
7975
7962
7950
7912
7875
7862
7825
7787
7750
7737
7712
7700
7687
7675
7662
7650
7637
7625
7637
7650
7662
7675
7687
7700
7675
7675
7650
7650
7625
7637
7625
7612
7600
7587
7575
7562
7550
7537
7525
7512
7500
7512
7500
7487
7475
7462
7450
7437
7450
7437
7450
7437
7450
7437
7450
7437
7425
7412
7400
7387
7375
7387
7400
7412
7400
7412
7400
7387
7375
7387
7362
7362
7337
7337
7312
7325
7312
7325
7312
7325
7312
7325
7312
7325
7312
7300
7287
7275
7262
7250
7262
7250
7262
7250
7262
7250
7262
7250
7262
7250
7262
7250
7262
7250
7262
7250
7237
7225
7212
7212
7200
7212
7200
7212
7200
7212
7200
7212
7200
7212
7200
7212
7200
7212
7200
7187
7175
7162
7150
7137
7162
7162
7187
7200
7250
7300
7350
7400
7450
7500
7537
7600
7662
7712
7750
7787
7800
7812
7800
7812
7800
7812
7800
7787
7775
7762
7762
7762
7775
7787
7825
7837
7825
7837
7850
7837
7850
7887
7887
7887
7912
7912
7912
7925
7937
7925
7937
7925
7937
7925
7937
7925
7937
7925
7912
7900
7887
7850
7812
7800
7762
7737
7700
7662
7625
7612
7600
7587
7600
7587
7575
7562
7575
7562
7575
7562
7575
7562
7575
7562
7575
7562
7550
7537
7525
7512
7500
7512
7500
7512
7500
7512
7500
7487
7475
7462
7450
7437
7450
7437
7425
7412
7400
7387
7375
7387
7375
7387
7375
7387
7375
7362
7350
7337
7325
7312
7325
7312
7325
7312
7325
7312
7300
7287
7275
7262
7250
7262
7250
7262
7250
7262
7250
7262
7250
7262
7250
7262
7250
7237
7225
7212
7212
7200
7212
7200
7212
7200
7212
7200
7212
7200
7212
7200
7212
7200
7187
7175
7162
7150
7125
7125
7125
7125
7125
7137
7150
7137
7125
7112
7125
7112
7100
7112
7100
7087
7075
7087
7075
7087
7075
7087
7100
7137
7162
7225
7287
7350
7412
7475
7537
7600
7662
7700
7737
7762
7762
7762
7787
7787
7762
7775
7762
7762
7750
7762
7750
7762
7750
7762
7750
7762
7762
7775
7787
7800
7812
7800
7812
7825
7837
7850
7862
7875
7887
7900
7912
7925
7912
7912
7912
7887
7887
7875
7862
7850
7837
7825
7825
7812
7800
7787
7750
7737
7712
7700
7687
7675
7662
7650
7637
7625
7637
7625
7612
7600
7587
7575
7562
7575
7562
7575
7562
7575
7562
7575
7562
7575
7562
7550
7537
7525
7512
7500
7512
7500
7512
7500
7512
7500
7487
7475
7462
7450
7437
7450
7437
7425
7412
7400
7387
7375
7387
7375
7387
7375
7362
7350
7337
7325
7312
7325
7312
7325
7312
7325
7312
7300
7287
7275
7262
7250
7262
7250
7262
7250
7262
7250
7262
7237
7250
7225
7225
7225
7237
7237
7250
7237
7225
7212
7212
7200
7212
7200
7212
7200
7212
7187
7200
7175
7187
7175
7200
7187
7212
7200
7212
7200
7187
7175
7162
7150
7137
7150
7137
7150
7137
7150
7137
7125
7112
7100
7087
7075
7087
7100
7137
7150
7187
7212
7225
7250
7300
7350
7375
7437
7487
7537
7600
7662
7712
7750
7775
7787
7800
7812
7800
7812
7800
7787
7775
7762
7762
7750
7762
7750
7762
7762
7775
7787
7825
7837
7850
7862
7875
7887
7900
7912
7925
7937
7925
7937
7925
7937
7925
7912
7900
7887
7875
7862
7850
7837
7825
7787
7775
7762
7737
7725
7712
7700
7687
7675
7637
7625
7587
7575
7562
7575
7562
7575
7587
7600
7612
7625
7612
7600
7587
7575
7562
7575
7562
7575
7562
7550
7537
7525
7512
7500
7512
7500
7487
7475
7487
7475
7462
7475
7462
7450
7437
7450
7437
7450
7437
7450
7437
7425
7412
7400
7387
7375
7387
7375
7387
7375
7362
7350
7337
7325
7312
7325
7312
7325
7312
7325
7312
7325
7312
7300
7287
7275
7262
7250
7262
7250
7262
7250
7262
7250
7262
7237
7237
7212
7212
7200
7212
7200
7212
7200
7212
7212
7225
7212
7225
7212
7212
7200
7212
7200
7212
7200
7187
7175
7187
7175
7162
7175
7162
7150
7137
7150
7137
7150
7137
7150
7137
7150
7137
7150
7137
7150
7137
7150
7137
7150
7162
7175
7187
7212
7250
7262
7300
7337
7375
7412
7475
7537
7600
7662
7700
7737
7750
7762
7762
7775
7787
7800
7812
7800
7787
7775
7787
7775
7787
7800
7812
7825
7837
7850
7862
7875
7862
7875
7887
7900
7912
7925
7937
7925
7937
7925
7937
7925
7937
7925
7937
7925
7912
7900
7887
7850
7837
7825
7787
7750
7737
7712
7675
7662
7650
7612
7600
7587
7575
7562
7575
7562
7575
7562
7575
7562
7575
7587
7600
7587
7600
7587
7575
7562
7575
7562
7550
7550
7550
7525
7525
7525
7512
7500
7512
7500
7487
7475
7462
7450
7437
7425
7412
7400
7387
7375
7387
7375
7387
7375
7387
7362
7362
7337
7337
7312
7325
7312
7300
7287
7300
7287
7300
7312
7300
7287
7275
7262
7250
7262
7250
7262
7250
7262
7250
7262
7250
7262
7250
7262
7250
7262
7250
7237
7225
7212
7212
7200
7212
7200
7212
7200
7212
7200
7212
7200
7212
7200
7212
7200
7212
7200
7212
7200
7187
7175
7162
7150
7162
7175
7162
7175
7162
7150
7137
7125
7112
7125
7112
7100
7112
7100
7087
7075
7087
7100
7112
7125
7162
7187
7225
7287
7350
7412
7475
7512
7550
7587
7625
7662
7712
7737
7775
7787
7800
7787
7812
7800
7787
7775
7762
7762
7750
7762
7762
7775
7787
7800
7812
7800
7812
7825
7837
7850
7887
7900
7912
7925
7937
7925
7937
7925
7912
7900
7887
7850
7812
7775
7737
7712
7700
7687
7675
7662
7650
7637
7625
7612
7600
7612
7600
7612
7625
7637
7625
7637
7625
7637
7625
7637
7625
7637
7625
7612
7600
7587
7575
7562
7575
7562
7575
7562
7575
7562
7550
7537
7550
7537
7525
7537
7525
7487
7487
7487
7487
7487
7487
7475
7462
7450
7437
7450
7437
7425
7412
7425
7412
7400
7412
7425
7412
7400
7412
7400
7387
7375
7387
7375
7387
7375
7387
7375
7362
7350
7337
7325
7312
7325
7312
7325
7312
7325
7312
7325
7312
7325
7312
7325
7312
7300
7287
7275
7262
7237
7250
7237
7225
7225
7237
7237
7237
7262
7250
7237
7225
7212
7212
7200
7212
7200
7212
7200
7212
7200
7212
7200
7212
7200
7212
7200
7212
7200
7212
7200
7187
7175
7162
7150
7137
7150
7137
7125
7112
7100
7087
7075
7087
7075
7087
7100
7112
7125
7162
7187
7225
7287
7350
7412
7450
7487
7525
7562
7600
7662
7700
7737
7750
7762
7762
7775
7762
7775
7762
7762
7750
7762
7750
7762
7750
7762
7762
7800
7812
7850
7862
7875
7887
7900
7912
7925
7912
7900
7887
7875
7862
7850
7837
7825
7787
7775
7762
7737
7700
7662
7625
7587
7575
7562
7550
7537
7550
7537
7550
7562
7575
7562
7575
7562
7575
7562
7575
7562
7575
7562
7575
7562
7550
7537
7525
7512
7500
7487
7475
7462
7450
7437
7450
7437
7425
7412
7400
7387
7375
7387
7375
7362
7350
7337
7325
7312
7325
7312
7325
7312
7325
7312
7325
7312
7325
7312
7300
7287
7275
7262
7250
7262
7250
7262
7250
7262
7250
7262
7250
7262
7250
7262
7250
7262
7250
7237
7225
7212
7212
7200
7212
7200
7212
7200
7212
7200
7212
7200
7212
7200
7212
7200
7212
7200
7187
7175
7162
7150
7137
7150
7137
7150
7125
7137
7125
7112
7100
7125
7112
7125
7137
7125
7112
7100
7100
7100
7100
7100
7100
7087
7075
7087
7075
7087
7075
7087
7075
7087
7100
7137
7150
7187
7212
7250
7287
7350
7425
7475
7525
7575
7625
7662
7700
7737
7750
7762
7750
7762
7750
7762
7750
7762
7750
7737
7725
7737
7725
7737
7750
7762
7762
7775
7787
7800
7812
7825
7837
7850
7862
7875
7862
7875
7862
7875
7862
7875
7862
7875
7862
7850
7837
7825
7787
7750
7712
7687
7675
7662
7650
7637
7637
7612
7587
7587
7587
7575
7562
7575
7562
7575
7562
7575
7562
7575
7562
7575
7562
7575
7550
7550
7550
7550
7550
7562
7575
7562
7550
7537
7525
7512
7487
7487
7462
7462
7437
7425
7412
7425
7412
7400
7412
7425
7412
7400
7412
7400
7387
7375
7387
7375
7387
7375
7387
7375
7387
7375
7387
7375
7387
7375
7387
7375
7387
7375
7387
7375
7387
7375
7387
7375
7387
7375
7387
7375
7387
7375
7387
7375
7387
7375
7387
7375
7387
7375
7387
7375
7387
7375
7387
7375
7387
7375
7387
7375
7387
7375
7387
7375
7387
7375
7387
7375
7387
7400
7437
7475
7512
7550
7587
7600
7612
7650
7687
7712
7750
7787
7800
7787
7750
7737
7737
7725
7737
7762
7775
7787
7800
7787
7737
7725
7725
7712
7700
7700
7687
7650
7637
7650
7687
7712
7775
7837
7875
7912
7950
7987
8025
8087
8150
8200
8237
8275
8287
8300
8287
8300
8287
8300
8287
8275
8237
8225
8200
8187
8200
8212
8225
8237
8225
8212
8200
8187
8175
8187
8175
8187
8175
8187
8175
8162
8150
8137
8125
8112
8125
8112
8125
8112
8125
8112
8125
8112
8100
8087
8075
8062
8050
8062
8050
8037
8025
8012
7975
7962
7950
7912
7900
7887
7875
7862
7875
7862
7850
7837
7825
7812
7825
7862
7875
7887
7900
7912
7900
7912
7950
7962
7975
7987
8000
7987
8000
8012
8025
8037
8050
8062
8050
8062
8075
8087
8075
8087
8075
8062
8050
8062
8050
8062
8075
8112
8125
8162
8175
8187
8200
8212
8225
8237
8250
8250
8262
8275
8312
8325
8337
8375
8387
8400
8412
8425
8412
8425
8412
8425
8412
8425
8412
8400
8387
8375
8362
8375
8387
8400
8437
8450
8462
8475
8487
8475
8487
8475
8487
8475
8487
8475
8487
8475
8462
8450
8437
8400
8387
8375
8337
8300
8287
8250
8250
8237
8225
8187
8150
8112
8075
8037
8025
8012
8000
7987
7975
7962
7950
7912
7900
7887
7850
7837
7825
7787
7775
7787
7775
7787
7825
7862
7900
7962
8025
8087
8150
8200
8262
8300
8337
8375
8387
8375
8387
8375
8337
8325
8312
8275
8262
8250
8250
8237
8250
8237
8250
8237
8250
8250
8262
8275
8312
8350
8362
8400
8412
8400
8387
8375
8362
8350
8337
8325
8312
8275
8237
8200
8175
8137
8100
8087
8075
8062
8050
8037
8025
8012
8000
7987
8000
7987
8000
7987
8000
7987
8000
7987
7975
7962
7975
7962
7975
7987
8000
7987
8000
7987
8000
7975
7975
7950
7950
7925
7912
7900
7887
7875
7862
7875
7862
7875
7862
7850
7837
7825
7812
7800
7812
7800
7787
7775
7762
7737
7737
7737
7737
7737
7762
7750
7737
7725
7712
7700
7687
7700
7687
7700
7687
7700
7687
7700
7687
7675
7662
7650
7637
7625
7637
7625
7637
7625
7637
7625
7637
7625
7612
7612
7612
7587
7587
7587
7575
7562
7575
7562
7575
7562
7575
7562
7575
7562
7575
7562
7575
7562
7550
7537
7525
7512
7487
7487
7462
7462
7437
7425
7412
7400
7387
7375
7387
7375
7387
7375
7387
7400
7437
7475
7537
7575
7612
7650
7687
7712
7775
7812
7850
7887
7925
7962
8000
8037
8050
8037
8037
8037
8037
8037
8062
8050
8062
8037
8037
8012
8012
7987
8000
7987
8000
7987
8000
7987
8000
8012
8025
8037
8075
8075
8075
8075
8075
8050
8075
8075
8075
8075
8075
8062
8050
8062
8050
8037
8000
7987
7950
7912
7900
7887
7850
7812
7800
7762
7737
7737
7737
7737
7737
7737
7725
7712
7700
7687
7700
7687
7700
7687
7700
7687
7700
7687
7700
7687
7700
7687
7700
7687
7700
7687
7700
7687
7700
7687
7700
7687
7675
7662
7650
7637
7625
7637
7625
7612
7600
7612
7587
7587
7587
7587
7562
7575
7562
7575
7550
7550
7525
7525
7500
7487
7475
7487
7475
7487
7500
7487
7475
7487
7475
7462
7475
7462
7450
7437
7450
7462
7475
7462
7475
7462
7450
7437
7450
7437
7425
7412
7425
7400
7400
7400
7400
7375
7387
7375
7387
7375
7387
7375
7387
7375
7387
7375
7387
7375
7387
7375
7362
7350
7362
7350
7362
7375
7387
7375
7387
7375
7362
7350
7337
7325
7312
7325
7312
7325
7312
7325
7312
7325
7312
7325
7312
7325
7312
7325
7312
7325
7312
7300
7287
7275
7275
7275
7275
7275
7275
7262
7250
7262
7250
7262
7250
7262
7250
7262
7275
7312
7362
7437
7525
7612
7687
7762
7837
7875
7912
7925
7937
7925
7937
7925
7937
7925
7937
7950
7962
7975
7987
8012
8012
8037
8037
8062
8075
8087
8100
8112
8125
8112
8125
8112
8125
8112
8100
8087
8075
8037
8025
8012
7975
7937
7925
7887
7850
7837
7825
7787
7775
7762
7762
7750
7762
7750
7737
7725
7737
7725
7737
7750
7762
7750
7762
7750
7762
7750
7762
7750
7762
7750
7737
7725
7712
7700
7687
7700
7687
7675
7662
7650
7637
7625
7637
7625
7637
7625
7637
7625
7637
7625
7637
7625
7612
7600
7612
7600
7587
7600
7587
7575
7562
7575
7562
7575
7562
7575
7562
7575
7562
7550
7537
7525
7512
7500
7512
7500
7512
7500
7512
7500
7512
7500
7512
7500
7487
7475
7462
7450
7437
7450
7437
7450
7437
7450
7437
7425
7412
7400
7387
7375
7362
7350
7337
7325
7337
7350
7337
7350
7337
7325
7312
7325
7312
7325
7312
7325
7312
7325
7337
7375
7412
7475
7537
7600
7662
7712
7775
7837
7875
7925
7950
7975
8000
8025
8012
8025
8012
8000
7987
8000
7987
8000
7987
8000
7987
8000
8012
8025
8037
8075
8087
8100
8112
8125
8112
8125
8112
8125
8100
8112
8100
8112
8100
8100
8087
8075
8025
8000
7975
7925
7900
7887
7875
7862
7850
7837
7825
7787
7775
7762
7762
7762
7762
7762
7762
7762
7750
7762
7750
7762
7750
7762
7750
7762
7750
7762
7750
7762
7750
7737
7725
7712
7700
7687
7700
7687
7675
7662
7650
7637
7625
7637
7625
7612
7600
7612
7600
7587
7600
7587
7575
7562
7575
7562
7575
7562
7575
7562
7550
7537
7525
7512
7500
7512
7500
7512
7500
7512
7500
7487
7475
7462
7450
7437
7450
7437
7450
7437
7450
7437
7450
7437
7450
7437
7425
7412
7400
7387
7375
7387
7375
7387
7375
7362
7350
7337
7325
7312
7325
7312
7325
7312
7300
7287
7275
7262
7250
7262
7250
7262
7250
7262
7275
7287
7300
7337
7375
7387
7425
7462
7500
7537
7600
7662
7712
7775
7812
7850
7887
7900
7912
7925
7937
7925
7950
7950
7950
7950
7950
7912
7900
7887
7875
7862
7875
7887
7900
7912
7950
7962
7975
8012
8025
8037
8050
8062
8050
8062
8050
8062
8075
8087
8075
8087
8075
8062
8050
8062
8050
8037
8025
8012
7975
7937
7900
7862
7825
7787
7775
7762
7737
7725
7737
7725
7737
7737
7737
7737
7737
7712
7725
7712
7700
7687
7700
7687
7675
7662
7650
7612
7600
7587
7575
7562
7575
7562
7550
7550
7550
7550
7550
7550
7537
7550
7537
7525
7537
7525
7512
7500
7487
7475
7487
7462
7462
7462
7462
7437
7450
7437
7450
7437
7450
7437
7450
7437
7450
7437
7425
7412
7400
7387
7375
7387
7375
7387
7375
7387
7375
7387
7375
7387
7375
7387
7375
7387
7375
7362
7362
7362
7337
7337
7337
7325
7312
7325
7312
7300
7300
7300
7300
7300
7325
7312
7325
7312
7325
7312
7325
7312
7300
7287
7275
7262
7250
7262
7250
7262
7250
7262
7250
7262
7250
7275
7300
7350
7400
7475
7537
7600
7662
7712
7775
7837
7875
7912
7925
7937
7950
7950
7950
7950
7950
7925
7912
7900
7912
7900
7912
7925
7937
7925
7937
7950
7950
7950
7975
7975
7975
8012
8050
8050
8075
8075
8075
8050
8062
8050
8062
8050
8062
8050
8037
8000
7987
7950
7912
7900
7887
7850
7812
7800
7762
7762
7750
7762
7750
7762
7750
7737
7725
7712
7700
7712
7712
7712
7712
7712
7687
7700
7687
7675
7662
7650
7637
7625
7612
7600
7587
7575
7562
7575
7562
7550
7537
7525
7512
7500
7512
7500
7512
7500
7512
7500
7487
7475
7462
7450
7437
7450
7437
7450
7437
7425
7412
7425
7412
7400
7412
7400
7387
7375
7387
7375
7387
7375
7387
7375
7387
7375
7387
7375
7387
7375
7387
7375
7362
7350
7337
7325
7312
7325
7312
7325
7312
7300
7287
7300
7287
7275
7287
7275
7262
7250
7262
7250
7262
7250
7262
7250
7237
7237
7237
7237
7237
7262
7250
7237
7225
7212
7212
7200
7212
7200
7212
7212
7250
7287
7350
7412
7475
7537
7600
7662
7712
7750
7787
7825
7837
7850
7862
7875
7862
7875
7862
7875
7862
7850
7837
7825
7812
7800
7812
7825
7837
7850
7887
7900
7912
7950
7962
7975
7987
8000
7987
8000
7987
8000
7987
8000
7987
7975
7962
7950
7912
7875
7837
7800
7762
7737
7700
7700
7675
7650
7650
7650
7637
7625
7637
7625
7637
7625
7637
7625
7637
7625
7612
7600
7587
7575
7562
7575
7562
7575
7562
7550
7537
7525
7512
7500
7512
7500
7512
7500
7487
7475
7462
7450
7437
7450
7437
7450
7437
7425
7412
7400
7387
7375
7387
7375
7387
7375
7387
7375
7387
7375
7362
7350
7337
7325
7312
7325
7312
7325
7312
7325
7312
7325
7312
7300
7287
7275
7262
7250
7262
7250
7262
7250
7262
7250
7262
7250
7262
7250
7262
7250
7262
7250
7237
7225
7212
7212
7200
7212
7187
7187
7187
7187
7187
7200
7212
7200
7212
7200
7212
7200
7212
7200
7212
7200
7212
7200
7212
7200
7187
7175
7187
7187
7225
7287
7350
7425
7500
7550
7600
7650
7687
7712
7750
7787
7800
7825
7825
7850
7850
7850
7837
7825
7812
7825
7825
7825
7825
7825
7800
7812
7800
7812
7800
7812
7800
7812
7825
7837
7850
7887
7900
7912
7925
7937
7950
7962
7975
7987
8000
7987
8000
7987
8000
7975
7975
7950
7950
7925
7937
7925
7912
7875
7837
7800
7762
7737
7725
7712
7700
7687
7700
7687
7675
7662
7650
7637
7625
7637
7625
7637
7625
7637
7625
7637
7625
7637
7625
7637
7625
7637
7625
7637
7612
7612
7612
7612
7587
7600
7587
7550
7537
7525
7512
7500
7512
7500
7512
7500
7487
7475
7462
7450
7462
7475
7462
7475
7462
7450
7437
7450
7437
7425
7412
7400
7387
7375
7387
7375
7387
7375
7387
7375
7387
7375
7387
7362
7362
7337
7337
7337
7350
7337
7350
7337
7325
7312
7325
7312
7325
7312
7300
7287
7275
7262
7250
7262
7250
7262
7250
7262
7250
7262
7250
7262
7250
7262
7250
7237
7225
7237
7212
7212
7212
7212
7200
7212
7200
7212
7200
7212
7200
7187
7175
7162
7150
7137
7150
7137
7150
7137
7150
7137
7150
7162
7175
7187
7212
7250
7287
7325
7362
7400
7437
7450
7487
7525
7562
7600
7662
7700
7737
7762
7800
7812
7825
7837
7825
7812
7800
7812
7800
7812
7800
7812
7825
7837
7850
7887
7900
7912
7925
7937
7950
7962
7975
7987
8000
7987
8000
7987
8000
7987
8000
7987
8000
7987
8000
7975
7975
7950
7950
7925
7937
7925
7912
7900
7887
7850
7812
7800
7762
7737
7725
7712
7675
7662
7650
7637
7625
7637
7650
7662
7650
7662
7675
7662
7650
7662
7650
7637
7625
7637
7625
7637
7625
7612
7600
7587
7575
7562
7550
7537
7525
7512
7500
7512
7500
7512
7500
7487
7475
7462
7450
7437
7450
7437
7450
7437
7425
7412
7400
7387
7375
7387
7375
7387
7375
7387
7375
7362
7350
7337
7325
7312
7325
7312
7325
7312
7325
7312
7300
7287
7275
7262
7250
7262
7250
7262
7250
7262
7250
7262
7250
7262
7250
7262
7250
7237
7225
7212
7212
7200
7212
7200
7187
7175
7187
7162
7162
7187
7187
7162
7175
7162
7150
7137
7125
7112
7100
7087
7100
7112
7125
7162
7187
7225
7287
7350
7412
7475
7537
7612
7662
7712
7737
7762
7762
7775
7787
7800
7812
7800
7812
7800
7787
7775
7762
7762
7762
7775
7762
7775
7762
7762
7762
7800
7812
7850
7887
7900
7912
7925
7937
7925
7937
7925
7937
7925
7937
7925
7912
7875
7837
7800
7762
7737
7725
7712
7700
7687
7675
7662
7650
7637
7625
7637
7625
7637
7625
7637
7625
7637
7625
7637
7625
7637
7625
7637
7625
7612
7600
7587
7575
7562
7575
7562
7575
7562
7550
7537
7525
7512
7500
7512
7500
7512
7500
7487
7475
7462
7450
7437
7450
7437
7450
7437
7450
7437
7450
7437
7450
7437
7425
7412
7400
7387
7375
7362
7350
7337
7325
7312
7325
7312
7325
7312
7325
7312
7325
7312
7325
7312
7325
7312
7325
7312
7325
7312
7325
7312
7325
7312
7300
7287
7275
7262
7250
7262
7250
7262
7250
7262
7250
7262
7275
7287
7275
7287
7275
7262
7250
7237
7225
7212
7212
7200
7187
7175
7187
7175
7187
7200
7212
7200
7212
7212
7250
7287
7350
7412
7475
7537
7600
7637
7675
7712
7737
7750
7800
7825
7850
7850
7875
7862
7875
7862
7850
7837
7825
7812
7825
7862
7900
7937
7975
7987
8000
8012
8025
8012
8025
8012
8000
7987
8000
7987
7975
7937
7925
7887
7850
7812
7800
7762
7737
7725
7712
7700
7687
7700
7687
7700
7687
7700
7687
7700
7687
7700
7687
7675
7662
7650
7637
7625
7637
7625
7612
7600
7587
7575
7562
7575
7562
7575
7562
7575
7562
7550
7537
7525
7512
7500
7487
7475
7462
7450
7437
7450
7437
7450
7437
7450
7437
7425
7412
7400
7387
7375
7387
7375
7387
7375
7387
7375
7387
7375
7362
7350
7337
7325
7312
7325
7312
7325
7312
7325
7312
7325
7312
7300
7287
7275
7262
7275
7287
7275
7287
7275
7262
7250
7262
7250
7262
7250
7262
7250
7262
7250
7237
7225
7212
7212
7200
7212
7200
7212
7212
7250
7287
7350
7412
7475
7512
7550
7587
7625
7662
7712
7775
7812
7850
7887
7900
7887
7900
7887
7875
7862
7875
7887
7900
7912
7925
7937
7950
7987
8000
8037
8050
8062
8075
8087
8075
8087
8075
8062
8050
8062
8050
8062
8050
8037
8025
8012
7975
7962
7950
7912
7875
7837
7800
7762
7762
7750
7737
7725
7712
7700
7687
7700
7687
7700
7687
7700
7687
7700
7687
7700
7687
7700
7687
7700
7687
7700
7687
7675
7662
7650
7637
7625
7637
7625
7612
7600
7587
7575
7562
7575
7562
7575
7562
7575
7562
7550
7537
7525
7512
7500
7512
7500
7487
7475
7462
7450
7437
7450
7437
7450
7437
7450
7437
7450
7437
7450
7437
7450
7437
7450
7437
7425
7412
7400
7387
7375
7387
7375
7387
7375
7387
7375
7387
7375
7387
7375
7387
7375
7387
7375
7387
7375
7387
7375
7362
7350
7337
7325
7312
7325
7312
7325
7312
7300
7287
7275
7262
7250
7262
7250
7237
7225
7237
7225
7237
7250
7262
7250
7262
7275
7312
7325
7362
7400
7437
7475
7537
7575
7612
7650
7687
7712
7775
7812
7850
7887
7900
7912
7925
7937
7925
7937
7925
7937
7925
7937
7925
7937
7925
7937
7950
7962
7975
8012
8025
8037
8050
8062
8075
8087
8075
8087
8100
8087
8075
8087
8075
8062
8050
8062
8050
8037
8025
8012
7975
7962
7950
7912
7875
7862
7825
7787
7775
7762
7762
7750
7737
7725
7712
7700
7687
7700
7687
7700
7687
7700
7687
7700
7712
7725
7737
7762
7775
7787
7800
7787
7775
7762
7762
7750
7762
7750
7737
7737
7737
7737
7737
7737
7725
7712
7700
7687
7700
7687
7700
7687
7675
7662
7650
7637
7625
7637
7625
7637
7625
7637
7625
7612
7600
7612
7600
7612
7625
7612
7600
7612
7600
7612
7625
7637
7625
7637
7625
7612
7600
7587
7575
7562
7575
7562
7550
7512
7500
7462
7450
7437
7450
7437
7450
7437
7450
7437
7450
7437
7450
7437
7425
7387
7375
7337
7300
7287
7275
7262
7250
7262
7250
7262
7250
7262
7250
7262
7250
7262
7250
7262
7275
7312
7350
7425
7500
7575
7650
7712
7775
7837
7875
7912
7925
7937
7950
7962
7975
7987
8000
7987
8000
7987
8000
7987
8000
7987
8000
7987
8000
8012
8025
8037
8075
8087
8100
8137
8150
8162
8175
8187
8175
8162
8150
8137
8125
8112
8125
8112
8125
8112
8100
8087
8075
8037
8025
8012
7975
7937
7900
7862
7812
7762
7737
7712
7675
7662
7650
7637
7625
7637
7625
7637
7625
7637
7625
7637
7625
7637
7625
7612
7600
7612
7600
7587
7600
7587
7575
7562
7550
7537
7525
7487
7475
7462
7425
7412
7400
7387
7375
7387
7375
7387
7375
7387
7375
7362
7350
7362
7350
7337
7350
7337
7325
7312
7325
7312
7325
7312
7325
7312
7325
7312
7325
7312
7300
7287
7300
7287
7300
7312
7325
7312
7300
7287
7300
7287
7275
7287
7262
7250
7237
7250
7237
7262
7237
7237
7237
7237
7212
7225
7212
7212
7200
7212
7200
7212
7200
7212
7200
7212
7200
7212
7200
7212
7200
7212
7200
7212
7200
7212
7212
7250
7262
7300
7337
7375
7412
7475
7537
7600
7662
7712
7775
7812
7850
7887
7900
7912
7925
7937
7925
7912
7900
7912
7900
7912
7925
7937
7950
7962
7975
8012
8025
8037
8050
8062
8075
8087
8112
8125
8112
8112
8112
8100
8100
8125
8112
8125
8112
8100
8062
8050
8012
7975
7937
7925
7887
7850
7837
7825
7812
7800
7812
7800
7812
7800
7812
7800
7812
7800
7812
7800
7812
7800
7812
7800
7787
7775
7762
7737
7725
7712
7700
7687
7675
7662
7650
7637
7625
7612
7600
7587
7575
7562
7575
7562
7575
7562
7550
7537
7525
7512
7500
7512
7525
7537
7525
7537
7512
7500
7487
7500
7487
7512
7500
7487
7475
7462
7450
7437
7450
7437
7450
7437
7450
7437
7450
7437
7425
7412
7400
7387
7375
7387
7375
7387
7375
7387
7375
7362
7362
7362
7362
7362
7362
7350
7337
7325
7312
7325
7312
7300
7287
7275
7262
7275
7287
7300
7337
7375
7412
7475
7537
7600
7662
7712
7775
7837
7875
7912
7950
7962
7975
8012
8025
8037
8050
8037
8025
8012
8000
7987
8000
7987
8000
7987
8000
8012
8025
8037
8075
8087
8100
8112
8125
8112
8125
8137
8150
8162
8162
8162
8137
8137
8112
8125
8112
8100
8087
8075
8062
8050
8037
8000
7962
7925
7887
7850
7812
7800
7762
7762
7750
7737
7725
7712
7700
7687
7700
7687
7700
7687
7700
7687
7700
7687
7700
7687
7712
7700
7712
7700
7712
7687
7675
7662
7650
7637
7625
7637
7625
7612
7600
7587
7550
7537
7550
7537
7550
7562
7550
7537
7525
7512
7500
7512
7500
7512
7500
7512
7500
7512
7500
7512
7500
7487
7475
7462
7450
7437
7450
7437
7450
7437
7450
7437
7450
7437
7425
7412
7400
7387
7375
7387
7375
7387
7375
7387
7375
7387
7375
7387
7375
7362
7350
7337
7325
7312
7325
7312
7325
7312
7325
7312
7325
7312
7325
7312
7325
7312
7300
7287
7275
7262
7250
7262
7250
7262
7250
7262
7250
7237
7225
7237
7250
7287
7350
7412
7475
7537
7600
7662
7700
7737
7762
7800
7837
7900
7937
7975
7987
8000
7987
8000
7987
8000
7987
7975
7962
7950
7937
7925
7937
7925
7937
7925
7937
7950
7962
7975
8012
8050
8050
8075
8100
8100
8075
8087
8100
8087
8075
8087
8075
8062
8050
8062
8050
8037
8025
8012
7975
7962
7950
7912
7875
7862
7825
7812
7800
7787
7775
7762
7737
7725
7737
7725
7737
7750
7762
7750
7762
7750
7762
7750
7737
7725
7712
7700
7687
7700
7687
7700
7687
7675
7662
7650
7612
7600
7587
7575
7562
7575
7562
7575
7562
7575
7562
7575
7562
7550
7537
7525
7512
7500
7512
7500
7487
7475
7462
7450
7437
7450
7437
7450
7437
7450
7437
7450
7437
7450
7437
7425
7412
7400
7387
7375
7387
7375
7387
7375
7387
7375
7362
7350
7337
7325
7312
7325
7312
7325
7312
7300
7287
7275
7262
7250
7262
7250
7262
7250
7262
7250
7262
7250
7262
7250
7262
7250
7262
7250
7262
7250
7262
7250
7262
7250
7237
7225
7212
7212
7200
7212
7200
7212
7200
7212
7200
7212
7200
7212
7212
7225
7237
7275
7312
7325
7362
7400
7437
7475
7537
7600
7662
7712
7775
7837
7900
7937
7975
7987
8000
7987
8000
7987
7975
7962
7950
7937
7912
7925
7912
7925
7912
7937
7950
7962
7975
8012
8025
8037
8050
8062
8050
8062
8050
8062
8050
8062
8050
8062
8050
8037
8025
8012
7975
7937
7925
7887
7850
7812
7800
7762
7737
7737
7725
7712
7700
7712
7687
7700
7712
7725
7712
7725
7712
7700
7687
7700
7687
7675
7662
7650
