t = 60.000000, p = 686.000000
22300
22287
22275
22287
22300
22312
22325
22337
22350
22337
22350
22337
22350
22337
22350
22337
22350
22350
22362
22375
22412
22450
22487
22550
22612
22650
22687
22700
22712
22700
22712
22700
22712
22700
22712
22725
22762
22775
22812
22837
22875
22887
22925
22937
22950
22937
22950
22937
22950
22937
22925
22912
22900
22862
22825
22787
22737
22700
22650
22625
22600
22600
22600
22612
22625
22637
22650
22637
22650
22637
22650
22637
22625
22612
22600
22562
22550
22537
22500
22462
22450
22412
22400
22387
22400
22387
22400
22387
22400
22387
22400
22387
22375
22362
22350
22350
22337
22325
22312
22325
22312
22300
22312
22325
22312
22300
22312
22300
22262
22250
22237
22200
22187
22175
22162
22150
22162
22150
22162
22175
22187
22200
22212
22225
22212
22200
22187
22200
22187
22200
22237
22275
22300
22362
22425
22487
22550
22587
22625
22637
22650
22637
22650
22637
22650
22637
22650
22637
22650
22637
22650
22662
22700
22712
22750
22762
22775
22762
22775
22762
22750
22750
22750
22725
22700
22675
22637
22600
22562
22550
22562
22575
22587
22625
22662
22675
22687
22700
22712
22700
22712
22700
22712
22700
22687
22675
22662
22650
22637
22650
22637
22650
22637
22625
22612
22600
22562
22550
22537
22500
22462
22425
22362
22300
22275
22237
22225
22212
22225
22212
22225
22237
22275
22287
22300
22287
22250
22187
22150
22112
22100
22112
22125
22137
22150
22137
22125
22112
22075
22062
22050
22037
22025
22012
22000
22012
22000
22012
22025
22037
22050
22087
22125
22187
22250
22300
22362
22400
22437
22450
22462
22450
22462
22450
22437
22425
22412
22400
22412
22425
22437
22475
22512
22525
22562
22600
22612
22625
22662
22700
22737
22787
22825
22837
22825
22787
22737
22675
22612
22575
22562
22550
22562
22575
22562
22525
22512
22500
22487
22500
22512
22525
22512
22500
22487
22475
22462
22450
22462
22450
22462
22450
22437
22400
22362
22325
22300
22262
22250
22237
22225
22212
22225
22237
22275
22300
22337
22375
22387
22400
22387
22375
22362
22350
22325
22312
22300
22287
22275
22287
22300
22312
22325
22350
22362
22375
22387
22400
22387
22400
22412
22425
22437
22450
22462
22475
22487
22500
22512
22525
22512
22525
22537
22550
22562
22600
22612
22625
22637
22650
22625
22625
22600
22575
22550
22537
22500
22462
22425
22387
22350
22350
22350
22387
22425
22487
22550
22612
22675
22712
22725
22737
22725
22712
22700
22712
22700
22712
22700
22712
22700
22712
22725
22737
22750
22762
22775
22762
22750
22712
22675
22612
22550
22487
22450
22412
22400
22387
22400
22412
22425
22437
22450
22437
22425
22412
22400
22387
22400
22387
22375
22362
22350
22325
22312
22300
22262
22225
22212
22175
22162
22150
22162
22150
22137
22100
22062
22025
21987
21950
21937
21925
21887
21875
21862
21850
21837
21850
21837
21825
21812
21800
21800
21787
21775
21762
21750
21737
21725
21737
21725
21737
21725
21737
21725
21737
21725
21737
21725
21737
21725
21737
21750
21762
21775
21787
21800
21787
21800
21787
21775
21762
21775
21775
21825
21900
21975
22050
22125
22187
22250
22300
22337
22375
22387
22400
22387
22400
22375
22387
22375
22387
22375
22400
22412
22425
22437
22475
22487
22500
22512
22525
22512
22525
22512
22500
22462
22425
22387
22350
22325
22287
22250
22212
22162
22112
22087
22062
22037
22050
22062
22075
22087
22075
22062
22050
22012
22000
21987
21975
21950
21950
21925
21925
21925
21937
21950
21962
21975
21962
21950
21937
21925
21912
21900
21887
21875
21862
21850
21837
21825
21812
21800
21800
21787
21800
21787
21775
21762
21750
21712
21700
21687
21675
21662
21675
21687
21700
21687
21700
21687
21675
21662
21675
21662
21675
21662
21675
21662
21675
21662
21675
21662
21675
21687
21700
21712
21725
21712
21700
21687
21675
21662
21650
21637
21625
21587
21575
21587
21600
21637
21700
21750
21812
21875
21912
21950
21987
22025
22037
22075
22112
22150
22162
22200
22212
22225
22212
22225
22212
22225
22237
22275
22300
22337
22375
22412
22450
22487
22525
22562
22600
22600
22600
22625
22625
22600
22612
22600
22562
22525
22487
22425
22362
22300
22275
22262
22250
22262
22275
22287
22275
22262
22225
22187
22150
22112
22075
22062
22050
22012
22000
21987
21975
21962
21975
21962
21950
21937
21925
21912
21900
21912
21925
21937
21950
21962
21975
21962
21975
21962
21975
21962
21975
21962
21975
21962
21975
21962
21975
21962
21950
21937
21925
21912
21900
21912
21900
21912
21900
21912
21887
21887
21887
21887
21887
21900
21912
21900
21912
21925
21937
21950
21962
21975
21962
21975
21987
22000
22012
22025
22037
22025
22037
22025
22037
22025
22012
22000
21987
21950
21937
21950
21962
22000
22062
22125
22187
22250
22300
22362
22400
22437
22450
22462
22450
22462
22450
22462
22475
22487
22500
22537
22550
22562
22575
22587
22600
22637
22650
22687
22700
22712
22700
22712
22700
22687
22650
22612
22550
22487
22425
22362
22325
22300
22287
22300
22312
22325
22337
22350
22337
22350
22337
22325
22287
22275
22237
22200
22187
22175
22137
22125
22112
22100
22087
22075
22062
22050
22012
22000
21987
21950
21937
21925
21912
21900
21912
21900
21912
21900
21912
21900
21912
21900
21912
21900
21912
21900
21912
21925
21937
21950
21962
21950
21950
21950
21950
21950
21975
21962
21975
21962
21975
21962
21975
21962
21975
21962
21975
21962
21975
21962
21950
21937
21925
21887
21875
21862
21850
21862
21900
21937
22000
22062
22100
22137
22175
22212
22250
22287
22300
22312
22300
22262
22250
22237
22225
22237
22250
22275
22300
22325
22337
22362
22375
22412
22425
22437
22450
22462
22450
22462
22450
22437
22425
22412
22375
22337
22300
22275
22237
22225
22237
22250
22262
22275
22287
22275
22287
22275
22262
22250
22237
22200
22187
22162
22137
22112
22112
22087
22100
22087
22100
22087
22075
22037
22025
22012
22000
22012
22025
22037
22025
22037
22025
22037
22050
22062
22075
22087
22100
22087
22100
22087
22100
22087
22100
22087
22100
22087
22100
22087
22075
22062
22050
22037
22025
22037
22025
22037
22025
22037
22025
22037
22025
22037
22025
22037
22025
22037
22025
22037
22025
22037
22025
22037
22025
22037
22025
22037
22025
22037
22025
22037
22025
22037
22050
22087
22125
22187
22250
22300
22362
22400
22437
22475
22487
22500
22537
22550
22562
22575
22587
22575
22562
22550
22537
22525
22512
22525
22512
22525
22512
22525
22512
22525
22537
22575
22587
22625
22637
22650
22637
22650
22637
22650
22637
22625
22587
22550
22487
22425
22362
22300
22275
22262
22250
22262
22275
22287
22275
22262
22250
22237
22225
22212
22225
22212
22225
22212
22225
22212
22225
22212
22200
22187
22212
22200
22187
22200
22187
22162
22150
22162
22150
22162
22150
22162
22150
22137
22125
22112
22100
22087
22100
22087
22100
22087
22100
22087
22100
22112
22125
22137
22150
22137
22125
22112
22100
22075
22075
22075
22100
22100
22150
22162
22175
22162
22175
22175
22187
22200
22212
22225
22212
22225
22212
22225
22212
22225
22212
22225
22212
22225
22212
22225
22212
22225
22212
22225
22237
22275
22300
22362
22425
22487
22550
22587
22625
22662
22675
22687
22700
22712
22700
22687
22675
22662
22650
22637
22650
22637
22650
22637
22650
22662
22700
22737
22775
22812
22825
22812
22800
22787
22750
22712
22675
22612
22575
22537
22500
22500
22500
22475
22475
22475
22462
22450
22437
22425
22412
22400
22387
22375
22362
22375
22350
22350
22350
22350
22337
22350
22337
22325
22287
22275
22237
22200
22187
22175
22162
22150
22162
22150
22162
22150
22162
22175
22187
22200
22212
22200
22187
22175
22162
22150
22162
22150
22162
22150
22162
22150
22162
22150
22137
22125
22112
22100
22087
22075
22062
22050
22037
22025
22037
22025
22012
22000
21987
21950
21937
21925
21912
21900
21912
21900
21912
21900
21912
21900
21912
21925
21962
21975
22025
22075
22125
22175
22250
22300
22337
22375
22412
22425
22437
22450
22462
22450
22462
22450
22462
22475
22487
22500
22537
22575
22587
22625
22662
22675
22687
22700
22712
22700
22712
22700
22687
22675
22662
22625
22587
22550
22512
22500
22487
22500
22512
22525
22512
22500
22487
22475
22437
22400
22387
22350
22325
22287
22275
22237
22200
22187
22175
22137
22125
22112
22075
22062
22050
22037
22025
22012
21975
21937
21900
21862
21850
21837
21850
21837
21850
21837
21850
21837
21850
21837
21825
21812
21800
21800
21787
21800
21787
21800
21787
21775
21762
21750
21712
21675
21662
21625
21587
21550
21537
21500
21487
21500
21512
21525
21562
21575
21587
21600
21612
21625
21662
21675
21712
21750
21775
21787
21800
21812
21825
21800
21800
21800
21775
21737
21725
21687
21675
21662
21675
21687
21725
21775
21850
21925
22000
22062
22125
22187
22225
22262
22275
22287
22275
22287
22275
22262
22250
22237
22225
22212
22225
22237
22250
22262
22300
22312
22325
22337
22350
22350
22362
22375
22387
22375
22362
22350
22350
22337
22350
22337
22325
22312
22300
22262
22225
22187
22125
22087
22050
22037
22025
22037
22025
22037
22025
22037
22025
22037
22025
22037
22025
22012
21975
21962
21925
21887
21850
21837
21800
21800
21787
21775
21762
21775
21762
21775
21787
21800
21800
21812
21825
21837
21850
21837
21850
21837
21850
21837
21850
21837
21850
21837
21850
21837
21850
21837
21850
21837
21825
21812
21800
21800
21787
21800
21787
21775
21762
21750
21737
21725
21737
21725
21737
21725
21737
21725
21737
21725
21712
21700
21687
21675
21662
21650
21637
21650
21637
21650
21650
21650
21625
21625
21625
21637
21650
21662
21687
21712
21750
21800
21875
21937
22000
22037
22075
22087
22100
22087
22075
22062
22075
22062
22075
22087
22100
22087
22100
22112
22125
22137
22175
22187
22200
22237
22250
22262
22300
22312
22325
22337
22350
22350
22362
22375
22375
22387
22375
22362
22350
22375
22362
22350
22337
22300
22250
22187
22150
22137
22125
22137
22150
22162
22150
22137
22125
22100
22075
22050
22050
22025
22012
21975
21962
21925
21887
21875
21862
21850
21837
21850
21837
21825
21812
21800
21800
21787
21775
21762
21750
21737
21725
21737
21725
21737
21725
21737
21725
21737
21725
21737
21725
21737
21725
21737
21725
21737
21725
21737
21725
21737
21725
21737
21725
21737
21725
21737
21725
21737
21725
21737
21725
21737
21725
21737
21725
21737
21725
21737
21725
21737
21725
21737
21725
21712
21700
21687
21675
21662
21675
21662
21687
21712
21750
21800
21875
21937
22000
22062
22125
22187
22225
22275
22312
22337
22362
22387
22375
22337
22300
22250
22187
22150
22112
22100
22087
22100
22112
22150
22187
22250
22287
22300
22287
22250
22187
22150
22112
22075
22037
22025
21987
21975
21962
21975
21987
22000
22012
22025
22037
22025
22012
22000
21987
21950
21912
21900
21887
21862
21862
21887
21887
21862
21875
21862
21850
21837
21850
21837
21825
21812
21825
21812
21825
21837
21850
21837
21850
21837
21850
21837
21850
21837
21850
21837
21850
21837
21850
21837
21850
21837
21850
21862
21875
21887
21900
21912
21900
21912
21900
21912
21900
21912
21900
21912
21900
21887
21875
21887
21875
21887
21900
21912
21900
21912
21925
21937
21950
21962
21975
21962
21975
21962
21950
21937
21925
21887
21850
21837
21800
21800
21787
21800
21800
21837
21875
21937
22000
22062
22125
22187
22225
22262
22300
22312
22325
22350
22350
22325
22325
22300
22287
22275
22287
22300
22325
22362
22400
22437
22450
22462
22475
22487
22475
22487
22475
22462
22450
22437
22400
22362
22300
22250
22212
22175
22137
22125
22112
22100
22087
22075
22062
22050
22037
22025
22012
22000
21987
21975
21962
21975
21962
21975
21962
21975
21962
21975
21962
21975
21962
21975
21962
21975
21962
21937
21925
21912
21900
21887
21887
21875
21887
21875
21862
21875
21862
21850
21837
21850
21837
21850
21837
21850
21837
21825
21812
21800
21800
21787
21800
21787
21800
21775
21775
21750
21750
21725
21712
21700
21687
21675
21662
21650
21637
21650
21662
21700
21750
21812
21875
21937
22000
22062
22100
22137
22150
22162
22150
22162
22150
22162
22150
22162
22175
22187
22200
22237
22250
22262
22275
22287
22275
22287
22275
22287
22275
22287
22275
22287
22275
22287
22275
22287
22275
22262
22250
22237
22200
22162
22125
22062
22025
21987
21975
21962
21975
21962
21975
21962
21975
21962
21950
21937
21950
21937
21925
21937
21925
21912
21900
21912
21900
21912
21900
21887
21850
21837
21800
21800
21800
21812
21800
21825
21825
21800
21800
21800
21800
21787
21800
21787
21800
21787
21800
21787
21800
21787
21775
21762
21750
21737
21725
21737
21725
21737
21750
21762
21775
21800
21812
21825
21837
21850
21837
21850
21837
21850
21837
21850
21862
21875
21887
21900
21912
21900
21887
21875
21862
21850
21862
21875
21900
21950
22000
22025
22075
22112
22125
22137
22150
22162
22150
22137
22100
22062
22000
21962
21925
21912
21900
21887
21875
21862
21850
21862
21900
21937
21975
22012
22025
22012
22000
21987
21950
21912
21875
21812
21775
21750
21737
21725
21737
21725
21737
21725
21737
21725
21737
21725
21737
21725
21712
21675
21637
21600
21562
21550
21562
21600
21612
21650
21662
21675
21662
21675
21662
21687
21687
21712
21712
21737
21725
21737
21725
21712
21700
21687
21675
21662
21675
21662
21675
21662
21650
21637
21625
21612
21625
21637
21650
21687
21700
21712
21725
21737
21725
21737
21725
21737
21725
21712
21675
21662
21625
21612
21600
21612
21600
21612
21600
21587
21575
21587
21575
21587
21600
21612
21600
21587
21575
21587
21600
21637
21700
21750
21812
21850
21887
21925
21962
22000
22037
22050
22062
22050
22037
22050
22062
22075
22112
22150
22187
22225
22262
22275
22287
22275
22262
22225
22187
22150
22112
22075
22037
22000
21937
21900
21887
21900
21912
21925
21937
21925
21912
21900
21887
21875
21862
21850
21837
21850
21837
21825
21812
21800
21775
21762
21750
21750
21750
21775
21775
21800
21787
21775
21762
21775
21762
21775
21775
21775
21750
21750
21725
21737
21725
21737
21725
21737
21725
21737
21725
21737
21725
21712
21700
21687
21675
21662
21650
21637
21625
21612
21600
21587
21550
21537
21500
21487
21475
21487
21475
21487
21475
21487
21475
21487
21475
21487
21475
21487
21475
21462
21450
21437
21425
21437
21450
21475
21525
21575
21625
21700
21750
21812
21875
21937
21975
22012
22025
22012
22000
22012
22025
22037
22075
22112
22125
22137
22150
22175
22175
22200
22225
22250
22262
22275
22287
22275
22287
22275
22287
22275
22287
22275
22262
22225
22187
22125
22062
22000
21937
21900
21862
21850
21837
21850
21837
21850
21837
21850
21837
21825
21812
21800
21800
21787
21775
21737
21725
21687
21650
21637
21625
21587
21575
21562
21550
21537
21550
21562
21575
21562
21575
21562
21550
21537
21550
21537
21550
21537
21525
21512
21500
21462
21450
21437
21425
21412
21425
21412
21425
21437
21450
21462
21475
21487
21475
21462
21450
21437
21400
21400
21400
21375
21375
21375
21362
21350
21362
21375
21387
21375
21387
21400
21387
21400
21437
21450
21462
21500
21537
21575
21612
21650
21662
21650
21637
21625
21612
21625
21625
21625
21650
21675
21700
21750
21812
21875
21912
21950
21987
22000
21987
22000
21987
21950
21912
21875
21812
21750
21700
21662
21625
21612
21625
21662
21675
21712
21725
21712
21700
21712
21700
21712
21725
21712
21675
21662
21625
21587
21575
21562
21525
21512
21500
21487
21475
21487
21475
21487
21475
21487
21475
21462
21450
21437
21425
21412
21425
21412
21425
21412
21425
21412
21425
21412
21400
21387
21400
21387
21400
21412
21400
21387
21375
21362
21350
21362
21350
21362
21350
21362
21350
21362
21350
21362
21350
21362
21350
21362
21350
21362
21350
21362
21375
21387
21375
21387
21375
21362
21350
21362
21350
21337
21325
21312
21312
21300
21287
21275
21262
21225
21212
21225
21237
21287
21362
21437
21487
21525
21562
21600
21637
21700
21750
21787
21800
21812
21800
21800
21800
21812
21825
21862
21875
21887
21925
21962
21975
22012
22050
22062
22075
22087
22100
22087
22100
22075
22075
22050
22025
21975
21937
21875
21812
21775
21750
21737
21725
21712
21700
21712
21700
21712
21725
21737
21725
21737
21725
21737
21750
21762
21750
21762
21750
21712
21700
21687
21675
21662
21650
21637
21625
21587
21575
21562
21550
21537
21550
21537
21550
21537
21550
21537
21550
21562
21600
21612
21650
21662
21675
21662
21675
21662
21650
21637
21625
21612
21600
21587
21575
21562
21550
21537
21550
21537
21525
21512
21500
21487
21475
21462
21450
21437
21425
21412
21400
21400
21400
21375
21375
21375
21362
21350
21362
21350
21337
21325
21312
21287
21275
21287
21275
21262
21275
21287
21287
21325
21387
21450
21512
21575
21637
21700
21750
21787
21800
21812
21800
21800
21787
21775
21762
21775
21762
21775
21787
21800
21787
21800
21787
21775
21737
21725
21687
21650
21637
21625
21587
21550
21512
21450
21387
21325
21287
21287
21275
21287
21300
21312
21300
21312
21300
21312
21300
21287
21275
21262
21250
21237
21225
21212
21200
21187
21175
21187
21175
21187
21175
21187
21175
21187
21175
21162
21150
21137
21125
21112
21125
21112
21125
21137
21150
21137
21150
21162
21150
21162
21175
21187
21175
21162
21150
21137
21125
21112
21125
21112
21125
21112
21125
21112
21125
21112
21125
21112
21125
21112
21125
21112
21125
21112
21125
21112
21125
21112
21125
21137
21175
21212
21262
21325
21387
21450
21512
21550
21587
21625
21662
21675
21712
21725
21737
21725
21737
21725
21737
21750
21775
21787
21825
21862
21875
21887
21925
21937
21925
21937
21925
21912
21887
21862
21812
21762
21725
21687
21650
21637
21625
21612
21600
21612
21625
21637
21650
21687
21700
21712
21725
21712
21700
21687
21675
21662
21650
21637
21625
21612
21600
21612
21600
21612
21625
21637
21650
21662
21675
21662
21675
21662
21675
21662
21675
21662
21675
21662
21675
21662
21675
21662
21650
21637
21625
21612
21600
21612
21600
21587
21575
21562
21550
21537
21550
21537
21550
21537
21550
21537
21550
21562
21575
21587
21600
21612
21600
21612
21600
21612
21600
21612
21600
21587
21575
21562
21550
21537
21550
21537
21550
21562
21575
21587
21625
21675
21712
21762
21812
21862
21900
21937
21975
22012
22050
22062
22050
22062
22050
22012
22000
21987
21975
21987
22000
22012
22025
22037
22050
22062
22075
22112
22125
22137
22175
22187
22200
22212
22225
22212
22225
22212
22225
22212
22200
22162
22125
22062
22025
21987
21975
21962
21975
21987
22000
22012
22050
22062
22050
22062
22050
22012
21975
21937
21875
21812
21750
21700
21662
21625
21612
21600
21587
21575
21562
21550
21537
21550
21537
21525
21487
21475
21437
21425
21412
21400
21387
21375
21375
21375
21400
21400
21425
21412
21425
21412
21425
21412
21425
21437
21450
21437
21450
21437
21425
21412
21425
21412
21425
21412
21400
21387
21400
21387
21400
21412
21425
21412
21425
21412
21425
21412
21425
21412
21425
21412
21425
21412
21425
21437
21450
21462
21500
21537
21575
21637
21700
21750
21787
21825
21862
21900
21912
21950
21962
21975
21962
21975
21962
21975
21987
22000
22012
22050
22062
22075
22087
22100
22112
22125
22137
22150
22162
22150
22162
22150
22162
22150
22162
22150
22137
22100
22062
22025
21987
21975
21962
21975
21987
22000
22012
22025
22012
22000
21987
21975
21962
21950
21937
21925
21887
21850
21837
21800
21800
21775
21775
21775
21775
21775
21787
21800
21787
21775
21762
21750
21737
21725
21737
21725
21737
21725
21737
21725
21737
21725
21737
21725
21712
21700
21712
21700
21687
21700
21687
21675
21662
21675
21662
21675
21687
21700
21712
21712
21712
21687
21687
21662
21650
21637
21625
21612
21600
21612
21625
21662
21700
21750
21812
21875
21912
21950
21987
22025
22037
22050
22062
22050
22037
22025
22037
22025
22037
22025
22037
22050
22062
22075
22112
22125
22137
22150
22162
22150
22162
22175
22187
22200
22237
22250
22237
22250
22237
22225
22212
22200
22162
22125
22087
22050
22037
22025
22037
22025
22037
22025
22037
22025
22012
22000
21987
21975
21962
21950
21950
21950
21950
21950
21975
21962
21975
21962
21975
21962
21950
21937
21925
21887
21875
21862
21850
21837
21850
21837
21850
21837
21850
21837
21850
21837
21850
21837
21850
21837
21850
21837
21850
21837
21850
21837
21850
21837
21850
21837
21850
21837
21862
21862
21862
21862
21862
21850
21837
21850
21837
21850
21837
21825
21812
21825
21812
21825
21837
21850
21837
21850
21837
21850
21837
21825
21812
21800
21775
21737
21725
21712
21725
21750
21812
21875
21937
22000
22037
22050
22062
22050
22037
22025
22037
22025
22037
22050
22062
22075
22112
22125
22137
22150
22162
22150
22162
22150
22162
22150
22162
22150
22137
22100
22062
22000
21937
21900
21862
21850
21837
21825
21812
21800
21800
21787
21800
21787
21800
21787
21775
21762
21750
21712
21700
21687
21650
21637
21625
21612
21600
21587
21550
21537
21500
21487
21475
21462
21450
21437
21425
21412
21425
21412
21400
21387
21375
21362
21350
21362
21350
21337
21325
21312
21312
21300
21312
21300
21287
21275
21287
21275
21287
21300
21312
21300
21312
21300
21312
21300
21287
21275
21262
21250
21237
21250
21237
21225
21212
21200
21187
21175
21187
21175
21187
21175
21187
21175
21187
21175
21187
21200
21212
21225
21262
21287
21325
21387
21450
21512
21575
21612
21650
21662
21650
21637
21625
21612
21600
21612
21625
21637
21650
21687
21725
21737
21775
21800
21812
21825
21837
21850
21837
21850
21837
21850
21837
21825
21787
21750
21700
21662
21625
21612
21600
21612
21625
21637
21650
21662
21650
21637
21625
21587
21575
21562
21525
21512
21500
21462
21425
21412
21375
21362
21350
21362
21375
21387
21400
21412
21425
21412
21425
21400
21400
21375
21375
21350
21362
21350
21362
21350
21362
21350
21362
21375
21387
21400
21412
21425
21437
21450
21437
21450
21437
21425
21412
21425
21412
21425
21412
21425
21437
21475
21512
21575
21637
21700
21750
21825
21875
21925
21950
21975
21962
21975
21962
21975
21987
22000
22012
22050
22087
22100
22137
22150
22162
22150
22162
22150
22162
22150
22162
22150
22162
22150
22137
22125
22112
22075
22062
22037
22012
21987
21987
21962
21975
21987
22000
22012
22025
22037
22025
22037
22025
22037
22050
22062
22050
22037
22025
21987
21950
21912
21900
21862
21850
21837
21850
21862
21875
21887
21900
21887
21875
21862
21825
21787
21775
21750
21737
21725
21737
21725
21737
21750
21762
21775
21787
21800
21800
21812
21825
21862
21900
21912
21925
21937
21925
21887
21850
21837
21800
21775
21737
21700
21637
21600
21562
21525
21512
21525
21512
21525
21562
21600
21612
21625
21612
21575
21537
21525
21537
21575
21637
21700
21750
21812
21875
21937
22000
22062
22125
22162
22175
22162
22150
22112
22075
22062
22075
22087
22125
22187
22250
22300
22337
22375
22387
22400
22387
22375
22362
22350
22325
22287
22250
22187
22150
22112
22100
22087
22100
22087
22100
22087
22075
22062
22050
22012
22000
21987
21975
21962
21975
21962
21975
21962
21950
21937
21925
21912
21900
21887
21850
21837
21800
21800
21787
21800
21787
21800
21800
21812
21825
21837
21850
21837
21850
21837
21850
21837
21825
21812
21800
21800
21787
21800
21787
21800
21787
21800
21787
21800
21787
21800
21787
21800
21800
21837
21850
21887
21900
21912
21900
21912
21900
21912
21900
21912
21925
21937
21950
21987
22025
22062
22125
22187
22225
22262
22275
22287
22275
22287
22275
22262
22250
22237
22225
22212
22225
22237
22250
22262
22275
22287
22300
22312
22325
22337
22350
22337
22350
22337
22350
22350
22362
22350
22362
22350
22325
22312
22300
22262
22225
22187
22150
22112
22100
22112
22125
22137
22150
22162
22150
22137
22125
22112
22075
22062
22050
22037
22025
22037
22025
22012
22000
21987
21950
21937
21925
21912
21900
21912
21900
21912
21900
21887
21875
21862
21850
21837
21850
21837
21850
21837
21850
21837
21850
21837
21825
21812
21800
21800
21800
21812
21800
21812
21800
21800
21787
21800
21787
21800
21787
21800
21800
21812
21825
21837
21850
21837
21850
21837
21825
21812
21800
21775
21762
21775
21762
21775
21800
21837
21875
21937
22000
22062
22125
22162
22200
22237
22275
22287
22325
22337
22350
22337
22325
22312
22325
22300
22300
22300
22300
22300
22325
22362
22400
22437
22450
22462
22450
22462
22450
22462
22475
22487
22500
22512
22525
22512
22500
22462
22450
22412
22375
22337
22300
22250
22187
22150
22112
22100
22112
22125
22137
22150
22162
22150
22162
22150
22137
22100
22062
22025
21987
21975
21962
21950
21912
21900
21862
21850
21837
21825
21812
21800
21775
21762
21750
21737
21750
21762
21775
21787
21800
21800
21812
21800
21812
21800
21800
21787
21775
21762
21750
21737
21725
21737
21725
21737
21712
21725
21712
21725
21712
21712
21700
21687
21675
21662
21675
21662
21675
21662
21675
21662
21675
21662
21675
21662
21675
21662
21675
21662
21675
21662
21675
21662
21675
21662
21675
21662
21675
21662
21675
21662
21675
21662
21650
21637
21625
21587
21575
21562
21550
21562
21600
21637
21700
21750
21812
21875
21937
22000
22062
22100
22112
22125
22137
22125
22137
22175
22212
22225
22262
22275
22287
22275
22287
22275
22287
22300
22312
22325
22337
22350
22337
22350
22350
22362
22350
22362
22337
22337
22325
22312
22300
22300
22262
22225
22187
22125
22062
22025
21987
21975
21987
22000
22012
22050
22050
22050
22050
22050
22025
22012
22000
21987
21950
21912
21875
21837
21800
21775
21762
21775
21750
21750
21750
21750
21725
21737
21725
21712
21700
21687
21650
21612
21575
21537
21500
21487
21475
21487
21475
21487
21475
21487
21500
21512
21500
21512
21500
21487
21475
21487
21475
21462
21450
21437
21425
21412
21400
21362
21350
21312
21312
21300
21287
21275
21262
21250
21237
21250
21237
21250
21237
21250
21237
21250
21237
21250
21237
21225
21212
21200
21162
21150
21137
21125
21137
21175
21212
21262
21325
21387
21450
21487
21525
21562
21600
21637
21675
21687
21700
21687
21675
21662
21675
21662
21675
21662
21675
21687
21725
21737
21775
21800
21812
21825
21837
21850
21862
21862
21862
21887
21887
21862
21875
21862
21850
21837
21825
21787
21750
21725
21687
21675
21662
21650
21637
21625
21587
21575
21562
21550
21537
21525
21512
21500
21487
21475
21487
21475
21487
21475
21487
21475
21487
21475
21462
21450
21437
21425
21412
21425
21412
21425
21412
21425
21412
21400
21387
21375
21362
21350
21362
21350
21362
21350
21337
21325
21312
21287
21275
21262
21250
21237
21250
21237
21250
21237
21250
21262
21275
21287
21312
21325
21350
21375
21400
21425
21475
21512
21575
21612
21650
21662
21675
21662
21675
21662
21650
21637
21650
21637
21650
21687
21700
21712
21750
21762
21775
21800
21812
21825
21862
21875
21887
21900
21912
21900
21887
21875
21862
21825
21787
21775
21750
21737
21725
21737
21750
21775
21787
21800
21812
21800
21800
21787
21775
21762
21750
21737
21725
21737
21725
21737
21725
21737
21725
21737
21725
21712
21700
21675
21650
21625
21625
21600
21612
21600
21612
21600
21612
21600
21612
21600
21612
21600
21612
21600
21612
21600
21612
21600
21612
21600
21612
21600
21612
21600
21612
21600
21612
21600
21612
21600
21612
21600
21612
21600
21612
21600
21612
21600
21612
21600
21612
21625
21637
21650
21662
21675
21662
21675
21662
21675
21687
21725
21750
21812
21875
21912
21950
21987
22025
22062
22100
22137
22150
22162
22150
22162
22175
22187
22200
22237
22250
22262
22300
22312
22325
22337
22350
22337
22350
22337
22325
22287
22275
22237
22200
22162
22125
22087
22050
22012
21975
21937
21900
21862
21850
21837
21850
21837
21850
21837
21850
21837
21850
21837
21825
21812
21800
21775
21737
21700
21662
21650
21637
21650
21662
21675
21662
21675
21662
21650
21612
21575
21537
21500
21462
21450
21437
21425
21412
21425
21412
21425
21412
21400
21387
21375
21337
21300
21262
21212
21175
21137
21125
21112
21125
21112
21125
21112
21100
21087
21075
21062
21050
21062
21075
21112
21150
21212
21262
21325
21387
21425
21462
21500
21537
21550
21587
21600
21587
21575
21562
21550
21537
21550
21537
21550
21537
21550
21537
21550
21562
21600
21612
21650
21687
21700
21687
21675
21637
21575
21512
21475
21462
21450
21462
21475
21487
21475
21487
21475
21462
21450
21437
21425
21437
21450
21462
21475
21487
21500
21512
21525
21537
21550
21537
21550
21537
21525
21512
21500
21487
21475
21487
21475
21487
21500
21512
21525
21537
21550
21537
21550
21537
21550
21537
21550
21537
21525
21512
21500
21487
21475
21500
21487
21500
21487
21500
21500
21512
21525
21537
21550
21537
21550
21562
21600
21612
21650
21687
21725
21737
21775
21800
21837
21875
21937
21975
22012
22025
22037
22025
22037
22025
22037
22025
22037
22025
22037
22025
22037
22025
22037
22050
22062
22050
22062
22050
22037
22025
22037
22025
22037
22025
22012
21975
21937
21875
21812
21750
21725
21712
21700
21712
21725
21712
21700
21687
21650
21637
21625
21612
21600
21612
21600
21587
21575
21562
21550
21537
21550
21537
21525
21512
21500
21487
21475
21487
21475
21487
21475
21487
21475
21487
21475
21487
21475
21487
21475
21487
21475
21487
21475
21487
21475
21462
21450
21437
21400
21387
21375
21362
21350
21362
21350
21362
21350
21362
21350
21362
21350
21362
21337
21337
21312
21312
21300
21312
21300
21312
21300
21287
21275
21262
21250
21237
21250
21262
21287
21300
21337
21375
21412
21450
21512
21575
21612
21662
21687
21712
21737
21762
21775
21787
21800
21787
21775
21762
21775
21775
21812
21875
21912
21950
21987
22000
22012
22025
22012
22000
21987
21975
21962
21975
21962
21950
21912
21875
21812
21775
21750
21712
21675
21637
21600
21562
21525
21487
21450
21412
21375
21362
21350
21337
21325
21312
21312
21300
21312
21300
21312
21300
21287
21275
21262
21250
21237
21250
21237
21250
21237
21250
21237
21225
21212
21200
21187
21175
21187
21175
21187
21175
21162
21150
21137
21125
21100
21100
21075
21075
21050
21062
21050
21062
21050
21037
21025
21037
21050
21087
21125
21162
21175
21187
21175
21187
21175
21162
21150
21137
21125
21112
21125
21112
21125
21137
21150
21162
21175
21187
21200
21237
21262
21325
21387
21425
21462
21500
21537
21575
21637
21675
21712
21725
21737
21725
21712
21700
21687
21675
21662
21675
21662
21675
21687
21700
21712
21750
21762
21775
21800
21812
21800
21812
21800
21800
21787
21775
21737
21700
21637
21575
21537
21500
21487
21475
21487
21475
21462
21450
21437
21400
21362
21350
21312
21312
21300
21312
21300
21312
21300
21312
21312
21325
21337
21350
21362
21350
21337
21325
21337
21325
21337
21350
21337
21325
21312
21312
21300
21312
21300
21312
21312
21312
21312
21337
21337
21337
21350
21337
21337
21337
21337
21337
21337
21325
21312
21312
21300
21312
21300
21312
21312
21325
21337
21350
21362
21375
21412
21450
21512
21575
21637
21700
21750
21812
21850
21887
21900
21912
21900
21912
21900
21887
21875
21862
21850
21837
21825
21812
21825
21837
21850
21887
21900
21912
21900
21912
21900
21887
21850
21812
21775
21750
21712
21675
21662
21625
21612
21600
21612
21600
21612
21600
21612
21600
21612
21600
21612
21600
21587
21575
21562
21550
21537
21525
21512
21500
21487
21475
21487
21500
21512
21525
21537
21525
21512
21500
21462
21450
21437
21425
21412
21425
21412
21425
21412
21425
21412
21425
21412
21425
21412
21425
21412
21400
21387
21375
21337
21325
21312
21312
21312
21325
21337
21350
21362
21350
21362
21350
21362
21350
21362
21350
21337
21325
21312
21312
21300
21312
21300
21312
21312
21350
21387
21450
21512
21550
21587
21625
21662
21700
21737
21775
21800
21837
21850
21887
21900
21887
21875
21862
21850
21837
21850
21837
21850
21862
21875
21887
21925
21937
21950
21987
22000
22012
22050
22050
22050
22075
22075
22075
22087
22075
22062
22050
22012
21975
21937
21875
21837
21800
21800
21787
21800
21787
21800
21787
21775
21762
21750
21712
21675
21637
21600
21562
21525
21512
21500
21462
21450
21437
21425
21412
21400
21387
21375
21362
21350
21362
21350
21362
21350
21362
21350
21362
21350
21362
21350
21362
21350
21362
21350
21362
21350
21337
21325
21312
21287
21275
21262
21250
21237
21250
21237
21250
21237
21250
21237
21250
21237
21225
21212
21200
21187
21175
21162
21150
21137
21125
21137
21175
21212
21262
21300
21337
21375
21412
21450
21512
21550
21587
21625
21637
21650
21662
21675
21662
21650
21637
21625
21612
21600
21612
21625
21637
21650
21662
21675
21687
21725
21737
21775
21787
21800
21787
21800
21800
21812
21825
21837
21825
21787
21750
21700
21637
21600
21562
21550
21537
21550
21537
21550
21537
21550
21537
21525
21487
21475
21437
21425
21412
21400
21387
21375
21362
21350
21362
21350
21362
21350
21362
21350
21362
21337
21337
21312
21287
21275
21262
21250
21237
21225
21212
21200
21187
21175
21187
21175
21187
21200
21212
21225
21262
21275
21287
21300
21312
21300
21287
21275
21262
21225
21212
21200
21187
21175
21162
21150
21137
21125
21112
21125
21112
21125
21137
21150
21162
21175
21187
21200
21237
21262
21325
21387
21450
21512
21575
21637
21675
21712
21725
21712
21700
21687
21650
21612
21600
21587
21575
21587
21600
21612
21625
21637
21650
21662
21675
21687
21700
21712
21725
21737
21725
21737
21750
21762
21775
21787
21775
21737
21700
21637
21575
21512
21450
21412
21400
21387
21400
21412
21425
21412
21425
21437
21450
21437
21450
21462
21450
21462
21475
21487
21475
21462
21425
21412
21375
21337
21325
21312
21312
21300
21312
21300
21312
21300
21312
21312
21312
21312
21312
21312
21300
21287
21275
21287
21275
21287
21300
21287
21275
21262
21250
21237
21250
21237
21225
21212
21200
21187
21175
21187
21175
21187
21200
21212
21225
21237
21250
21237
21250
21262
21275
21287
21300
21312
21300
21287
21275
21262
21250
21237
21250
21237
21225
21212
21200
21187
21200
21237
21262
21325
21387
21450
21512
21575
21637
21675
21687
21700
21687
21675
21662
21675
21662
21675
21687
21700
21712
21750
21762
21775
21800
21837
21850
21887
21900
21912
21900
21912
21900
21887
21875
21862
21825
21787
21750
21725
21687
21650
21637
21625
21612
21600
21612
21600
21587
21575
21562
21550
21537
21525
21487
21450
21412
21375
21362
21350
21362
21350
21362
21375
21387
21400
21412
21425
21412
21425
21412
21425
21412
21425
21412
21425
21437
21450
21437
21450
21462
21450
21462
21475
21487
21475
21487
21500
21512
21500
21512
21500
21462
21425
21412
21375
21362
21350
21362
21375
21387
21375
21387
21375
21362
21350
21337
21325
21337
21325
21312
21325
21312
21312
21300
21312
21312
21325
21337
21375
21412
21450
21512
21575
21637
21675
21712
21725
21737
21750
21775
21787
21825
21837
21825
21812
21800
21775
21762
21750
21712
21700
21687
21675
21687
21725
21737
21775
21787
21800
21787
21800
21800
21812
21800
21787
21750
21725
21687
21650
21637
21625
21612
21600
21612
21600
21612
21600
21587
21550
21512
21450
21412
21375
21337
21325
21312
21312
21300
21312
21300
21312
21300
21287
21275
21262
21250
21237
21250
21225
21225
21200
21200
21175
21187
21175
21187
21175
21187
21175
21187
21175
21187
21175
21187
21162
21162
21137
21137
21112
21125
21112
21125
21100
21100
21075
21075
21050
21062
21050
21062
21075
21112
21150
21212
21262
21325
21387
21450
21487
21525
21537
21550
21537
21550
21537
21550
21537
21550
21537
21550
21562
21575
21587
21600
21612
21600
21612
21600
21587
21575
21562
21550
21537
21550
21537
21525
21512
21500
21462
21425
21412
21375
21362
21350
21362
21375
21387
21400
21412
21425
21412
21425
21412
21400
21387
21375
21337
21300
21287
21262
21250
21237
21250
21237
21225
21187
21175
21137
21100
21100
21100
21075
21075
21075
21062
21050
21062
21050
21062
21050
21062
21050
21062
21050
21062
21050
21062
21050
21062
21050
21062
21050
21037
21025
21012
21000
20987
21000
20987
21000
20987
21000
20987
21000
20987
21000
20987
21000
20987
21000
20987
21000
20987
21000
20987
21000
20987
21000
20987
21000
21012
21050
21087
21125
21162
21200
21237
21262
21300
21350
21400
21425
21425
21450
21437
21400
21387
21375
21362
21375
21412
21450
21487
21525
21562
21575
21562
21575
21562
21550
21537
21550
21537
21525
21487
21450
21412
21375
21362
21375
21387
21400
21412
21425
21412
21425
21412
21400
21387
21375
21337
21325
21312
21287
21275
21262
21250
21237
21225
21212
21200
21187
21175
21162
21150
21137
21125
21112
21125
21112
21125
21112
21100
21087
21100
21087
21075
21087
21075
21062
21050
21062
21050
21062
21075
21087
21075
21087
21075
21062
21050
21037
21025
21012
20975
20962
20950
20937
20925
20937
20925
20937
20925
20937
20925
20937
20925
20937
20925
20937
20925
20937
20925
20937
20925
20937
20950
20987
21025
21087
21150
21212
21262
21300
21337
21350
21362
21350
21337
21325
21312
21312
21300
21312
21300
21312
21312
21350
21362
21400
21437
21450
21462
21475
21487
21475
21487
21475
21487
21475
21487
21475
21462
21425
21387
21325
21262
21237
21200
21200
21200
21225
21225
21250
21237
21250
21237
21250
21237
21225
21187
21175
21137
21125
21112
21125
21112
21100
21087
21075
21062
21050
21062
21050
21062
21050
21062
21050
21062
21050
21037
21025
21012
20975
20962
20950
20912
20900
20887
20875
20862
20875
20862
20875
20862
20875
20887
20900
20912
20925
20937
20925
20937
20925
20937
20925
20937
20925
20937
20925
20937
20925
20937
20925
20937
20925
20937
20925
20937
20925
20912
20900
20925
20950
21000
21075
21150
21212
21262
21325
21362
21400
21412
21400
21387
21375
21362
21350
21337
21325
21337
21350
21362
21400
21437
21450
21462
21475
21487
21500
21512
21525
21537
21550
21537
21550
21537
21550
21537
21550
21537
21525
21512
21500
21462
21425
21412
21375
21362
21350
21362
21350
21362
21350
21362
21350
21337
21325
21312
21287
21275
21262
21250
21237
21250
21237
21250
21237
21250
21237
21250
21237
21225
21212
21200
21162
21150
21137
21125
21112
21125
21112
21125
21112
21125
21112
21100
21087
21075
21062
21050
21062
21050
21062
21075
21087
21100
21112
21125
21112
21125
21112
21125
21112
21125
21112
21125
21112
21125
21112
21125
21112
21125
21137
21150
21162
21200
21237
21262
21325
21387
21450
21512
21575
21612
21650
21662
21675
21662
21675
21662
21675
21662
21675
21662
21675
21662
21675
21687
21700
21712
21725
21737
21750
21762
21775
21787
21800
21787
21800
21787
21800
21787
21800
21787
21775
21737
21725
21675
21650
21625
21600
21575
21562
21550
21537
21525
21512
21500
21487
21475
21487
21475
21487
21475
21462
21450
21437
21400
21387
21375
21362
21350
21362
21350
21337
21325
21312
21287
21275
21262
21225
21212
21200
21187
21175
21187
21175
21187
21175
21162
21150
21137
21125
21112
21125
21112
21100
21087
21075
21062
21050
21037
21025
21012
21000
20987
20975
20937
20925
20887
20875
20862
20875
20862
20875
20862
20875
20862
20850
20837
20825
20812
20800
20787
20775
20762
20762
20762
20787
20787
20787
20775
20787
20800
20837
20900
20962
21025
21087
21150
21212
21250
21287
21300
21312
21300
21312
21312
21350
21387
21450
21487
21500
21512
21525
21512
21500
21512
21500
21462
21425
21387
21350
21312
21312
21300
21312
21300
21312
21300
21287
21250
21212
21175
21137
21125
21100
21100
21075
21075
21050
21062
21050
21062
21050
21037
21025
21012
21000
20987
20975
20962
20950
20937
20925
20937
20925
20937
20925
20937
20950
20962
20975
20987
20975
20962
20975
20962
20950
20962
20950
20937
20925
20937
20925
20937
20925
20937
20950
20962
20950
20962
20950
20937
20925
20937
20925
20937
20925
20937
20925
20937
20950
20987
21025
21087
21150
21212
21262
21325
21387
21425
21462
21475
21487
21475
21487
21475
21487
21475
21487
21500
21512
21525
21562
21600
21612
21650
21662
21675
21662
21650
21637
21625
21612
21600
21587
21550
21512
21450
21412
21375
21362
21375
21387
21400
21412
21425
21412
21425
21412
21400
21387
21375
21337
21325
21312
21312
21300
21312
21300
21312
21300
21312
21300
21287
21275
21262
21250
21237
21250
21225
21225
21225
21225
21225
21237
21250
21237
21250
21237
21250
21237
21250
21237
21225
21212
21200
21187
21200
21212
21225
21237
21250
21262
21275
21287
21300
21312
21300
21312
21300
21312
21300
21312
21300
21312
21300
21312
21300
21312
21300
21312
21300
21312
21300
21287
21275
21287
21275
21287
21312
21325
21337
21375
21412
21450
21512
21575
21637
21700
21750
21812
21850
21887
21900
21912
21900
21912
21900
21912
21925
21937
21925
21937
21925
21912
21900
21912
21925
21937
21950
21987
22000
21987
21975
21937
21875
21812
21750
21725
21687
21650
21637
21612
21600
21587
21600
21612
21637
21650
21662
21675
21662
21650
21637
21625
21587
21575
21562
21525
21512
21487
21462
21437
21412
21362
21350
21312
21312
21300
21312
21300
21287
21275
21262
21250
21237
21225
21212
21200
21187
21175
21187
21175
21162
21150
21137
21125
21112
21125
21112
21125
21112
21125
21112
21125
21112
21125
21112
21100
21087
21075
21037
21000
20987
20950
20937
20925
20937
20925
20937
20925
20937
20925
20937
20925
20912
20900
20887
20875
20887
20900
20912
20950
20987
21000
21037
21075
21112
21150
21212
21262
21325
21362
21400
21412
21425
21412
21425
21412
21400
21387
21375
21362
21350
21362
21375
21387
21400
21412
21425
21437
21450
21462
21475
21487
21475
21487
21475
21487
21475
21462
21425
21412
21375
21337
21300
21287
21262
21250
21237
21225
21187
21175
21137
21137
21137
21137
21137
21137
21100
21062
21025
20962
20900
20862
20825
20812
20800
20812
20800
20812
20800
20812
20800
20812
20800
20812
20800
20787
20775
20762
20762
20750
20762
20750
20737
20725
20712
20700
20687
20675
20662
20650
20637
20650
20662
20675
20687
20675
20662
20675
20662
20675
20687
20700
20687
20700
20712
20737
20775
20850
20925
20975
21025
21075
21112
21150
21212
21250
21287
21300
21312
21300
21287
21275
21262
21250
21262
21287
21300
21337
21350
21362
21350
21362
21350
21337
21325
21312
21287
21250
21237
21200
21187
21175
21187
21200
21212
21200
21187
21150
21112
21075
21062
21050
21037
21025
21012
21000
20987
20975
20962
20950
20937
20925
20937
20925
20912
20900
20887
20887
20887
20912
20912
20937
20925
20937
20925
20937
20925
20912
20900
20887
20875
20862
20875
20862
20875
20862
20875
20862
20875
20862
20875
20887
20900
20912
20925
20937
20925
20937
20950
20962
20950
20962
20950
20937
20925
20937
20925
20937
20925
20937
20950
20987
21025
21087
21150
21212
21262
21325
21387
21450
21487
21525
21562
21575
21562
21575
21562
21525
21512
21500
21487
21475
21487
21500
21537
21550
21587
21625
21637
21650
21662
21675
21662
21650
21637
21625
21612
21600
21587
21575
21562
21525
21487
21475
21437
21400
21387
21375
21362
21375
21387
21375
21362
21350
21312
21287
21275
21262
21225
21212
21200
21187
21175
21187
21175
21162
21150
21137
21100
21087
21075
21037
21025
21012
21000
20987
20975
20962
20975
20962
20950
20962
20950
20937
20925
20937
20925
20937
20925
20937
20925
20912
20900
20887
20875
20862
20875
20862
20875
20862
20875
20862
20875
20862
20875
20862
20875
20862
20875
20862
20875
20887
20925
20962
21037
21087
21137
21187
21237
21262
21300
21337
21350
21362
21350
21362
21350
21362
21375
21387
21400
21437
21450
21462
21500
21537
21550
21587
21600
21612
21600
21612
21600
21587
21550
21512
21450
21412
21375
21362
21350
21362
21350
21362
21375
21387
21375
21387
21375
21362
21350
21337
21325
21312
21312
21300
21312
21300
21287
21275
21262
21250
21237
21225
21212
21200
21187
21175
21187
21175
21187
21175
21162
21150
21137
21125
21112
21125
21112
21125
21112
21125
21112
21125
21112
21125
21112
21125
21112
21125
21112
21125
21112
21125
21112
21100
21087
21075
21062
21050
21062
21050
21062
21050
21062
21075
21112
21150
21212
21262
21325
21387
21425
21462
21500
21537
21550
21562
21575
21587
21600
21612
21650
21662
21675
21662
21675
21687
21700
21687
21700
21687
21675
21662
21675
21662
21650
21612
21575
21537
21500
21487
21500
21537
21550
21587
21600
21612
21600
21612
21600
21587
21575
21562
21550
21537
21525
21512
21500
21462
21450
21437
21425
21412
21400
21387
21375
21337
21325
21312
21312
21300
21287
21275
21262
21250
21237
21250
21237
21250
21237
21250
21225
21225
21200
21200
21175
21162
21150
21137
21125
21112
21125
21112
21125
21112
21125
21112
21100
21087
21075
21062
21050
21037
21037
21037
21037
21037
21062
21050
21062
21050
21062
21050
21062
21050
21062
21050
21062
21050
21037
21025
21037
21025
21037
21050
21062
21075
21087
21112
21137
21162
21187
21237
21262
21325
21387
21425
21437
21425
21412
21375
21362
21375
21387
21400
21412
21437
21437
21462
21487
21512
21525
21537
21525
21512
21500
21462
21450
21437
21400
21362
21350
21312
21287
21250
21212
21150
21087
21025
20987
20950
20937
20925
20937
20925
20912
20900
20887
20850
20837
20825
20812
20800
20787
20775
20762
20762
20750
20737
20725
20737
20725
20737
20750
20762
20750
20737
20725
20712
20700
20687
20700
20687
20675
20662
20650
20637
20625
20612
20600
20587
20575
20562
20575
20562
20550
20537
20550
20537
20550
20562
20550
20537
20525
20487
20475
20462
20450
20437
20450
20437
20450
20437
20450
20462
20475
20487
20500
20487
20475
20462
20450
20437
20425
20412
20425
20412
20425
20462
20500
20537
20575
20612
20650
20687
20712
20775
20837
20900
20937
20975
20987
21000
20987
21000
20987
21000
20975
20987
20975
20987
20975
21000
21012
21050
21062
21100
21137
21175
21187
21225
21237
21250
21237
21250
21237
21250
21237
21250
21237
21225
21187
21175
21137
21100
21062
21050
21012
21000
20987
21000
20987
21000
20987
21000
20987
20975
20962
20950
20937
20925
20912
20900
20887
20875
20862
20875
20862
20850
20837
20825
20812
20800
20812
20800
20812
20800
20812
20800
20812
20800
20812
20800
20812
20800
20787
20775
20762
20762
20750
20762
20750
20762
20750
20737
20725
20712
20700
20687
20700
20687
20700
20687
20700
20687
20700
20687
20712
20712
20712
20712
20712
20700
20687
20700
20687
20700
20687
20700
20687
20700
20687
20700
20687
20700
20687
20700
20687
20700
20687
20675
20662
20650
20637
20625
20637
20625
20637
20625
20637
20650
20687
20712
20775
20837
20900
20962
21000
21050
21075
21112
21125
21162
21162
21187
21200
21237
21250
21287
21300
21312
21300
21312
21300
21312
21300
21312
21300
21287
21250
21237
21187
21137
21112
21112
21087
21100
21112
21125
21112
21100
21087
21075
21037
21025
21012
20975
20962
20950
20937
20925
20912
20900
20887
20875
20862
20850
20837
20825
20787
20775
20762
20762
20750
20762
20762
20775
20787
20800
20812
20800
20787
20775
20762
20762
20750
20762
20750
20762
20750
20762
20750
20762
20750
20762
20750
20762
20762
20775
20762
20775
20762
20762
20762
20787
20812
20837
20850
20887
20925
20962
21025
21087
21150
21212
21262
21300
21312
21325
21312
21287
21275
21262
21250
21262
21275
21287
21300
21312
21312
21325
21337
21350
21362
21350
21362
21350
21362
21350
21337
21325
21312
21287
21250
21212
21150
21087
21050
21012
21000
20987
21000
21012
21025
21037
21050
21062
21050
21062
21050
21037
21025
21012
21000
20987
20975
20962
20950
20937
20925
20937
20925
20912
20900
20887
20875
20862
20850
20837
20825
20812
20800
20812
20800
20812
20800
20812
20800
20812
20800
20812
20800
20812
20787
20787
20787
20787
20762
20775
20762
20762
20750
20762
20750
20762
20750
20762
20750
20762
20750
20762
20750
20762
20762
20775
20787
20800
20787
20750
20737
20737
20725
20737
20750
20762
20750
20762
20762
20800
20837
20900
20962
21000
21037
21075
21112
21150
21187
21225
21237
21250
21237
21250
21237
21225
21212
21200
21162
21150
21137
21125
21112
21125
21137
21150
21162
21175
21200
21225
21250
21275
21300
21312
21312
21350
21362
21400
21412
21425
21412
21400
21387
21375
21337
21300
21287
21262
21250
21237
21250
21262
21275
21287
21300
21312
21300
21312
21300
21287
21275
21262
21250
21237
21225
21212
21200
21200
21200
21200
21200
21200
21187
21175
21187
21175
21187
21175
21187
21175
21187
21175
21162
21150
21137
21125
21112
21125
21112
21125
21112
21100
21087
21075
21062
21075
21087
21100
21112
21125
21112
21125
21112
21125
21112
21125
21112
21100
21087
21075
21062
21050
21037
21025
21037
21025
21037
21050
21062
21050
21062
21050
21062
21050
21062
21075
21087
21075
21087
21075
21062
21050
21062
21050
21062
21075
21112
21125
21162
21200
21237
21262
21325
21387
21450
21512
21550
21562
21575
21562
21525
21512
21500
21487
21500
21537
21550
21587
21600
21612
21600
21612
21600
21612
21600
21587
21575
21562
21525
21487
21475
21425
21400
21400
21400
21400
21412
21425
21412
21400
21387
21375
21337
21325
21312
21312
21300
21312
21300
21287
21275
21262
21250
21237
21250
21237
21250
21237
21250
21237
21250
21237
21250
21237
21225
21212
21200
21162
21150
21137
21125
21112
21125
21112
21125
21112
21125
21112
21125
21112
21125
21112
21100
21087
21075
21062
21050
21037
21000
20987
20950
20937
20925
20937
20912
20912
20887
20887
20862
20875
20862
20850
20837
20825
20812
20800
20812
20800
20812
20825
20862
20900
20962
21025
21087
21150
21212
21250
21287
21300
21287
21275
21262
21250
21225
21225
21225
21225
21225
21237
21250
21262
21275
21287
21312
21325
21337
21350
21362
21350
21362
21350
21337
21325
21312
21287
21275
21262
21225
21212
21200
21162
21125
21112
21075
21037
21025
21012
21000
20987
21000
21012
21025
21037
21050
21037
21000
20962
20900
20862
20825
20812
20800
20787
20775
20762
20762
20750
20762
20750
20762
20750
20737
20725
20712
20700
20687
20700
20687
20700
20687
20700
20687
20700
20687
20700
20687
20675
20662
20650
20637
20625
20637
20625
20637
20625
20612
20600
20587
20550
20537
20525
20512
20500
20512
20500
20512
20500
20512
20500
20512
20525
20537
20550
20562
20575
20587
20625
20662
20712
20775
20837
20900
20962
21025
21062
21100
21112
21125
21112
21100
21087
21075
21037
21025
21012
21000
21012
21050
21062
21075
21087
21100
21087
21100
21112
21125
21112
21125
21112
21125
21112
21125
21112
21125
21112
21125
21112
21100
21062
21025
20962
20925
20887
20875
20887
20900
20912
20925
20937
20925
20912
20900
20887
20875
20862
20850
20837
20825
20812
20800
20812
20800
20812
20800
20812
20800
20787
20775
20762
20762
20750
20762
20750
20737
20725
20712
20700
20687
20700
20687
20700
20687
20700
20687
20700
20687
20700
20687
20700
20687
20700
20712
20725
20712
20725
20712
20700
20687
20700
20687
20700
20687
20700
20687
20700
20687
20675
20662
20650
20637
20650
20662
20675
20712
20737
20787
20862
20937
21012
21087
21150
21212
21250
21287
21300
21312
21300
21287
21275
21262
21250
21262
21287
21300
21337
21375
21387
21400
21412
21425
21412
21425
21412
21400
21362
21325
21262
21212
21175
21137
21125
21112
21125
21112
21125
21112
21125
21112
21100
21087
21075
21037
21000
20987
20950
20937
20925
20912
20900
20887
20875
20862
20875
20862
20875
20862
20850
20837
20825
20812
20800
20812
20800
20787
20775
20762
20762
20750
20762
20750
20762
20750
20762
20750
20762
20762
20775
20787
20800
20812
20800
20812
20825
20837
20850
20862
20875
20862
20875
20862
20875
20862
20875
20862
20875
20887
20900
20912
20950
20987
21025
21087
21150
21212
21262
21325
21387
21425
21437
21425
21387
21350
21337
21325
21337
21375
21412
21425
21462
21500
21512
21525
21562
21575
21587
21600
21612
21600
21587
21575
21562
21525
21487
21450
21412
21375
21362
21350
21362
21350
21362
21350
21362
21350
21362
21350
21337
21325
21312
21287
21250
21237
21200
21187
21175
21162
21150
21137
21125
21137
21150
21137
21125
21112
21100
21087
21100
21112
21125
21112
21125
21100
21100
21075
21075
21075
21087
21100
21112
21125
21112
21125
21112
21125
21112
21125
21112
21100
21087
21075
21062
21050
21037
21025
21012
21000
21012
21025
21037
21075
21087
21100
21112
21125
21112
21125
21137
21175
21212
21262
21325
21387
21450
21512
21575
21637
21675
21712
21750
21762
21775
21787
21800
21787
21775
21762
21750
21712
21700
21687
21675
21687
21700
21712
21750
21762
21775
21787
21800
21787
21800
21787
21800
21787
21800
21787
21775
21737
21700
21662
21625
21612
21600
21612
21600
21612
21600
21587
21575
21562
21550
21537
21525
21512
21500
21487
21475
21487
21475
21487
21475
21487
21475
21487
21475
21487
21475
21487
21475
21487
21475
21487
21475
21462
21450
21437
21425
21412
21425
21412
21425
21412
21400
21387
21375
21362
21350
21362
21350
21362
21350
21362
21350
21362
21337
21337
21337
21337
21337
21350
21362
21350
21337
21325
21337
21325
21312
21325
21312
21312
21312
21337
21337
21337
21325
21312
21312
21300
21312
21300
21312
21300
21312
21300
21312
21300
21312
21300
21312
21300
21312
21312
21350
21387
21450
21512
21575
21637
21700
21737
21750
21762
21737
21712
21687
21687
21687
21700
21712
21750
21762
21775
21800
21812
21825
21862
21862
21862
21887
21887
21887
21900
21912
21900
21912
21900
21887
21850
21837
21800
21775
21762
21775
21775
21787
21825
21837
21850
21837
21825
21787
21775
21750
21712
21700
21687
21650
21637
21625
21587
21575
21562
21550
21537
21525
21512
21500
21487
21475
21487
21475
21462
21450
21437
21425
21412
21425
21412
21425
21412
21400
21387
21375
21362
21350
21337
21325
21312
21312
21300
21287
21275
21262
21250
21262
21262
21262
21262
21237
21225
21225
21225
21225
21250
21262
21275
21262
21275
21262
21250
21237
21250
21237
21250
21262
21287
21325
21387
21450
21512
21550
21587
21625
21662
21675
21712
21750
21762
21750
21762
21750
21712
21700
21687
21675
21662
21675
21687
21700
21712
21725
21712
21675
21662
21625
21612
21587
21587
21562
21562
21537
21525
21487
21450
21387
21362
21337
21312
21312
21312
21312
21300
21312
21300
21312
21300
21287
21250
21237
21200
21162
21150
21162
21150
21137
21150
21137
21125
21112
21125
21112
21100
21087
21075
21062
21050
21062
21050
21037
21025
21037
21025
21037
21050
21062
21050
21062
21050
21037
21037
21037
21037
21037
21037
21025
21012
21000
20987
20975
20962
20950
20937
20925
20912
20900
20887
20875
20862
20875
20862
20875
20862
20850
20837
20825
20812
20800
20812
20825
20862
20900
20962
21025
21087
21150
21212
21237
21275
21300
21312
21300
21325
21312
21312
21300
21312
21312
21325
21337
21375
21387
21400
21412
21425
21412
21425
21412
21425
21412
21425
21412
21425
21412
21400
21362
21325
21287
21262
21250
21237
21225
21212
21225
21212
21200
21212
21200
21187
21175
21162
21150
21137
21125
21112
21125
21112
21100
21087
21075
21062
21050
21062
21050
21062
21050
21062
21050
21037
21025
21012
21000
20987
21000
20987
21000
20987
21000
20987
20975
20962
20950
20937
20925
20937
20925
20937
20925
20937
20925
20912
20900
20887
20875
20862
20875
20862
20875
20862
20875
20862
20875
20862
20850
20837
20825
20812
20825
20837
20850
20862
20875
20862
20875
20887
20900
20912
20925
20937
20925
20937
20925
20937
20925
20937
20925
20912
20900
20887
20875
20862
20875
20862
20875
20862
20875
20887
20925
20962
21025
21087
21150
21212
21262
21325
21362
21400
21437
21450
21462
21475
21462
21450
21437
21400
21362
21350
21312
21312
21312
21325
21337
21350
21362
21350
21362
21350
21337
21325
21312
21287
21250
21212
21150
21112
21100
21087
21100
21112
21125
21112
21125
21112
21125
21112
21100
21087
21075
21037
21025
21012
21000
20987
21000
20987
20975
20962
20950
20937
20925
20937
20925
20912
20900
20887
20850
20837
20825
20787
20775
20762
20762
20750
20762
20750
20762
20750
20762
20750
20737
20725
20700
20687
20675
20687
20675
20700
20687
20700
20687
20700
20687
20700
20687
20700
20687
20700
20687
20700
20687
20700
20687
20700
20687
20700
20687
20700
20687
20700
20687
20700
20687
20700
20687
20700
20687
20700
20687
20700
20712
