142.1635
142.3147
142.5446
142.8531
143.2402
143.7060
144.1709
144.6349
145.0981
145.5604
146.0219
146.4825
146.9422
147.4011
147.5684
147.4441
147.0283
146.3210
145.3220
144.0315
142.4495
140.5759
138.7040
136.8339
134.9655
133.0988
131.2338
129.3706
127.5091
125.6493
124.0581
122.7354
121.6813
120.8958
120.3788
120.1304
120.1506
120.4393
120.4960
120.3207
119.9133
119.2738
118.4023
117.2988
115.9632
114.3955
113.0440
111.9085
110.9892
110.2860
109.7988
109.5278
109.4728
109.6340
109.6653
109.5666
109.3380
108.9795
108.4911
107.8728
107.1245
106.2463
105.3056
104.3024
103.2366
102.1083
100.9175
99.6641
98.3481
96.9697
95.6620
94.4250
93.2588
92.1633
91.1386
90.1846
89.3014
88.4890
87.5367
86.4447
85.2129
83.8412
82.3298
80.6786
78.8876
76.9567
75.2434
73.7477
72.4694
71.4086
70.5654
69.9396
69.5314
69.3407
69.1893
69.0774
69.0049
68.9717
68.9780
69.0236
69.1087
69.2331
69.2229
69.0779
68.7982
68.3839
67.8349
67.1511
66.3327
65.3795
64.8856
64.8510
65.2755
66.1593
67.5024
69.3047
71.5662
74.2869
76.6868
78.7657
80.5237
81.9609
83.0771
83.8724
84.3468
84.5003
84.7961
85.2343
85.8148
86.5376
87.4028
88.4104
89.5602
90.8525
91.9528
92.8612
93.5776
94.1022
94.4348
94.5756
94.5244
94.2813
94.1131
94.0198
94.0014
94.0578
94.1891
94.3953
94.6764
95.0324
95.2759
95.4070
95.4256
95.3317
95.1254
94.8066
94.3753
93.8316
93.2499
92.6303
91.9728
91.2774
90.5440
89.7727
88.9635
88.1163
87.3659
86.7121
86.1550
85.6946
85.3309
85.0639
84.8935
84.8199
84.1794
82.9720
81.1977
78.8565
75.9485
72.4736
68.4318
63.8231
62.3629
64.0512
68.8881
76.8735
88.0073
102.2897
119.7206
140.3000
155.7889
166.1873
171.4952
171.7126
171.1656
169.8540
167.7781
164.9376
162.4438
160.2967
158.4962
157.0423
155.9351
155.1746
154.7607
154.6934
154.6019
154.4860
154.3458
154.1814
153.9926
153.7795
153.5421
153.2803
153.0635
152.8916
152.7646
152.6825
152.6453
152.6530
152.7056
152.8032
152.9370
153.1071
153.3135
153.5562
153.8351
154.1504
154.5020
154.8899
155.1443
155.2653
155.2528
155.1069
154.8275
154.4147
153.8684
153.1887
152.4519
151.6580
150.8070
149.8988
148.9336
147.9113
146.8319
145.6954
144.5044
143.2590
141.9591
140.6048
139.1960
137.7327
136.2150
134.6429
133.2050
131.9012
130.7317
129.6964
128.7953
128.0284
127.3957
126.8972
126.5563
126.3728
126.3469
126.4786
126.7677
127.2144
127.8186
128.5803
129.2067
129.6978
130.0536
130.2741
130.3593
130.3092
130.1238
129.8031
129.7364
129.9236
130.3648
131.0600
132.0091
133.2122
134.6693
136.3803
138.0095
139.5570
141.0227
142.4066
143.7087
144.9290
146.0675
147.1242
148.2863
149.5536
150.9263
152.4043
153.9876
155.6763
157.4702
159.3695
160.9584
162.2369
163.2050
163.8628
164.2102
164.2472
163.9739
163.3902
162.8507
162.3553
161.9042
161.4973
161.1346
160.8160
160.5417
160.3116
159.8035
159.0175
157.9536
156.6118
154.9921
153.0944
150.9188
148.4653
146.1559
143.9905
141.9693
140.0920
138.3589
136.7698
135.3248
134.0239
132.6399
131.1728
129.6227
127.9894
126.2731
124.4737
122.5912
120.6256
118.7612
116.9979
115.3358
113.7749
112.3151
110.9565
109.6991
108.5428
107.3768
106.2013
105.0161
103.8213
102.6169
101.4029
100.1792
98.9459
97.7948
96.7259
95.7393
94.8348
94.0126
93.2726
92.6148
92.0393
91.3483
90.5419
89.6200
88.5828
87.4300
86.1619
84.7783
83.2793
81.9280
80.7242
79.6681
78.7597
77.9989
77.3857
76.9202
76.6023
76.2756
75.9399
75.5954
75.2420
74.8797
74.5085
74.1285
73.7396
73.6855
73.9664
74.5821
75.5327
76.8182
78.4385
80.3938
82.6839
84.8799
86.9818
88.9896
90.9033
92.7229
94.4484
96.0799
97.6172
99.1085
100.5539
101.9533
103.3068
104.6143
105.8758
107.0913
108.2609
109.1587
109.7846
110.1387
110.2209
110.0314
109.5700
108.8367
107.8316
106.9145
106.0852
105.3438
104.6902
104.1246
103.6469
103.2571
102.9551
102.7381
102.6061
102.5590
102.5969
102.7198
102.9276
103.2204
103.5981
104.4389
105.7427
107.5094
109.7392
112.4319
115.5877
119.2065
123.2882
127.0325
130.4394
133.5087
136.2406
138.6350
140.6919
142.4113
143.7933
145.1589
146.5081
147.8410
149.1576
150.4578
151.7416
153.0091
154.2602
155.3520
156.2845
157.0577
157.6716
158.1261
158.4213
158.5572
158.5337
158.2565
157.7253
156.9404
155.9016
154.6089
153.0624
151.2621
149.2079
147.2204
145.2996
143.4454
141.6579
139.9370
138.2828
136.6952
135.1744
133.7850
132.5271
131.4007
130.4058
129.5424
128.8106
128.2102
127.7413
127.2805
126.8278
126.3831
125.9465
125.5179
125.0975
124.6850
124.2807
123.7658
123.1403
122.4043
121.5578
120.6006
119.5330
118.3547
117.0659
115.9456
114.9936
114.2101
113.5951
113.1485
112.8703
112.7605
112.8192
113.0216
113.3677
113.8576
114.4911
115.2685
116.1895
117.2543
118.4627
119.5842
120.6187
121.5662
122.4266
123.2001
123.8866
124.4860
124.9984
125.2851
125.3460
125.1811
124.7905
124.1741
123.3319
122.2640
120.9703
119.5903
118.1241
116.5716
114.9329
113.2079
111.3967
109.4992
107.5154
105.7810
104.2960
103.0603
102.0739
101.3369
100.8493
100.6111
100.6221
100.7952
101.1303
101.6274
102.2865
103.1076
104.0907
105.2358
106.5429
108.0285
109.6926
111.5352
113.5563
115.7559
118.1340
120.6906
123.4257
125.6977
127.5064
128.8521
129.7345
130.1538
130.1100
129.6030
128.6328
127.6889
126.7712
125.8799
125.0147
124.1759
123.3633
122.5770
121.8170
121.1960
120.7142
120.3714
120.1678
120.1032
120.1778
120.3914
120.7442
121.0268
121.2394
121.3818
121.4542
121.4564
121.3886
121.2506
121.0425
120.8276
120.6058
120.3771
120.1416
119.8992
119.6499
119.3938
119.1308
118.9050
118.7164
118.5651
118.4510
118.3741
118.3345
118.3321
118.3670
118.4099
118.4610
118.5202
118.5875
118.6629
118.7464
118.8381
118.9379
119.0526
119.1822
119.3268
119.4863
119.6608
119.8502
120.0545
120.2738
120.4419
120.5588
120.6245
120.6391
120.6026
120.5148
120.3759
120.1858
120.1665
120.3178
120.6399
121.1327
121.7962
122.6304
123.6353
124.8109
125.9140
126.9447
127.9028
128.7884
129.6015
130.3421
131.0103
131.6059
132.2036
132.8035
133.4055
134.0096
134.6159
135.2242
135.8347
136.4474
136.7081
136.6169
136.1738
135.3787
134.2317
132.7328
130.8820
128.6792
126.8139
125.2861
124.0957
123.2428
122.7274
122.5494
122.7089
123.2059
123.4648
123.4856
123.2684
122.8131
122.1198
121.1884
120.0189
118.6114
117.4956
116.6716
116.1394
115.8990
115.9504
116.2935
116.9284
117.8551
118.4465
118.7024
118.6229
118.2081
117.4579
116.3722
114.9512
113.1949
111.6670
110.3677
109.2969
108.4547
107.8410
107.4558
107.2992
107.3711
107.3133
107.1258
106.8086
106.3616
105.7849
105.0785
104.2424
103.2765
102.8410
102.9358
103.5609
104.7163
106.4021
108.6181
111.3646
114.6413
117.5668
120.1411
122.3643
124.2362
125.7570
126.9265
127.7449
128.2120
128.6294
128.9972
129.3152
129.5834
129.8020
129.9709
130.0900
130.1595
130.1539
130.0733
129.9178
129.6872
129.3816
129.0010
128.5454
128.0148
127.5706
127.2129
126.9415
126.7566
126.6581
126.6459
126.7203
126.8810
126.9903
127.0483
127.0549
127.0102
126.9140
126.7665
126.5676
126.3174
126.1422
126.0421
126.0171
126.0672
126.1924
126.3926
126.6680
127.0184
127.3175
127.5653
127.7618
127.9069
128.0008
128.0434
128.0346
127.9745
128.0281
128.1954
128.4764
128.8710
129.3793
130.0012
130.7369
131.5861
132.3216
132.9431
133.4507
133.8444
134.1243
134.2902
134.3423
134.2804
134.3468
134.5415
134.8645
135.3156
135.8951
136.6028
137.4388
138.4030
138.9744
139.1530
138.9388
138.3319
137.3321
135.9396
134.1542
131.9761
130.2450
128.9611
128.1243
127.7346
127.7920
128.2965
129.2481
130.6468
131.5217
131.8729
131.7003
131.0038
129.7836
128.0396
125.7718
122.9803
120.6277
118.7140
117.2393
116.2035
115.6067
115.4489
115.7300
116.4500
116.9936
117.3608
117.5514
117.5656
117.4034
117.0646
116.5494
115.8578
115.1864
114.5353
113.9044
113.2938
112.7034
112.1333
111.5835
111.0539
110.4378
109.7351
108.9458
108.0700
107.1076
106.0586
104.9230
103.7008
102.5778
101.5538
100.6288
99.8030
99.0761
98.4484
97.9197
97.4901
96.7957
95.8365
94.6125
93.1236
91.3700
89.3515
87.0683
84.5202
82.2377
80.2208
78.4695
76.9838
75.7637
74.8091
74.1202
73.6968
73.1299
72.4196
71.5658
70.5685
69.4277
68.1434
66.7157
65.1445
63.9057
62.9993
62.4254
62.1839
62.2749
62.6983
63.4542
64.5424
65.8644
67.4202
69.2097
71.2329
73.4898
75.9805
78.7049
81.6630
84.6224
87.5830
90.5449
93.5080
96.4724
99.4381
102.4050
105.3732
107.9565
110.1551
111.9688
113.3977
114.4418
115.1011
115.3756
115.2653
115.2528
115.3379
115.5208
115.8015
116.1799
116.6560
117.2299
117.9015
118.8796
120.1642
121.7552
123.6527
125.8567
128.3672
131.1842
134.3076
137.5901
141.0316
144.6321
148.3916
152.3102
156.3878
160.6244
165.0200
168.8423
172.0913
174.7670
176.8693
178.3984
179.3541
179.7365
179.5455
179.2739
178.9217
178.4888
177.9752
177.3810
176.7061
175.9506
175.1145
174.2969
173.4980
172.7177
171.9561
171.2130
170.4886
169.7829
169.0957
168.4005
167.6971
166.9856
166.2660
165.5382
164.8024
164.0584
163.3063
162.4574
161.5117
160.4691
159.3297
158.0935
156.7605
155.3307
153.8040
152.2553
150.6848
149.0922
147.4777
145.8412
144.1828
142.5024
140.8000
139.0761
137.3305
135.5634
133.7747
131.9643
130.1324
128.2789
126.4038
124.7176
123.2203
121.9119
120.7925
119.8620
119.1204
118.5678
118.2040
117.7858
117.3130
116.7857
116.2039
115.5676
114.8768
114.1315
113.3316
112.5235
111.7071
110.8825
110.0495
109.2083
108.3588
107.5011
106.6351
105.8722
105.2124
104.6558
104.2022
103.8518
103.6046
103.4604
103.4194
103.2947
103.0863
102.7943
102.4185
101.9591
101.4160
100.7892
100.0788
99.4357
98.8599
98.3514
97.9103
97.5366
97.2301
96.9910
96.8193
96.5747
96.2574
95.8673
95.4044
94.8688
94.2604
93.5792
92.8252
92.2998
92.0029
91.9345
92.0947
92.4834
93.1007
93.9465
95.0208
96.0740
97.1060
98.1168
99.1064
100.0749
101.0222
101.9483
102.8533
104.1131
105.7276
107.6970
110.0212
112.7003
115.7341
119.1227
122.8662
126.0716
128.7389
130.8681
132.4592
133.5123
134.0272
134.0041
133.4429
132.9486
132.5211
132.1605
131.8667
131.6398
131.4797
131.3865
131.3601
131.3422
131.3325
131.3313
131.3384
131.3539
131.3777
131.4099
131.4505
131.6339
131.9600
132.4289
133.0405
133.7950
134.6922
135.7322
136.9149
138.0568
139.1577
140.2179
141.2371
142.2154
143.1529
144.0495
144.9052
145.6203
146.1947
146.6285
146.9217
147.0742
147.0861
146.9574
146.6880
146.3352
145.8989
145.3791
144.7759
144.0893
143.3192
142.4657
141.5287
140.5472
139.5212
138.4508
137.3359
136.1765
134.9727
133.7244
132.4316
131.1391
129.8471
128.5554
127.2641
125.9732
124.6827
123.3925
122.1028
120.8156
119.5310
118.2490
116.9696
115.6928
114.4187
113.1471
111.8781
110.7484
109.7580
108.9070
108.1952
107.6228
107.1896
106.8958
106.7413
106.5222
106.2386
105.8903
105.4775
105.0001
104.4582
103.8516
103.1805
102.5579
101.9836
101.4579
100.9806
100.5517
100.1713
99.8393
99.5558
99.2675
98.9743
98.6763
98.3734
98.0657
97.7531
97.4357
97.1135
96.8007
96.4974
96.2036
95.9193
95.6444
95.3791
95.1232
94.8768
94.6050
94.3077
93.9849
93.6367
93.2630
92.8639
92.4393
91.9893
91.5055
90.9879
90.4365
89.8512
89.2323
88.5795
87.8929
87.1725
86.4932
85.8550
85.2580
84.7020
84.1871
83.7133
83.2807
82.8891
82.6648
82.6078
82.7182
82.9958
83.4407
84.0529
84.8325
85.7793
86.9401
88.3148
89.9035
91.7062
93.7229
95.9535
98.3981
101.0567
103.7941
106.6102
109.5051
112.4789
115.5314
118.6627
121.8728
125.1617
127.9251
130.1631
131.8756
133.0627
133.7243
133.8605
133.4712
132.5565
131.7038
130.9132
130.1845
129.5179
128.9133
128.3707
127.8901
127.4716
127.0590
126.6525
126.2521
125.8576
125.4692
125.0867
124.7103
124.3399
124.1672
124.1920
124.4145
124.8346
125.4523
126.2676
127.2805
128.4910
129.5375
130.4198
131.1380
131.6921
132.0821
132.3080
132.3698
132.2675
132.6505
133.5188
134.8724
136.7113
139.0355
141.8450
145.1398
148.9199
152.3235
155.3504
158.0007
160.2744
162.1715
163.6921
164.8360
165.6033
166.0099
166.0557
165.7408
165.0652
164.0289
162.6318
160.8740
158.7554
156.7799
154.9475
153.2581
151.7118
150.3086
149.0484
147.9313
146.9572
145.9352
144.8653
143.7474
142.5815
141.3678
140.1060
138.7963
137.4387
136.1182
134.8348
133.5884
132.3792
131.2071
130.0721
128.9741
127.9133
126.8299
125.7239
124.5954
123.4442
122.2705
121.0743
119.8554
118.6140
117.4857
116.4705
115.5686
114.7797
114.1041
113.5415
113.0921
112.7559
112.4616
112.2093
111.9989
111.8305
111.7040
111.6194
111.5768
111.5761
111.5565
111.5179
111.4603
111.3838
111.2883
111.1738
111.0403
110.8879
110.7626
110.6646
110.5937
110.5500
110.5336
110.5443
110.5821
110.6472
110.6291
110.5278
110.3433
110.0757
109.7248
109.2908
108.7736
108.1732
107.5469
106.8948
106.2169
105.5131
104.7834
104.0279
103.2465
102.4393
101.7898
101.2979
100.9637
100.7872
100.7683
100.9071
101.2036
101.6578
101.9909
102.2031
102.2943
102.2645
102.1138
101.8420
101.4493
100.9355
101.3316
102.6376
104.8534
107.9791
112.0146
116.9599
122.8152
129.5802
135.4697
140.4835
144.6217
147.8843
150.2713
151.7826
152.4184
152.1785
151.8474
151.4252
150.9118
150.3073
149.6115
148.8246
147.9466
146.9773
146.0684
145.2197
144.4313
143.7032
143.0354
142.4279
141.8807
141.3938
140.7730
140.0183
139.1297
138.1072
136.9509
135.6607
134.2366
132.6786
131.3609
130.2835
129.4464
128.8496
128.4930
128.3767
128.5007
128.8650
128.9921
128.8822
128.5352
127.9510
127.1298
126.0714
124.7760
123.2435
121.8461
120.5840
119.4571
118.4654
117.6088
116.8875
116.3015
115.8506
115.4484
115.0950
114.7904
114.5344
114.3272
114.1688
114.0591
113.9981
113.9935
114.0452
114.1533
114.3178
114.5386
114.8158
115.1493
115.5392
115.8458
116.0691
116.2091
116.2658
116.2392
116.1293
115.9361
115.6596
115.4091
115.1847
114.9863
114.8139
114.6676
114.5473
114.4530
114.3848
114.2954
114.1850
114.0534
113.9007
113.7270
113.5321
113.3161
113.0790
112.8912
112.7527
112.6635
112.6237
112.6332
112.6920
112.8001
112.9575
113.1446
113.3612
113.6075
113.8834
114.1890
114.5241
114.8889
115.2833
115.6130
115.8782
116.0788
116.2147
116.2861
116.2928
116.2350
116.1125
116.0058
115.9148
115.8395
115.7799
115.7360
115.7079
115.6955
115.6988
115.7014
115.7034
115.7047
115.7053
115.7052
115.7045
115.7031
115.7010
115.6616
115.5848
115.4708
115.3193
115.1306
114.9045
114.6411
114.3403
113.9830
113.5691
113.0987
112.5717
111.9881
111.3480
110.6513
109.8981
109.0854
108.2132
107.2815
106.2903
105.2397
104.1296
102.9600
101.7309
100.6811
99.8105
99.1192
98.6071
98.2743
98.1207
98.1463
98.3512
99.0656
100.2895
102.0229
104.2658
107.0183
110.2802
114.0516
118.3326
122.3793
126.1918
129.7700
133.1140
136.2238
139.0993
141.7406
144.1477
146.2229
147.9664
149.3780
150.4579
151.2059
151.6222
151.7066
151.4593
150.9658
150.2261
149.2403
148.0083
146.5302
144.8058
142.8354
140.6187
138.6063
136.7981
135.1941
133.7944
132.5988
131.6075
130.8204
130.2375
129.6806
129.1497
128.6447
128.1658
127.7129
127.2859
126.8849
126.5100
126.1596
125.8338
125.5327
125.2562
125.0043
124.7770
124.5743
124.3963
124.1526
123.8435
123.4687
123.0284
122.5226
121.9512
121.3142
120.6117
120.0037
119.4902
119.0713
118.7470
118.5171
118.3819
118.3412
118.3950
118.4742
118.5787
118.7086
118.8639
119.0445
119.2505
119.4819
119.7386
119.9368
120.0766
120.1578
120.1805
120.1448
120.0505
119.8977
119.6865
119.3690
118.9452
118.4153
117.7791
117.0367
116.1880
115.2332
114.1721
113.2079
112.3406
111.5703
110.8969
110.3204
109.8409
109.4583
109.1726
108.8087
108.3666
107.8463
107.2478
106.5711
105.8161
104.9830
104.0717
103.2944
102.6512
102.1420
101.7668
101.5257
101.4186
101.4455
101.6065
101.7524
101.8831
101.9987
102.0992
102.1845
102.2548
102.3099
102.3499
102.3921
102.4366
102.4833
102.5322
102.5834
102.6369
102.6926
102.7505
102.8399
102.9606
103.1127
103.2962
103.5110
103.7573
104.0350
104.3440
104.5718
104.7183
104.7835
104.7675
104.6701
104.4916
104.2317
103.8906
103.5961
103.3483
103.1471
102.9925
102.8846
102.8233
102.8087
102.8407
102.8833
102.9365
103.0002
103.0745
103.1594
103.2549
103.3609
103.4775
103.6284
103.8136
104.0330
104.2867
104.5746
104.8968
105.2533
105.6440
106.3032
107.2308
108.4269
109.8913
111.6242
113.6255
115.8952
118.4334
121.4400
124.9150
128.8585
133.2704
138.1508
143.4996
149.3168
155.6025
161.0388
165.6258
169.3634
172.2516
174.2905
175.4800
175.8201
175.3109
174.7120
174.0235
173.2454
172.3776
171.4202
170.3731
169.2364
168.0101
166.7419
165.4318
164.0798
162.6859
161.2501
159.7724
158.2528
156.6914
155.2737
154.0000
152.8701
151.8840
151.0418
150.3434
149.7889
149.3783
148.8816
148.2990
147.6304
146.8758
146.0352
145.1087
144.0961
142.9976
141.8734
140.7235
139.5479
138.3466
137.1195
135.8668
134.5884
133.2843
132.0879
130.9990
130.0179
129.1443
128.3785
127.7202
127.1696
126.7267
126.2912
125.8633
125.4429
125.0299
124.6245
124.2266
123.8361
123.4532
123.1071
122.7978
122.5254
122.2897
122.0909
121.9289
121.8037
121.7153
121.5185
121.2133
120.7996
120.2775
119.6470
118.9080
118.0606
117.1048
116.1620
115.2324
114.3158
113.4124
112.5220
111.6448
110.7806
109.9295
109.0714
108.2061
107.3336
106.4541
105.5674
104.6736
103.7727
102.8647
102.0569
101.3493
100.7419
100.2348
99.8279
99.5212
99.3147
99.2085
99.0513
98.8433
98.5843
98.2745
97.9137
97.5021
97.0395
96.5260
96.0838
95.7130
95.4134
95.1851
95.0281
94.9424
94.9280
94.9849
95.0083
94.9982
94.9546
94.8775
94.7669
94.6228
94.4452
94.2341
94.0175
93.7954
93.5679
93.3348
93.0963
92.8523
92.6028
92.3479
92.1379
91.9729
91.8529
91.7780
91.7480
91.7631
91.8231
91.9281
91.9488
91.8850
91.7368
91.5042
91.1872
90.7858
90.3000
89.7297
89.1878
88.6742
88.1890
87.7320
87.3034
86.9030
86.5310
86.1873
86.1431
86.3982
86.9528
87.8067
88.9601
90.4129
92.1652
94.2168
96.7628
99.8031
103.3377
107.3666
111.8899
116.9074
122.4193
128.4255
133.6332
138.0424
141.6531
144.4652
146.4789
147.6940
148.1106
147.7287
147.2759
146.7522
146.1577
145.4922
144.7559
143.9487
143.0706
142.1217
141.1614
140.1900
139.2072
138.2132
137.2079
136.1914
135.1636
134.1246
133.3124
132.7272
132.3689
132.2375
132.3329
132.6553
133.2047
133.9809
134.7513
135.5159
136.2748
137.0279
137.7751
138.5166
139.2523
139.9822
140.6994
141.4040
142.0958
142.7750
143.4415
144.0953
144.7364
145.3648
146.0852
146.8974
147.8016
148.7978
149.8859
151.0659
152.3378
153.7016
154.8106
155.6646
156.2637
156.6078
156.6971
156.5314
156.1108
155.4353
154.7886
154.1709
153.5821
153.0222
152.4912
151.9890
151.5158
151.0715
150.3287
149.2873
147.9475
146.3091
144.3722
142.1368
139.6029
136.7705
134.2491
132.0388
130.1395
128.5512
127.2739
126.3077
125.6525
125.3083
124.8464
124.2667
123.5693
122.7541
121.8211
120.7704
119.6019
118.3156
117.0440
115.7870
114.5446
113.3168
112.1036
110.9050
109.7210
108.5517
107.4739
106.4875
105.5928
104.7895
104.0777
103.4575
102.9288
102.4916
102.0974
101.7462
101.4379
101.1726
100.9503
100.7709
100.6346
100.5412
100.4867
100.4711
100.4945
100.5568
100.6580
100.7982
100.9773
101.1953
101.3370
101.4025
101.3917
101.3046
101.1413
100.9016
100.5858
100.1936
99.8183
99.4600
99.1185
98.7940
98.4863
98.1956
97.9217
97.6647
97.3236
96.8981
96.3885
95.7946
95.1165
94.3541
93.5075
92.5767
91.9492
91.6251
91.6043
91.8869
92.4729
93.3621
94.5548
96.0507
97.9722
100.3190
103.0913
106.2890
109.9121
113.9607
118.4347
123.3341
128.0350
132.5372
136.8407
140.9457
144.8520
148.5598
152.0689
155.3794
158.0769
160.1614
161.6330
162.4915
162.7371
162.3698
161.3894
159.7961
158.2332
156.7008
155.1988
153.7273
152.2862
150.8756
149.4954
148.1457
146.9132
145.7979
144.7997
143.9188
143.1550
142.5084
141.9790
141.5668
141.1749
140.8032
140.4519
140.1208
139.8099
139.5194
139.2491
138.9991
138.3946
137.4354
136.1217
134.4535
132.4306
130.0532
127.3212
124.2346
121.5715
119.3317
117.5153
116.1223
115.1527
114.6065
114.4837
114.7843
114.9351
114.9361
114.7873
114.4887
114.0404
113.4422
112.6943
111.7966
111.0729
110.5233
110.1478
109.9464
109.9191
110.0658
110.3866
110.8815
111.4024
111.9493
112.5223
113.1213
113.7463
114.3974
115.0745
115.7777
116.2734
116.5616
116.6424
116.5158
116.1817
115.6402
114.8912
113.9348
113.0851
112.3421
111.7059
111.1764
110.7535
110.4375
110.2281
110.1255
109.9405
109.6731
109.3234
108.8914
108.3770
107.7802
107.1011
106.3397
105.7053
105.1981
104.8180
104.5650
104.4391
104.4403
104.5686
104.8241
105.0305
105.1879
105.2962
105.3555
105.3658
105.3271
105.2393
105.1024
104.9197
104.6911
104.4165
104.0961
103.7298
103.3175
102.8594
102.3553
101.9416
101.6183
101.3854
101.2429
101.1908
101.2290
101.3577
101.5767
101.7785
101.9630
102.1303
102.2803
102.4131
102.5286
102.6269
102.7080
102.7238
102.6743
102.5596
102.3797
102.1345
101.8241
101.4484
101.0075
100.6056
100.2429
99.9193
99.6347
99.3893
99.1829
99.0156
98.8874
98.6792
98.3910
98.0228
97.5746
97.0464
96.4381
95.7498
94.9816
94.8504
95.3565
96.4996
98.2799
100.6974
103.7519
107.4437
111.7726
116.3049
121.0407
125.9800
131.1227
136.4690
142.0186
147.7718
153.7284
158.4616
161.9714
164.2577
165.3206
165.1601
163.7761
161.1687
157.3378
153.8117
150.5901
147.6733
145.0611
142.7535
140.7507
139.0524
137.6589
136.3826
135.2236
134.1818
133.2573
132.4501
131.7602
131.1875
130.7321
130.2979
129.8850
129.4932
129.1227
128.7734
128.4453
128.1385
127.8528
127.6006
127.3819
127.1967
127.0449
126.9266
126.8417
126.7903
126.7724
126.7608
126.7556
126.7568
126.7643
126.7781
126.7983
126.8249
126.8578
126.9153
126.9974
127.1042
127.2355
127.3914
127.5719
127.7770
128.0067
128.3455
128.7936
129.3507
130.0171
130.7925
131.6772
132.6710
133.7739
134.7064
135.4683
136.0597
136.4806
136.7310
136.8109
136.7203
136.4591
136.1787
135.8791
135.5603
135.2222
134.8649
134.4883
134.0925
133.6775
133.2598
132.8393
132.4161
131.9902
131.5615
131.1301
130.6960
130.2592
129.7719
129.2341
128.6459
128.0072
127.3180
126.5783
125.7881
124.9475
124.0435
123.0761
122.0454
120.9512
119.7937
118.5728
117.2886
115.9409
114.7397
113.6850
112.7766
112.0147
111.3993
110.9303
110.6077
110.4316
110.1380
109.7269
109.1984
108.5524
107.7890
106.9081
105.9097
104.7939
103.8534
103.0882
102.4984
102.0838
101.8446
101.7807
101.8922
102.1789
102.4210
102.6184
102.7712
102.8792
102.9426
102.9613
102.9354
102.8648
102.7751
102.6666
102.5390
102.3925
102.2270
102.0426
101.8392
101.6168
101.2850
100.8437
100.2930
99.6329
98.8634
97.9844
96.9960
95.8982
95.0293
94.3894
93.9785
93.7965
93.8436
94.1196
94.6245
95.3585
96.0491
96.6964
97.3003
97.8609
98.3781
98.8520
99.2825
99.6698
100.8484
102.8186
105.5803
109.1334
113.4780
118.6141
124.5416
131.2606
137.4744
143.1829
148.3862
153.0841
157.2768
160.9643
164.1465
166.8234
168.9288
170.4627
171.4251
171.8160
171.6354
170.8833
169.5596
167.6645
165.8189
164.0228
162.2762
160.5791
158.9315
157.3334
155.7848
154.2858
152.8564
151.4969
150.2070
148.9869
147.8366
146.7560
145.7452
144.8041
143.9242
143.1057
142.3484
141.6524
141.0177
140.4442
139.9320
139.4811
138.8741
138.1108
137.1914
136.1158
134.8840
133.4961
131.9519
130.2516
128.8008
127.5994
126.6474
125.9449
125.4918
125.2882
125.3340
125.6293
125.9229
126.2149
126.5052
126.7938
127.0807
127.3660
127.6496
127.9315
128.2149
128.4998
128.7862
129.0741
129.3635
129.6544
129.9468
130.2407
130.3384
130.2400
129.9454
129.4547
128.7679
127.8849
126.8057
125.5305
124.4793
123.6522
123.0491
122.6702
122.5153
122.5845
122.8778
123.3952
123.6950
123.7772
123.6419
123.2891
122.7186
121.9307
120.9251
119.7020
118.6151
117.6644
116.8499
116.1716
115.6294
115.2235
114.9537
114.8202
114.5488
114.1396
113.5927
112.9079
112.0854
111.1250
110.0268
108.7909
107.7221
106.8206
106.0863
105.5191
105.1192
104.8865
104.8210
104.9227
104.9549
104.9175
104.8107
104.6343
104.3885
104.0731
103.6882
103.2338
102.8369
102.4974
102.2153
101.9908
101.8236
101.7140
101.6617
101.6670
101.7380
101.8749
102.0777
102.3462
102.6806
103.0809
103.5470
104.0789
104.4879
104.7740
104.9372
104.9776
104.8950
104.6896
104.3612
103.9100
103.3727
102.7495
102.0402
101.2449
100.3636
99.3963
98.3430
97.2036
96.7878
97.0953
98.1264
99.8808
102.3588
105.5602
109.4850
114.1333
118.1665
121.5847
124.3878
126.5759
128.1488
129.1068
129.4496
129.1774
129.2154
129.5636
130.2220
131.1905
132.4693
134.0582
135.9574
138.1667
139.9685
141.3628
142.3497
142.9290
143.1008
142.8652
142.2220
141.1714
140.1242
139.0805
138.0404
137.0037
135.9705
134.9408
133.9146
132.8918
131.6327
130.1372
128.4054
126.4371
124.2324
121.7914
119.1140
116.2001
113.7379
111.7273
110.1683
109.0609
108.4051
108.2009
108.4483
109.1473
109.7323
110.2033
110.5603
110.8032
110.9321
110.9470
110.8479
110.6348
110.3959
110.1311
109.8405
109.5241
109.1819
108.8139
108.4200
108.0003
107.6428
107.3473
107.1140
106.9427
106.8336
106.7866
106.8017
106.8789
106.8929
106.8435
106.7309
106.5550
106.3159
106.0135
105.6478
105.2188
104.8432
104.5210
104.2522
104.0368
103.8748
103.7662
103.7110
103.7091
103.6999
103.6834
103.6595
103.6282
103.5896
103.5436
103.4903
103.4296
103.4142
103.4442
103.5195
103.6402
103.8062
104.0176
104.2742
104.5763
104.7993
104.9433
105.0082
104.9942
104.9011
104.7290
104.4780
104.1478
103.8998
103.7339
103.6501
103.6483
103.7287
103.8911
104.1356
104.4623
105.0607
105.9310
107.0731
108.4870
110.1727
112.1302
114.3596
116.8607
118.9770
120.7083
122.0548
123.0163
123.5929
123.7846
123.5914
123.0132
122.3283
121.5367
120.6383
119.6331
118.5212
117.3025
115.9770
114.5448
113.3340
112.3445
111.5764
111.0297
110.7044
110.6005
110.7179
111.0567
111.2423
111.2746
111.1536
110.8793
110.4518
109.8710
109.1370
108.2496
107.4803
106.8289
106.2955
105.8801
105.5826
105.4031
105.3415
105.3980
105.3895
105.3162
105.1780
104.9749
104.7069
104.3740
103.9763
103.5137
103.7954
104.8215
106.5919
109.1066
112.3657
116.3692
121.1170
126.6091
131.8652
136.8854
141.6695
146.2176
150.5298
154.6059
158.4461
162.0502
164.9368
167.1057
168.5570
169.2908
169.3069
168.6054
167.1862
165.0495
162.9411
160.8610
158.8092
156.7857
154.7906
152.8237
150.8852
148.9749
147.2165
145.6097
144.1547
142.8514
141.6999
140.7001
139.8521
139.1558
138.5389
138.0014
137.5434
137.1648
136.8656
136.6458
136.5054
136.4445
136.3411
136.1954
136.0071
135.7765
135.5034
135.1879
134.8300
134.4297
134.1257
133.9179
133.8065
133.7915
133.8727
134.0502
134.3241
134.6943
135.0094
135.2694
135.4742
135.6240
135.7187
135.7583
135.7429
135.6723
135.6869
135.7868
135.9719
136.2422
136.5978
137.0386
137.5647
138.1760
138.8028
139.4452
140.1031
140.7766
141.4656
142.1703
142.8904
143.6261
143.9772
143.9437
143.5256
142.7228
141.5355
139.9635
138.0069
135.6657
133.5817
131.7550
130.1856
128.8734
127.8185
127.0208
126.4804
126.1973
125.7231
125.0580
124.2018
123.1546
121.9165
120.4873
118.8671
117.0559
115.3618
113.7849
112.3251
110.9825
109.7570
108.6486
107.6574
106.7834
105.9129
105.0460
104.1827
103.3230
102.4669
101.6144
100.7655
99.9202
99.1748
98.5295
97.9840
97.5386
97.1931
96.9476
96.8020
96.7564
96.7746
96.8567
97.0025
97.2121
97.4855
97.8227
98.2237
98.6885
99.0106
99.1901
99.2268
99.1208
98.8722
98.4808
97.9468
97.2701
96.7712
96.4502
96.3070
96.3417
96.5543
96.9447
97.5130
98.2591
98.8404
99.2568
99.5083
99.5950
99.5168
99.2738
98.8659
98.2931
98.3359
98.9942
100.2680
102.1574
104.6624
107.7828
111.5189
115.8704
120.0748
124.1319
128.0418
131.8046
135.4201
138.8884
142.2095
145.3833
148.0706
150.2714
151.9855
153.2131
153.9540
154.2084
153.9763
153.2575
152.4766
151.6337
150.7286
149.7615
148.7322
147.6409
146.4874
145.2719
144.0440
142.8038
141.5513
140.2865
139.0094
137.7200
136.4183
135.1042
133.9129
132.8443
131.8985
131.0755
130.3751
129.7976
129.3427
129.0106
128.7315
128.5052
128.3318
128.2114
128.1438
128.1292
128.1674
128.2586
128.1643
127.8845
127.4192
126.7684
125.9321
124.9104
123.7031
122.3104
121.0897
120.0411
119.1645
118.4599
117.9274
117.5669
117.3785
117.3622
117.3644
117.3854
117.4250
117.4832
117.5602
117.6557
117.7700
117.9029
117.9264
117.8407
117.6457
117.3413
116.9276
116.4047
115.7724
115.0308
114.3909
113.8528
113.4165
113.0819
112.8490
112.7179
112.6885
112.7609
112.8379
112.9196
113.0059
113.0969
113.1925
113.2927
113.3976
113.5072
113.5662
113.5747
113.5327
113.4402
113.2972
113.1036
112.8596
112.5650
112.2548
111.9289
111.5873
111.2300
110.8571
110.4684
110.0641
109.6441
109.2405
108.8532
108.4823
108.1277
107.7894
107.4675
107.1619
106.8727
106.6372
106.4555
106.3274
106.2531
106.2325
106.2657
106.3525
106.4931
106.6272
106.7547
106.8758
106.9904
107.0985
107.2000
107.2951
107.3837
107.3459
107.1818
106.8913
106.4745
105.9313
105.2617
104.4658
103.5435
102.6677
101.8382
101.0551
100.3184
99.6281
98.9842
98.3867
97.8356
97.3313
96.8739
96.4634
96.0997
95.7829
95.5130
95.2899
95.1136
95.4979
96.4428
97.9482
100.0141
102.6406
105.8277
109.5753
113.8834
118.0956
122.2120
126.2325
130.1571
133.9858
137.7186
141.3556
144.8966
148.3020
151.5717
154.7057
157.7040
160.5666
163.2936
165.8849
168.3405
169.8162
170.3122
169.8284
168.3648
165.9214
162.4982
158.0952
152.7124
148.1927
144.5361
141.7425
139.8120
138.7446
138.5402
139.1990
140.7208
141.9434
142.8668
143.4911
143.8161
143.8420
143.5687
142.9962
142.1246
141.3707
140.7347
140.2166
139.8162
139.5337
139.3690
139.3221
139.3930
139.1887
138.7090
137.9540
136.9238
135.6182
134.0373
132.1811
130.0496
128.2065
126.6517
125.3852
124.4071
123.7174
123.3160
123.2030
123.3783
123.3851
123.2235
122.8934
122.3949
121.7279
120.8924
119.8884
118.7160
117.6384
116.6556
115.7675
114.9743
114.2758
113.6722
113.1633
112.7492
112.3021
111.8219
111.3087
110.7624
110.1831
109.5707
108.9253
108.2469
107.6206
107.0463
106.5242
106.0542
105.6363
105.2705
104.9568
104.6953
104.3469
103.9119
103.3900
102.7814
102.0861
101.3040
100.4352
99.4796
98.7077
98.1193
97.7146
97.4935
97.4560
97.6021
97.9318
98.4452
98.9536
99.4572
99.9558
100.4495
100.9382
101.4221
101.9010
102.3751
102.8149
103.2205
103.5919
103.9291
104.2320
104.5008
104.7353
104.9357
104.9754
104.8544
104.5728
104.1306
103.5277
102.7641
101.8400
100.7551
99.8211
99.0379
98.4055
97.9239
97.5931
97.4131
97.3840
97.5056
97.5554
97.5336
97.4399
97.2745
97.0373
96.7284
96.3477
95.8953
95.2925
94.5394
93.6360
92.5822
91.3780
90.0236
88.5188
86.8636
85.4858
84.3854
83.5622
83.0164
82.7479
82.7568
83.0430
83.6065
84.4697
85.6327
87.0954
88.8578
90.9200
93.2818
95.9435
98.9048
102.2350
105.9342
110.0023
114.4392
119.2451
124.4199
129.9635
135.8761
140.8200
144.7952
147.8018
149.8396
150.9088
151.0093
150.1412
148.3043
146.6186
145.0840
143.7005
142.4681
141.3868
140.4566
139.6776
139.0496
138.4000
137.7287
137.0358
136.3212
135.5850
134.8271
134.0475
133.2463
132.5980
132.1028
131.7606
131.5715
131.5353
131.6522
131.9220
132.3449
132.5961
132.6755
132.5833
132.3193
131.8836
131.2762
130.4971
129.5463
128.8728
128.4766
128.3578
128.5162
128.9520
129.6652
130.6556
131.9234
132.9887
133.8515
134.5118
134.9697
135.2250
135.2779
135.1283
134.7762
134.5853
134.5556
134.6871
134.9797
135.4336
136.0486
136.8248
137.7622
138.5073
139.0601
139.4206
139.5888
139.5648
139.3485
138.9399
138.3390
137.7173
137.0748
136.4115
135.7274
135.0224
134.2967
133.5502
132.7829
132.0295
131.2902
130.5648
129.8534
129.1559
128.4725
127.8030
127.1475
126.6003
126.1615
125.8311
125.6089
125.4951
125.4897
125.5926
125.8039
126.0291
126.2682
126.5213
126.7884
127.0694
127.3643
127.6732
127.9961
128.3468
128.7254
129.1319
129.5663
130.0285
130.5186
131.0366
131.5825
132.0966
132.5792
133.0300
133.4492
133.8366
134.1925
134.5166
134.8091
135.1147
135.4335
135.7654
136.1105
136.4688
136.8402
137.2248
137.6225
137.7389
137.5738
137.1274
136.3996
135.3905
134.0999
132.5280
130.6746
128.7036
126.6150
124.4086
122.0846
119.6429
117.0835
114.4064
111.6116
109.0799
106.8112
104.8054
103.0627
101.5830
100.3663
99.4126
98.7220
98.3555
98.3133
98.5953
99.2015
100.1319
101.3865
102.9654
104.8685
107.1789
109.8967
113.0219
116.5544
120.4943
124.8415
129.5961
134.7581
139.3044
143.2352
146.5504
149.2500
151.3340
152.8024
153.6553
153.8925
153.8644
153.5707
153.0117
152.1872
151.0974
149.7420
148.1213
146.2351
144.3447
142.4502
140.5515
138.6485
136.7414
134.8301
132.9147
130.9950
129.2122
127.5662
126.0570
124.6846
123.4491
122.3504
121.3885
120.5635
119.8558
119.2653
118.7922
118.4363
118.1978
118.0765
118.0726
118.1859
118.2477
118.2580
118.2167
118.1239
117.9795
117.7836
117.5361
117.2372
117.0477
116.9679
116.9976
117.1369
117.3858
117.7442
118.2122
118.7898
119.3646
119.9367
120.5059
121.0725
121.6362
122.1972
122.7555
123.3109
123.7467
124.0628
124.2592
124.3359
124.2929
124.1302
123.8478
123.4458
123.0459
122.6483
122.2530
121.8599
121.4690
121.0804
120.6940
120.3098
119.7329
118.9633
118.0008
116.8456
115.4976
113.9568
112.2233
110.2970
108.6353
107.2382
106.1057
105.2378
104.6345
104.2959
104.2218
104.4123
104.5699
104.6947
104.7866
104.8456
104.8717
104.8649
104.8253
104.7528
104.6732
104.5865
104.4928
104.3920
104.2842
104.1693
104.0473
103.9183
103.8322
103.7890
103.7888
103.8315
103.9171
104.0457
104.2171
104.4315
104.5595
104.6009
104.5557
104.4241
104.2060
103.9014
103.5103
103.0326
102.6336
102.3130
102.0711
101.9077
101.8229
101.8167
101.8890
102.0399
101.9148
101.5139
100.8369
99.8841
98.6553
97.1505
95.3699
93.3133
92.2365
92.1397
93.0228
94.8857
97.7286
101.5513
106.3540
112.1365
117.1575
121.4169
124.9148
127.6512
129.6260
130.8393
131.2910
130.9812
131.1360
131.7552
132.8390
134.3873
136.4002
138.8775
141.8194
145.2258
147.8526
149.6999
150.7675
151.0556
150.5641
149.2930
147.2423
144.4120
141.8839
139.6579
137.7341
136.1125
134.7931
133.7758
133.0608
132.6478
132.2010
131.7203
131.2057
130.6572
130.0747
129.4584
128.8082
128.1240
127.5427
127.0641
126.6883
126.4153
126.2451
126.1777
126.2131
126.3512
126.2217
125.8244
125.1594
124.2267
123.0263
121.5582
119.8224
117.8189
116.1083
114.6905
113.5655
112.7334
112.1942
111.9478
111.9943
112.3337
112.6703
113.0043
113.3355
113.6640
113.9899
114.3130
114.6334
114.9511
115.2212
115.4438
115.6189
115.7464
115.8263
115.8587
115.8435
115.7808
115.6584
115.4764
115.2348
114.9336
114.5727
114.1522
113.6721
113.1324
112.6157
112.1221
111.6516
111.2041
110.7798
110.3784
110.0002
109.6450
109.0974
108.3574
107.4250
106.3002
104.9829
103.4732
101.7712
99.8767
98.2541
96.9035
95.8247
95.0179
94.4830
94.2200
94.2290
94.5098
94.7355
94.9061
95.0215
95.0818
95.0869
95.0369
94.9317
94.7714
94.6312
94.5110
94.4109
94.3308
94.2708
94.2309
94.2110
94.2112
94.1571
94.0488
93.8861
93.6692
93.3980
93.0725
92.6928
92.2588
91.8806
91.5582
91.2916
91.0808
90.9258
90.8267
90.7833
90.7958
90.7898
90.7652
90.7220
90.6603
90.5801
90.4814
90.3641
90.2283
90.2375
90.3916
90.6907
91.1348
91.7238
92.4578
93.3368
94.3608
95.6201
97.1149
98.8451
100.8107
103.0116
105.4480
108.1198
111.0270
114.4501
118.3891
122.8440
127.8148
133.3015
139.3041
145.8226
152.8570
158.7588
163.5279
167.1644
169.6683
171.0395
171.2780
170.3839
168.3572
166.5357
164.9196
163.5087
162.3032
161.3029
160.5079
159.9183
159.5339
159.0391
158.4340
157.7184
156.8925
155.9561
154.9094
153.7523
152.4848
151.3899
150.4675
149.7177
149.1405
148.7358
148.5037
148.4442
148.5572
148.4831
148.2218
147.7733
147.1377
146.3150
145.3050
144.1080
142.7237
141.2970
139.8277
138.3161
136.7619
135.1652
133.5261
131.8444
130.1203
128.4950
126.9686
125.5411
124.2123
122.9824
121.8514
120.8192
119.8859
119.1358
118.5691
118.1857
117.9856
117.9688
118.1353
118.4852
119.0183
119.4164
119.6794
119.8072
119.8000
119.6576
119.3802
118.9676
118.4200
117.9339
117.5093
117.1463
116.8449
116.6049
116.4266
116.3097
116.2545
115.9928
115.5248
114.8505
113.9698
112.8828
111.5894
110.0897
108.3837
106.9031
105.6482
104.6187
103.8148
103.2365
102.8837
102.7564
102.8547
103.0034
103.2025
103.4520
103.7520
104.1023
104.5031
104.9543
105.4559
105.9026
106.2946
106.6317
106.9139
107.1414
107.3139
107.4317
107.4946
107.5779
107.6814
107.8052
107.9493
108.1137
108.2984
108.5034
108.7287
109.0204
109.3786
109.8031
110.2941
110.8514
111.4752
112.1654
112.9220
113.7380
114.6132
115.5478
116.5416
117.5948
118.7073
119.8791
121.1103
122.2089
123.1751
124.0089
124.7102
125.2791
125.7155
126.0194
126.1909
126.2716
126.2617
126.1610
125.9696
125.6874
125.3146
124.8510
124.2967
124.2883
124.8258
125.9093
127.5386
129.7139
132.4351
135.7022
139.5153
143.3983
147.3513
151.3744
155.4675
159.6305
163.8636
168.1667
172.5398
176.0049
178.5622
180.2116
180.9530
180.7865
179.7121
177.7299
174.8396
172.0838
169.4622
166.9750
164.6221
162.4036
160.3194
158.3695
156.5539
154.9085
153.4333
152.1282
150.9932
150.0284
149.2338
148.6093
148.1549
147.8140
147.5865
147.4724
147.4718
147.5845
147.8108
148.1504
148.6035
148.8298
148.8293
148.6021
148.1481
147.4674
146.5599
145.4257
144.0647
142.6941
141.3138
139.9239
138.5243
137.1151
135.6962
134.2677
132.8295
131.5095
130.3076
129.2239
128.2583
127.4108
126.6815
126.0704
125.5774
125.0623
124.5252
123.9660
123.3848
122.7815
122.1562
121.5088
120.8394
120.2557
119.7577
119.3453
119.0187
118.7778
118.6226
118.5531
118.5693
118.5562
118.5139
118.4422
118.3413
118.2112
118.0517
117.8630
117.6451
117.4126
117.1656
116.9041
116.6281
116.3376
116.0326
115.7130
115.3790
114.9496
114.4249
113.8049
113.0895
112.2788
111.3728
110.3715
109.2748
108.2555
107.3134
106.4487
105.6614
104.9513
104.3186
103.7632
103.2851
102.7343
102.1108
101.4147
100.6458
99.8043
98.8901
97.9031
96.8435
95.9438
95.2040
94.6240
94.2040
93.9438
93.8435
93.9032
94.1227
94.3340
94.5372
94.7322
94.9190
95.0977
95.2682
95.4305
95.5847
95.7314
95.8707
96.0025
96.1269
96.2439
96.3535
96.4556
96.5503
96.6776
96.8376
97.0302
97.2554
97.5133
97.8039
98.1271
98.4829
98.7919
99.0540
99.2692
99.4376
99.5591
99.6338
99.6616
99.6426
100.2729
101.5527
103.4818
106.0604
109.2884
113.1658
117.6926
122.8687
127.4422
131.4128
134.7808
137.5459
139.7083
141.2679
142.2247
142.5788
142.8310
142.9814
143.0299
142.9765
142.8213
142.5642
142.2052
141.7444
140.9871
139.9335
138.5835
136.9372
134.9944
132.7553
130.2197
127.3878
124.7267
122.2363
119.9166
117.7677
115.7896
113.9822
112.3456
110.8797
109.6448
108.6407
107.8676
107.3255
107.0142
106.9339
107.0845
107.4661
107.6789
107.7230
107.5984
107.3052
106.8432
106.2125
105.4131
104.4450
103.7251
103.2535
103.0302
103.0551
103.3283
103.8497
104.6194
105.6374
106.5773
107.4393
108.2232
108.9292
109.5571
110.1071
110.5790
110.9729
111.2393
111.3781
111.3892
111.2728
111.0287
110.6571
110.1579
109.5311
108.9469
108.4055
107.9068
107.4507
107.0373
106.6666
106.3387
106.0533
105.7872
105.5402
105.3124
105.1037
104.9142
104.7439
104.5927
104.4606
104.3283
104.1956
104.0626
103.9293
103.7957
103.6618
103.5275
103.3929
103.2027
102.9569
102.6555
102.2984
101.8857
101.4174
100.8935
100.3139
99.7411
99.1752
98.6161
98.0637
97.5182
96.9795
96.4476
95.9226
95.5077
95.2030
95.0084
94.9241
94.9499
95.0859
95.3321
95.6884
96.0430
96.3956
96.7465
97.0954
97.4426
97.7879
98.1313
98.4729
98.7713
99.0263
99.2380
99.4065
99.5316
99.6135
99.6521
99.6474
99.7094
99.8383
100.0340
100.2965
100.6258
101.0218
101.4847
102.0144
102.4712
102.8551
103.1661
103.4042
103.5694
103.6617
103.6812
103.6277
104.3757
105.9252
108.2761
111.4285
115.3823
120.1376
125.6944
132.0526
137.5991
142.3337
146.2567
149.3679
151.6673
153.1549
153.8308
153.6950
153.5334
153.3461
153.1331
152.8944
152.6300
152.3398
152.0239
151.6824
151.0840
150.2287
149.1167
147.7478
146.1221
144.2396
142.1003
139.7041
137.5815
135.7323
134.1567
132.8546
131.8259
131.0708
130.5892
130.3811
130.1814
129.9900
129.8070
129.6325
129.4663
129.3084
129.1590
129.0179
128.7894
128.4733
128.0697
127.5786
127.0001
126.3340
125.5804
124.7393
124.0948
123.6468
123.3954
123.3406
123.4823
123.8206
124.3554
125.0869
125.8018
126.5004
127.1825
127.8482
128.4974
129.1302
129.7466
130.3466
130.7809
131.0496
131.1527
131.0903
130.8622
130.4685
129.9092
129.1843
128.6993
128.4543
128.4491
128.6838
129.1584
129.8729
130.8273
132.0216
132.9868
133.7228
134.2298
134.5077
134.5564
134.3760
133.9666
133.3280
132.6495
131.9312
131.1729
130.3748
129.5368
128.6589
127.7412
126.7835
125.9585
125.2660
124.7062
124.2790
123.9844
123.8224
123.7930
123.8962
123.9811
124.0476
124.0958
124.1256
124.1371
124.1303
124.1051
124.0615
123.9486
123.7662
123.5144
123.1932
122.8025
122.3425
121.8130
121.2141
120.7403
120.3914
120.1675
120.0687
120.0948
120.2459
120.5221
120.9232
121.1653
121.2484
121.1724
120.9373
120.5433
119.9901
119.2780
118.4067
117.4951
116.5430
115.5504
114.5174
113.4439
112.3300
111.1757
109.9809
108.9582
108.1075
107.4290
106.9226
106.5882
106.4260
106.4358
106.6177
107.2085
108.2080
109.6164
111.4335
113.6595
116.2942
119.3378
122.7902
126.2611
129.7505
133.2584
136.7849
140.3298
143.8933
147.4753
151.0759
154.1803
156.7885
158.9007
160.5168
161.6367
162.2606
162.3883
162.0199
161.4657
160.7257
159.7999
158.6883
157.3910
155.9078
154.2389
152.3841
150.7130
149.2255
147.9216
146.8013
145.8646
145.1115
144.5420
144.1562
143.7481
143.3178
142.8653
142.3906
141.8937
141.3746
140.8333
140.2698
139.6811
139.0673
138.4284
137.7644
137.0752
136.3608
135.6214
134.8568
134.0860
133.3092
132.5262
131.7370
130.9418
130.1404
129.3328
128.5192
127.8230
127.2444
126.7834
126.4398
126.2138
126.1053
126.1144
126.2409
126.4646
126.7853
127.2031
127.7181
128.3300
129.0391
129.8453
130.7485
131.4171
131.8509
132.0501
132.0146
131.7445
131.2396
130.5001
129.5259
128.6114
127.7568
126.9619
126.2268
125.5515
124.9359
124.3801
123.8842
123.3119
122.6633
121.9385
121.1375
120.2601
119.3065
118.2766
117.1704
116.1633
115.2554
114.4465
113.7367
113.1260
112.6144
112.2019
111.8885
111.5930
111.3154
111.0556
110.8138
110.5899
110.3839
110.1958
110.0256
109.8420
109.6451
109.4349
109.2113
108.9744
108.7242
108.4606
108.1836
108.0085
107.9352
107.9636
108.0939
108.3259
108.6598
109.0954
109.6328
109.7714
109.5113
108.8523
107.7945
106.3379
104.4825
102.2283
99.5753
97.2082
95.1271
93.3318
91.8225
90.5991
89.6616
89.0101
88.6444
88.6106
88.9087
89.5386
90.5004
91.7940
93.4195
95.3768
97.6660
99.5479
101.0224
102.0896
102.7494
103.0019
102.8470
102.2848
101.3153
100.9076
101.0619
101.7781
103.0563
104.8963
107.2983
110.2622
113.7880
116.9090
119.6253
121.9368
123.8436
125.3456
126.4428
127.1353
127.4230
127.7083
127.9911
128.2716
128.5496
128.8252
129.0984
129.3692
129.6375
129.7231
129.6259
129.3459
128.8832
128.2377
127.4095
126.3985
125.2047
124.1554
123.2505
122.4900
121.8740
121.4024
121.0753
120.8926
120.8543
120.8632
120.9194
121.0227
121.1732
121.3709
121.6157
121.9078
122.2471
122.3951
122.3520
122.1177
121.6922
121.0754
120.2675
119.2684
118.0781
117.0677
116.2373
115.5868
115.1162
114.8256
114.7149
114.7842
115.0334
115.2121
115.3204
115.3581
115.3254
115.2223
115.0486
114.8045
114.4899
114.0932
113.6143
113.0534
112.4103
111.6852
110.8779
109.9885
109.0169
108.2317
107.6326
107.2199
106.9933
106.9530
107.0990
107.4312
107.9497
108.3312
108.5756
108.6831
108.6536
108.4871
108.1835
107.7430
107.1655
106.6503
106.1975
105.8069
105.4787
105.2128
105.0092
104.8680
104.7890
104.7295
104.6895
104.6690
104.6679
104.6863
104.7241
104.7815
104.8582
104.9870
105.1677
105.4004
105.6850
106.0216
106.4102
106.8507
107.3433
107.7749
108.1457
108.4556
108.7046
108.8927
109.0200
109.0863
109.0919
109.0918
109.0862
109.0751
109.0585
109.0363
109.0085
108.9752
108.9364
108.7444
108.3991
107.9007
107.2490
106.4441
105.4860
104.3747
103.1102
102.1040
101.3562
100.8667
100.6355
100.6626
100.9481
101.4919
102.2941
102.8427
103.1377
103.1792
102.9671
102.5015
101.7823
100.8096
99.5833
99.5238
100.6310
102.9051
106.3459
110.9535
116.7279
123.6691
131.7770
138.6228
144.2062
148.5275
151.5865
153.3833
153.9178
153.1901
151.2002
149.4196
147.8486
146.4869
145.3346
144.3918
143.6584
143.1345
142.8199
142.3913
141.8486
141.1918
140.4209
139.5359
138.5369
137.4237
136.1965
135.1631
134.3237
133.6780
133.2263
132.9684
132.9043
133.0342
133.3579
133.5064
133.4799
133.2781
132.9012
132.3492
131.6221
130.7198
129.6423
128.6795
127.8312
127.0976
126.4786
125.9742
125.5844
125.3092
125.1486
124.8826
124.5113
124.0345
123.4524
122.7648
121.9719
121.0736
120.0699
119.3151
118.8092
118.5522
118.5441
118.7848
119.2745
120.0131
121.0006
121.7810
122.3545
122.7209
122.8803
122.8328
122.5782
122.1165
121.4479
120.7949
120.1576
119.5359
118.9299
118.3395
117.7648
117.2057
116.6623
116.1025
115.5263
114.9338
114.3248
113.6996
113.0579
112.3999
111.7255
111.1193
110.5813
110.1115
109.7100
109.3766
109.1114
108.9144
108.7856
108.7348
108.7620
108.8671
109.0502
109.3113
109.6504
110.0675
110.5625
111.0544
111.5431
112.0287
112.5111
112.9903
113.4664
113.9393
114.4091
114.8530
115.2711
115.6633
116.0296
116.3701
116.6848
116.9736
117.2366
117.4021
117.4703
117.4411
117.3145
117.0906
116.7692
116.3505
115.8343
115.3727
114.9655
114.6128
114.3146
114.0708
113.8815
113.7467
113.6663
113.5358
113.3550
113.1240
112.8428
112.5114
112.1298
111.6980
111.2159
110.7576
110.3230
109.9120
109.5248
109.1613
108.8215
108.5053
108.2129
108.0662
108.0652
108.2098
108.5001
108.9361
109.5178
110.2451
111.1181
112.5379
114.5045
117.0178
120.0779
123.6847
127.8383
132.5387
137.7858
142.6342
147.0839
151.1348
154.7870
158.0405
160.8953
163.3513
165.4086
167.0769
168.3562
169.2466
169.7479
169.8602
169.5836
168.9179
167.8633
166.8896
165.9969
165.1851
164.4543
163.8045
163.2356
162.7477
162.3408
161.8761
161.3536
160.7733
160.1353
159.4395
158.6860
157.8747
157.0056
156.1405
155.2794
154.4223
153.5692
152.7200
151.8749
151.0337
150.1966
149.3380
148.4581
147.5568
146.6342
145.6902
144.7248
143.7380
142.7299
141.6178
140.4017
139.0816
137.6575
136.1294
134.4973
132.7612
130.9212
129.2625
127.7851
126.4892
125.3746
124.4413
123.6895
123.1190
122.7298
122.3073
121.8513
121.3619
120.8391
120.2828
119.6931
119.0701
118.4135
117.7634
117.1197
116.4823
115.8513
115.2267
114.6085
113.9967
113.3912
112.7538
112.0846
111.3835
110.6504
109.8855
109.0887
108.2599
107.3993
106.6269
105.9428
105.3469
104.8392
104.4197
104.0885
103.8455
103.6908
103.5053
103.2890
103.0420
102.7643
102.4558
102.1166
101.7466
101.3459
100.9985
100.7045
100.4638
100.2764
100.1424
100.0617
100.0344
100.0604
100.1411
100.2764
100.4665
100.7113
101.0108
101.3649
101.7738
102.2374
102.6645
103.0551
103.4092
103.7269
104.0082
104.2529
104.4612
104.6331
104.8316
105.0569
105.3090
105.5877
105.8933
106.2255
106.5845
106.9702
107.2709
107.4864
107.6169
107.6623
107.6226
107.4977
107.2879
106.9929
106.7149
106.4540
106.2102
105.9833
105.7735
105.5808
105.4051
105.2464
104.9939
104.6476
104.2074
103.6734
103.0455
102.3238
101.5083
100.5989
100.3991
100.9090
102.1283
104.0573
106.6959
110.0440
114.1018
118.8691
123.2427
127.2226
130.8087
134.0012
136.7999
139.2048
141.2161
142.8336
144.0230
144.7845
145.1178
145.0231
144.5004
143.5496
142.1708
140.3640
138.7575
137.3514
136.1457
135.1404
134.3354
133.7309
133.3267
133.1229
132.9329
132.7567
132.5944
132.4457
132.3109
132.1899
132.0827
131.9893
131.9607
131.9969
132.0979
132.2637
132.4944
132.7899
133.1502
133.5753
133.8663
134.0232
134.0460
133.9347
133.6893
133.3098
132.7962
132.1485
131.5215
130.9151
130.3294
129.7644
129.2200
128.6963
128.1933
127.7110
127.1881
126.6248
126.0209
125.3765
124.6917
123.9663
123.2004
122.3940
121.6270
120.8994
120.2112
119.5623
118.9528
118.3827
117.8519
117.3605
116.8467
116.3104
115.7516
115.1703
114.5666
113.9404
113.2917
112.6205
111.9338
111.2314
110.5134
109.7798
109.0306
108.2657
107.4853
106.6892
105.9195
105.1761
104.4591
103.7684
103.1041
102.4661
101.8544
101.2691
100.7408
100.2695
99.8551
99.4978
99.1974
98.9540
98.7677
98.6383
98.5458
98.4903
98.4718
98.4902
98.5455
98.6378
98.7671
98.9332
99.0484
99.1125
99.1257
99.0878
98.9989
98.8589
98.6680
98.4260
98.3087
98.3159
98.4477
98.7042
99.0852
99.5908
100.2210
100.9758
101.6116
102.1285
102.5264
102.8054
102.9654
103.0065
102.9285
102.7317
102.6651
102.7288
102.9229
103.2473
103.7019
104.2869
105.0022
105.8477
106.5384
107.0743
107.4552
107.6813
107.7525
107.6689
107.4303
107.0369
106.7845
106.6733
106.7030
106.8739
107.1858
107.6388
108.2328
108.9679
109.6427
110.2570
110.8110
111.3047
111.7379
112.1108
112.4233
112.6755
113.6690
115.4040
117.8804
121.0982
125.0575
129.7581
135.2002
141.3837
146.9306
151.8409
156.1145
159.7516
162.7520
165.1158
166.8430
167.9335
168.7471
169.2835
169.5429
169.5253
169.2306
168.6589
167.8101
166.6843
165.0798
162.9968
160.4351
157.3949
153.8760
149.8786
145.4025
140.4479
136.1397
132.4781
129.4630
127.0944
125.3723
124.2968
123.8677
124.0852
124.1333
124.0121
123.7215
123.2615
122.6322
121.8335
120.8654
119.7279
118.6955
117.7679
116.9454
116.2278
115.6151
115.1074
114.7047
114.4069
114.1485
113.9293
113.7494
113.6089
113.5076
113.4456
113.4230
113.4396
113.4435
113.4345
113.4128
113.3783
113.3310
113.2709
113.1980
113.1124
113.0449
112.9956
112.9644
112.9514
112.9566
112.9800
113.0215
113.0812
113.0433
112.9077
112.6744
112.3435
111.9149
111.3887
110.7648
110.0433
109.4120
108.8711
108.4204
108.0600
107.7900
107.6102
107.5207
107.5216
107.4317
107.2513
106.9803
106.6186
106.1663
105.6234
104.9898
104.2656
103.6775
103.2254
102.9094
102.7295
102.6856
102.7777
103.0059
103.3702
103.7417
104.1206
104.5067
104.9001
105.3008
105.7087
106.1240
106.5465
106.9537
107.3455
107.7219
108.0830
108.4286
108.7590
109.0739
109.3735
109.6317
109.8484
110.0237
110.1576
110.2501
110.3011
110.3107
110.2789
110.3386
110.4899
110.7327
111.0670
111.4929
112.0104
112.6194
113.3199
113.8611
114.2429
114.4655
114.5287
114.4325
114.1770
113.7622
113.1881
112.8654
112.7943
112.9747
113.4066
114.0900
115.0249
116.2113
117.6493
119.1848
120.8178
122.5484
124.3765
126.3022
128.3254
130.4461
132.6644
135.2034
138.0631
141.2435
144.7445
148.5662
152.7086
157.1717
161.9555
166.1446
169.7391
172.7389
175.1441
176.9547
178.1706
178.7919
178.8185
178.6826
178.3843
177.9234
177.3000
176.5142
175.5658
174.4550
173.1817
171.8355
170.4164
168.9245
167.3598
165.7222
164.0118
162.2285
160.3723
158.7436
157.3424
156.1687
155.2225
154.5038
154.0125
153.7487
153.7124
153.2712
152.4252
151.1743
149.5185
147.4579
144.9924
142.1221
138.8468
135.8715
133.1961
130.8205
128.7449
126.9691
125.4932
124.3173
123.4412
122.6306
121.8857
121.2063
120.5925
120.0442
119.5615
119.1444
118.7929
118.4326
118.0635
117.6856
117.2989
116.9035
116.4993
116.0863
115.6645
115.2619
114.8783
114.5138
114.1684
113.8421
113.5349
113.2468
112.9777
112.6115
112.1480
111.5874
110.9295
110.1744
109.3220
108.3725
107.3258
106.3514
105.4493
104.6197
103.8623
103.1774
102.5648
102.0245
101.5567
101.0713
100.5685
100.0483
99.5106
98.9554
98.3828
97.7927
97.1852
96.7278
96.4206
96.2635
96.2566
96.3998
96.6932
97.1367
97.7304
98.1610
98.4283
98.5325
98.4735
98.2513
97.8660
97.3175
96.6058
95.9019
95.2055
94.5169
93.8360
93.1627
92.4971
91.8392
91.1890
90.5320
89.8683
89.1979
88.5207
87.8367
87.1460
86.4485
85.7443
85.2004
84.8168
84.5935
84.5304
84.6277
84.8852
85.3030
85.8811
86.4019
86.8654
87.2716
87.6205
87.9121
88.1463
88.3233
88.4430
88.7752
89.3199
90.0772
91.0470
92.2293
93.6242
95.2316
97.0516
99.0319
101.1725
103.4736
105.9349
108.5567
111.3388
114.2812
117.3840
120.4945
123.6127
126.7385
129.8720
133.0133
136.1622
139.3187
142.4830
145.2705
147.6812
149.7152
151.3724
152.6528
153.5565
154.0834
154.2336
154.2222
154.0493
153.7148
153.2188
152.5613
151.7422
150.7616
149.6195
148.6338
147.8047
147.1322
146.6161
146.2566
146.0535
146.0070
146.1171
146.1919
146.2314
146.2357
146.2047
146.1385
146.0370
145.9003
145.7283
145.4918
145.1908
144.8252
144.3950
143.9003
143.3411
142.7173
142.0290
141.1719
140.1460
138.9513
137.5878
136.0555
134.3545
132.4847
130.4460
128.5781
126.8809
125.3543
123.9984
122.8133
121.7988
120.9550
120.2818
119.7706
119.4212
119.2336
119.2080
119.3441
119.6421
120.1020
120.7238
121.2528
121.6891
122.0327
122.2837
122.4419
122.5074
122.4802
122.3603
122.2623
122.1863
122.1322
122.1001
122.0899
122.1016
122.1353
122.1909
122.1319
121.9583
121.6701
121.2673
120.7499
120.1180
119.3714
118.5102
117.7368
117.0512
116.4535
115.9435
115.5213
115.1869
114.9403
114.7815
114.5823
114.3425
114.0623
113.7417
113.3806
112.9790
112.5369
112.0544
111.4758
110.8010
110.0302
109.1632
108.2001
107.1409
105.9856
104.7342
103.5894
102.5511
101.6194
100.7943
100.0758
99.4638
98.9584
98.5595
98.2895
98.1482
98.1357
98.2519
98.4969
98.8707
99.3732
100.0046
100.5930
101.1385
101.6412
102.1010
102.5179
102.8918
103.2229
103.5112
103.9147
104.4335
105.0677
105.8171
106.6819
107.6619
108.7573
109.9680
111.1216
112.2181
113.2576
114.2399
115.1652
116.0333
116.8444
117.5984
118.5166
119.5988
120.8452
122.2558
123.8305
125.5693
127.4722
129.5393
131.5632
133.5438
135.4811
137.3752
139.2260
141.0336
142.7979
144.5190
145.9935
147.2215
148.2029
148.9377
149.4260
149.6678
149.6630
149.4116
148.8947
148.1122
147.0641
145.7504
144.1711
142.3263
140.2158
137.8398
135.6927
133.7746
132.0854
130.6252
129.3939
128.3916
127.6182
127.0737
126.5649
126.0917
125.6541
125.2521
124.8857
124.5550
124.2598
124.0003
123.7862
123.6176
123.4944
123.4167
123.3845
123.3977
123.4564
123.5606
123.4574
123.1470
122.6293
121.9042
120.9719
119.8322
118.4853
116.9311
115.5910
114.4651
113.5534
112.8558
112.3725
112.1033
112.0483
112.2075
112.3518
112.4814
112.5961
112.6961
112.7812
112.8515
112.9071
112.9478
113.0068
113.0842
113.1800
113.2940
113.4264
113.5772
113.7463
113.9337
114.0734
114.1655
114.2098
114.2065
114.1554
114.0567
113.9103
113.7162
113.5572
113.4332
113.3442
113.2904
113.2715
113.2878
113.3390
113.4254
113.5149
113.6077
113.7038
113.8030
113.9055
114.0112
114.1202
114.2323
114.3414
114.4474
114.5503
114.6501
114.7468
114.8405
114.9310
115.0184
115.1288
115.2620
115.4181
115.5972
115.7991
116.0239
116.2716
116.5422
116.7360
116.8528
116.8928
116.8559
116.7421
116.5515
116.2840
115.9396
115.7144
115.6085
115.6218
115.7544
116.0062
116.3772
116.8675
117.4770
118.0132
118.4759
118.8653
119.1813
119.4239
119.5931
119.6890
119.7114
119.8147
119.9988
120.2638
120.6096
121.0362
121.5437
122.1320
122.8011
123.3673
123.8307
