99.1513
98.6507
97.9723
97.1163
96.0825
94.8710
94.0006
93.4714
93.2833
93.4364
93.9307
94.7661
95.9427
97.4604
98.8344
100.0646
101.1510
102.0936
102.8924
103.5475
104.0588
104.4263
104.7338
104.9813
105.1688
105.2962
105.3637
105.3711
105.3186
105.2060
105.1600
105.1805
105.2677
105.4214
105.6416
105.9284
106.2818
106.7018
107.0491
107.3239
107.5261
107.6557
107.7128
107.6972
107.6091
107.4483
107.3556
107.3310
107.3744
107.4858
107.6653
107.9128
108.2283
108.6119
109.0707
109.6049
110.2143
110.8990
111.6590
112.4943
113.4049
114.3907
115.5057
116.7497
118.1228
119.6250
121.2563
123.0167
124.9061
126.9247
128.9441
130.9644
132.9856
135.0077
137.0306
139.0544
141.0791
143.1047
145.1655
147.2614
149.3925
151.5588
153.7603
155.9969
158.2687
160.5757
162.7246
164.7155
166.5482
168.2229
169.7395
171.0980
172.2984
173.3408
174.4568
175.6466
176.9100
178.2471
179.6579
181.1423
182.7005
184.3323
185.6984
186.7987
187.6331
188.2018
188.5047
188.5418
188.3131
187.8186
187.1883
186.4221
185.5200
184.4821
183.3083
181.9987
180.5532
178.9719
175.9955
171.6241
165.8577
158.6962
150.1397
140.1882
128.8416
116.1000
105.2290
96.2287
89.0990
83.8400
80.4516
78.9338
79.2867
81.5102
83.3997
84.9550
86.1762
87.0633
87.6163
87.8352
87.7200
87.2707
87.8179
89.3617
91.9020
95.4388
99.9721
105.5020
112.0284
119.5513
126.2593
132.1524
137.2305
141.4938
144.9422
147.5756
149.3941
150.3978
151.1398
151.6202
151.8389
151.7961
151.4917
150.9256
150.0979
149.0086
148.0958
147.3595
146.7996
146.4162
146.2092
146.1788
146.3248
146.6472
146.9289
147.1699
147.3701
147.5295
147.6482
147.7261
147.7633
147.7597
147.4919
146.9599
146.1636
145.1031
143.7783
142.1893
140.3361
138.2186
136.1794
134.2184
132.3356
130.5310
128.8047
127.1566
125.5867
124.0950
122.7026
121.4095
120.2156
119.1211
118.1258
117.2298
116.4331
115.7356
115.1041
114.5385
114.0389
113.6053
113.2375
112.9358
112.6999
112.5300
112.3038
112.0212
111.6823
111.2871
110.8355
110.3276
109.7633
109.1427
108.4467
107.6753
106.8286
105.9065
104.9090
103.8362
102.6880
101.4644
100.3396
99.3137
98.3866
97.5583
96.8288
96.1982
95.6664
95.2334
94.7504
94.2175
93.6347
93.0018
92.3190
91.5863
90.8036
89.9709
89.1946
88.4745
87.8108
87.2033
86.6522
86.1574
85.7189
85.3367
84.8943
84.3916
83.8286
83.2054
82.5220
81.7783
80.9743
80.1101
79.3048
78.5584
77.8709
77.2422
76.6724
76.1616
75.7096
75.3165
74.9512
74.6139
74.3043
74.0227
73.7689
73.5430
73.3449
73.1747
72.9634
72.7110
72.4176
72.0830
71.7074
71.2906
70.8328
70.3339
70.3756
70.9580
72.0810
73.7447
75.9491
78.6941
81.9797
85.8060
90.1128
94.9001
100.1679
105.9161
112.1449
118.8542
126.0439
133.7142
140.2892
145.7690
150.1536
153.4430
155.6371
156.7361
156.7398
155.6483
154.5933
153.5748
152.5928
151.6473
150.7383
149.8658
149.0298
148.2302
147.5904
147.1104
146.7900
146.6294
146.6285
146.7874
147.1059
147.5842
147.8533
147.9133
147.7641
147.4057
146.8381
146.0614
145.0755
143.8804
142.6997
141.5333
140.3813
139.2437
138.1204
137.0115
135.9170
134.8368
133.7545
132.6701
131.5835
130.4948
129.4040
128.3111
127.2160
126.1188
125.1882
124.4241
123.8265
123.3955
123.1311
123.0332
123.1018
123.3370
123.5130
123.6300
123.6877
123.6863
123.6258
123.5061
123.3273
123.0894
122.7119
122.1950
121.5386
120.7427
119.8074
118.7325
117.5182
116.1643
114.8599
113.6048
112.3991
111.2428
110.1358
109.0782
108.0700
107.1112
106.2179
105.3901
104.6279
103.9311
103.3000
102.7343
102.2342
101.7996
101.3828
100.9837
100.6024
100.2389
99.8931
99.5651
99.2549
98.9625
98.6874
98.4298
98.1897
97.9669
97.7616
97.5737
97.4033
97.2503
97.1246
97.0264
96.9556
96.9122
96.8963
96.9077
96.9465
97.0127
96.9480
96.7523
96.4257
95.9681
95.3796
94.6601
93.8097
92.8284
91.8870
90.9857
90.1244
89.3032
88.5220
87.7808
87.0796
86.4185
85.6360
84.7320
83.7067
82.5599
81.2918
79.9022
78.3912
76.7588
76.3856
77.2716
79.4168
82.8211
87.4847
93.4074
100.5894
109.0305
116.6329
123.3964
129.3212
134.4071
138.6543
142.0627
144.6322
146.3630
147.9630
149.4320
150.7702
151.9776
153.0541
153.9997
154.8145
155.4984
155.7101
155.4495
154.7166
153.5115
151.8341
149.6844
147.0625
143.9683
141.2476
138.9006
136.9271
135.3271
134.1007
133.2479
132.7686
132.6629
132.6196
132.6385
132.7198
132.8634
133.0693
133.3375
133.6681
134.0609
134.2158
134.1327
133.8116
133.2525
132.4555
131.4204
130.1473
128.6363
127.3305
126.2301
125.3351
124.6453
124.1610
123.8819
123.8082
123.9398
124.0671
124.1902
124.3090
124.4235
124.5338
124.6398
124.7415
124.8390
124.6457
124.1616
123.3868
122.3213
120.9649
119.3178
117.3800
115.1514
113.2330
111.6249
110.3270
109.3394
108.6620
108.2948
108.2379
108.4913
108.4789
108.2007
107.6569
106.8473
105.7720
104.4309
102.8242
100.9516
99.3614
98.0536
97.0280
96.2847
95.8238
95.6452
95.7488
96.1348
96.3334
96.3447
96.1685
95.8050
95.2540
94.5157
93.5900
92.4769
91.5323
90.7561
90.1484
89.7091
89.4382
89.3358
89.4018
89.6363
89.8203
89.9539
90.0369
90.0696
90.0518
89.9835
89.8647
89.6955
89.5323
89.3751
89.2238
89.0785
88.9392
88.8058
88.6784
88.5570
88.5244
88.5806
88.7256
88.9593
89.2818
89.6931
90.1933
90.7821
91.3786
91.9825
92.5939
93.2129
93.8393
94.4733
95.1148
95.7638
99.0196
104.8822
113.3516
124.4278
134.1754
142.5945
149.6849
155.4468
160.2539
164.1061
167.0035
168.9461
169.9339
169.9669
169.0451
167.1684
165.5953
164.3256
163.3595
162.6968
162.3376
162.2820
162.5298
163.0811
163.3921
163.4629
163.2933
162.8834
162.2332
161.3428
160.2120
158.8409
157.6990
156.7862
156.1024
155.6479
155.4224
155.4261
155.6589
156.1208
156.3134
156.2368
155.8909
155.2758
154.3914
153.2378
151.8149
150.1227
148.4636
146.8375
145.2445
143.6844
142.1574
140.6635
139.2026
137.7747
136.6420
135.8045
135.2622
135.0151
135.0632
135.4064
136.0449
136.9786
137.4020
137.3153
136.7184
135.6114
133.9941
131.8667
129.2290
126.0812
123.3667
121.0855
119.2376
117.8230
116.8417
116.2936
116.1789
116.4975
116.6631
116.6759
116.5358
116.2427
115.7968
115.1979
114.4461
113.5414
112.5175
111.3743
110.1118
108.7300
107.2290
105.6086
103.8691
102.0102
100.5133
99.3785
98.6056
98.1948
98.1459
98.4591
99.1342
100.1714
100.6776
100.6529
100.0972
99.0105
97.3930
95.2445
92.5650
89.3546
86.5852
84.2569
82.3697
80.9235
79.9184
79.3543
79.2312
79.5493
79.8472
80.1251
80.3828
80.6205
80.8381
81.0356
81.2130
81.3703
81.3403
81.1229
80.7182
80.1262
79.3468
78.3801
77.2260
75.8846
75.2206
75.2340
75.9248
77.2931
79.3387
82.0617
85.4621
89.5399
92.7103
94.9734
96.3292
96.7776
96.3186
94.9523
92.6786
89.4976
87.7647
87.4800
88.6433
91.2548
95.3145
100.8223
107.7782
116.1822
123.8290
130.7183
136.8504
142.2251
146.8425
150.7025
153.8052
156.1506
158.0149
159.3981
160.3002
160.7212
160.6611
160.1200
159.0978
157.5944
156.1807
154.8564
153.6217
152.4765
151.4209
150.4548
149.5782
148.7912
148.0160
147.2526
146.5010
145.7612
145.0333
144.3171
143.6127
142.9202
142.0964
141.1413
140.0550
138.8374
137.4886
136.0085
134.3972
132.6546
131.1367
129.8435
128.7751
127.9314
127.3124
126.9182
126.7487
126.8039
126.7858
126.6943
126.5294
126.2911
125.9794
125.5944
125.1360
124.6042
124.0474
123.4655
122.8586
122.2267
121.5697
120.8877
120.1806
119.4485
118.7232
118.0046
117.2927
116.5876
115.8893
115.1976
114.5128
113.8346
113.0790
112.2458
111.3351
110.3468
109.2810
108.1377
106.9169
105.6185
104.4439
103.3931
102.4661
101.6628
100.9832
100.4275
99.9955
99.6873
99.2773
98.7656
98.1520
97.4367
96.6196
95.7008
94.6801
93.5577
92.5189
91.5637
90.6921
89.9041
89.1997
88.5789
88.0418
87.5882
87.1447
86.7112
86.2877
85.8742
85.4708
85.0773
84.6939
84.3205
84.0286
83.8181
83.6890
83.6414
83.6753
83.7906
83.9873
84.2655
84.3335
84.1914
83.8392
83.2769
82.5044
81.5218
80.3290
78.9261
78.2742
78.3732
79.2232
80.8240
83.1759
86.2786
90.1323
94.7370
98.4893
101.3892
103.4369
104.6322
104.9751
104.4658
103.1041
100.8900
100.5048
101.9483
105.2207
110.3218
117.2517
126.0105
136.5980
149.0143
159.4780
167.9890
174.5475
179.1533
182.0944
183.3711
182.9831
180.9305
179.0918
177.4672
176.0564
174.8597
173.8769
173.1080
172.5531
172.2122
171.7988
171.3129
170.7546
170.1239
169.4207
168.6451
167.7970
166.8765
165.9506
165.0195
164.0831
163.1414
162.1944
161.2421
160.2845
159.3217
158.0385
156.4350
154.5111
152.2670
149.7025
146.8178
143.6127
140.0873
136.9772
134.2826
132.0034
130.1395
128.6911
127.6580
127.0403
126.8380
126.5280
126.1103
125.5849
124.9518
124.2109
123.3624
122.4062
121.3423
120.4388
119.6957
119.1130
118.6908
118.4290
118.3276
118.3867
118.6061
118.5430
118.1973
117.5691
116.6582
115.4647
113.9887
112.2301
110.1889
108.5181
107.2177
106.2876
105.7280
105.5387
105.7199
106.2714
107.1933
107.8951
108.3768
108.6384
108.6799
108.5013
108.1026
107.4837
106.6448
105.8094
104.9776
104.1494
103.3248
102.5037
101.6862
100.8723
100.0620
99.2828
98.5346
97.8174
97.1313
96.4762
95.8522
95.2592
94.6973
94.0669
93.3679
92.6005
91.7645
90.8601
89.8872
88.8457
87.7358
86.6605
85.6199
84.6140
83.6428
82.7063
81.8045
80.9374
80.1050
79.3878
78.7859
78.2993
77.9279
77.6719
77.5310
77.5055
77.5952
77.3747
76.8439
76.0028
74.8515
73.3898
71.6179
69.5358
67.1433
65.9589
65.9826
67.2144
69.6541
73.3020
78.1579
84.2219
91.4939
98.1160
104.0881
109.4102
114.0824
118.1047
121.4770
124.1993
126.2717
128.6706
131.3960
134.4479
137.8263
141.5313
145.5628
149.9207
154.6052
158.5144
161.6481
164.0064
165.5894
166.3970
166.4292
165.6860
164.1674
162.5294
160.7718
158.8949
156.8984
154.7825
152.5471
150.1923
147.7180
145.6006
143.8403
142.4369
141.3905
140.7010
140.3685
140.3930
140.7745
140.8137
140.5107
139.8655
138.8780
137.5483
135.8763
133.8622
131.5057
129.4287
127.6310
126.1126
124.8737
123.9140
123.2338
122.8329
122.7114
122.5018
122.2042
121.8185
121.3449
120.7832
120.1334
119.3956
118.5698
117.8750
117.3111
116.8782
116.5762
116.4052
116.3652
116.4561
116.6780
116.8299
116.9116
116.9234
116.8651
116.7367
116.5383
116.2698
115.9313
115.4852
114.9316
114.2705
113.5018
112.6256
111.6419
110.5506
109.3518
108.3514
107.5495
106.9461
106.5411
106.3346
106.3266
106.5170
106.9059
107.1641
107.2917
107.2887
107.1550
106.8906
106.4957
105.9700
105.3138
104.7083
104.1536
103.6497
103.1966
102.7942
102.4427
102.1419
101.8920
101.6499
101.4157
101.1894
100.9710
100.7604
100.5578
100.3630
100.1762
99.9418
99.6599
99.3304
98.9535
98.5290
98.0570
97.5374
96.9704
96.4945
96.1099
95.8166
95.6144
95.5035
95.4838
95.5554
95.7182
95.6905
95.4722
95.0635
94.4642
93.6745
92.6942
91.5234
90.1621
89.4073
89.2591
89.7173
90.7820
92.4532
94.7309
97.6152
101.1059
104.7290
108.4845
112.3724
116.3927
120.5454
124.8305
129.2479
133.7978
138.0500
142.0045
145.6614
149.0207
152.0823
154.8462
157.3125
159.4811
161.3084
162.7942
163.9386
164.7416
165.2032
165.3234
165.1022
164.5396
163.9789
163.4203
162.8636
162.3089
161.7563
161.2055
160.6568
160.1101
159.4120
158.5626
157.5619
156.4098
155.1063
153.6516
152.0454
150.2880
148.4942
146.6640
144.7976
142.8948
140.9556
138.9801
136.9683
134.9201
132.9995
131.2066
129.5412
128.0035
126.5934
125.3109
124.1560
123.1287
122.1910
121.3428
120.5842
119.9151
119.3357
118.8457
118.4454
118.1346
117.9094
117.7698
117.7159
117.7476
117.8648
118.0677
118.3563
118.7304
118.8489
118.7117
118.3189
117.6704
116.7663
115.6065
114.1910
112.5199
110.8907
109.3035
107.7582
106.2548
104.7933
103.3738
101.9962
100.6605
99.5622
98.7012
98.0776
97.6914
97.5425
97.6310
97.9568
98.5200
98.8845
99.0504
99.0177
98.7863
98.3562
97.7275
96.9001
95.8741
94.9506
94.1296
93.4111
92.7951
92.2816
91.8706
91.5621
91.3561
91.0939
90.7756
90.4012
89.9706
89.4839
88.9411
88.3421
87.6869
87.0890
86.5484
86.0651
85.6390
85.2702
84.9586
84.7043
84.5073
84.3454
84.2186
84.1270
84.0704
84.0490
84.0626
84.1114
84.1953
84.2085
84.1509
84.0227
83.8238
83.5541
83.2138
82.8027
82.3209
81.8862
81.4985
81.1579
80.8643
80.6178
80.4183
80.2659
80.1605
81.1723
83.3012
86.5473
90.9106
96.3911
102.9886
110.7034
119.5353
127.7720
135.4134
142.4595
148.9103
154.7659
160.0262
164.6912
168.7610
172.1502
174.8588
176.8870
178.2346
178.9016
178.8881
178.1940
176.8194
175.5978
174.5291
173.6133
172.8505
172.2406
171.7837
171.4797
171.3287
170.8722
170.1102
169.0427
167.6697
165.9913
164.0073
161.7179
159.1230
156.7746
154.6726
152.8171
151.2080
149.8454
148.7293
147.8597
147.2365
146.4318
145.4457
144.2781
142.9290
141.3985
139.6865
137.7931
135.7181
133.8195
132.0970
130.5509
129.1809
127.9873
126.9698
126.1287
125.4637
124.6358
123.6449
122.4909
121.1739
119.6940
118.0510
116.2450
114.2760
112.4995
110.9155
109.5240
108.3250
107.3185
106.5045
105.8830
105.4540
104.7940
103.9031
102.7812
101.4284
99.8446
98.0299
95.9842
93.7075
91.7898
90.2312
89.0316
88.1910
87.7094
87.5868
87.8233
88.4187
89.0391
89.6843
90.3543
91.0492
91.7690
92.5137
93.2832
94.0775
94.7478
95.2938
95.7157
96.0135
96.1870
96.2365
96.1617
95.9628
95.9108
96.0058
96.2478
96.6366
97.1725
97.8552
98.6850
99.6616
100.2232
100.3696
100.1008
99.4170
98.3180
96.8039
94.8746
92.5303
90.5910
89.0568
87.9277
87.2037
86.8847
86.9709
87.4622
88.3586
88.9435
89.2170
89.1791
88.8297
88.1689
87.1967
85.9131
84.3180
83.5483
83.6040
84.4850
86.1914
88.7232
92.0804
96.2629
101.2708
105.5640
109.1425
112.0064
114.1556
115.5901
116.3099
116.3151
115.6056
115.8210
116.9613
119.0266
122.0168
125.9319
130.7719
136.5369
143.2268
148.9688
153.7628
157.6089
160.5070
162.4572
163.4594
163.5137
162.6201
161.6739
160.6750
159.6236
158.5195
157.3628
156.1536
154.8917
153.5772
152.4295
151.4485
150.6343
149.9868
149.5060
149.1920
149.0448
149.0643
148.9036
148.5627
148.0416
147.3404
146.4589
145.3973
144.1554
142.7334
141.3239
139.9271
138.5428
137.1712
135.8121
134.4656
133.1318
131.8105
130.4877
129.1634
127.8375
126.5101
125.1812
123.8507
122.5187
121.1851
120.1122
119.2999
118.7483
118.4572
118.4268
118.6570
119.1478
119.8993
120.4153
120.6959
120.7411
120.5508
120.1251
119.4639
118.5673
117.4353
116.4774
115.6937
115.0841
114.6486
114.3872
114.3000
114.3868
114.6479
114.6378
114.3566
113.8044
112.9811
111.8867
110.5212
108.8846
106.9769
105.3493
104.0017
102.9342
102.1467
101.6392
101.4118
101.4645
101.7972
101.9804
102.0140
101.8981
101.6326
101.2176
100.6531
99.9390
99.0754
98.2852
97.5685
96.9252
96.3553
95.8589
95.4359
95.0863
94.8102
94.5401
94.2760
94.0178
93.7657
93.5195
93.2793
93.0451
92.8169
92.6127
92.4326
92.2765
92.1444
92.0364
91.9525
91.8925
91.8566
91.8323
91.8196
91.8183
91.8287
91.8506
91.8841
91.9291
91.9857
91.9534
91.8324
91.6225
91.3238
90.9363
90.4600
89.8949
89.2410
88.5197
87.7310
86.8749
85.9515
84.9607
83.9025
82.7769
81.5840
81.5935
82.8054
85.2198
88.8366
93.6558
99.6775
106.9016
115.3281
122.7678
129.2208
134.6870
139.1664
142.6590
145.1648
146.6838
147.2161
147.6025
147.8431
147.9379
147.8868
147.6899
147.3471
146.8586
146.2241
145.7123
145.3230
145.0563
144.9121
144.8905
144.9915
145.2150
145.5611
145.9633
146.4215
146.9358
147.5061
148.1325
148.8149
149.5534
150.3480
151.0461
151.6478
152.1531
152.5620
152.8744
153.0904
153.2100
153.2331
153.1819
153.0562
152.8562
152.5817
152.2329
151.8097
151.3121
150.7400
150.1469
149.5327
148.8975
148.2411
147.5636
146.8650
146.1454
145.4047
144.6503
143.8823
143.1006
142.3054
141.4965
140.6739
139.8377
138.9879
138.0336
136.9747
135.8113
134.5433
133.1708
131.6937
130.1122
128.4260
126.7847
125.1881
123.6362
122.1291
120.6668
119.2492
117.8764
116.5484
115.3009
114.1339
113.0474
112.0416
111.1162
110.2714
109.5071
108.8233
108.2061
107.6553
107.1709
106.7530
106.4016
106.1166
105.8981
105.7461
105.4384
104.9748
104.3556
103.5806
102.6498
101.5633
100.3210
98.9231
97.5570
96.2230
94.9210
93.6509
92.4128
91.2068
90.0327
88.8905
87.8275
86.8437
85.9389
85.1132
84.3667
83.6993
83.1110
82.6018
82.1249
81.6804
81.2682
80.8883
80.5407
80.2255
79.9426
79.6920
79.5376
79.4793
79.5171
79.6511
79.8813
80.2076
80.6300
81.1486
81.6597
82.1633
82.6594
83.1481
83.6293
84.1030
84.5693
85.0280
86.0446
87.6189
89.7511
92.4410
95.6887
99.4942
103.8575
108.7786
113.9925
119.4991
125.2984
131.3906
137.7754
144.4530
151.4234
158.6865
164.7442
169.5965
173.2434
175.6849
176.9209
176.9516
175.7768
173.3966
171.0679
168.7908
166.5651
164.3909
162.2682
160.1971
158.1774
156.2092
154.3873
152.7117
151.1823
149.7993
148.5625
147.4720
146.5278
145.7298
144.8788
143.9746
143.0174
142.0071
140.9437
139.8272
138.6577
137.4350
136.1355
134.7591
133.3058
131.7757
130.1688
128.4849
126.7242
124.8866
123.3075
121.9868
120.9246
120.1208
119.5755
119.2885
119.2601
119.4901
119.5728
119.5083
119.2966
118.9376
118.4314
117.7779
116.9772
116.0293
115.1034
114.1996
113.3178
112.4581
111.6204
110.8048
110.0112
109.2396
108.5784
108.0275
107.5870
107.2569
107.0371
106.9276
106.9285
107.0397
107.0396
106.9283
106.7057
106.3718
105.9266
105.3701
104.7024
103.9234
103.2399
102.6521
102.1599
101.7633
101.4624
101.2570
101.1473
101.1331
101.0464
100.8872
100.6554
100.3510
99.9741
99.5246
99.0025
98.4079
97.7850
97.1338
96.4543
95.7465
95.0103
94.2459
93.4531
92.6321
91.8731
91.1761
90.5412
89.9683
89.4574
89.0086
88.6219
88.2972
87.9442
87.5631
87.1538
86.7162
86.2505
85.7566
85.2344
84.6840
84.0678
83.3857
82.6377
81.8237
80.9440
79.9983
78.9867
77.9093
76.8505
75.8105
74.7891
73.7865
72.8026
71.8374
70.8909
69.9631
69.7487
70.2479
71.4605
73.3865
76.0261
79.3791
83.4456
88.2255
93.4446
99.1028
105.2001
111.7365
118.7120
126.1267
133.9805
142.2734
149.3404
155.1815
159.7967
163.1860
165.3493
166.2868
165.9983
164.4839
163.2000
162.1466
161.3238
160.7314
160.3695
160.2382
160.3373
160.6669
161.0389
161.4531
161.9097
162.4086
162.9498
163.5333
164.1591
164.8272
165.3526
165.7352
165.9752
166.0723
166.0268
165.8385
165.5074
165.0337
164.4300
163.6964
162.8329
161.8395
160.7162
159.4630
158.0799
156.5669
154.9668
153.2798
151.5057
149.6446
147.6965
145.6614
143.5392
141.3301
139.3421
137.5754
136.0298
134.7054
133.6022
132.7202
132.0593
131.6197
130.8239
129.6720
128.1640
126.2998
124.0795
121.5030
118.5704
115.2817
112.2801
109.5655
107.1380
104.9975
103.1441
101.5778
100.2986
99.3064
98.2043
96.9924
95.6705
94.2388
92.6971
91.0456
89.2842
87.4128
85.8364
84.5548
83.5680
82.8761
82.4791
82.3769
82.5695
83.0570
83.5846
84.1523
84.7602
85.4081
86.0961
86.8243
87.5925
88.4009
89.0601
89.5703
89.9314
90.1433
90.2062
90.1200
89.8847
89.5003
89.1588
88.8601
88.6043
88.3914
88.2213
88.0941
88.0098
87.9683
87.9938
88.0865
88.2461
88.4729
88.7666
89.1275
89.5554
90.0503
90.4228
90.6727
90.8002
90.8052
90.6878
90.4478
90.0854
89.6004
89.1538
88.7454
88.3752
88.0434
87.7497
87.4944
87.2773
87.0984
87.0223
87.0488
87.1780
87.4098
87.7444
88.1816
88.7215
89.3640
91.2475
94.3718
98.7370
104.3430
111.1899
119.2777
128.6064
139.1759
148.0677
155.2818
160.8182
164.6768
166.8577
167.3609
166.1864
163.3342
160.9321
158.9803
157.4787
156.4273
155.8262
155.6752
155.9745
156.7240
157.2013
157.4065
157.3396
157.0006
156.3894
155.5061
154.3506
152.9230
151.6216
150.4464
149.3974
148.4746
147.6779
147.0074
146.4632
146.0451
145.3818
144.4733
143.3196
141.9207
140.2766
138.3873
136.2529
133.8732
131.7348
129.8377
128.1819
126.7674
125.5942
124.6622
123.9716
123.5222
123.1354
122.8112
122.5495
122.3505
122.2140
122.1401
122.1288
122.1800
122.3617
122.6740
123.1167
123.6898
124.3935
125.2277
126.1923
127.2874
128.2492
129.0777
129.7728
130.3345
130.7630
131.0581
131.2198
131.2482
131.1427
130.9034
130.5301
130.0230
129.3820
128.6071
127.6984
126.6557
125.6861
124.7895
123.9658
123.2152
122.5376
121.9330
121.4014
120.9428
120.4399
119.8927
119.3012
118.6653
117.9852
117.2607
116.4919
115.6788
114.9497
114.3048
113.7439
113.2671
112.8744
112.5658
112.3413
112.2008
112.0292
111.8265
111.5925
111.3275
111.0312
110.7038
110.3453
109.9556
109.5374
109.0906
108.6152
108.1114
107.5789
107.0180
106.4284
105.8103
105.1768
104.5279
103.8636
103.1838
102.4886
101.7779
101.0519
100.3104
99.5880
98.8845
98.2001
97.5348
96.8884
96.2611
95.6528
95.0636
94.4196
93.7208
92.9674
92.1591
91.2961
90.3784
89.4059
88.3787
88.0916
88.5448
89.7381
91.6715
94.3452
97.7590
101.9129
106.8071
111.3033
115.4016
119.1019
122.4043
125.3088
127.8153
129.9239
131.6346
132.9896
133.9888
134.6323
134.9202
134.8523
134.4287
133.6493
132.5143
131.5692
130.8141
130.2489
129.8737
129.6884
129.6931
129.8877
130.2722
130.7219
131.2367
131.8166
132.4616
133.1717
133.9470
134.7873
135.6928
136.4352
137.0146
137.4310
137.6843
137.7746
137.7018
137.4660
137.0672
136.5636
135.9553
135.2423
134.4245
133.5020
132.4747
131.3427
130.1060
129.1459
128.4623
128.0552
127.9248
128.0709
128.4935
129.1927
130.1685
130.6467
130.6274
130.1106
129.0962
127.5844
125.5749
123.0680
120.0635
117.4694
115.2856
113.5122
112.1492
111.1965
110.6542
110.5222
110.8007
110.7529
110.3789
109.6788
108.6524
107.2999
105.6212
103.6163
101.2852
99.2323
97.4574
95.9607
94.7421
93.8015
93.1391
92.7548
92.6486
92.6568
92.7792
93.0159
93.3670
93.8323
94.4120
95.1059
95.9142
96.6026
97.1711
97.6197
97.9483
98.1571
98.2460
98.2150
98.0640
97.9464
97.8619
97.8107
97.7928
97.8081
97.8566
97.9384
98.0534
98.1363
98.1870
98.2056
98.1921
98.1464
98.0685
97.9585
97.8164
97.6528
97.4677
97.2612
97.0333
96.7838
96.5130
96.2206
95.9068
95.6156
95.3468
95.1005
94.8768
94.6756
94.4969
94.3407
94.2070
93.9813
93.6637
93.2540
92.7524
92.1587
91.4731
90.6955
89.8258
89.9291
91.0051
93.0540
96.0757
100.0703
105.0377
110.9780
117.8911
124.4236
130.5754
136.3466
141.7371
146.7470
151.3763
155.6249
159.4929
162.7047
165.2604
167.1599
168.4032
168.9903
168.9212
168.1960
166.8146
165.5972
164.5439
163.6545
162.9292
162.3680
161.9707
161.7375
161.6683
161.3182
160.6874
159.7757
158.5831
157.1097
155.3555
153.3204
151.0046
148.9639
147.1985
145.7084
144.4935
143.5538
142.8894
142.5002
142.3863
141.8709
140.9540
139.6356
137.9157
135.7943
133.2713
130.3469
127.0210
124.1342
121.6865
119.6779
118.1084
116.9780
116.2868
116.0346
116.2216
116.3061
116.2883
116.1681
115.9455
115.6205
115.1931
114.6634
114.0312
113.3218
112.5351
111.6712
110.7300
109.7116
108.6159
107.4429
106.1927
105.1608
104.3471
103.7518
103.3747
103.2159
103.2754
103.5531
104.0492
104.3821
104.5518
104.5584
104.4019
104.0823
103.5995
102.9535
102.1445
101.3694
100.6284
99.9215
99.2486
98.6097
98.0049
97.4342
96.8974
96.4496
96.0907
95.8208
95.6397
95.5476
95.5443
95.6300
95.8046
95.7682
95.5207
95.0622
94.3926
93.5120
92.4204
91.1177
89.6039
88.3321
87.3023
86.5145
85.9685
85.6646
85.6026
85.7825
86.2044
86.4739
86.5910
86.5557
86.3680
86.0279
85.5354
84.8905
84.0931
83.3672
82.7127
82.1296
81.6178
81.1775
80.8086
80.5111
80.2850
80.2202
80.3166
80.5743
80.9933
81.6947
82.6786
83.9450
85.4938
87.6841
90.5159
93.9891
98.1038
105.8897
117.3469
127.4101
136.0792
143.6299
150.0623
155.3763
159.5720
162.0434
162.7905
161.8133
159.1118
156.7768
154.8083
153.2064
151.9710
151.0898
150.5627
150.3898
150.5711
150.6868
150.7370
150.7216
150.6408
150.4944
150.2825
150.0050
149.6620
149.4814
149.4632
149.6073
149.9138
150.3827
151.0139
151.8075
152.7635
153.1072
152.8385
151.9576
150.4644
148.3590
145.6412
142.3111
138.3687
134.9219
131.9705
129.5146
127.5542
126.0892
125.1198
124.6459
124.6674
124.6455
124.5802
124.4715
124.3194
124.1238
123.8849
123.6025
123.2766
122.9221
122.5390
122.1272
121.6867
121.2175
120.7196
120.1931
119.6380
119.0820
118.5251
117.9675
117.4090
116.8497
116.2896
115.7287
115.1670
114.7512
114.4814
114.3576
114.3798
114.5480
114.8622
115.3224
115.9285
116.5075
117.0594
117.5841
118.0817
118.5522
118.9956
119.4118
119.8008
120.1437
120.4403
120.6906
120.8948
121.0527
121.1643
121.2298
121.2490
120.9898
120.4522
119.6362
118.5418
117.1690
115.5178
113.5881
111.3801
109.5047
107.9619
106.7517
105.8742
105.3292
105.1169
105.2372
105.6901
106.0645
106.3603
106.5776
106.7164
106.7766
106.7583
106.6614
106.4860
106.1426
105.6313
104.9519
104.1045
103.0892
101.9059
100.5545
99.0352
97.6681
96.4531
95.3904
94.4799
93.7215
93.1154
92.6615
92.3597
92.4526
92.9400
93.8221
95.0987
96.7699
98.8357
101.2961
104.1511
106.4149
108.0876
109.1690
109.6593
109.5583
108.8662
107.5830
105.7085
104.8237
104.9287
106.0233
108.1077
111.1817
115.2455
120.2989
126.3421
131.5834
136.0229
139.6605
142.4963
144.5302
145.7622
146.1924
145.8208
145.4011
144.9335
144.4179
143.8543
143.2428
142.5832
141.8757
141.1202
140.3194
139.4731
138.5815
137.6446
136.6622
135.6345
134.5615
133.4430
132.2372
130.9439
129.5633
128.0952
126.5397
124.8968
123.1665
121.3488
119.8229
118.5888
117.6465
116.9961
116.6374
116.5706
116.7956
117.3124
117.7856
118.2151
118.6009
118.9431
119.2416
119.4965
119.7077
119.8753
119.9987
120.0778
120.1127
120.1035
120.0500
119.9523
119.8104
119.6243
119.4173
119.1894
118.9406
118.6709
118.3804
118.0689
117.7366
117.3834
117.1395
117.0048
116.9796
117.0636
117.2569
117.5595
117.9715
118.4927
118.8317
118.9883
118.9625
118.7545
118.3641
117.7914
117.0364
116.0991
115.2594
114.5175
113.8732
113.3267
112.8779
112.5267
112.2733
112.1176
111.9606
111.8025
111.6431
111.4826
111.3208
111.1578
110.9935
110.8281
110.6395
110.4277
110.1927
109.9345
109.6531
109.3486
109.0208
108.6698
108.3018
107.9167
107.5145
107.0953
106.6589
106.2055
105.7350
105.2475
104.7654
104.2888
103.8177
103.3520
102.8918
102.4372
101.9880
101.5443
101.1302
100.7458
100.3911
100.0660
99.7706
99.5049
99.2689
99.0625
98.9101
98.8118
98.7675
98.7773
98.8411
98.9590
99.1309
99.3568
99.4710
99.4734
99.3639
99.1427
98.8097
98.3649
97.8083
97.1399
97.0666
97.5883
98.7050
100.4168
102.7236
105.6254
109.1223
113.2142
117.1421
120.9059
124.5057
127.9415
131.2133
134.3210
137.2647
140.0444
142.3633
144.2215
145.6189
146.5556
147.0315
147.0467
146.6011
145.6948
144.7826
143.8644
142.9404
142.0105
141.0747
140.1330
139.1853
138.2318
137.4184
136.7450
136.2118
135.8186
135.5655
135.4526
135.4797
135.6469
135.6925
135.6166
135.4191
135.1001
134.6595
134.0974
133.4138
132.6085
131.6981
130.6824
129.5616
128.3355
127.0042
125.5676
124.0259
122.3789
120.9349
119.6939
118.6559
117.8208
117.1887
116.7595
116.5333
116.5101
116.4276
116.2859
116.0848
115.8246
115.5050
115.1262
114.6881
114.1907
113.7727
113.4340
113.1746
112.9945
112.8937
112.8722
112.9300
113.0671
113.1505
113.1802
113.1561
113.0783
112.9468
112.7615
112.5225
112.2297
111.9764
111.7625
111.5881
111.4531
111.3576
111.3015
111.2849
111.3077
111.3038
111.2732
111.2158
111.1317
111.0208
110.8833
110.7190
110.5280
110.3557
110.2021
110.0673
109.9512
109.8538
109.7751
109.7152
109.6740
109.5896
109.4618
109.2908
109.0766
108.8190
108.5182
108.1741
107.7867
107.4128
107.0524
106.7054
106.3719
106.0519
105.7453
105.4523
105.1726
104.9145
104.6777
104.4623
104.2683
104.0958
103.9447
103.8150
103.7067
103.5186
103.2509
102.9035
102.4763
101.9694
101.3828
100.7164
99.9704
99.1701
98.3157
97.4071
96.4443
95.4273
94.3561
93.2307
92.0512
91.5532
91.7369
92.6021
94.1489
96.3774
99.2874
102.8790
107.1523
111.1698
114.9318
118.4381
121.6887
124.6837
127.4231
129.9068
132.1348
133.9937
135.4834
136.6039
137.3552
137.7372
137.7502
137.3939
136.6684
135.9583
135.2636
134.5843
133.9205
133.2720
132.6389
132.0212
131.4189
130.9304
130.5557
130.2949
130.1478
130.1145
130.1951
130.3894
130.6976
131.0292
131.3843
131.7628
132.1648
132.5903
133.0392
133.5116
134.0074
134.3716
134.6042
134.7053
134.6747
134.5126
134.2188
133.7935
133.2366
132.6157
131.9310
131.1824
130.3699
129.4936
128.5533
127.5491
126.4811
125.5928
124.8842
124.3554
124.0064
123.8371
123.8475
124.0377
124.4077
124.6663
124.8136
124.8497
124.7744
124.5878
124.2899
123.8808
123.3603
122.8281
122.2842
121.7286
121.1613
120.5824
119.9917
119.3893
118.7752
118.2034
117.6739
117.1867
116.7417
116.3390
115.9786
115.6604
115.3845
115.1417
114.9319
114.7553
114.6116
114.5010
114.4235
114.3791
114.3677
114.2169
113.9267
113.4972
112.9282
112.2199
111.3721
110.3849
109.2584
108.3257
107.5869
107.0419
106.6907
106.5334
106.5700
106.8004
107.2247
107.5338
107.7277
107.8064
107.7700
107.6184
107.3516
106.9697
106.4726
106.0027
105.5600
105.1445
104.7563
104.3953
104.0616
103.7551
103.4757
103.1556
102.7946
102.3928
101.9502
101.4667
100.9424
100.3772
99.7712
99.1163
98.4124
97.6596
96.8578
96.0071
95.1075
94.1589
93.1614
92.5963
92.4635
92.7631
93.4951
94.6595
96.2562
98.2853
100.7468
103.2331
105.7443
108.2802
110.8410
113.4266
116.0370
118.6722
121.3323
123.5894
125.4436
126.8948
127.9431
128.5884
128.8308
128.6703
128.1068
127.4261
126.6281
125.7130
124.6806
123.5311
122.2643
120.8802
119.3790
118.2342
117.4458
117.0137
116.9381
117.2189
117.8561
118.8497
120.1997
121.3589
122.3275
123.1054
123.6925
124.0889
124.2946
124.3096
124.1339
123.8924
123.5853
123.2124
122.7737
122.2694
121.6993
121.0635
120.3619
120.1011
120.2809
120.9014
121.9626
123.4644
125.4069
127.7901
130.6140
133.1561
135.4164
137.3949
139.0917
140.5067
141.6399
142.4913
143.0609
143.4409
143.6312
143.6318
143.4428
143.0641
142.4957
141.7376
140.7899
139.9430
139.1970
138.5518
138.0075
137.5640
137.2213
136.9795
136.8385
136.6117
136.2991
135.9006
135.4164
134.8463
134.1904
133.4486
132.6210
131.7939
130.9673
130.1412
129.3155
128.4903
127.6655
126.8413
126.0175
125.1899
124.3587
123.5238
122.6851
121.8427
120.9966
120.1468
119.2932
118.2468
117.0074
115.5751
113.9498
112.1317
110.1206
107.9165
105.5196
103.1490
100.8047
98.4868
96.1952
93.9300
91.6911
89.4786
87.2924
85.5198
84.1609
83.2157
82.6841
82.5662
82.8619
83.5712
84.6942
85.5538
86.1499
86.4826
86.5518
86.3576
85.8999
85.1788
84.1942
83.6633
83.5858
83.9620
84.7917
86.0750
87.8119
90.0023
92.6463
95.0971
97.3546
99.4189
101.2899
102.9677
104.4522
105.7435
106.8415
108.1523
109.6760
111.4126
113.3620
115.5242
117.8992
120.4871
123.2879
125.4899
127.0933
128.0980
128.5039
128.3112
127.5198
126.1297
124.1409
122.4571
121.0781
120.0041
119.2351
118.7709
118.6117
118.7574
119.2080
119.6213
119.9973
120.3360
120.6374
120.9015
121.1282
121.3176
121.4698
121.6711
121.9216
122.2213
122.5702
122.9683
123.4156
123.9121
124.4578
125.0626
125.7265
126.4496
127.2318
128.0731
128.9735
129.9331
130.9518
132.0495
133.2262
134.4820
135.8167
137.2305
138.7234
140.2952
141.9461
143.2027
144.0651
144.5333
144.6072
144.2869
143.5724
142.4637
140.9607
139.6281
138.4658
137.4739
136.6523
136.0011
135.5202
135.2096
135.0694
134.8814
134.6456
134.3620
134.0305
133.6512
133.2241
132.7491
132.2264
131.8031
131.4793
131.2549
131.1300
131.1045
131.1786
131.3520
131.6250
131.8924
132.1542
132.4105
132.6612
132.9064
133.1461
133.3802
133.6087
133.6375
133.4667
133.0961
132.5258
131.7558
130.7861
129.6167
128.2476
126.9543
125.7370
124.5956
123.5300
122.5404
121.6266
120.7887
120.0268
119.2065
118.3280
117.3912
116.3961
115.3427
114.2310
113.0610
111.8328
110.5068
109.0832
107.5620
105.9430
104.2264
102.4120
100.5001
98.4904
96.6459
94.9667
93.4526
92.1038
90.9202
89.9017
89.0485
88.3605
87.5414
86.5913
85.5101
84.2978
82.9544
81.4800
79.8745
78.1380
77.1923
77.0376
77.6737
79.1008
81.3188
84.3277
88.1276
92.7183
96.8095
100.4012
103.4934
106.0861
108.1792
109.7729
110.8670
111.4616
111.8702
112.0928
112.1295
111.9802
111.6450
111.1237
110.4165
109.5233
108.6110
107.6795
106.7288
105.7590
104.7700
103.7618
102.7344
101.6879
100.6863
99.7296
98.8178
97.9509
97.1289
96.3519
95.6197
94.9325
94.3244
93.7954
93.3456
92.9749
92.6833
92.4709
92.3377
92.2835
92.2000
92.0870
91.9445
91.7727
91.5714
91.3407
91.0805
90.7909
90.6736
90.7285
90.9556
91.3550
91.9267
92.6705
93.5867
94.6750
95.9084
97.2869
98.8104
100.4789
102.2925
104.2511
106.3548
108.6035
111.1565
114.0137
117.1751
120.6408
124.4107
128.4848
132.8632
137.5459
142.0514
146.3798
150.5312
154.5055
158.3026
161.9227
165.3657
168.6316
171.2176
173.1237
174.3499
174.8961
174.7624
173.9489
172.4554
170.2819
168.2517
166.3648
164.6210
163.0204
161.5631
160.2489
159.0780
158.0503
156.9705
155.8386
154.6546
153.4185
152.1303
150.7900
149.3976
147.9531
146.5409
145.1611
143.8136
142.4985
141.2157
139.9653
138.7473
137.5616
136.2763
134.8915
133.4071
131.8232
130.1397
128.3567
126.4742
124.4920
122.5046
120.5117
118.5135
116.5099
114.5009
112.4865
110.4668
108.4417
106.4853
104.5975
102.7783
101.0278
99.3459
97.7327
96.1882
94.7122
93.1815
91.5961
89.9558
88.2608
86.5110
84.7064
82.8470
80.9329
79.9720
79.9644
80.9100
82.8089
85.6610
89.4664
94.2251
99.9370
105.2608
110.1967
114.7445
118.9043
122.6761
126.0598
129.0555
131.6632
133.5209
134.6286
134.9862
134.5938
133.4514
131.5590
128.9165
125.5241
122.5569
120.0149
117.8981
116.2066
114.9403
114.0992
113.6834
113.6928
113.6256
113.4818
113.2614
112.9644
112.5908
112.1406
111.6139
111.0105
110.4735
110.0031
109.5990
109.2615
108.9903
108.7857
108.6474
108.5757
108.4672
108.3222
108.1405
107.9221
107.6671
107.3755
107.0472
106.6822
106.3319
105.9962
105.6750
105.3685
105.0766
104.7992
104.5365
104.2884
104.1702
104.1821
104.3238
104.5956
104.9973
105.5289
106.1906
106.9822
107.8155
108.6906
109.6075
110.5662
111.5666
112.6087
113.6926
114.8183
115.8780
116.8717
117.7994
118.6611
119.4569
120.1866
120.8504
121.4481
121.9931
122.4851
122.9244
123.3108
123.6443
123.9250
124.1529
124.3279
124.4897
124.6383
124.7738
124.8960
125.0050
125.1008
125.1835
125.2529
125.2196
125.0835
124.8448
124.5033
124.0591
123.5121
122.8624
122.1100
121.5672
121.2340
121.1103
121.1962
121.4918
121.9969
122.7116
123.6358
124.4016
125.0089
125.4577
125.7480
125.8798
125.8532
125.6680
125.3244
124.9036
124.4057
123.8307
123.1786
122.4494
121.6430
120.7595
119.7989
118.8790
117.9998
117.1613
116.3635
115.6063
114.8899
114.2141
113.5791
112.7892
111.8444
110.7447
109.4902
108.0808
106.5165
104.7974
102.9234
101.7381
101.2416
101.4338
102.3148
103.8844
106.1428
109.0900
112.7259
116.3776
120.0452
123.7287
127.4281
131.1433
134.8744
138.6214
142.3842
145.3708
147.5812
149.0152
149.6731
149.5547
148.6600
146.9891
144.5419
142.1593
139.8413
137.5879
135.3991
133.2748
131.2152
129.2201
127.2896
125.6254
124.2274
123.0958
122.2303
121.6312
121.2983
121.2318
121.4314
121.4431
121.2667
120.9023
120.3498
119.6093
118.6808
117.5642
116.2596
114.9912
113.7589
112.5629
111.4031
110.2794
109.1920
108.1407
107.1256
106.2580
105.5377
104.9648
104.5393
104.2612
104.1304
104.1471
104.3111
104.3717
104.3289
104.1825
103.9327
103.5795
103.1228
102.5626
101.8990
101.3943
101.0486
100.8619
100.8342
100.9655
101.2557
101.7049
102.3131
102.7996
103.1644
103.4074
103.5287
103.5283
103.4062
103.1624
102.7969
102.7021
102.8782
103.3251
104.0428
105.0314
106.2907
107.8209
109.6219
111.1699
112.4651
113.5073
114.2965
114.8328
115.1162
115.1467
114.9242
114.8000
114.7739
114.8459
115.0162
115.2847
115.6513
116.1161
116.6792
117.2823
117.9256
118.6090
119.3325
120.0962
120.8999
121.7439
122.6279
123.4096
124.0890
124.6661
125.1409
125.5133
125.7834
125.9512
126.0167
126.0380
126.0153
125.9484
125.8374
125.6824
125.4832
125.2399
124.9525
124.4406
123.7043
122.7435
121.5583
120.1486
118.5144
116.6557
114.5726
112.4776
110.3706
108.2516
106.1207
103.9778
101.8229
99.6561
97.4774
96.4413
96.5479
97.7971
100.1891
103.7236
108.4009
114.2208
121.1834
127.4891
133.1381
138.1302
142.4655
146.1440
149.1657
151.5306
153.2387
154.5283
155.3994
155.8521
155.8863
155.5020
154.6993
153.4781
151.8384
150.2291
148.6503
147.1018
145.5836
144.0959
142.6385
141.2116
139.8150
138.4316
137.0612
135.7041
134.3600
133.0291
131.7113
130.4067
129.1152
127.7859
126.4188
125.0139
123.5712
122.0907
120.5724
119.0163
117.4223
115.8164
114.1983
112.5682
110.9260
109.2718
107.6055
105.9271
104.2367
102.7535
101.4777
100.4091
99.5478
98.8938
98.4471
98.2077
98.1756
98.0900
97.9510
97.7585
97.5126
97.2133
96.8605
96.4542
95.9945
95.6157
95.3179
95.1010
94.9650
94.9100
94.9359
95.0427
95.2305
95.3487
95.3974
95.3765
95.2861
95.1261
94.8966
94.5975
94.2289
93.9007
93.6130
93.3657
93.1589
92.9925
92.8666
92.7811
92.7361
92.8983
93.2678
93.8446
94.6287
95.6200
96.8186
98.2245
99.8377
101.2565
102.4810
103.5112
104.3471
104.9887
105.4359
105.6888
105.7474
105.9105
106.1781
106.5502
107.0269
107.6081
108.2938
109.0840
109.9787
110.7824
111.4950
112.1164
112.6468
113.0862
113.4344
113.6915
113.8576
113.8565
113.6882
113.3528
112.8502
112.1805
111.3436
110.3396
109.1684
108.1711
107.3477
106.6982
106.2227
105.9210
105.7932
105.8393
106.0594
106.1904
106.2325
106.1855
106.0496
105.8246
105.5107
105.1078
104.6159
104.9188
106.0166
107.9092
110.5968
114.0791
118.3563
123.4284
129.2953
134.8535
140.1028
145.0434
149.6751
153.9981
158.0123
161.7176
165.1142
167.8147
169.8191
171.1274
171.7397
171.6558
170.8759
169.3998
167.2277
165.3492
163.7643
162.4731
161.4755
160.7715
160.3611
160.2444
160.4213
160.4831
160.4300
160.2620
159.9789
159.5808
159.0677
158.4397
157.6967
156.8331
155.8489
154.7442
153.5189
152.1731
150.7067
149.1197
147.4122
145.6903
143.9539
142.2030
140.4377
138.6580
136.8638
135.0552
133.2321
131.5083
129.8839
128.3587
126.9329
125.6064
124.3792
123.2513
122.2227
121.1838
120.1345
119.0750
118.0051
116.9249
115.8343
114.7335
113.6223
112.6126
111.7043
110.8976
110.1923
109.5885
109.0861
108.6853
108.3859
108.0371
107.6389
107.1912
106.6942
106.1477
105.5519
104.9066
104.2119
103.4627
102.6589
101.8007
100.8879
99.9206
98.8988
97.8225
96.6917
95.6909
94.8202
94.0795
93.4689
92.9884
92.6379
92.4174
92.3270
92.1653
91.9322
91.6277
91.2519
90.8048
90.2862
89.6964
89.0351
88.3359
87.5987
86.8234
86.0102
85.1590
84.2698
83.3426
82.3774
81.5803
80.9514
80.4905
80.1978
80.0732
80.1168
80.3284
80.7082
80.9440
81.0359
80.9837
80.7876
80.4476
79.9635
79.3355
78.5635
77.9040
77.3570
76.9225
76.6005
76.3910
76.2939
76.3094
76.4374
76.4801
76.4374
76.3095
76.0963
75.7978
75.4140
74.9448
74.3904
74.4236
75.0443
76.2526
78.0485
80.4319
83.4029
86.9614
91.1075
95.7904
101.0099
106.7660
113.0589
119.8885
127.2547
135.1577
143.5973
150.8456
156.9026
161.7682
165.4426
167.9256
169.2174
169.3178
168.2269
167.4432
166.9667
166.7974
166.9352
167.3803
168.1326
169.1921
170.5588
171.4623
171.9026
171.8797
171.3935
170.4442
169.0316
167.1559
164.8169
162.8031
161.1146
159.7513
158.7131
158.0002
157.6126
157.5501
157.8128
157.6652
157.1073
156.1390
154.7604
152.9714
150.7721
148.1625
145.1425
142.3388
139.7514
137.3804
135.2257
133.2872
131.5651
130.0593
128.7698
127.5667
126.4501
125.4199
124.4761
123.6187
122.8478
122.1633
121.5653
120.9500
120.3177
119.6681
119.0014
118.3176
117.6166
116.8985
116.1632
115.3554
114.4752
113.5226
112.4975
111.4000
110.2300
108.9876
107.6727
106.3822
105.1162
103.8746
102.6573
101.4645
100.2961
99.1521
98.0325
97.0328
96.1531
95.3932
94.7532
94.2331
93.8329
93.5527
93.3923
93.2224
93.0429
92.8540
92.6555
92.4475
92.2300
92.0030
91.7664
91.4995
91.2021
90.8743
90.5161
90.1276
89.7086
89.2592
88.7794
88.3729
88.0399
87.7801
87.5938
87.4808
87.4412
87.4749
87.5820
87.5516
87.3836
87.0781
86.6351
86.0545
85.3363
84.4806
83.4874
82.6809
82.0612
81.6282
81.3819
81.3224
81.4496
81.7636
82.2643
82.6650
82.9655
83.1659
83.2663
83.2665
83.1666
82.9667
82.6666
82.6887
83.0329
83.6993
84.6877
85.9983
87.6310
89.5859
91.8628
94.8952
98.6831
103.2264
108.5252
114.5794
121.3890
128.9541
137.2747
144.7876
151.4928
157.3905
162.4805
166.7628
170.2376
172.9047
174.7641
176.0390
176.7293
176.8351
176.3563
175.2930
173.6451
171.4126
168.5956
166.0617
163.8109
161.8433
160.1588
158.7575
157.6393
156.8042
156.2523
155.5293
154.6353
153.5702
152.3341
150.9269
149.3487
147.5994
145.6791
143.7727
141.8803
140.0018
138.1373
136.2868
134.4503
132.6277
130.8190
129.1397
127.5897
126.1690
124.8776
123.7155
122.6828
121.7793
121.0052
120.3831
119.9132
119.5953
119.4295
119.4159
119.5543
119.8449
120.2875
120.3622
120.0690
119.4079
118.3789
116.9819
115.2171
113.0844
110.5837
108.4061
106.5515
105.0200
103.8115
102.9261
102.3637
102.1244
102.2081
102.0854
101.7563
101.2208
100.4790
99.5307
98.3761
97.0150
95.4476
94.1318
93.0676
92.2551
91.6942
91.3849
91.3272
91.5212
91.9668
92.3375
92.6333
92.8542
93.0002
93.0712
93.0674
92.9887
92.8350
92.8015
92.8880
93.0946
93.4214
93.8682
94.4351
95.1221
95.9292
96.6272
97.2161
97.6960
98.0667
98.3284
98.4809
98.5244
98.4588
98.4498
98.4976
98.6020
98.7630
98.9808
99.2553
99.5864
99.9742
100.4041
100.8762
101.3903
101.9467
102.5451
103.1857
103.8684
104.5932
105.0448
105.2232
105.1283
104.7603
104.1190
103.2044
102.0167
100.5557
100.9194
103.1078
107.1209
112.9586
120.6210
130.1080
141.4198
154.5562
165.6598
174.7305
181.7683
186.7733
189.7455
190.6847
189.5912
186.4648
183.6513
181.1509
178.9634
177.0889
175.5274
174.2789
173.3434
172.7209
172.1290
171.5679
171.0374
170.5376
170.0684
169.6300
169.2222
168.8451
168.5357
168.2940
168.1200
168.0138
167.9752
168.0043
168.1012
168.2658
168.3863
168.4629
168.4954
168.4839
168.4283
168.3288
168.1852
167.9976
167.4746
166.6160
165.4220
163.8925
162.0275
159.8270
157.2910
154.4195
151.7897
149.4015
147.2550
145.3501
143.6868
142.2651
141.0851
140.1467
139.2045
138.2585
137.3088
136.3552
135.3978
134.4367
133.4717
132.5030
131.5698
130.6720
129.8097
128.9828
128.1914
127.4355
126.7151
126.0301
125.4929
125.1034
124.8616
124.7676
124.8212
125.0226
125.3718
125.8686
126.0969
126.0566
125.7477
125.1702
124.3241
123.2095
121.8262
120.1744
118.7428
117.5315
116.5404
115.7696
115.2190
114.8887
114.7786
114.8887
114.9697
115.0216
115.0444
115.0380
115.0025
114.9379
114.8442
114.7213
114.7019
114.7858
114.9732
115.2639
115.6581
116.1557
116.7567
117.4611
118.0926
118.6511
119.1367
119.5493
119.8889
120.1556
120.3494
120.4702
120.1327
119.3368
118.0827
116.3701
114.1993
111.5701
108.4826
104.9367
101.9863
99.6313
97.8717
96.7076
96.1389
96.1656
96.7878
98.0053
98.8854
99.4279
99.6328
99.5002
99.0301
98.2224
97.0771
95.5943
94.3106
93.2260
92.3404
91.6540
91.1665
90.8782
90.7889
90.8987
90.8317
90.5879
90.1673
89.5699
88.7957
87.8447
86.7169
85.4123
84.3356
83.4870
82.8663
82.4736
82.3089
82.3722
82.6634
83.1827
83.6352
84.0209
84.3398
84.5920
84.7775
84.8961
84.9480
84.9332
84.9495
84.9971
85.0759
85.1859
85.3272
85.4997
85.7034
85.9383
86.0941
86.1709
86.1685
86.0870
85.9264
85.6867
85.3679
84.9700
84.5486
84.1038
83.6354
83.1436
82.6283
82.0895
81.5272
80.9414
80.4288
79.9892
79.6228
79.3294
79.1092
78.9620
78.8880
78.8870
78.7441
78.4591
78.0322
77.4632
76.7522
75.8992
74.9042
73.7672
72.7230
71.7718
70.9134
70.1479
69.4753
68.8955
68.4087
68.0147
67.6626
67.3525
67.0842
66.8579
66.6734
66.5309
66.4303
66.3716
66.3058
66.2330
66.1530
66.0660
65.9719
65.8707
65.7624
65.6470
65.5288
65.4077
65.2838
65.1571
65.0275
64.8951
64.7599
64.6218
64.5584
64.5698
64.6560
64.8169
65.0526
65.3630
65.7481
66.2080
66.5032
66.6337
66.5995
66.4006
66.0371
65.5088
64.8158
63.9581
63.1411
62.3648
61.6293
60.9345
60.2804
59.6671
59.0945
58.5625
58.8214
59.8710
61.7113
64.3425
67.7643
71.9769
76.9803
82.7744
89.2103
96.2880
104.0074
112.3686
121.3393
130.9196
141.1094
151.9087
161.2060
169.0014
175.2948
180.0863
183.3758
185.1634
185.4490
184.2326
183.2212
182.4148
181.8134
181.4169
181.2254
181.2389
181.4574
181.8808
182.2127
182.4530
182.6018
182.6590
182.6247
182.4988
182.2813
181.9723
181.6854
181.4208
181.1784
180.9582
180.7601
180.5843
180.4307
180.2993
179.9945
179.5165
178.8652
178.0407
177.0428
175.8716
174.5271
173.0094
171.4735
169.9194
168.3472
166.7569
165.1484
163.5217
161.8769
160.2140
158.7364
157.4443
156.3376
155.4164
154.6805
154.1301
153.7651
153.5855
153.3353
153.0145
152.6231
152.1611
151.6285
151.0253
150.3515
149.6071
148.7308
147.7226
146.5826
145.3107
143.9069
142.3712
140.7037
138.9043
137.2717
135.8059
134.5069
133.3747
132.4093
131.6107
130.9789
130.5140
129.9498
129.2865
128.5240
127.6624
126.7016
125.6416
124.4825
123.2242
122.0421
120.9362
119.9066
118.9532
118.0760
117.2751
116.5503
115.9018
115.2992
114.7424
114.2316
113.7667
113.3476
112.9745
112.6472
112.3659
111.9939
111.5313
110.9781
110.3343
109.5999
108.7749
107.8593
106.8530
105.9993
105.2982
104.7496
104.3535
104.1099
104.0189
104.0805
104.2946
104.3516
104.2516
103.9945
103.5804
103.0092
102.2809
101.3956
100.3532
99.4071
98.5571
97.8034
97.1460
96.5847
96.1197
95.7508
95.4783
95.1393
94.7338
94.2620
93.7238
93.1191
92.4480
91.7106
90.9067
90.2425
89.7182
89.3336
89.0889
88.9839
89.0186
89.1932
89.5075
90.5394
92.2889
94.7559
97.9405
101.8426
106.4623
111.7996
117.8544
123.8644
129.8296
135.7499
141.6254
147.4560
153.2418
158.9827
164.6788
169.4252
173.2219
176.0688
177.9660
178.9134
178.9112
177.9592
176.0574
174.4020
172.9929
171.8300
170.9135
170.2433
169.8193
169.6417
169.7103
169.7148
169.6551
169.5312
169.3431
169.0909
168.7744
168.3938
167.9490
167.4240
166.8189
166.1335
165.3680
164.5223
163.5964
162.5904
161.5042
160.2635
158.8684
157.3189
155.6149
153.7565
151.7436
149.5763
147.2546
145.1384
143.2277
141.5224
140.0227
138.7284
137.6396
136.7564
136.0786
135.5500
135.1707
134.9405
134.8595
134.9277
135.1451
135.5117
136.0275
136.3351
136.4346
136.3259
136.0090
135.4840
134.7508
133.8095
132.6600
131.2985
129.7250
127.9395
125.9420
123.7325
121.3111
118.6776
115.8321
113.4162
111.4297
109.8727
108.7452
108.0473
107.7788
107.9398
108.5303
109.0197
109.4081
109.6953
109.8815
109.9666
109.9506
109.8335
109.6153
109.8611
110.5708
111.7444
113.3820
115.4836
118.0490
121.0785
124.5719
127.9810
131.3058
134.5463
137.7026
140.7745
143.7622
146.6657
149.4848
151.6986
153.3072
154.3104
154.7083
154.5010
153.6883
152.2703
150.2470
148.2854
146.3855
144.5474
142.7709
141.0561
139.4031
137.8117
136.2821
134.5649
132.6600
130.5676
128.2876
125.8200
123.1647
120.3219
117.2915
114.6280
112.3315
110.4019
108.8393
107.6436
106.8149
106.3531
106.2583
106.2769
106.4090
106.6546
107.0136
107.4860
108.0720
108.7713
109.5842
110.2455
110.7553
111.1136
111.3204
111.3756
111.2794
111.0317
110.6324
110.0849
109.3892
108.5452
107.5531
106.4127
105.1241
103.6873
102.1022
100.6080
99.2045
97.8918
96.6699
95.5388
94.4985
93.5489
92.6902
91.7744
90.8016
89.7718
88.6849
87.5410
86.3401
85.0821
83.7671
82.5684
81.4858
80.5194
79.6692
78.9352
78.3175
77.8159
77.4305
77.0363
76.6333
76.2214
75.8007
75.3712
74.9328
74.4856
74.0295
73.5948
73.1814
72.7893
72.4185
72.0690
71.7408
71.4339
71.1483
70.8423
70.5160
70.1692
69.8021
69.4146
69.0067
68.5783
68.1296
67.7160
67.3375
66.9940
66.6856
66.4122
66.1739
65.9707
65.8026
65.5840
65.3151
64.9957
64.6259
64.2057
63.7351
63.2141
62.6427
62.1547
61.7501
61.4288
61.1910
61.0367
60.9657
60.9781
61.0739
61.1247
61.1303
61.0908
61.0062
60.8766
60.7018
60.4819
60.2169
59.9769
59.7617
59.5716
59.4063
59.2660
59.1507
59.0603
58.9948
58.9509
58.9285
58.9277
58.9485
58.9908
59.0547
59.1402
59.2472
59.1343
58.8014
58.2487
57.4760
56.4833
55.2708
53.8383
52.1858
51.7924
52.6580
54.7825
58.1661
62.8087
68.7102
75.8708
84.2903
92.8191
101.4571
110.2043
119.0608
128.0265
137.1015
146.2856
155.5791
163.5097
170.0776
175.2828
179.1251
181.6048
182.7217
182.4758
180.8672
179.3679
177.9779
176.6972
175.5258
174.4637
173.5110
172.6675
171.9334
171.2558
170.6350
170.0707
169.5631
169.1121
168.7178
168.3801
168.0990
167.8669
167.6838
167.5497
167.4645
167.4284
167.4412
167.5030
167.6138
167.4083
166.8863
166.0480
164.8933
163.4222
161.6348
159.5310
157.1108
154.9492
153.0463
151.4020
150.0163
148.8893
148.0209
147.4112
147.0600
146.7383
146.4460
146.1830
145.9495
145.7453
145.5705
145.4251
145.3091
145.1099
144.8276
144.4620
144.0133
143.4813
142.8662
142.1679
141.3864
140.6034
139.8188
139.0326
138.2449
137.4557
136.6649
135.8725
135.0786
134.2592
133.4143
132.5440
131.6481
130.7268
129.7801
128.8078
127.8101
126.8218
125.8429
124.8734
123.9133
122.9625
122.0212
121.0893
120.1668
119.3414
118.6130
117.9817
117.4475
117.0103
116.6702
116.4272
116.2812
116.0764
115.8128
115.4904
115.1092
114.6692
114.1704
113.6127
112.9962
112.3901
111.7942
111.2086
110.6333
110.0683
109.5136
108.9692
108.4351
107.8780
107.2980
106.6951
106.0691
105.4203
104.7485
104.0537
103.3360
102.6262
101.9244
101.2305
100.5446
99.8666
99.1966
98.5345
97.8803
97.2499
96.6434
96.0606
95.5016
94.9664
94.4550
93.9674
93.5035
93.0293
92.5447
92.0498
91.5445
91.0288
90.5027
89.9662
89.4194
88.9191
88.4652
88.0578
87.6968
87.3824
87.1144
86.8928
86.7178
87.6694
89.7478
92.9528
97.2846
102.7431
109.3282
117.0401
125.8787
133.7752
140.7297
146.7422
151.8126
155.9409
159.1272
161.3715
162.6737
163.6806
164.3923
164.8087
164.9299
164.7558
164.2864
163.5217
162.4618
161.5105
160.6678
159.9336
159.3081
158.7911
158.3827
158.0829
157.8916
157.6534
157.3682
157.0359
156.6567
156.2304
155.7571
155.2369
154.6696
153.9688
153.1344
152.1665
151.0651
149.8301
148.4616
146.9595
145.3239
143.6994
142.0861
140.4838
138.8927
137.3127
135.7438
134.1861
132.6395
131.1980
129.8618
128.6307
127.5048
126.4841
125.5686
124.7583
124.0531
123.4356
122.9058
122.4637
122.1092
121.8424
121.6633
121.5718
121.5681
121.4327
121.1659
120.7674
120.2374
119.5758
118.7827
117.8580
116.8018
115.8327
114.9508
114.1560
113.4483
112.8278
112.2944
111.8482
111.4891
110.9907
110.3529
109.5758
108.6593
107.6035
106.4083
105.0737
103.5998
102.2879
101.1381
100.1502
99.3244
98.6606
98.1588
97.8190
97.6412
97.5688
97.6017
97.7400
97.9835
98.3325
98.7867
99.3464
100.0113
100.4780
100.7464
100.8165
100.6883
100.3618
99.8371
99.1140
98.1927
97.4261
96.8143
96.3572
96.0549
95.9073
95.9145
96.0764
96.3930
96.6334
96.7974
96.8852
96.8966
96.8317
96.6905
96.4730
96.1792
95.7990
95.3322
94.7790
94.1392
93.4130
92.6003
91.7011
90.7154
89.8559
89.1225
88.5153
88.0343
87.6794
87.4507
87.3482
87.3718
87.3316
87.2277
87.0599
86.8284
86.5330
86.1739
85.7510
85.2642
86.0074
87.9805
91.1835
95.6165
101.2793
108.1720
116.2947
125.6472
133.8922
141.0297
147.0596
151.9819
155.7967
158.5040
160.1036
160.5958
160.8998
161.0156
160.9433
160.6828
160.2342
159.5974
158.7724
157.7593
156.8214
155.9587
155.1712
154.4589
153.8218
153.2599
152.7731
152.3616
151.9155
151.4350
150.9199
150.3702
149.7861
149.1674
148.5142
147.8265
147.0064
146.0538
144.9688
143.7514
142.4016
140.9193
139.3047
137.5576
135.8707
134.2441
132.6778
131.1716
129.7258
128.3401
127.0148
125.7496
124.6544
123.7292
122.9739
122.3886
121.9732
121.7277
121.6522
121.7467
121.8542
121.9748
122.1084
122.2551
122.4148
122.5876
122.7734
122.9723
123.0729
123.0752
122.9791
122.7848
122.4922
122.1013
121.6120
121.0245
120.3336
119.5393
118.6416
117.6405
116.5360
115.3281
114.0168
112.6022
111.3584
110.2857
109.3838
108.6529
108.0930
107.7040
107.4859
107.4388
107.2745
106.9931
106.5946
106.0789
105.4460
104.6960
103.8288
102.8445
101.9194
101.0534
100.2465
99.4988
98.8102
98.1807
97.6104
97.0993
96.6758
96.3401
96.0921
95.9318
95.8592
95.8743
95.9771
96.1676
96.2399
96.1940
96.0299
95.7476
95.3471
94.8284
94.1914
93.4363
92.7619
92.1684
91.6558
91.2239
90.8729
90.6027
90.4134
90.3048
90.2408
90.2213
90.2463
90.3157
90.4298
90.5883
90.7913
91.0388
90.9579
90.5487
89.8111
88.7451
87.3508
85.6280
83.5769
81.1974
79.9177
79.7376
80.6573
82.6766
85.7957
90.0145
95.3330
101.7512
107.7711
113.3925
118.6156
123.4403
127.8666
131.8946
135.5241
138.7553
141.5212
143.8219
145.6573
147.0275
147.9324
148.3721
148.3466
147.8558
147.3409
146.8020
146.2391
145.6521
145.0410
144.4059
143.7467
143.0634
142.4179
141.8101
141.2400
140.7076
140.2129
139.7560
139.3367
138.9552
138.4216
137.7361
136.8987
135.9092
134.7678
133.4744
132.0290
130.4316
128.9961
127.7225
126.6107
125.6608
124.8727
124.2465
123.7821
123.4796
123.1292
122.7310
122.2849
121.7909
121.2491
120.6594
120.0218
119.3364
118.7405
118.2342
117.8173
117.4900
117.2522
117.1039
117.0452
117.0759
117.0241
116.8898
116.6729
116.3734
115.9914
115.5268
114.9797
114.3500
113.6889
112.9965
112.2727
111.5175
110.7309
109.9129
109.0636
108.1828
107.3371
106.5263
105.7504
105.0095
104.3036
103.6326
102.9965
102.3955
101.9077
101.5334
101.2724
101.1248
101.0905
101.1697
101.3621
101.6680
101.8699
101.9679
101.9620
101.8522
101.6385
101.3209
100.8994
100.3739
99.9418
99.6030
99.3574
99.2052
99.1462
99.1806
99.3082
99.5292
99.6766
99.7506
99.7511
99.6781
99.5316
99.3117
99.0182
98.6513
98.2809
97.9071
97.5298
97.1490
96.7648
96.3771
95.9860
95.5914
95.2282
94.8965
94.5963
94.3274
94.0900
93.8841
93.7096
93.5665
93.3446
93.0439
92.6643
92.2060
91.6688
91.0528
90.3579
89.5843
88.9022
88.3117
87.8128
87.4054
87.0897
86.8655
86.7328
86.6918
87.5667
89.3576
92.0645
95.6873
100.2261
105.6808
112.0516
119.3382
125.9750
131.9619
137.2989
141.9859
146.0231
149.4104
152.1477
154.2352
155.8252
156.9179
157.5131
157.6109
157.2113
156.3143
154.9199
153.0281
151.4645
150.2291
149.3219
148.7429
148.4921
148.5695
148.9751
149.7090
150.2019
150.4540
150.4652
150.2355
149.7650
149.0535
148.1012
146.9081
145.7987
144.7730
143.8311
142.9729
142.1985
141.5079
140.9010
140.3778
139.6906
138.8394
137.8241
136.6448
135.3015
133.7941
132.1227
130.2873
128.6157
127.1078
125.7638
124.5835
123.5671
122.7144
122.0255
121.5004
121.0185
120.5797
