106.5435
103.6622
99.3624
93.6440
86.5070
77.9514
70.3637
63.7438
58.0918
53.4076
49.6913
46.9428
45.1622
44.3494
44.0488
44.2603
44.9839
46.2197
47.9676
50.2276
52.9997
56.2840
59.8030
63.5567
67.5452
71.7683
76.2262
80.9188
85.8461
91.0081
95.9825
100.7692
105.3684
109.7800
114.0040
118.0403
121.8891
125.5502
129.2245
132.9120
136.6127
140.3265
144.0535
147.7937
151.5471
155.3137
158.7275
161.7887
164.4972
166.8530
168.8561
170.5066
171.8043
172.7494
173.5822
174.3028
174.9112
175.4074
175.7913
176.0631
176.2226
176.2699
176.2089
176.0398
175.7623
175.3767
174.8828
174.2806
173.5703
172.7516
171.8720
170.9314
169.9298
168.8673
167.7437
166.5591
165.3136
164.0070
162.8158
161.7400
160.7794
159.9343
159.2045
158.5900
158.0909
157.7072
157.1594
156.4476
155.5717
154.5318
153.3279
151.9599
150.4279
148.7319
147.2059
145.8499
144.6638
143.6478
142.8017
142.1257
141.6196
141.2835
140.6182
139.6237
138.3000
136.6470
134.6648
132.3533
129.7127
126.7428
123.9556
121.3513
118.9296
116.6907
114.6346
112.7612
111.0706
109.5627
107.7344
105.5857
103.1164
100.3268
97.2167
93.7861
90.0351
85.9637
82.3629
79.2327
76.5733
74.3844
72.6663
71.4187
70.6419
70.3357
70.0606
69.8167
69.6039
69.4222
69.2716
69.1522
69.0639
69.0068
69.2356
69.7504
70.5512
71.6380
73.0107
74.6695
76.6142
78.8449
81.0097
83.1087
85.1418
87.1090
89.0104
90.8459
92.6155
94.3193
96.4256
98.9343
101.8456
105.1594
108.8757
112.9944
117.5157
122.4395
126.7766
130.5270
133.6907
136.2678
138.2581
139.6618
140.4788
140.7091
141.0765
141.5810
142.2225
143.0012
143.9169
144.9697
146.1596
147.4866
148.7802
150.0402
151.2668
152.4600
153.6197
154.7459
155.8387
156.8979
157.8074
158.5669
159.1766
159.6365
159.9464
160.1065
160.1167
159.9771
159.5034
158.6957
157.5540
156.0783
154.2685
152.1247
149.6469
146.8351
144.2080
141.7658
139.5083
137.4356
135.5478
133.8447
132.3263
130.9928
129.5289
127.9345
126.2097
124.3544
122.3688
120.2526
118.0061
115.6291
113.3623
111.2057
109.1593
107.2230
105.3968
103.6809
102.0751
100.5795
99.1757
97.8638
96.6437
95.5154
94.4789
93.5343
92.6815
91.9205
91.2329
90.6187
90.0778
89.6103
89.2162
88.8954
88.6481
88.4741
88.2899
88.0955
87.8910
87.6763
87.4515
87.2164
86.9712
86.7159
86.5554
86.4899
86.5192
86.6435
86.8627
87.1768
87.5858
88.0897
88.5598
88.9962
89.3989
89.7678
90.1029
90.4043
90.6720
90.9058
91.2633
91.7444
92.3491
93.0774
93.9293
94.9048
96.0040
97.2267
98.3492
99.3716
100.2938
101.1159
101.8378
102.4595
102.9811
103.4025
103.9890
104.7405
105.6571
106.7388
107.9855
109.3973
110.9742
112.7161
114.3462
115.8644
117.2707
118.5652
119.7478
120.8186
121.7774
122.6244
123.3467
123.9442
124.4170
124.7650
124.9883
125.0868
125.0606
124.9097
124.7807
124.6737
124.5886
124.5255
124.4844
124.4652
124.4680
124.4927
124.5835
124.7404
124.9634
125.2525
125.6076
126.0288
126.5161
127.0695
127.5180
127.8618
128.1008
128.2349
128.2643
128.1889
128.0086
127.7236
127.4112
127.0713
126.7042
126.3096
125.8877
125.4383
124.9616
124.4575
124.0290
123.6760
123.3985
123.1965
123.0701
123.0192
123.0438
123.1440
123.1455
123.0482
122.8522
122.5574
122.1639
121.6717
121.0808
120.3912
119.6488
118.8536
118.0057
117.1050
116.1516
115.1455
114.0866
112.9749
111.9351
110.9671
110.0709
109.2466
108.4940
107.8133
107.2044
106.6674
105.9486
105.0483
103.9662
102.7025
101.2572
99.6302
97.8215
95.8312
93.8595
91.9063
89.9716
88.0555
86.1580
84.2791
82.4187
80.5768
78.9196
77.4469
76.1587
75.0552
74.1362
73.4017
72.8519
72.4866
72.1392
71.8099
71.4985
71.2052
70.9298
70.6723
70.4329
70.2114
70.3158
70.7460
71.5019
72.5837
73.9912
75.7246
77.7838
80.1688
82.4434
84.6077
86.6617
88.6053
90.4386
92.1615
93.7741
95.2764
96.7444
98.1783
99.5780
100.9435
102.2748
103.5719
104.8348
106.0635
107.4235
108.9146
110.5368
112.2903
114.1749
116.1907
118.3378
120.6159
122.7130
124.6290
126.3639
127.9177
129.2905
130.4821
131.4926
132.3221
133.0824
133.7735
134.3955
134.9484
135.4321
135.8466
136.1920
136.4683
136.6424
136.7143
136.6842
136.5518
136.3174
135.9807
135.5420
135.0010
134.3184
133.4941
132.5281
131.4205
130.1711
128.7801
127.2473
125.5729
124.0456
122.6654
121.4323
120.3463
119.4074
118.6157
117.9710
117.4735
116.9691
116.4579
115.9399
115.4150
114.8832
114.3447
113.7992
113.2470
112.5947
111.8425
110.9904
110.0382
108.9861
107.8341
106.5820
105.2300
103.9616
102.7768
101.6757
100.6581
99.7241
98.8737
98.1070
97.4238
96.8132
96.2752
95.8097
95.4168
95.0964
94.8486
94.6734
94.5707
94.5290
94.5482
94.6283
94.7694
94.9714
95.2343
95.5582
95.9430
96.3650
96.8241
97.3204
97.8539
98.4245
99.0324
99.6773
100.3595
100.9582
101.4735
101.9054
102.2539
102.5189
102.7006
102.7988
102.8136
102.8819
103.0036
103.1787
103.4073
103.6894
104.0249
104.4138
104.8562
105.3756
105.9718
106.6449
107.3950
108.2220
109.1258
110.1066
111.1643
112.1342
113.0163
113.8105
114.5170
115.1356
115.6664
116.1093
116.4645
116.9635
117.6065
118.3933
119.3240
120.3986
121.6171
122.9795
124.4857
125.8082
126.9468
127.9015
128.6725
129.2596
129.6628
129.8823
129.9179
130.0002
130.1292
130.3050
130.5274
130.7966
131.1125
131.4751
131.8844
132.2771
132.6533
133.0128
133.3558
133.6823
133.9921
134.2854
134.5621
134.7925
134.9766
135.1145
135.2061
135.2515
135.2506
135.2034
135.1100
135.0670
135.0745
135.1324
135.2408
135.3997
135.6090
135.8688
136.1790
136.3278
136.3150
136.1408
135.8051
135.3079
134.6493
133.8291
132.8475
131.9518
131.1420
130.4183
129.7804
129.2285
128.7626
128.3826
128.0885
127.7050
127.2319
126.6693
126.0172
125.2755
124.4444
123.5237
122.5135
121.2802
119.8237
118.1442
116.2415
114.1157
111.7668
109.1948
106.3996
104.0226
102.0637
100.5229
99.4003
98.6958
98.4094
98.5411
99.0909
99.4956
99.7551
99.8694
99.8386
99.6626
99.3414
98.8750
98.2634
97.7758
97.4121
97.1723
97.0565
97.0646
97.1966
97.4525
97.8324
98.4534
99.3156
100.4189
101.7633
103.3489
105.1757
107.2435
109.5525
111.4775
113.0183
114.1750
114.9477
115.3362
115.3407
114.9611
114.1973
113.6385
113.2844
113.1353
113.1910
113.4515
113.9169
114.5871
115.4622
116.5032
117.7100
119.0827
120.6213
122.3258
124.1961
126.2323
128.4343
130.4073
132.1511
133.6659
134.9516
136.0081
136.8356
137.4340
137.8033
138.0521
138.1804
138.1882
138.0755
137.8423
137.4886
137.0144
136.4197
135.7886
135.1209
134.4168
133.6762
132.8992
132.0856
131.2356
130.3491
129.6188
129.0446
128.6265
128.3646
128.2589
128.3093
128.5158
128.8785
128.9263
128.6592
128.0772
127.1803
125.9684
124.4417
122.6001
120.4436
118.4721
116.6855
115.0839
113.6673
112.4357
111.3891
110.5274
109.8507
109.2329
108.6739
108.1737
107.7324
107.3499
107.0262
106.7614
106.5554
106.2074
105.7175
105.0856
104.3118
103.3960
102.3383
101.1385
99.7969
98.6522
97.7045
96.9538
96.4002
96.0435
95.8838
95.9212
96.1555
96.3108
96.3870
96.3842
96.3024
96.1415
95.9016
95.5827
95.1847
94.8417
94.5536
94.3205
94.1424
94.0193
93.9511
93.9379
93.9797
94.0305
94.0903
94.1591
94.2370
94.3238
94.4197
94.5246
94.6385
94.9292
95.3968
96.0412
96.8625
97.8606
99.0356
100.3874
101.9161
103.1329
104.0378
104.6309
104.9121
104.8815
104.5390
103.8846
102.9184
102.4670
102.5307
103.1092
104.2027
105.8111
107.9344
110.5727
113.7258
116.3854
118.5514
120.2238
121.4027
122.0879
122.2795
121.9776
121.1820
120.6233
120.3014
120.2163
120.3681
120.7567
121.3821
122.2443
123.3433
124.3462
125.2528
126.0633
126.7777
127.3958
127.9177
128.3435
128.6731
128.9627
129.2124
129.4221
129.5920
129.7218
129.8117
129.8617
129.8717
129.8059
129.6640
129.4463
129.1527
128.7831
128.3376
127.8162
127.2188
126.5550
125.8246
125.0277
124.1643
123.2345
122.2381
121.1752
120.0458
119.1065
118.3575
117.7986
117.4298
117.2512
117.2628
117.4645
117.8564
117.9997
117.8944
117.5406
116.9381
116.0870
114.9874
113.6391
112.0423
110.6085
109.3378
108.2303
107.2858
106.5044
105.8860
105.4308
105.1387
104.7446
104.2487
103.6508
102.9510
102.1494
101.2458
100.2403
99.1329
98.1714
97.3558
96.6861
96.1622
95.7843
95.5523
95.4661
95.5259
95.5606
95.5703
95.5550
95.5147
95.4494
95.3591
95.2438
95.1034
94.9875
94.8960
94.8289
94.7862
94.7680
94.7742
94.8048
94.8598
94.7945
94.6090
94.3033
93.8773
93.3310
92.6645
91.8777
90.9707
90.3940
90.1476
90.2316
90.6459
91.3905
92.4655
93.8708
95.6065
97.1222
98.4182
99.4943
100.3505
100.9869
101.4034
101.6001
101.5769
101.9151
102.6146
103.6756
105.0980
106.8817
109.0268
111.5333
114.4012
116.8808
118.9723
120.6756
121.9908
122.9177
123.4564
123.6069
123.3693
123.2200
123.1590
123.1864
123.3021
123.5062
123.7986
124.1793
124.6484
125.0622
125.4206
125.7237
125.9714
126.1638
126.3008
126.3825
126.4089
126.4162
126.4044
126.3736
126.3237
126.2547
126.1666
126.0595
125.9333
125.8369
125.7704
125.7336
125.7266
125.7495
125.8022
125.8846
125.9969
126.0247
125.9678
125.8265
125.6006
125.2902
124.8952
124.4156
123.8516
123.3033
122.7710
122.2544
121.7537
121.2689
120.7999
120.3467
119.9094
119.5474
119.2608
119.0494
118.9134
118.8527
118.8674
118.9573
119.1226
119.1906
119.1611
119.0344
118.8103
118.4889
118.0701
117.5539
116.9405
116.3067
115.6526
114.9782
114.2834
113.5684
112.8330
112.0774
111.3014
110.6102
110.0038
109.4822
109.0453
108.6932
108.4259
108.2434
108.1456
107.9812
107.7500
107.4522
107.0876
106.6563
106.1583
105.5936
104.9622
104.4391
104.0243
103.7177
103.5194
103.4293
103.4476
103.5741
103.8089
103.9900
104.1175
104.1914
104.2116
104.1782
104.0911
103.9505
103.7561
103.5178
103.2354
102.9091
102.5387
102.1244
101.6660
101.1636
100.6172
100.1409
99.7346
99.3983
99.1321
98.9358
98.8097
98.7535
98.7674
98.8126
98.8891
98.9969
99.1361
99.3066
99.5083
99.7414
100.0059
100.3948
100.9081
101.5459
102.3082
103.1950
104.2062
105.3419
106.6020
107.7454
108.7721
109.6820
110.4751
111.1515
111.7111
112.1540
112.4801
112.9893
113.6816
114.5570
115.6154
116.8569
118.2815
119.8891
121.6798
123.3869
125.0102
126.5499
128.0059
129.3782
130.6668
131.8718
132.9931
133.9641
134.7848
135.4553
135.9756
136.3456
136.5654
136.6349
136.5541
136.4293
136.2605
136.0477
135.7908
135.4899
135.1450
134.7560
134.3230
133.8122
133.2235
132.5569
131.8125
130.9902
130.0901
129.1121
128.0563
127.0872
126.2048
125.4092
124.7003
124.0781
123.5427
123.0940
122.7320
122.3178
121.8515
121.3329
120.7622
120.1392
119.4640
118.7367
117.9571
117.2459
116.6031
116.0285
115.5223
115.0845
114.7150
114.4138
114.1809
113.9124
113.6082
113.2683
112.8927
112.4815
112.0345
111.5519
111.0336
110.5657
110.1484
109.7815
109.4650
109.1990
108.9835
108.8185
108.7040
108.5249
108.2813
107.9732
107.6005
107.1634
106.6617
106.0955
105.4648
104.8465
104.2407
103.6473
103.0663
102.4978
101.9418
101.3981
100.8670
100.4146
100.0409
99.7461
99.5300
99.3928
99.3343
99.3546
99.4536
99.6188
99.8501
100.1475
100.5109
100.9405
101.4362
101.9981
102.6260
103.1821
103.6664
104.0789
104.4195
104.6884
104.8854
105.0106
105.0640
105.2232
105.4880
105.8585
106.3348
106.9168
107.6045
108.3979
109.2970
110.1519
110.9625
111.7290
112.4511
113.1290
113.7627
114.3522
114.8974
115.5082
116.1846
116.9265
117.7341
118.6072
119.5459
120.5502
121.6200
122.5187
123.2463
123.8027
124.1880
124.4021
124.4450
124.3169
124.0175
123.8176
123.7170
123.7158
123.8140
124.0116
124.3086
124.7049
125.2007
125.6051
125.9183
126.1401
126.2707
126.3100
126.2580
126.1148
125.8802
125.6567
125.4442
125.2427
125.0522
124.8728
124.7044
124.5471
124.4007
124.2736
124.1656
124.0768
124.0072
123.9568
123.9255
123.9134
123.9205
123.8246
123.6255
123.3235
122.9183
122.4101
121.7989
121.0846
120.2672
119.5908
119.0552
118.6606
118.4068
118.2940
118.3220
118.4910
118.8009
119.0320
119.1844
119.2581
119.2531
119.1693
119.0068
118.7655
118.4455
118.1067
117.7492
117.3729
116.9777
116.5639
116.1312
115.6797
115.2095
114.7376
114.2640
113.7887
113.3117
112.8330
112.3526
111.8705
111.3867
110.8905
110.3820
109.8610
109.3277
108.7820
108.2239
107.6534
107.0705
106.4623
105.8286
105.1695
104.4850
103.7752
103.0399
102.2792
101.4931
100.8373
100.3119
99.9167
99.6519
99.5175
99.5133
99.6395
99.8960
100.1248
100.3258
100.4991
100.6447
100.7626
100.8527
100.9151
100.9498
100.9553
100.9317
100.8790
100.7971
100.6860
100.5459
100.3766
100.1781
100.1529
100.3009
100.6222
101.1168
101.7845
102.6256
103.6399
104.8274
105.9547
107.0219
108.0289
108.9756
109.8622
110.6886
111.4549
112.1609
112.7848
113.3267
113.7866
114.1643
114.4600
114.6736
114.8052
114.8547
114.8767
114.8713
114.8384
114.7780
114.6902
114.5750
114.4322
114.2621
114.2213
114.3101
114.5282
114.8758
115.3529
115.9594
116.6953
117.5607
118.2256
118.6899
118.9537
119.0169
118.8796
118.5418
118.0034
117.2645
116.6152
116.0555
115.5854
115.2048
114.9139
114.7125
114.6008
114.5786
114.5538
114.5263
114.4961
114.4632
114.4276
114.3894
114.3485
114.3049
114.2791
114.2711
114.2810
114.3086
114.3540
114.4173
114.4983
114.5972
114.7170
114.8577
115.0194
115.2020
115.4055
115.6300
115.8753
116.1417
116.3634
116.5405
116.6730
116.7609
116.8042
116.8030
116.7571
116.6666
116.5861
116.5157
116.4553
116.4049
116.3645
116.3341
116.3138
116.3035
116.3029
116.3121
116.3311
116.3598
116.3983
116.4465
116.5045
116.5723
116.5521
116.4439
116.2479
115.9639
115.5920
115.1321
114.5844
113.9487
113.2114
112.3727
111.4325
110.3907
109.2475
108.0027
106.6564
105.2086
103.8552
102.5963
101.4317
100.3615
99.3857
98.5043
97.7173
97.0248
96.3244
95.6162
94.9001
94.1763
93.4446
92.7052
91.9579
91.2028
90.6188
90.2059
89.9642
89.8935
89.9940
90.2656
90.7083
91.3221
91.8879
92.4059
92.8759
93.2979
93.6721
93.9983
94.2765
94.5068
94.7942
95.1386
95.5401
95.9987
96.5143
97.0869
97.7166
98.4034
99.1871
100.0677
101.0452
102.1196
103.2910
104.5593
105.9245
107.3866
108.7853
110.1207
111.3927
112.6013
113.7465
114.8284
115.8469
116.8020
117.7315
118.6354
119.5136
120.3662
121.1932
121.9946
122.7704
123.5205
124.1924
124.7861
125.3015
125.7386
126.0975
126.3781
126.5805
126.7047
126.8933
127.1465
127.4643
127.8466
128.2934
128.8048
129.3807
130.0211
130.4809
130.7600
130.8584
130.7762
130.5133
130.0697
129.4455
128.6406
127.8930
127.2027
126.5698
125.9942
125.4760
125.0150
124.6114
124.2651
123.9796
123.7547
123.5905
123.4870
123.4442
123.4621
123.5407
123.6800
123.7405
123.7221
123.6250
123.4490
123.1942
122.8605
122.4481
121.9568
121.4989
121.0741
120.6827
120.3245
119.9997
119.7080
119.4497
119.2246
119.0231
118.8450
118.6904
118.5593
118.4518
118.3677
118.3071
118.2700
118.1381
117.9113
117.5897
117.1733
116.6620
116.0559
115.3549
114.5591
113.8581
113.2518
112.7403
112.3235
112.0015
111.7743
111.6418
111.6041
111.5679
111.5332
111.5001
111.4685
111.4384
111.4098
111.3828
111.3573
111.2959
111.1985
111.0653
110.8962
110.6912
110.4503
110.1735
109.8608
109.6093
109.4190
109.2898
109.2218
109.2149
109.2693
109.3848
109.5615
109.5925
109.4779
109.2176
108.8117
108.2601
107.5629
106.7201
105.7316
104.9701
104.4356
104.1282
104.0478
104.1944
104.5680
105.1686
105.9963
106.8259
107.6574
108.4908
109.3262
110.1635
111.0027
111.8438
112.6869
113.4902
114.2538
114.9777
115.6618
116.3062
116.9109
117.4758
118.0009
118.5365
119.0825
119.6389
120.2058
120.7830
121.3706
121.9687
122.5772
123.1333
123.6371
124.0886
124.4878
124.8346
125.1291
125.3713
125.5611
125.7057
125.8052
125.8594
125.8685
125.8323
125.7510
125.6244
125.4527
125.2976
125.1592
125.0375
124.9325
124.8442
124.7725
124.7176
124.6793
124.5668
124.3800
124.1189
123.7835
123.3739
122.8900
122.3318
121.6994
121.0571
120.4049
119.7429
119.0710
118.3893
117.6977
116.9962
116.2849
115.5675
114.8439
114.1143
113.3784
112.6365
111.8884
111.1343
110.3739
109.6869
109.0733
108.5329
108.0658
107.6721
107.3517
107.1046
106.9308
106.8121
106.7487
106.7403
106.7872
106.8891
107.0463
107.2586
107.5260
107.6954
107.7667
107.7399
107.6151
107.3922
107.0712
106.6521
106.1350
105.6584
105.2223
104.8267
104.4716
104.1571
103.8831
103.6495
103.4565
103.1787
102.8160
102.3685
101.8362
101.2190
100.5170
99.7302
98.8585
98.1317
97.5499
97.1131
96.8211
96.6741
96.6721
96.8149
97.1027
97.4258
97.7841
98.1777
98.6065
99.0706
99.5699
100.1045
100.6744
101.2843
101.9343
102.6243
103.3545
104.1247
104.9350
105.7853
106.6757
107.5393
108.3761
109.1861
109.9692
110.7255
111.4549
112.1576
112.8334
113.4745
114.0810
114.6528
115.1900
115.6925
116.1603
116.5935
116.9920
117.3654
117.7138
118.0371
118.3354
118.6086
118.8567
119.0798
119.2778
119.5514
119.9005
120.3253
120.8256
121.4016
122.0531
122.7802
123.5828
124.3235
125.0023
125.6190
126.1738
126.6665
127.0973
127.4661
127.7730
128.0252
128.2230
128.3662
128.4548
128.4889
128.4684
128.3934
128.2638
128.1264
127.9811
127.8280
127.6670
127.4982
127.3215
127.1369
126.9445
126.6332
126.2029
125.6537
124.9855
124.1984
123.2924
122.2675
121.1236
120.0551
119.0620
118.1442
117.3019
116.5349
115.8433
115.2270
114.6862
114.0590
113.3453
112.5453
111.6589
110.6861
109.6270
108.4814
107.2494
106.1771
105.2644
104.5114
103.9180
103.4842
103.2101
103.0956
103.1407
103.1331
103.0727
102.9595
102.7936
102.5749
102.3034
101.9792
101.6022
101.2351
100.8777
100.5302
100.1925
99.8646
99.5465
99.2382
98.9398
98.8892
99.0865
99.5316
100.2246
101.1655
102.3542
103.7908
105.4753
106.9779
108.2987
109.4377
110.3948
111.1701
111.7635
112.1751
112.4049
112.5693
112.6682
112.7018
112.6699
112.5726
112.4099
112.1818
111.8883
111.6044
111.3300
111.0652
110.8100
110.5643
110.3282
110.1017
109.8847
109.7304
109.6389
109.6101
109.6440
109.7405
109.8998
110.1219
110.4066
110.6814
110.9462
111.2011
111.4461
111.6811
111.9062
112.1213
112.3265
112.5560
112.8097
113.0878
113.3901
113.7167
114.0676
114.4427
114.8422
115.2922
115.7928
116.3441
116.9459
117.5982
118.3012
119.0547
119.8589
120.6404
121.3994
122.1359
122.8497
123.5410
124.2098
124.8559
125.4795
126.0608
126.5996
127.0961
127.5503
127.9621
128.3315
128.6586
128.9433
129.0164
128.8780
128.5280
127.9664
127.1932
126.2084
125.0121
123.6042
122.2056
120.8162
119.4362
118.0655
116.7041
115.3519
114.0091
112.6756
111.4343
110.2852
109.2284
108.2637
107.3913
106.6112
105.9232
105.3275
104.7787
104.2769
103.8221
103.4143
103.0534
102.7395
102.4725
102.2525
102.1001
102.0154
101.9983
102.0488
102.1669
102.3526
102.6060
102.9269
103.1993
103.4232
103.5985
103.7253
103.8035
103.8332
103.8143
103.7469
103.6667
103.5739
103.4683
103.3500
103.2191
103.0754
102.9190
102.7499
102.6112
102.5029
102.4251
102.3776
102.3606
102.3741
102.4179
102.4922
102.5746
102.6651
102.7637
102.8704
102.9853
103.1083
103.2394
103.3786
103.5846
103.8574
104.1969
104.6031
105.0761
105.6159
106.2224
106.8956
107.5702
108.2460
108.9232
109.6017
110.2815
110.9625
111.6449
112.3286
112.9783
113.5939
114.1756
114.7233
115.2369
115.7166
116.1623
116.5740
116.9886
117.4063
117.8270
118.2507
118.6774
119.1071
119.5398
119.9756
120.3619
120.6990
120.9867
121.2251
121.4141
121.5538
121.6441
121.6851
121.7325
121.7862
121.8462
121.9126
121.9853
122.0643
122.1497
122.2414
122.3578
122.4990
122.6649
122.8555
123.0708
123.3108
123.5755
123.8650
124.0810
124.2236
124.2928
124.2886
124.2110
124.0599
123.8354
123.5375
123.3033
123.1326
123.0255
122.9820
123.0021
123.0859
123.2332
123.4441
123.5690
123.6079
123.5607
123.4275
123.2083
122.9030
122.5117
122.0343
121.6229
121.2775
120.9980
120.7845
120.6370
120.5555
120.5399
120.5903
120.6269
120.6498
120.6589
120.6542
120.6358
120.6036
120.5576
120.4979
120.3582
120.1386
119.8391
119.4596
119.0002
118.4609
117.8416
117.1424
116.4657
115.8114
115.1796
114.5702
113.9833
113.4188
112.8768
112.3572
111.8907
111.4773
111.1169
110.8095
110.5552
110.3539
110.2057
110.1105
109.9276
109.6567
109.2981
108.8516
108.3174
107.6952
106.9853
106.1875
105.4247
104.6966
104.0035
103.3452
102.7218
102.1332
101.5795
101.0607
100.5250
99.9723
99.4026
98.8161
98.2126
97.5922
96.9548
96.3005
95.8279
95.5371
95.4280
95.5007
95.7551
96.1912
96.8091
97.6087
98.3277
98.9659
99.5235
100.0004
100.3966
100.7121
100.9469
101.1011
101.3607
101.7258
102.1964
102.7724
103.4539
104.2409
105.1333
106.1312
107.0763
107.9686
108.8080
109.5945
110.3283
111.0092
111.6372
112.2125
112.7759
113.3276
113.8676
114.3958
114.9122
115.4168
115.9097
116.3908
116.9582
117.6119
118.3519
119.1781
120.0906
121.0894
122.1745
123.3459
124.3538
125.1983
125.8793
126.3969
126.7511
126.9419
126.9692
126.8330
126.7759
126.7976
126.8983
127.0780
127.3366
127.6742
128.0907
128.5862
128.9115
129.0665
129.0514
128.8660
128.5105
127.9847
127.2887
126.4225
125.6423
124.9481
124.3398
123.8175
123.3811
123.0307
122.7663
122.5879
122.3429
122.0313
121.6532
121.2085
120.6973
120.1196
119.4752
118.7643
118.1352
117.5879
117.1224
116.7386
116.4366
116.2164
116.0780
116.0214
116.0421
116.1401
116.3153
116.5680
116.8979
117.3051
117.7896
118.3515
118.8064
119.1545
119.3957
119.5300
119.5574
119.4779
119.2915
118.9982
118.6421
118.2232
117.7416
117.1971
116.5899
115.9198
115.1870
114.3914
113.6459
112.9507
112.3057
111.7109
111.1663
110.6720
110.2278
109.8338
109.3000
108.6264
107.8129
106.8596
105.7665
104.5335
103.1606
101.6480
100.2781
99.0510
97.9667
97.0252
96.2264
95.5705
95.0574
94.6870
94.4766
94.4261
94.5356
94.8050
95.2343
95.8235
96.5727
97.4819
98.3534
99.1873
99.9835
100.7422
101.4632
102.1467
102.7925
103.4007
103.8818
104.2359
104.4630
104.5630
104.5359
104.3818
104.1006
103.6924
103.3807
103.1656
103.0470
103.0250
103.0996
103.2708
103.5384
103.9027
104.1840
104.3825
104.4981
104.5307
104.4805
104.3474
104.1313
103.8324
103.6402
103.5548
103.5762
103.7044
103.9393
104.2810
104.7295
105.2847
105.7903
106.2463
106.6527
107.0096
107.3168
107.5744
107.7824
107.9408
108.1225
108.3275
108.5559
108.8076
109.0826
109.3809
109.7025
110.0475
110.3859
110.7177
111.0430
111.3617
111.6739
111.9794
112.2784
112.5709
112.9372
113.3776
113.8918
114.4800
115.1421
115.8782
116.6882
117.5721
118.4452
119.3074
120.1588
120.9993
121.8290
122.6478
123.4557
124.2528
124.9682
125.6019
126.1539
126.6242
127.0129
127.3198
127.5450
127.6885
127.9172
128.2311
128.6302
129.1145
129.6839
130.3385
131.0783
131.9033
132.5547
133.0324
133.3364
133.4668
133.4236
133.2068
132.8163
132.2521
131.6350
130.9650
130.2420
129.4661
128.6372
127.7554
126.8207
125.8330
124.9215
124.0863
123.3273
122.6446
122.0380
121.5077
121.0537
120.6758
120.2734
119.8464
119.3947
118.9184
118.4175
117.8920
117.3419
116.7671
116.2192
115.6981
115.2039
114.7364
114.2958
113.8820
113.4951
113.1349
112.7751
112.4156
112.0565
111.6977
111.3392
110.9810
110.6232
110.2658
109.8578
109.3993
108.8903
108.3309
107.7209
107.0604
106.3494
105.5880
104.9767
104.5156
104.2048
104.0441
104.0337
104.1734
104.4634
104.9036
105.3052
105.6681
105.9925
106.2782
106.5254
106.7339
106.9039
107.0352
107.1678
107.3018
107.4371
107.5736
107.7116
107.8508
107.9913
108.1331
108.2305
108.2834
108.2918
108.2558
108.1753
108.0503
107.8809
107.6670
107.5205
107.4416
107.4302
107.4863
107.6098
107.8009
108.0595
108.3856
108.6488
108.8493
108.9870
109.0619
109.0740
109.0234
108.9099
108.7336
108.6389
108.6257
108.6940
108.8438
109.0752
109.3881
109.7825
110.2585
110.7993
111.4048
112.0753
112.8105
113.6105
114.4754
115.4051
116.3996
117.2765
118.0356
118.6771
119.2008
119.6069
119.8953
120.0660
120.1190
120.2963
120.5979
121.0237
121.5738
122.2482
123.0469
123.9698
125.0171
125.9194
126.6768
127.2894
127.7571
128.0798
128.2577
128.2908
128.1789
128.1353
128.1601
128.2533
128.4147
128.6445
128.9426
129.3091
129.7439
130.0311
130.1707
130.1627
130.0070
129.7038
129.2530
128.6546
127.9085
127.2403
126.6500
126.1374
125.7028
125.3459
125.0669
124.8657
124.7423
124.4452
123.9744
123.3299
122.5116
121.5197
120.3540
119.0146
117.5014
116.1353
114.9161
113.8438
112.9186
112.1403
111.5090
111.0247
110.6873
110.2581
109.7371
109.1242
108.4196
107.6231
106.7348
105.7546
104.6826
103.7293
102.8948
102.1789
101.5817
101.1032
100.7434
100.5022
100.3798
100.3202
100.3235
100.3895
100.5184
100.7101
100.9647
101.2820
101.6622
101.9851
102.2507
102.4591
102.6101
102.7038
102.7402
102.7194
102.6412
102.5676
102.4984
102.4337
102.3735
102.3178
102.2666
102.2198
102.1776
102.0854
101.9432
101.7510
101.5089
101.2167
100.8746
100.4826
100.0405
99.6433
99.2908
98.9832
98.7205
98.5025
98.3294
98.2010
98.1175
98.1115
98.1830
98.3320
98.5586
98.8626
99.2441
99.7032
100.2397
100.7189
101.1408
101.5053
101.8125
102.0623
102.2548
102.3899
102.4676
102.6218
102.8524
103.1593
103.5426
104.0023
104.5384
105.1509
105.8397
106.6058
107.4492
108.3698
109.3676
110.4426
111.5949
112.8245
114.1312
115.3664
116.5301
117.6221
118.6426
119.5915
120.4688
121.2746
122.0088
122.6442
123.1809
123.6189
123.9582
124.1987
124.3405
124.3835
124.3278
124.3367
124.4103
124.5484
124.7511
125.0184
125.3504
125.7469
126.2080
126.4440
126.4548
126.2404
125.8008
125.1361
124.2462
123.1311
121.7909
120.5864
119.5176
118.5846
117.7873
117.1257
116.5999
116.2098
115.9555
115.7370
115.5544
115.4076
115.2966
115.2215
115.1823
115.1789
115.2113
115.2216
115.2098
115.1759
115.1198
115.0416
114.9413
114.8188
114.6743
114.5014
114.3002
114.0706
113.8128
113.5266
113.2121
112.8692
112.4981
112.1735
111.8954
111.6639
111.4790
111.3407
111.2489
111.2036
111.2050
111.1983
111.1837
111.1612
111.1307
111.0922
111.0458
110.9914
110.9291
110.8839
110.8559
110.8451
110.8515
110.8751
110.9158
110.9737
111.0488
111.1069
111.1479
111.1720
111.1790
111.1690
111.1420
111.0980
111.0370
110.8974
110.6794
110.3829
110.0079
109.5543
109.0223
108.4118
107.7228
107.0834
106.4938
105.9539
105.4636
105.0231
104.6322
104.2910
103.9996
103.7566
103.5621
103.4161
103.3186
103.2696
103.2690
103.3170
103.4134
103.5085
103.6023
103.6947
103.7857
103.8754
103.9637
104.0507
104.1363
104.3339
104.6436
105.0652
105.5988
106.2444
107.0020
107.8716
108.8532
109.7589
110.5888
111.3428
112.0209
112.6232
113.1496
113.6001
113.9748
114.2610
114.4589
114.5684
114.5895
114.5222
114.3666
114.1225
113.7901
113.5832
113.5018
113.5460
113.7157
114.0109
114.4317
114.9780
115.6498
116.2221
116.6948
117.0681
117.3418
117.5159
117.5905
117.5656
117.4412
117.4595
117.6207
117.9246
118.3714
118.9609
119.6933
120.5685
121.5864
122.5120
123.3452
124.0860
124.7344
125.2904
125.7541
126.1254
126.4042
126.6728
126.9311
127.1791
127.4168
127.6441
127.8612
128.0680
128.2645
128.2849
128.1294
127.7978
127.2903
126.6067
125.7471
124.7115
123.4999
122.3937
121.3929
120.4974
119.7073
119.0226
118.4433
117.9694
117.6008
117.2546
116.9307
116.6291
116.3498
116.0929
115.8583
115.6460
115.4560
115.3317
115.2731
115.2800
115.3527
115.4909
115.6948
115.9644
116.2996
116.6324
116.9628
117.2909
117.6166
117.9398
118.2607
118.5793
118.8954
119.2253
119.5689
119.9262
120.2973
120.6821
121.0806
121.4929
121.9189
122.2581
122.5104
122.6759
122.7545
122.7463
122.6513
122.4694
122.2006
121.8582
121.4419
120.9520
120.3883
119.7508
119.0396
118.2547
117.3960
116.5882
115.8312
115.1252
114.4701
113.8659
113.3126
112.8101
112.3586
111.8435
111.2650
110.6231
109.9176
109.1487
108.3163
107.4204
106.4610
105.6848
105.0918
104.6819
104.4552
104.4116
104.5512
104.8739
105.3798
105.8617
106.3197
106.7538
107.1640
107.5502
107.9125
108.2509
108.5654
108.8528
109.1132
109.3466
109.5529
109.7322
109.8845
110.0097
110.1079
110.2667
110.4862
110.7664
111.1071
111.5086
111.9706
112.4933
113.0767
113.7419
114.4889
115.3178
116.2285
117.2211
118.2956
119.4518
120.6900
121.8909
123.0547
124.1812
125.2705
126.3227
127.3376
128.3154
129.2559
129.6930
129.6265
129.0566
127.9832
126.4062
124.3258
121.7418
118.6544
115.7127
112.9169
110.2669
107.7627
105.4043
103.1918
101.1250
99.2041
97.0806
94.7546
92.2260
89.4948
86.5611
83.4248
80.0859
76.5445
73.5063
70.9712
68.9393
67.4106
66.3851
65.8627
65.8435
66.3275
67.4271
69.1425
71.4735
74.4201
77.9825
82.1605
86.9542
92.3635
97.5519
102.5193
107.2657
111.7912
116.0957
120.1792
124.0418
127.6834
130.9792
133.9292
136.5335
138.7920
140.7047
142.2716
143.4928
144.3682
144.8507
144.9404
144.6371
143.9410
142.8520
141.3701
139.4953
137.2277
135.1994
133.4104
131.8607
130.5504
129.4794
128.6476
128.0553
127.7022
127.2254
126.6249
125.9007
125.0528
124.0811
122.9858
121.7667
120.4239
119.1443
117.9278
116.7745
115.6843
114.6573
113.6935
112.7929
111.9554
111.1175
110.2793
109.4408
108.6019
107.7627
106.9232
106.0832
105.2430
104.5056
103.8710
103.3393
102.9104
102.5843
102.3611
102.2407
102.2232
102.2431
102.3004
102.3952
102.5274
102.6971
102.9042
103.1487
103.4307
103.6397
103.7758
103.8391
103.8293
103.7467
103.5911
103.3626
103.0612
102.7511
102.4324
102.1049
101.7688
101.4240
101.0706
100.7084
100.3376
99.9514
99.5496
99.1324
98.6998
98.2517
97.7882
97.3092
96.8147
96.3143
95.8081
95.2959
94.7779
94.2540
93.7242
93.1885
92.6469
92.1022
91.5545
91.0037
90.4498
89.8929
89.3329
88.7699
88.2037
87.6338
87.0601
86.4825
85.9011
85.3159
84.7269
84.1340
83.5374
83.4263
83.8007
84.6607
86.0063
87.8374
90.1541
92.9564
96.2442
99.3787
102.3598
105.1875
107.8619
110.3829
112.7506
114.9649
117.0259
119.0640
121.0793
123.0718
125.0414
126.9881
128.9120
130.8131
132.6914
134.7136
136.8798
139.1900
141.6442
144.2424
146.9845
149.8707
152.9009
155.6256
158.0450
160.1590
161.9677
163.4709
164.6688
165.5613
166.1485
166.4421
166.4423
166.1490
165.5622
164.6819
163.5081
162.0408
160.2800
158.6684
157.2057
155.8922
154.7277
153.7122
152.8458
152.1285
151.5603
150.8639
150.0394
149.0868
148.0061
146.7972
145.4602
143.9951
142.4019
140.7854
139.1457
137.4827
135.7964
134.0869
132.3542
130.5982
128.8189
127.1044
125.4546
123.8696
122.3493
120.8938
119.5030
118.1770
116.9157
115.6964
114.5189
113.3835
112.2899
111.2383
110.2286
109.2608
108.3349
107.4136
106.4968
105.5846
104.6768
103.7736
102.8749
101.9808
101.0912
100.3070
99.6284
99.0552
98.5874
98.2252
97.9684
97.8171
97.7713
97.6443
97.4360
97.1466
96.7759
96.3241
95.7910
95.1767
94.4812
93.8897
93.4022
93.0188
92.7393
92.5639
92.4925
92.5251
92.6617
92.7099
92.6697
92.5412
92.3242
92.0189
91.6252
91.1431
90.5727
90.1299
89.8148
89.6273
89.5675
89.6354
89.8309
90.1541
90.6050
91.3523
92.3959
93.7359
95.3722
97.3050
99.5341
102.0596
104.8815
107.5356
110.0221
112.3409
114.4919
116.4752
118.2909
119.9388
121.4190
123.0108
124.7141
126.5291
128.4555
130.4936
132.6432
134.9044
137.2771
139.3561
141.1411
142.6324
143.8298
144.7333
145.3431
145.6590
145.6810
145.6517
145.5711
145.4391
145.2558
145.0211
144.7351
144.3977
144.0090
143.6140
143.2127
142.8051
142.3912
141.9710
141.5445
141.1117
140.6726
140.0481
139.2383
138.2431
137.0625
135.6965
134.1452
132.4085
130.4865
128.4953
126.4350
124.3057
122.1073
119.8398
117.5032
115.0975
112.6227
110.2446
107.9634
105.7788
103.6911
101.7000
99.8058
98.0083
96.3075
94.7351
93.2911
91.9754
90.7882
89.7292
88.7986
87.9964
87.3226
86.6531
85.9879
85.3271
84.6706
84.0184
83.3706
82.7271
82.0880
81.5855
81.2196
80.9902
80.8975
80.9415
81.1220
81.4391
81.8929
82.3315
82.7550
83.1635
83.5568
83.9350
84.2981
84.6461
84.9790
85.4654
86.1053
86.8988
87.8457
88.9461
90.2000
91.6075
93.1684
94.5060
95.6202
96.5111
97.1786
97.6227
97.8434
97.8408
97.6149
97.4720
97.4121
97.4354
97.5417
97.7311
98.0035
98.3591
98.7977
99.2611
99.7494
100.2625
100.8005
101.3633
101.9509
102.5634
103.2007
103.8134
104.4013
104.9646
105.5032
106.0171
106.5064
106.9710
107.4109
107.9146
108.4822
109.1137
109.8090
110.5681
111.3911
112.2780
113.2287
114.1153
114.9377
115.6961
116.3902
117.0203
117.5863
118.0881
118.5257
118.9452
119.3464
119.7294
120.0941
120.4406
120.7689
121.0789
121.3707
121.5925
121.7443
121.8260
121.8377
121.7793
121.6509
121.4525
121.1841
120.9744
120.8233
120.7310
120.6973
120.7223
120.8061
120.9485
121.1496
121.2856
121.3565
121.3623
121.3030
121.1787
120.9892
120.7346
120.4150
120.2056
120.1064
120.1176
120.2389
120.4706
120.8125
121.2647
121.8271
122.3081
122.7078
123.0260
123.2628
123.4182
123.4922
123.4848
123.3960
123.3266
123.2767
123.2463
123.2353
123.2438
123.2718
123.3192
123.3861
123.2539
122.9226
122.3922
121.6628
120.7343
119.6067
118.2800
116.7543
115.3924
114.1943
113.1601
112.2898
111.5833
111.0406
110.6618
110.4468
110.1451
109.7565
109.2812
108.7191
108.0701
107.3344
106.5119
105.6025
104.7098
103.8335
102.9738
102.1306
101.3040
100.4939
99.7003
98.9233
98.2312
97.6241
97.1019
96.6646
96.3123
96.0450
95.8625
95.7651
95.7616
95.8521
96.0365
96.3150
96.6874
97.1538
97.7142
98.3686
99.0639
99.8001
100.5772
101.3953
102.2543
103.1542
104.0950
105.0768
105.9991
106.8620
107.6654
108.4094
109.0939
109.7190
110.2847
110.7909
111.2462
111.6506
112.0040
112.3066
112.5582
112.7589
112.9087
113.0075
113.1885
113.4516
113.7968
114.2241
114.7335
115.3250
115.9987
116.7545
117.4662
118.1340
118.7577
119.3374
119.8732
120.3649
120.8125
121.2162
121.7268
122.3443
123.0686
123.8999
124.8380
125.8831
127.0350
128.2938
129.3703
130.2643
130.9760
131.5053
131.8522
132.0168
131.9989
131.7987
131.5904
131.3739
131.1492
130.9164
130.6755
130.4264
130.1692
129.9038
129.5603
129.1386
128.6389
128.0609
127.4049
126.6707
125.8584
124.9679
124.1261
123.3329
122.5885
121.8926
121.2455
120.6470
120.0972
119.5960
119.0625
118.4966
117.8983
117.2676
116.6045
115.9091
115.1812
114.4210
113.7554
113.1844
112.7080
112.3262
112.0391
111.8466
111.7486
111.7453
111.6114
111.3468
110.9517
110.4259
109.7694
108.9824
108.0647
107.0165
106.1407
105.4373
104.9064
104.5480
104.3621
104.3486
104.5076
104.8391
105.1190
105.3474
105.5243
105.6497
105.7235
105.7459
105.7167
105.6359
105.6005
105.6102
105.6652
105.7655
105.9110
106.1018
106.3378
106.6191
106.9680
107.3845
107.8687
108.4205
109.0399
109.7270
110.4817
111.3041
112.1367
112.9797
113.8330
114.6967
115.5706
116.4549
117.3495
118.2544
119.1393
120.0041
120.8488
121.6735
122.4781
123.2627
124.0272
124.7716
125.5490
126.3595
127.2029
128.0793
128.9887
129.9311
130.9065
131.9149
132.7502
133.4125
133.9018
134.2180
134.3612
134.3314
134.1285
133.7526
133.3986
133.0667
132.7566
132.4686
132.2025
131.9584
131.7363
131.5361
131.2881
130.9922
130.6484
130.2568
129.8174
129.3301
128.7949
128.2119
127.6528
127.1175
126.6060
126.1184
125.6547
125.2147
124.7987
124.4065
123.9451
123.4146
122.8149
122.1460
121.4080
120.6009
119.7245
118.7790
117.8467
116.9275
116.0215
115.1287
114.2490
113.3825
112.5292
111.6890
110.8565
110.0316
109.2145
108.4050
107.6032
106.8091
106.0227
105.2439
104.4483
103.6359
102.8066
101.9605
101.0975
100.2177
99.3211
98.4077
97.6290
96.9850
96.4759
96.1015
95.8618
95.7570
95.7869
95.9515
96.2285
96.6177
97.1192
97.7330
98.4590
99.2974
100.2480
101.3109
102.2615
103.0999
103.8260
104.4398
104.9414
105.3307
105.6077
105.7725
106.0656
106.4870
107.0367
107.7147
108.5211
109.4558
110.5187
111.7100
112.8363
113.8974
114.8934
115.8243
116.6902
117.4909
118.2266
118.8971
119.5628
120.2235
120.8794
121.5303
122.1763
122.8174
123.4536
124.0849
124.6843
125.2518
125.7875
126.2913
126.7632
127.2033
127.6115
127.9878
128.2887
128.5141
128.6641
128.7387
128.7378
128.6615
128.5098
128.2826
127.8711
127.2755
126.4956
125.5315
124.3832
123.0507
121.5340
119.8330
118.2877
116.8981
115.6642
114.5859
113.6633
112.8964
112.2852
111.8297
111.2713
110.6102
109.8463
108.9797
108.0102
106.9380
105.7630
104.4852
103.3188
102.2638
101.3201
100.4878
99.7669
99.1573
98.6591
98.2723
97.9375
97.6547
97.4240
97.2453
97.1186
97.0439
97.0213
97.0507
97.0617
97.0542
97.0283
96.9840
96.9212
96.8400
96.7404
96.6224
96.6283
96.7582
97.0121
97.3899
97.8918
98.5176
99.2674
100.1411
100.7955
101.2305
101.4462
101.4425
101.2195
100.7771
100.1153
99.2342
98.5725
98.1302
97.9073
97.9037
98.1196
98.5549
99.2096
100.0837
100.8647
101.5525
102.1473
102.6488
103.0573
103.3726
103.5948
103.7238
104.1488
104.8697
105.8865
107.1992
108.8078
110.7124
112.9128
115.4092
117.5790
119.4222
120.9388
122.1288
122.9923
123.5291
123.7394
123.6231
123.6110
123.7030
123.8992
124.1996
124.6042
125.1129
125.7259
126.4430
127.0598
127.5763
127.9926
128.3086
128.5243
128.6397
128.6549
128.5698
128.4339
128.2471
128.0094
127.7209
127.3816
126.9914
126.5504
126.0585
125.5444
125.0081
124.4496
123.8689
123.2660
122.6408
121.9935
121.3240
120.6940
120.1036
119.5529
119.0416
118.5700
118.1380
117.7456
117.3927
116.7965
115.9571
114.8743
113.5482
111.9788
110.1662
108.1102
105.8109
103.6233
101.5473
99.5830
97.7303
95.9893
94.3600
92.8423
91.4363
90.0510
88.6865
87.3428
86.0198
84.7177
83.4362
82.1756
80.9358
79.9567
79.2384
78.7809
78.5841
78.6482
78.9730
79.5586
80.4049
81.1376
81.7565
82.2616
82.6530
82.9307
83.0946
83.1447
83.0812
83.3838
84.0525
85.0874
86.4885
88.2557
90.3891
92.8886
95.7543
98.4267
100.9057
103.1915
105.2840
107.1831
108.8889
110.4014
111.7206
113.1662
114.7380
116.4361
118.2605
120.2112
122.2883
124.4916
126.8212
128.8373
130.5399
131.9289
133.0044
133.7663
134.2147
134.3496
134.1709
134.0336
133.9377
133.8832
133.8701
133.8984
133.9681
134.0792
134.2316
134.3654
134.4803
134.5765
134.6539
134.7125
134.7523
134.7734
134.7757
134.7216
134.6111
134.4442
134.2210
133.9413
133.6053
133.2128
132.7640
132.2574
131.6929
131.0706
130.3906
129.6527
128.8570
128.0034
127.0921
126.1195
125.0857
123.9906
122.8343
121.6168
120.3380
118.9979
117.5966
116.3828
115.3566
114.5178
113.8666
113.4029
113.1267
113.0381
113.1369
113.1682
113.1318
113.0279
112.8563
112.6172
112.3105
111.9362
111.4942
111.0764
110.6826
110.3129
109.9672
109.6457
109.3481
109.0747
108.8253
108.6233
108.4685
108.3610
108.3008
108.2879
108.3223
108.4040
108.5330
108.5245
108.3786
108.0952
107.6744
107.1162
106.4205
105.5873
104.6168
103.8305
103.2285
102.8108
102.5774
102.5283
102.6635
102.9830
103.4868
103.9135
104.2631
104.5357
104.7312
104.8497
104.8911
104.8554
104.7427
104.6177
104.4804
104.3309
104.1692
103.9952
103.8090
103.6105
103.3998
103.3560
103.4791
103.7691
104.2261
104.8500
105.6408
106.5986
107.7233
108.8477
109.9718
111.0957
112.2193
113.3426
114.4657
115.5885
116.7110
117.4036
117.6664
117.4993
116.9024
115.8755
114.4188
112.5323
110.2158
108.3745
107.0082
106.1170
105.7009
105.7598
106.2939
107.3030
108.7872
110.2278
111.6249
112.9784
114.2884
115.5547
116.7775
117.9568
119.0925
120.4607
122.0614
123.8947
125.9605
128.2588
130.7897
133.5530
136.5490
139.5528
142.5647
145.5846
148.6124
151.6483
154.6921
157.7439
160.8037
163.1460
164.7708
165.6781
165.8680
165.3403
164.0951
162.1325
159.4523
156.7409
153.9982
151.2242
148.4189
145.5824
142.7145
139.8154
136.8850
134.1509
131.6131
129.2715
127.1263
125.1773
123.4246
121.8683
120.5082
119.1862
117.9023
116.6565
115.4487
114.2791
113.1476
112.0542
110.9988
109.9536
108.9184
107.8933
106.8783
105.8733
104.8784
103.8936
102.9189
102.0945
101.4205
100.8969
100.5237
100.3008
100.2283
100.3061
100.5344
100.6873
100.7648
100.7671
100.6940
100.5456
100.3218
100.0227
99.6483
99.3011
98.9811
98.6884
98.4228
98.1845
97.9734
97.7895
97.6329
97.4847
97.3451
97.2139
97.0912
96.9770
96.8713
96.7741
96.6854
96.6536
96.6786
96.7606
96.8995
97.0953
97.3479
97.6575
98.0239
98.3347
98.5897
98.7890
98.9325
99.0203
99.0524
99.0288
98.9494
98.9548
99.0448
99.2195
99.4789
99.8229
100.2517
100.7651
101.3633
101.9510
102.5283
103.0953
103.6518
104.1980
104.7337
105.2591
105.7740
106.5276
107.5197
108.7504
110.2197
111.9277
113.8742
116.0593
118.4830
120.7522
122.8668
124.8270
126.6326
128.2837
129.7803
131.1224
132.3100
133.3285
134.1781
134.8586
135.3702
135.7128
135.8863
135.8909
135.7265
135.4884
135.1768
134.7915
134.3327
133.8002
133.1941
132.5145
131.7612
131.1020
130.5370
130.0661
129.6893
129.4066
129.2181
129.1237
129.1233
128.9787
128.6896
128.2561
127.6783
126.9560
126.0894
125.0784
123.9230
122.7262
121.4880
120.2085
118.8875
117.5252
116.1216
114.6765
113.1901
111.8182
110.5608
109.4180
108.3898
107.4761
106.6770
105.9924
105.4223
104.9088
104.4519
104.0515
103.7076
103.4203
103.1895
103.0153
102.8976
102.8176
102.7754
102.7709
102.8042
102.8751
102.9838
103.1302
103.3144
103.4278
103.4704
103.4423
103.3433
103.1737
102.9332
102.6220
102.2400
101.8917
101.5771
101.2962
101.0489
100.8354
100.6555
100.5094
100.3969
100.1299
99.7084
99.1324
98.4018
97.5168
96.4772
95.2832
93.9346
92.6157
91.3265
90.0670
88.8372
87.6371
86.4666
85.3259
84.2148
83.4023
82.8885
82.6732
82.7565
83.1384
83.8189
84.7980
86.0757
87.3897
88.7402
90.1270
91.5501
93.0096
94.5055
96.0378
97.6065
99.1063
100.5373
101.8996
103.1930
104.4176
105.5735
106.6605
107.6787
108.7624
109.9116
111.1262
112.4063
113.7519
115.1630
116.6395
118.1815
119.7027
121.2032
122.6829
124.1418
125.5799
126.9973
128.3939
129.7697
130.9801
132.0251
132.9047
133.6189
134.1677
134.5511
134.7691
134.8216
134.8998
135.0035
135.1329
135.2878
135.4683
135.6745
135.9062
136.1635
136.2861
136.2739
136.1270
135.8453
135.4288
134.8776
134.1917
133.3710
132.5521
131.7351
130.9201
130.1068
129.2955
128.4861
127.6785
126.8728
126.0311
125.1534
124.2398
123.2901
122.3045
121.2828
120.2252
119.1316
118.0354
116.9366
115.8352
114.7313
113.6247
112.5155
111.4037
110.2893
109.2864
108.3951
107.6153
106.9470
106.3903
105.9451
105.6114
105.3892
105.0495
104.5922
104.0174
103.3251
102.5152
101.5877
100.5427
99.3801
98.3978
97.5956
96.9737
96.5320
96.2705
96.1892
96.2881
96.5672
96.8695
97.1951
97.5440
97.9161
98.3115
98.7301
99.1720
99.6371
100.1390
100.6776
101.2529
101.8650
102.5138
103.1993
103.9216
104.6806
105.4244
106.1530
106.8663
107.5645
108.2474
108.9150
109.5674
110.2047
110.7758
111.2810
111.7201
112.0932
112.4003
112.6413
112.8163
112.9253
112.9886
113.0064
112.9785
112.9050
112.7859
112.6212
112.4108
112.1548
111.7310
111.1393
110.3797
109.4522
108.3569
107.0937
105.6627
104.0638
102.2882
100.3361
98.2074
95.9020
93.4201
90.7615
87.9264
84.9146
82.5311
80.7760
79.6491
79.1505
79.2803
80.0383
81.4246
83.4393
85.0033
86.1166
86.7793
86.9914
86.7529
86.0637
84.9239
83.3334
84.0838
87.1751
92.6072
100.3802
110.4941
122.9488
137.7444
154.8808
168.7297
179.2909
186.5645
190.5505
193.0481
194.0572
193.5779
191.6101
189.3928
186.9260
184.2097
181.2438
178.0285
174.5636
170.8492
166.8853
163.0996
159.4923
156.0631
152.8123
149.7397
146.8453
144.1292
141.5914
139.3504
137.4061
135.7586
134.4079
133.3540
132.5968
132.1364
131.9728
131.4443
130.5511
129.2931
127.6702
125.6826
123.3302
120.6129
117.5309
114.9306
112.8120
111.1752
110.0201
109.3468
109.1552
109.4453
110.2172
110.7511
111.0469
111.1046
110.9244
110.5061
109.8497
108.9553
107.8229
106.7751
105.8121
104.9337
104.1401
103.4311
102.8068
102.2672
101.8122
101.4635
101.2211
101.0848
101.0548
101.1310
101.3134
101.6020
101.9969
102.3545
102.6749
102.9581
103.2041
103.4129
103.5845
103.7188
103.8160
103.9034
103.9810
104.0490
104.1072
104.1556
104.1944
104.2233
104.2426
104.2530
104.2546
104.2473
104.2312
104.2063
104.1725
104.1299
104.0784
104.0350
103.9997
103.9725
103.9533
103.9422
103.9392
103.9442
103.9574
103.9885
104.0378
104.1051
104.1905
104.2940
104.4155
104.5551
104.7128
104.8518
104.9723
105.0743
105.1576
105.2223
105.2685
105.2961
105.3051
105.3802
105.5214
105.7287
106.0021
106.3416
106.7471
107.2188
107.7565
108.0311
108.0426
107.7910
107.2762
106.4982
105.4571
104.1529
102.5856
101.2381
100.1105
99.2029
98.5151
98.0471
97.7991
97.7710
97.9627
98.1062
98.2013
98.2482
98.2468
98.1970
98.0990
97.9527
97.7582
97.7030
97.7874
98.0112
98.3745
98.8772
99.5194
100.3011
101.2222
102.2026
103.2423
104.3412
105.4994
106.7168
107.9935
109.3294
110.7246
111.9359
112.9633
113.8068
114.4664
114.9421
115.2339
115.3418
115.2658
115.3029
115.4531
115.7165
116.0930
116.5826
117.1853
117.9011
118.7301
119.4624
120.0982
120.6373
121.0798
121.4257
121.6750
121.8276
121.8837
121.8525
121.7340
121.5282
121.2352
120.8550
120.3874
119.8326
119.1906
118.7076
118.3838
118.2191
118.2135
118.3669
118.6795
119.1512
119.7820
120.2973
120.6971
120.9814
121.1501
121.2034
121.1411
120.9633
120.6700
120.5193
120.5111
120.6455
120.9224
121.3418
121.9038
122.6084
123.4555
124.2313
124.9359
125.5691
126.1310
126.6217
127.0410
127.3890
127.6658
127.8957
128.0786
128.2147
128.3039
128.3462
128.3416
128.2902
128.1918
128.1782
128.2494
128.4054
128.6461
128.9716
129.3819
129.8770
130.4568
130.9085
131.2320
131.4274
131.4947
131.4338
131.2448
130.9277
130.4824
130.0846
129.7342
129.4312
129.1757
128.9677
128.8071
128.6939
128.6282
128.4716
128.2242
127.8859
127.4568
126.9368
126.3260
125.6243
124.8318
124.1080
123.4530
122.8667
122.3492
121.9004
121.5204
121.2091
120.9666
120.6413
120.2331
119.7421
119.1682
118.5115
117.7719
116.9495
116.0442
115.0590
113.9937
112.8483
111.6230
110.3176
108.9323
107.4669
105.9214
104.4219
102.9681
101.5602
100.1981
98.8819
97.6114
96.3869
95.2081
94.2168
93.4130
92.7965
92.3675
92.1260
92.0719
92.2052
92.5259
92.7623
92.9142
92.9817
92.9648
92.8634
92.6777
92.4075
92.0529
92.0579
92.4224
93.1464
94.2300
95.6731
97.4758
99.6380
102.1597
104.2739
105.9807
107.2799
108.1717
108.6560
108.7328
108.4021
107.6639
107.0195
106.4690
106.0123
105.6495
105.3805
105.2053
105.1240
105.1365
105.1779
105.2480
105.3470
105.4749
105.6315
105.8170
106.0313
106.2744
106.5064
106.7274
106.9373
107.1362
107.3240
107.5007
107.6663
107.8209
107.9113
107.9377
107.8999
107.7980
107.6321
107.4020
107.1078
106.7495
106.3591
105.9364
105.4815
104.9945
104.4752
103.9238
103.3402
102.7244
102.1529
101.6259
101.1431
100.7048
100.3108
99.9612
99.6560
99.3951
99.1684
98.9758
98.8174
98.6932
98.6032
98.5473
98.5256
98.5381
98.6184
98.7665
98.9825
99.2663
99.6180
100.0375
100.5248
101.0799
101.6242
102.1576
102.6800
103.1916
103.6923
104.1821
104.6611
105.1291
105.6771
106.3051
107.0131
107.8011
108.6691
109.6171
110.6451
111.7531
112.8070
113.8066
114.7522
115.6435
116.4808
117.2638
117.9928
118.6675
119.4798
120.4295
121.5166
122.7412
124.1033
125.6028
127.2398
129.0143
130.7425
132.4246
134.0603
135.6499
137.1933
138.6904
140.1413
141.5460
142.6112
143.3368
143.7229
143.7694
143.4765
142.8440
141.8719
140.5604
139.2435
137.9212
136.5937
135.2608
133.9225
132.5789
131.2300
129.8758
128.5162
127.1514
125.7814
124.4060
123.0254
121.6396
120.2484
118.8520
117.5342
116.2950
115.1343
114.0523
113.0488
112.1239
111.2776
110.5099
109.8675
109.3504
108.9586
108.6920
108.5508
108.5349
108.6442
108.8789
109.1267
109.3878
109.6619
109.9493
110.2498
110.5635
110.8904
111.2304
111.5390
111.8162
112.0620
112.2763
112.4593
112.6107
112.7308
112.8195
112.9083
112.9973
113.0865
113.1759
113.2655
113.3553
113.4453
113.5355
113.6451
113.7741
113.9224
114.0902
114.2774
114.4840
114.7100
114.9554
115.2308
115.5362
115.8715
116.2368
116.6321
117.0574
117.5126
117.9979
118.3023
118.4260
118.3688
118.1309
117.7121
117.1126
116.3323
115.3712
114.5552
113.8843
113.3585
112.9779
112.7423
112.6519
112.7067
112.9065
113.0854
113.2435
113.3806
113.4969
113.5922
113.6666
113.7202
113.7528
113.8023
113.8686
113.9518
114.0517
114.1685
114.3021
114.4526
114.6199
114.7948
114.9775
115.1679
115.3659
115.5717
115.7852
116.0063
116.2352
116.4329
116.5994
116.7347
116.8389
116.9119
116.9537
116.9644
116.9439
116.8643
116.7256
116.5278
116.2709
115.9550
115.5799
115.1458
114.6526
114.1679
113.6918
113.2242
112.7652
112.3147
111.8728
111.4395
111.0147
110.6589
110.3721
110.1543
110.0055
109.9256
109.9148
109.9730
110.1001
110.1060
109.9907
109.7541
109.3962
108.9171
108.3167
107.5951
106.7522
105.9260
105.1166
104.3238
103.5477
102.7883
102.0457
101.3197
100.6104
99.9427
99.3167
98.7322
98.1893
97.6880
97.2283
96.8101
96.4336
96.2634
96.2996
96.5421
96.9909
97.6461
98.5076
99.5755
100.8497
101.9671
102.9278
103.7316
104.3787
104.8690
105.2025
105.3792
105.3992
105.4776
105.6144
105.8098
106.0636
106.3758
106.7465
107.1757
107.6634
108.0679
108.3893
108.6276
108.7828
108.8549
108.8438
108.7496
108.5724
108.5349
108.6373
108.8794
109.2614
109.7833
110.4449
111.2464
112.1877
113.0165
113.7329
114.3369
114.8285
115.2076
115.4743
115.6286
115.6705
115.8017
116.0225
116.3326
116.7322
117.2212
117.7997
118.4676
119.2250
119.9088
120.5193
121.0562
121.5197
121.9098
122.2263
122.4694
122.6391
122.7847
122.9065
123.0042
123.0780
123.1279
123.1538
123.1557
123.1336
123.1062
123.0733
123.0350
122.9913
122.9421
122.8875
122.8275
122.7621
122.7211
122.7045
122.7122
122.7444
122.8009
122.8819
122.9872
123.1170
123.2636
123.4272
123.6076
123.8050
124.0193
124.2505
124.4987
124.7637
124.9396
125.0263
125.0239
124.9323
124.7516
124.4817
124.1226
123.6744
123.1295
122.4878
121.7493
120.9141
119.9822
118.9535
117.8280
116.6058
115.5200
114.5706
113.7575
113.0809
112.5406
112.1367
111.8692
111.7381
111.6772
111.6864
111.7659
111.9155
112.1352
112.4252
112.7853
113.2156
113.6429
114.0671
114.4882
114.9063
115.3213
115.7333
116.1422
116.5481
116.9924
117.4752
117.9965
118.5563
119.1545
119.7912
120.4664
121.1800
121.8832
122.5759
123.2581
123.9299
124.5911
125.2419
125.8822
126.5121
127.0953
127.6320
128.1220
128.5655
128.9624
129.3127
129.6163
129.8734
129.9223
129.7630
129.3955
128.8197
128.0358
127.0436
125.8432
124.4346
123.2415
122.2641
121.5023
120.9561
120.6254
120.5104
120.6109
120.9271
121.0994
121.1278
121.0125
120.7533
120.3502
119.8034
119.1127
118.2781
117.5140
116.8204
116.1972
115.6444
115.1620
114.7501
114.4086
114.1376
113.8653
113.5919
113.3172
113.0412
112.7641
112.4857
112.2061
111.9252
111.6917
111.5053
111.3662
111.2744
111.2298
111.2325
111.2824
111.3796
111.5214
111.7080
111.9391
112.2150
112.5354
112.9006
113.3104
113.7649
113.9168
113.7662
113.3130
112.5572
111.4989
110.1379
108.4745
106.5084
104.5385
102.5647
100.5870
98.6055
96.6201
94.6309
92.6377
90.6408
88.5205
86.2770
83.9103
81.4203
78.8071
76.0707
73.2109
70.2280
67.8730
66.1461
65.0472
64.5763
64.7335
65.5186
66.9318
68.9729
71.1353
73.4189
75.8237
78.3497
80.9969
83.7653
86.6549
89.6658
92.3810
94.8007
96.9247
98.7532
100.2861
101.5234
102.4651
103.1113
103.9123
104.8683
105.9792
107.2450
108.6657
110.2413
111.9718
113.8572
115.4840
116.8520
117.9614
118.8120
119.4040
119.7372
119.8118
119.6276
119.6000
119.7288
120.0141
120.4560
121.0543
121.8091
122.7204
123.7882
124.5611
125.0390
125.2220
125.1101
124.7032
124.0015
123.0048
121.7131
120.5374
119.4776
118.5338
117.7059
116.9939
116.3978
115.9176
115.5534
115.2129
114.8960
114.6028
114.3333
114.0874
113.8653
113.6668
113.4920
113.2715
113.0055
112.6938
112.3366
111.9337
111.4852
110.9911
110.4514
109.9392
109.4547
108.9977
108.5682
108.1664
107.7921
107.4454
107.1262
106.9504
106.9179
107.0287
107.2829
107.6803
108.2211
108.9052
109.7326
110.3483
110.7523
110.9446
110.9252
110.6940
110.2512
109.5966
108.7303
107.9973
107.3976
106.9312
106.5980
106.3982
106.3316
106.3983
106.5983
106.6620
106.5895
106.3806
106.0355
105.5541
104.9364
104.1824
103.2922
102.4933
101.7858
101.1697
100.6450
100.2116
99.8697
99.6191
99.4598
99.4030
99.4484
99.5962
99.8463
100.1987
100.6534
101.2105
101.8699
102.5769
103.3315
104.1336
104.9834
105.8807
106.8256
107.8181
108.8582
109.8947
110.9275
111.9566
112.9821
114.0039
115.0220
116.0365
117.0474
117.9194
118.6527
119.2471
119.7027
120.0195
120.1975
120.2367
120.1371
120.2012
120.4290
120.8205
121.3757
122.0946
122.9772
124.0235
125.2335
126.3111
127.2563
128.0692
128.7497
129.2978
129.7135
129.9969
130.1479
130.2726
130.3711
130.4433
130.4892
130.5089
130.5023
130.4694
130.4103
130.3322
130.2351
130.1191
129.9840
129.8300
129.6570
129.4650
129.2540
129.1116
129.0378
129.0326
129.0960
129.2280
129.4286
129.6978
130.0356
130.3033
130.5011
130.6290
130.6868
130.6747
130.5925
130.4404
130.2183
129.9846
129.7392
129.4821
129.2134
128.9331
128.6410
128.3374
128.0220
127.6850
127.3261
126.9455
126.5432
126.1191
125.6733
125.2057
124.7163
124.1504
123.5080
122.7889
121.9933
121.1212
120.1725
119.1472
118.0453
117.0838
116.2625
115.5815
115.0408
114.6404
114.3803
114.2605
114.2810
114.2858
114.2750
114.2485
114.2065
114.1488
114.0755
113.9865
113.8819
113.8878
114.0043
114.2313
114.5689
115.0170
115.5756
116.2448
117.0245
117.6618
118.1567
118.5092
118.7194
118.7871
118.7125
118.4955
118.1361
117.8671
117.6885
117.6003
117.6025
117.6951
117.8781
118.1515
118.5153
118.8329
119.1042
119.3292
119.5079
119.6404
119.7266
119.7666
119.7603
119.7656
119.7827
119.8113
119.8517
119.9037
119.9674
120.0427
120.1297
120.0115
119.6881
119.1595
118.4257
117.4867
116.3425
114.9931
113.4385
111.6750
109.7027
107.5214
105.1314
102.5324
99.7245
96.7078
93.4822
90.5359
87.8688
85.4810
83.3724
81.5431
79.9931
78.7223
77.7307
77.3402
77.5507
78.3623
79.7749
81.7885
84.4031
87.6188
91.4355
95.0032
98.3218
101.3915
104.2122
106.7838
109.1065
111.1801
113.0048
114.8452
116.7015
118.5736
120.4615
122.3653
124.2848
126.2202
128.1714
130.0582
131.8805
133.6384
135.3319
136.9610
138.5256
140.0258
141.4616
142.6945
143.7245
144.5516
145.1759
145.5973
145.8158
145.8314
145.6441
145.1996
144.4978
143.5388
142.3226
140.8491
139.1184
137.1304
134.8852
132.5616
130.1596
127.6792
125.1203
122.4830
119.7674
116.9733
114.1008
111.4940
109.1528
107.0772
105.2673
103.7230
102.4443
101.4313
100.6839
99.8943
99.0623
98.1881
97.2715
96.3127
95.3115
94.2681
93.1823
92.2671
91.5223
90.9479
90.5441
90.3107
90.2478
90.3553
90.6333
90.9059
91.1730
91.4347
91.6909
91.9417
92.1870
92.4269
92.6614
92.7867
92.8029
92.7100
92.5080
92.1969
91.7766
91.2473
90.6088
90.1721
89.9371
89.9038
90.0723
90.4426
91.0146
91.7883
92.7638
93.5551
94.1623
94.5853
94.8243
94.8790
94.7497
94.4362
93.9385
93.5051
93.1359
92.8309
92.5902
92.4137
92.3015
92.2534
92.2696
92.3822
92.5913
92.8968
93.2988
93.7972
94.3920
95.0833
95.8710
96.6716
97.4853
98.3118
99.1513
100.0038
100.8692
101.7476
102.6389
103.6929
104.9096
106.2889
107.8308
109.5354
111.4026
113.4325
115.6251
117.6306
119.4489
121.0801
122.5242
123.7812
124.8511
125.7338
126.4295
126.9907
127.4174
127.7097
127.8675
127.8908
127.7797
127.5341
127.1541
126.8265
126.5512
