136.9406
137.3070
137.8730
138.6386
139.6040
140.7690
141.8394
142.8152
143.6964
144.4830
145.1750
145.7724
146.2752
146.6833
146.9759
147.1528
147.2141
147.1598
146.9899
146.7044
146.3032
145.7865
144.9467
143.7840
142.2984
140.4897
138.3581
135.9036
133.1260
130.0255
127.3032
124.9592
122.9934
121.4059
120.1966
119.3656
118.9128
118.8383
118.6627
118.3860
118.0081
117.5292
116.9492
116.2681
115.4858
114.6025
114.2710
114.4914
115.2636
116.5876
118.4635
120.8913
123.8708
127.4022
129.6350
130.5691
130.2045
128.5412
125.5792
121.3186
115.7593
108.9013
103.3480
99.0992
96.1550
94.5155
94.1805
95.1501
97.4243
101.0032
104.2070
107.0358
109.4896
111.5684
113.2722
114.6011
115.5549
116.1337
116.9588
118.0302
119.3479
120.9118
122.7221
124.7786
127.0814
129.6305
131.8388
133.7062
135.2328
136.4186
137.2635
137.7676
137.9309
137.7534
137.7285
137.8562
138.1365
138.5694
139.1549
139.8930
140.7838
141.8272
142.8276
143.7851
144.6996
145.5713
146.3999
147.1857
147.9285
148.6284
149.2476
149.7863
150.2443
150.6217
150.9185
151.1347
151.2703
151.3252
151.3446
151.3284
151.2767
151.1893
151.0664
150.9079
150.7138
150.4842
150.0744
149.4844
148.7143
147.7641
146.6337
145.3231
143.8324
142.1616
140.3887
138.5137
136.5368
134.4577
132.2767
129.9936
127.6085
125.1213
122.8031
120.6540
118.6739
116.8629
115.2208
113.7478
112.4439
111.3089
110.1487
108.9632
107.7524
106.5164
105.2550
103.9684
102.6565
101.3194
99.8423
98.2254
96.4686
94.5720
92.5354
90.3590
88.0428
85.5866
83.3801
81.4230
79.7155
78.2576
77.0492
76.0904
75.3811
74.9213
74.3298
73.6066
72.7516
71.7649
70.6465
69.3963
68.0144
66.5008
65.2232
64.1817
63.3763
62.8069
62.4736
62.3764
62.5153
62.8903
63.1688
63.3509
63.4366
63.4259
63.3188
63.1153
62.8154
62.4190
62.5390
63.1753
64.3280
65.9969
68.1822
70.8838
74.1017
77.8360
81.1219
83.9594
86.3486
88.2894
89.7818
90.8258
91.4215
91.5688
92.2056
93.3320
94.9479
97.0532
99.6482
102.7326
106.3065
110.3700
114.4368
118.5070
122.5805
126.6574
130.7377
134.8213
138.9083
142.9987
146.9291
150.6996
154.3102
157.7610
161.0518
164.1827
167.1537
169.9648
172.7324
175.4567
178.1376
180.7751
183.3692
185.9199
188.4271
190.8910
193.2994
195.6524
197.9499
200.1920
202.3786
204.5097
206.5855
208.6057
210.2648
211.5627
212.4994
213.0750
213.2894
213.1426
212.6346
211.7655
210.9406
210.1600
209.4237
208.7317
208.0840
207.4805
206.9213
206.4064
205.6668
204.7025
203.5135
202.0997
200.4613
198.5982
196.5103
194.1978
191.8830
189.5659
187.2465
184.9249
182.6010
180.2748
177.9464
175.6157
173.2398
170.8187
168.3524
165.8410
163.2843
160.6825
158.0355
155.3433
152.5286
149.5914
146.5317
143.3495
140.0448
136.6176
133.0679
129.3957
126.2645
123.6742
121.6248
120.1163
119.1488
118.7222
118.8366
119.4919
119.9871
120.3223
120.4974
120.5125
120.3676
120.0626
119.5976
118.9725
118.1424
117.1072
115.8670
114.4217
112.7714
110.9161
108.8557
106.5903
104.5008
102.5872
100.8495
99.2878
97.9020
96.6921
95.6581
94.8001
93.6204
92.1191
90.2962
88.1516
85.6854
82.8975
79.7880
76.3569
73.2857
70.5743
68.2229
66.2313
64.5997
63.3279
62.4161
61.8641
61.5321
61.4199
61.5277
61.8555
62.4031
63.1707
64.1582
65.3656
66.5200
67.6212
68.6693
69.6643
70.6062
71.4950
72.3307
73.1133
73.9926
74.9685
76.0411
77.2103
78.4762
79.8388
81.2981
82.8540
84.5052
86.2517
88.0936
90.0307
92.0632
94.1909
96.4140
98.7324
101.3180
104.1707
107.2907
110.6777
114.3320
118.2534
122.4420
126.8977
131.2273
135.4307
139.5079
143.4590
147.2838
150.9825
154.5550
158.0013
161.1759
164.0789
166.7102
169.0699
171.1579
172.9742
174.5189
175.7919
176.9307
177.9353
178.8057
179.5419
180.1439
180.6117
180.9453
181.1447
181.4564
181.8804
182.4167
183.0652
183.8261
184.6993
185.6848
186.7826
187.6379
188.2508
188.6213
188.7494
188.6350
188.2782
187.6790
186.8373
185.7624
184.4541
182.9126
181.1378
179.1298
176.8884
174.4138
171.7058
168.9472
166.1378
163.2778
160.3670
157.4055
154.3934
151.3305
148.2168
145.3769
142.8108
140.5183
138.4995
136.7545
135.2831
134.0855
133.1616
132.1148
130.9452
129.6527
128.2374
126.6992
125.0382
123.2543
121.3476
119.5792
117.9492
116.4576
115.1043
113.8894
112.8128
111.8747
111.0748
110.2681
109.4545
108.6340
107.8066
106.9722
106.1310
105.2828
104.4278
103.5812
102.7430
101.9132
101.0919
100.2790
99.4746
98.6786
97.8910
97.1203
96.3663
95.6291
94.9087
94.2051
93.5183
92.8482
92.1950
91.5940
91.0452
90.5487
90.1043
89.7122
89.3723
89.0847
88.8493
88.6255
88.4133
88.2128
88.0239
87.8466
87.6810
87.5271
87.3847
87.3850
87.5279
87.8135
88.2417
88.8125
89.5260
90.3820
91.3807
92.3136
93.1807
93.9820
94.7175
95.3872
95.9911
96.5292
97.0015
97.5735
98.2452
99.0167
99.8878
100.8587
101.9293
103.0997
104.3697
105.6144
106.8336
108.0275
109.1959
110.3389
111.4565
112.5487
113.6155
114.8063
116.1213
117.5604
119.1236
120.8109
122.6224
124.5579
126.6175
128.6908
130.7778
132.8785
134.9929
137.1209
139.2627
141.4181
143.5872
145.6194
147.5146
149.2730
150.8944
152.3788
153.7264
154.9370
156.0107
156.7916
157.2797
157.4749
157.3774
156.9871
156.3039
155.3280
154.0593
152.8534
151.7103
150.6300
149.6126
148.6580
147.7662
146.9373
146.1712
145.3742
144.5464
143.6878
142.7982
141.8778
140.9266
139.9445
138.9315
137.9975
137.1423
136.3660
135.6686
135.0501
134.5105
134.0498
133.6680
133.3526
133.1036
132.9210
132.8049
132.7552
132.7720
132.8551
133.0047
133.3411
133.8644
134.5745
135.4715
136.5553
137.8260
139.2835
140.9279
142.2792
143.3375
144.1027
144.5749
144.7540
144.6400
144.2331
143.5330
142.8567
142.2042
141.5755
140.9705
140.3893
139.8318
139.2981
138.7881
138.3964
138.1229
137.9677
137.9306
138.0118
138.2112
138.5288
138.9646
139.2947
139.5191
139.6376
139.6504
139.5575
139.3588
139.0543
138.6441
138.2454
137.8583
137.4827
137.1186
136.7660
136.4250
136.0955
135.7775
135.4110
134.9961
134.5326
134.0207
133.4602
132.8513
132.1939
131.4880
130.8276
130.2126
129.6432
129.1193
128.6408
128.2079
127.8204
127.4785
127.1222
126.7517
126.3669
125.9677
125.5543
125.1265
124.6845
124.2282
123.7748
123.3243
122.8767
122.4321
121.9904
121.5516
121.1158
120.6829
120.2088
119.6936
119.1372
118.5397
117.9010
117.2212
116.5002
115.7381
115.0841
114.5384
114.1008
113.7715
113.5503
113.4373
113.4325
113.5359
113.5707
113.5370
113.4349
113.2641
113.0249
112.7171
112.3408
111.8960
111.7393
111.8708
112.2903
112.9980
113.9939
115.2778
116.8499
118.7101
120.9034
123.4296
126.2889
129.4812
133.0065
136.8648
141.0561
145.5805
150.0039
154.3265
158.5482
162.6689
166.6888
170.6078
174.4259
178.1432
180.9540
182.8586
183.8568
183.9486
183.1342
181.4133
178.7862
175.2526
172.0480
169.1721
166.6251
164.4069
162.5176
160.9570
159.7253
158.8225
157.7257
156.4349
154.9501
153.2713
151.3986
149.3319
147.0712
144.6166
142.3823
140.3683
138.5747
137.0014
135.6484
134.5158
133.6035
132.9115
132.2696
131.6776
131.1356
130.6436
130.2017
129.8097
129.4677
129.1757
128.6427
127.8687
126.8537
125.5977
124.1008
122.3628
120.3838
118.1638
116.0918
114.1677
112.3915
110.7633
109.2830
107.9506
106.7662
105.7297
104.6955
103.6636
102.6340
101.6067
100.5817
99.5590
98.5385
97.5204
96.7207
96.1395
95.7767
95.6324
95.7066
95.9992
96.5103
97.2398
98.0241
98.8630
99.7568
100.7052
101.7083
102.7662
103.8788
105.0461
106.0153
106.7863
107.3592
107.7340
107.9106
107.8890
107.6693
107.2515
106.8729
106.5335
106.2333
105.9724
105.7506
105.5681
105.4249
105.3208
105.2701
105.2727
105.3287
105.4380
105.6006
105.8166
106.0859
106.4086
106.7207
107.0223
107.3134
107.5940
107.8641
108.1236
108.3727
108.6112
108.7347
108.7432
108.6367
108.4151
108.0786
107.6271
107.0605
106.3790
105.4816
104.3686
103.0397
101.4951
99.7347
97.7585
95.5665
93.1588
92.0925
92.3674
93.9837
96.9413
101.2403
106.8806
113.8622
122.1851
129.0913
134.5808
138.6536
141.3096
142.5489
142.3715
140.7774
137.7665
135.7946
134.8616
134.9676
136.1126
138.2965
141.5194
145.7812
151.0820
155.8386
160.0511
163.7194
166.8435
169.4235
171.4592
172.9509
173.8983
174.9006
175.9579
177.0700
178.2371
179.4590
180.7359
182.0676
183.4542
183.8486
183.2506
181.6604
179.0779
175.5031
170.9360
165.3766
158.8249
153.2372
148.6135
144.9539
142.2582
140.5265
139.7588
139.9550
141.1153
142.0093
142.6369
142.9981
143.0929
142.9215
142.4836
141.7794
140.8089
139.8454
138.8890
137.9397
136.9975
136.0624
135.1344
134.2135
133.2997
132.5606
131.9964
131.6069
131.3922
131.3523
131.4872
131.7969
132.2813
132.3265
131.9323
131.0989
129.8261
128.1141
125.9627
123.3720
120.3420
117.7859
115.7038
114.0956
112.9613
112.3009
112.1144
112.4018
113.1632
113.5638
113.6037
113.2829
112.6014
111.5592
110.1562
108.3926
106.2682
104.1442
102.0207
99.8977
97.7752
95.6531
93.5314
91.4102
89.2895
87.4810
85.9847
84.8007
83.9289
83.3694
83.1220
83.1870
83.5641
83.9950
84.4796
85.0180
85.6102
86.2561
86.9557
87.7091
88.5162
89.1848
89.7149
90.1065
90.3595
90.4741
90.4501
90.2876
89.9865
89.8640
89.9200
90.1545
90.5675
91.1590
91.9290
92.8776
94.0046
95.4596
97.2424
99.3532
101.7918
104.5583
107.6528
111.0751
114.8253
118.1305
120.9908
123.4060
125.3762
126.9015
127.9817
128.6170
128.8073
128.9226
128.9629
128.9283
128.8187
128.6341
128.3746
128.0401
127.6307
127.0561
126.3164
125.4115
124.3415
123.1064
121.7062
120.1408
118.4103
117.4381
117.2241
117.7684
119.0710
121.1318
123.9509
127.5283
131.8639
136.6841
141.9888
147.7780
154.0517
159.4086
163.8487
167.3720
169.9784
172.3931
174.6160
176.6471
178.4864
180.1339
181.5896
182.8536
183.9257
184.8075
185.4988
185.9998
186.3103
186.4305
186.3603
186.0996
185.6486
185.1488
184.6002
184.0029
183.3568
182.6619
181.9183
181.1259
180.2848
179.3360
178.2795
177.1152
175.8433
174.4637
172.9764
171.3814
169.6787
167.6601
165.3254
162.6748
159.7083
156.4258
152.8273
148.9128
144.6824
141.1579
138.3393
136.2267
134.8200
134.1192
134.1243
134.8354
136.2524
137.1120
137.4143
137.1592
136.3468
134.9770
133.0499
130.5655
127.5237
125.0379
123.1083
121.7347
120.9173
120.6559
120.9506
121.8014
123.2083
124.0550
124.3417
124.0681
123.2345
121.8407
119.8868
117.3728
114.2986
111.5303
109.0679
106.9114
105.0607
103.5159
102.2769
101.3438
100.7166
100.2156
99.8409
99.5923
99.4699
99.4737
99.6037
99.8600
100.2424
100.4198
100.3922
100.1596
99.7219
99.0793
98.2316
97.1789
95.9212
94.8023
93.8220
92.9805
92.2776
91.7135
91.2882
91.0015
90.8536
90.6341
90.3431
89.9805
89.5464
89.0407
88.4636
87.8148
87.0946
86.4491
85.8785
85.3828
84.9619
84.6159
84.3447
84.1483
84.0268
84.0678
84.2714
84.6376
85.1664
85.8577
86.7115
87.7279
88.9069
90.0790
91.2442
92.4025
93.5538
94.6983
95.8358
96.9665
98.0902
99.8104
102.1269
105.0399
108.5493
112.6551
117.3573
122.6560
128.5510
133.9167
138.7531
143.0600
146.8376
150.0858
152.8047
154.9942
156.6543
158.3292
160.0189
161.7235
163.4428
165.1769
166.9258
168.6896
170.4681
171.9721
173.2015
174.1565
174.8368
175.2427
175.3740
175.2308
174.8130
174.4732
174.2112
174.0272
173.9212
173.8930
173.9428
174.0705
174.2761
174.5639
174.9340
175.3862
175.9207
176.5374
177.2363
178.0174
178.8807
179.6001
180.1756
180.6071
180.8948
181.0386
181.0384
180.8944
180.6064
180.2080
179.6993
179.0801
178.3506
177.5107
176.5604
175.4997
174.3286
172.8825
171.1615
169.1654
166.8944
164.3483
161.5273
158.4313
155.0603
152.0346
149.3540
147.0188
145.0287
143.3839
142.0843
141.1300
140.5209
139.7413
138.7911
137.6704
136.3792
134.9175
133.2852
131.4824
129.5091
127.6579
125.9290
124.3223
122.8378
121.4755
120.2354
119.1175
118.1218
117.0719
115.9676
114.8090
113.5961
112.3289
111.0073
109.6315
108.2014
106.8737
105.6487
104.5261
103.5061
102.5886
101.7736
101.0612
100.4513
99.8813
99.3511
98.8608
98.4103
97.9997
97.6290
97.2981
97.0071
96.6853
96.3326
95.9490
95.5347
95.0895
94.6134
94.1066
93.5688
93.0275
92.4824
91.9338
91.3814
90.8254
90.2658
89.7025
89.1356
88.5606
87.9777
87.3869
86.7880
86.1812
85.5664
84.9436
84.3128
83.6153
82.8512
82.0203
81.1228
80.1586
79.1276
78.0300
76.8657
75.8927
75.1109
74.5203
74.1210
73.9130
73.8962
74.0707
74.4365
75.1960
76.3494
77.8967
79.8378
82.1727
84.9015
88.0240
91.5405
94.8305
97.8941
100.7313
103.3421
105.7264
107.8843
109.8158
111.5209
113.3578
115.3265
117.4270
119.6592
122.0233
124.5191
127.1467
129.9061
132.6439
135.3599
138.0543
140.7270
143.3780
146.0073
148.6149
151.2009
153.5074
155.5346
157.2823
158.7507
159.9396
160.8492
161.4793
161.8301
162.2849
162.8438
163.5068
164.2738
165.1450
166.1202
167.1995
168.3829
169.5804
170.7920
172.0177
173.2574
174.5113
175.7793
177.0613
178.3575
179.3612
180.0725
180.4914
180.6178
180.4518
179.9934
179.2426
178.1993
177.0535
175.8052
174.4544
173.0011
171.4453
169.7871
168.0263
166.1630
164.2988
162.4337
160.5677
158.7008
156.8330
154.9643
153.0946
151.2241
149.4903
147.8932
146.4329
145.1093
143.9225
142.8724
141.9590
141.1824
140.3819
139.5576
138.7095
137.8376
136.9418
136.0222
135.0787
134.1114
133.1335
132.1450
131.1459
130.1361
129.1157
128.0847
127.0430
125.9907
124.9113
123.8046
122.6706
121.5095
120.3212
119.1056
117.8629
116.5929
115.4230
114.3533
113.3838
112.5144
111.7451
111.0759
110.5069
110.0381
109.4914
108.8670
108.1647
107.3847
106.5269
105.5913
104.5779
103.4867
102.4831
101.5672
100.7388
99.9981
99.3450
98.7795
98.3017
97.9114
97.5254
97.1436
96.7659
96.3925
96.0233
95.6583
95.2974
94.9408
94.6715
94.4894
94.3946
94.3870
94.4666
94.6336
94.8878
95.2292
95.6593
96.1781
96.7855
97.4816
98.2664
99.1398
100.1019
101.1527
102.1159
102.9916
103.7798
104.4804
105.0935
105.6191
106.0571
106.4076
107.0019
107.8400
108.9219
110.2475
111.8169
113.6301
115.6871
117.9879
120.1859
122.2811
124.2737
126.1634
127.9504
129.6347
131.2163
132.6950
134.1572
135.6026
137.0314
138.4436
139.8390
141.2179
142.5800
143.9255
145.0725
146.0209
146.7708
147.3221
147.6749
147.8291
147.7848
147.5419
147.2652
146.9545
146.6100
146.2316
145.8193
145.3730
144.8929
144.3789
143.8518
143.3117
142.7584
142.1921
141.6127
141.0203
140.4148
139.7962
139.2146
138.6702
138.1628
137.6924
137.2592
136.8630
136.5038
136.1817
135.7504
135.2098
134.5599
133.8008
132.9324
131.9548
130.8679
129.6718
128.5344
127.4558
126.4360
125.4749
124.5727
123.7292
122.9445
122.2186
121.6839
121.3406
121.1885
121.2277
121.4582
121.8800
122.4930
123.2974
124.1422
125.0276
125.9535
126.9199
127.9268
128.9743
130.0622
131.1907
132.1253
132.8661
133.4130
133.7661
133.9253
133.8907
133.6622
133.2399
132.7983
132.3375
131.8575
131.3582
130.8397
130.3020
129.7450
129.1688
128.5358
127.8462
127.0999
126.2969
125.4372
124.5208
123.5477
122.5179
121.6755
121.0204
120.5527
120.2724
120.1795
120.2739
120.5557
121.0249
121.3720
121.5970
121.7000
121.6809
121.5397
121.2764
120.8911
120.3837
119.9547
119.6039
119.3315
119.1373
119.0215
118.9839
119.0247
119.1438
119.3053
119.5091
119.7552
120.0436
120.3745
120.7476
121.1631
121.6210
122.1150
122.6451
123.2114
123.8138
124.4524
125.1271
125.8379
126.5849
127.3768
128.2134
129.0948
130.0210
130.9921
132.0079
133.0686
134.1740
135.1903
136.1174
136.9553
137.7040
138.3635
138.9338
139.4150
139.8070
140.3272
140.9756
141.7523
142.6573
143.6904
144.8519
146.1415
147.5594
148.9451
150.2986
151.6199
152.9089
154.1657
155.3903
156.5827
157.7428
158.7552
159.6197
160.3364
160.9054
161.3265
161.5998
161.7253
161.7030
161.5862
161.3750
161.0692
160.6690
160.1744
159.5853
158.9017
158.1236
157.1920
156.1068
154.8681
153.4758
151.9300
150.2307
148.3777
146.3713
144.5535
142.9245
141.4842
140.2327
139.1698
138.2957
137.6103
137.1137
136.4802
135.7098
134.8025
133.7584
132.5774
131.2596
129.8049
128.2133
126.6586
125.1408
123.6599
122.2158
120.8087
119.4384
118.1050
116.8084
115.5873
114.4415
113.3712
112.3762
111.4566
110.6124
109.8436
109.1502
108.3727
107.5112
106.5656
105.5359
104.4222
103.2244
101.9426
100.5766
99.3920
98.3887
97.5666
96.9259
96.4664
96.1883
96.0914
96.1759
96.0364
95.6729
95.0855
94.2741
93.2388
91.9795
90.4963
88.7891
87.3425
86.1565
85.2311
84.5663
84.1622
84.0186
84.1356
84.5132
85.1675
86.0985
87.3062
88.7906
90.5517
92.5895
94.9040
97.4952
99.8483
101.9633
103.8402
105.4789
106.8796
108.0421
108.9666
109.6529
110.4690
111.4150
112.4908
113.6964
115.0318
116.4970
118.0920
119.8169
121.5174
123.1936
124.8455
126.4731
128.0764
129.6554
131.2100
132.7404
134.3256
135.9657
137.6606
139.4105
141.2152
143.0748
144.9892
146.9585
149.0253
151.1895
153.4511
155.8102
158.2666
160.8205
163.4719
166.2206
168.5522
170.4665
171.9636
173.0434
173.7060
173.9514
173.7796
173.1905
172.6290
172.0952
171.5889
171.1102
170.6591
170.2355
169.8396
169.4713
169.0233
168.4957
167.8884
167.2015
166.4350
165.5888
164.6630
163.6575
162.4766
161.1202
159.5884
157.8811
155.9984
153.9403
151.7067
149.2976
147.0245
144.8873
142.8861
141.0208
139.2914
137.6979
136.2404
134.9188
133.6811
132.5275
131.4579
130.4722
129.5705
128.7529
128.0192
127.3695
126.6817
125.9557
125.1917
124.3895
123.5492
122.6708
121.7543
120.7996
119.9068
119.0757
118.3065
117.5991
116.9535
116.3697
115.8477
115.3875
114.8823
114.3322
113.7372
113.0972
112.4123
111.6824
110.9076
110.0878
109.4411
108.9676
108.6671
108.5397
108.5854
108.8042
109.1961
109.7611
110.0865
110.1724
110.0186
109.6253
108.9924
108.1198
107.0078
105.6561
104.4588
103.4158
102.5273
101.7931
101.2133
100.7878
100.5167
100.4001
99.9549
99.1813
98.0793
96.6488
94.8899
92.8025
90.3867
87.6424
85.3799
83.5989
82.2997
81.4821
81.1462
81.2919
81.9193
83.0284
83.9816
84.7791
85.4206
85.9063
86.2362
86.4103
86.4285
86.2909
86.3081
86.4802
86.8071
87.2888
87.9254
88.7168
89.6630
90.7641
91.7602
92.6511
93.4370
94.1179
94.6936
95.1643
95.5300
95.7905
96.2442
96.8909
97.7306
98.7634
99.9893
101.4083
103.0203
104.8253
106.4938
108.0257
109.4209
110.6796
111.8016
112.7871
113.6359
114.3481
115.6247
117.4658
119.8712
122.8410
126.3753
130.4739
135.1370
140.3644
145.1275
149.4262
153.2605
156.6305
159.5361
161.9774
163.9542
165.4667
167.0202
168.6148
170.2504
171.9270
173.6447
175.4034
177.2032
179.0440
180.7770
182.4023
183.9198
185.3297
186.6317
187.8260
188.9126
189.8914
190.8308
191.7309
192.5915
193.4128
194.1946
194.9371
195.6402
196.3039
196.8588
197.3051
197.6427
197.8715
197.9917
198.0032
197.9059
197.7000
197.4447
197.1400
196.7860
196.3826
195.9299
195.4278
194.8763
194.2755
193.4818
192.4951
191.3154
189.9428
188.3773
186.6188
184.6674
182.5230
180.4708
178.5107
176.6428
174.8670
173.1834
171.5919
170.0926
168.6855
167.2932
165.9158
164.5532
163.2056
161.8728
160.5548
159.2518
157.9636
156.5507
155.0132
153.3511
151.5643
149.6528
147.6166
145.4558
143.1704
140.9003
138.6455
136.4061
134.1821
131.9734
129.7800
127.6020
125.4394
123.4036
121.4948
119.7128
118.0577
116.5294
115.1281
113.8536
112.7060
111.3118
109.6710
107.7834
105.6493
103.2685
100.6410
97.7669
94.6462
91.9780
89.7623
87.9992
86.6887
85.8307
85.4253
85.4724
85.9720
86.1920
86.1322
85.7928
85.1736
84.2747
83.0961
81.6379
79.8998
78.4728
77.3567
76.5516
76.0575
75.8743
76.0020
76.4408
77.1905
77.8645
78.4628
78.9855
79.4325
79.8038
80.0995
80.3194
80.4637
80.6743
80.9510
81.2940
81.7032
82.1787
82.7204
83.3283
84.0025
84.6410
85.2439
85.8111
86.3427
86.8387
87.2990
87.7236
88.1126
88.4991
88.8831
89.2645
89.6433
90.0197
90.3935
90.7648
91.1335
91.5424
91.9914
92.4805
93.0097
93.5790
94.1885
94.8381
95.5277
96.0398
96.3743
96.5312
96.5106
96.3123
95.9364
95.3830
94.6520
94.0575
93.5997
93.2785
93.0939
93.0459
93.1345
93.3597
93.7215
94.0536
94.3559
94.6286
94.8715
95.0847
95.2682
95.4219
95.5460
96.0930
97.0629
98.4558
100.2717
102.5106
105.1724
108.2572
111.7649
115.0538
118.1239
120.9752
123.6077
126.0213
128.2161
130.1921
131.9492
133.5356
134.9513
136.1961
137.2702
138.1736
138.9062
139.4680
139.8591
140.2163
140.5395
140.8289
141.0843
141.3058
141.4935
141.6472
141.7670
142.1430
142.7752
143.6636
144.8082
146.2090
147.8660
149.7791
151.9485
153.8498
155.4831
156.8483
157.9455
158.7746
159.3358
159.6288
159.6539
159.7968
160.0576
160.4363
160.9329
161.5474
162.2798
163.1300
164.0982
164.8207
165.2976
165.5289
165.5146
165.2547
164.7491
163.9979
163.0011
162.2583
161.7693
161.5343
161.5532
161.8261
162.3529
163.1336
164.1682
165.0370
165.7400
166.2770
166.6483
166.8537
166.8932
166.7669
166.4747
166.2164
165.9920
165.8015
165.6449
165.5222
165.4333
165.3784
165.3573
165.1938
164.8877
164.4391
163.8481
163.1145
162.2384
161.2198
160.0586
158.9389
157.8606
156.8237
155.8283
154.8742
153.9615
153.0903
152.2604
151.3710
150.4220
149.4133
148.3451
147.2172
146.0298
144.7828
143.4761
142.1249
140.7290
139.2885
137.8034
136.2737
134.6993
133.0803
131.4167
129.8422
128.3569
126.9606
125.6534
124.4354
123.3065
122.2667
121.3160
120.4181
119.5729
118.7805
118.0409
117.3540
116.7199
116.1386
115.6100
115.1150
114.6535
114.2255
113.8311
113.4702
113.1428
112.8490
112.5888
112.2087
111.7088
111.0890
110.3495
109.4901
108.5109
107.4119
106.1931
105.0657
104.0299
103.0856
102.2328
101.4715
100.8017
100.2234
99.7367
99.3205
98.9749
98.6998
98.4954
98.3615
98.2982
98.3054
98.3832
98.3455
98.1923
97.9235
97.5393
97.0394
96.4241
95.6932
94.8468
94.0772
93.3845
92.7686
92.2295
91.7672
91.3818
91.0732
90.8414
90.6334
90.4493
90.2889
90.1523
90.0395
89.9505
89.8853
89.8439
89.8339
89.8553
89.9081
89.9923
90.1079
90.2550
90.4334
90.6432
91.2507
92.2559
93.6587
95.4591
97.6573
100.2531
103.2465
106.6376
109.6366
112.2436
114.4584
116.2812
117.7118
118.7504
119.3969
119.6513
119.9461
120.2812
120.6566
121.0724
121.5285
122.0250
122.5619
123.1390
123.6993
124.2427
124.7692
125.2788
125.7714
126.2472
126.7061
127.1481
127.7115
128.3961
129.2021
130.1295
131.1782
132.3482
133.6396
135.0523
136.3875
137.6451
138.8253
139.9280
140.9531
141.9008
142.7709
143.5635
144.3932
145.2598
146.1635
147.1043
148.0820
149.0968
150.1486
151.2375
152.1446
152.8701
153.4138
153.7759
153.9562
153.9548
153.7718
153.4070
153.1371
152.9619
152.8816
152.8961
153.0054
153.2096
153.5085
153.9023
154.3284
154.7870
155.2780
155.8013
156.3571
156.9452
157.5658
158.2188
158.7734
159.2298
159.5880
159.8478
160.0094
160.0727
160.0378
159.9045
159.7577
159.5974
159.4235
159.2360
159.0350
158.8205
158.5924
158.3507
158.0375
157.6527
157.1964
156.6684
156.0690
155.3979
154.6553
153.8410
153.1061
152.4505
151.8742
151.3772
150.9595
150.6211
150.3620
150.1822
149.9795
149.7540
149.5055
149.2343
148.9401
148.6231
148.2832
147.9204
147.4240
146.7940
146.0304
145.1331
144.1022
142.9378
141.6396
140.2079
138.8145
137.4595
136.1428
134.8644
133.6244
132.4228
131.2595
130.1345
129.1337
128.2570
127.5044
126.8760
126.3716
125.9914
125.7354
125.6034
125.5184
125.4805
125.4896
125.5457
125.6489
125.7990
125.9962
126.2404
126.3811
126.4184
126.3523
126.1827
125.9098
125.5333
125.0535
124.4702
123.9967
123.6331
123.3794
123.2355
123.2015
123.2774
123.4631
123.7586
123.9505
124.0388
124.0234
123.9044
123.6818
123.3555
122.9255
122.3920
121.9127
121.4878
121.1172
120.8010
120.5391
120.3316
120.1783
120.0795
119.8986
119.6358
119.2910
118.8642
118.3555
117.7648
117.0921
116.3374
115.5817
114.8250
114.0673
113.3086
112.5488
111.7881
111.0263
110.2635
109.7795
109.5743
109.6480
110.0005
110.6318
111.5419
112.7309
114.1986
115.6454
117.0710
118.4756
119.8591
121.2216
122.5630
123.8834
125.1826
126.3502
127.3859
128.2900
129.0622
129.7028
130.2115
130.5886
130.8338
131.0525
131.2446
131.4102
131.5491
131.6615
131.7472
131.8064
131.8390
131.8337
131.7903
131.7089
131.5896
131.4322
131.2369
131.0035
130.7322
130.5832
130.5566
130.6524
130.8704
131.2109
131.6737
132.2588
132.9663
133.6030
134.1689
134.6639
135.0881
135.4414
135.7240
135.9357
136.0766
135.9644
135.5991
134.9807
134.1093
132.9847
131.6071
129.9764
128.0926
126.3973
124.8905
123.5722
122.4424
121.5011
120.7482
120.1839
119.8080
119.4869
119.2206
119.0089
118.8521
118.7500
118.7026
118.7100
118.7721
118.8014
118.7979
118.7616
118.6924
118.5905
118.4557
118.2881
118.0877
117.9422
117.8516
117.8159
117.8352
117.9094
118.0385
118.2225
118.4614
118.6807
118.8802
119.0601
119.2202
119.3607
119.4815
119.5826
119.6640
119.7186
119.7466
119.7478
119.7223
119.6701
119.5911
119.4855
119.3531
119.1717
118.9413
118.6619
118.3336
117.9562
117.5298
117.0544
116.5301
116.0888
115.7305
115.4552
115.2630
115.1538
115.1277
115.1846
115.3246
115.4109
115.4436
115.4227
115.3482
115.2201
115.0383
114.8030
114.5140
114.2964
114.1503
114.0756
114.0723
114.1404
114.2799
114.4909
114.7733
115.0380
115.2851
115.5146
115.7265
115.9207
116.0974
116.2563
116.3977
116.4566
116.4330
116.3269
116.1384
115.8674
115.5140
115.0781
114.5597
114.1332
113.7986
113.5560
113.4053
113.3464
113.3795
113.5045
113.7214
113.9526
114.1981
114.4578
114.7318
115.0200
115.3225
115.6393
115.9704
116.1993
116.3261
116.3508
116.2733
116.0938
115.8121
115.4283
114.9423
114.5465
114.2406
114.0249
113.8992
113.8635
113.9180
114.0624
114.2970
114.5133
114.7114
114.8913
115.0531
115.1966
115.3219
115.4290
115.5180
115.6002
115.6758
115.7446
115.8068
115.8624
115.9112
115.9534
115.9888
116.3060
116.9048
117.7852
118.9474
120.3912
122.1166
124.1238
126.4126
128.4571
130.2573
131.8131
133.1247
134.1920
135.0149
135.5936
135.9279
136.2689
136.6164
136.9705
137.3312
137.6985
138.0724
138.4528
138.8399
139.1458
139.3705
139.5141
139.5764
139.5576
139.4577
139.2765
139.0142
138.7623
138.5207
138.2896
138.0688
137.8584
137.6583
137.4687
137.2894
137.0315
136.6950
136.2798
135.7860
135.2136
134.5626
133.8329
133.0246
132.2940
131.6412
131.0662
130.5688
130.1493
129.8075
129.5434
129.3571
129.0539
128.6338
128.0969
127.4431
126.6725
125.7849
124.7806
123.6593
122.9166
122.5523
122.5665
122.9592
123.7304
124.8801
126.4083
128.3149
130.0535
131.6239
133.0263
134.2605
135.3266
136.2246
136.9545
137.5162
138.0745
138.6292
139.1804
139.7281
140.2722
140.8128
141.3499
141.8835
142.2783
142.5345
142.6520
142.6308
142.4709
142.1723
141.7350
141.1591
140.6464
140.1969
139.8107
139.4878
139.2281
139.0317
138.8986
138.8287
138.7314
138.6068
138.4547
138.2752
138.0684
137.8342
137.5726
137.2836
137.0046
136.7355
136.4765
136.2275
135.9885
135.7594
135.5404
135.3314
135.1741
135.0684
135.0145
135.0123
135.0618
135.1631
135.3160
135.5207
135.6656
135.7508
135.7764
135.7422
135.6484
135.4948
135.2816
135.0086
134.7840
134.6076
134.4796
134.3998
134.3684
134.3852
134.4504
134.5639
134.6500
134.7088
134.7403
134.7444
134.7212
134.6706
134.5927
134.4875
134.3007
134.0322
133.6821
133.2505
132.7372
132.1423
131.4658
130.7077
130.0940
129.6249
129.3002
129.1201
129.0844
129.1932
129.4465
129.8443
130.1547
130.3777
130.5132
130.5613
130.5219
130.3952
130.1810
129.8794
129.4737
128.9639
128.3500
127.6320
126.8100
125.8838
124.8536
123.7192
122.6039
121.5075
120.4300
119.3715
118.3320
117.3114
116.3097
115.3271
114.8943
115.0113
115.6782
116.8950
118.6616
120.9780
123.8444
127.2605
130.3925
133.2403
135.8039
138.0834
140.0786
141.7896
143.2165
144.3591
145.3572
146.2105
146.9192
147.4833
147.9028
148.1775
148.3077
148.2932
148.2265
148.1075
147.9363
147.7130
147.4374
147.1095
146.7295
146.2972
145.9535
145.6984
145.5318
145.4538
145.4643
145.5634
145.7511
146.0273
146.1444
146.1025
145.9014
145.5412
145.0219
144.3435
143.5060
142.5093
141.4765
140.4075
139.3023
138.1608
136.9832
135.7693
134.5193
133.2330
132.1764
131.3494
130.7521
130.3844
130.2463
130.3379
130.6592
131.2100
131.5408
131.6515
131.5421
131.2126
130.6631
129.8934
128.9037
127.6939
126.6141
125.6645
124.8449
124.1555
123.5961
123.1668
122.8676
122.6985
122.5594
122.4503
122.3710
122.3218
122.3025
122.3132
122.3539
122.4245
122.4757
122.5074
122.5198
122.5127
122.4862
122.4402
122.3749
122.2901
122.2189
122.1612
122.1171
122.0866
122.0697
122.0664
122.0766
122.1004
122.1498
122.2248
122.3255
122.4517
122.6036
122.7810
122.9841
123.2128
123.3910
123.5186
123.5958
123.6225
123.5987
123.5244
123.3996
123.2242
123.1043
123.0398
123.0306
123.0768
123.1784
123.3354
123.5478
123.8156
123.8326
123.5988
123.1143
122.3790
121.3930
120.1562
118.6686
116.9302
115.4590
114.2549
113.3178
112.6478
112.2449
112.1092
112.2405
112.6389
112.9974
113.3160
113.5948
113.8337
114.0328
114.1920
114.3113
114.3907
114.3811
114.2825
114.0949
113.8182
113.4526
112.9978
112.4541
111.8213
111.3505
111.0415
110.8945
110.9093
111.0861
111.4247
111.9253
112.5877
113.0652
113.3578
113.4653
113.3879
113.1256
112.6783
112.0460
111.2288
110.5547
110.0238
109.6361
109.3915
109.2901
109.3319
109.5168
109.8449
110.2367
110.6921
111.2111
111.7938
112.4401
113.1501
113.9237
114.7610
115.4676
116.0436
116.4889
116.8036
116.9876
117.0409
116.9636
116.7556
116.6861
116.7548
116.9620
117.3074
117.7913
118.4135
119.1741
120.0730
121.0137
121.9960
123.0200
124.0856
125.1930
126.3421
127.5328
128.7652
130.0167
131.2873
132.5769
133.8855
135.2132
136.5600
137.9258
139.3107
140.5280
141.5778
142.4599
143.1745
143.7214
144.1008
144.3127
144.3569
144.3823
144.3890
144.3769
144.3459
144.2962
144.2277
144.1405
144.0344
143.9137
143.7783
143.6283
143.4637
143.2844
143.0905
142.8819
142.6587
142.3063
141.8247
141.2138
140.4737
139.6044
138.6059
137.4781
136.2212
135.0900
134.0847
133.2052
132.4516
131.8237
131.3217
130.9455
130.6952
130.4008
130.0623
129.6797
129.2531
128.7824
128.2677
127.7089
127.1060
126.6199
126.2505
125.9978
125.8618
125.8426
125.9401
126.1543
126.4853
126.7134
126.8386
126.8610
126.7805
126.5971
126.3109
125.9218
125.4298
124.9886
124.5980
124.2580
123.9688
123.7303
123.5424
123.4052
123.3187
123.2291
123.1365
123.0408
122.9420
122.8401
122.7352
122.6272
122.5162
122.3804
122.2200
122.0349
121.8251
121.5906
121.3314
121.0476
120.7390
120.4290
120.1175
119.8046
119.4902
119.1743
118.8570
118.5382
118.2179
117.9871
117.8457
117.7937
117.8312
117.9580
118.1744
118.4801
118.8753
119.1859
119.4118
119.5530
119.6096
119.5815
119.4688
119.2714
118.9894
118.7888
118.6698
118.6324
118.6764
118.8020
119.0090
119.2976
119.6677
120.0318
120.3899
120.7419
121.0879
121.4279
121.7619
122.0898
122.4117
122.6239
122.7264
122.7191
122.6021
122.3754
122.0390
121.5929
121.0371
120.5924
120.2588
120.0363
119.9250
119.9248
120.0358
120.2579
120.5911
120.8549
121.0494
121.1744
121.2301
121.2164
121.1333
120.9808
120.7590
120.5719
120.4196
120.3020
120.2193
120.1712
120.1580
120.1795
120.2358
120.2876
120.3349
120.3777
120.4160
120.4498
120.4791
120.5039
120.5241
120.5321
120.5277
120.5111
120.4821
120.4408
120.3871
120.3212
120.2429
120.2736
120.4132
120.6617
121.0192
121.4856
122.0609
122.7451
123.5383
124.2563
124.8991
125.4667
125.9591
126.3764
126.7185
126.9854
127.1771
127.6818
128.4995
129.6301
131.0737
132.8303
134.8999
137.2824
139.9779
142.3543
144.4117
146.1501
147.5694
148.6696
149.4508
149.9130
150.0561
150.1058
150.0620
149.9248
149.6941
149.3699
148.9524
148.4413
147.8368
147.2966
146.8208
146.4092
146.0619
145.7789
145.5601
145.4057
145.3156
145.2056
145.0757
144.9258
144.7561
144.5665
144.3570
144.1275
143.8782
143.5423
143.1199
142.6110
142.0156
141.3336
140.5651
139.7101
138.7685
137.8512
136.9581
136.0892
135.2446
134.4242
133.6280
132.8561
132.1083
131.3108
130.4633
129.5660
128.6189
127.6219
126.5751
125.4784
124.3319
123.4315
122.7772
122.3691
122.2071
122.2913
122.6215
123.1980
124.0206
124.8355
125.6429
126.4426
127.2347
128.0192
128.7961
129.5654
130.3271
131.1458
132.0216
132.9545
133.9444
134.9913
136.0954
137.2565
138.4746
139.5335
140.4332
141.1736
141.7548
142.1767
142.4393
142.5427
142.4869
142.3915
142.2567
142.0824
141.8685
141.6152
141.3224
140.9901
140.6183
140.2565
139.9046
139.5626
139.2305
138.9084
138.5962
138.2939
138.0016
137.8714
137.9033
138.0973
138.4534
138.9716
139.6519
140.4944
141.4989
142.2237
142.6688
142.8341
142.7196
142.3254
141.6515
140.6978
139.4644
138.3507
137.3568
136.4827
135.7283
135.0936
134.5788
134.1837
133.9083
133.3012
132.3624
131.0919
129.4897
127.5557
125.2901
122.6927
119.7636
117.3448
115.4362
114.0379
113.1498
112.7720
112.9045
113.5472
114.7002
115.6674
116.4489
117.0446
117.4546
117.6788
117.7173
117.5700
117.2370
117.0063
116.8781
116.8523
116.9288
117.1078
117.3891
117.7729
118.2590
118.6938
119.0771
119.4092
119.6898
119.9191
120.0970
120.2235
120.2987
120.2993
120.2255
120.0771
119.8542
119.5568
119.1849
118.7384
118.2175
118.0028
118.0943
118.4921
119.1961
120.2063
121.5228
123.1456
125.0746
126.8080
128.3460
129.6884
130.8353
131.7867
132.5425
133.1029
133.4677
133.7738
134.0212
134.2098
134.3397
134.4109
134.4233
134.3770
134.2720
134.1721
134.0774
133.9879
133.9034
133.8242
133.7501
133.6811
133.6173
133.5569
133.4997
133.4460
133.3956
133.3485
133.3048
133.2645
133.2274
133.1892
133.1497
133.1090
133.0671
133.0240
132.9796
132.9340
132.8871
132.8400
132.7925
132.7448
132.6968
132.6485
132.5999
132.5510
132.5018
132.4526
132.4035
132.3544
132.3054
132.2564
132.2074
132.1585
132.1096
132.0566
131.9995
131.9383
131.8729
131.8034
131.7297
131.6519
131.5700
131.5048
131.4562
131.4242
131.4089
131.4102
131.4281
131.4627
131.5140
131.5044
131.4339
131.3025
131.1103
130.8572
130.5433
130.1685
129.7328
129.3521
129.0265
128.7559
128.5402
128.3796
128.2740
128.2235
128.2279
128.1227
127.9078
127.5832
127.1489
126.6050
125.9514
125.1881
124.3151
123.4970
122.7338
122.0255
121.3720
120.7734
120.2297
119.7409
119.3070
118.8565
118.3895
117.9060
117.4060
116.8894
116.3564
115.8068
115.2406
114.7145
114.2285
113.7825
113.3765
113.0106
112.6847
112.3988
112.1530
111.8992
111.6374
111.3677
111.0900
110.8044
110.5108
110.2092
109.8997
109.6055
109.3265
109.0628
108.8143
108.5812
108.3633
108.1606
107.9733
107.9019
107.9465
108.1072
108.3838
108.7764
109.2851
109.9097
110.6504
111.4135
112.1991
113.0071
113.8377
114.6907
115.5662
116.4641
117.3846
118.1273
118.6924
119.0798
119.2895
119.3216
119.1760
118.8527
118.3517
117.9963
117.7863
117.7218
117.8028
118.0293
118.4013
118.9188
119.5818
120.0932
120.4530
120.6613
120.7179
120.6230
120.3765
119.9784
119.4287
118.8964
118.3813
117.8836
117.4031
116.9400
116.4942
116.0657
115.6545
115.2444
114.8354
114.4274
114.0205
113.6147
113.2099
112.8063
112.4037
112.0778
111.8286
111.6561
111.5603
111.5412
111.5988
111.7330
111.9440
112.4266
113.1809
114.2068
115.5044
117.0736
118.9145
121.0271
123.4112
125.4806
127.2352
128.6750
129.8001
130.6103
131.1058
131.2865
131.1523
131.0960
131.1174
131.2166
131.3935
131.6481
131.9806
132.3908
132.8787
133.3210
133.7175
134.0684
134.3735
134.6330
134.8468
135.0148
135.1372
135.2531
135.3624
135.4654
135.5618
135.6517
135.7352
135.8121
135.8826
136.0557
136.3314
136.7098
137.1908
137.7744
138.4606
139.2495
140.1410
140.9298
141.6159
142.1993
142.6801
143.0581
143.3334
143.5061
143.5760
143.5391
143.3953
143.1446
142.7871
142.3227
141.7514
141.0733
140.2883
139.5745
138.9319
138.3604
137.8601
137.4310
137.0730
136.7863
136.5707
136.3941
136.2567
136.1583
136.0990
136.0788
136.0976
136.1556
136.2526
136.3865
136.5574
136.7652
137.0099
137.2916
137.6102
137.9657
138.3582
138.6721
138.9075
139.0642
139.1424
139.1420
139.0629
138.9054
138.6692
138.3142
137.8405
137.2479
136.5366
135.7065
134.7576
133.6899
132.5034
131.3741
130.3020
129.2871
128.3294
127.4288
126.5855
125.7993
125.0703
124.3775
123.7208
123.1003
122.5160
121.9678
121.4557
120.9799
120.5402
120.0392
119.4770
118.8536
118.1689
117.4229
116.6157
115.7472
114.8175
113.9784
113.2300
112.5722
112.0051
111.5286
111.1427
110.8475
110.6429
110.3607
110.0010
109.5638
109.0489
108.4565
107.7866
107.0390
106.2139
105.4511
104.7505
104.1121
103.5359
103.0220
102.5703
102.1809
101.8536
101.5600
101.3000
101.0735
100.8807
100.7214
100.5958
100.5037
100.4452
100.4996
100.6670
100.9473
101.3405
101.8466
102.4656
103.1976
104.0425
104.9561
105.9386
106.9898
108.1098
109.2986
110.5562
111.8825
113.2776
114.8256
116.5266
118.3804
120.3872
122.5468
124.8594
127.3248
129.9432
132.4236
134.7661
136.9707
139.0374
140.9662
142.7570
144.4099
145.9249
147.4920
149.1114
150.7829
152.5066
154.2825
156.1105
157.9908
159.9232
162.0798
164.4607
167.0658
169.8951
172.9487
176.2265
179.7285
183.4547
186.8221
189.8306
192.4802
194.7709
196.7028
198.2757
199.4899
200.3451
201.1464
201.8937
202.5872
203.2267
203.8122
204.3439
204.8216
205.2453
205.3958
205.2729
204.8766
204.2071
203.2642
202.0480
200.5585
198.7957
196.8269
194.6524
192.2720
189.6857
186.8936
183.8956
180.6918
177.2821
173.7999
170.2452
166.6180
162.9182
159.1459
155.3011
151.3838
147.3940
143.4973
139.6936
135.9831
132.3656
128.8413
125.4100
122.0719
118.8268
115.7645
112.8850
110.1883
107.6743
105.3431
103.1946
101.2290
99.4460
97.9426
96.7187
95.7743
95.1093
94.7238
94.6178
94.7913
95.2443
95.3565
95.1278
94.5583
93.6480
92.3969
90.8050
88.8722
86.5987
84.5410
82.6991
81.0732
79.6631
78.4689
77.4905
76.7281
76.1815
75.4665
74.5833
73.5316
72.3117
70.9233
69.3667
67.6417
65.7483
64.1372
62.8085
61.7620
60.9979
60.5161
60.3165
60.3993
60.7644
61.1208
61.4685
61.8075
62.1378
62.4594
62.7724
63.0766
63.3721
63.8925
64.6376
65.6076
66.8023
68.2218
69.8661
71.7352
73.8291
76.1740
78.7698
81.6166
84.7143
88.0630
91.6626
95.5132
99.6148
103.8936
108.3497
112.9830
117.7936
122.7815
127.9467
133.2891
138.8087
143.9489
148.7094
153.0905
157.0919
160.7138
163.9562
166.8190
169.3023
171.6238
173.7837
175.7818
177.6183
179.2930
180.8060
182.1574
183.3470
184.4881
185.5807
186.6248
187.6204
188.5674
189.4659
190.3159
191.1174
191.6785
191.9991
192.0793
191.9190
191.5183
190.8772
189.9956
188.8736
187.4968
185.8652
183.9788
181.8376
179.4416
176.7907
173.8851
170.7246
167.7733
165.0313
162.4984
160.1747
158.0602
156.1549
154.4587
152.9718
151.2371
149.2546
147.0243
144.5462
141.8203
138.8466
135.6251
132.1559
128.9176
125.9102
123.1337
120.5881
118.2735
116.1898
114.3371
112.7152
111.1603
109.6722
108.2511
106.8968
105.6094
104.3889
103.2352
102.1485
101.1475
100.2322
99.4026
98.6588
98.0007
97.4283
96.9416
96.5406
96.0471
95.4609
94.7822
94.0109
93.1470
92.1905
91.1414
89.9998
89.0670
88.3432
87.8283
87.5223
87.4252
87.5370
87.8578
88.3874
88.5926
88.4733
88.0295
87.2612
86.1685
84.7513
83.0096
80.9434
79.3242
78.1520
77.4268
77.1485
77.3173
77.9330
78.9957
80.5054
82.2927
84.3575
86.6999
89.3199
92.2174
95.3925
98.8452
102.5755
106.2692
109.9265
113.5473
117.1316
120.6795
124.1908
127.6657
131.1041
134.7207
138.5157
142.4890
146.6405
150.9703
155.4785
160.1649
165.0296
169.4630
173.4653
177.0363
180.1761
182.8847
185.1621
187.0082
188.4231
189.4137
189.9799
190.1218
189.8393
189.1325
188.0014
186.4459
184.4660
182.4718
180.4631
178.4400
176.4025
174.3506
172.2843
170.2036
168.1085
166.2177
164.5312
163.0490
161.7712
160.6977
159.8285
159.1636
158.7030
158.0616
157.2395
156.2365
155.0528
153.6882
152.1429
150.4168
148.5099
146.6810
144.9301
143.2573
141.6625
140.1457
138.7069
137.3462
136.0634
134.6296
133.0446
131.3085
129.4213
127.3830
125.1936
122.8531
120.3614
117.8437
115.3000
112.7303
110.1346
107.5128
104.8651
102.1913
99.4915
96.8570
94.2876
91.7835
89.3446
86.9709
84.6624
82.4191
80.2411
78.3933
76.8757
75.6883
74.8311
74.3042
74.1075
74.2410
74.7047
74.9926
75.1047
75.0410
74.8016
74.3863
73.7952
73.0284
72.0857
71.6204
71.6323
72.1216
73.0882
74.5322
76.4534
78.8520
81.7279
84.1249
86.0430
87.4822
88.4426
88.9241
88.9266
88.4503
87.4951
87.0760
87.1928
87.8456
89.0344
90.7593
93.0201
95.8170
99.1498
102.2474
105.1096
107.7365
110.1280
112.2843
114.2052
115.8908
117.3410
119.3339
121.8692
124.9471
128.5676
132.7306
137.4361
142.6842
148.4748
153.5900
158.0297
161.7940
164.8828
167.2962
169.0341
170.0965
170.4835
171.3003
172.5470
174.2235
176.3299
178.8661
181.8322
185.2281
189.0538
192.3377
195.0796
197.2797
198.9380
200.0543
200.6287
200.6613
200.1520
199.3314
198.1997
196.7567
195.0025
192.9371
190.5605
187.8727
184.8737
182.1641
179.7440
177.6134
175.7722
174.2205
172.9582
171.9854
171.3021
170.3236
169.0500
167.4811
165.6172
163.4580
161.0038
158.2543
155.2097
152.3852
149.7809
147.3966
145.2324
143.2883
141.5644
140.0605
138.7768
137.4820
136.1763
134.8595
133.5318
132.1930
130.8433
129.4825
128.1107
126.7352
125.3558
123.9727
122.5858
121.1951
119.8006
118.4024
117.0003
115.7454
114.6377
113.6772
112.8638
112.1976
111.6786
111.3067
111.0820
110.8153
110.5065
110.1557
109.7629
109.3280
108.8512
108.3323
107.7713
107.1961
106.6066
106.0028
105.3847
104.7523
104.1056
103.4446
102.7694
101.9602
101.0170
99.9399
98.7288
97.3838
95.9048
94.2919
92.5450
91.1220
90.0229
89.2477
88.7963
88.6688
88.8652
89.3855
90.2297
90.9492
91.5440
92.0141
92.3596
92.5804
92.6764
92.6478
92.4945
92.3314
92.1585
91.9758
91.7833
91.5811
91.3690
91.1471
90.9154
90.9987
91.3972
92.1108
93.1394
94.4831
96.1419
98.1157
100.4047
102.6464
104.8409
106.9882
109.0882
111.1410
113.1465
115.1048
117.0159
119.0303
121.1481
123.3693
125.6938
128.1217
130.6529
133.2875
136.0254
138.5265
140.7907
142.8181
144.6086
146.1622
147.4790
148.5588
149.4019
150.1641
150.8456
151.4464
151.9664
152.4056
152.7640
153.0417
153.2386
153.3052
153.2414
153.0474
152.7229
152.2682
151.6831
150.9677
150.1220
149.4779
149.0356
148.7950
148.7561
148.9189
149.2835
149.8497
150.6177
151.3436
152.0275
152.6693
153.2691
153.8269
154.3426
154.8162
155.2479
155.4530
155.4317
155.1839
154.7097
154.0090
153.0818
151.9281
150.5480
149.2238
147.9556
146.7433
145.5870
144.4867
143.4423
142.4539
141.5214
140.5868
139.6500
138.7110
137.7699
136.8266
135.8811
134.9335
133.9837
133.0217
132.0476
131.0612
130.0627
129.0520
128.0291
126.9940
125.9467
125.0571
124.3251
123.7507
123.3340
123.0750
122.9736
123.0298
123.2437
123.2326
122.9965
122.5355
121.8496
120.9386
119.8027
118.4418
116.8560
115.3611
113.9571
112.6441
111.4220
110.2908
109.2505
108.3012
107.4428
106.6596
105.9515
105.3186
104.7608
104.2782
103.8707
103.5384
103.2813
103.1463
103.1335
103.2429
103.4744
103.8281
104.3040
104.9020
105.6222
106.2703
106.8462
107.3499
107.7815
108.1409
108.4282
108.6433
108.7863
108.9835
109.2350
109.5408
109.9009
110.3152
110.7838
111.3067
111.8838
112.3763
112.7840
113.1069
113.3452
113.4987
113.5674
113.5515
113.4508
113.4621
113.5855
113.8210
114.1685
114.6281
115.1997
115.8833
116.6791
117.8197
119.3052
121.1356
123.3110
125.8312
128.6963
131.9064
135.4613
138.8342
142.0251
145.0339
147.8607
150.5054
152.9680
155.2487
157.3472
159.4528
161.5654
163.6851
165.8117
167.9454
170.0860
172.2337
174.3884
176.0860
177.3265
178.1100
178.4363
178.3056
177.7178
176.6729
175.1709
173.5457
171.7973
169.9257
167.9308
165.8127
163.5714
161.2069
158.7192
156.3310
154.0423
151.8531
149.7635
147.7733
145.8827
144.0917
142.4001
140.8757
139.5185
138.3285
137.3057
136.4501
135.7616
135.2404
134.8863
134.3572
133.6530
132.7738
131.7196
130.4903
129.0859
127.5066
125.7521
124.1140
122.5922
121.1867
119.8974
118.7245
117.6678
116.7274
115.9034
115.2076
114.6401
114.2010
113.8901
113.7076
113.6533
113.7274
113.9297
113.8981
113.6325
113.1329
112.3993
111.4317
110.2301
108.7946
107.1250
105.6524
104.3766
103.2976
102.4156
101.7304
101.2421
100.9506
100.8561
100.7589
100.6591
100.5566
100.4516
100.3439
100.2336
100.1207
100.0051
99.8580
99.6791
99.4687
99.2266
98.9529
98.6475
98.3105
97.9419
97.6188
97.3413
97.1094
96.9231
96.7824
96.6872
96.6377
96.6337
96.6424
96.6640
96.6982
96.7452
96.8049
96.8774
96.9626
97.0606
97.2304
97.4720
97.7853
98.1705
98.6276
99.1564
99.7570
100.4294
101.3458
102.5060
103.9102
105.5583
107.4504
109.5863
111.9662
114.5900
117.0114
119.2304
121.2470
123.0612
124.6730
126.0824
127.2894
128.2940
129.6449
131.3420
133.3855
135.7752
138.5111
141.5934
145.0219
148.7967
152.3067
155.5519
158.5322
161.2478
163.6985
165.8844
167.8054
169.4617
171.1074
172.7426
174.3673
175.9814
177.5850
179.1780
180.7605
182.3325
183.4599
184.1427
184.3809
184.1745
183.5235
182.4279
180.8877
178.9030
177.0023
175.1859
173.4536
171.8055
170.2415
168.7617
167.3661
166.0547
164.5734
162.9223
161.1015
159.1108
156.9503
154.6201
152.1200
149.4501
146.9698
144.6789
142.5774
140.6655
138.9431
137.4101
136.0666
134.9126
133.6712
132.3424
130.9262
129.4225
127.8315
126.1530
124.3871
122.5338
120.8241
119.2580
117.8355
116.5566
115.4212
114.4295
113.5814
112.8769
111.9189
110.7076
109.2429
107.5248
105.5532
103.3283
100.8500
98.1183
95.6282
93.3796
91.3725
89.6070
88.0831
86.8007
85.7599
84.9606
84.1634
83.3683
82.5752
81.7842
80.9952
80.2083
79.4235
78.6407
78.2584
78.2765
78.6951
79.5142
80.7337
82.3537
84.3742
86.7951
88.6807
90.0311
90.8462
91.1261
90.8706
90.0800
88.7540
86.8928
86.0655
86.2719
87.5123
89.7864
93.0945
97.4363
102.8120
109.2216
114.7478
119.3906
123.1501
126.0263
128.0191
129.1286
129.3547
128.6974
128.0618
127.4478
126.8553
126.2845
125.7352
125.2076
124.7015
124.2170
124.4225
125.3179
126.9033
129.1787
132.1440
135.7993
140.1445
145.1797
149.4446
152.9391
155.6634
157.6173
158.8010
159.2143
158.8574
157.7301
156.6205
155.5287
154.4546
153.3982
152.3595
151.3385
150.3353
149.3498
148.5450
147.9211
147.4779
147.2155
147.1340
147.2332
147.5132
147.9740
148.5158
149.1386
149.8423
150.6271
151.4929
152.4397
153.4675
154.5762
155.9282
157.5234
159.3618
161.4435
163.7683
166.3364
169.1477
172.2022
174.9208
177.3034
179.3500
181.0607
182.4354
183.4742
184.1770
184.5438
184.2343
183.2484
181.5862
179.2476
176.2326
172.5412
168.1735
163.1295
158.6483
154.7299
151.3744
148.5817
146.3519
144.6849
143.5808
143.0396
142.6621
142.4483
142.3983
142.5120
142.7895
143.2308
143.8357
144.6045
144.5805
143.7638
142.1544
139.7523
136.5574
132.5699
127.7896
122.2166
117.6041
113.9521
111.2606
109.5295
108.7590
108.9489
110.0993
112.2102
113.5905
114.2402
114.1593
113.3478
111.8057
109.5329
106.5296
102.7957
99.5274
96.7248
94.3879
92.5166
91.1110
90.1711
89.6968
89.6881
89.5567
89.3023
88.9251
88.4251
87.8022
87.0565
86.1879
85.1964
84.4954
84.0849
83.9648
84.1351
84.5959
85.3471
86.3887
87.7208
88.8320
89.7221
90.3913
90.8396
91.0668
91.0731
90.8585
90.4228
90.0554
89.7563
89.5254
89.3628
89.2685
89.2424
89.2845
89.3950
90.0616
91.2844
93.0635
95.3987
98.2902
101.7379
105.7418
110.3019
114.0611
117.0194
119.1768
120.5333
121.0889
120.8437
119.7975
117.9505
116.6282
115.8306
115.5579
115.8099
116.5867
117.8882
119.7145
122.0656
124.4380
126.8318
129.2469
131.6834
134.1412
136.6204
139.1209
141.6428
143.9885
146.1581
148.1514
149.9687
151.6098
153.0747
154.3634
155.4760
156.5984
157.7304
158.8721
160.0235
161.1847
162.3555
163.5360
164.7263
165.8061
166.7754
167.6343
168.3827
169.0206
169.5481
169.9651
170.2716
170.5827
170.8984
171.2187
171.5435
171.8730
172.2070
172.5457
172.8889
173.0101
172.9092
172.5863
172.0414
171.2745
170.2856
169.0746
167.6416
166.2418
164.8752
163.5417
162.2414
160.9744
159.7405
158.5398
157.3722
156.1549
154.8878
153.5709
152.2042
150.7877
149.3214
147.8053
146.2394
144.8005
143.4886
142.3037
141.2458
140.3148
139.5109
138.8339
138.2839
137.6290
136.8690
136.0041
135.0342
133.9594
132.7795
131.4947
130.1049
128.8535
127.7406
126.7661
125.9301
125.2325
124.6734
124.2527
123.9705
123.5679
123.0449
122.4016
121.6379
120.7538
119.7493
118.6245
117.3793
116.3118
115.4219
114.7098
114.1754
113.8187
113.6397
113.6383
113.8147
113.8603
113.7750
113.5588
113.2119
112.7341
112.1255
111.3860
110.5157
109.5384
108.4542
107.2630
105.9648
104.5596
103.0475
101.4284
99.7023
98.0736
96.5420
95.1078
93.7707
92.5310
91.3885
90.3433
89.3954
88.4050
87.3721
86.2968
85.1790
84.0187
82.8160
81.5709
80.2833
79.0898
77.9905
76.9853
76.0742
75.2574
74.5346
73.9060
73.3715
73.1551
73.2567
73.6764
74.4140
75.4697
76.8435
78.5352
80.5450
82.4554
84.2663
85.9778
87.5898
89.1024
90.5156
91.8293
93.0435
94.3780
95.8328
97.4079
99.1032
100.9188
102.8546
104.9107
107.0871
109.1705
111.1611
113.0587
114.8633
116.5751
118.1939
119.7198
121.1528
122.7048
124.3757
126.1657
128.0747
130.1026
132.2495
134.5155
136.9004
139.2761
141.6426
144.0000
146.3481
148.6871
151.0169
153.3374
155.6488
157.7783
159.7257
161.4911
163.0746
164.4761
165.6957
166.7332
167.5888
168.2866
168.8267
169.2091
169.4338
169.5007
169.4099
169.1613
168.7550
168.2874
167.7584
167.1680
166.5163
165.8032
165.0287
164.1929
163.2957
162.4635
161.6964
160.9943
160.3573
159.7853
159.2783
158.8363
158.4594
158.0025
157.4656
156.8488
156.1519
155.3750
154.5182
153.5814
152.5646
151.5566
150.5573
149.5669
148.5853
147.6125
146.6485
145.6932
144.7468
143.6908
142.5252
141.2501
139.8654
138.3712
136.7673
135.0539
133.2310
131.6431
130.2905
129.1729
128.2905
127.6433
127.2312
127.0543
127.1125
126.9747
126.6409
126.1111
125.3853
124.4635
123.3457
122.0319
120.5221
119.1817
118.0105
117.0086
116.1760
115.5128
115.0188
114.6942
114.5389
114.3647
114.1718
113.9601
113.7296
113.4804
113.2123
112.9254
112.6198
112.3051
111.9813
111.6485
111.3066
110.9557
110.5958
110.2268
109.8487
109.4462
109.0193
108.5679
108.0921
107.5918
107.0671
106.5180
105.9444
105.5644
105.3781
105.3854
105.5863
105.9809
106.5690
107.3508
108.3262
109.2757
110.1991
111.0966
111.9680
112.8135
113.6329
114.4264
115.1939
116.0757
117.0717
118.1820
119.4067
120.7456
122.1988
123.7663
125.4480
127.0132
128.4616
129.7935
131.0087
132.1073
133.0892
133.9544
134.7031
135.4538
136.2066
136.9616
137.7186
138.4777
139.2389
140.0022
140.7675
141.4942
142.1822
142.8315
143.4421
144.0140
144.5473
145.0418
145.4976
145.6749
145.5736
145.1938
144.5355
143.5986
142.3832
140.8893
139.1168
137.5673
136.2407
135.1371
134.2564
133.5987
133.1639
132.9521
132.9632
133.0030
133.0713
133.1682
133.2937
133.4478
133.6305
133.8418
134.0817
134.6586
135.5726
136.8238
138.4119
140.3372
142.5996
145.1990
148.1355
150.9158
153.5401
156.0081
158.3200
160.4758
162.4755
164.3190
166.0063
167.3246
168.2739
168.8541
169.0653
168.9074
168.3805
167.4845
166.2195
164.7420
163.0520
161.1495
159.0344
156.7069
154.1669
151.4144
148.4495
145.5856
142.8229
140.1614
137.6010
135.1417
132.7836
130.5267
128.3709
126.2439
124.1458
122.0764
120.0359
118.0242
116.0414
114.0873
112.1621
110.5074
109.1234
108.0099
107.1670
106.5947
106.2930
106.2619
106.5013
106.6556
106.7247
106.7085
106.6071
106.4205
106.1488
105.7918
105.3496
104.9667
104.6432
104.3790
104.1742
104.0287
103.9425
103.9157
103.9483
103.9937
104.0521
104.1234
104.2077
104.3049
104.4149
104.5380
104.6739
104.6565
104.4857
104.1616
103.6842
103.0533
102.2692
101.3316
100.2408
99.2415
98.3338
97.5177
96.7933
96.1604
95.6192
95.1695
94.8115
94.4352
94.0408
93.6282
93.1974
92.7484
92.2812
91.7958
91.2922
91.0781
91.1535
91.5185
92.1729
93.1169
94.3503
95.8733
97.6858
99.3348
100.8202
102.1422
103.3006
104.2956
105.1270
105.7949
106.2993
106.9324
107.6942
108.5847
109.6039
110.7519
112.0285
113.4338
114.9678
116.4868
117.9909
119.4799
120.9539
122.4129
123.8570
125.2860
126.7000
127.9087
128.9119
129.7097
130.3022
130.6892
130.8708
130.8471
130.6179
130.4587
130.3693
130.3498
130.4002
130.5205
130.7107
130.9708
131.3008
131.7431
132.2977
132.9647
133.7441
134.6358
135.6398
136.7561
137.9848
139.1653
140.2976
141.3816
142.4174
143.4049
144.3443
145.2354
146.0782
146.7354
147.2068
147.4924
147.5923
147.5064
147.2348
146.7774
146.1343
145.5969
145.1653
144.8394
144.6192
144.5048
144.4961
144.5931
144.7959
144.9289
144.9922
144.9858
144.9097
144.7638
144.5482
144.2629
143.9079
143.8046
143.9530
144.3532
145.0050
145.9086
147.0640
148.4710
150.1298
151.7599
153.3613
154.9340
156.4780
157.9933
159.4800
160.9379
162.3671
163.4815
164.2809
164.7655
164.9352
164.7900
164.3299
163.5549
162.4651
161.4740
160.5818
159.7884
159.0938
158.4980
158.0010
157.6029
157.3035
156.9934
156.6724
156.3407
155.9981
155.6447
155.2805
154.9055
154.5197
154.0307
153.4384
152.7431
151.9445
151.0427
150.0377
148.9296
147.7182
146.4651
145.1702
143.8335
142.4551
141.0349
139.5729
138.0691
136.5236
134.9195
133.2568
131.5355
129.7557
127.9173
126.0203
124.0647
122.0506
120.1632
118.4025
116.7685
115.2612
113.8806
112.6267
111.4996
110.4991
109.6449
108.9370
108.3753
107.9598
107.6906
107.5677
107.5910
107.7606
107.7734
107.6295
107.3288
106.8714
106.2573
105.4864
104.5588
103.4745
102.5692
101.8429
101.2957
100.9274
100.7382
100.7280
100.8969
101.2447
101.4938
101.6442
101.6959
101.6488
101.5030
101.2585
100.9152
100.4732
100.1530
99.9546
99.8779
99.9230
100.0898
100.3784
100.7888
101.3210
101.8767
102.4560
103.0589
103.6854
104.3354
105.0090
105.7062
106.4270
107.1590
107.9024
108.6572
109.4232
110.2006
110.9893
111.7893
112.6007
113.6015
114.7917
116.1715
117.7407
119.4994
121.4475
123.5851
125.9122
128.0446
129.9823
131.7253
133.2736
134.6273
135.7863
136.7506
137.5202
138.4274
139.4723
140.6548
141.9750
143.4328
145.0282
146.7612
148.6319
150.4280
152.1495
153.7964
155.3687
156.8664
158.2895
159.6380
160.9119
161.8034
162.3125
162.4391
162.1834
161.5453
160.5247
159.1218
157.3364
155.6780
154.1465
152.7420
151.4644
150.3137
149.2900
148.3932
147.6234
146.9041
146.2353
145.6171
145.0494
144.5322
144.0656
143.6495
143.2840
142.7611
142.0808
141.2431
140.2480
139.0955
137.7857
136.3184
134.6938
133.4097
132.4663
131.8634
131.6011
131.6794
132.0982
132.8577
133.9577
134.7410
135.2075
135.3572
135.1903
134.7065
133.9060
132.7888
131.3548
129.6831
127.7737
125.6266
123.2418
120.6193
117.7591
114.6612
111.3256
108.3640
105.7766
103.5632
101.7238
100.2585
99.1673
98.4502
98.1071
97.6999
97.2286
96.6932
96.0938
95.4302
94.7025
93.9107
93.0548
92.3001
91.6464
91.0939
90.6426
90.2923
90.0432
89.8952
89.8483
89.8063
89.7691
89.7367
89.7091
89.6864
89.6685
89.6554
89.6471
89.7910
90.0868
90.5347
91.1347
91.8867
92.7908
93.8469
95.0551
96.2656
97.4784
98.6935
99.9109
101.1306
102.3526
103.5769
104.8035
106.1128
107.5048
108.9795
110.5370
112.1771
113.9000
115.7056
117.5938
119.5358
121.5314
123.5807
125.6837
127.8403
130.0506
132.3146
134.6322
136.8234
138.8881
140.8264
142.6382
144.3235
145.8824
147.3149
148.6208
149.7957
150.8396
