89.5670
90.1589
91.0306
92.1823
93.6140
95.3255
97.1439
99.0690
101.1010
103.2396
105.4851
107.8374
110.2964
112.8622
115.3852
117.8655
120.3029
122.6976
125.0495
127.3586
129.6250
131.8486
133.6942
135.1620
136.2518
136.9638
137.2978
137.2540
136.8322
136.0326
134.8744
133.3577
131.4824
129.2486
126.6563
123.7055
120.3962
116.7283
113.3915
110.3858
107.7112
105.3677
103.3552
101.6739
100.3236
99.3045
98.1529
96.8689
95.4526
93.9038
92.2227
90.4091
88.4632
86.3848
84.5532
82.9684
81.6303
80.5389
79.6943
79.0964
78.7453
78.6409
78.6890
78.8895
79.2424
79.7477
80.4055
81.2157
82.1784
83.2934
84.2915
85.1727
85.9368
86.5839
87.1141
87.5273
87.8235
88.0028
88.2461
88.5535
88.9250
89.3606
89.8603
90.4241
91.0519
91.7439
92.2436
92.5512
92.6665
92.5896
92.3205
91.8591
91.2056
90.3598
89.5673
88.8279
88.1416
87.5086
86.9287
86.4020
85.9284
85.5081
85.0781
84.6386
84.1895
83.7309
83.2626
82.7848
82.2974
81.8005
81.3370
80.9071
80.5108
80.1479
79.8186
79.5228
79.2605
79.0317
78.8851
78.8206
78.8383
78.9380
79.1200
79.3840
79.7302
80.1585
80.6004
81.0559
81.5251
82.0078
82.5042
83.0142
83.5378
84.0750
84.5220
84.8786
85.1449
85.3210
85.4067
85.4022
85.3073
85.1222
85.2989
85.8374
86.7379
88.0002
89.6243
91.6103
93.9582
96.6679
99.0399
101.0741
102.7705
104.1292
105.1501
105.8332
106.1785
106.1861
106.0325
105.7177
105.2417
104.6045
103.8061
102.8465
101.7257
100.4437
99.2578
98.1678
97.1740
96.2761
95.4743
94.7685
94.1587
93.6449
93.1441
92.6560
92.1808
91.7185
91.2689
90.8323
90.4085
89.9975
89.5686
89.1219
88.6572
88.1746
87.6741
87.1557
86.6194
86.0653
85.6025
85.2313
84.9516
84.7633
84.6665
84.6612
84.7473
84.9250
85.2708
85.7849
86.4672
87.3178
88.3365
89.5235
90.8787
92.4021
93.6452
94.6080
95.2906
95.6928
95.8148
95.6564
95.2178
94.4989
93.8336
93.2220
92.6640
92.1597
91.7091
91.3121
90.9688
90.6791
90.4513
90.2853
90.1812
90.1390
90.1586
90.2401
90.3834
90.5886
90.7910
90.9907
91.1876
91.3818
91.5732
91.7619
91.9478
92.1309
92.3609
92.6376
92.9612
93.3315
93.7486
94.2126
94.7233
95.2808
95.7896
96.2497
96.6610
97.0235
97.3373
97.6024
97.8187
97.9862
98.1104
98.1913
98.2287
98.2228
98.1736
98.0810
97.9450
97.7657
97.6361
97.5563
97.5262
97.5459
97.6153
97.7344
97.9033
98.1219
98.5410
99.1606
99.9806
101.0010
102.2219
103.6433
105.2651
107.0874
108.8593
110.5808
112.2519
113.8726
115.4428
116.9627
118.4322
119.8513
121.0203
121.9392
122.6081
123.0269
123.1956
123.1143
122.7828
122.2014
121.4404
120.5001
119.3803
118.0811
116.6025
114.9444
113.1069
111.0899
109.4302
108.1277
107.1824
106.5943
106.3634
106.4897
106.9732
107.8140
108.2874
108.3934
108.1322
107.5036
106.5077
105.1444
103.4139
101.3159
99.3639
97.5577
95.8974
94.3830
93.0145
91.7918
90.7150
89.7840
88.9764
88.2920
87.7310
87.2933
86.9788
86.7877
86.7199
86.7754
86.8215
86.8582
86.8856
86.9035
86.9121
86.9113
86.9012
86.8816
86.9279
87.0399
87.2178
87.4614
87.7709
88.1462
88.5872
89.0941
89.5593
89.9829
90.3649
90.7052
91.0039
91.2609
91.4763
91.6501
91.6713
91.5400
91.2561
90.8196
90.2307
89.4891
88.5951
87.5484
86.6606
85.9314
85.3610
84.9494
84.6965
84.6023
84.6669
84.8902
84.9841
84.9487
84.7839
84.4896
84.0660
83.5130
82.8306
82.0189
81.2106
80.4058
79.6045
78.8067
78.0124
77.2215
76.4342
75.6503
74.9422
74.3097
73.7530
73.2719
72.8665
72.5368
72.2829
72.1046
72.1509
72.4219
72.9176
73.6379
74.5828
75.7524
77.1466
78.7655
80.5618
82.5354
84.6865
87.0149
89.5207
92.2039
95.0645
98.1025
100.8852
103.4125
105.6846
107.7014
109.4629
110.9691
112.2199
113.2155
114.0663
114.7722
115.3333
115.7495
116.0209
116.1475
116.1293
115.9663
115.7646
115.5245
115.2457
114.9285
114.5726
114.1782
113.7453
113.2738
112.7406
112.1456
111.4890
110.7706
109.9905
109.1487
108.2452
107.2799
106.1996
105.0042
103.6938
102.2682
100.7277
99.0720
97.3013
95.4155
93.8426
92.5825
91.6354
91.0012
90.6798
90.6714
90.9758
91.5931
92.1185
92.5520
92.8935
93.1431
93.3008
93.3665
93.3403
93.2222
93.1085
92.9992
92.8943
92.7938
92.6977
92.6061
92.5188
92.4359
92.4318
92.5065
92.6600
92.8922
93.2033
93.5931
94.0616
94.6090
95.0457
95.3716
95.5869
95.6916
95.6855
95.5688
95.3414
95.0033
94.6581
94.3059
93.9465
93.5800
93.2065
92.8258
92.4381
92.0433
91.7081
91.4324
91.2164
91.0600
90.9632
90.9259
90.9483
91.0303
91.0443
90.9902
90.8682
90.6781
90.4201
90.0941
89.7000
89.2379
88.7543
88.2492
87.7224
87.1742
86.6043
86.0129
85.4000
84.7655
84.4324
84.4008
84.6706
85.2418
86.1145
87.2887
88.7642
90.5412
92.3462
94.1792
96.0401
97.9290
99.8459
101.7908
103.7637
105.7646
107.5400
109.0901
110.4148
111.5140
112.3879
113.0363
113.4594
113.6570
113.7811
113.8316
113.8085
113.7119
113.5416
113.2978
112.9804
112.5894
112.1300
111.6021
111.0058
110.3410
109.6077
108.8060
107.9358
106.9972
106.1131
105.2837
104.5087
103.7883
103.1225
102.5113
101.9546
101.4525
100.8706
100.2089
99.4675
98.6462
97.7452
96.7643
95.7037
94.5634
93.4343
92.3167
91.2104
90.1155
89.0319
87.9597
86.8989
85.8495
85.0181
84.4047
84.0094
83.8322
83.8729
84.1318
84.6087
85.3036
85.9336
86.4986
86.9986
87.4337
87.8037
88.1088
88.3490
88.5241
88.7011
88.8798
89.0603
89.2426
89.4267
89.6126
89.8003
89.9898
90.0386
89.9466
89.7139
89.3405
88.8263
88.1714
87.3758
86.4394
85.6262
84.9362
84.3693
83.9255
83.6049
83.4075
83.3332
83.3821
83.3829
83.3358
83.2407
83.0977
82.9066
82.6676
82.3805
82.0455
81.7429
81.4728
81.2352
81.0300
80.8572
80.7169
80.6091
80.5337
80.5128
80.5463
80.6343
80.7767
80.9735
81.2248
81.5306
81.8908
82.1500
82.3084
82.3658
82.3223
82.1778
81.9324
81.5861
81.1389
81.3019
82.0750
83.4583
85.4518
88.0555
91.2694
95.0934
99.5276
103.6005
107.3121
110.6624
113.6515
116.2792
118.5456
120.4507
121.9945
123.4390
124.7841
126.0298
127.1761
128.2231
129.1707
130.0189
130.7677
130.9202
130.4762
129.4359
127.7992
125.5661
122.7366
119.3107
115.2885
112.0031
109.4546
107.6430
106.5682
106.2303
106.6293
107.7652
109.6380
110.6059
110.6691
109.8274
108.0810
105.4297
101.8737
97.4128
92.0471
87.5137
83.8124
80.9432
78.9063
77.7015
77.3289
77.7885
79.0803
80.1628
81.0361
81.7002
82.1550
82.4005
82.4368
82.2639
81.8817
81.6956
81.7055
81.9114
82.3133
82.9113
83.7053
84.6953
85.8814
86.9072
87.7729
88.4784
89.0236
89.4087
89.6336
89.6982
89.6027
89.4176
89.1430
88.7788
88.3251
87.7819
87.1491
86.4268
85.6149
84.9305
84.3734
83.9436
83.6413
83.4664
83.4188
83.4986
83.7058
83.8777
84.0143
84.1156
84.1816
84.2123
84.2077
84.1677
84.0925
83.9180
83.6442
83.2712
82.7989
82.2273
81.5565
80.7864
79.9170
79.2340
78.7373
78.4270
78.3030
78.3654
78.6141
79.0491
79.6705
80.0293
80.1256
79.9594
79.5306
78.8393
77.8854
76.6690
75.1901
74.3707
74.2108
74.7106
75.8699
79.1418
84.5264
92.0237
101.6336
109.2297
114.8120
118.3804
119.9351
120.8252
121.0507
120.6116
119.5079
118.5685
117.7935
117.1828
116.7364
116.4544
116.3366
116.3833
116.5942
116.6219
116.4663
116.1275
115.6054
114.9001
114.0115
112.9397
111.6846
110.7007
109.9878
109.5460
109.3754
109.4758
109.8474
110.4900
111.4038
111.6985
111.3742
110.4308
108.8683
106.6867
103.8861
100.4664
96.4277
93.0115
90.2178
88.0466
86.4979
85.5717
85.2681
85.5869
86.5283
87.3605
88.0835
88.6973
89.2020
89.5974
89.8836
90.0607
90.1286
90.3239
90.6467
91.0969
91.6745
92.3796
93.2121
94.1720
95.2594
96.2027
97.0020
97.6572
98.1683
98.5353
98.7583
98.8371
98.7720
98.6209
98.3840
98.0612
97.6525
97.1580
96.5776
95.9113
95.1592
94.5370
94.0448
93.6826
93.4503
93.3480
93.3756
93.5332
93.8208
93.9177
93.8239
93.5394
93.0641
92.3982
91.5416
90.4943
89.2564
88.1922
87.3018
86.5853
86.0425
85.6736
85.4785
85.4572
85.6097
85.7346
85.8319
85.9016
85.9437
85.9581
85.9450
85.9043
85.8360
85.8006
85.7981
85.8284
85.8917
85.9879
86.1170
86.2790
86.4739
86.6523
86.8144
86.9600
87.0892
87.2020
87.2984
87.3784
87.4420
87.6327
87.9505
88.3955
88.9676
89.6668
90.4932
91.4467
92.5274
94.1759
96.3923
99.1766
102.5287
105.7744
108.9136
111.9463
114.8725
117.3882
119.4935
121.1883
122.4725
123.3463
123.8096
123.8624
123.5048
123.0676
122.5511
121.9551
121.2796
120.5247
119.6903
118.7765
117.7832
116.7512
115.6805
114.5710
113.4228
112.2358
111.0102
109.7457
108.4426
107.1589
105.8946
104.6497
103.4243
102.2184
101.0319
99.8648
98.7171
97.6385
96.6289
95.6884
94.8169
94.0144
93.2810
92.6166
92.0213
91.5177
91.1060
90.7861
90.5579
90.4216
90.3771
90.4244
90.5635
90.7531
90.9930
91.2834
91.6243
92.0155
92.4572
92.9493
93.4919
94.0551
94.6389
95.2434
95.8685
96.5143
97.1807
97.8677
98.5754
99.0348
99.2459
99.2089
98.9235
98.3899
97.6081
96.5780
95.2996
94.1275
93.0616
92.1020
91.2485
90.5014
89.8604
89.3257
88.8972
88.5426
88.2618
88.0550
87.9220
87.8630
87.8778
87.9665
88.1290
88.1519
88.0351
87.7787
87.3825
86.8467
86.1711
85.3560
84.4011
83.5536
82.8137
82.1811
81.6560
81.2384
80.9282
80.7255
80.6302
80.5116
80.3698
80.2048
80.0165
79.8049
79.5701
79.3121
79.0308
78.8517
78.7749
78.8004
78.9281
79.1581
79.4903
79.9248
80.4615
81.3244
82.5133
84.0283
85.8695
88.0367
90.5300
93.3494
96.4949
99.3884
102.0299
104.4195
106.5570
108.4425
110.0761
111.4576
112.5872
113.5349
114.3010
114.8853
115.2879
115.5087
115.5477
115.4050
115.0806
114.6937
114.2444
113.7327
113.1586
112.5220
111.8230
111.0615
110.2377
109.3908
108.5210
107.6282
106.7125
105.7737
104.8120
103.8273
102.8196
101.7422
100.5951
99.3782
98.0916
96.7353
95.3093
93.8135
92.2481
90.8715
89.6840
88.6855
87.8759
87.2553
86.8237
86.5811
86.5275
86.4715
86.4132
86.3525
86.2894
86.2241
86.1563
86.0862
86.0138
85.9689
85.9516
85.9619
85.9997
86.0650
86.1579
86.2784
86.4264
86.5907
86.7712
86.9680
87.1810
87.4102
87.6557
87.9175
88.1954
88.4025
88.5388
88.6041
88.5985
88.5221
88.3748
88.1565
87.8674
87.6032
87.3638
87.1492
86.9595
86.7946
86.6546
86.5395
86.4491
86.3723
86.3088
86.2588
86.2223
86.1992
86.1895
86.1933
86.2105
86.1905
86.1332
86.0387
85.9070
85.7380
85.5318
85.2884
85.0077
84.7465
84.5049
84.2828
84.0802
83.8971
83.7336
83.5895
83.4650
83.3232
83.1642
82.9878
82.7941
82.5832
82.3550
82.1095
81.8467
82.0679
82.7731
83.9624
85.6356
87.7929
90.4342
93.5595
97.1688
100.4553
103.4190
106.0598
108.3777
110.3729
112.0452
113.3947
114.4213
115.3408
116.1530
116.8581
117.4560
117.9467
118.3302
118.6065
118.7757
118.7954
118.6659
118.3869
117.9586
117.3809
116.6539
115.7775
114.7518
113.7097
112.6512
111.5764
110.4853
109.3778
108.2539
107.1137
105.9571
104.7313
103.4365
102.0724
100.6392
99.1369
97.5654
95.9247
94.2149
92.6401
91.2005
89.8960
88.7266
87.6923
86.7931
86.0290
85.4000
84.9303
84.6198
84.4686
84.4767
84.6441
84.9707
85.4566
86.1018
86.6879
87.2150
87.6831
88.0922
88.4423
88.7333
88.9654
89.1384
89.3085
89.4756
89.6397
89.8010
89.9592
90.1145
90.2669
90.4163
90.4939
90.4996
90.4335
90.2955
90.0856
89.8039
89.4503
89.0249
88.5716
88.0903
87.5811
87.0439
86.4789
85.8859
85.2649
84.6161
84.0558
83.5840
83.2008
82.9062
82.7002
82.5827
82.5538
82.6135
82.6971
82.8046
82.9360
83.0914
83.2706
83.4738
83.7010
83.9520
84.1258
84.2224
84.2417
84.1838
84.0486
83.8363
83.5466
83.1798
82.7988
82.4038
81.9946
81.5714
81.1341
80.6827
80.2172
79.7376
79.6735
80.0249
80.7918
81.9742
83.5720
85.5854
88.0143
90.8587
93.5933
96.2181
98.7332
101.1385
103.4341
105.6199
107.6959
109.6622
111.5984
113.5045
115.3805
117.2265
119.0424
120.8283
122.5840
124.3097
125.6958
126.7422
127.4489
127.8161
127.8435
127.5314
126.8796
125.8881
124.8045
123.6286
122.3606
121.0003
119.5479
118.0032
116.3663
114.6373
112.9572
111.3262
109.7441
108.2111
106.7270
105.2920
103.9059
102.5689
101.2788
100.0357
98.8396
97.6904
96.5882
95.5330
94.5247
93.5634
92.6347
91.7386
90.8750
90.0440
89.2456
88.4797
87.7464
87.0456
86.4749
86.0343
85.7237
85.5431
85.4925
85.5720
85.7815
86.1211
86.5247
86.9923
87.5239
88.1196
88.7792
89.5029
90.2906
91.1423
91.8977
92.5569
93.1199
93.5866
93.9570
94.2312
94.4091
94.4908
94.4623
94.3235
94.0746
93.7155
93.2462
92.6667
91.9770
91.1771
90.4209
89.7085
89.0398
88.4148
87.8336
87.2961
86.8024
86.3523
85.9502
85.5958
85.2893
85.0307
84.8199
84.6569
84.5418
84.4745
84.3845
84.2717
84.1361
83.9778
83.7968
83.5930
83.3664
83.1171
82.8649
82.6098
82.3518
82.0909
81.8272
81.5605
81.2910
81.0186
80.8430
80.7643
80.7825
80.8975
81.1094
81.4182
81.8239
82.3264
83.2599
84.6245
86.4202
88.6469
91.3046
94.3934
97.9132
101.8640
105.5543
108.9840
112.1532
115.0618
117.7099
120.0974
122.2244
124.0908
125.5667
126.6521
127.3469
127.6512
127.5650
127.0883
126.2210
124.9632
123.7815
122.6759
121.6464
120.6930
119.8156
119.0143
118.2892
117.6401
116.9337
116.1700
115.3490
114.4708
113.5352
112.5423
111.4922
110.3847
109.2065
107.9575
106.6377
105.2471
103.7858
102.2536
100.6507
98.9770
97.4623
96.1068
94.9103
93.8728
92.9945
92.2752
91.7150
91.3139
90.9834
90.7237
90.5346
90.4162
90.3685
90.3915
90.4851
90.6494
90.8107
90.9688
91.1238
91.2757
91.4244
91.5701
91.7127
91.8521
91.9708
92.0688
92.1461
92.2026
92.2384
92.2534
92.2477
92.2213
92.1595
92.0623
91.9297
91.7617
91.5582
91.3194
91.0452
90.7356
90.3579
89.9122
89.3985
88.8167
88.1669
87.4490
86.6631
85.8091
85.0262
84.3143
83.6734
83.1035
82.6047
82.1768
81.8200
81.5342
81.2618
81.0029
80.7574
80.5253
80.3066
80.1013
79.9095
79.7311
79.4949
79.2010
78.8493
78.4399
77.9727
77.4478
76.8651
76.2247
75.6567
75.1613
74.7383
74.3878
74.1098
73.9043
73.7713
73.7107
74.0114
74.6733
75.6965
77.0810
78.8266
80.9335
83.4017
86.2311
89.1631
92.1976
95.3348
98.5746
101.9170
105.3620
108.9096
112.5597
115.6513
118.1843
120.1588
121.5746
122.4318
122.7305
122.4706
121.6520
120.7818
119.8598
118.8861
117.8606
116.7835
115.6546
114.4739
113.2415
111.9445
110.5829
109.1567
107.6658
106.1103
104.4902
102.8055
101.0561
99.4060
97.8550
96.4032
95.0506
93.7973
92.6430
91.5880
90.6322
89.6442
88.6242
87.5719
86.4876
85.3711
84.2226
83.0419
81.8290
80.9161
80.3030
79.9898
79.9765
80.2631
80.8495
81.7359
82.9221
84.0381
85.0840
86.0598
86.9654
87.8008
88.5661
89.2612
89.8861
90.5116
91.1375
91.7640
92.3910
93.0184
93.6464
94.2749
94.9039
95.4309
95.8561
96.1794
96.4008
96.5203
96.5379
96.4536
96.2674
95.9857
95.6084
95.1355
94.5670
93.9030
93.1435
92.2883
91.3376
90.5133
89.8154
89.2438
88.7987
88.4799
88.2875
88.2215
88.2818
88.2561
88.1443
87.9463
87.6622
87.2921
86.8358
86.2934
85.6649
85.0712
84.5122
83.9880
83.4986
83.0439
82.6240
82.2388
81.8885
81.5923
81.3504
81.1627
81.0292
80.9499
80.9249
80.9540
81.0374
81.1507
81.2937
81.4665
81.6692
81.9017
82.1640
82.4561
82.7780
83.5528
84.7804
86.4609
88.5942
91.1803
94.2193
97.7111
101.6558
105.3093
108.6717
111.7429
114.5229
117.0119
119.2096
121.1162
122.7317
124.1106
125.2530
126.1588
126.8281
127.2608
127.4570
127.4167
127.1398
126.6453
125.9332
125.0035
123.8562
122.4913
120.9089
119.1088
117.0912
115.1480
113.2794
111.4854
109.7658
108.1208
106.5503
105.0543
103.6329
102.2428
100.8841
99.5567
98.2608
96.9961
95.7629
94.5610
93.3905
92.3252
91.3650
90.5101
89.7603
89.1157
88.5763
88.1422
87.8131
87.6518
87.6580
87.8318
88.1733
88.6823
89.3590
90.2033
91.2152
92.1634
93.0479
93.8687
94.6258
95.3191
95.9487
96.5147
97.0169
97.4008
97.6664
97.8138
97.8429
97.7537
97.5462
97.2204
96.7764
96.3773
96.0230
95.7137
95.4493
95.2298
95.0552
94.9255
94.8408
94.7620
94.6894
94.6228
94.5622
94.5078
94.4593
94.4170
94.3807
94.2112
93.9085
93.4727
92.9037
92.2015
91.3661
90.3975
89.2958
88.3813
87.6540
87.1140
86.7613
86.5958
86.6175
86.8265
87.2227
87.5351
87.7636
87.9083
87.9691
87.9461
87.8392
87.6484
87.3738
87.0705
86.7384
86.3775
85.9880
85.5697
85.1226
84.6468
84.1423
83.7863
83.5789
83.5199
83.6095
83.8476
84.2343
84.7695
85.4532
86.3973
87.6020
89.0670
90.7925
92.7785
95.0249
97.5318
100.2991
102.8653
105.2303
107.3942
109.3569
111.1184
112.6789
114.0381
115.1962
116.1219
116.8152
117.2760
117.5044
117.5003
117.2639
116.7950
116.0936
115.3239
114.4858
113.5794
112.6045
111.5613
110.4498
109.2698
108.0215
106.7422
105.4319
104.0906
102.7184
101.3152
99.8810
98.4159
96.9198
95.4784
94.0917
92.7597
91.4824
90.2599
89.0920
87.9789
86.9205
85.9592
85.0949
84.3278
83.6577
83.0848
82.6089
82.2301
81.9484
81.8141
81.8272
81.9876
82.2954
82.7506
83.3532
84.1032
85.0005
85.7792
86.4393
86.9807
87.4034
87.7075
87.8930
87.9598
87.9080
87.8119
87.6716
87.4870
87.2582
86.9852
86.6679
86.3064
85.9007
85.5212
85.1679
84.8408
84.5400
84.2653
84.0169
83.7948
83.5988
83.4323
83.2952
83.1876
83.1094
83.0606
83.0413
83.0514
83.0910
83.1425
83.2061
83.2817
83.3692
83.4688
83.5803
83.7039
83.8394
83.8890
83.8526
83.7303
83.5220
83.2277
82.8475
82.3813
81.8291
81.3806
81.0358
80.7946
80.6570
80.6231
80.6929
80.8663
81.1434
81.4195
81.6945
81.9685
82.2415
82.5135
82.7845
83.0545
83.3234
83.9440
84.9161
86.2397
87.9150
89.9418
92.3201
95.0501
98.1316
101.1502
104.1057
106.9983
109.8279
112.5946
115.2982
117.9389
120.5166
122.6677
124.3922
125.6900
126.5613
127.0060
127.0240
126.6155
125.7803
124.9614
124.1589
123.3727
122.6028
121.8493
121.1120
120.3911
119.6865
118.8261
117.8099
116.6379
115.3101
113.8265
112.1871
110.3918
108.4408
106.6095
104.8978
103.3058
101.8335
100.4808
99.2478
98.1345
97.1409
96.2227
95.3798
94.6124
93.9204
93.3038
92.7625
92.2967
91.9063
91.4940
91.0599
90.6039
90.1261
89.6264
89.1049
88.5615
87.9963
87.5898
87.3420
87.2529
87.3226
87.5509
87.9381
88.4839
89.1884
89.8723
90.5355
91.1780
91.7998
92.4009
92.9813
93.5410
94.0801
94.5206
94.8625
95.1058
95.2506
95.2969
95.2445
95.0937
94.8442
94.4993
94.0588
93.5228
92.8912
92.1642
91.3416
90.4235
89.4099
88.4484
87.5391
86.6821
85.8772
85.1245
84.4240
83.7756
83.1795
82.5771
81.9684
81.3535
80.7323
80.1048
79.4711
78.8311
78.1849
77.6371
77.1877
76.8368
76.5844
76.4304
76.3749
76.4179
76.5593
76.6463
76.6791
76.6575
76.5816
76.4513
76.2668
76.0279
75.7347
75.7529
76.0827
76.7240
77.6768
78.9411
80.5169
82.4042
84.6030
86.9108
89.3277
91.8536
94.4885
97.2324
100.0853
103.0473
106.1183
108.9170
111.4434
113.6974
115.6791
117.3885
118.8256
119.9904
120.8829
121.6095
122.1702
122.5651
122.7941
122.8572
122.7545
122.4860
122.0515
121.4809
120.7740
119.9309
118.9516
117.8360
116.5842
115.1962
113.6720
112.2843
111.0331
109.9184
108.9402
108.0985
107.3933
106.8246
106.3925
105.7178
104.8008
103.6412
102.2392
100.5947
98.7078
96.5784
94.2066
92.1563
90.4275
89.0203
87.9346
87.1704
86.7278
86.6068
86.8072
87.0321
87.2814
87.5550
87.8531
88.1755
88.5224
88.8936
89.2893
89.6864
90.0850
90.4850
90.8865
91.2895
91.6940
92.0999
92.5073
92.8537
93.1392
93.3637
93.5273
93.6299
93.6716
93.6523
93.5720
93.4509
93.2889
93.0862
92.8425
92.5581
92.2327
91.8666
91.4596
91.1227
90.8558
90.6590
90.5323
90.4757
90.4891
90.5726
90.7262
90.7724
90.7113
90.5428
90.2670
89.8839
89.3934
88.7956
88.0904
87.4775
86.9567
86.5283
86.1920
85.9480
85.7962
85.7367
85.7694
85.7656
85.7254
85.6488
85.5358
85.3862
85.2003
84.9779
84.7191
84.5859
84.5785
84.6967
84.9406
85.3101
85.8053
86.4262
87.1728
88.1886
89.4737
91.0279
92.8514
94.9441
97.3061
99.9373
102.8377
105.5538
108.0856
110.4331
112.5963
114.5753
116.3699
117.9803
119.4063
120.6077
121.5843
122.3363
122.8635
123.1661
123.2440
123.0971
122.7256
122.2836
121.7711
121.1882
120.5348
119.8109
119.0165
118.1517
117.2165
116.2093
115.1303
113.9795
112.7568
111.4622
110.0958
108.6576
107.1474
105.5334
103.8153
101.9933
100.0673
98.0374
95.9035
93.6657
91.3238
89.2147
87.3382
85.6944
84.2832
83.1047
82.1589
81.4458
80.9653
80.5496
80.1987
79.9125
79.6911
79.5345
79.4426
79.4155
79.4532
79.4895
79.5245
79.5582
79.5905
79.6214
79.6510
79.6793
79.7063
79.8249
80.0352
80.3373
80.7311
81.2165
81.7937
82.4626
83.2232
83.9164
84.5422
85.1007
85.5918
86.0156
86.3719
86.6609
86.8826
87.0164
87.0624
87.0205
86.8908
86.6733
86.3680
85.9748
85.4938
85.1060
84.8112
84.6096
84.5011
84.4857
84.5634
84.7342
84.9982
85.2822
85.5862
85.9103
86.2544
86.6185
87.0027
87.4069
87.8311
88.1764
88.4428
88.6303
88.7388
88.7684
88.7191
88.5909
88.3837
88.1533
87.8996
87.6227
87.3225
86.9991
86.6524
86.2825
85.8894
85.6582
85.5890
85.6818
85.9365
86.3533
86.9320
87.6727
88.5754
89.8179
91.4002
93.3223
95.5841
98.1858
101.1272
104.4084
108.0294
111.2940
114.2022
116.7540
118.9494
120.7884
122.2710
123.3973
124.1671
124.7394
125.1141
125.2912
125.2707
125.0527
124.6372
124.0240
123.2133
122.3328
121.3824
120.3622
119.2722
118.1123
116.8826
115.5831
114.2137
112.9561
111.8103
110.7763
109.8540
109.0435
108.3448
107.7579
107.2827
106.6156
105.7566
104.7055
103.4625
102.0276
100.4007
98.5819
96.5710
94.7542
93.1313
91.7024
90.4674
89.4264
88.5793
87.9262
87.4671
87.0441
86.6574
86.3068
85.9924
85.7142
85.4721
85.2663
85.0966
85.0325
85.0739
85.2208
85.4732
85.8312
86.2946
86.8636
87.5382
88.1326
88.6471
89.0815
89.4358
89.7101
89.9044
90.0186
90.0528
89.9690
89.7673
89.4476
89.0098
88.4542
87.7805
86.9889
86.0793
85.2434
84.4812
83.7927
83.1780
82.6369
82.1695
81.7759
81.4559
81.2847
81.2623
81.3886
81.6636
82.0874
82.6599
83.3811
84.2511
84.9449
85.4624
85.8037
85.9688
85.9576
85.7702
85.4066
84.8667
84.3153
83.7524
83.1779
82.5918
81.9943
81.3852
80.7645
80.1323
79.5553
79.0334
78.5666
78.1550
77.7985
77.4971
77.2509
77.0598
77.0619
77.2572
77.6458
78.2275
79.0025
79.9707
81.1321
82.4867
84.0458
85.8092
87.7769
89.9491
92.3257
94.9066
97.6920
100.6817
103.4653
106.0427
108.4141
110.5792
112.5383
114.2911
115.8379
117.1785
118.2810
119.1453
119.7715
120.1596
120.3095
120.2213
119.8950
119.3305
118.7368
118.1140
117.4620
116.7809
116.0706
115.3311
114.5624
113.7646
112.8917
111.9438
110.9208
109.8228
108.6498
107.4017
106.0786
104.6805
103.3331
102.0365
100.7907
99.5956
98.4514
97.3579
96.3151
95.3232
94.3890
93.5126
92.6940
91.9331
91.2299
90.5845
89.9969
89.4670
89.0219
88.6615
88.3858
88.1949
88.0887
88.0673
88.1305
88.2785
88.3850
88.4499
88.4732
88.4550
88.3952
88.2938
88.1509
87.9665
87.8189
87.7083
87.6346
87.5978
87.5980
87.6350
87.7090
87.8199
87.8980
87.9433
87.9558
87.9355
87.8824
87.7965
87.6777
87.5262
87.4145
87.3425
87.3104
87.3180
87.3654
87.4526
87.5795
87.7463
87.8447
87.8747
87.8362
87.7295
87.5543
87.3107
86.9988
86.6184
86.1961
85.7318
85.2255
84.6773
84.0871
83.4549
82.7807
82.0646
81.4442
80.9197
80.4911
80.1582
79.9212
79.7800
79.7347
79.7851
79.8691
79.9866
80.1375
80.3220
80.5400
80.7915
81.0765
81.3950
82.0408
83.0139
84.3142
85.9419
87.8968
90.1791
92.7886
95.7254
98.7298
101.8015
104.9408
108.1476
111.4218
114.7635
118.1727
121.6493
124.5076
126.7475
128.3691
129.3723
129.7572
129.5236
128.6718
127.2015
125.8132
124.5070
123.2826
122.1403
121.0800
120.1016
119.2052
118.3908
117.4234
116.3030
115.0295
113.6031
112.0237
110.2913
108.4059
106.3674
104.4324
102.6008
100.8725
99.2476
97.7261
96.3080
94.9932
93.7819
92.7737
91.9686
91.3667
90.9679
90.7723
90.7798
90.9904
91.4042
91.7657
92.0748
92.3316
92.5360
92.6881
92.7879
92.8354
92.8305
92.9041
93.0562
93.2868
93.5959
93.9835
94.4496
94.9943
95.6174
96.1203
96.5030
96.7654
96.9077
96.9297
96.8315
96.6131
96.2744
95.9949
95.7746
95.6133
95.5113
95.4683
95.4845
95.5599
95.6944
95.5727
95.1948
94.5608
93.6707
92.5244
91.1219
89.4632
87.5484
85.9300
84.6081
83.5825
82.8534
82.4208
82.2845
82.4447
82.9013
83.2319
83.4364
83.5149
83.4674
83.2939
82.9943
82.5687
82.0171
81.5964
81.3068
81.1482
81.1206
81.2240
81.4584
81.8238
82.3201
82.7341
83.0656
83.3146
83.4811
83.5652
83.5669
83.4860
83.3228
83.3318
83.5131
83.8668
84.3927
85.0910
85.9616
87.0045
88.2197
90.9545
95.2090
100.9831
108.2768
113.7914
117.5268
119.4831
119.6603
119.9271
120.2835
120.7295
121.2651
121.8904
122.6053
123.4098
124.3040
124.6788
124.5342
123.8702
122.6869
120.9842
118.7621
116.0207
112.7599
110.0070
107.7620
106.0249
104.7958
104.0746
103.8613
104.1559
104.9584
105.4880
105.7446
105.7283
105.4390
104.8768
104.0416
102.9335
101.5524
100.1528
98.7347
97.2980
95.8428
94.3691
92.8768
91.3661
89.8367
88.5329
87.4546
86.6017
85.9743
85.5724
85.3960
85.4451
85.7197
86.1238
86.6574
87.3206
88.1133
89.0356
90.0873
91.2687
92.5796
93.7061
94.6485
95.4065
95.9803
96.3698
96.5750
96.5959
96.4326
96.1981
95.8924
95.5155
95.0675
94.5483
93.9579
93.2963
92.5636
91.8825
91.2531
90.6753
90.1492
89.6747
89.2519
88.8808
88.5613
88.3047
88.1111
87.9804
87.9126
87.9077
87.9657
88.0866
88.2705
88.1910
87.8483
87.2423
86.3730
85.2404
83.8445
82.1853
80.2628
78.7033
77.5066
76.6728
76.2019
76.0939
76.3487
76.9665
77.9471
78.5853
78.8811
78.8345
78.4453
77.7138
76.6398
75.2234
73.4645
72.6633
72.8199
73.9341
76.0060
79.0356
83.0229
87.9679
93.8706
98.8233
102.8260
105.8786
107.9813
109.1339
109.3365
108.5890
106.8916
105.6591
104.8917
104.5892
104.7517
105.3792
106.4717
108.0292
110.0517
111.7025
112.9816
113.8891
114.4249
114.5890
114.3815
113.8023
112.8514
112.1590
111.7251
111.5496
111.6326
111.9740
112.5738
113.4322
114.5489
114.9907
114.7575
113.8494
112.2663
110.0081
107.0751
103.4670
99.1840
95.4432
92.2447
89.5884
87.4744
85.9027
84.8732
84.3860
84.4411
84.4687
84.4691
84.4420
84.3875
84.3057
84.1966
84.0600
83.8961
83.7091
83.4992
83.2662
83.0102
82.7312
82.4292
82.1042
81.7561
81.5103
81.3668
81.3256
81.3866
81.5499
81.8154
82.1832
82.6533
83.1640
83.7155
84.3076
84.9404
85.6139
86.3281
87.0830
87.8785
88.5622
89.1341
89.5941
89.9423
90.1786
90.3031
90.3157
90.2164
90.1041
89.9787
89.8402
89.6887
89.5240
89.3463
89.1555
88.9516
88.7753
88.6265
88.5052
88.4115
88.3453
88.3066
88.2955
88.3119
88.3428
88.3881
88.4478
88.5220
88.6107
88.7137
88.8313
88.9633
89.0647
89.1357
89.1761
89.1860
89.1654
89.1142
89.0325
88.9203
88.7755
88.5979
88.3877
88.1449
87.8693
87.5611
87.2202
86.8467
86.6263
86.5591
86.6451
86.8843
87.2767
87.8223
88.5211
89.3731
90.4590
91.7789
93.3327
95.1205
97.1423
99.3980
101.8876
104.6113
107.1386
109.4698
111.6046
113.5433
115.2857
116.8318
118.1817
119.3353
120.3222
121.1425
121.7960
122.2828
122.6028
122.7562
122.7428
122.5628
122.2245
121.7279
121.0731
120.2601
119.2888
118.1592
116.8714
115.4254
113.8957
112.2823
110.5852
108.8045
106.9402
104.9922
102.9605
100.8451
98.8635
97.0155
95.3013
93.7208
92.2740
90.9610
89.7816
88.7359
87.7951
86.9592
86.2281
85.6018
85.0804
84.6638
84.3521
84.1453
84.0114
83.9504
83.9624
84.0474
84.2053
84.4362
84.7401
85.1169
85.5256
85.9660
86.4383
86.9423
87.4782
88.0459
88.6454
89.2767
89.8269
90.2959
90.6837
90.9904
91.2158
91.3602
91.4233
91.4053
91.2678
91.0108
90.6344
90.1384
89.5230
88.7881
87.9338
86.9599
86.1291
85.4414
84.8969
84.4953
84.2369
84.1216
84.1494
84.3202
84.4034
84.3989
84.3067
84.1269
83.8593
83.5041
83.0613
82.5307
82.0366
81.5790
81.1578
80.7731
80.4249
80.1131
79.8378
79.5989
79.3710
79.1540
78.9480
78.7529
78.5687
78.3955
78.2332
78.0819
78.0433
78.1174
78.3044
78.6040
79.0164
79.5416
80.1795
80.9302
81.8998
83.0885
84.4961
86.1228
87.9685
90.0331
92.3168
94.8195
97.3945
100.0419
102.7617
105.5539
108.4184
111.3553
114.3646
117.4462
120.2350
122.7309
124.9339
126.8441
128.4614
129.7858
130.8173
131.5560
132.0328
132.2476
132.2006
131.8916
131.3207
130.4880
129.3933
128.0367
126.6444
125.2165
123.7529
122.2536
120.7187
119.1481
117.5418
115.8999
114.3689
112.9488
111.6397
110.4415
109.3542
108.3779
107.5126
106.7582
105.8591
104.8154
103.6271
102.2941
100.8165
99.1943
97.4274
95.5159
93.9301
92.6698
91.7352
91.1263
90.8429
90.8852
91.2532
91.9467
92.6411
93.3364
94.0325
94.7295
95.4273
96.1259
96.8254
97.5258
98.1763
98.7769
99.3276
99.8285
100.2795
100.6806
101.0319
101.3333
101.4578
101.4055
101.1764
100.7704
100.1875
99.4278
98.4913
97.3779
96.2905
95.2293
94.1941
93.1849
92.2019
91.2449
90.3139
89.4091
88.5694
87.7949
87.0857
86.4416
85.8628
85.3492
84.9007
84.5175
84.0562
83.5169
82.8995
82.2041
81.4307
80.5791
79.6496
78.6419
77.7469
76.9646
76.2949
75.7378
75.2933
74.9615
74.7422
74.6357
74.4675
74.2377
73.9463
73.5934
73.1788
72.7026
72.1648
71.5654
71.2401
71.1890
71.4120
71.9091
72.6803
73.7257
75.0451
76.6388
78.3042
80.0416
81.8509
83.7320
85.6850
87.7099
89.8066
91.9753
94.2192
96.5385
98.9332
101.4031
103.9484
106.5690
109.2650
112.0363
114.4007
116.3584
117.9093
119.0534
119.7907
120.1212
120.0449
119.5618
119.0365
118.4691
117.8596
117.2079
116.5141
115.7782
115.0001
114.1799
113.3284
112.4457
111.5319
110.5867
109.6104
108.6028
107.5641
106.4941
105.3649
104.1767
102.9293
101.6227
100.2571
98.8323
97.3483
95.8053
94.3632
93.0223
91.7823
90.6434
89.6056
88.6688
87.8330
87.0983
86.4903
86.0088
85.6539
85.4257
85.3240
85.3490
85.5006
85.7789
86.1174
86.5161
86.9752
87.4946
88.0742
88.7141
89.4143
90.1748
90.8528
91.4484
91.9614
92.3920
92.7402
93.0058
93.1890
93.2897
93.3239
93.2916
93.1928
93.0275
92.7957
92.4974
92.1325
91.7012
91.3257
91.0059
90.7420
90.5339
90.3816
90.2850
90.2443
90.2594
90.2492
90.2136
90.1528
90.0667
89.9552
89.8184
89.6563
89.4690
89.2627
89.0375
88.7934
88.5304
88.2485
87.9478
87.6281
87.2895
86.8946
86.4433
85.9357
85.3718
84.7516
84.0750
83.3421
82.5528
81.8358
81.1910
80.6183
80.1179
79.6898
79.3338
79.0500
78.8384
78.7823
78.8817
79.1365
79.5467
80.1124
80.8336
81.7102
82.7422
84.1486
85.9292
88.0841
90.6133
93.5168
96.7946
100.4467
104.4730
108.0855
111.2840
114.0686
116.4392
118.3960
119.9389
121.0678
121.7828
122.3604
122.8005
123.1031
123.2683
123.2961
123.1864
122.9392
122.5546
122.0365
121.3849
120.5998
119.6812
118.6291
117.4435
116.1245
114.6719
113.2599
111.8884
110.5574
109.2669
108.0170
106.8075
105.6387
104.5103
103.4268
102.3881
101.3943
100.4453
99.5412
98.6820
97.8676
97.0980
96.3521
95.6300
94.9316
94.2568
93.6058
92.9785
92.3748
91.7949
91.3222
90.9568
90.6986
90.5476
90.5038
90.5673
90.7380
91.0160
91.2588
91.4666
91.6393
91.7770
91.8796
91.9470
91.9795
91.9768
91.9026
91.7569
91.5396
91.2509
90.8906
90.4587
89.9553
89.3804
88.8222
88.2805
87.7555
87.2471
86.7554
86.2803
85.8218
85.3799
84.8972
84.3737
83.8093
83.2041
82.5580
81.8711
81.1433
80.3747
79.7151
79.1644
78.7226
78.3897
78.1659
78.0509
78.0449
78.1478
78.1818
78.1467
78.0426
77.8695
77.6274
77.3163
76.9362
76.4871
76.1136
75.8157
75.5934
75.4466
75.3755
75.3799
75.4599
75.6156
75.6545
75.5769
75.3826
75.0717
74.6442
74.1001
73.4393
72.6619
72.2644
72.2469
72.6094
73.3517
74.4740
75.9763
77.8585
80.1206
82.5142
85.0392
87.6956
90.4834
93.4026
96.4533
99.6354
102.9488
105.9778
108.7223
111.1823
113.3577
115.2487
116.8552
118.1771
119.2146
120.0830
120.7824
121.3128
121.6742
121.8665
121.8898
121.7440
121.4293
120.9345
120.2597
119.4049
118.3700
117.1551
115.7603
114.1853
112.4304
110.8412
109.4178
108.1602
107.0683
106.1421
105.3818
104.7872
104.3584
103.8017
103.1171
102.3047
101.3644
100.2963
99.1003
97.7764
96.3247
94.9738
93.7237
92.5744
91.5259
90.5782
89.7313
88.9852
88.3400
87.8968
87.6556
87.6166
87.7796
88.1447
88.7118
89.4810
90.4523
91.3880
92.2883
93.1530
93.9822
94.7759
95.5341
96.2567
96.9439
97.4900
97.8951
98.1591
98.2822
98.2642
98.1052
97.8052
97.3641
96.8713
96.3269
95.7307
95.0828
94.3832
93.6319
92.8288
91.9741
91.2224
90.5738
90.0282
89.5856
89.2461
89.0096
88.8762
88.8459
88.7741
88.6611
88.5066
88.3108
88.0737
87.7952
87.4754
87.1142
86.7849
86.4875
86.2220
85.9884
85.7867
85.6169
85.4790
85.3730
85.1848
84.9145
84.5619
84.1271
83.6101
83.0109
82.3295
81.5659
80.9715
80.5461
80.2900
80.2029
80.2850
80.5363
80.9567
81.5462
82.4625
83.7057
85.2756
87.1724
89.3959
91.9463
94.8235
98.0274
101.1580
104.2153
107.1992
110.1097
112.9469
115.7107
118.4012
121.0182
123.2318
125.0417
126.4480
127.4508
128.0499
128.2455
128.0375
127.4259
126.7867
126.1198
125.4253
124.7031
123.9533
123.1758
122.3707
121.5379
120.6185
119.6124
118.5195
117.3400
116.0737
114.7208
113.2811
111.7548
110.2728
108.8351
107.4418
106.0928
104.7882
103.5278
102.3119
101.1402
99.9353
98.6972
97.4258
96.1212
94.7833
93.4122
92.0078
90.5702
89.3110
88.2302
87.3277
86.6036
86.0578
85.6904
85.5014
85.4908
85.5890
85.7960
86.1119
86.5366
87.0701
87.7124
88.4636
89.3236
90.0667
90.6929
91.2022
91.5946
91.8701
92.0287
92.0704
91.9951
91.8820
91.7310
91.5422
91.3154
91.0508
90.7483
90.4079
90.0296
89.6637
89.3102
88.9690
88.6402
88.3237
88.0196
87.7279
87.4485
87.1172
86.7340
86.2989
85.8119
85.2730
84.6821
84.0393
83.3446
82.7174
82.1576
81.6653
81.2405
80.8831
80.5931
80.3707
80.2156
80.0515
79.8783
79.6960
79.5046
79.3041
79.0945
78.8758
78.6480
78.3548
77.9960
77.5718
77.0821
76.5269
75.9063
75.2202
74.4686
74.0949
74.0993
74.4816
75.2420
76.3803
77.8966
79.7908
82.0631
84.4915
87.0760
89.8167
92.7136
95.7666
98.9758
102.3411
105.8626
109.0974
112.0456
114.7070
117.0818
119.1699
120.9713
122.4860
123.7141
124.6152
125.1894
125.4366
125.3568
124.9501
124.2164
123.1557
121.7681
120.4383
119.1663
117.9521
116.7957
115.6971
114.6563
113.6733
112.7481
111.7900
110.7990
109.7751
108.7183
107.6286
106.5060
105.3505
104.1621
102.8930
101.5431
100.1126
98.6014
97.0095
95.3369
93.5835
91.7495
90.1113
88.6688
87.4221
86.3712
85.5161
84.8567
84.3932
84.1254
83.9966
84.0069
84.1561
84.4444
84.8716
85.4379
86.1432
86.9874
87.7569
88.4514
89.0711
89.6159
90.0858
90.4808
90.8010
91.0463
91.3143
91.6048
91.9180
92.2538
92.6121
92.9932
93.3968
93.8230
94.1623
94.4147
94.5802
94.6588
94.6504
94.5551
94.3729
94.1038
93.8115
93.4960
93.1573
92.7954
92.4103
92.0020
91.5706
91.1159
90.6265
90.1024
89.5435
88.9498
88.3215
87.6583
86.9605
86.2279
85.5351
84.8821
84.2689
83.6956
83.1621
82.6684
82.2144
81.8004
81.3971
81.0047
80.6232
80.2525
79.8927
79.5437
79.2056
78.8783
78.5620
78.2568
77.9626
77.6794
77.4072
77.1460
76.8959
76.6568
76.7993
77.3233
78.2290
79.5164
81.1853
83.2358
85.6679
88.4817
91.2823
94.0699
96.8444
99.6058
102.3542
105.0894
107.8116
110.5207
113.0227
115.3177
117.4056
119.2864
120.9602
122.4269
123.6865
124.7391
125.6116
126.3040
126.8162
127.1484
127.3004
127.2723
127.0641
126.6758
126.0014
125.0410
123.7945
122.2620
120.4434
118.3388
115.9482
113.2715
110.8122
108.5704
106.5460
104.7391
103.1496
101.7776
100.6230
99.6858
98.6311
97.4589
96.1690
94.7617
93.2368
91.5943
89.8342
87.9566
86.3190
84.9212
83.7634
82.8454
82.1674
81.7293
81.5311
81.5728
81.6445
81.7460
81.8774
82.0387
82.2299
82.4511
82.7021
82.9830
83.2030
83.3620
83.4601
83.4972
83.4734
83.3886
83.2429
83.0363
82.9505
82.9856
83.1415
83.4182
83.8158
84.3343
84.9736
85.7338
86.3045
86.6859
86.8780
86.8806
86.6939
86.3178
85.7523
84.9974
84.2813
83.6038
82.9650
82.3650
81.8036
81.2809
80.7969
80.3516
80.0225
79.8094
79.7124
79.7315
79.8667
80.1180
80.4853
80.9688
81.3327
81.5768
81.7014
81.7062
81.5914
81.3570
81.0029
80.5291
80.0697
79.6246
79.1939
78.7774
78.3753
77.9876
77.6141
77.2550
76.9290
76.6362
76.3766
76.1501
75.9568
75.7967
75.6697
75.5759
75.7498
76.1916
76.9012
77.8785
79.1237
80.6366
82.4174
84.4660
86.7701
89.3297
92.1449
95.2156
98.5419
102.1236
105.9610
110.0538
113.7416
117.0242
119.9017
122.3740
124.4412
126.1033
127.3603
128.2121
128.7752
129.0496
129.0352
128.7320
128.1401
127.2595
126.0901
124.6320
123.2450
121.9292
120.6844
119.5108
118.4083
117.3769
116.4167
115.5275
114.5298
113.4235
112.2086
110.8850
109.4529
107.9123
106.2630
104.5051
102.7928
101.1261
99.5049
97.9294
96.3994
94.9150
93.4761
92.0829
90.9048
89.9420
89.1943
88.6619
88.3446
88.2426
88.3558
88.6841
89.0575
89.4760
89.9395
90.4480
91.0016
91.6002
92.2438
92.9325
93.5773
94.1780
94.7348
95.2477
95.7165
96.1414
96.5224
96.8594
97.1217
97.3094
97.4224
97.4608
97.4246
97.3137
97.1282
96.8680
96.6340
96.4261
96.2444
96.0888
95.9593
95.8561
95.7789
95.7279
95.7018
95.7004
95.7240
95.7723
95.8455
95.9434
96.0663
96.2139
96.2921
96.3007
96.2397
96.1093
95.9093
95.6398
95.3007
94.8921
94.4551
93.9896
93.4957
92.9734
92.4226
91.8433
91.2356
90.5995
89.9891
89.4047
88.8460
88.3132
87.8063
87.3252
86.8699
86.4405
85.9785
85.4841
84.9572
84.3978
83.8059
83.1815
82.5246
81.8353
81.4922
81.4953
81.8448
82.5405
83.5825
84.9707
86.7053
88.7861
90.9131
93.0865
95.3061
97.5719
99.8840
102.2424
104.6470
107.0979
109.3707
111.4653
113.3818
115.1202
116.6804
118.0625
119.2665
120.2923
121.0580
121.5635
121.8089
121.7941
121.5192
120.9842
120.1890
119.1337
117.9995
116.7865
115.4946
114.1239
112.6743
111.1458
109.5385
107.8523
106.2139
104.6231
103.0800
101.5846
100.1370
98.7370
97.3847
96.0802
94.7732
93.4637
92.1518
90.8374
89.5206
88.2014
86.8796
85.5555
84.4436
83.5439
82.8564
82.3813
82.1183
82.0676
82.2291
82.6029
83.0210
83.4836
83.9906
84.5419
85.1377
85.7778
86.4624
87.1913
87.8585
88.4638
89.0074
89.4892
89.9092
90.2674
90.5638
90.7984
91.0075
91.1910
91.3490
91.4814
91.5883
91.6696
91.7254
91.7557
91.7625
91.7458
91.7058
91.6422
91.5553
91.4448
91.3110
91.1537
91.0010
90.8531
90.7098
90.5712
90.4373
90.3081
90.1836
90.0637
89.9487
89.8386
89.7334
89.6330
89.5375
89.4469
89.3611
89.2802
89.1304
88.9115
88.6237
88.2668
87.8410
87.3462
86.7824
86.1496
85.6137
85.1745
84.8322
84.5866
84.4379
84.3859
84.4308
84.5725
84.7340
84.9155
85.1169
85.3382
85.5794
85.8404
86.1214
86.4223
86.9475
87.6971
88.6709
89.8692
91.2917
92.9386
94.8098
96.9054
99.1175
101.4460
103.8911
106.4527
109.1307
111.9253
114.8363
117.8639
120.5092
122.7723
124.6532
126.1519
127.2684
128.0026
128.3547
128.3245
128.0678
127.5848
126.8752
125.9393
124.7768
123.3880
121.7726
119.9309
118.0760
116.2082
114.3272
112.4332
110.5261
108.6060
106.6728
104.7266
102.8927
101.1712
99.5620
98.0651
96.6806
95.4084
94.2486
93.2011
92.2418
91.3707
90.5877
89.8929
89.2863
88.7678
88.3375
87.9954
87.7388
87.5677
87.4821
87.4820
87.5674
87.7384
87.9948
88.3368
88.7135
89.1249
89.5711
90.0521
90.5678
91.1182
91.7034
92.3234
92.9187
93.4894
94.0355
94.5570
95.0539
95.5261
95.9738
96.3969
96.6203
96.6441
96.4683
96.0929
95.5179
94.7433
93.7691
92.5952
91.3933
90.1634
88.9054
87.6193
86.3052
84.9630
83.5928
82.1945
80.9732
79.9291
79.0620
78.3720
77.8591
77.5233
77.3645
77.3829
77.3599
77.2955
77.1898
77.0428
76.8544
76.6247
76.3537
76.0414
75.7354
75.4360
75.1430
74.8564
74.5763
74.3026
74.0354
73.7747
73.4966
73.2012
72.8884
72.5583
72.2109
71.8461
71.4640
71.0646
70.8827
70.9182
71.1713
71.6418
72.3299
73.2354
74.3585
75.6990
77.2137
78.9023
80.7651
82.8019
85.0128
87.3977
89.9567
92.6898
95.3687
97.9935
100.5641
103.0805
105.5428
107.9509
110.3048
112.6046
114.5551
116.1564
117.4085
118.3113
118.8648
119.0691
118.9241
118.4299
117.8439
117.1660
116.3962
115.5347
114.5812
113.5359
112.3988
111.1699
109.9083
108.6142
107.2876
105.9284
104.5366
103.1122
101.6553
100.1658
98.7557
97.4248
96.1732
95.0009
93.9080
92.8943
91.9600
91.1049
90.3482
89.6900
89.1302
88.6688
88.3059
88.0413
87.8752
87.8075
87.7772
87.7843
87.8288
87.9108
88.0302
88.1870
88.3813
88.6129
88.8809
89.1851
89.5257
89.9025
90.3156
90.7649
91.2506
91.7726
92.2438
92.6643
93.0340
93.3531
93.6214
93.8389
94.0058
94.1219
94.1727
94.1584
94.0788
93.9340
93.7239
93.4486
93.1081
92.7024
92.3024
91.9083
91.5200
91.1375
90.7609
90.3901
90.0251
89.6659
89.3166
88.9773
88.6479
88.3284
88.0189
87.7193
87.4296
87.1499
86.9033
86.6899
86.5096
86.3624
86.2483
86.1674
86.1196
86.1050
85.9584
85.6799
85.2695
84.7271
84.0528
83.2465
82.3084
81.2383
80.3127
79.5318
78.8953
78.4035
78.0562
77.8535
77.7953
77.8817
78.1399
78.5697
79.1712
79.9445
80.8895
82.0062
83.2946
84.7547
86.5082
88.5551
90.8954
93.5292
96.4563
99.6769
103.1908
106.9981
110.3313
113.1901
115.5748
117.4852
118.9213
119.8832
120.3709
120.3843
120.3961
120.4062
120.4146
120.4214
120.4265
120.4299
120.4316
120.4317
120.3107
120.0687
119.7056
119.2215
118.6163
117.8900
117.0428
116.0744
115.0783
114.0545
113.0029
111.9236
110.8165
109.6817
108.5191
107.3287
106.1422
104.9593
103.7803
102.6049
101.4334
100.2655
99.1015
97.9412
96.9490
96.1251
95.4694
94.9818
94.6624
94.5113
94.5283
94.7135
94.9045
95.1013
95.3038
95.5121
95.7262
95.9461
96.1717
96.4032
96.6656
96.9590
97.2833
97.6387
98.0250
98.4423
98.8907
99.3699
99.6518
99.7363
99.6234
99.3131
98.8054
98.1002
97.1977
96.0978
95.1914
94.4784
93.9589
93.6329
93.5004
93.5613
93.8158
94.2637
94.5610
94.7076
94.7036
94.5490
94.2438
93.7880
93.1815
92.4243
91.7691
91.2157
90.7641
90.4144
90.1665
90.0205
89.9764
90.0341
90.0712
90.0878
90.0838
90.0592
90.0141
89.9484
89.8621
89.7553
89.5970
89.3872
89.1258
88.8129
88.4486
88.0327
87.5652
87.0463
86.5437
86.0575
85.5876
85.1340
84.6968
84.2759
83.8713
83.4831
83.4404
83.7430
84.3911
85.3846
86.7236
88.4080
90.4378
92.8131
95.4439
98.3304
101.4724
104.8700
107.7048
109.9766
111.6856
112.8317
113.5553
113.8564
113.7350
113.1911
112.2248
110.8360
109.0246
106.7908
104.8604
103.2333
101.9096
100.8893
100.1723
99.7587
99.6485
99.8417
100.0104
100.1547
100.2745
100.3700
100.4409
100.4875
100.5096
100.5073
100.5286
100.5737
100.6425
100.7350
100.8511
100.9910
101.1546
101.3419
101.3410
101.1521
100.7750
100.2099
99.4566
98.5151
97.3856
96.0680
94.9515
94.0363
93.3223
92.8095
92.4979
92.3875
92.4784
92.7704
93.0637
93.3583
93.6542
93.9514
94.2499
94.5497
94.8508
95.1531
95.4174
95.6436
95.8317
95.9817
96.0936
96.1675
96.2032
96.2009
96.2162
96.2492
96.2998
96.3681
96.4540
96.5576
96.6788
96.8177
96.6453
96.1615
95.3664
94.2600
92.8422
91.1131
89.0727
86.7209
84.7465
83.1495
81.9298
81.0876
80.6227
80.5352
80.8251
81.4923
82.0385
82.4635
82.7673
82.9501
83.0117
82.9521
82.7714
82.4696
82.2237
82.0338
81.8998
81.8217
81.7996
81.8334
81.9232
82.0689
82.0294
81.8048
81.3950
80.8001
80.0200
79.0547
77.9042
76.5686
76.0757
76.4255
77.6179
79.6530
82.5308
86.2512
90.8144
96.2202
100.8172
104.6054
107.5849
109.7555
111.1174
111.6705
111.4148
110.3503
109.6829
109.4126
109.5393
110.0630
110.9838
112.3017
114.0166
116.1286
117.9302
119.4214
120.6022
121.4726
122.0327
122.2823
122.2216
121.8505
121.6513
121.6240
121.7685
122.0850
122.5733
123.2335
124.0656
125.0696
125.1300
124.2468
122.4200
119.6497
115.9357
111.2782
105.6771
99.1324
93.6292
89.1675
85.7474
83.3687
82.0315
81.7359
82.4817
84.2691
85.6917
86.7495
87.4426
87.7709
87.7345
87.3333
86.5674
85.4367
84.5087
83.7834
83.2607
82.9408
82.8235
82.9089
83.1969
83.6877
84.0982
84.4285
84.6785
84.8482
84.9377
84.9470
84.8760
84.7247
84.6669
84.7024
84.8312
85.0534
85.3690
85.7780
86.2803
86.8760
87.2801
87.4924
87.5132
87.3423
86.9797
86.4254
85.6796
84.7420
83.9513
83.3074
82.8104
82.4602
82.2569
82.2003
82.2907
82.5278
82.6754
82.7334
82.7019
82.5808
82.3702
82.0700
81.6803
81.2010
80.7814
80.4217
80.1218
79.8816
79.7013
79.5807
79.5199
79.5189
79.5064
79.4825
79.4470
79.4001
79.3417
79.2718
79.1904
79.0975
78.9722
78.8145
78.6243
78.4018
78.1468
77.8595
77.5397
77.1874
76.9427
76.8054
76.7756
76.8532
77.0383
77.3308
77.7308
78.2383
79.0690
80.2231
81.7004
83.5010
85.6249
88.0721
90.8426
93.9364
96.8702
99.6441
102.2581
104.7122
107.0063
109.1405
111.1147
112.9291
114.6016
116.1323
117.5212
118.7682
119.8735
120.8369
121.6586
122.3384
122.8304
123.1348
123.2513
123.1802
122.9213
122.4746
121.8403
121.0181
120.0039
118.7976
117.3992
115.8088
114.0262
112.0515
109.8848
107.5259
105.2980
103.2011
101.2351
99.4000
97.6959
96.1227
94.6805
93.3692
92.2207
91.2349
90.4119
89.7516
89.2541
88.9193
88.7473
88.7380
88.7522
88.7897
88.8505
88.9348
89.0425
89.1735
89.3279
89.5057
89.6881
89.8751
90.0666
90.2626
90.4632
90.6684
90.8782
91.0925
91.2874
91.4628
91.6188
91.7554
91.8726
91.9703
92.0486
92.1074
92.1172
92.0780
91.9897
91.8523
91.6659
91.4304
91.1459
90.8123
90.4416
90.0338
89.5889
89.1069
88.5877
88.0315
87.4382
86.8077
86.2870
85.8762
85.5751
85.3837
85.3022
85.3304
85.4684
85.7162
85.8959
86.0074
86.0508
86.0261
85.9332
85.7722
85.5431
85.2458
84.9313
84.5996
84.2507
83.8845
83.5011
83.1005
82.6827
82.2476
81.8531
81.4991
81.1856
80.9126
80.6801
80.4881
80.3367
80.2257
80.3631
80.7488
81.3828
82.2651
83.3957
84.7747
86.4020
88.2776
90.1596
92.0480
93.9428
95.8440
97.7515
99.6655
101.5858
103.5126
105.5220
107.6142
109.7891
112.0467
114.3870
116.8101
119.3158
121.9043
124.0205
125.6645
126.8363
127.5358
127.7631
127.5181
126.8010
125.6116
124.4988
123.4626
122.5030
121.6200
120.8137
120.0840
119.4309
118.8544
118.0565
117.0373
115.7967
114.3348
112.6515
110.7469
108.6209
106.2736
104.1437
102.2314
100.5364
99.0590
97.7990
96.7565
95.9315
95.3240
94.7567
94.2298
93.7431
93.2968
92.8907
92.5250
92.1996
91.9144
91.7020
91.5625
91.4957
91.5016
91.5804
91.7319
91.9563
92.2534
92.5305
92.7875
93.0245
93.2415
93.4384
93.6154
93.7722
93.9091
94.0240
94.1170
94.1880
94.2371
94.2643
94.2695
94.2528
94.2142
94.1008
93.9128
93.6501
93.3128
92.9007
92.4140
91.8526
91.2165
90.6634
90.1933
89.8063
89.5022
89.2812
89.1432
89.0882
89.1162
89.1589
89.2164
89.2886
89.3755
89.4772
89.5936
89.7247
89.8706
89.9385
89.9283
89.8402
89.6740
89.4297
89.1075
88.7072
88.2290
87.7928
87.3987
87.0467
86.7368
86.4691
86.2434
86.0598
85.9184
85.7486
85.5507
85.3245
85.0700
84.7873
84.4763
84.1371
83.7696
83.7387
84.0444
84.6868
85.6657
86.9813
88.6335
90.6223
92.9477
95.2345
97.4829
99.6926
101.8639
103.9966
106.0908
108.1464
110.1635
112.0076
113.6788
115.1770
116.5022
117.6545
118.6338
119.4401
120.0734
120.5614
120.9040
121.1011
121.1528
121.0592
120.8201
120.4356
119.9057
119.2696
118.5273
117.6788
116.7242
115.6633
114.4962
113.2229
111.8434
110.5068
109.2130
107.9620
106.7538
105.5884
104.4659
103.3862
102.3493
101.2147
99.9824
98.6523
97.2245
95.6990
94.0757
92.3547
90.5360
89.0073
87.7687
86.8201
86.1615
85.7930
85.7146
85.9262
86.4278
86.8991
87.3402
87.7511
88.1317
88.4820
88.8020
89.0918
89.3513
89.5954
89.8240
90.0372
90.2349
90.4171
90.5839
90.7352
90.8711
90.9554
90.9881
90.9691
90.8986
90.7764
90.6027
90.3773
90.1003
89.8512
89.6300
89.4365
89.2710
89.1333
89.0234
88.9414
88.8872
88.6957
88.3670
87.9010
87.2976
86.5570
85.6791
84.6639
83.5114
82.4727
81.5476
80.7362
80.0385
79.4545
78.9843
78.6277
78.3848
78.1460
77.9112
77.6805
77.4539
77.2313
77.0127
76.7983
76.5878
76.3828
76.1831
75.9887
75.7997
75.6161
75.4379
75.2649
75.0974
75.0338
75.0741
75.2184
75.4666
75.8188
76.2749
76.8350
77.4990
78.5261
79.9163
81.6696
83.7860
86.2655
89.1081
92.3138
95.8826
99.1582
102.1406
104.8299
107.2259
109.3288
111.1384
112.6549
113.8782
114.9379
115.8342
116.5669
117.1362
117.5419
117.7842
117.8629
117.7782
117.5572
117.2000
116.7065
116.0768
115.3108
114.4086
113.3702
112.1955
111.1119
110.1192
109.2175
108.4068
107.6871
107.0584
106.5207
106.0740
105.4971
104.7901
103.9528
102.9854
101.8877
100.6599
99.3019
97.8138
96.3501
94.9111
93.4966
92.1066
90.7412
89.4003
88.0840
86.7923
85.7294
84.8954
84.2903
83.9141
83.7667
83.8483
84.1587
84.6980
85.2055
85.6812
86.1252
86.5375
86.9179
87.2666
87.5836
87.8687
88.1279
88.3611
88.5683
88.7495
88.9047
89.0340
89.1373
89.2146
89.3561
89.5621
89.8323
90.1668
90.5657
91.0289
91.5564
92.1482
92.6403
93.0327
93.3254
93.5184
93.6117
93.6053
93.4992
93.2934
93.0078
92.6422
92.1968
91.6715
91.0663
90.3812
89.6162
88.7714
88.0341
87.4042
86.8818
86.4669
86.1595
85.9596
85.8671
85.8822
85.8539
85.7823
85.6674
85.5091
85.3076
85.0628
84.7746
84.4431
84.0525
83.6029
83.0941
82.5262
81.8992
81.2131
80.4679
79.6637
79.2125
79.1143
79.3693
79.9774
80.9386
82.2528
83.9201
85.9406
88.1464
90.5377
93.1144
95.8766
98.8242
101.9572
105.2756
108.7795
111.8614
114.5212
116.7591
118.5749
119.9688
120.9406
121.4904
121.6182
121.6704
121.6469
121.5478
121.3729
121.1225
120.7964
120.3946
119.9172
119.3498
118.6926
117.9455
117.1086
116.1817
115.1649
114.0583
112.8618
111.6199
110.3327
109.0002
107.6223
106.1991
104.7306
103.2167
101.6575
100.1101
98.5746
97.0510
95.5392
94.0393
92.5513
91.0751
89.6107
88.3227
87.2109
86.2753
85.5160
84.9329
84.5262
84.2956
84.2413
84.2179
84.2252
84.2633
84.3323
84.4320
84.5625
84.7239
84.9160
85.1471
85.4172
85.7262
86.0742
86.4612
86.8871
87.3520
87.8558
88.3021
88.6908
89.0219
89.2954
89.5114
89.6698
89.7706
89.8139
89.7905
89.7004
89.5436
89.3201
89.0299
88.6731
88.2496
87.7594
87.2742
86.7939
86.3187
85.8484
85.3832
84.9229
84.4676
84.0172
83.6506
83.3676
83.1683
83.0526
83.0206
83.0723
83.2076
83.4266
83.5914
83.7018
83.7580
83.7598
83.7074
83.6007
83.4398
83.2245
83.0491
82.9135
82.8178
82.7619
82.7459
82.7697
82.8333
82.9368
83.0072
83.0445
83.0487
83.0197
82.9577
82.8625
82.7342
82.5729
82.7823
83.3626
84.3138
85.6357
87.3286
89.3922
91.8267
94.6321
97.3712
100.0442
102.6509
105.1914
107.6657
110.0738
112.4157
114.6914
116.7319
118.5370
120.1070
121.4416
122.5410
123.4052
124.0341
124.4277
124.5911
124.5241
124.2268
123.6992
122.9412
121.9530
120.7345
119.2856
117.8747
116.5017
115.1666
113.8695
112.6103
111.3891
110.2057
109.0603
107.9119
106.7606
105.6062
104.4489
103.2885
102.1252
100.9589
99.7896
98.6484
97.5352
96.4502
95.3932
94.3642
93.3634
92.3906
91.4459
90.6376
89.9656
89.4301
89.0309
88.7682
88.6418
88.6518
88.7982
89.0147
89.3011
89.6576
90.0841
90.5806
91.1472
91.7837
92.4903
93.0683
93.5177
93.8384
94.0305
94.0940
94.0289
93.8352
93.5128
93.2003
92.8975
92.6044
92.3212
92.0477
91.7839
91.5300
91.2858
91.0549
90.8374
90.6332
90.4423
90.2648
90.1006
89.9497
89.8122
89.6673
89.5150
89.3553
89.1882
89.0137
88.8319
88.6427
88.4461
88.2848
88.1589
88.0683
88.0131
87.9933
88.0088
88.0596
88.1458
88.1698
88.1318
88.0315
87.8692
87.6446
87.3580
87.0092
86.5983
86.2719
86.0300
85.8727
85.7999
85.8116
85.9079
86.0887
86.3540
86.6038
86.8381
87.0568
87.2599
87.4475
87.6196
87.7761
87.9171
88.4520
89.3806
90.7030
92.4193
94.5293
97.0332
99.9309
103.2225
106.3997
109.4628
112.4115
115.2461
117.9663
120.5724
123.0642
125.4417
127.3077
128.6620
129.5048
129.8361
129.6557
128.9638
127.7603
126.0453
124.3853
122.7805
121.2308
119.7363
118.2969
116.9126
115.5834
114.3094
113.0568
111.8256
110.6159
109.4276
108.2608
107.1154
105.9914
104.8889
103.7747
102.6487
101.5111
100.3617
99.2007
98.0279
96.8434
95.6473
94.4763
93.3306
92.2102
91.1150
90.0451
89.0004
87.9810
86.9868
86.2244
85.6938
85.3951
85.3281
85.4930
85.8897
86.5183
87.3786
88.2283
89.0673
89.8956
90.7133
91.5203
92.3166
93.1022
93.8771
94.5068
94.9913
95.3305
95.5245
95.5732
95.4767
95.2349
94.8479
94.4070
93.9124
93.3639
92.7616
92.1055
91.3955
90.6317
89.8141
89.0618
88.3748
87.7532
87.1969
86.7059
86.2802
85.9199
85.6249
85.4074
85.2675
85.2051
85.2203
85.3130
85.4833
85.7311
86.0565
86.2588
86.3381
86.2943
86.1275
85.8376
85.4247
84.8887
84.2297
83.6534
83.1598
82.7489
82.4206
82.1751
82.0122
81.9320
81.9346
81.9241
81.9007
81.8642
81.8148
81.7524
81.6770
81.5887
81.4873
81.4767
81.5569
81.7279
81.9897
82.3423
82.7856
83.3197
83.9446
84.7280
85.6697
86.7700
88.0286
89.4457
91.0213
92.7552
94.6477
96.3047
97.7262
