80.4313
80.4075
80.3403
80.2297
80.0755
79.8780
79.7493
79.6896
79.6987
79.7768
79.9237
80.1396
80.4243
80.7780
81.1005
81.3918
81.6520
81.8810
82.0789
82.2456
82.3811
82.4855
82.6056
82.7414
82.8930
83.0603
83.2433
83.4420
83.6564
83.8866
84.0413
84.1205
84.1241
84.0523
83.9049
83.6820
83.3836
83.0097
82.8400
82.8743
83.1127
83.5552
84.2018
85.0525
86.1073
87.3662
88.5560
89.6766
90.7282
91.7106
92.6239
93.4681
94.2432
94.9491
95.7563
96.6647
97.6743
98.7852
99.9973
101.3106
102.7251
104.2409
105.9157
107.7494
109.7422
111.8939
114.2045
116.6742
119.3028
122.0904
124.6473
126.9734
129.0688
130.9334
132.5672
133.9703
135.1427
136.0843
136.6509
136.8426
136.6593
136.1012
135.1680
133.8599
132.1769
130.1189
128.1832
126.3698
124.6788
123.1100
121.6635
120.3393
119.1373
118.0577
116.9938
115.9457
114.9132
113.8965
112.8955
111.9102
110.9406
109.9868
109.0359
108.0879
107.1428
106.2007
105.2616
104.3253
103.3920
102.4616
101.6081
100.8313
100.1315
99.5084
98.9622
98.4928
98.1002
97.7844
97.3468
96.7874
96.1061
95.3029
94.3778
93.3310
92.1622
90.8716
89.8091
88.9748
88.3685
87.9904
87.8404
87.9185
88.2247
88.7591
88.8108
88.3797
87.4660
86.0696
84.1905
81.8287
78.9842
75.6570
80.3085
92.9388
113.5478
142.1355
162.8937
175.8224
180.9216
178.1913
175.7466
173.5874
171.7139
170.1260
168.8237
167.8069
167.0758
166.6303
166.1033
165.4950
164.8051
164.0339
163.1812
162.2471
161.2315
160.1345
159.1279
158.2115
157.3855
156.6497
156.0043
155.4492
154.9844
154.6099
154.3479
154.1982
154.1610
154.2362
154.4239
154.7239
155.1364
155.6613
156.1324
156.5498
156.9135
157.2234
157.4795
157.6819
157.8305
157.9254
157.8790
157.6913
157.3624
156.8921
156.2806
155.5278
154.6337
153.5983
152.5936
151.6196
150.6764
149.7638
148.8820
148.0309
147.2105
146.4208
145.2519
143.7038
141.7764
139.4699
136.7841
133.7191
130.2748
126.4514
122.9409
119.7434
116.8588
114.2873
112.0287
110.0830
108.4503
107.1306
105.7953
104.4444
103.0779
101.6958
100.2980
98.8847
97.4558
96.0113
94.6940
93.5040
92.4413
91.5059
90.6977
90.0168
89.4632
89.0368
88.6210
88.2158
87.8212
87.4371
87.0636
86.7007
86.3484
86.0066
85.5225
84.8960
84.1271
83.2159
82.1624
80.9665
79.6282
78.1476
76.7518
75.4409
74.2149
73.0738
72.0175
71.0461
70.1595
69.3579
68.6108
67.9184
67.2806
66.6974
66.1688
65.6948
65.2754
64.9107
64.5589
64.2201
63.8943
63.5814
63.2815
62.9946
62.7206
62.4596
62.2309
62.0344
61.8702
61.7382
61.6384
61.5709
61.5357
61.5327
61.6879
62.0013
62.4730
63.1028
63.8908
64.8370
65.9414
67.2040
68.6807
70.3714
72.2761
74.3948
76.7276
79.2744
82.0352
85.0101
87.5281
89.5892
91.1934
92.3407
93.0310
93.2645
93.0411
92.3608
91.7807
91.3006
90.9208
90.6410
90.4614
90.3820
90.4027
90.5235
90.6267
90.7123
90.7803
90.8307
90.8635
90.8787
90.8763
90.8563
90.7620
90.5935
90.3508
90.0338
89.6427
89.1772
88.6376
88.0237
87.3802
86.7070
86.0041
85.2716
84.5094
83.7175
82.8960
82.0448
81.3919
80.9372
80.6807
80.6226
80.7626
81.1010
81.6376
82.3724
83.0757
83.7473
84.3873
84.9957
85.5725
86.1177
86.6312
87.1132
87.6041
88.1039
88.6127
89.1305
89.6572
90.1928
90.7374
91.2910
91.6783
91.8994
91.9543
91.8430
91.5655
91.1217
90.5118
89.7356
89.0610
88.4881
88.0167
87.6470
87.3788
87.2123
87.1473
87.1840
87.1863
87.1543
87.0880
86.9874
86.8524
86.6831
86.4795
86.2416
86.0224
85.8219
85.6401
85.4769
85.3325
85.2068
85.0998
85.0114
85.0157
85.1126
85.3022
85.5844
85.9592
86.4266
86.9866
87.6393
88.2913
88.9426
89.5933
90.2433
90.8926
91.5412
92.1892
92.8364
93.3708
93.7921
94.1005
94.2959
94.3783
94.3478
94.2043
93.9478
93.6618
93.3463
93.0013
92.6267
92.2226
91.7890
91.3258
90.8332
90.5059
90.3439
90.3474
90.5162
90.8503
91.3499
92.0148
92.8450
93.9017
95.1848
96.6942
98.4301
100.3923
102.5810
104.9960
107.6374
110.0945
112.3673
114.4557
116.3598
118.0796
119.6150
120.9661
122.1329
123.1522
124.0239
124.7482
125.3249
125.7541
126.0358
126.1700
126.1566
126.1143
126.0430
125.9428
125.8135
125.6553
125.4681
125.2520
125.0068
124.7227
124.3995
124.0374
123.6362
123.1961
122.7169
122.1987
121.6416
120.9679
120.1776
119.2707
118.2473
117.1073
115.8508
114.4777
112.9880
111.6899
110.5836
109.6689
108.9458
108.4145
108.0748
107.9267
107.9704
108.0552
108.1812
108.3484
108.5569
108.8065
109.0973
109.4293
109.8026
110.0905
110.2931
110.4104
110.4424
110.3891
110.2505
110.0266
109.7174
109.3885
109.0401
108.6721
108.2845
107.8773
107.4505
107.0041
106.5380
106.0578
105.5634
105.0547
104.5318
103.9947
103.4433
102.8778
102.2980
101.7275
101.1662
100.6143
100.0716
99.5382
99.0140
98.4991
97.9936
97.5717
97.2336
96.9792
96.8085
96.7216
96.7185
96.7990
96.9633
97.1112
97.2427
97.3578
97.4564
97.5387
97.6045
97.6540
97.6870
97.5961
97.3814
97.0427
96.5802
95.9937
95.2834
94.4492
93.4911
92.6416
91.9008
91.2688
90.7453
90.3306
90.0245
89.8271
89.7384
89.6108
89.4445
89.2393
88.9953
88.7125
88.3908
88.0304
87.6311
87.4933
87.6171
88.0023
88.6489
89.5571
90.7268
92.1580
93.8506
95.6297
97.4953
99.4472
101.4857
103.6106
105.8219
108.1197
110.5039
112.7277
114.7912
116.6943
118.4370
120.0194
121.4414
122.7030
123.8043
124.7467
125.5304
126.1554
126.6215
126.9289
127.0775
127.0674
126.8985
126.7079
126.4957
126.2619
126.0065
125.7294
125.4306
125.1103
124.7683
124.3631
123.8947
123.3631
122.7684
122.1104
121.3893
120.6049
119.7574
118.8995
118.0313
117.1527
116.2638
115.3646
114.4550
113.5351
112.6048
111.7499
110.9705
110.2666
109.6381
109.0850
108.6073
108.2051
107.8783
107.5450
107.2052
106.8590
106.5062
106.1470
105.7812
105.4090
105.0303
104.7313
104.5122
104.3727
104.3131
104.3332
104.4331
104.6128
104.8722
104.9476
104.8389
104.5462
104.0694
103.4086
102.5637
101.5347
100.3217
99.2329
98.2681
97.4275
96.7110
96.1187
95.6505
95.3064
95.0865
94.8639
94.6386
94.4106
94.1800
93.9466
93.7107
93.4720
93.2306
92.9860
92.7380
92.4868
92.2323
91.9744
91.7133
91.4489
91.1811
90.9547
90.7695
90.6257
90.5231
90.4619
90.4419
90.4632
90.5258
90.5556
90.5526
90.5167
90.4480
90.3465
90.2121
90.0450
89.8450
89.6206
89.3718
89.0987
88.8012
88.4793
88.1331
87.7625
87.3675
86.9717
86.5751
86.1776
85.7794
85.3803
84.9804
84.5797
84.1781
83.7585
83.3208
82.8651
82.3912
81.8993
81.3892
80.8612
80.3150
80.3173
80.8680
81.9673
83.6150
85.8111
88.5558
91.8489
95.6905
99.1862
102.3361
105.1402
107.5985
109.7109
111.4775
112.8983
113.9732
114.9251
115.7539
116.4596
117.0423
117.5018
117.8384
118.0518
118.1422
118.1804
118.1666
118.1007
117.9827
117.8126
117.5904
117.3161
116.9898
116.7116
116.4817
116.3000
116.1666
116.0814
116.0444
116.0556
116.1151
116.0686
115.9163
115.6582
115.2941
114.8242
114.2484
113.5668
112.7792
112.0531
111.3885
110.7854
110.2437
109.7635
109.3447
108.9874
108.6916
108.4488
108.2591
108.1225
108.0389
108.0084
108.0309
108.1065
108.2352
108.3197
108.3599
108.3560
108.3078
108.2154
108.0788
107.8980
107.6730
107.3690
106.9859
106.5238
105.9826
105.3625
104.6632
103.8850
103.0278
102.2001
101.4020
100.6334
99.8945
99.1851
98.5053
97.8550
97.2344
96.6828
96.2005
95.7872
95.4431
95.1682
94.9623
94.8257
94.7581
94.6716
94.5660
94.4413
94.2976
94.1349
93.9532
93.7524
93.5326
93.3574
93.2268
93.1408
93.0995
93.1027
93.1505
93.2429
93.3800
93.5017
93.6082
93.6994
93.7753
93.8359
93.8813
93.9113
93.9261
93.9145
93.8765
93.8120
93.7212
93.6040
93.4603
93.2903
93.0938
92.9203
92.7697
92.6421
92.5375
92.4558
92.3971
92.3613
92.3484
92.2194
91.9741
91.6125
91.1347
90.5407
89.8304
89.0039
88.0611
87.4165
87.0701
87.0219
87.2718
87.8199
88.6662
89.8107
91.2534
92.6222
93.9173
95.1385
96.2859
97.3595
98.3593
99.2852
100.1374
101.2639
102.6648
104.3400
106.2896
108.5136
111.0120
113.7847
116.8317
119.3440
121.3216
122.7644
123.6724
124.0456
123.8842
123.1879
121.9569
120.9279
120.1010
119.4761
119.0532
118.8324
118.8136
118.9969
119.3822
119.7386
120.0662
120.3649
120.6347
120.8757
121.0879
121.2712
121.4256
121.4813
121.4384
121.2968
121.0565
120.7176
120.2800
119.7437
119.1088
118.3271
117.3987
116.3235
115.1015
113.7329
112.2174
110.5552
108.7463
107.0996
105.6153
104.2932
103.1334
102.1360
101.3008
100.6279
100.1173
99.5971
99.0674
98.5282
97.9795
97.4212
96.8533
96.2760
95.6890
95.1604
94.6901
94.2781
93.9244
93.6290
93.3919
93.2131
93.0926
92.9747
92.8595
92.7469
92.6370
92.5297
92.4250
92.3230
92.2236
92.1281
92.0363
91.9484
91.8642
91.7839
91.7074
91.6347
91.5658
91.4408
91.2595
91.0221
90.7286
90.3788
89.9729
89.5108
88.9926
88.5527
88.1913
87.9082
87.7035
87.5772
87.5293
87.5597
87.6686
87.7138
87.6955
87.6136
87.4681
87.2591
86.9864
86.6501
86.2503
85.9350
85.7041
85.5577
85.4959
85.5185
85.6256
85.8172
86.0933
86.2827
86.3855
86.4016
86.3311
86.1739
85.9301
85.5995
85.1824
84.8110
84.4855
84.2058
83.9719
83.7838
83.6415
83.5451
83.4944
83.4056
83.2787
83.1137
82.9105
82.6691
82.3896
82.0720
81.7162
81.5426
81.5512
81.7420
82.1150
82.6702
83.4075
84.3271
85.4288
86.7982
88.4350
90.3395
92.5115
94.9511
97.6583
100.6330
103.8753
106.8240
109.4790
111.8403
113.9081
115.6821
117.1625
118.3493
119.2424
120.0751
120.8473
121.5591
122.2104
122.8013
123.3318
123.8018
124.2114
124.5798
124.9073
125.1936
125.4389
125.6431
125.8063
125.9284
126.0094
126.0983
126.1952
126.3000
126.4126
126.5332
126.6618
126.7982
126.9425
126.9044
126.6837
126.2805
125.6948
124.9265
123.9757
122.8424
121.5266
120.3114
119.1969
118.1829
117.2696
116.4569
115.7448
115.1333
114.6225
114.2282
113.9506
113.7896
113.7452
113.8174
114.0062
114.3116
114.7336
115.0295
115.1991
115.2426
115.1599
114.9510
114.6160
114.1547
113.5673
113.0042
112.4652
111.9506
111.4601
110.9940
110.5520
110.1344
109.7409
109.3109
108.8443
108.3411
107.8014
107.2251
106.6121
105.9626
105.2766
104.6731
104.1521
103.7137
103.3579
103.0847
102.8940
102.7859
102.7603
102.6597
102.4841
102.2334
101.9076
101.5068
101.0309
100.4800
99.8540
99.2322
98.6147
98.0015
97.3926
96.7879
96.1874
95.5912
94.9993
94.3725
93.7108
93.0142
92.2827
91.5163
90.7151
89.8789
89.0079
88.1900
87.4251
86.7133
86.0547
85.4491
84.8966
84.3972
83.9508
83.5897
83.3138
83.1231
83.0177
82.9974
83.0624
83.2125
83.4479
83.5980
83.6627
83.6422
83.5364
83.3452
83.0688
82.7070
82.2600
81.9427
81.7551
81.6973
81.7692
81.9709
82.3023
82.7634
83.3543
84.3864
85.8598
87.7744
90.1301
92.9272
96.1654
99.8449
103.9656
107.5188
110.5045
112.9227
114.7735
116.0567
116.7724
116.9206
116.5013
116.1668
115.9170
115.7519
115.6716
115.6760
115.7652
115.9391
116.1977
116.4509
116.6988
116.9411
117.1781
117.4097
117.6358
117.8566
118.0719
118.1979
118.2345
118.1819
118.0400
117.8087
117.4881
117.0782
116.5789
115.9201
115.1016
114.1235
112.9858
111.6884
110.2314
108.6148
106.8386
105.1923
103.6761
102.2898
101.0336
99.9073
98.9110
98.0448
97.3085
96.6282
96.0040
95.4358
94.9236
94.4674
94.0673
93.7232
93.4351
93.2264
93.0969
93.0467
93.0758
93.1842
93.3719
93.6388
93.9851
94.2926
94.5612
94.7910
94.9819
95.1341
95.2474
95.3219
95.3576
95.2923
95.1260
94.8589
94.4908
94.0217
93.4517
92.7807
92.0088
91.3049
90.6688
90.1007
89.6006
89.1683
88.8040
88.5077
88.2792
88.0297
87.7592
87.4675
87.1548
86.8210
86.4662
86.0903
85.6933
85.3960
85.1986
85.1008
85.1029
85.2046
85.4062
85.7074
86.1085
86.4487
86.7279
86.9464
87.1039
87.2006
87.2364
87.2114
87.1255
87.0526
86.9929
86.9463
86.9128
86.8924
86.8851
86.8909
86.9098
86.8546
86.7255
86.5222
86.2450
85.8937
85.4683
84.9689
84.3955
83.8703
83.3934
82.9647
82.5842
82.2520
81.9681
81.7323
81.5449
81.5587
81.7740
82.1907
82.8087
83.6281
84.6489
85.8710
87.2945
88.9186
90.7433
92.7685
94.9943
97.4206
100.0475
102.8750
105.9031
108.6045
110.9795
113.0278
114.7496
116.1449
117.2136
117.9557
118.3713
118.8315
119.3365
119.8861
120.4804
121.1195
121.8032
122.5316
123.3047
124.0097
124.6467
125.2156
125.7165
126.1493
126.5141
126.8108
127.0395
127.1167
127.0426
126.8170
126.4401
125.9117
125.2319
124.4008
123.4182
122.4680
121.5501
120.6647
119.8116
118.9909
118.2026
117.4466
116.7230
116.0191
115.3349
114.6703
114.0254
113.4002
112.7947
112.2088
111.6426
111.1792
110.8186
110.5607
110.4056
110.3533
110.4038
110.5570
110.8130
110.9834
111.0682
111.0674
110.9809
110.8088
110.5511
110.2078
109.7788
109.3973
109.0633
108.7768
108.5378
108.3463
108.2022
108.1056
108.0566
108.0337
108.0371
108.0668
108.1227
108.2049
108.3133
108.4479
108.6089
108.6996
108.7201
108.6704
108.5505
108.3605
108.1002
107.7697
107.3691
106.9494
106.5107
106.0531
105.5764
105.0807
104.5660
104.0324
103.4797
102.9488
102.4397
101.9524
101.4868
101.0431
100.6211
100.2210
99.8426
99.4916
99.1678
98.8714
98.6024
98.3606
98.1462
97.9591
97.7993
97.6265
97.4407
97.2419
97.0300
96.8052
96.5673
96.3164
96.0525
95.8172
95.6104
95.4321
95.2824
95.1612
95.0685
95.0044
94.9688
94.9970
95.0889
95.2446
95.4640
95.7472
96.0941
96.5048
96.9792
97.3216
97.5319
97.6102
97.5565
97.3707
97.0529
96.6030
96.0211
95.8300
96.0295
96.6199
97.6009
98.9727
100.7353
102.8886
105.4327
107.7358
109.7980
111.6192
113.1995
114.5389
115.6373
116.4948
117.1114
117.6460
118.0988
118.4696
118.7584
118.9654
119.0904
119.1335
119.0947
119.0560
119.0176
118.9794
118.9413
118.9035
118.8658
118.8283
118.7910
118.7212
118.6188
118.4837
118.3161
118.1160
117.8832
117.6178
117.3199
117.0656
116.8550
116.6879
116.5645
116.4847
116.4486
116.4561
116.5072
116.3028
115.8430
115.1277
114.1569
112.9306
111.4489
109.7117
107.7190
106.0565
104.7243
103.7223
103.0505
102.7089
102.6976
103.0165
103.6657
104.1666
104.5193
104.7237
104.7800
104.6881
104.4479
104.0595
103.5229
102.8620
102.0769
101.1675
100.1338
98.9759
97.6937
96.2873
94.7566
93.4787
92.4538
91.6817
91.1626
90.8963
90.8829
91.1224
91.6148
91.9638
92.1694
92.2315
92.1503
91.9256
91.5576
91.0461
90.3912
89.7454
89.1087
88.4810
87.8625
87.2530
86.6526
86.0613
85.4791
84.9786
84.5598
84.2228
83.9674
83.7938
83.7020
83.6918
83.7634
83.8406
83.9235
84.0120
84.1061
84.2060
84.3114
84.4226
84.5393
84.6139
84.6463
84.6364
84.5843
84.4901
84.3536
84.1749
83.9540
83.6402
83.2337
82.7343
82.1421
81.4570
80.6791
79.8084
78.8448
77.8469
76.8148
75.7483
74.6476
73.5125
72.3431
71.1395
69.9015
69.8818
71.0804
73.4972
77.1323
81.9856
88.0572
95.3471
103.8552
111.0199
116.8411
121.3188
124.4530
126.2438
126.6911
125.7950
123.5553
121.6602
120.1096
118.9034
118.0417
117.5245
117.3518
117.5236
118.0399
118.2897
118.2732
117.9903
117.4411
116.6254
115.5433
114.1949
112.5800
111.2443
110.1877
109.4102
108.9118
108.6925
108.7524
109.0913
109.7094
110.0773
110.1951
110.0627
109.6801
109.0473
108.1644
107.0313
105.6481
104.4583
103.4621
102.6594
102.0503
101.6346
101.4125
101.3839
101.5488
101.6808
101.7797
101.8456
101.8785
101.8784
101.8453
101.7793
101.6802
101.6541
101.7009
101.8207
102.0135
102.2793
102.6180
103.0297
103.5144
103.6722
103.5031
103.0071
102.1843
101.0345
99.5579
97.7544
95.6240
93.7533
92.1422
90.7908
89.6990
88.8670
88.2945
87.9818
87.9287
87.8555
87.7624
87.6492
87.5160
87.3628
87.1895
86.9963
86.7830
86.5573
86.3193
86.0690
85.8063
85.5312
85.2437
84.9439
84.6318
84.3661
84.1469
83.9741
83.8478
83.7680
83.7346
83.7477
83.8073
83.9870
84.2869
84.7070
85.2473
85.9077
86.6883
87.5891
88.6101
89.6089
90.5855
91.5400
92.4722
93.3823
94.2703
95.1360
95.9796
96.5744
96.9205
97.0177
96.8662
96.4659
95.8169
94.9190
93.7724
92.7185
91.7573
90.8887
90.1129
89.4297
88.8392
88.3415
87.9364
87.5291
87.1196
86.7079
86.2940
85.8779
85.4597
85.0392
84.6165
84.5998
84.9890
85.7843
86.9854
88.5926
90.6057
93.0248
95.8499
98.6739
101.4969
104.3188
107.1398
109.9597
112.7786
115.5964
118.4132
120.8467
122.8968
124.5636
125.8469
126.7470
127.2636
127.3969
127.1469
126.9024
126.6634
126.4300
126.2020
125.9797
125.7628
125.5515
125.3458
125.0946
124.7979
124.4558
124.0682
123.6352
123.1567
122.6328
122.0634
121.4701
120.8528
120.2116
119.5465
118.8575
118.1445
117.4076
116.6467
115.8615
115.0519
114.2179
113.3595
112.4767
111.5696
110.6381
109.6822
108.8395
108.1102
107.4941
106.9912
106.6017
106.3254
106.1623
106.1126
106.0609
106.0073
105.9518
105.8944
105.8351
105.7738
105.7107
105.6456
105.5698
105.4833
105.3861
105.2782
105.1595
105.0302
104.8901
104.7394
104.5521
104.3284
104.0682
103.7715
103.4383
103.0687
102.6625
102.2199
101.8186
101.4585
101.1397
100.8621
100.6258
100.4308
100.2771
100.1646
100.0049
99.7980
99.5439
99.2426
98.8940
98.4983
98.0553
97.5651
97.1267
96.7401
96.4052
96.1221
95.8908
95.7113
95.5835
95.5075
95.4509
95.4135
95.3956
95.3970
95.4177
95.4578
95.5173
95.5960
95.5984
95.5242
95.3737
95.1466
94.8431
94.4632
94.0068
93.4740
93.0113
92.6189
92.2966
92.0445
91.8627
91.7510
91.7096
91.7383
91.7407
91.7168
91.6665
91.5900
91.4870
91.3578
91.2022
91.0203
90.8436
90.6723
90.5062
90.3454
90.1899
90.0396
89.8947
89.7550
90.0425
90.7572
91.8991
93.4682
95.4644
97.8879
100.7386
104.0165
107.1712
110.2029
113.1115
115.8970
118.5594
121.0986
123.5148
125.8079
127.7366
129.3011
130.5011
131.3369
131.8083
131.9154
131.6581
131.0365
130.4458
129.8861
129.3574
128.8596
128.3928
127.9569
127.5519
127.1779
126.8174
126.4702
126.1364
125.8160
125.5091
125.2155
124.9354
124.6686
124.3247
123.9035
123.4051
122.8295
122.1766
121.4466
120.6393
119.7548
118.7277
117.5578
116.2454
114.7902
113.1925
111.4520
109.5689
107.5432
105.8104
104.3707
103.2240
102.3704
101.8098
101.5422
101.5676
101.8860
102.1769
102.4402
102.6759
102.8841
103.0647
103.2176
103.3431
103.4409
103.4305
103.3118
103.0850
102.7498
102.3065
101.7549
101.0950
100.3270
99.5717
98.8291
98.0993
97.3823
96.6781
95.9866
95.3079
94.6420
94.0111
93.4153
92.8544
92.3287
91.8379
91.3822
90.9616
90.5760
90.2073
89.8557
89.5211
89.2034
88.9028
88.6191
88.3525
88.1028
87.8914
87.7183
87.5834
87.4868
87.4285
87.4085
87.4267
87.4831
87.5852
87.7327
87.9258
88.1645
88.4486
88.7784
89.1536
89.5744
89.9204
90.1914
90.3877
90.5090
90.5555
90.5271
90.4239
90.2458
90.0971
89.9777
89.8876
89.8270
89.7956
89.7937
89.8211
89.8778
89.8922
89.8643
89.7941
89.6815
89.5266
89.3293
89.0898
88.8079
88.5247
88.2402
87.9544
87.6673
87.3789
87.0892
86.7983
86.5060
86.9921
88.2567
90.2998
93.1213
96.7212
101.0996
106.2564
112.1916
117.1697
121.1906
124.2543
126.3608
127.5100
127.7021
126.9371
125.2148
123.7140
122.4346
121.3767
120.5403
119.9254
119.5320
119.3600
119.4095
119.3528
119.1900
118.9210
118.5458
118.0644
117.4769
116.7833
115.9834
115.2898
114.7024
114.2213
113.8463
113.5777
113.4152
113.3590
113.4089
113.2747
112.9561
112.4532
111.7661
110.8946
109.8389
108.5989
107.1746
105.7994
104.4734
103.1965
101.9687
100.7900
99.6605
98.5800
97.5488
96.6759
95.9616
95.4057
95.0084
94.7695
94.6891
94.7671
95.0037
95.2104
95.3873
95.5345
95.6518
95.7393
95.7970
95.8249
95.8230
95.7774
95.6882
95.5554
95.3789
95.1587
94.8949
94.5874
94.2363
93.8497
93.4276
92.9699
92.4768
91.9481
91.3839
90.7843
90.1491
89.5901
89.1074
88.7010
88.3708
88.1169
87.9392
87.8377
87.8125
87.7619
87.6859
87.5846
87.4578
87.3056
87.1280
86.9251
86.6967
86.5058
86.3522
86.2361
86.1574
86.1161
86.1122
86.1457
86.2167
86.3314
86.4900
86.6924
86.9386
87.2285
87.5624
87.9400
88.3614
88.6983
88.9507
89.1186
89.2020
89.2009
89.1152
88.9450
88.6903
88.4337
88.1751
87.9146
87.6522
87.3878
87.1214
86.8531
86.5829
86.3400
86.1245
85.9365
85.7758
85.6425
85.5366
85.4582
85.4071
85.4132
85.4767
85.5975
85.7756
86.0109
86.3035
86.6535
87.0607
87.7445
88.7049
89.9419
91.4554
93.2456
95.3124
97.6557
100.2756
102.8884
105.4939
108.0923
110.6835
113.2676
115.8445
118.4141
120.9767
123.1789
125.0208
126.5025
127.6239
128.3850
128.7859
128.8264
128.5067
128.1884
127.8714
127.5559
127.2418
126.9290
126.6177
126.3077
125.9992
125.6740
125.3322
124.9738
124.5987
124.2070
123.7986
123.3736
122.9320
122.3320
121.5737
120.6569
119.5818
118.3483
116.9564
115.4061
113.6974
112.1502
110.7643
109.5398
108.4767
107.5750
106.8347
106.2557
105.8382
105.4745
105.1645
104.9083
104.7059
104.5573
104.4625
104.4215
104.4342
104.4765
104.5483
104.6497
104.7806
104.9410
105.1310
105.3505
105.5995
105.8040
105.9640
106.0794
106.1503
106.1767
106.1585
106.0958
105.9885
105.7438
105.3616
104.8419
104.1847
103.3900
102.4578
101.3881
100.1810
99.1162
98.1937
97.4135
96.7756
96.2800
95.9268
95.7158
95.6472
95.5347
95.3782
95.1777
94.9334
94.6450
94.3128
93.9366
93.5165
93.1339
92.7888
92.4812
92.2111
91.9785
91.7835
91.6260
91.5060
91.3932
91.2876
91.1892
91.0981
91.0142
90.9375
90.8680
90.8057
90.7107
90.5830
90.4225
90.2293
90.0033
89.7447
89.4532
89.1291
88.8317
88.5612
88.3176
88.1008
87.9108
87.7476
87.6113
87.5018
87.2853
86.9619
86.5314
85.9940
85.3496
84.5982
83.7399
82.7745
82.5167
82.9663
84.1234
85.9880
88.5601
91.8397
95.8267
100.5213
104.6530
108.2218
111.2279
113.6710
115.5513
116.8688
117.6235
117.8153
118.0132
118.2173
118.4275
118.6439
118.8664
119.0950
119.3298
119.5707
119.7101
119.7479
119.6841
119.5188
119.2518
118.8834
118.4133
117.8417
117.2992
116.7859
116.3018
115.8469
115.4210
115.0244
114.6569
114.3186
113.8943
113.3840
112.7877
112.1054
111.3370
110.4827
109.5423
108.5160
107.4647
106.3885
105.2874
104.1613
103.0103
101.8343
100.6334
99.4076
98.4546
97.7744
97.3671
97.2325
97.3708
97.7819
98.4658
99.4226
100.2821
101.0443
101.7093
102.2770
102.7475
103.1208
103.3967
103.5755
103.7103
103.8013
103.8483
103.8515
103.8108
103.7262
103.5977
103.4253
103.2342
103.0243
102.7958
102.5485
102.2825
101.9977
101.6943
101.3721
101.0680
100.7820
100.5141
100.2643
100.0326
99.8190
99.6235
99.4461
99.2598
99.0647
98.8608
98.6481
98.4265
98.1961
97.9568
97.7087
97.4532
97.1902
96.9197
96.6417
96.3562
96.0633
95.7629
95.4550
95.1765
94.9272
94.7073
94.5167
94.3554
94.2234
94.1208
94.0475
93.9390
93.7953
93.6163
93.4022
93.1529
92.8684
92.5487
92.1938
91.8982
91.6619
91.4850
91.3673
91.3090
91.3100
91.3703
91.4899
91.5214
91.4648
91.3201
91.0873
90.7664
90.3575
89.8604
89.2752
89.2053
89.6509
90.6119
92.0882
94.0799
96.5870
99.6095
103.1474
106.4331
109.4666
112.2480
114.7771
117.0541
119.0790
120.8516
122.3720
123.6750
124.7603
125.6282
126.2784
126.7112
126.9264
126.9240
126.7041
126.5059
126.3294
126.1746
126.0415
125.9300
125.8403
125.7722
125.7259
125.5945
125.3782
125.0770
124.6908
124.2196
123.6635
123.0224
122.2963
121.5941
120.9157
120.2612
119.6305
119.0236
118.4406
117.8815
117.3462
116.7021
115.9492
115.0875
114.1170
113.0377
111.8496
110.5527
109.1470
107.8690
106.7186
105.6959
104.8009
104.0335
103.3938
102.8817
102.4973
102.1796
101.9286
101.7443
101.6268
101.5759
101.5918
101.6744
101.8237
101.8664
101.8025
101.6321
101.3551
100.9715
100.4813
99.8846
99.1813
98.5647
98.0347
97.5915
97.2349
96.9650
96.7818
96.6853
96.6755
96.5660
96.3570
96.0485
95.6403
95.1326
94.5252
93.8183
93.0118
92.3324
91.7802
91.3550
91.0570
90.8860
90.8422
90.9255
91.1359
91.2889
91.3846
91.4228
91.4037
91.3273
91.1934
91.0022
90.7536
90.4706
90.1530
89.8010
89.4145
88.9935
88.5380
88.0480
87.5236
87.0079
86.5009
86.0027
85.5132
85.0324
84.5604
84.0971
83.6426
83.1617
82.6546
82.1211
81.5613
80.9751
80.3627
79.7239
79.0589
78.4432
77.8769
77.3600
76.8925
76.4744
76.1057
75.7864
75.5165
75.4346
75.5409
75.8352
76.3177
76.9882
77.8468
78.8935
80.1283
81.6841
83.5610
85.7588
88.2777
91.1176
94.2785
97.7604
101.5634
104.9893
108.0383
110.7102
113.0052
114.9231
116.4641
117.6280
118.4149
119.0605
119.5647
119.9275
120.1490
120.2290
120.1677
119.9651
119.6210
119.3161
119.0503
118.8236
118.6361
118.4876
118.3783
118.3081
118.2771
118.2755
118.3035
118.3610
118.4480
118.5645
118.7105
118.8860
119.0910
118.8882
118.2774
117.2587
115.8320
113.9975
111.7550
109.1046
106.0463
103.4094
101.1938
99.3997
98.0270
97.0756
96.5456
96.4371
96.7499
97.0262
97.2660
97.4693
97.6361
97.7664
97.8602
97.9175
97.9382
97.9613
97.9867
98.0145
98.0445
98.0769
98.1116
98.1487
98.1880
98.2461
98.3228
98.4182
98.5322
98.6650
98.8164
98.9865
99.1752
99.2812
99.3043
99.2445
99.1020
98.8766
98.5684
98.1773
97.7035
97.3000
96.9669
96.7043
96.5120
96.3902
96.3388
96.3578
96.4471
96.4964
96.5056
96.4747
96.4036
96.2924
96.1412
95.9498
95.7183
95.4619
95.1805
94.8741
94.5427
94.1864
93.8051
93.3988
92.9676
92.5648
92.1903
91.8443
91.5266
91.2374
90.9765
90.7440
90.5400
90.3830
90.2732
90.2105
90.1950
90.2266
90.3053
90.4312
90.6042
90.7029
90.7274
90.6776
90.5535
90.3552
90.0827
89.7359
89.3148
88.9358
88.5988
88.3040
88.0511
87.8404
87.6717
87.5451
87.4605
87.4598
87.5431
87.7102
87.9611
88.2960
88.7147
89.2174
89.8039
90.7947
92.1899
93.9894
96.1932
98.8013
101.8137
105.2304
109.0515
112.4494
115.4242
117.9758
120.1043
121.8097
123.0920
123.9511
124.3871
124.7195
124.9484
125.0739
125.0958
125.0141
124.8290
124.5403
124.1482
123.8054
123.5122
123.2684
123.0740
122.9291
122.8337
122.7877
122.7912
122.6905
122.4856
122.1765
121.7632
121.2457
120.6240
119.8981
119.0681
118.1930
117.2730
116.3080
115.2981
114.2432
113.1433
111.9984
110.8086
109.6794
108.6108
107.6029
106.6555
105.7688
104.9427
104.1772
103.4723
102.9548
102.6246
102.4817
102.5263
102.7581
103.1773
103.7839
104.5778
105.2360
105.7585
106.1453
106.3964
106.5118
106.4915
106.3355
106.0437
105.7308
105.3966
105.0413
104.6647
104.2669
103.8479
103.4076
102.9462
102.4863
102.0278
101.5709
101.1154
100.6614
100.2090
99.7580
99.3085
98.8877
98.4956
98.1322
97.7975
97.4915
97.2141
96.9654
96.7455
96.5454
96.3653
96.2050
96.0647
95.9443
95.8438
95.7633
95.7026
95.6216
95.5203
95.3987
95.2566
95.0943
94.9116
94.7086
94.4852
94.2713
94.0668
93.8717
93.6861
93.5099
93.3431
93.1857
93.0378
92.8313
92.5662
92.2426
91.8605
91.4197
90.9204
90.3626
89.7462
89.1472
88.5656
88.0014
87.4546
86.9252
86.4133
85.9187
85.4416
85.0899
84.8636
84.7629
84.7876
84.9377
85.2133
85.6144
86.1409
86.9218
87.9569
89.2463
90.7901
92.5881
94.6404
96.9471
99.5080
102.0427
104.5513
107.0337
109.4899
111.9199
114.3237
116.7014
119.0529
121.0791
122.7801
124.1559
125.2064
125.9316
126.3317
126.4065
126.1560
125.9222
125.7050
125.5045
125.3207
125.1535
125.0029
124.8690
124.7518
124.6055
124.4302
124.2258
123.9923
123.7299
123.4384
123.1178
122.7682
122.2676
121.6161
120.8136
119.8601
118.7557
117.5003
116.0939
114.5366
113.0629
111.6730
110.3667
109.1441
108.0052
106.9500
105.9785
105.0907
104.3227
103.6746
103.1463
102.7379
102.4494
102.2807
102.2318
102.3028
102.3529
102.3820
102.3902
102.3774
102.3437
102.2891
102.2135
102.1170
101.9726
101.7803
101.5401
101.2520
100.9161
100.5323
100.1006
99.6210
99.1680
98.7417
98.3421
97.9691
97.6228
97.3032
97.0102
96.7438
96.4666
96.1785
95.8795
95.5697
95.2490
94.9174
94.5749
94.2215
93.8821
93.5566
93.2450
92.9474
92.6637
92.3939
92.1381
91.8962
91.6748
91.4739
91.2934
91.1334
90.9940
90.8749
90.7764
90.6984
90.5833
90.4312
90.2420
90.0158
89.7525
89.4522
89.1149
88.7405
88.3537
87.9544
87.5427
87.1186
86.6820
86.2329
85.7714
85.2975
84.8316
84.3739
83.9242
83.4827
83.0492
82.6238
82.2065
81.7973
81.3625
80.9021
80.4160
79.9044
79.3671
78.8042
78.2157
77.6016
77.2401
77.1313
77.2752
77.6717
78.3209
79.2227
80.3772
81.7844
83.4509
85.3767
87.5618
90.0062
92.7099
95.6729
98.8953
102.3769
105.6047
108.5785
111.2984
113.7643
115.9763
117.9344
119.6385
121.0888
122.3143
123.3152
124.0913
124.6428
124.9696
125.0717
124.9491
124.6019
124.3038
124.0549
123.8552
123.7047
123.6034
123.5512
123.5482
123.5944
123.5852
123.5204
123.4002
123.2245
122.9934
122.7067
122.3646
121.9671
121.4337
120.7646
119.9597
119.0191
117.9427
116.7305
115.3825
113.8988
112.4769
111.1166
109.8182
108.5815
107.4065
106.2933
105.2419
104.2522
103.4281
102.7697
102.2770
101.9499
101.7885
101.7928
101.9627
102.2982
102.5259
102.6456
102.6575
102.5614
102.3574
102.0454
101.6256
101.0978
100.6260
100.2100
99.8498
99.5456
99.2972
99.1048
98.9682
98.8874
98.7976
98.6988
98.5908
98.4738
98.3477
98.2125
98.0682
97.9148
97.7339
97.5253
97.2891
97.0252
96.7338
96.4147
96.0680
95.6937
95.2861
94.8452
94.3712
93.8638
93.3232
92.7494
92.1423
91.5020
90.8832
90.2859
89.7102
89.1561
88.6235
88.1125
87.6230
87.1551
86.7849
86.5125
86.3378
86.2609
86.2818
86.4004
86.6168
86.9309
87.1267
87.2041
87.1631
87.0037
86.7259
86.3297
85.8152
85.1822
84.6357
84.1757
83.8021
83.5149
83.3142
83.2000
83.1722
83.2308
83.2269
83.1606
83.0318
82.8405
82.5867
82.2704
81.8916
81.4504
81.8275
83.0230
85.0369
87.8692
91.5199
95.9889
101.2763
107.3821
112.5923
116.9070
120.3260
122.8495
124.4773
125.2096
125.0463
123.9874
123.1477
122.5272
122.1258
121.9436
121.9806
122.2368
122.7121
123.4066
123.9928
124.4706
124.8401
125.1014
125.2543
125.2989
125.2351
125.0631
124.8993
124.7438
124.5965
124.4574
124.3267
124.2041
124.0899
123.9838
123.7074
123.2606
122.6434
121.8559
120.8979
119.7696
118.4708
117.0017
115.5542
114.1283
112.7239
111.3412
109.9801
108.6406
107.3227
106.0265
104.9036
103.9542
103.1783
102.5758
102.1468
101.8912
101.8090
101.9004
101.9425
101.9356
101.8794
101.7742
101.6197
101.4162
101.1635
100.8616
100.5758
100.3060
100.0523
99.8146
99.5929
99.3873
99.1977
99.0241
98.7342
98.3279
97.8054
97.1664
96.4111
95.5395
94.5516
93.4473
92.4621
91.5960
90.8490
90.2210
89.7122
89.3225
89.0519
88.9003
88.8164
88.8001
88.8513
88.9702
89.1566
89.4107
89.7323
90.1216
90.4929
90.8463
91.1819
91.4995
91.7992
92.0810
92.3449
92.5909
92.7884
92.9375
93.0381
93.0903
93.0940
93.0492
92.9560
92.8143
92.6133
92.3530
92.0334
91.6546
91.2165
90.7190
90.1623
89.5463
88.9945
88.5070
88.0837
87.7246
87.4298
87.1992
87.0328
86.9307
86.7648
86.5351
86.2416
85.8844
85.4634
84.9786
84.4300
83.8176
83.3747
83.1012
82.9970
83.0623
83.2970
83.7011
84.2746
85.0175
86.0755
87.4486
89.1367
91.1399
93.4581
96.0914
99.0398
102.3033
105.4241
108.4023
111.2378
113.9306
116.4809
118.8885
121.1534
123.2757
125.0923
126.6032
127.8085
128.7080
129.3019
129.5901
129.5727
129.2495
128.9083
128.5489
128.1714
127.7757
127.3620
126.9302
126.4802
126.0121
125.5518
125.0992
124.6545
124.2175
123.7883
123.3668
122.9532
122.5473
122.0024
121.3184
120.4954
119.5334
118.4324
117.1923
115.8132
114.2951
112.8462
111.4665
110.1560
108.9148
107.7428
106.6400
105.6065
104.6422
103.7966
103.0697
102.4616
101.9722
101.6015
101.3496
101.2164
101.2019
101.1886
101.1765
101.1656
101.1558
101.1472
101.1398
101.1336
101.1286
101.0474
100.8900
100.6564
100.3465
99.9605
99.4983
98.9599
98.3453
97.7153
97.0698
96.4088
95.7323
95.0404
94.3330
93.6102
92.8719
92.2588
91.7709
91.4082
91.1708
91.0585
91.0714
91.2095
91.4729
91.6396
91.7096
91.6830
91.5597
91.3398
91.0233
90.6101
90.1002
89.6778
89.3428
89.0953
88.9353
88.8626
88.8775
88.9798
89.1695
89.3030
89.3802
89.4012
89.3658
89.2743
89.1264
88.9224
88.6620
88.3696
88.0453
87.6890
87.3006
86.8803
86.4279
85.9436
85.4273
84.9220
84.4277
83.9445
83.4723
83.0111
82.5609
82.1218
81.6937
81.9267
82.8207
84.3758
86.5920
89.4693
93.0076
97.2069
102.0673
106.0875
109.2673
111.6068
113.1060
113.7649
113.5834
112.5617
110.6997
109.3754
108.5888
108.3400
108.6289
109.4555
110.8199
112.7220
115.1618
117.2495
118.9850
120.3683
121.3994
122.0783
122.4050
122.3796
122.0019
121.6530
121.3329
121.0415
120.7788
120.5449
120.3397
120.1632
120.0155
119.9610
119.9997
120.1316
120.3567
120.6750
121.0865
121.5912
122.1892
122.4325
122.3212
121.8554
121.0350
119.8600
118.3304
116.4462
114.2075
112.1856
110.3806
108.7924
107.4212
106.2668
105.3292
104.6086
104.1048
103.7139
103.4361
103.2711
103.2191
103.2800
103.4539
103.7407
104.1405
104.3414
104.3435
104.1468
103.7513
103.1569
102.3637
101.3716
100.1807
99.1343
98.2323
97.4747
96.8615
96.3928
96.0685
95.8887
95.8532
95.7727
95.6472
95.4765
95.2608
95.0000
94.6942
94.3433
93.9473
93.5355
93.1079
92.6645
92.2054
91.7304
91.2396
90.7331
90.2107
89.7824
89.4481
89.2078
89.0615
89.0093
89.0511
89.1869
89.4167
89.5671
89.6383
89.6300
89.5425
89.3756
89.1293
88.8037
88.3988
88.0503
87.7583
87.5227
87.3436
87.2209
87.1547
87.1450
87.1917
87.2247
87.2440
87.2496
87.2415
87.2197
87.1842
87.1350
87.0721
87.0342
87.0213
87.0335
87.0708
87.1330
87.2203
87.3327
87.4701
87.5048
87.4370
87.2665
86.9934
86.6176
86.1392
85.5583
84.8746
84.8380
85.4485
86.7059
88.6104
91.1619
94.3605
98.2060
102.6986
106.7204
110.2714
113.3515
115.9609
118.0994
119.7671
120.9640
121.6900
122.3035
122.8044
123.1926
123.4683
123.6314
123.6818
123.6197
123.4449
123.2756
123.1117
122.9532
122.8000
122.6523
122.5100
122.3731
122.2417
122.0859
121.9060
121.7017
121.4733
121.2205
120.9436
120.6424
120.3169
119.9478
119.5350
119.0785
118.5783
118.0345
117.4470
116.8158
116.1410
115.3566
114.4628
113.4594
112.3465
111.1242
109.7923
108.3509
106.8000
105.4601
104.3311
103.4131
102.7061
102.2100
101.9249
101.8507
101.9875
102.0223
101.9550
101.7857
101.5144
101.1410
100.6657
100.0883
99.4088
98.7972
98.2534
97.7774
97.3692
97.0288
96.7563
96.5515
96.4146
96.2289
95.9944
95.7111
95.3790
94.9982
94.5686
94.0902
93.5630
93.0865
92.6607
92.2856
91.9612
91.6874
91.4643
91.2919
91.1702
91.0119
90.8171
90.5857
90.3177
90.0132
89.6721
89.2945
88.8803
88.5462
88.2922
88.1184
88.0247
88.0111
88.0776
88.2243
88.4510
88.6365
88.7808
88.8838
88.9456
88.9661
88.9453
88.8833
88.7801
88.7027
88.6513
88.6258
88.6261
88.6524
88.7046
88.7827
88.8868
88.8861
88.7807
88.5705
88.2557
87.8361
87.3118
86.6828
85.9491
85.5670
85.5364
85.8574
86.5300
87.5542
88.9299
90.6572
92.7361
94.8657
97.0458
99.2766
101.5581
103.8901
106.2729
108.7062
111.1902
113.5000
115.6357
117.5973
119.3847
120.9980
122.4371
123.7021
124.7929
125.6713
126.3372
126.7906
127.0315
127.0600
126.8760
126.4796
125.8706
125.3775
125.0000
124.7383
124.5924
124.5622
124.6477
124.8490
125.1660
125.2774
125.1832
124.8834
124.3780
123.6670
122.7504
121.6281
120.3003
119.0593
117.9051
116.8377
115.8571
114.9634
114.1565
113.4364
112.8031
112.0876
111.2899
110.4101
109.4480
108.4038
107.2774
106.0688
104.7780
103.6268
102.6151
101.7429
101.0103
100.4172
99.9636
99.6496
99.4751
99.2856
99.0809
98.8612
98.6264
98.3765
98.1115
97.8315
97.5363
97.2631
97.0119
96.7826
96.5752
96.3897
96.2262
96.0846
95.9650
95.8265
95.6691
95.4929
95.2978
95.0839
94.8511
94.5994
94.3289
94.0958
93.9000
93.7415
93.6204
93.5366
93.4902
93.4811
93.5093
93.5376
93.5660
93.5944
93.6228
93.6513
93.6799
93.7085
93.7372
93.6932
93.5766
93.3875
93.1256
92.7912
92.3842
91.9045
91.3522
90.8585
90.4232
90.0464
89.7281
89.4683
89.2670
89.1242
89.0398
88.9155
88.7512
88.5468
88.3024
88.0181
87.6937
87.3293
86.9249
86.5182
86.1094
85.6984
85.2851
84.8697
84.4520
84.0322
83.6101
83.2381
82.9162
82.6443
82.4225
82.2508
82.1292
82.0576
82.0361
82.4271
83.2305
84.4464
86.0747
88.1155
90.5688
93.4345
96.7127
99.8410
102.8194
105.6479
108.3266
110.8554
113.2343
115.4633
117.5424
119.3126
120.7738
121.9260
122.7692
123.3035
123.5288
123.4451
123.0525
122.7238
122.4591
122.2583
122.1215
122.0487
122.0399
122.0950
122.2141
122.2403
122.1735
122.0139
121.7613
121.4159
120.9775
120.4462
119.8221
119.1133
118.3201
117.4422
116.4799
115.4330
114.3015
113.0855
111.7850
110.4649
109.1253
107.7661
106.3873
104.9890
103.5711
102.1337
100.6767
99.4158
98.3509
97.4821
96.8095
96.3328
96.0523
95.9678
96.0794
96.2155
96.3760
96.5609
96.7702
97.0040
97.2622
97.5448
97.8518
98.1593
98.4671
98.7753
99.0839
99.3928
99.7022
100.0119
100.3220
100.5926
100.8238
101.0156
101.1679
101.2808
101.3542
101.3882
101.3828
101.3527
101.2979
101.2185
101.1145
100.9857
100.8324
100.6544
100.4517
100.2563
100.0682
99.8873
99.7137
99.5473
99.3883
99.2364
99.0919
98.8918
98.6361
98.3248
97.9580
97.5357
97.0578
96.5243
95.9353
95.3599
94.7981
94.2499
93.7153
93.1944
92.6871
92.1934
91.7133
91.2705
90.8652
90.4972
90.1666
89.8733
89.6174
89.3988
89.2176
88.9841
88.6981
88.3597
87.9689
87.5258
87.0302
86.4823
85.8819
85.3921
85.0128
84.7440
84.5857
84.5380
84.6008
84.7741
85.0580
85.6016
86.4049
87.4679
88.7907
90.3732
92.2154
94.3174
96.6791
99.1116
101.6149
104.1890
106.8339
109.5495
112.3360
115.1933
118.1214
120.6748
122.8534
124.6574
126.0867
127.1413
127.8211
128.1263
128.0568
127.9527
127.8142
127.6412
127.4336
127.1916
126.9151
126.6041
126.2585
125.8725
125.4459
124.9789
124.4713
123.9231
123.3345
122.7054
122.0357
121.2267
120.2785
119.1909
117.9641
116.5979
115.0925
113.4478
111.6638
109.9811
108.3996
106.9193
105.5403
104.2626
103.0861
102.0109
101.0369
100.2396
99.6188
99.1746
98.9070
98.8160
98.9015
99.1637
99.6025
100.0101
100.3867
100.7323
101.0467
101.3301
101.5825
101.8037
101.9939
102.1262
102.2006
102.2171
102.1757
102.0764
101.9193
101.7042
101.4313
101.1618
100.8958
100.6334
100.3744
100.1188
99.8668
99.6183
99.3732
99.0858
98.7561
98.3840
97.9695
97.5127
97.0136
96.4721
95.8883
95.4046
95.0211
94.7378
94.5547
94.4717
94.4890
94.6064
94.8240
94.9987
95.1305
95.2193
95.2653
95.2683
95.2284
95.1457
95.0200
94.8925
94.7633
94.6324
94.4997
94.3653
94.2292
94.0912
93.9516
93.7526
93.4943
93.1766
92.7997
92.3634
91.8677
91.3128
90.6985
90.0180
89.2711
88.4581
87.5787
86.6331
85.6213
84.5431
83.3987
82.4521
81.7033
81.1522
80.7990
80.6435
80.6859
80.9260
81.3639
82.0357
82.9414
84.0811
85.4547
87.0622
88.9036
90.9789
93.2881
95.6043
97.9276
100.2578
102.5951
104.9393
107.2906
109.6488
112.0141
114.0917
115.8817
117.3840
118.5986
119.5256
120.1649
120.5166
120.5806
120.5369
120.3855
120.1264
119.7595
119.2849
118.7026
118.0126
117.2149
116.4979
115.8618
115.3066
114.8321
114.4385
114.1257
113.8938
113.7427
113.4887
113.1320
112.6724
112.1101
111.4449
110.6769
109.8062
108.8326
107.8484
106.8538
105.8486
104.8329
103.8066
102.7698
101.7225
100.6647
99.7273
98.9105
98.2142
97.6384
97.1830
96.8482
96.6339
96.5401
96.4777
96.4466
96.4469
96.4786
96.5416
96.6360
96.7618
96.9189
96.9961
96.9934
96.9108
96.7483
96.5059
96.1836
95.7814
95.2992
94.8506
94.4354
94.0538
93.7056
93.3908
93.1096
92.8619
92.6476
92.4292
92.2066
91.9798
91.7488
91.5137
91.2745
91.0310
90.7834
90.5410
90.3039
90.0721
89.8455
89.6242
89.4082
89.1974
88.9919
88.8173
88.6736
88.5609
88.4792
88.4283
88.4085
88.4195
88.4616
88.4258
88.3121
88.1207
87.8514
87.5043
87.0793
86.5766
85.9960
85.4575
84.9611
84.5068
84.0946
83.7245
83.3965
83.1106
82.8668
82.6720
82.5261
82.4293
82.3814
82.3825
82.4325
82.5315
82.6796
82.8036
82.9036
82.9796
83.0316
83.0597
83.0637
83.0437
82.9997
83.7180
85.1985
87.4413
90.4463
94.2136
98.7431
104.0349
110.0889
115.3222
119.7348
123.3266
126.0977
128.0481
129.1778
129.4868
128.9750
128.6248
128.4363
128.4093
128.5439
128.8401
129.2978
129.9172
130.6982
131.3181
131.7768
132.0745
132.2110
132.1865
132.0008
131.6541
131.1462
130.6222
130.0822
129.5260
128.9538
128.3655
127.7610
127.1405
126.5039
125.8612
125.2123
124.5573
123.8962
123.2290
122.5557
121.8763
121.1907
120.5030
119.8132
119.1213
118.4272
117.7310
117.0327
116.3323
115.6298
114.9454
114.2792
113.6311
113.0013
112.3896
111.7960
111.2207
110.6635
110.1590
109.7073
109.3084
108.9622
108.6688
108.4281
108.2402
108.1051
107.8919
107.6007
107.2315
106.7843
106.2591
105.6559
104.9747
104.2154
103.5149
102.8731
102.2900
101.7657
101.3000
100.8931
100.5449
100.2554
99.9238
99.5503
99.1346
98.6769
98.1772
97.6354
97.0516
96.4258
95.8478
95.3179
94.8358
94.4018
94.0156
93.6775
93.3872
93.1450
92.9331
92.7518
92.6009
92.4805
92.3905
92.3310
92.3020
92.3034
92.2813
92.2356
92.1663
92.0734
91.9570
91.8169
91.6533
91.4662
91.2485
91.0004
90.7218
90.4127
90.0731
89.7031
89.3025
88.8715
88.4661
88.0863
87.7321
87.4035
87.1004
86.8230
86.5712
86.3450
86.1202
85.8970
85.6752
85.4550
85.2362
85.0190
84.8032
84.5890
84.7415
85.2607
86.1468
87.3996
89.0191
91.0054
93.3585
96.0783
98.7798
101.4628
104.1275
106.7737
109.4016
112.0111
114.6021
117.1748
119.3929
121.2563
122.7650
123.9192
124.7187
125.1635
125.2537
124.9893
124.7303
124.4766
124.2282
123.9852
123.7476
123.5154
123.2885
123.0669
122.8619
122.6733
122.5011
122.3455
122.2063
122.0836
121.9774
121.8876
121.7295
121.5032
121.2086
120.8457
120.4145
119.9150
119.3472
118.7112
117.9521
117.0700
116.0649
114.9367
113.6854
112.3112
110.8139
109.1936
107.7189
106.3900
105.2067
104.1690
103.2771
102.5308
101.9302
101.4753
101.0464
100.6435
100.2666
99.9157
99.5909
99.2920
99.0192
98.7724
98.5009
98.2047
97.8838
97.5382
97.1680
96.7730
96.3534
95.9090
95.4763
95.0552
94.6457
94.2478
93.8616
93.4869
93.1239
92.7724
92.4172
92.0581
91.6953
91.3286
90.9580
90.5837
90.2055
89.8235
89.4903
89.2059
88.9702
88.7833
88.6452
88.5558
88.5152
88.5234
88.4495
88.2936
88.0557
87.7357
87.3336
86.8495
86.2834
85.6352
85.1162
84.7263
84.4656
84.3340
84.3316
84.4583
84.7142
85.0992
85.3583
85.4916
85.4990
85.3805
85.1361
84.7659
84.2698
83.6478
83.0773
82.5584
82.0909
81.6749
81.3104
80.9974
80.7360
80.5260
80.4209
80.4206
80.5252
80.7347
81.0490
81.4681
81.9922
82.6210
83.1289
83.5157
83.7815
83.9263
83.9500
83.8527
83.6344
83.2950
83.3596
83.8279
84.7002
85.9762
87.6562
89.7400
92.2277
95.1192
97.9343
100.6731
103.3355
105.9215
108.4310
110.8643
113.2211
115.5015
117.4797
119.1555
120.5291
121.6004
122.3694
122.8361
123.0006
122.8627
122.8072
122.8339
122.9430
123.1343
123.4080
123.7639
124.2021
124.7227
125.0677
125.2372
125.2312
125.0496
124.6925
124.1598
123.4517
122.5680
121.7093
120.8757
120.0670
119.2834
118.5249
117.7913
117.0828
116.3993
115.5632
114.5744
113.4330
112.1390
110.6923
109.0930
107.3410
105.4364
103.7611
102.3152
101.0985
100.1111
99.3531
98.8243
98.5249
98.4548
98.4054
98.3766
98.3686
98.3813
98.4147
98.4688
98.5436
98.6390
98.6746
98.6503
98.5660
98.4218
98.2178
97.9538
97.6299
97.2461
96.8866
96.5514
96.2406
95.9541
95.6919
95.4541
95.2406
95.0514
94.8304
94.5774
94.2925
93.9757
93.6270
93.2464
92.8339
92.3895
91.9924
91.6426
91.3401
91.0849
90.8769
90.7163
90.6029
90.5369
90.5184
90.5474
90.6240
90.7481
90.9197
91.1389
91.4057
91.7199
92.0199
92.3055
92.5768
92.8337
93.0763
93.3046
93.5185
93.7181
93.8596
93.9431
93.9685
93.9358
93.8451
93.6963
93.4894
93.2245
92.9511
92.6693
92.3790
92.0802
91.7730
91.4573
91.1331
90.8005
90.4086
89.9575
89.4471
88.8775
88.2487
87.5606
86.8132
86.0066
85.6481
85.7377
86.2754
87.2612
88.6951
90.5771
92.9072
95.6854
98.4183
101.1060
103.7484
106.3456
108.8975
111.4042
113.8656
116.2817
118.4572
120.3921
122.0864
123.5401
124.7531
125.7255
126.4573
126.9484
127.3112
127.5457
127.6519
127.6297
127.4792
127.2003
126.7931
126.2576
125.6662
125.0191
124.3162
123.5575
122.7430
121.8727
120.9466
119.9647
118.9043
117.7655
116.5481
115.2523
113.8780
112.4253
110.8940
109.2843
107.7845
106.3947
105.1148
103.9450
102.8850
101.9351
101.0951
100.3651
99.6825
99.0473
98.4595
97.9192
97.4262
96.9807
96.5826
96.2320
95.9753
95.8127
95.7442
95.7697
95.8892
96.1027
96.4103
96.8119
97.2051
97.5899
97.9663
98.3342
98.6937
99.0449
99.3875
99.7218
100.0099
100.2517
100.4474
100.5968
100.7000
100.7570
100.7678
100.7323
100.7189
100.7276
100.7582
100.8109
100.8856
100.9824
101.1011
101.2419
101.3052
101.2910
101.1994
101.0303
100.7837
100.4596
100.0581
99.5790
99.1458
98.7584
98.4167
98.1208
97.8707
97.6664
97.5079
97.3951
97.2530
97.0815
96.8807
96.6504
96.3908
96.1018
95.7835
95.4357
95.0768
94.7065
94.3250
93.9323
93.5283
93.1131
92.6866
92.2489
91.8931
91.6193
91.4276
91.3178
91.2900
91.3442
91.4803
91.6985
91.7337
91.5860
91.2553
90.7417
90.0452
89.1657
88.1033
86.8580
86.1117
85.8646
86.1166
86.8677
88.1179
89.8672
92.1157
94.8632
97.5218
100.0915
102.5722
104.9639
107.2667
109.4805
111.6054
113.6413
115.5570
117.3523
119.0274
120.5821
122.0166
123.3308
124.5247
125.5984
126.4868
127.1902
127.7084
128.0414
128.1893
128.1520
127.9296
127.5220
127.0501
126.5137
125.9129
125.2477
124.5182
123.7242
122.8658
121.9430
121.1787
120.5730
120.1257
119.8369
119.7067
119.7349
119.9217
120.2669
120.3061
120.0392
119.4662
118.5871
117.4020
115.9107
114.1134
112.0101
110.0715
108.2979
106.6890
105.2451
103.9660
102.8517
101.9023
101.1178
100.4702
99.9595
99.5857
99.3488
99.2488
99.2858
99.4596
99.7704
99.9352
99.9540
99.8269
99.5538
99.1346
98.5696
97.8585
97.0015
96.2862
95.7126
95.2807
94.9905
94.8420
94.8352
94.9701
95.2468
95.4829
95.6786
95.8338
95.9486
96.0228
96.0566
96.0499
96.0027
95.9968
96.0324
96.1093
96.2275
96.3872
96.5881
96.8305
97.1142
97.2668
97.2884
97.1790
96.9385
96.5669
96.0643
95.4307
94.6659
93.9651
93.3283
92.7554
92.2463
91.8013
91.4201
91.1029
90.8496
90.5780
90.2882
89.9801
89.6538
89.3092
88.9464
88.5653
88.1659
87.7657
87.3645
86.9625
86.5595
86.1557
85.7509
85.3453
84.9387
84.5281
84.1136
83.6951
83.2725
82.8460
82.4155
81.9809
81.5424
81.2414
81.0778
81.0516
81.1629
81.4117
81.7979
82.3216
82.9827
84.0194
85.4315
87.2193
89.3825
91.9213
94.8357
98.1255
101.7909
105.1795
108.2913
111.1263
113.6845
115.9658
117.9704
119.6981
121.1490
122.3932
123.4306
124.2612
124.8851
125.3022
125.5126
125.5162
125.3130
125.0899
124.8468
124.5838
124.3008
123.9978
123.6748
123.3319
122.9691
122.5571
122.0961
121.5859
121.0267
120.4184
119.7610
119.0545
118.2989
117.5362
116.7664
115.9894
115.2052
114.4139
113.6155
112.8099
111.9972
111.1141
110.1607
109.1369
108.0428
106.8784
105.6436
104.3385
102.9630
101.7787
100.7856
99.9837
99.3731
98.9536
98.7253
98.6882
98.8423
98.9777
99.0945
99.1926
99.2720
99.3327
99.3748
99.3982
99.4030
99.3824
99.3367
99.2657
99.1694
99.0479
98.9011
98.7291
98.5319
98.3083
98.0582
97.7818
97.4791
97.1499
96.7944
96.4125
96.0042
95.5993
95.1978
94.7997
94.4050
94.0137
93.6259
93.2414
92.8603
92.4788
92.0969
91.7146
91.3318
90.9486
90.5650
90.1810
89.7965
89.4844
89.2447
89.0774
88.9825
88.9599
89.0097
89.1319
89.3264
89.4592
89.5300
89.5390
89.4861
89.3713
89.1947
88.9563
88.6559
88.3447
88.0227
87.6899
87.3462
86.9917
86.6263
86.2501
85.8630
85.4225
84.9286
84.3813
83.7805
83.1263
82.4186
81.6575
80.8430
80.0620
79.3146
78.6008
77.9206
77.2740
76.6609
76.0814
75.5355
75.3428
75.5034
76.0172
76.8843
78.1046
79.6782
81.6050
83.8850
86.3806
89.0918
92.0185
95.1608
98.5186
102.0919
105.8808
109.8853
113.4417
116.5500
119.2102
121.4222
123.1862
124.5021
125.3699
125.7896
126.1082
126.3256
126.4418
126.4569
126.3708
126.1835
125.8951
125.5055
125.1734
124.8988
124.6817
124.5220
124.4199
124.3752
124.3879
124.4582
124.4528
124.3717
124.2150
123.9826
123.6745
123.2908
122.8314
122.2963
121.5927
120.7206
119.6799
118.4708
117.0932
115.5470
113.8323
111.9491
110.2463
108.7239
107.3818
106.2201
105.2388
104.4378
103.8172
103.3770
103.0479
102.8301
102.7234
102.7279
102.8437
103.0706
103.4087
103.8580
104.2006
104.4366
104.5660
104.5887
104.5048
104.3142
104.0170
103.6131
103.2298
102.8670
102.5248
102.2032
101.9021
101.6216
101.3617
101.1223
100.8648
100.5894
100.2959
99.9843
99.6548
99.3072
98.9416
98.5579
98.2056
97.8845
97.5948
97.3363
97.1092
96.9134
96.7488
96.6156
96.4696
96.3110
96.1395
95.9554
95.7585
95.5489
95.3266
95.0916
94.8147
94.4961
94.1358
93.7336
93.2897
92.8041
92.2766
91.7074
91.2087
90.7805
90.4228
90.1357
89.9190
89.7728
89.6972
89.6921
89.6174
89.4732
89.2594
88.9760
88.6232
88.2007
87.7088
87.1472
86.5876
86.0299
85.4742
84.9203
84.3684
83.8184
83.2704
82.7242
82.5783
82.8327
83.4874
84.5423
85.9975
87.8530
90.1088
92.7648
95.4291
98.1017
100.7826
103.4718
106.1693
108.8751
111.5892
114.3116
116.7398
118.8738
120.7137
122.2594
123.5109
124.4683
125.1315
125.5005
125.7979
126.0238
126.1781
126.2609
126.2720
126.2116
126.0797
125.8761
125.6412
125.3750
125.0774
124.7484
124.3881
123.9965
123.5735
123.1191
122.5186
121.7720
120.8793
119.8404
118.6555
117.3244
115.8472
114.2238
112.6968
111.2662
109.9318
108.6938
107.5521
106.5067
105.5577
104.7050
103.9231
103.2120
102.5716
102.0021
101.5033
101.0754
100.7182
100.4318
100.2034
100.0330
99.9207
99.8663
99.8699
99.9316
100.0513
100.2289
100.3053
100.2804
100.1542
99.9267
99.5979
99.1678
98.6364
98.0037
97.4259
96.9030
96.4351
96.0220
95.6638
95.3606
95.1123
94.9188
94.7645
94.6494
94.5733
94.5363
94.5385
94.5798
94.6603
94.7798
94.7420
94.5470
94.1946
93.6848
93.0178
92.1935
91.2118
90.0729
89.0963
88.2820
87.6302
87.1407
86.8136
86.6488
86.6464
86.8064
86.9692
87.1347
87.3029
87.4739
87.6477
87.8242
88.0035
88.1856
88.1909
88.0196
87.6717
87.1471
86.4458
85.5678
84.5132
83.2819
82.0819
80.9132
79.7758
78.6696
77.5947
76.5511
75.5388
74.5577
74.3131
74.8048
76.0329
77.9974
80.6984
84.1357
88.3094
93.2195
97.7217
101.8158
105.5020
108.7803
111.6506
114.1129
116.1672
117.8136
119.2447
120.4607
121.4614
122.2469
122.8172
123.1723
123.3122
123.2368
123.1627
123.0897
123.0180
122.9474
122.8780
122.8099
122.7429
122.6772
122.6156
122.5581
122.5049
122.4559
122.4110
122.3703
122.3337
122.3014
122.1869
121.9902
121.7114
121.3505
120.9074
120.3821
119.7747
119.0852
118.1859
117.0767
115.7578
114.2290
112.4905
110.5421
108.3840
106.0160
104.0065
102.3554
101.0628
100.1286
99.5529
99.3356
99.4767
99.9763
100.3545
100.6114
100.7469
100.7611
100.6539
100.4253
100.0754
99.6041
99.1901
98.8333
98.5338
98.2915
98.1065
97.9787
97.9082
97.8949
97.9023
97.9303
97.9790
98.0484
98.1384
98.2491
98.3804
98.5324
98.5783
98.5180
98.3515
98.0789
97.7001
97.2152
96.6241
95.9269
95.2653
94.6395
94.0493
93.4948
92.9760
92.4929
92.0455
91.6338
91.2657
90.9413
90.6605
90.4234
90.2299
90.0801
89.9740
89.9114
89.8496
89.7885
89.7281
89.6683
89.6093
89.5509
89.4933
89.4363
89.4030
89.3935
89.4076
89.4455
89.5071
89.5924
89.7013
89.8340
89.9211
89.9626
89.9585
89.9088
89.8134
89.6725
89.4860
89.2538
89.0113
88.7583
88.4949
88.2210
87.9368
87.6421
87.3370
87.0215
86.8538
86.8341
86.9623
87.2383
87.6623
88.2342
88.9539
89.8216
91.1946
93.0728
95.4564
98.3452
101.7394
105.6388
110.0436
114.9537
119.0977
122.4757
125.0878
126.9338
128.0138
128.3278
127.8758
126.6578
125.6007
124.7046
123.9695
123.3953
122.9820
122.7298
122.6385
122.7081
122.7394
122.7322
122.6867
122.6029
122.4806
122.3200
122.1210
121.8836
121.6126
121.3077
120.9692
120.5970
120.1910
119.7514
119.2780
118.7709
118.1026
117.2730
116.2822
115.1302
113.8170
112.3425
110.7068
108.9098
107.3066
105.8970
104.6811
103.6588
102.8303
102.1954
101.7542
101.5067
101.3390
101.2512
101.2432
101.3151
101.4668
101.6984
102.0098
102.4011
102.6542
102.7691
102.7458
102.5842
102.2844
101.8465
101.2703
100.5559
99.9246
99.3762
98.9110
98.5287
98.2295
98.0133
97.8802
97.8301
97.7511
97.6430
97.5060
97.3401
97.1452
96.9213
96.6684
96.3866
96.0886
95.7743
95.4438
95.0970
94.7340
94.3547
93.9593
93.5476
93.1745
92.8401
92.5444
92.2873
92.0690
91.8892
91.7482
91.6458
91.5103
91.3418
91.1402
90.9055
90.6378
90.3370
90.0032
89.6363
89.3069
89.0151
88.7608
88.5441
88.3649
88.2233
88.1192
88.0527
87.8969
87.6517
87.3172
86.8933
86.3801
85.7776
85.0857
84.3044
83.5767
82.9024
82.2816
81.7143
81.2004
80.7401
80.3332
79.9797
80.1457
80.8312
82.0361
83.7604
86.0041
88.7673
92.0499
95.8520
99.3697
102.6030
105.5520
108.2167
110.5970
112.6929
114.5045
116.0317
117.4214
118.6734
119.7878
120.7646
121.6038
122.3054
122.8694
123.2958
123.6192
123.8397
123.9573
123.9719
123.8836
123.6924
123.3982
123.0010
122.6051
122.2105
121.8172
121.4250
121.0342
120.6446
120.2562
119.8691
119.3936
118.8297
118.1773
117.4365
116.6072
115.6896
114.6835
113.5889
112.5244
111.4899
110.4855
109.5110
108.5666
107.6521
106.7677
105.9133
105.1820
104.5738
104.0888
103.7268
103.4880
103.3723
103.3797
103.5102
103.6348
103.7536
103.8665
103.9735
104.0746
104.1698
104.2591
104.3426
104.3675
104.3339
104.2417
104.0910
103.8818
103.6140
103.2876
102.9028
102.5494
102.2275
101.9371
101.6782
101.4508
101.2548
101.0904
100.9575
100.8001
100.6183
100.4120
100.1813
99.9262
99.6466
99.3426
99.0141
98.6845
98.3539
98.0222
97.6893
97.3554
97.0204
96.6844
96.3472
96.0418
95.7682
95.5263
95.3162
95.1379
94.9913
94.8765
94.7934
94.7134
94.6365
