119.5280
119.6748
119.8690
120.1108
120.4000
120.7368
121.1304
121.5810
122.0886
122.6531
123.2746
123.9530
124.6884
125.4807
126.1147
126.5906
126.9081
127.0675
127.0686
126.9114
126.5961
126.1224
125.7057
125.3459
125.0431
124.7971
124.6081
124.4760
124.4009
124.3827
124.3127
124.1910
124.0175
123.7923
123.5153
123.1866
122.8062
122.3740
121.9875
121.6467
121.3516
121.1023
120.8986
120.7407
120.6285
120.5619
120.3922
120.1193
119.7433
119.2640
118.6816
117.9960
117.2073
116.3153
115.5247
114.8352
114.2471
113.7602
113.3745
113.0902
112.9070
112.8252
112.6721
112.4478
112.1522
111.7855
111.3475
110.8382
110.2578
109.6061
108.9493
108.2873
107.6201
106.9478
106.2703
105.5877
104.8999
104.2070
103.5108
102.8114
102.1088
101.4029
100.6938
99.9815
99.2659
98.5472
98.1119
97.9602
98.0920
98.5074
99.2063
100.1887
101.4547
103.0042
104.3174
105.3944
106.2352
106.8397
107.2080
107.3401
107.2359
106.8955
106.5544
106.2125
105.8700
105.5267
105.1828
104.8381
104.4927
104.1466
103.7613
103.3368
102.8732
102.3704
101.8284
101.2472
100.6268
99.9673
99.3662
98.8234
98.3390
97.9130
97.5454
97.2362
96.9853
96.7929
96.5664
96.3059
96.0114
95.6829
95.3204
94.9239
94.4933
94.0288
93.5329
93.0058
92.4475
91.8578
91.2369
90.5847
89.9012
89.1864
88.5525
87.9993
87.5269
87.1353
86.8246
86.5946
86.4454
86.3770
86.3257
86.2916
86.2746
86.2747
86.2920
86.3264
86.3779
86.4466
86.3683
86.1430
85.7708
85.2516
84.5854
83.7722
82.8121
81.7050
80.5267
79.2774
77.9571
76.5656
75.1030
73.5693
71.9646
70.2887
68.8619
67.6840
66.7550
66.0751
65.6441
65.4621
65.5290
65.8450
66.0978
66.2875
66.4142
66.4778
66.4783
66.4157
66.2900
66.1012
65.9369
65.7971
65.6818
65.5910
65.5247
65.4829
65.4656
65.4727
65.4626
65.4353
65.3906
65.3287
65.2496
65.1532
65.0395
64.9085
65.1883
65.8789
66.9801
68.4922
70.4149
72.7484
75.4927
78.6477
82.4089
86.7762
91.7497
97.3293
103.5151
110.3071
117.7052
125.7095
132.1560
137.0445
140.3752
142.1481
142.3631
141.0202
138.1195
133.6609
129.5330
125.7359
122.2695
119.1338
116.3289
113.8547
111.7113
109.8986
108.4671
107.4170
106.7482
106.4607
106.5545
107.0296
107.8860
109.1237
109.8638
110.1063
109.8511
109.0983
107.8478
106.0998
103.8541
101.1108
98.6634
96.5121
94.6569
93.0976
91.8343
90.8671
90.1959
89.8207
89.4945
89.2173
88.9892
88.8100
88.6799
88.5988
88.5667
88.5836
88.6844
88.8692
89.1379
89.4904
89.9269
90.4473
91.0517
91.7399
92.4405
93.1535
93.8788
94.6164
95.3665
96.1288
96.9036
97.6907
98.4826
99.2792
100.0806
100.8868
101.6978
102.5135
103.3341
104.1594
105.2435
106.5865
108.1884
110.0491
112.1687
114.5472
117.1845
120.0806
122.5504
124.5937
126.2105
127.4009
128.1649
128.5024
128.4135
127.8981
128.0274
128.8014
130.2200
132.2833
134.9912
138.3438
142.3411
146.9830
151.5066
155.9119
160.1990
164.3677
168.4182
172.3504
176.1642
179.8598
183.2176
186.2376
188.9197
191.2640
193.2705
194.9392
196.2700
197.2631
198.1058
198.7982
199.3402
199.7320
199.9734
200.0645
200.0053
199.7958
199.6145
199.4614
199.3366
199.2400
199.1716
199.1315
199.1195
199.1359
199.0874
198.9741
198.7960
198.5531
198.2454
197.8729
197.4356
196.9334
195.7920
194.0111
191.5910
188.5315
184.8327
180.4945
175.5170
169.9001
164.7089
159.9434
155.6035
151.6892
148.2006
145.1377
142.5004
140.2887
137.9505
135.4856
132.8942
130.1761
127.3315
124.3602
121.2623
118.0378
114.7977
111.5420
108.2705
104.9835
101.6808
98.3624
95.0284
91.6788
88.7129
86.1308
83.9324
82.1178
80.6870
79.6399
78.9766
78.6971
78.3885
78.0508
77.6840
77.2882
76.8632
76.4092
75.9261
75.4139
75.2878
75.5480
76.1942
77.2267
78.6453
80.4500
82.6409
85.2180
87.4364
89.2962
90.7974
91.9399
92.7238
93.1491
93.2158
92.9238
92.5455
92.0810
91.5302
90.8932
90.1699
89.3604
88.4645
87.4825
86.5314
85.6114
84.7225
83.8645
83.0377
82.2418
81.4771
80.7433
80.1393
79.6651
79.3206
79.1059
79.0209
79.0657
79.2402
79.5445
79.8164
80.0560
80.2632
80.4381
80.5807
80.6909
80.7688
80.8143
80.8857
80.9830
81.1062
81.2553
81.4302
81.6311
81.8578
82.1105
82.2871
82.3877
82.4124
82.3610
82.2336
82.0302
81.7508
81.3954
81.0340
80.6666
80.2933
79.9140
79.5288
79.1375
78.7403
78.3371
77.9940
77.7109
77.4878
77.3247
77.2217
77.1787
77.1957
77.2727
78.0481
79.5217
81.6937
84.5640
88.1327
92.3996
97.3648
103.0284
108.5120
113.8158
118.9396
123.8835
128.6475
133.2315
137.6357
141.8599
145.5898
148.8254
151.5667
153.8137
155.5664
156.8247
157.5888
157.8585
157.9951
157.9986
157.8690
157.6062
157.2103
156.6813
156.0192
155.2240
154.6203
154.2081
153.9875
153.9585
154.1210
154.4751
155.0208
155.7580
156.3756
156.8737
157.2522
157.5111
157.6505
157.6703
157.5706
157.3513
157.0202
156.5774
156.0229
155.3565
154.5784
153.6886
152.6870
151.5737
150.3863
149.1249
147.7894
146.3799
144.8964
143.3388
141.7072
140.0016
138.3618
136.7877
135.2794
133.8369
132.4601
131.1492
129.9040
128.7246
127.4755
126.1566
124.7681
123.3098
121.7819
120.1842
118.5168
116.7797
115.3206
114.1394
113.2362
112.6110
112.2637
112.1944
112.4030
112.8897
113.2675
113.5366
113.6970
113.7487
113.6916
113.5257
113.2511
112.8678
112.5102
112.1784
111.8723
111.5920
111.3374
111.1086
110.9055
110.7282
110.3578
109.7941
109.0372
108.0872
106.9440
105.6076
104.0780
102.3552
100.8404
99.5335
98.4345
97.5435
96.8604
96.3853
96.1180
96.0588
95.9017
95.6470
95.2945
94.8442
94.2962
93.6505
92.9070
92.0658
91.2398
90.4290
89.6334
88.8530
88.0877
87.3377
86.6029
85.8832
85.2157
84.6003
84.0370
83.5258
83.0667
82.6597
82.3048
82.0020
81.4596
80.6776
79.6559
78.3946
76.8936
75.1530
73.1727
70.9528
68.6579
66.2879
63.8429
61.3229
58.7279
56.0578
53.3127
50.4926
47.9285
45.6205
43.5686
41.7728
40.2330
38.9493
37.9216
37.1501
36.6322
36.3680
36.3576
36.6008
37.0977
37.8484
38.8527
40.1108
41.1983
42.1154
42.8619
43.4379
43.8434
44.0784
44.1429
44.0368
44.1772
44.5640
45.1972
46.0768
47.2028
48.5752
50.1940
52.0592
54.2648
56.8107
59.6970
62.9237
66.4907
70.3982
74.6459
79.2341
83.4732
87.3632
90.9042
94.0962
96.9391
99.4330
101.5778
103.3735
105.6667
108.4572
111.7450
115.5302
119.8128
124.5928
129.8701
135.6448
141.3039
146.8475
152.2755
157.5880
162.7849
167.8662
172.8320
177.6823
181.7532
185.0448
187.5572
189.2902
190.2439
190.4183
189.8134
188.4292
186.8659
185.1237
183.2023
181.1020
178.8225
176.3641
173.7266
170.9100
168.1579
165.4702
162.8469
160.2880
157.7935
155.3635
152.9978
150.6965
148.7204
147.0694
145.7434
144.7426
144.0669
143.7162
143.6907
143.9903
143.9735
143.6404
142.9910
142.0252
140.7431
139.1447
137.2299
134.9988
132.9642
131.1260
129.4844
128.0392
126.7905
125.7382
124.8825
124.2232
123.7476
123.4557
123.3476
123.4231
123.6823
124.1252
124.7518
125.5621
125.8150
125.5106
124.6488
123.2297
121.2532
118.7193
115.6281
111.9795
108.5231
105.2589
102.1869
99.3070
96.6193
94.1238
91.8204
89.7093
87.4881
85.1570
82.7159
80.1648
77.5037
74.7326
71.8516
68.8605
66.2223
63.9368
62.0041
60.4242
59.1971
58.3227
57.8011
57.6323
57.4443
57.2371
57.0107
56.7651
56.5002
56.2162
55.9130
55.5905
55.7254
56.3176
57.3670
58.8738
60.8378
63.2591
66.1378
69.4737
72.5817
75.4618
78.1139
80.5380
82.7342
84.7025
86.4428
87.9552
89.4177
90.8304
92.1933
93.5064
94.7696
95.9829
97.1465
98.2601
99.3839
100.5178
101.6618
102.8159
103.9800
105.1543
106.3386
107.5331
108.6274
109.6217
110.5159
111.3100
112.0040
112.5979
113.0918
113.4855
113.9812
114.5787
115.2781
116.0794
116.9826
117.9877
119.0946
120.3034
121.5208
122.7467
123.9812
125.2243
126.4759
127.7361
129.0048
130.2821
131.9178
133.9120
136.2647
138.9759
142.0456
145.4737
149.2603
153.4054
157.1168
160.3947
163.2389
165.6495
167.6265
169.1698
170.2796
170.9557
171.3690
171.5194
171.4070
171.0317
170.3936
169.4926
168.3287
166.9020
165.6271
164.5041
163.5330
162.7138
162.0464
161.5308
161.1672
160.9554
160.4123
159.5380
158.3324
156.7955
154.9274
152.7279
150.1972
147.3353
144.6818
142.2367
140.0002
137.9720
136.1524
134.5411
133.1384
131.9441
130.6169
129.1567
127.5636
125.8377
123.9787
121.9869
119.8621
117.6045
115.3316
113.0435
110.7403
108.4218
106.0882
103.7393
101.3753
98.9961
96.8018
94.7926
92.9684
91.3292
89.8750
88.6058
87.5217
86.6225
86.0146
85.6980
85.6726
85.9385
86.4957
87.3442
88.4839
89.9149
91.2223
92.4061
93.4664
94.4030
95.2160
95.9055
96.4714
96.9136
97.5969
98.5213
99.6866
101.0930
102.7405
104.6289
106.7584
109.1289
111.4615
113.7561
116.0127
118.2314
120.4122
122.5550
124.6598
126.7267
128.5972
130.2714
131.7492
133.0306
134.1157
135.0045
135.6968
136.1929
136.5213
136.6822
136.6756
136.5014
136.1596
135.6503
134.9735
134.1290
132.7537
130.8474
128.4102
125.4421
121.9430
117.9130
113.3521
108.2602
103.3018
98.4769
93.7854
89.2274
84.8029
80.5118
76.3542
72.3301
69.0332
66.4636
64.6214
63.5064
63.1186
63.4582
64.5251
66.3192
67.6380
68.4814
68.8493
68.7420
68.1592
67.1010
65.5675
63.5586
62.3750
62.0168
62.4838
63.7762
65.8940
68.8370
72.6054
77.1992
81.4882
85.4726
89.1522
92.5272
95.5975
98.3631
100.8240
102.9802
105.4328
108.1818
111.2271
114.5689
118.2069
122.1414
126.3722
130.8995
135.0898
138.9432
142.4597
145.6392
148.4819
150.9877
153.1566
154.9885
156.5944
157.9741
159.1278
160.0553
160.7567
161.2320
161.4812
161.5042
161.3835
161.1190
160.7107
160.1585
159.4626
158.6229
157.6395
156.5122
155.3608
154.1852
152.9856
151.7619
150.5140
149.2420
147.9460
146.6258
145.0955
143.3553
141.4050
139.2446
136.8743
134.2939
131.5035
128.5030
125.6962
123.0831
120.6636
118.4378
116.4056
114.5671
112.9223
111.4711
109.8699
108.1188
106.2178
104.1668
101.9658
99.6148
97.1140
94.4631
92.4877
91.1877
90.5632
90.6142
91.3406
92.7424
94.8197
97.5724
99.3862
100.2611
100.1971
99.1941
97.2523
94.3715
90.5519
85.7933
81.7475
78.4144
75.7940
73.8865
72.6916
72.2096
72.4403
73.3837
74.5042
75.8018
77.2765
78.9283
80.7572
82.7631
84.9462
87.3063
89.4837
91.4784
93.2903
94.9195
96.3659
97.6297
98.7107
99.6089
101.0893
103.1520
105.7968
109.0238
112.8329
117.2243
122.1978
127.7536
132.8471
137.4785
141.6476
145.3546
148.5994
151.3819
153.7023
155.5605
157.1590
158.4977
159.5768
160.3961
160.9557
161.2555
161.2957
161.0761
160.6720
160.0835
159.3104
158.3529
157.2108
155.8843
154.3733
152.6778
150.9461
149.1782
147.3741
145.5338
143.6573
141.7446
139.7957
137.8106
135.9040
134.0758
132.3261
130.6549
129.0621
127.5478
126.1119
124.7545
123.2796
121.6871
119.9770
118.1494
116.2042
114.1414
111.9611
109.6632
107.3157
104.9184
102.4716
99.9750
97.4288
94.8329
92.1874
89.4922
87.1589
85.1876
83.5781
82.3306
81.4450
80.9213
80.7596
80.9597
80.7295
80.0690
78.9781
77.4568
75.5052
73.1232
70.3109
67.0682
63.8215
60.5710
57.3165
54.0581
50.7957
47.5295
44.2593
40.9851
38.4649
36.6987
35.6865
35.4282
35.9239
37.1736
39.1772
41.9348
44.3147
46.3170
47.9416
49.1885
50.0578
50.5494
50.6633
50.3996
50.4736
50.8853
51.6348
52.7220
54.1469
55.9095
58.0099
60.4481
61.8011
62.0689
61.2516
59.3491
56.3615
52.2888
47.1309
40.8878
36.0080
32.4915
30.3381
29.5480
30.1211
32.0574
35.3570
40.0198
44.1753
47.8235
50.9643
53.5978
55.7240
57.3429
58.4544
59.0587
59.5654
59.9746
60.2863
60.5006
60.6173
60.6365
60.5582
60.3824
59.9223
59.1780
58.1495
56.8367
55.2396
53.3583
51.1928
48.7430
47.1032
46.2736
46.2540
47.0445
48.6451
51.0557
54.2764
58.3072
61.9378
65.1682
67.9984
70.4283
72.4581
74.0876
75.3169
76.1460
77.4391
79.1962
81.4172
84.1022
87.2512
90.8641
94.9411
99.4820
104.5299
110.0847
116.1465
122.7153
129.7910
137.3737
145.4634
154.0600
162.3335
170.2839
177.9112
185.2154
192.1964
198.8543
205.1891
211.2008
216.3798
220.7259
224.2394
226.9200
228.7679
229.7831
229.9655
229.3151
228.5042
227.5327
226.4007
225.1081
223.6549
222.0411
220.2668
218.3319
216.5080
214.7951
213.1932
211.7024
210.3225
209.0536
207.8957
206.8489
205.7753
204.6749
203.5479
202.3941
201.2136
200.0063
198.7723
197.5116
196.3461
195.2758
194.3007
193.4208
192.6361
191.9465
191.3522
190.8531
190.1692
189.3005
188.2470
187.0087
185.5855
183.9776
182.1849
180.2074
178.2788
176.3990
174.5681
172.7861
171.0529
169.3686
167.7331
166.1466
164.5073
162.8154
161.0708
159.2736
157.4237
155.5211
153.5659
151.5580
149.2828
146.7404
143.9306
140.8536
137.5093
133.8977
130.0189
125.8727
122.4548
119.7651
117.8037
116.5704
116.0655
116.2887
117.2402
118.9199
120.0096
120.5092
120.4189
119.7386
118.4682
116.6078
114.1574
111.1170
108.4419
106.1321
104.1876
102.6084
101.3945
100.5458
100.0625
99.9444
99.8212
99.6927
99.5591
99.4203
99.2763
99.1270
98.9726
98.8130
98.5622
98.2202
97.7869
97.2623
96.6466
95.9396
95.1413
94.2519
93.4370
92.6967
92.0311
91.4401
90.9236
90.4818
90.1146
89.8219
89.4006
88.8506
88.1720
87.3646
86.4285
85.3638
84.1704
82.8482
81.5861
80.3840
79.2418
78.1597
77.1375
76.1753
75.2732
74.4310
73.7155
73.1267
72.6646
72.3292
72.1205
72.0385
72.0832
72.2547
72.1812
71.8630
71.2999
70.4919
69.4392
68.1415
66.5991
64.8118
63.2429
61.8925
60.7606
59.8470
59.1520
58.6753
58.4171
58.3773
58.3488
58.3313
58.3251
58.3300
58.3461
58.3733
58.4117
58.4613
58.7786
59.3637
60.2165
61.3370
62.7252
64.3812
66.3049
68.4964
70.9546
73.6796
76.6713
79.9298
83.4551
87.2472
91.3060
95.6316
99.9477
104.2542
108.5513
112.8388
117.1168
121.3853
125.6443
129.8938
133.7795
137.3015
140.4598
143.2544
145.6852
147.7523
149.4556
150.7953
151.8747
152.6939
153.2529
153.5517
153.5903
153.3687
152.8869
152.1449
151.0794
149.6904
147.9779
145.9419
143.5825
140.8995
137.8930
134.5631
131.3796
128.3427
125.4523
122.7085
120.1111
117.6603
115.3560
113.1983
111.2011
109.3645
107.6884
106.1730
104.8180
103.6237
102.5900
101.7168
100.8876
100.1024
99.3613
98.6642
98.0111
97.4020
96.8370
96.3159
96.0253
95.9650
96.1350
96.5355
97.1663
98.0275
99.1191
100.4410
101.3098
101.7256
101.6884
101.1981
100.2547
98.8582
97.0087
94.7061
92.7188
91.0467
89.6899
88.6484
87.9222
87.5112
87.4155
87.6351
87.7177
87.6634
87.4721
87.1439
86.6788
86.0767
85.3377
84.4617
82.7342
80.1552
76.7246
72.4425
67.3088
61.3236
54.4869
46.7986
40.8686
36.6970
34.2837
33.6287
34.7320
37.5937
42.2137
48.5920
54.5253
60.0136
65.0568
69.6550
73.8081
77.5162
80.7793
83.5973
85.9181
87.7417
89.0680
89.8971
90.2289
90.0635
89.4009
88.2410
87.5556
87.3447
87.6082
88.3463
89.5588
91.2457
93.4072
96.0431
98.2879
100.1416
101.6042
102.6758
103.3562
103.6456
103.5438
103.0510
102.5653
102.0867
101.6153
101.1510
100.6939
100.2439
99.8011
99.3654
99.0144
98.7483
98.5669
98.4702
98.4583
98.5312
98.6889
98.9313
98.8521
98.4512
97.7287
96.6846
95.3188
93.6314
91.6224
89.2917
88.3681
88.8516
90.7421
94.0397
98.7444
104.8562
112.3751
121.3010
128.9916
135.4469
140.6668
144.6514
147.4007
148.9146
149.1932
148.2364
147.8060
147.9021
148.5245
149.6733
151.3485
153.5500
156.2780
159.5324
163.0692
166.8884
170.9901
175.3742
180.0408
184.9898
190.2213
195.7352
200.4481
204.3599
207.4708
209.7806
211.2894
211.9972
211.9039
211.0097
209.8744
208.4982
206.8809
205.0227
202.9235
200.5832
198.0020
195.1798
192.5250
190.0377
187.7179
185.5655
183.5805
181.7630
180.1130
178.6304
176.9423
175.0487
172.9496
170.6449
168.1347
165.4191
162.4979
159.3711
155.9779
152.3181
148.3918
144.1989
139.7395
135.0136
130.0212
124.7622
120.2347
116.4387
113.3742
111.0411
109.4396
108.5695
108.4309
109.0238
109.5644
110.0527
110.4886
110.8723
111.2036
111.4827
111.7094
111.8838
112.0684
112.2633
112.4684
112.6837
112.9093
113.1451
113.3912
113.6475
113.8869
114.1093
114.3150
114.5037
114.6755
114.8304
114.9684
115.0895
115.2136
115.3407
115.4707
115.6036
115.7395
115.8783
116.0201
116.1649
116.2974
116.4176
116.5255
116.6211
116.7045
116.7756
116.8345
116.8810
116.8620
116.7773
116.6271
116.4112
116.1298
115.7827
115.3701
114.8919
114.4213
113.9585
113.5033
113.0559
112.6161
112.1841
111.7597
111.3431
111.0794
110.9687
111.0109
111.2061
111.5542
112.0554
112.7094
113.5164
113.9022
113.8667
113.4098
112.5317
111.2324
109.5117
107.3698
104.8065
102.5745
100.6737
99.1040
97.8656
96.9583
96.3823
96.1374
96.2237
95.8979
95.1600
94.0099
92.4477
90.4734
88.0870
85.2884
82.0777
79.3929
77.2339
75.6008
74.4936
73.9123
73.8568
74.3272
75.3235
76.1742
76.8794
77.4390
77.8530
78.1215
78.2445
78.2219
78.0537
77.9304
77.8519
77.8183
77.8296
77.8857
77.9866
78.1324
78.3231
78.5395
78.7817
79.0496
79.3433
79.6628
80.0080
80.3789
80.7757
81.0152
81.0975
81.0227
80.7906
80.4014
79.8550
79.1513
78.2905
77.5234
76.8499
76.2702
75.7841
75.3917
75.0930
74.8879
74.7766
74.6702
74.5689
74.4727
74.3814
74.2952
74.2140
74.1379
74.0668
74.0340
74.0396
74.0836
74.1659
74.2865
74.4456
74.6429
74.8787
75.1422
75.4335
75.7526
76.0994
76.4741
76.8766
77.3068
77.7648
78.2421
78.7388
79.2547
79.7899
80.3444
80.9182
81.5113
82.1237
82.7889
83.5067
84.2774
85.1007
85.9768
86.9057
87.8873
88.9216
89.6857
90.1796
90.4032
90.3567
90.0398
89.4528
88.5955
87.4680
86.4095
85.4199
84.4992
83.6475
82.8647
82.1509
81.5061
80.9302
80.5689
80.4224
80.4905
80.7733
81.2707
81.9829
82.9097
84.0512
85.0579
85.9299
86.6672
87.2698
87.7376
88.0706
88.2689
88.3325
88.4141
88.5137
88.6313
88.7669
88.9204
89.0920
89.2816
89.4892
89.9396
90.6328
91.5689
92.7478
94.1696
95.8341
97.7416
99.8918
101.7481
103.3106
104.5791
105.5537
106.2343
106.6211
106.7139
106.5128
106.3793
106.3133
106.3149
106.3840
106.5207
106.7249
106.9967
107.3360
107.8699
108.5985
109.5218
110.6397
111.9523
113.4595
115.1614
117.0579
118.7822
120.3344
121.7144
122.9221
123.9577
124.8212
125.5124
126.0314
126.8393
127.9359
129.3212
130.9954
132.9583
135.2101
137.7506
140.5798
143.2864
145.8702
148.3314
150.6698
152.8855
154.9785
156.9488
158.7964
160.8542
163.1222
165.6004
168.2889
171.1875
174.2964
177.6154
181.1447
184.2899
187.0509
189.4279
191.4208
193.0295
194.2542
195.0948
195.5512
195.8296
195.9299
195.8521
195.5963
195.1624
194.5504
193.7604
192.7923
192.0427
191.5115
191.1990
191.1049
191.2293
191.5722
192.1336
192.9136
193.6415
194.3175
194.9415
195.5136
196.0336
196.5017
196.9178
197.2820
197.2459
196.8096
195.9730
194.7362
193.0992
191.0620
188.6245
185.7868
183.2481
181.0083
179.0675
177.4257
176.0829
175.0390
174.2941
173.8481
173.4787
173.1859
172.9696
172.8299
172.7667
172.7800
172.8699
173.0364
173.2929
173.6394
174.0760
174.6026
175.2193
175.9259
176.7226
177.6094
178.3975
179.0869
179.6776
180.1697
180.5630
180.8578
181.0538
181.1512
180.9167
180.3503
179.4521
178.2219
176.6600
174.7661
172.5403
169.9827
167.8141
166.0343
164.6436
163.6418
163.0289
162.8050
162.9701
163.5241
163.4183
162.6529
161.2277
159.1428
156.3982
152.9938
148.9298
144.2060
139.6637
135.3028
131.1235
127.1257
123.3094
119.6745
116.2212
112.9494
109.4031
105.5825
101.4874
97.1179
92.4740
87.5558
82.3631
76.8960
71.5856
66.4319
61.4349
56.5946
51.9110
47.3841
43.0140
38.8005
34.6485
30.5580
26.5290
22.5614
18.6554
14.8108
11.0277
7.3061
3.9156
0.8562
-1.8720
-4.2690
-6.3350
-8.0698
-9.4735
-10.5460
-11.4979
-12.3290
-13.0395
-13.6293
-14.0984
-14.4469
-14.6746
-14.7817
-14.9018
-15.0349
-15.1811
-15.3404
-15.5126
-15.6980
-15.8963
-16.1077
-16.3245
-16.5467
-16.7743
-17.0072
-17.2455
-17.4893
-17.7384
-17.9928
-18.2296
-18.4486
-18.6498
-18.8334
-18.9991
-19.1472
-19.2775
-19.3900
-19.5635
-19.7978
-20.0930
-20.4491
-20.8661
-21.3440
-21.8827
-22.4824
-22.8934
-23.1157
-23.1493
-22.9942
-22.6505
-22.1181
-21.3971
-20.4873
-19.1490
-17.3820
-15.1864
-12.5621
-9.5092
-6.0277
-2.1176
2.2212
5.5911
7.9920
9.4241
9.8873
9.3816
7.9069
5.4634
2.0510
1.8630
4.8995
11.1605
20.6459
33.3558
49.2902
68.4490
90.8322
110.0035
125.9627
138.7100
148.2453
155.2537
159.7352
161.6898
161.1176
161.7801
163.6774
166.8094
171.1762
176.7777
183.6140
191.6850
200.9909
208.9012
215.4161
220.5355
224.2594
226.5879
227.5209
227.0584
225.2005
223.5485
222.1025
220.8623
219.8281
218.9998
218.3775
217.9610
217.7505
217.6863
217.7685
217.9970
218.3717
218.8928
219.5603
220.3740
221.3341
221.6003
221.1726
220.0511
218.2357
215.7264
212.5233
208.6262
204.0354
199.3935
194.7007
189.9569
185.1622
180.3165
175.4198
170.4722
165.4736
160.0682
154.2561
148.0372
141.4116
134.3793
126.9401
119.0943
110.8416
103.6011
97.3727
92.1565
87.9524
84.7604
82.5805
81.4127
81.2571
80.9734
80.5615
80.0214
79.3532
78.5569
77.6324
76.5798
75.3991
74.4348
73.6871
73.1559
72.8412
72.7430
72.8613
73.1961
73.7475
74.5409
75.5764
76.8539
78.3735
80.1351
82.1388
84.3845
86.8723
89.0453
90.9035
92.4469
93.6755
94.5892
95.1882
95.4723
95.4417
95.4306
95.4390
95.4670
95.5146
95.5817
95.6684
95.7747
95.9005
96.0530
96.2320
96.4377
96.6700
96.9289
97.2144
97.5266
97.8653
98.7818
100.2759
102.3477
104.9971
108.2242
112.0291
116.4115
121.3717
125.6521
129.2528
132.1737
134.4149
135.9764
136.8581
137.0601
136.5823
136.2179
135.9668
135.8291
135.8047
135.8937
136.0960
136.4117
136.8407
137.3572
137.9611
138.6525
139.4313
140.2976
141.2513
142.2924
143.4210
144.2964
144.9185
145.2875
145.4031
145.2656
144.8748
144.2308
143.3335
142.5582
141.9047
141.3731
140.9634
140.6755
140.5096
140.4655
140.5433
140.4125
140.0730
139.5248
138.7680
137.8024
136.6283
135.2454
133.6539
132.0073
130.3056
128.5487
126.7367
124.8696
122.9474
120.9701
118.9377
117.0123
115.1939
113.4827
111.8784
110.3813
108.9912
107.7081
106.5321
105.3378
104.1251
102.8941
101.6447
100.3770
99.0909
97.7865
96.4637
95.2679
94.1991
93.2573
92.4424
91.7545
91.1936
90.7597
90.4527
90.1808
89.9441
89.7424
89.5759
89.4445
89.3482
89.2870
89.2609
89.3447
89.5385
89.8421
90.2556
90.7790
91.4123
92.1555
93.0086
93.9413
94.9537
96.0456
97.2171
98.4682
99.7990
101.2093
102.6993
104.3792
106.2490
108.3089
110.5587
112.9984
115.6281
118.4478
121.4574
124.0963
126.3645
128.2621
129.7890
130.9451
131.7306
132.1454
132.1895
133.5040
136.0887
139.9438
145.0691
151.4648
159.1308
168.0671
178.2737
186.9780
194.1799
199.8795
204.0768
206.7718
207.9644
207.6547
205.8426
204.3267
203.1070
202.1835
201.5561
201.2249
201.1899
201.4511
202.0084
202.5032
202.9355
203.3052
203.6125
203.8572
204.0394
204.1590
204.2162
204.2857
204.3675
204.4616
204.5680
204.6868
204.8179
204.9613
205.1170
205.2244
205.2833
205.2939
205.2560
205.1698
205.0352
204.8522
204.6208
204.6025
204.7975
205.2056
205.8269
206.6614
207.7091
208.9699
210.4439
210.8258
210.1155
208.3131
205.4185
201.4318
196.3529
190.1818
182.9186
176.1360
169.8338
164.0122
158.6711
153.8105
149.4305
145.5309
142.1119
138.1443
133.6280
128.5631
122.9495
116.7873
110.0765
102.8171
95.0090
87.7876
81.1527
75.1045
69.6429
64.7679
60.4795
56.7778
53.6626
50.4839
47.2415
43.9356
40.5661
37.1330
33.6363
30.0760
26.4522
22.9197
19.4785
16.1287
12.8703
9.7033
6.6276
3.6432
0.7503
-1.9722
-4.5243
-6.9060
-9.1172
-11.1579
-13.0282
-14.7281
-16.2575
-17.3799
-18.0951
-18.4032
-18.3043
-17.7982
-16.8850
-15.5648
-13.8374
-12.1999
-10.6521
-9.1941
-7.8259
-6.5475
-5.3589
-4.2601
-3.2511
-2.2841
-1.3591
-0.4761
0.3648
1.1637
1.9205
2.6354
3.3082
3.9178
4.4642
4.9474
5.3674
5.7241
6.0177
6.2481
6.4153
7.1077
8.3254
10.0684
12.3366
15.1301
18.4489
22.2929
26.6622
30.5183
33.8612
36.6909
39.0074
40.8106
42.1007
42.8775
43.1411
43.7648
44.7484
46.0919
47.7955
49.8590
52.2826
55.0661
58.2096
62.0013
66.4414
71.5298
77.2665
83.6515
90.6848
98.3664
106.6963
114.5376
121.8903
128.7544
135.1298
141.0166
146.4149
151.3245
155.7455
160.6573
166.0600
171.9536
178.3380
185.2132
192.5793
200.4363
208.7841
216.3336
223.0848
229.0378
234.1924
238.5488
242.1069
244.8667
246.8282
248.1946
248.9659
249.1420
248.7230
247.7089
246.0997
243.8954
241.0959
238.2531
235.3670
232.4375
229.4648
226.4487
223.3893
220.2865
217.1405
213.7682
210.1697
206.3450
202.2940
198.0169
193.5136
188.7840
183.8282
179.4805
175.7410
172.6096
170.0863
168.1711
166.8640
166.1651
166.0742
165.0538
163.1038
160.2241
156.4148
151.6760
146.0075
139.4094
131.8817
124.8737
118.3854
112.4168
106.9680
102.0389
97.6295
93.7399
90.3699
86.9091
83.3573
79.7146
75.9809
72.1564
68.2409
64.2345
60.1372
56.2951
52.7081
49.3763
46.2996
43.4782
40.9119
38.6007
36.5447
34.8559
33.5343
32.5800
31.9928
31.7728
31.9200
32.4344
33.3161
34.1844
35.0394
35.8812
36.7096
37.5248
38.3266
39.1152
39.8904
40.6642
41.4363
42.2069
42.9759
43.7434
44.5093
45.2736
46.0364
46.7839
47.5160
48.2328
48.9344
49.6206
50.2915
50.9470
51.5873
52.1335
52.5856
52.9437
53.2077
53.3777
53.4536
53.4355
53.3233
53.4055
53.6821
54.1531
54.8186
55.6785
56.7328
57.9815
59.4246
60.9419
62.5334
64.1990
65.9387
67.7527
69.6408
71.6030
73.6395
75.4752
77.1103
78.5447
79.7785
80.8115
81.6439
82.2757
82.7068
83.3267
84.1354
85.1329
86.3192
87.6943
89.2583
91.0110
92.9526
94.7581
96.4275
97.9610
99.3583
100.6196
101.7449
102.7341
103.5872
104.2870
104.8333
105.2262
105.4657
105.5517
105.4843
105.2635
104.8893
104.6521
104.5519
104.5887
104.7624
105.0732
105.5209
106.1057
106.8274
107.5040
108.1355
108.7219
109.2631
109.7592
110.2101
110.6160
110.9767
111.6843
112.7390
114.1406
115.8893
117.9849
120.4275
123.2170
126.3536
129.1056
131.4730
133.4558
135.0540
136.2676
137.0966
137.5411
137.6010
138.4172
139.9899
142.3190
145.4044
149.2463
153.8445
159.1992
165.3102
170.9810
176.2115
181.0018
185.3518
189.2616
192.7310
195.7603
198.3492
200.6235
202.5829
204.2277
205.5576
206.5729
207.2734
207.6592
207.7302
207.6737
207.4898
207.1785
206.7397
206.1735
205.4798
204.6586
203.7100
202.6417
201.4537
200.1460
198.7185
197.1713
195.5044
193.7177
191.8114
189.9543
188.1464
186.3877
184.6782
183.0180
181.4070
179.8452
178.3326
176.8739
175.4690
174.1179
172.8207
171.5772
170.3876
169.2519
168.1699
166.9278
165.5256
163.9632
162.2407
160.3581
158.3153
156.1124
153.7493
151.3612
148.9481
146.5099
144.0467
141.5585
139.0453
136.5071
133.9438
131.4375
128.9882
126.5959
124.2606
121.9822
119.7609
117.5965
115.4892
113.5184
111.6842
109.9866
108.4256
107.0011
105.7133
104.5620
103.5474
102.4197
101.1789
99.8251
98.3583
96.7785
95.0856
93.2797
91.3608
89.6391
88.1147
86.7876
85.6577
84.7251
83.9897
83.4516
83.1107
82.6461
82.0576
81.3453
80.5093
79.5494
78.4657
77.2582
75.9269
74.6305
73.3689
72.1421
70.9503
69.7932
68.6710
67.5837
66.5312
65.5804
64.7315
63.9842
63.3388
62.7951
62.3532
62.0130
61.7746
61.5648
61.3836
61.2309
61.1068
61.0113
60.9444
60.9061
60.8963
61.0132
61.2568
61.6271
62.1240
62.7477
63.4980
64.3750
65.3786
66.4256
67.5158
68.6493
69.8261
71.0461
72.3095
73.6160
74.9659
75.9307
76.5103
76.7049
76.5143
75.9387
74.9779
73.6320
71.9010
70.5011
69.4322
68.6943
68.2874
68.2115
68.4667
69.0529
69.9701
70.8198
71.6021
72.3168
72.9640
73.5438
74.0560
74.5007
74.8780
75.3140
75.8087
76.3623
76.9745
77.6456
78.3754
79.1640
80.0113
80.9330
81.9291
82.9996
84.1445
85.3637
86.6574
88.0254
89.4679
90.7273
91.8036
92.6969
93.4072
93.9344
94.2785
94.4397
94.4177
95.2453
96.9222
99.4487
102.8245
107.0498
112.1246
118.0488
124.8224
131.1295
136.9699
142.3438
147.2510
151.6917
155.6657
159.1732
162.2141
165.2371
168.2423
171.2298
174.1994
177.1512
180.0852
183.0014
185.8998
188.4127
190.5401
192.2820
193.6385
194.6094
195.1949
195.3949
195.2094
194.9900
194.7368
194.4498
194.1289
193.7742
193.3856
192.9632
192.5070
191.5621
190.1284
188.2060
185.7949
182.8950
179.5064
175.6292
171.2631
167.2900
163.7098
160.5224
157.7280
155.3264
153.3177
151.7019
150.4790
149.2216
147.9298
146.6034
145.2426
143.8473
142.4175
140.9532
139.4544
137.9757
136.5171
135.0785
133.6599
132.2614
130.8830
129.5246
128.1862
126.9631
125.8554
124.8629
123.9856
123.2237
122.5770
122.0456
121.6295
120.9124
119.8942
118.5750
116.9547
115.0334
112.8110
110.2876
107.4631
104.8123
102.3352
100.0317
97.9020
95.9459
94.1634
92.5547
91.1196
89.6034
88.0058
86.3271
84.5672
82.7260
80.8036
78.8000
76.7152
74.7479
72.8982
71.1661
69.5515
68.0544
66.6750
65.4130
64.2687
63.3419
62.6326
62.1408
61.8666
61.8098
61.9707
62.3490
62.9449
63.5793
64.2524
64.9640
65.7141
66.5029
67.3302
68.1961
69.1006
69.9357
70.7015
71.3980
72.0252
72.5830
73.0716
73.4908
73.8406
74.2472
74.7105
75.2304
75.8071
76.4405
77.1305
77.8773
78.6807
79.6120
80.6710
81.8579
83.1727
84.6152
86.1856
87.8837
89.7097
91.2916
92.6294
93.7230
94.5725
95.1778
95.5391
95.6562
95.5292
95.4370
95.3798
95.3574
95.3700
95.4174
95.4997
95.6169
95.7689
95.7103
95.4410
94.9609
94.2702
93.3687
92.2565
90.9336
89.4000
88.0289
86.8203
85.7742
84.8907
84.1697
83.6111
83.2151
82.9816
82.9043
82.9830
83.2179
83.6089
84.1560
84.8592
85.7185
86.7340
87.7035
88.6271
89.5048
90.3365
91.1223
91.8622
92.5562
93.2042
93.9663
94.8423
95.8324
96.9365
98.1546
99.4868
100.9329
102.4931
104.1720
105.9698
107.8864
109.9217
112.0759
114.3488
116.7406
119.2512
121.3733
123.1071
124.4524
125.4092
125.9777
126.1577
125.9494
125.3525
125.0711
125.1049
125.4540
126.1185
127.0983
128.3933
130.0037
131.9295
133.5204
134.7764
135.6977
136.2841
136.5358
136.4526
136.0345
135.2817
134.7833
134.5395
134.5501
134.8152
135.3348
136.1089
137.1374
138.4205
139.4909
140.3485
140.9934
141.4255
141.6449
141.6517
141.4456
141.0269
140.4672
139.7665
138.9249
137.9424
136.8189
135.5545
134.1491
132.6028
131.1344
129.7439
128.4314
127.1968
126.0402
124.9615
123.9607
123.0379
121.9256
120.6239
119.1326
117.4519
115.5818
113.5221
111.2730
108.8344
106.5860
104.5278
102.6598
100.9821
99.4945
98.1971
97.0899
96.1729
95.2656
94.3680
93.4801
92.6019
91.7333
90.8744
90.0252
89.1857
88.3244
87.4413
86.5363
85.6096
84.6610
83.6906
82.6984
81.6844
80.6780
79.6794
78.6884
77.7052
76.7296
75.7617
74.8015
73.8490
72.8038
71.6660
70.4355
69.1124
67.6967
66.1883
64.5872
62.8935
61.4369
60.2175
59.2351
58.4899
57.9818
57.7109
57.6770
57.8803
58.1469
58.4769
58.8702
59.3268
59.8468
60.4302
61.0768
61.7869
62.4404
63.0375
63.5780
64.0621
64.4897
64.8608
65.1754
65.4336
65.9118
66.6102
67.5287
68.6673
70.0261
71.6049
73.4040
75.4231
77.3012
79.0383
80.6344
82.0895
83.4036
84.5767
85.6088
86.4999
87.4919
88.5848
89.7788
91.0736
92.4694
93.9662
95.5639
97.2625
99.0994
101.0745
103.1879
105.4394
107.8292
110.3573
113.0235
115.8280
118.4108
120.7720
122.9116
124.8295
126.5258
128.0004
129.2534
130.2848
131.7400
133.6192
135.9222
138.6491
141.7999
145.3746
149.3732
153.7956
157.9843
161.9392
165.6604
169.1478
172.4015
175.4213
178.2075
180.7598
183.2743
185.7509
188.1896
190.5904
192.9533
195.2784
197.5655
199.8148
201.9019
203.8268
205.5894
207.1898
208.6280
209.9040
211.0178
211.9693
212.9353
213.9158
214.9106
215.9199
216.9437
217.9819
219.0345
220.1016
220.7621
221.0162
220.8637
220.3047
219.3393
217.9673
216.1887
214.0037
211.9543
210.0405
208.2622
206.6196
205.1126
203.7411
202.5053
201.4050
200.3830
199.4391
198.5735
197.7860
197.0768
196.4458
195.8930
195.4183
194.6354
193.5440
192.1444
190.4363
188.4199
186.0952
183.4620
180.5206
177.7260
175.0784
172.5778
170.2240
168.0172
165.9573
164.0444
162.2784
160.2535
157.9697
155.4270
152.6255
149.5650
146.2457
142.6675
138.8304
135.0371
131.2875
127.5816
123.9195
120.3011
116.7265
113.1956
109.7085
106.5045
103.5836
100.9459
98.5913
96.5199
94.7316
93.2265
92.0045
90.5619
88.8986
87.0148
84.9104
82.5853
80.0397
77.2734
74.2865
71.4816
68.8587
66.4178
64.1588
62.0819
60.1869
58.4738
56.9428
55.2640
53.4374
51.4629
49.3407
47.0707
44.6529
42.0873
39.3739
37.0781
35.1998
33.7392
32.6961
32.0706
31.8627
32.0724
32.6997
32.9282
32.7580
32.1890
31.2213
29.8549
28.0898
25.9259
23.3633
21.1940
19.4181
18.0355
17.0463
16.4505
16.2480
16.4388
17.0230
17.6096
18.1985
18.7898
19.3834
19.9794
20.5777
21.1783
21.7813
22.4142
23.0769
23.7695
24.4919
25.2441
26.0262
26.8381
27.6799
28.4150
29.0434
29.5651
29.9801
30.2884
30.4900
30.5849
30.5731
30.5690
30.5724
30.5835
30.6023
30.6286
30.6626
30.7042
30.7535
31.5528
33.1021
35.4016
38.4511
42.2507
46.8003
52.1000
58.1498
63.4951
68.1358
72.0721
75.3038
77.8311
79.6538
80.7720
81.1857
82.0798
83.4542
85.3091
87.6444
90.4601
93.7562
97.5326
101.7895
105.6734
109.1843
112.3223
115.0874
117.4795
119.4986
121.1448
122.4180
123.4337
124.1918
124.6924
124.9354
124.9209
124.6489
124.1193
123.3322
123.4744
124.5459
126.5466
129.4767
133.3361
138.1248
143.8427
150.4900
156.4534
161.7329
166.3285
170.2402
173.4680
176.0119
177.8719
179.0480
180.4113
181.9616
183.6990
185.6235
187.7351
190.0338
192.5196
195.1925
197.4545
199.3056
200.7459
201.7752
202.3937
202.6013
202.3981
201.7839
201.1994
200.6445
200.1192
199.6236
199.1575
198.7211
198.3144
197.9372
197.2468
196.2432
194.9262
193.2961
191.3527
189.0960
186.5261
183.6430
181.0571
178.7684
176.7769
175.0827
173.6857
172.5860
171.7835
171.2782
170.4783
169.3837
167.9944
166.3104
164.3317
162.0584
159.4903
156.6277
153.9253
151.3833
149.0016
146.7803
144.7193
142.8186
141.0783
139.4984
138.3045
137.4967
137.0749
137.0393
137.3897
138.1261
139.2487
140.7573
140.9116
139.7115
137.1570
133.2482
127.9849
121.3674
113.3955
104.0692
96.2398
89.9073
85.0717
81.7330
79.8913
79.5464
80.6984
83.3474
85.7488
87.9027
89.8090
91.4678
92.8791
94.0429
94.9591
95.6278
95.3197
94.0349
91.7734
88.5351
84.3201
79.1283
72.9598
65.8146
59.5993
54.3140
49.9587
46.5334
44.0380
42.4727
41.8373
42.1318
42.4125
42.6794
42.9324
43.1715
43.3968
43.6082
43.8058
43.9895
44.2085
44.4627
44.7522
45.0770
45.4371
45.8325
46.2631
46.7290
47.0494
47.2242
47.2534
47.1371
46.8752
46.4678
45.9148
45.2163
45.0404
45.3872
46.2567
47.6488
49.5636
52.0010
54.9611
58.4439
61.3381
63.6437
65.3606
66.4890
67.0287
66.9798
66.3424
65.1163
64.6104
64.8249
65.7595
67.4145
69.7897
72.8851
76.7008
81.2368
85.6872
90.0522
94.3318
98.5258
102.6344
106.6575
110.5951
114.4472
117.6500
120.2034
122.1074
123.3620
123.9672
123.9231
123.2296
121.8867
121.1054
120.8856
121.2274
122.1308
123.5958
125.6224
128.2105
131.3602
134.2510
136.8830
139.2560
141.3702
143.2255
144.8219
146.1595
147.2381
148.1328
148.8435
149.3702
149.7129
149.8716
149.8463
149.6370
149.2437
148.7429
148.1345
147.4185
146.5950
145.6640
144.6254
143.4792
142.2255
141.1640
140.2947
139.6176
139.1327
138.8400
138.7395
138.8312
139.1150
139.3625
139.5734
139.7479
139.8860
139.9876
140.0527
140.0814
140.0736
140.0102
139.8912
139.7166
139.4864
139.2007
138.8593
138.4623
138.0098
137.4471
136.7742
135.9912
135.0980
134.0947
132.9812
131.7576
130.4238
128.9650
127.3812
125.6724
123.8386
121.8798
119.7960
117.5873
115.2535
113.1726
111.3447
109.7697
108.4477
107.3786
106.5624
105.9992
105.6889
105.1099
104.2620
103.1454
101.7600
100.1059
98.1830
95.9913
93.5308
91.3284
89.3842
87.6980
86.2699
85.0999
84.1880
83.5342
83.1385
82.5134
81.6590
80.5752
79.2620
77.7194
75.9474
73.9461
71.7154
69.7255
67.9765
66.4683
65.2009
64.1743
63.3886
62.8437
62.5396
62.3285
62.2105
62.1855
62.2535
62.4145
62.6686
63.0156
63.4557
63.8493
64.1963
64.4969
64.7509
64.9584
65.1194
65.2339
65.3019
65.7138
66.4697
67.5695
69.0132
70.8009
72.9325
75.4081
78.2276
80.9167
83.4754
85.9037
88.2016
90.3691
92.4062
94.3129
96.0892
98.0184
100.1005
102.3355
104.7234
107.2643
109.9580
112.8046
115.8041
118.6231
121.2616
123.7195
125.9969
128.0937
130.0100
131.7457
133.3009
134.8504
136.3942
137.9323
139.4646
140.9912
142.5121
144.0273
145.5368
146.9097
148.1459
149.2455
150.2085
151.0348
151.7246
152.2777
152.6942
153.1581
153.6694
154.2281
154.8343
155.4878
156.1888
156.9372
157.7331
158.5360
159.3460
160.1631
160.9873
161.8185
162.6569
163.5024
164.3549
165.4008
166.6400
168.0725
169.6983
171.5174
173.5299
175.7356
178.1347
180.4407
182.6536
184.7734
186.8001
188.7337
190.5742
192.3217
193.9760
195.4478
196.7372
197.8440
198.7684
199.5103
200.0697
200.4465
200.6410
200.3503
199.5747
198.3140
196.5684
194.3377
191.6220
188.4212
184.7355
181.0368
177.3252
173.6007
169.8633
166.1129
162.3496
158.5734
154.7843
151.3413
148.2444
145.4937
143.0891
141.0306
139.3183
137.9521
136.9320
135.7910
134.5291
133.1464
131.6427
130.0181
128.2726
126.4062
124.4189
122.5552
120.8151
119.1985
117.7055
116.3360
115.0901
113.9678
112.9691
112.1117
111.3957
110.8210
110.3877
110.0958
109.9452
109.9360
110.0681
110.0499
109.8814
109.5626
109.0934
108.4740
107.7041
106.7840
105.7135
104.7613
103.9274
103.2117
102.6142
102.1351
101.7741
101.5315
101.4071
101.1888
100.8765
100.4703
99.9702
99.3761
98.6882
97.9062
97.0304
96.0742
95.0378
93.9210
92.7239
91.4465
90.0887
88.6507
87.1323
85.6696
84.2625
82.9111
81.6152
80.3751
79.1905
78.0616
76.9883
76.0169
75.1474
74.3798
73.7141
73.1502
72.6883
72.3282
72.0701
71.6615
71.1026
70.3933
69.5337
68.5236
67.3633
66.0525
64.5913
63.0602
61.4589
59.7876
58.0463
56.2349
54.3534
52.4019
50.3803
48.0801
45.5012
42.6437
39.5074
36.0926
32.3990
28.4269
24.1760
20.3571
16.9700
14.0149
11.4917
9.4004
7.7410
6.5135
5.7179
4.9303
4.1505
3.3786
2.6147
1.8586
1.1105
0.3702
-0.3622
-0.6765
-0.5729
-0.0513
0.8883
2.2459
4.0215
6.2150
8.8266
11.5540
14.3974
17.3566
20.4317
23.6228
26.9297
30.3526
33.8913
37.3519
40.7343
44.0385
47.2646
50.4125
53.4822
56.4737
59.3871
62.2209
64.9750
67.6494
70.2442
72.7594
75.1949
77.5507
79.8269
81.9499
83.9197
85.7364
87.3998
88.9101
90.2672
91.4711
92.5218
93.5367
94.5158
95.4591
96.3665
97.2382
98.0740
98.8741
99.6383
100.7116
102.0939
103.7853
105.7857
108.0953
110.7138
113.6415
116.8782
120.0646
123.2007
126.2866
129.3222
132.3075
135.2426
138.1273
140.9618
143.8119
146.6777
149.5591
152.4562
155.3688
158.2971
161.2411
164.2007
167.0344
169.7422
172.3242
174.7803
177.1106
179.3149
181.3934
183.3461
184.9014
186.0595
186.8204
187.1839
187.1502
186.7193
185.8910
184.6655
183.5373
182.5063
181.5725
180.7359
179.9966
179.3545
178.8097
178.3621
178.0752
177.9489
177.9833
178.1783
178.5341
179.0504
179.7275
180.5652
181.3645
182.1255
182.8481
183.5324
184.1784
184.7859
185.3551
185.8860
186.3444
186.7304
187.0440
187.2851
187.4539
187.5501
187.5740
187.5254
187.2532
186.7574
186.0380
185.0950
183.9283
182.5380
180.9242
179.0866
177.2059
175.2820
173.3149
171.3046
169.2511
167.1544
165.0145
162.8314
160.8335
159.0207
157.3931
155.9506
154.6933
153.6211
152.7341
152.0322
151.1300
150.0276
148.7248
147.2218
145.5185
143.6149
141.5109
139.2067
136.8389
134.4076
131.9126
129.3540
126.7319
124.0461
121.2968
118.4839
115.9205
113.6066
111.5422
109.7274
108.1620
106.8462
105.7799
104.9631
103.9062
102.6092
101.0722
99.2950
97.2778
95.0204
92.5230
89.7854
87.3826
85.3146
83.5813
82.1828
81.1190
80.3900
79.9957
79.9362
79.7147
79.3311
78.7854
78.0777
77.2080
76.1762
74.9824
73.6265
72.3650
71.1977
70.1249
69.1463
68.2621
67.4721
66.7766
66.1753
65.4189
64.5073
63.4406
62.2188
60.8418
59.3096
57.6223
55.7799
54.1131
52.6221
51.3068
50.1672
49.2034
48.4152
47.8028
47.3661
46.9919
46.6801
46.4308
46.2439
46.1195
46.0576
46.0581
46.1211
46.2446
46.4284
46.6728
46.9775
47.3427
47.7683
48.2544
48.8009
49.6048
50.6659
51.9843
53.5601
55.3931
57.4834
59.8311
62.4361
65.0297
67.6120
70.1829
72.7425
75.2907
77.8276
80.3531
82.8673
85.7558
89.0184
92.6554
96.6665
101.0520
105.8116
110.9455
116.4537
121.5742
126.3070
130.6522
134.6097
138.1795
141.3617
144.1562
146.5630
148.9378
151.2806
153.5914
155.8702
158.1170
160.3317
162.5145
164.6652
166.5326
168.1167
169.4175
170.4350
171.1692
171.6200
171.7876
171.6718
171.5318
171.3678
171.1795
170.9671
170.7305
170.4698
170.1849
169.8759
169.5832
169.3070
169.0471
168.8037
168.5766
168.3659
168.1717
167.9938
167.3951
166.3755
164.9351
163.0739
160.7918
158.0889
154.9652
151.4206
147.9982
144.6979
141.5198
138.4638
135.5300
132.7183
130.0288
127.4614
125.1442
123.0773
121.2605
119.6940
118.3778
117.3117
116.4958
115.9302
115.0196
113.7641
112.1635
110.2180
107.9275
105.2921
102.3116
98.9862
95.8289
92.8397
90.0185
87.3654
84.8804
82.5635
80.4147
78.4339
76.5845
74.8666
73.2801
71.8249
70.5012
69.3089
68.2480
67.3185
66.4380
65.6063
64.8237
64.0899
63.4051
62.7693
62.1823
61.6444
61.2828
61.0976
61.0888
61.2565
61.6006
62.1210
62.8179
63.6912
64.5009
65.2470
65.9296
66.5485
67.1039
67.5958
68.0240
68.3887
68.6303
68.7488
68.7442
68.6166
68.3659
67.9921
67.4953
66.8754
66.1729
65.3880
64.5204
63.5704
62.5378
61.4226
60.2250
58.9447
57.9079
57.1143
56.5641
56.2572
56.1936
56.3734
56.7965
57.4629
58.2124
59.0450
59.9606
60.9593
62.0411
63.2059
64.4538
65.7848
67.5149
69.6442
72.1727
75.1004
78.4272
82.1532
86.2784
90.8028
94.9052
98.5856
101.8441
104.6805
107.0950
109.0875
110.6580
111.8065
113.5333
115.8386
118.7222
122.1841
126.2244
130.8431
136.0402
141.8156
147.0685
151.7988
156.0066
159.6919
162.8546
165.4948
167.6125
169.2076
170.8838
172.6411
174.4794
176.3988
178.3993
180.4808
182.6435
184.8871
186.7782
188.3166
189.5023
190.3353
190.8157
190.9435
190.7186
190.1410
189.6564
189.2648
188.9663
188.7608
188.6482
188.6287
188.7022
188.8687
189.0058
189.1134
189.1916
189.2403
189.2595
189.2493
189.2097
189.1406
189.1306
189.1798
189.2881
189.4555
189.6821
189.9679
190.3128
190.7168
190.8714
190.7765
190.4322
189.8385
188.9953
187.9027
186.5606
184.9691
183.2778
181.4869
179.5961
177.6057
175.5155
173.3256
171.0359
168.6465
166.3623
164.1833
162.1094
160.1407
158.2772
156.5188
154.8657
153.3176
151.6701
149.9230
148.0763
146.1301
144.0843
141.9390
139.6941
137.3497
134.9290
132.4320
129.8588
127.2093
124.4835
121.6815
118.8032
115.8486
113.0646
110.4513
108.0087
105.7367
103.6354
101.7047
99.9447
98.3554
96.4613
94.2624
91.7588
88.9504
85.8373
82.4194
78.6968
74.6694
71.0821
67.9348
65.2276
62.9605
61.1335
59.7465
58.7996
58.2927
57.6435
56.8519
55.9178
54.8414
53.6226
52.2614
50.7579
49.1119
47.5695
46.1307
44.7955
43.5639
42.4358
41.4114
40.4905
39.6732
38.9581
38.3452
37.8344
37.4258
37.1194
36.9151
36.8131
36.8131
36.5951
36.1590
35.5047
34.6323
33.5418
32.2331
30.7064
28.9615
27.4032
26.0315
24.8464
23.8479
23.0360
22.4107
21.9720
21.7199
21.6764
21.8417
22.2156
22.7982
23.5895
24.5894
25.7981
27.2154
28.5303
29.7428
30.8528
31.8604
32.7655
33.5682
34.2685
34.8664
35.6430
36.5984
37.7327
39.0457
40.5376
42.2082
44.0576
46.0859
48.1956
50.3867
52.6593
55.0133
57.4487
59.9656
62.5639
65.2437
68.0751
71.0581
74.1926
77.4788
80.9165
84.5058
88.2468
92.1393
96.1776
100.3617
104.6916
109.1673
113.7889
118.5562
123.4693
128.5282
133.3717
137.9999
142.4126
146.6099
150.5918
154.3583
157.9094
161.2451
164.4268
167.4544
170.3281
173.0476
175.6132
178.0247
180.2822
182.3857
184.1728
185.6435
186.7978
187.6357
188.1573
188.3625
188.2513
187.8237
187.4026
186.9878
186.5794
186.1775
185.7819
185.3927
185.0100
184.6336
183.8738
182.7305
181.2038
179.2936
176.9999
174.3228
171.2622
167.8182
164.7254
161.9838
159.5934
157.5543
155.8664
154.5297
153.5442
152.9100
152.2876
151.6769
151.0781
150.4910
149.9158
149.3523
148.8007
148.2608
147.6333
146.9182
146.1155
145.2252
144.2473
143.1817
142.0285
140.7877
139.5976
138.4582
137.3694
136.3313
135.3440
134.4073
133.5212
132.6859
131.8297
130.9525
130.0545
129.1356
128.1957
127.2350
126.2533
125.2508
124.3229
123.4697
122.6911
121.9872
121.3580
120.8035
120.3236
119.9184
119.4786
119.0042
118.4953
117.9518
117.3737
116.7610
116.1138
115.4319
114.4588
113.1944
111.6388
109.7918
107.6536
105.2240
102.5032
99.4911
96.8221
94.4961
92.5131
90.8732
89.5764
88.6226
88.0118
87.7441
87.2184
86.4346
85.3928
84.0929
82.5350
80.7191
78.6451
76.3130
74.2959
72.5937
71.2065
70.1341
69.3767
68.9342
68.8066
68.9939
69.0579
68.9986
68.8159
68.5100
68.0807
67.5281
66.8521
66.0529
65.3658
64.7910
64.3283
63.9779
63.7397
63.6136
63.5998
63.6982
63.7163
63.6542
63.5118
63.2892
62.9864
62.6032
62.1399
61.5963
61.3158
61.2984
61.5441
62.0530
62.8249
63.8600
65.1582
66.7194
68.4266
70.2797
72.2787
74.4235
76.7142
79.1509
81.7334
84.4618
87.0723
89.5649
91.9396
94.1964
96.3353
98.3563
100.2594
102.0445
103.9073
105.8477
107.8656
109.9611
112.1343
114.3850
116.7133
119.1192
121.4221
123.6219
125.7187
127.7124
129.6030
131.3907
133.0752
134.6567
136.3331
138.1042
139.9701
141.9308
143.9862
146.1365
148.3816
150.7214
152.8583
154.7921
156.5228
158.0505
159.3752
160.4968
161.4154
162.1309
162.4481
162.3669
161.8872
161.0092
159.7327
158.0579
155.9847
153.5130
151.3686
149.5514
148.0614
146.8986
146.0629
145.5545
145.3733
145.5193
145.3026
144.7231
143.7808
142.4758
140.8081
138.7776
136.3844
133.6284
131.3306
129.4908
128.1092
127.1857
126.7204
126.7131
127.1640
128.0730
128.9156
129.6918
130.4015
131.0448
131.6217
132.1322
132.5762
132.9539
133.2373
133.4266
133.5218
133.5228
133.4296
133.2423
132.9608
132.5852
132.1932
131.7849
131.3603
130.9194
130.4621
129.9886
129.4987
128.9924
128.5204
128.0825
127.6789
127.3093
126.9740
126.6729
126.4059
126.1731
125.9282
125.6712
125.4022
125.1210
124.8277
124.5224
124.2050
123.8754
123.4791
123.0160
122.4862
121.8896
121.2262
120.4960
119.6990
118.8353
117.9518
117.0486
116.1256
115.1828
114.2203
113.2381
112.2361
111.2143
110.1475
109.0355
107.8785
106.6764
105.4291
104.1368
102.7994
101.4169
100.0435
98.6791
97.3238
95.9776
94.6404
93.3123
91.9932
90.6832
89.5095
88.4719
87.5706
86.8055
86.1766
85.6839
85.3275
85.1073
84.8524
84.5628
84.2384
83.8794
83.4857
83.0573
82.5943
82.0965
81.6576
81.2777
80.9568
80.6948
80.4917
80.3476
80.2624
80.2361
80.4260
80.8320
81.4542
82.2924
83.3468
84.6172
86.1039
87.8066
89.4348
90.9885
92.4676
93.8723
95.2024
96.4581
97.6392
98.7457
99.9420
101.2278
102.6032
104.0683
105.6230
107.2674
109.0013
110.8249
112.5867
114.2868
115.9250
117.5015
119.0161
120.4690
121.8602
123.1895
124.7161
126.4398
128.3608
130.4791
132.7945
135.3072
138.0170
140.9241
143.7263
146.4234
149.0157
151.5029
153.8852
156.1625
158.3349
160.4023
162.2473
163.8699
165.2701
166.4478
167.4031
168.1360
168.6465
168.9345
169.0006
168.8448
168.4670
167.8673
167.0456
166.0020
164.7364
163.2489
161.6610
159.9728
158.1842
156.2952
154.3059
152.2162
150.0261
147.7357
145.5850
143.5741
141.7030
139.9716
138.3800
136.9282
135.6161
134.4439
133.1610
131.7675
130.2635
128.6488
126.9236
125.0877
123.1413
121.0843
118.9926
116.8663
114.7053
112.5096
110.2793
108.0143
105.7147
103.3803
101.0769
98.8043
96.5626
94.3518
92.1718
90.0227
87.9044
85.8171
83.8967
82.1434
80.5570
79.1377
77.8854
76.8001
75.8818
75.1306
74.3604
73.5714
72.7635
71.9367
71.0910
70.2265
69.3430
68.4407
67.5649
66.7158
65.8931
65.0971
64.3276
63.5847
62.8683
62.1785
61.4347
60.6367
59.7846
58.8784
57.9181
56.9038
55.8353
54.7127
53.6798
52.7365
51.8828
51.1187
50.4443
49.8595
49.3644
48.9588
48.6206
48.3496
48.1458
48.0093
47.9401
47.9381
48.0034
48.1360
48.1506
48.0472
47.8258
47.4865
47.0292
46.4539
45.7607
44.9495
44.2646
43.7059
43.2736
42.9675
42.7878
42.7344
42.8072
43.0063
43.0090
42.8151
42.4246
41.8377
41.0542
40.0743
38.8978
37.5248
36.4342
35.6262
35.1006
34.8575
34.8968
35.2187
35.8230
36.7097
37.5012
38.1972
38.7979
39.3032
39.7132
40.0278
40.2471
40.3709
40.5921
40.9106
41.3265
41.8396
42.4500
43.1578
43.9628
44.8652
45.9288
47.1536
48.5396
50.0869
51.7954
53.6651
55.6960
57.8881
59.9796
61.9705
63.8607
65.6504
67.3394
68.9278
70.4156
71.8028
73.6207
75.8693
78.5487
81.6588
85.1997
89.1713
93.5737
98.4068
103.0496
107.5020
111.7641
115.8358
119.7172
123.4083
126.9090
130.2193
133.5560
136.9189
140.3082
143.7237
147.1656
150.6337
154.1281
157.6489
161.0142
164.2243
167.2790
170.1784
172.9224
175.5111
177.9444
180.2224
182.4879
184.7407
186.9811
189.2088
191.4241
193.6267
195.8168
197.9944
199.9421
201.6599
203.1479
204.4061
205.4344
206.2329
206.8016
207.1404
207.4972
207.8721
208.2651
208.6761
209.1052
209.5523
210.0175
210.5008
211.1665
212.0147
213.0453
214.2585
215.6541
217.2322
218.9928
220.9359
222.6143
224.0281
225.1773
226.0620
226.6820
227.0374
227.1281
226.9543
226.8406
226.7870
226.7936
226.8602
226.9871
227.1740
227.4211
227.7282
227.8148
227.6807
227.3259
226.7505
225.9545
224.9378
223.7004
222.2424
220.7534
219.2334
217.6823
216.1002
214.4871
212.8429
211.1678
209.4616
207.7370
205.9939
204.2324
202.4525
200.6541
198.8373
197.0021
195.1484
193.2881
191.4211
189.5475
187.6672
185.7803
183.8867
181.9865
180.0797
177.8310
175.2405
172.3083
169.0342
165.4184
161.4608
157.1613
152.5201
148.2789
144.4379
140.9968
137.9559
135.3150
133.0742
131.2335
129.7928
127.5796
124.5938
120.8354
116.3044
111.0008
104.9246
98.0758
90.4545
83.5493
77.3603
71.8874
67.1306
63.0900
59.7656
57.1573
55.2651
53.3953
51.5479
49.7228
47.9200
46.1397
44.3816
42.6460
40.9326
39.3683
37.9529
36.6864
35.5689
34.6003
33.7807
33.1100
32.5883
31.9590
31.2222
30.3777
29.4257
28.3660
27.1988
25.9241
24.5417
23.4309
22.5916
22.0239
21.7278
21.7032
21.9502
22.4688
23.2589
23.9781
24.6265
25.2039
25.7104
26.1461
26.5108
26.8046
27.0276
27.2645
27.5153
27.7802
28.0589
28.3517
28.6584
28.9790
29.3137
29.6445
29.9717
30.2951
30.6148
30.9307
31.2429
31.5513
31.8560
32.1624
32.4706
32.7804
33.0919
33.4052
33.7202
34.0368
34.3552
34.6558
34.9385
35.2033
35.4503
35.6794
35.8907
36.0841
36.2597
36.4825
36.7525
37.0698
37.4343
37.8460
38.3050
38.8112
39.3646
40.2403
41.4382
42.9584
44.8008
46.9655
49.4524
52.2615
55.3929
58.2799
60.9225
63.3208
65.4747
67.3842
69.0493
70.4701
71.6464
72.9848
74.4850
76.1473
77.9715
79.9576
82.1057
84.4157
86.8877
89.3724
91.8698
94.3798
96.9026
99.4381
101.9863
104.5471
107.1207
109.6716
112.1998
114.7054
117.1884
119.6486
122.0862
124.5012
126.8934
129.5167
132.3710
135.4562
138.7725
142.3197
146.0979
150.1072
154.3474
158.1671
161.5662
164.5449
167.1031
169.2408
170.9579
172.2546
173.1307
173.9894
174.8307
175.6546
176.4611
177.2502
178.0218
178.7761
179.5129
179.8163
179.6862
179.1227
178.1258
176.6954
174.8316
172.5344
169.8037
167.0895
164.3919
161.7109
159.0464
156.3984
153.7670
151.1522
148.5538
146.3270
144.4715
142.9874
141.8748
141.1336
140.7638
140.7654
141.1384
141.7066
142.4699
143.4283
144.5818
145.9304
147.4742
149.2131
151.1471
152.7586
154.0476
155.0139
155.6578
155.9791
155.9778
155.6540
155.0077
154.4468
153.9714
153.5814
153.2768
153.0578
152.9241
152.8759
152.9132
152.9360
152.9444
152.9383
152.9178
152.8828
152.8334
152.7695
152.6911
152.5838
152.4473
152.2818
152.0873
151.8637
151.6111
151.3294
151.0186
150.7954
150.6598
150.6117
150.6512
150.7783
150.9929
151.2950
151.6848
151.4781
150.6750
149.2756
147.2798
144.6876
141.4990
137.7140
133.3326
129.6717
126.7311
124.5109
123.0111
122.2317
122.1726
122.8340
124.2157
125.1939
125.7685
125.9396
125.7071
125.0710
124.0313
122.5881
120.7413
119.0394
117.4823
116.0701
114.8028
113.6804
112.7028
111.8701
111.1823
110.4215
109.5879
108.6813
107.7019
106.6495
105.5242
104.3260
103.0549
101.7854
100.5174
99.2510
97.9863
96.7230
95.4614
94.2014
92.9429
91.7846
90.7266
89.7687
88.9110
88.1535
87.4962
86.9390
86.4821
86.0268
85.5731
85.1209
84.6704
84.2214
83.7741
83.3283
82.8841
82.4955
82.1624
81.8849
81.6630
81.4966
81.3857
81.3304
81.3307
81.2414
81.0625
80.7941
80.4361
79.9886
79.4515
78.8248
78.1086
77.4715
76.9136
76.4347
76.0350
75.7145
75.4731
75.3108
75.2276
75.1417
75.0530
74.9616
74.8674
74.7704
74.6707
74.5682
74.4629
74.2960
74.0674
73.7772
73.4253
73.0117
72.5365
71.9997
71.4012
71.1123
71.1330
71.4633
72.1033
73.0528
74.3120
75.8807
77.7591
79.3859
80.7610
81.8846
82.7566
83.3769
83.7457
83.8629
83.7284
83.6346
83.5813
83.5686
83.5965
83.6649
83.7739
83.9235
84.1137
84.5489
85.2292
86.1546
87.3251
88.7407
90.4014
92.3071
94.4580
96.2053
97.5490
98.4892
99.0259
99.1590
98.8886
98.2146
97.1371
96.5008
96.3057
96.5518
97.2391
98.3676
99.9373
101.9482
104.4004
106.4904
108.2183
109.5841
110.5878
111.2295
111.5090
111.4264
110.9817
110.8568
111.0516
111.5661
112.4004
113.5545
115.0283
116.8219
118.9352
120.9212
122.7799
124.5113
126.1155
127.5923
128.9418
130.1641
131.2590
132.1606
132.8688
133.3836
133.7050
133.8331
133.7678
133.5092
133.0571
132.5904
132.1088
131.6125
131.1015
130.5757
130.0352
129.4799
128.9099
128.4321
128.0467
127.7535
127.5526
127.4440
127.4277
127.5037
127.6720
127.8854
128.1439
128.4476
128.7963
129.1902
129.6293
130.1134
130.6427
131.0756
131.4120
131.6520
131.7956
131.8428
131.7935
131.6478
131.4056
131.1691
130.9381
130.7126
130.4928
130.2784
130.0697
129.8665
129.6689
129.4495
129.2084
128.9455
128.6608
128.3544
128.0262
127.6763
127.3046
126.7696
126.0714
125.2100
124.1854
122.9975
121.6463
120.1320
118.4543
116.9262
115.5476
114.3184
113.2387
112.3085
111.5278
110.8965
110.4147
109.9890
109.6193
