52.6335
52.3749
51.9979
51.5026
50.8890
50.1571
49.6559
49.3853
49.3454
49.5361
49.9575
50.6096
51.4923
52.6057
53.4952
54.1609
54.6027
54.8208
54.8149
54.5853
54.1318
53.4544
52.8447
52.3025
51.8279
51.4208
51.0814
50.8095
50.6052
50.4685
50.5142
50.7422
51.1526
51.7454
52.5205
53.4780
54.6179
55.9401
57.1713
58.3115
59.3607
60.3189
61.1861
61.9622
62.6474
63.2415
64.0899
65.1925
66.5494
68.1605
70.0258
72.1454
74.5193
77.1474
79.1917
80.6522
81.5288
81.8217
82.4832
83.5135
84.9125
86.6802
86.7682
85.1767
81.9056
76.9548
94.1377
133.4543
155.0926
159.0527
164.2255
170.6108
178.2088
187.0195
192.2801
193.9907
192.1513
186.7619
182.1791
178.4031
175.4337
173.2710
171.8178
171.0741
171.0399
171.7151
172.1707
172.4067
172.4230
172.2196
171.7967
171.1540
170.2917
169.2098
168.2347
167.3662
166.6046
165.9496
165.4015
164.9600
164.6253
164.3974
163.9277
163.2163
162.2632
161.0683
159.6317
157.9533
156.0332
153.8713
151.8670
150.0200
148.3306
146.7986
145.4241
144.2070
143.1474
142.2452
141.2828
140.2600
139.1770
138.0337
136.8300
135.5661
134.2419
132.8573
131.4585
130.0453
128.6178
127.1760
125.7198
124.2493
122.7645
121.2654
119.9192
118.7259
117.6857
116.7983
116.0640
115.4826
115.0541
114.7786
114.3792
113.8561
113.2090
112.4381
111.5434
110.5249
109.3825
108.1162
106.9545
105.8972
104.9445
104.0962
103.3524
102.7132
102.1784
101.7481
101.3320
100.9300
100.5423
100.1688
99.8094
99.4642
99.1332
98.8164
98.5522
98.3406
98.1816
98.0752
98.0214
98.0202
98.0717
98.1757
99.0089
100.5713
102.8629
105.8837
109.6337
114.1128
119.3212
125.2587
130.6371
135.4565
139.7168
143.4180
146.5602
149.1433
151.1673
152.6322
153.8493
154.8185
155.5400
156.0135
156.2393
156.2173
155.9474
155.4296
154.9644
154.5517
154.1915
153.8838
153.6286
153.4259
153.2757
153.1780
152.8785
152.3773
151.6743
150.7695
149.6630
148.3547
146.8446
145.1327
143.1837
140.9975
138.5741
135.9136
133.0159
129.8810
126.5090
122.8998
119.6852
116.8653
114.4399
112.4092
110.7731
109.5316
108.6847
108.2325
107.4198
106.2466
104.7129
102.8188
100.5643
97.9493
94.9738
91.6378
88.6192
85.9178
83.5337
81.4669
79.7174
78.2851
77.1702
76.3725
75.4275
74.3352
73.0956
71.7086
70.1743
68.4927
66.6637
64.6874
62.9919
61.5772
60.4432
59.5901
59.0177
58.7262
58.7154
58.9854
59.1092
59.0867
58.9179
58.6029
58.1417
57.5342
56.7805
55.8805
54.9974
54.1313
53.2821
52.4498
51.6345
50.8361
50.0546
49.2900
48.5972
47.9759
47.4264
46.9485
46.5423
46.2078
45.9449
45.7537
45.4534
45.0440
44.5255
43.8980
43.1613
42.3156
41.3608
40.2968
40.0827
40.7183
42.2038
44.5390
47.7240
51.7588
56.6434
62.3778
67.1942
71.0927
74.0733
76.1360
77.2807
77.5075
76.8164
75.2073
73.8555
72.7609
71.9234
71.3432
71.0202
70.9545
71.1459
71.5945
71.9870
72.3234
72.6036
72.8277
72.9956
73.1074
73.1630
73.1625
73.1694
73.1837
73.2054
73.2345
73.2710
73.3150
73.3663
73.4250
73.4861
73.5497
73.6157
73.6841
73.7549
73.8281
73.9038
73.9818
74.0617
74.1435
74.2270
74.3124
74.3996
74.4886
74.5795
74.6722
74.7667
74.8631
74.9613
75.0614
75.1633
75.2671
75.3727
75.4802
75.5894
75.7004
75.8132
75.9277
76.0440
76.1621
76.2819
76.4035
76.5264
76.6508
76.7765
76.9036
77.0321
77.1620
77.2932
77.4259
77.5596
77.6945
77.8305
77.9676
78.1059
78.2453
78.3858
78.5274
78.6699
78.8132
78.9574
79.1024
79.2483
79.3950
79.5425
79.6909
79.8397
79.9890
80.1386
80.2886
80.4389
80.5897
80.7409
80.8925
81.0460
81.2015
81.3588
81.5181
81.6794
81.8425
82.0076
82.1746
82.3414
82.5080
82.6745
82.8407
83.0068
83.1726
83.3383
83.5038
83.6617
83.8121
83.9550
84.0902
84.2179
84.3381
84.4507
84.5557
84.5300
84.3734
84.0861
83.6679
83.1190
82.4393
81.6287
80.6874
79.8150
79.0115
78.2768
77.6111
77.0143
76.4864
76.0273
75.6372
75.3179
75.0693
74.8916
74.7847
74.7486
74.7833
74.8888
75.0651
75.2254
75.3698
75.4983
75.6108
75.7074
75.7880
75.8527
75.9015
75.9861
76.1067
76.2631
76.4554
76.6836
76.9477
77.2477
77.5836
77.8311
77.9902
78.0610
78.0434
77.9374
77.7431
77.4604
77.0893
76.7140
76.3343
75.9502
75.5619
75.1693
74.7723
74.3710
73.9654
74.1529
74.9335
76.3072
78.2740
80.8339
83.9869
87.7329
92.0721
96.0297
99.6056
102.8000
105.6127
108.0439
110.0934
111.7613
113.0477
114.0834
114.8687
115.4034
115.6876
115.7212
115.5043
115.0369
114.3189
113.5690
112.7870
111.9731
111.1273
110.2494
109.3396
108.3978
107.4240
106.8600
106.7058
106.9613
107.6266
108.7017
110.1865
112.0811
114.3855
116.6103
118.7554
120.8208
122.8067
124.7128
126.5394
128.2863
129.9536
131.2329
132.1243
132.6277
132.7432
132.4707
131.8103
130.7619
129.3256
127.8716
126.4000
124.9107
123.4038
121.8792
120.3369
118.7770
117.1995
115.5445
113.8121
112.0022
110.1149
108.1501
106.1079
103.9883
101.7912
99.8478
98.1582
96.7222
95.5399
94.6112
93.9363
93.5151
93.3476
93.2795
93.3108
93.4415
93.6717
94.0013
94.4303
94.9588
95.5867
96.0813
96.4426
96.6707
96.7655
96.7270
96.5553
96.2503
95.8120
95.3832
94.9641
94.5545
94.1545
93.7640
93.3832
93.0119
92.6502
92.1345
91.4648
90.6411
89.6635
88.5319
87.2463
85.8068
84.2133
82.7556
81.4338
80.2478
79.1976
78.2833
77.5049
76.8623
76.3555
75.9599
75.6755
75.5022
75.4401
75.4892
75.6495
75.9209
76.3034
76.6199
76.8702
77.0543
77.1724
77.2243
77.2101
77.1297
76.9832
76.7664
76.4793
76.1218
75.6941
75.1960
74.6276
73.9889
73.2799
72.4096
71.3781
70.1854
68.8314
67.3162
65.6397
63.8020
61.8030
60.6279
60.2767
60.7492
62.0457
64.1659
67.1100
70.8779
75.4697
79.5865
83.2284
86.3954
89.0875
91.3046
93.0467
94.3140
95.1063
95.7169
96.1458
96.3930
96.4585
96.3423
96.0444
95.5648
94.9035
94.4797
94.2935
94.3449
94.6338
95.1603
95.9244
96.9260
98.1652
99.4464
100.7695
102.1347
103.5418
104.9910
106.4821
108.0152
109.5903
110.9633
112.1340
113.1026
113.8690
114.4332
114.7953
114.9551
114.9128
115.1711
115.7300
116.5896
117.7497
119.2105
120.9719
123.0339
125.3965
127.5603
129.5253
131.2914
132.8587
134.2272
135.3968
136.3676
137.1396
138.1311
139.3422
140.7728
142.4230
144.2928
146.3822
148.6911
151.2195
153.2126
154.6702
155.5924
155.9793
155.8306
155.1466
153.9272
152.1723
150.5495
149.0588
147.7001
146.4735
145.3789
144.4164
143.5859
142.8875
142.1335
141.3240
140.4590
139.5384
138.5622
137.5305
136.4433
135.3005
134.0717
132.7569
131.3560
129.8692
128.2963
126.6374
124.8925
123.0616
121.5434
120.3380
119.4454
118.8655
118.5984
118.6440
119.0024
119.6736
119.6296
118.8705
117.3962
115.2068
112.3022
108.6825
104.3476
99.2976
95.1116
91.7896
89.3316
87.7375
87.0075
87.1415
88.1394
90.0014
91.3797
92.2743
92.6853
92.6127
92.0565
91.0166
89.4930
87.4858
85.7394
84.2536
83.0286
82.0644
81.3608
80.9180
80.7359
80.8145
80.7911
80.6658
80.4385
80.1093
79.6781
79.1449
78.5097
77.7726
77.4656
77.5888
78.1422
79.1257
80.5394
82.3833
84.6573
87.3615
89.6629
91.5616
93.0576
94.1508
94.8413
95.1290
95.0140
94.4962
94.2589
94.3021
94.6259
95.2301
96.1148
97.2801
98.7258
100.4521
101.9268
103.1499
104.1214
104.8413
105.3097
105.5265
105.4917
105.2053
104.9523
104.7328
104.5466
104.3939
104.2746
104.1886
104.1361
104.1170
104.0671
103.9863
103.8746
103.7321
103.5587
103.3544
103.1193
102.8533
102.1131
100.8987
99.2100
97.0471
94.4100
91.2987
87.7131
83.6533
80.2399
77.4729
75.3524
73.8783
73.0507
72.8695
73.3347
74.4464
75.0033
75.0054
74.4526
73.3451
71.6828
69.4657
66.6938
63.3671
60.4982
58.0871
56.1338
54.6384
53.6007
53.0209
52.8989
53.2347
53.6618
54.1802
54.7899
55.4909
56.2833
57.1669
58.1419
59.2081
60.1171
60.8689
61.4635
61.9008
62.1809
62.3038
62.2694
62.0778
61.9243
61.8090
61.7318
61.6928
61.6919
61.7292
61.8046
61.9182
62.0403
62.1710
62.3103
62.4582
62.6147
62.7797
62.9534
63.1356
63.0818
62.7921
62.2663
61.5045
60.5068
59.2731
57.8033
56.0976
54.6293
53.3984
52.4049
51.6488
51.1301
50.8489
50.8050
50.9986
51.1779
51.3429
51.4937
51.6302
51.7524
51.8604
51.9541
52.0335
51.9729
51.7722
51.4315
50.9506
50.3298
49.5689
48.6679
47.6268
47.3534
47.8475
49.1092
51.1384
53.9352
57.4996
61.8316
66.9311
71.5575
75.7109
79.3911
82.5983
85.3324
87.5934
89.3813
90.6961
91.9531
93.1522
94.2936
95.3771
96.4028
97.3706
98.2807
99.1329
99.6734
99.9021
99.8191
99.4243
98.7178
97.6995
96.3695
94.7277
93.2860
92.0444
91.0030
90.1616
89.5203
89.0791
88.8381
88.7971
88.8631
89.0360
89.3159
89.7027
90.1965
90.7973
91.5050
92.3197
93.0776
93.7788
94.4231
95.0108
95.5417
96.0158
96.4331
96.7937
97.2910
97.9251
98.6959
99.6035
100.6478
101.8289
103.1467
104.6013
106.0225
107.4103
108.7648
110.0859
111.3736
112.6279
113.8489
115.0366
116.0190
116.7963
117.3684
117.7353
117.8971
117.8537
117.6051
117.1513
116.7450
116.3862
116.0747
115.8107
115.5942
115.4251
115.3034
115.2292
114.8018
114.0211
112.8872
111.4000
109.5596
107.3660
104.8192
101.9191
99.2849
96.9165
94.8140
92.9774
91.4065
90.1016
89.0625
88.2892
87.4670
86.5958
85.6757
84.7066
83.6885
82.6215
81.5055
80.3406
79.2039
78.0955
77.0154
75.9636
74.9400
73.9447
72.9777
72.0389
71.2188
70.5174
69.9345
69.4703
69.1248
68.8979
68.7896
68.7999
68.8387
68.9058
69.0012
69.1251
69.2773
69.4579
69.6668
69.9041
70.1174
70.3067
70.4720
70.6132
70.7304
70.8235
70.8927
70.9378
70.9555
70.9460
70.9091
70.8449
70.7534
70.6345
70.4883
70.3148
70.9923
72.5210
74.9008
78.1317
82.2136
87.1467
92.9309
99.5662
105.5461
110.8707
115.5400
119.5540
122.9126
125.6160
127.6639
129.0566
130.3276
131.4769
132.5045
133.4104
134.1946
134.8572
135.3981
135.8173
136.1399
136.3659
136.4953
136.5281
136.4643
136.3039
136.0470
135.6934
135.3364
134.9760
134.6122
134.2449
133.8743
133.5002
133.1226
132.7417
132.3009
131.8002
131.2396
130.6192
129.9390
129.1988
128.3988
127.5390
126.7768
126.1121
125.5451
125.0757
124.7039
124.4297
124.2531
124.1742
124.0176
123.7836
123.4720
123.0829
122.6162
122.0720
121.4503
120.7510
120.1520
119.6534
119.2552
118.9572
118.7597
118.6625
118.6656
118.7690
118.7250
118.5334
118.1943
117.7077
117.0735
116.2919
115.3627
114.2860
113.1483
111.9497
110.6902
109.3697
107.9883
106.5459
105.0426
103.4784
101.9545
100.4712
99.0282
97.6257
96.2635
94.9419
93.6606
92.4198
91.3197
90.3604
89.5418
88.8639
88.3268
87.9304
87.6747
87.5598
87.3037
86.9066
86.3684
85.6890
84.8686
83.9071
82.8045
81.5608
80.6530
80.0813
79.8456
79.9459
80.3822
81.1545
82.2628
83.7070
84.8429
85.6705
86.1896
86.4003
86.3027
85.8966
85.1822
84.1594
83.2607
82.4861
81.8356
81.3091
80.9068
80.6285
80.4743
80.4442
80.4413
80.4656
80.5171
80.5958
80.7016
80.8346
80.9948
81.1822
81.3470
81.4893
81.6090
81.7062
81.7808
81.8328
81.8623
81.8692
82.6209
84.1173
86.3584
89.3443
93.0749
97.5503
102.7703
108.7351
113.6573
117.5367
120.3734
122.1675
122.9189
122.6276
121.2936
118.9169
116.8468
115.0835
113.6268
112.4767
111.6334
111.0967
110.8666
110.9433
110.9962
111.0254
111.0309
111.0126
110.9707
110.9050
110.8157
110.7026
110.5580
110.3821
110.1747
109.9359
109.6656
109.3639
109.0307
108.6661
108.2549
107.7971
107.2926
106.7415
106.1438
105.4994
104.8084
104.0708
103.4043
102.8090
102.2848
101.8318
101.4499
101.1391
100.8996
100.7311
100.3985
99.9016
99.2405
98.4152
97.4257
96.2720
94.9540
93.4719
92.1048
90.8528
89.7159
88.6941
87.7874
86.9958
86.3192
85.7577
85.1512
84.4996
83.8030
83.0613
82.2745
81.4427
80.5658
79.6439
78.7985
78.0296
77.3373
76.7215
76.1822
75.7194
75.3332
75.0235
74.6694
74.2707
73.8275
73.3398
72.8077
72.2310
71.6099
70.9442
70.2978
69.6706
69.0626
68.4738
67.9042
67.3539
66.8227
66.3108
65.8910
65.5635
65.3283
65.1852
65.1343
65.1757
65.3093
65.5351
65.8660
66.3020
66.8432
67.4894
68.2408
69.0973
70.0589
71.1256
72.0566
72.8518
73.5113
74.0351
74.4231
74.6754
74.7919
74.7727
74.5870
74.2348
73.7160
73.0307
72.1788
71.1605
69.9756
68.6241
67.3796
66.2421
65.2115
64.2879
63.4712
62.7615
62.1587
61.6629
61.5485
61.8154
62.4638
63.4935
64.9046
66.6972
68.8711
71.4264
73.9767
76.5221
79.0626
81.5981
84.1287
86.6543
89.1750
91.6907
93.8079
95.5265
96.8465
97.7679
98.2908
98.4151
98.1408
97.4679
96.9889
96.7039
96.6129
96.7158
97.0126
97.5034
98.1881
99.0667
99.8423
100.5147
101.0840
101.5502
101.9133
102.1733
102.3302
102.3840
102.4741
102.6005
102.7632
102.9622
103.1976
103.4692
103.7772
104.1215
104.3432
104.4424
104.4190
104.2730
104.0045
103.6135
103.0998
102.4637
101.8472
101.2503
100.6732
100.1157
99.5779
99.0598
98.5613
98.0826
97.7334
97.5139
97.4241
97.4639
97.6334
97.9325
98.3613
98.9197
99.3718
99.7175
99.9570
100.0902
100.1171
100.0376
99.8519
99.5598
99.2269
98.8529
98.4381
97.9823
97.4856
96.9480
96.3694
95.7499
95.2079
94.7432
94.3560
94.0462
93.8139
93.6589
93.5814
93.5814
93.4647
93.2313
92.8813
92.4147
91.8314
91.1315
90.3150
89.3818
88.8320
88.6655
88.8823
89.4824
90.4659
91.8327
93.5828
95.7162
97.4100
98.6640
99.4785
99.8532
99.7883
99.2837
98.3394
96.9555
95.8488
95.0195
94.4674
94.1927
94.1952
94.4751
95.0322
95.8667
96.5745
97.1557
97.6102
97.9380
98.1393
98.2138
98.1618
97.9831
97.8349
97.7174
97.6304
97.5740
97.5482
97.5530
97.5884
97.6543
97.7097
97.7547
97.7891
97.8129
97.8263
97.8291
97.8215
97.8033
97.7831
97.7609
97.7367
97.7106
97.6824
97.6522
97.6201
97.5860
97.5487
97.5083
97.4648
97.4182
97.3685
97.3156
97.2596
97.2005
97.1380
97.0722
97.0029
96.9303
96.8544
96.7750
96.6923
96.6062
96.5171
96.4251
96.3301
96.2321
96.1311
96.0271
95.9202
95.8103
95.6977
95.5824
95.4644
95.3437
95.2204
95.0944
94.9657
94.8343
94.7003
94.5638
94.4247
94.2831
94.1389
93.9921
93.8428
93.6909
93.5367
93.3804
93.2217
93.0608
92.8977
92.7323
92.5646
92.3947
92.2228
92.0489
91.8729
91.6949
91.5149
91.3329
91.1489
90.9628
90.7749
90.5852
90.3937
90.2004
90.0052
89.8083
89.6095
89.4089
89.2070
89.0038
88.7992
88.5933
88.3861
88.1776
87.9678
87.7566
87.5445
87.3313
87.1171
86.9018
86.6856
86.4683
86.2500
86.0307
85.8104
85.5890
85.3665
85.1430
84.9185
84.6929
84.4662
84.2386
84.0099
83.7802
83.5496
83.3180
83.0854
82.8518
82.6172
82.3817
82.1404
81.8935
81.6408
81.3825
81.1185
80.8487
80.5733
80.2922
80.0318
79.7921
79.5730
79.3746
79.1969
79.0399
78.9035
78.7879
78.6268
78.4204
78.1685
77.8713
77.5287
77.1407
76.7073
76.2285
75.7650
75.3169
74.8840
74.4665
74.0643
73.6774
73.3058
72.9495
72.6757
72.4843
72.3753
72.3488
72.4047
72.5430
72.7638
73.0670
73.3715
73.6773
73.9844
74.2929
74.6027
74.9138
75.2262
75.5399
76.6153
78.4521
81.0506
84.4106
88.5322
93.4153
99.0600
105.4663
110.9567
115.5312
119.1899
121.9327
123.7596
124.6707
124.6658
123.7451
123.0277
122.5137
122.2029
122.0955
122.1913
122.4905
122.9930
123.6989
124.4563
125.2654
126.1261
127.0385
128.0025
129.0181
130.0854
131.2043
132.0721
132.6889
133.0546
133.1692
133.0327
132.6451
132.0065
131.1167
130.3180
129.6103
128.9935
128.4677
128.0329
127.6891
127.4362
127.2744
126.9423
126.4400
125.7676
124.9250
123.9121
122.7291
121.3758
119.8524
118.6215
117.6831
117.0373
116.6840
116.6232
116.8550
117.3792
118.1960
118.6850
118.8460
118.6792
118.1845
117.3620
116.2115
114.7332
112.9270
111.2442
109.6847
108.2485
106.9357
105.7461
104.6800
103.7371
102.9176
101.9622
100.8708
99.6434
98.2802
96.7809
95.1458
93.3747
91.4676
89.5181
87.5259
85.4913
83.4141
81.2944
79.1322
76.9275
74.6802
72.5919
70.6627
68.8925
67.2813
65.8292
64.5361
63.4020
62.4270
61.5363
60.7299
60.0079
59.3702
58.8168
58.3478
57.9631
57.6627
57.3004
56.8760
56.3896
55.8412
55.2307
54.5583
53.8239
53.0274
52.3524
51.7989
51.3670
51.0565
50.8675
50.8000
50.8540
51.0295
51.0211
50.8289
50.4528
49.8929
49.1491
48.2214
47.1099
45.8145
44.8148
44.1108
43.7024
43.5897
43.7726
44.2513
45.0255
46.0955
47.6132
49.5787
51.9920
54.8531
58.1619
61.9185
66.1229
70.7751
75.3234
79.7679
84.1086
88.3455
92.4785
96.5077
100.4331
104.2547
107.8631
111.2583
114.4403
117.4091
120.1648
122.7072
125.0365
127.1526
129.2284
131.2639
133.2591
135.2140
137.1286
139.0028
140.8367
142.6304
144.1473
145.3874
146.3509
147.0375
147.4475
147.5807
147.4372
147.0169
146.5441
146.0188
145.4409
144.8106
144.1277
143.3922
142.6043
141.7638
140.8147
139.7569
138.5905
137.3155
135.9318
134.4395
132.8385
131.1289
129.2562
127.2205
125.0217
122.6598
120.1348
117.4468
114.5957
111.5816
108.8908
106.5236
104.4797
102.7593
101.3624
100.2889
99.5389
99.1123
98.4775
97.6345
96.5834
95.3240
93.8565
92.1809
90.2970
88.2050
86.2469
84.4228
82.7327
81.1765
79.7543
78.4661
77.3119
76.2916
75.3382
74.4516
73.6318
72.8789
72.1928
71.5736
71.0212
70.5356
69.9854
69.3706
68.6912
67.9472
67.1386
66.2654
65.3276
64.3252
63.3535
62.4126
61.5024
60.6230
59.7743
58.9564
58.1693
57.4129
56.8980
56.6247
56.5928
56.8025
57.2538
57.9465
58.8808
60.0566
60.9782
61.6458
62.0592
62.2185
62.1237
61.7748
61.1717
60.3145
59.7361
59.4363
59.4153
59.6730
60.2094
61.0245
62.1183
63.4908
64.7621
65.9322
67.0010
67.9686
68.8350
69.6002
70.2641
70.8268
71.1188
71.1403
70.8912
70.3714
69.5811
68.5201
67.1886
65.5864
65.2016
66.0341
68.0840
71.3512
75.8357
81.5376
88.4569
96.5935
104.3397
111.6956
118.6612
125.2364
130.6278
134.8354
137.8592
139.6992
141.2285
142.4470
143.3548
143.9519
144.2383
144.2140
143.8789
143.2332
142.5751
141.9049
141.2225
140.5278
139.8209
139.1018
138.3704
137.6269
136.7876
135.8526
134.8219
133.6955
132.4733
131.1554
129.7419
128.2326
126.6969
125.1350
123.5468
121.9322
120.2914
118.6242
116.9307
115.2109
113.4900
111.7680
110.0449
108.3207
106.5954
104.8690
103.1415
101.4129
99.7376
98.1154
96.5466
95.0309
93.5685
92.1594
90.8035
89.5008
88.4325
87.5987
86.9994
86.6345
86.5040
86.6080
86.9464
87.5193
87.8291
87.8758
87.6594
87.1800
86.4375
85.4319
84.1633
82.6316
81.3335
80.2691
79.4382
78.8410
78.4774
78.3474
78.4510
78.7882
78.8892
78.7540
78.3826
77.7749
76.9310
75.8509
74.5346
72.9820
71.6402
70.5090
69.5885
68.8787
68.3796
68.0912
68.0135
68.1465
68.1539
68.0359
67.7924
67.4234
66.9288
66.3088
65.5633
64.6923
64.0258
63.5640
63.3067
63.2541
63.4060
63.7625
64.3236
65.0893
65.9339
66.8574
67.8598
68.9410
70.1012
71.3403
72.6582
74.0551
75.2315
76.1874
76.9229
77.4380
77.7326
77.8067
77.6604
77.2937
77.0456
76.9162
76.9054
77.0132
77.2398
77.5849
78.0487
78.6312
79.1079
79.4787
79.7436
79.9028
79.9561
79.9035
79.7452
79.4809
79.4916
79.7770
80.3374
81.1725
82.2826
83.6674
85.3272
87.2617
89.9668
93.4424
97.6885
102.7051
108.4922
115.0498
122.3779
130.4766
137.3934
143.1283
147.6814
151.0526
153.2420
154.2496
154.0753
152.7191
151.3071
149.8394
148.3158
146.7364
145.1012
143.4102
141.6634
139.8608
138.1088
136.4074
134.7567
133.1567
131.6073
130.1085
128.6604
127.2629
126.0248
124.9461
124.0268
123.2670
122.6665
122.2255
121.9438
121.8216
121.4844
120.9323
120.1651
119.1831
117.9860
116.5740
114.9470
113.1051
111.4178
109.8851
108.5071
107.2836
106.2148
105.3007
104.5411
103.9362
103.2293
102.4204
101.5096
100.4967
99.3819
98.1650
96.8462
95.4254
94.1023
92.8769
91.7493
90.7195
89.7873
88.9529
88.2163
87.5773
86.9457
86.3215
85.7046
85.0950
84.4927
83.8978
83.3102
82.7299
81.9575
80.9930
79.8364
78.4877
76.9469
75.2139
73.2888
71.1716
69.3861
67.9321
66.8098
66.0191
65.5601
65.4326
65.6368
66.1726
66.4963
66.6078
66.5071
66.1943
65.6693
64.9322
63.9829
62.8214
61.8326
61.0163
60.3728
59.9018
59.6034
59.4777
59.5246
59.7441
59.9593
60.1702
60.3768
60.5792
60.7773
60.9710
61.1605
61.3457
61.6308
62.0158
62.5007
63.0855
63.7702
64.5549
65.4394
66.4238
67.3237
68.1392
68.8701
69.5166
70.0785
70.5560
70.9490
71.2574
71.5957
71.9636
72.3613
72.7888
73.2460
73.7329
74.2496
74.7961
75.4238
76.1329
76.9232
77.7949
78.7479
79.7822
80.8978
82.0947
83.5469
85.2546
87.2177
89.4362
91.9101
94.6393
97.6240
100.8640
104.3360
108.0399
111.9758
116.1435
120.5432
125.1748
130.0384
135.1338
139.3609
142.7194
145.2096
146.8312
147.5845
147.4693
146.4856
144.6335
142.8009
140.9877
139.1940
137.4197
135.6650
133.9296
132.2138
130.5173
128.9527
127.5197
126.2185
125.0491
124.0113
123.1054
122.3311
121.6886
120.9829
120.2139
119.3817
118.4863
117.5277
116.5059
115.4208
114.2726
113.1197
111.9622
110.8000
109.6333
108.4619
107.2858
106.1052
104.9199
103.7595
102.6237
101.5128
100.4266
99.3652
98.3286
97.3167
96.3296
95.5176
94.8806
94.4186
94.1317
94.0198
94.0829
94.3211
94.7344
94.9939
95.0998
95.0521
94.8507
94.4956
93.9869
93.3245
92.5084
91.6867
90.8594
90.0264
89.1878
88.3435
87.4937
86.6381
85.7770
84.9277
84.0902
83.2645
82.4507
81.6487
80.8585
80.0802
79.3137
78.5157
77.6862
76.8252
75.9327
75.0087
74.0531
73.0661
72.0476
71.1151
70.2686
69.5081
68.8337
68.2452
67.7428
67.3264
66.9960
66.6823
66.3853
66.1050
65.8414
65.5944
65.3642
65.1506
64.9537
64.9622
65.1760
65.5952
66.2197
67.0496
68.0849
69.3255
70.7715
71.9571
72.8825
73.5476
73.9523
74.0968
73.9809
73.6047
72.9682
72.5088
72.2264
72.1211
72.1928
72.4415
72.8673
73.4701
74.2500
74.8653
75.3161
75.6022
75.7238
75.6809
75.4734
75.1013
74.5646
74.1839
73.9593
73.8907
73.9780
74.2214
74.6208
75.1762
75.8877
77.5333
80.1131
83.6272
88.0754
93.4579
99.7746
107.0254
115.2105
122.2505
128.1453
132.8949
136.4994
138.9587
140.2729
140.4419
139.4658
138.5823
137.7914
137.0931
136.4875
135.9745
135.5541
135.2263
134.9911
134.6633
134.2428
133.7296
133.1237
132.4251
131.6338
130.7499
129.7733
128.7163
127.5790
126.3612
125.0631
123.6846
122.2257
120.6865
119.0669
117.3253
115.4616
113.4761
111.3685
109.1389
106.7874
104.3138
101.7183
99.3306
97.1507
95.1786
93.4144
91.8580
90.5094
89.3686
88.4357
87.5613
86.7454
85.9880
85.2891
84.6488
84.0669
83.5435
83.0787
82.6121
82.1436
81.6734
81.2014
80.7276
80.2519
79.7745
79.2953
79.0249
78.9634
79.1108
79.4671
80.0322
80.8062
81.7890
82.9807
83.7516
84.1016
84.0307
83.5389
82.6263
81.2928
79.5385
77.3632
75.5836
74.1996
73.2113
72.6186
72.4215
72.6200
73.2142
74.2040
74.8940
75.2844
75.3749
75.1658
74.6568
73.8482
72.7398
71.3317
70.2788
69.5811
69.2387
69.2515
69.6196
70.3428
71.4214
72.8551
74.1474
75.2981
76.3073
77.1750
77.9011
78.4858
78.9289
79.2305
79.5961
80.0256
80.5190
81.0764
81.6978
82.3830
83.1323
83.9455
84.6539
85.2574
85.7562
86.1501
86.4393
86.6236
86.7031
86.6778
86.4909
86.1423
85.6321
84.9603
84.1268
83.1317
81.9749
80.6565
79.7984
79.4006
79.4631
79.9858
80.9689
82.4123
84.3160
86.6799
89.3174
92.2285
95.4130
98.8711
102.6026
106.6077
110.8864
115.4385
119.4379
122.8844
125.7782
128.1193
129.9075
131.1430
131.8256
131.9555
131.9602
131.8396
131.5939
131.2229
130.7266
130.1052
129.3585
128.4866
127.5842
126.6513
125.6880
124.6941
123.6697
122.6148
121.5294
120.4136
119.3457
118.3257
117.3537
116.4297
115.5537
114.7256
113.9455
113.2134
112.5024
111.8125
111.1437
110.4961
109.8696
109.2643
108.6801
108.1170
107.5153
106.8751
106.1963
105.4789
104.7229
103.9284
103.0953
102.2236
101.3874
100.5868
99.8216
99.0919
98.3977
97.7391
97.1159
96.5283
95.7958
94.9187
93.8967
92.7300
91.4186
89.9624
88.3614
86.6157
85.0650
83.7092
82.5485
81.5827
80.8118
80.2360
79.8551
79.6692
79.3527
78.9056
78.3280
77.6198
76.7810
75.8116
74.7116
73.4811
72.3927
71.4466
70.6428
69.9811
69.4617
69.0845
68.8495
68.7568
68.6571
68.5506
68.4371
68.3167
68.1894
68.0552
67.9140
67.7660
67.5963
67.4050
67.1921
66.9576
66.7014
66.4236
66.1242
65.8032
65.6757
65.7419
66.0017
66.4551
67.1021
67.9428
68.9770
70.2049
71.1905
71.9340
72.4352
72.6942
72.7111
72.4857
72.0181
71.3083
70.8796
70.7320
70.8655
71.2801
71.9758
72.9527
74.2106
75.7497
77.0856
78.2183
79.1479
79.8743
80.3976
80.7177
80.8346
80.7483
80.6713
80.6036
80.5451
80.4958
80.4558
80.4251
80.4035
80.3913
81.3525
83.2871
86.1952
90.0767
94.9317
100.7601
107.5620
115.3373
121.9612
127.4338
131.7549
134.9247
136.9431
137.8100
137.5256
136.0898
134.9048
133.9705
133.2870
132.8543
132.6724
132.7412
133.0609
133.6313
133.8734
133.7872
133.3728
132.6301
131.5591
130.1598
128.4323
126.3764
124.7012
123.4065
122.4924
121.9589
121.8059
122.0335
122.6417
123.6305
124.2391
124.4677
124.3162
123.7846
122.8729
121.5811
119.9092
117.8572
115.9679
114.2413
112.6774
111.2762
110.0376
108.9618
108.0486
107.2982
106.6982
106.2487
105.9496
105.8010
105.8029
105.9553
106.2581
106.7114
106.7511
106.3773
105.5899
104.3889
102.7744
100.7463
98.3046
95.4494
93.0286
91.0422
89.4903
88.3728
87.6898
87.4413
87.6271
88.2475
88.4836
88.3355
87.8032
86.8867
85.5860
83.9011
81.8320
79.3787
77.2168
75.3464
73.7675
72.4800
71.4840
70.7795
70.3664
70.2448
70.1294
70.0201
69.9170
69.8200
69.7292
69.6446
69.5661
69.4938
69.4364
69.3938
69.3661
69.3532
69.3553
69.3721
69.4039
69.4504
69.4751
69.4777
69.4584
69.4171
69.3538
69.2685
69.1613
69.0321
68.8920
68.7411
68.5794
68.4068
68.2234
68.0291
67.8240
67.6081
67.5315
67.5944
67.7966
68.1383
68.6194
69.2398
69.9997
70.8990
71.2348
71.0072
70.2160
68.8615
66.9434
64.4619
61.4170
57.8085
56.0596
56.1703
58.1404
61.9701
67.6593
75.2080
84.6162
95.8840
105.3379
112.9780
118.8042
122.8166
125.0152
125.3999
123.9707
120.7277
118.1423
116.2144
114.9440
114.3312
114.3759
115.0781
116.4379
118.4552
120.3730
122.1912
123.9098
125.5288
127.0483
128.4682
129.7886
131.0094
132.1062
133.0790
133.9279
134.6527
135.2537
135.7306
136.0835
136.3125
136.1656
135.6428
134.7441
133.4695
131.8190
129.7926
127.3903
124.6121
122.1517
120.0089
118.1839
116.6766
115.4870
114.6151
114.0609
113.8244
113.6423
113.5144
113.4409
113.4216
113.4567
113.5460
113.6897
113.8876
113.6501
112.9771
111.8687
110.3249
108.3456
105.9308
103.0806
99.7950
97.1032
95.0053
93.5013
92.5912
92.2749
92.5526
93.4241
94.8895
95.6562
95.7242
95.0935
93.7641
91.7361
89.0094
85.5840
81.4599
77.9315
74.9990
72.6623
70.9213
69.7762
69.2268
69.2732
69.9154
70.4099
70.7567
70.9558
71.0072
70.9109
70.6668
70.2751
69.7357
69.0603
68.2489
67.3016
66.2184
64.9992
63.6440
62.1529
60.5258
59.1297
57.9646
57.0304
56.3272
55.8550
55.6138
55.6035
55.8242
56.0823
56.3777
56.7106
57.0809
57.4885
57.9336
58.4160
58.9358
59.3513
59.6623
59.8690
59.9713
59.9692
59.8627
59.6518
59.3366
59.1135
58.9826
58.9439
58.9973
59.1430
59.3808
59.7108
60.1330
60.5077
60.8351
61.1150
61.3475
61.5326
61.6703
61.7606
61.8035
61.6387
61.2664
60.6866
59.8991
58.9041
57.7015
56.2913
54.6735
54.2420
54.9969
56.9380
60.0654
64.3791
69.8791
76.5654
84.4380
91.6383
98.1663
104.0219
109.2052
113.7162
117.5549
120.7213
123.2153
125.3302
127.0661
128.4228
129.4004
129.9989
130.2183
130.0586
129.5197
128.8986
128.1950
127.4092
126.5409
125.5903
124.5574
123.4421
122.2444
121.2729
120.5275
120.0082
119.7150
119.6480
119.8072
120.1924
120.8038
121.2245
121.4546
121.4940
121.3428
121.0009
120.4684
119.7452
118.8314
117.8199
116.7105
115.5035
114.1987
112.7961
111.2958
109.6978
108.0020
106.4482
105.0363
103.7664
102.6385
101.6525
100.8085
100.1065
99.5464
98.7886
97.8329
96.6795
95.3282
93.7792
92.0324
90.0877
87.9453
86.2271
84.9329
84.0629
83.6169
83.5951
83.9975
84.8239
86.0745
87.1094
87.9287
88.5324
88.9204
89.0928
89.0496
88.7907
88.3161
88.1189
88.1990
88.5563
89.1909
90.1028
91.2921
92.7586
94.5024
95.8825
96.8991
97.5521
97.8414
97.7671
97.3292
96.5278
95.3626
94.2271
93.1212
92.0448
90.9981
89.9809
88.9933
88.0353
87.1069
86.2939
85.5964
85.0142
84.5475
84.1962
83.9603
83.8399
83.8349
83.7094
83.4634
83.0970
82.6101
82.0028
81.2750
80.4267
79.4580
78.7286
78.2387
77.9882
77.9770
78.2053
78.6730
79.3801
80.3265
81.1593
81.8784
82.4838
82.9755
83.3535
83.6179
83.7685
83.8054
83.7699
83.6619
83.4814
83.2284
82.9030
82.5051
82.0347
81.4918
80.9511
80.4124
79.8758
79.3414
78.8091
78.2788
77.7507
77.2247
77.0300
77.1666
77.6345
78.4337
79.5643
81.0262
82.8194
84.9439
88.4723
93.4045
99.7405
107.4804
114.0458
119.4368
123.6535
126.6957
129.4955
132.0529
134.3678
136.4404
138.2705
139.8582
141.2035
142.3064
143.1610
143.7672
144.1252
144.2349
144.0963
143.7094
143.0742
142.1907
141.2665
140.3016
139.2959
138.2494
137.1623
136.0344
134.8657
133.6563
132.5587
131.5729
130.6988
129.9365
129.2860
128.7472
128.3203
128.0051
127.5206
126.8669
126.0439
125.0516
123.8901
122.5594
121.0593
119.3900
117.8210
116.3522
114.9837
113.7154
112.5474
111.4796
110.5121
109.6448
108.9634
108.4677
108.1579
108.0339
108.0957
108.3434
108.7768
109.3961
109.7466
109.8283
109.6413
109.1855
108.4609
107.4676
106.2055
104.6746
103.0460
101.3194
99.4951
97.5729
95.5528
93.4350
91.2193
88.9057
86.9483
85.3469
84.1016
83.2124
82.6793
82.5023
82.6814
83.2165
83.4746
83.4556
83.1596
82.5865
81.7363
80.6091
79.2048
77.5235
75.8076
74.0573
72.2724
70.4531
68.5992
66.7108
64.7879
62.8305
61.0868
59.5567
58.2401
57.1373
56.2480
55.5724
55.1104
54.8620
54.7270
54.7054
54.7971
55.0023
55.3208
55.7527
56.2980
56.9567
57.5536
58.0886
58.5619
58.9734
59.3230
59.6109
59.8369
60.0012
60.2094
60.4617
60.7580
61.0982
61.4825
61.9108
62.3830
62.8993
63.2511
63.4383
63.4610
63.3191
63.0128
62.5419
61.9065
61.1066
60.5351
60.1920
60.0774
60.1911
60.5333
61.1040
61.9031
62.9306
63.7424
64.3385
64.7190
64.8838
64.8330
64.5665
64.0843
63.3864
63.4809
64.3676
66.0466
68.5179
71.7815
75.8373
80.6855
86.3260
91.7205
96.8692
101.7720
106.4289
110.8400
115.0051
118.9243
122.5977
125.7671
128.4325
130.5940
132.2515
133.4050
134.0545
134.2001
133.8417
133.4034
132.8853
132.2874
131.6095
130.8518
130.0143
129.0969
128.0996
127.2225
126.4657
125.8290
125.3126
124.9164
124.6404
124.4846
124.4490
124.2869
123.9982
123.5829
123.0412
122.3728
121.5779
120.6565
119.6085
118.4948
117.3153
116.0701
114.7591
113.3824
111.9400
110.4318
108.8579
107.3625
105.9457
104.6075
103.3478
102.1666
101.0640
100.0400
99.0945
98.2250
97.4315
96.7139
96.0723
95.5067
95.0170
94.6034
94.2656
93.8511
93.3598
92.7916
92.1466
91.4249
90.6263
89.7509
88.7986
87.8185
86.8105
85.7747
84.7110
83.6194
82.4999
81.3525
80.1773
79.1219
78.1863
77.3706
76.6746
76.0986
75.6423
75.3059
75.0893
74.7941
74.4204
73.9680
73.4371
72.8276
72.1396
71.3729
70.5276
69.7478
69.0334
68.3844
67.8009
67.2828
66.8300
66.4428
66.1209
65.8505
65.6317
65.4645
65.3487
65.2845
65.2718
65.3107
65.4011
65.5250
65.6825
65.8736
66.0982
66.3564
66.6481
66.9734
67.3323
67.6821
68.0228
68.3545
68.6771
68.9907
69.2952
69.5906
69.8770
70.0681
70.1639
70.1644
70.0697
69.8797
69.5944
69.2138
68.7379
68.4485
68.3455
68.4290
68.6988
69.1551
69.7979
70.6271
71.6427
72.8727
74.3172
75.9761
77.8494
79.9371
82.2392
84.7558
87.4868
90.6630
94.2844
98.3509
102.8626
107.8195
113.2216
119.0689
125.3613
130.8505
135.5366
139.4194
142.4990
144.7754
146.2486
146.9185
146.7853
146.5632
146.2523
145.8524
145.3637
144.7862
144.1197
143.3644
142.5202
141.5314
140.3980
139.1199
137.6971
136.1297
134.4177
132.5611
130.5597
128.6263
126.7607
124.9630
123.2332
121.5712
119.9771
118.4508
116.9924
115.6162
114.3223
113.1106
111.9811
110.9339
109.9688
109.0860
108.2855
107.3634
106.3199
105.1548
103.8683
102.4603
100.9309
99.2799
97.5075
96.0105
94.7890
93.8431
93.1726
92.7776
92.6581
92.8141
93.2456
93.5557
93.7442
93.8113
93.7569
93.5811
93.2838
92.8650
92.3247
91.7252
91.0663
90.3482
89.5708
88.7341
87.8380
86.8827
85.8681
85.0126
84.3162
83.7788
83.4006
83.1814
83.1213
83.2203
83.4784
83.5986
83.5809
83.4253
83.1317
82.7003
82.1309
81.4237
80.5785
79.8439
79.2198
78.7062
78.3031
78.0105
77.8284
77.7568
77.7958
77.8118
77.8049
77.7751
77.7223
77.6467
77.5481
77.4265
77.2821
77.2067
77.2005
77.2633
77.3951
77.5961
77.8661
78.2053
78.6135
79.0165
79.4142
79.8068
80.1942
80.5764
80.9533
81.3251
81.6916
81.8402
81.7707
81.4832
80.9778
80.2543
79.3128
78.1533
76.7759
75.4514
74.1799
72.9614
71.7959
70.6834
69.6238
68.6173
67.6638
66.9985
66.6214
66.5326
66.7321
67.2198
67.9957
69.0599
70.4124
72.4007
75.0249
78.2849
82.1809
86.7127
91.8804
97.6840
104.1234
109.7359
114.5215
118.4802
121.6119
123.9166
125.3945
126.0454
125.8693
125.6850
125.4925
125.2918
125.0828
124.8655
124.6400
124.4063
124.1644
123.9109
123.6458
123.3691
123.0809
122.7811
122.4697
122.1468
121.8123
121.3140
120.6518
119.8259
118.8362
117.6827
116.3654
114.8842
113.2393
111.8150
110.6114
109.6283
108.8659
108.3241
108.0030
107.9025
108.0226
107.8978
107.5283
106.9138
106.0546
104.9504
103.6015
102.0076
100.1690
98.5308
97.0932
95.8560
94.8194
93.9833
93.3477
92.9126
92.6780
92.3489
91.9253
91.4071
90.7944
90.0872
89.2854
88.3891
87.3983
86.4322
85.4909
84.5743
83.6825
82.8155
81.9732
81.1557
80.3629
79.5340
78.6689
77.7675
76.8300
75.8564
74.8465
73.8004
72.7182
71.7879
71.0096
70.3832
69.9088
69.5863
69.4158
69.3972
69.5305
69.5945
69.5890
69.5140
69.3697
69.1559
68.8727
68.5200
68.0979
67.8673
67.8281
67.9803
68.3241
68.8592
69.5858
70.5039
71.6134
72.5467
73.3037
73.8845
74.2890
74.5173
74.5693
74.4451
74.1447
74.0010
74.0142
74.1843
74.5111
74.9948
75.6353
76.4327
77.3869
78.0616
78.4569
78.5728
78.4092
77.9662
77.2437
76.2418
74.9605
74.0657
73.5574
73.4357
73.7005
74.3518
75.3896
76.8140
78.6249
79.9332
80.7389
81.0420
80.8426
80.1405
78.9359
77.2287
75.0189
74.3299
75.1617
77.5143
81.3876
86.7818
93.6967
102.1325
112.0890
120.6005
127.6669
133.2883
137.4647
140.1960
141.4823
141.3235
139.7197
138.1492
136.6120
135.1081
133.6374
132.2001
130.7961
129.4254
128.0879
126.9034
125.8718
124.9930
124.2671
123.6942
123.2741
123.0069
122.8927
122.6086
122.1547
121.5310
120.7375
119.7742
118.6411
117.3382
115.8655
114.4829
113.1905
111.9883
110.8762
109.8543
108.9226
108.0810
107.3296
106.6069
105.9132
105.2482
104.6120
104.0047
103.4262
102.8765
102.3556
101.9547
101.6739
101.5131
101.4723
101.5515
101.7508
102.0700
102.5093
102.8836
103.1928
103.4369
103.6160
103.7301
103.7791
103.7630
103.6819
103.5062
103.2360
102.8713
102.4120
101.8581
101.2097
100.4667
99.6292
98.7885
97.9446
97.0975
96.2473
95.3938
94.5371
93.6773
92.8142
91.9852
91.1901
90.4290
89.7018
89.0086
88.3494
87.7242
87.1329
86.4026
85.5332
84.5248
83.3773
82.0907
80.6651
79.1004
77.3967
76.0158
74.9576
74.2222
73.8096
73.7198
73.9528
74.5086
75.3872
75.6936
75.4278
74.5898
73.1796
71.1972
68.6426
65.5158
61.8168
58.7408
56.2877
54.4575
53.2502
52.6658
52.7044
53.3659
54.6503
55.6798
56.4544
56.9741
57.2389
57.2488
57.0039
56.5040
55.7492
55.2286
54.9421
54.8897
55.0715
55.4874
56.1375
57.0217
58.1400
59.3138
60.5430
61.8277
63.1678
64.5634
66.0144
67.5209
69.0828
70.4960
71.7605
72.8762
73.8432
74.6615
75.3310
75.8518
76.2239
77.6129
80.0189
83.4418
87.8816
93.3384
99.8122
107.3029
115.8105
122.7787
128.2076
132.0970
134.4470
135.2577
134.5289
132.2607
128.4532
125.3622
122.9879
121.3302
120.3891
120.1646
120.6568
121.8656
123.7910
125.4377
126.8058
127.8951
128.7058
129.2377
129.4910
129.4656
129.1615
128.8036
128.3919
127.9264
127.4071
126.8340
126.2072
125.5265
124.7920
124.2567
123.9205
123.7834
123.8454
124.1065
124.5668
125.2261
126.0846
126.5401
126.5927
126.2423
125.4890
124.3328
122.7736
120.8115
118.4464
116.4731
114.8917
113.7021
112.9044
112.4984
112.4843
112.8620
113.6316
113.9605
113.8489
113.2966
112.3038
110.8704
108.9963
106.6817
103.9265
101.5567
99.5723
97.9732
96.7596
95.9314
95.4885
95.4311
95.7591
95.8364
95.6631
95.2392
94.5647
93.6396
92.4638
91.0374
89.3605
87.8590
86.5332
85.3829
84.4082
83.6090
82.9854
82.5374
82.2649
81.9624
81.6299
81.2673
80.8748
80.4522
79.9995
79.5169
79.0042
78.4741
77.9266
77.3617
76.7795
76.1798
75.5627
74.9283
74.2764
73.7733
73.4189
73.2132
73.1563
73.2481
73.4886
73.8779
74.4159
74.7624
74.9174
74.8808
74.6528
74.2333
73.6224
72.8199
71.8259
70.9433
70.1722
69.5125
68.9643
68.5275
68.2021
67.9882
67.8857
67.7365
67.5404
67.2975
67.0079
66.6714
66.2882
65.8582
65.3813
64.9800
64.6543
64.4040
64.2293
64.1300
64.1064
64.1582
64.2855
64.7765
65.6309
66.8490
68.4306
70.3757
72.6844
75.3567
78.3926
81.6466
85.1189
88.8094
92.7182
96.8451
101.1903
105.7537
110.5353
114.7132
118.2872
121.2573
123.6237
125.3863
126.5450
127.1000
127.0511
126.9528
126.8051
126.6081
126.3616
126.0658
125.7206
125.3259
124.8819
124.2810
123.5231
122.6083
121.5365
120.3079
118.9222
117.3797
115.6802
114.0273
112.4209
110.8610
109.3476
107.8808
106.4605
105.0868
103.7595
102.6221
101.6745
100.9167
100.3487
99.9706
99.7822
99.7837
99.9750
99.9864
99.8179
99.4696
98.9413
98.2332
97.3453
96.2774
95.0297
93.8611
92.7716
91.7612
90.8299
89.9778
89.2047
88.5108
87.8959
87.3954
87.0091
86.7371
86.5793
86.5359
86.6067
86.7917
87.0911
87.2084
87.1437
86.8969
86.4681
85.8573
85.0644
84.0895
82.9326
81.8420
80.8176
79.8596
78.9679
78.1425
77.3835
76.6907
76.0642
75.4267
74.7780
74.1181
73.4472
72.7651
72.0719
71.3676
70.6521
70.0051
69.4265
68.9163
68.4745
68.1011
67.7961
67.5596
67.3915
67.3277
67.3684
67.5134
67.7629
68.1167
68.5750
69.1376
69.8047
70.4070
70.9445
71.4173
71.8254
72.1688
72.4473
72.6612
72.8103
73.0185
73.2858
73.6122
73.9976
74.4422
74.9458
75.5085
76.1303
76.6761
77.1459
77.5398
77.8576
78.0994
78.2653
78.3552
78.3691
78.3568
78.3183
78.2537
78.1629
78.0460
77.9029
77.7336
77.5381
77.4492
77.4667
77.5908
77.8214
78.1584
78.6020
79.1521
79.8086
81.2878
83.5895
86.7138
90.6606
95.4300
101.0220
107.4366
114.6737
121.0162
126.4641
131.0173
134.6759
137.4399
139.3092
140.2839
140.3640
140.5277
140.7752
141.1062
141.5210
142.0194
142.6015
143.2673
144.0168
144.4467
144.5572
144.3483
143.8199
142.9720
141.8046
140.3178
138.5115
136.9265
135.5627
134.4201
133.4987
132.7985
132.3196
132.0620
132.0255
131.8760
131.6134
131.2377
130.7489
130.1471
129.4322
128.6043
127.6632
126.6589
125.5912
124.4602
123.2659
122.0082
120.6873
119.3030
117.8555
116.3314
114.7308
113.0537
111.3001
109.4700
107.5634
105.5803
103.5207
101.6147
99.8624
98.2637
96.8187
95.5274
94.3897
93.4056
92.5752
91.7659
90.9778
90.2109
89.4650
88.7404
88.0368
87.3544
86.6932
85.9241
85.0472
84.0625
82.9699
81.7695
80.4613
79.0452
77.5213
76.1804
75.0224
74.0475
73.2555
72.6465
72.2205
71.9775
71.9174
71.6846
71.2791
70.7007
69.9496
69.0258
67.9291
66.6597
65.2176
64.0866
63.2667
62.7580
62.5605
62.6742
63.0990
63.8349
64.8820
65.6886
66.2546
66.5801
66.6651
66.5095
66.1134
65.4768
64.5996
63.9080
63.4021
63.0818
62.9472
62.9983
63.2349
63.6572
64.2652
64.7499
65.1114
65.3497
65.4647
65.4565
65.3251
65.0704
64.6925
64.4319
64.2887
64.2627
64.3541
64.5628
64.8888
65.3321
65.8928
66.5436
67.2846
68.1158
69.0371
70.0487
71.1503
72.3422
73.6242
75.4432
77.7993
80.6923
84.1223
88.0893
92.5933
97.6342
103.2122
108.2412
112.7212
116.6523
120.0344
122.8675
125.1516
126.8868
128.0730
128.8860
129.3257
129.3921
129.0853
128.4053
127.3520
125.9254
124.1256
122.4269
120.8292
119.3326
117.9371
116.6426
115.4492
114.3568
113.3655
112.5465
111.8996
111.4249
111.1224
110.9921
111.0340
111.2481
111.6344
111.8755
111.9712
111.9217
111.7269
111.3868
110.9014
110.2708
109.4949
108.9018
108.4915
108.2640
108.2193
108.3574
108.6783
109.1820
109.8685
110.3218
110.5418
110.5287
110.2823
109.8027
109.0899
108.1439
106.9646
106.0524
105.4072
105.0290
104.9178
105.0737
105.4966
106.1865
107.1434
107.8477
108.2993
108.4982
108.4445
108.1381
107.5790
106.7673
105.7029
104.6227
103.5269
102.4154
101.2881
100.1451
98.9864
97.8120
96.6218
95.1168
93.2969
91.1622
88.7126
85.9481
82.8688
79.4746
75.7655
72.5194
69.7362
67.4160
65.5587
64.1644
63.2330
62.7645
62.7590
62.6885
62.5529
62.3523
62.0866
61.7559
61.3602
60.8995
60.3737
59.7245
58.9520
58.0562
57.0369
55.8943
54.6284
53.2391
51.7264
50.6432
49.9894
49.7651
49.9703
50.6049
51.6690
53.1626
55.0856
56.6655
57.9023
58.7961
59.3467
59.5543
59.4188
58.9402
58.1185
57.4568
56.9551
56.6133
56.4315
56.4097
56.5478
56.8459
57.3040
57.6326
57.8318
57.9016
57.8419
57.6527
57.3341
56.8861
56.3086
56.1976
56.5531
57.3751
58.6636
60.4185
62.6399
65.3278
68.4823
71.8557
75.4483
79.2599
83.2906
87.5404
92.0092
96.6972
101.6042
105.8684
109.4899
112.4687
114.8047
116.4979
117.5484
117.9562
117.7212
117.8846
118.4462
119.4062
120.7645
122.5211
124.6760
127.2292
130.1808
132.6758
134.7143
136.2964
137.4218
138.0908
138.3033
138.0592
137.3586
136.7572
136.2550
135.8520
135.5482
135.3435
135.2381
135.2318
135.3247
135.1024
134.5647
133.7117
132.5435
131.0599
129.2611
127.1469
124.7175
122.5162
120.5431
118.7981
117.2813
115.9927
114.9322
114.1000
113.4958
112.7839
111.9642
111.0366
110.0013
108.8581
107.6071
106.2483
104.7818
103.3782
102.0376
100.7600
99.5454
98.3937
97.3051
96.2795
95.3169
94.6028
94.1373
93.9203
93.9518
94.2319
94.7605
95.5376
96.5633
97.2091
97.4751
97.3612
96.8674
95.9937
94.7402
93.1067
91.0934
89.2271
87.5078
85.9355
84.5101
83.2318
82.1004
81.1160
80.2786
79.6552
79.2458
79.0505
79.0692
79.3019
79.7487
80.4095
81.2843
81.8627
82.1446
82.1302
81.8193
81.2120
80.3083
79.1082
77.6116
76.4566
75.6431
75.1712
75.0408
75.2519
75.8046
76.6987
77.9345
78.8408
79.4178
79.6653
79.5835
79.1724
78.4318
77.3619
75.9626
74.8685
74.0797
73.5961
73.4177
73.5446
73.9767
74.7140
75.7566
76.6506
77.3960
77.9929
78.4413
78.7410
78.8923
78.8949
78.7490
78.5179
78.2016
77.8001
77.3134
76.7415
76.0844
75.3422
74.5147
75.1640
77.2902
80.8933
85.9731
92.5299
100.5635
110.0739
121.0612
130.3426
137.9182
143.7880
147.9520
150.4101
151.1624
150.2089
147.5496
145.1283
142.9449
140.9996
139.2923
137.8230
136.5917
135.5984
134.8431
134.1721
133.5853
133.0829
132.6647
132.3307
132.0811
131.9157
131.8346
131.8110
131.8450
131.9366
132.0858
132.2926
132.5569
132.8788
133.2582
133.1597
132.5830
131.5283
129.9955
127.9846
125.4957
122.5287
119.0837
116.0288
113.3641
111.0895
109.2051
107.7109
106.6069
105.8930
105.5692
105.3233
105.1551
105.0648
105.0522
105.1173
105.2603
105.4810
105.7795
105.6821
105.1888
104.2995
103.0144
101.3333
99.2563
96.7833
93.9145
91.6271
89.9210
88.7965
88.2533
88.2915
88.9112
90.1123
91.8948
92.9930
93.4068
93.1363
92.1815
90.5423
88.2188
85.2109
81.5187
78.2956
75.5416
73.2568
71.4410
70.0944
69.2169
68.8086
68.8693
68.8993
68.8985
68.8668
68.8044
68.7112
68.5872
68.4324
68.2468
67.9541
67.5544
67.0476
66.4338
65.7130
64.8851
63.9501
62.9081
62.0632
61.4155
60.9649
60.7115
60.6552
60.7960
61.1340
61.6691
62.0882
62.3912
62.5782
62.6491
62.6040
62.4428
62.1656
61.7723
61.4693
61.2568
61.1346
61.1028
61.1613
61.3103
61.5495
61.8792
62.0604
62.0931
61.9773
61.7131
61.3004
60.7392
60.0295
59.1714
58.6695
58.5238
58.7343
59.3010
60.2240
61.5032
63.1386
65.1303
66.8785
68.3833
69.6447
70.6626
71.4372
71.9683
72.2560
72.3003
73.1231
74.7243
77.1041
80.2623
84.1990
88.9142
94.4078
100.6800
106.1548
110.8323
114.7124
117.7953
120.0808
121.5689
122.2598
122.1533
122.1491
122.2472
122.4476
122.7503
123.1553
123.6626
124.2722
124.9841
125.4834
125.7701
125.8442
125.7056
125.3545
124.7908
124.0145
123.0256
122.2244
121.6110
121.1853
120.9474
120.8972
121.0348
121.3601
121.8731
122.1969
122.3315
122.2769
122.0331
121.6000
120.9777
120.1662
119.1655
117.9985
116.6653
115.1658
113.5001
111.6681
109.6699
107.5054
105.1746
103.3439
102.0131
101.1823
100.8514
101.0205
101.6896
102.8587
104.5277
105.5510
105.9286
105.6604
104.7466
103.1870
100.9818
98.1308
94.6341
91.5231
88.7976
86.4578
84.5036
82.9349
81.7519
80.9546
80.5428
79.9265
79.1056
78.0801
76.8502
75.4156
73.7766
71.9329
69.8847
67.9854
66.2351
64.6336
63.1810
61.8773
60.7225
59.7166
58.8596
58.1605
57.6192
57.2359
57.0103
56.9427
57.0329
57.2810
57.6870
58.0714
58.4343
58.7757
59.0956
59.3939
59.6707
59.9260
60.1597
60.4106
60.6785
60.9635
61.2657
61.5849
61.9213
62.2747
62.6452
63.0737
63.5602
64.1046
64.7071
65.3674
66.0858
66.8621
67.6964
68.4490
69.1198
69.7088
70.2162
70.6417
70.9856
71.2477
71.4280
71.8838
72.6149
73.6215
74.9035
76.4608
78.2936
80.4018
82.7853
85.0517
87.2010
89.2331
91.1480
92.9457
94.6262
96.1896
97.6359
99.4962
101.7708
104.4594
107.5622
111.0792
115.0103
119.3556
124.1150
128.3168
131.9611
135.0478
137.5770
139.5486
140.9626
141.8191
142.1180
142.0935
141.7458
141.0748
140.0805
138.7629
137.1219
135.1577
132.8702
130.8440
129.0791
127.5756
126.3334
125.3525
124.6329
124.1747
123.9778
123.7677
123.5443
123.3078
123.0580
122.7950
122.5188
122.2294
121.9267
121.5507
121.1013
120.5785
119.9824
119.3129
118.5700
117.7537
116.8641
115.9279
114.9452
113.9159
112.8400
111.7176
110.5487
109.3332
108.0711
106.9606
106.0018
105.1946
104.5389
104.0350
103.6826
103.4818
103.4327
103.2877
103.0470
102.7104
102.2780
101.7499
101.1259
100.4061
99.5905
98.6996
97.7334
96.6920
95.5753
94.3833
93.1161
91.7735
90.3558
89.0107
87.7383
86.5386
85.4116
84.3574
83.3758
82.4669
81.6308
80.7866
79.9344
79.0742
78.2059
77.3297
76.4454
75.5531
74.6528
73.8825
73.2421
72.7317
72.3513
72.1008
71.9804
71.9898
72.1293
72.2277
72.2851
72.3016
72.2771
72.2115
72.1050
71.9575
71.7690
71.7127
71.7886
71.9967
72.3370
72.8095
73.4142
74.1511
75.0203
75.6813
76.1343
76.3791
76.4159
76.2446
75.8652
75.2777
74.4821
73.6232
72.7010
71.7156
70.6668
69.5547
68.3794
67.1407
65.8388
64.8696
64.2333
63.9298
63.9591
64.3213
65.0162
66.0440
67.4046
68.8619
70.4161
72.0670
73.8147
75.6592
77.6005
79.6385
81.7734
84.3203
87.2793
90.6504
94.4336
98.6288
103.2362
108.2556
113.6871
118.3936
122.3752
125.6319
128.1635
129.9703
131.0520
131.4088
131.0407
130.9746
131.2105
131.7485
132.5886
133.7308
135.1750
136.9213
138.9696
140.7509
142.2651
143.5123
144.4925
145.2056
145.6517
145.8307
145.7427
145.2763
144.4314
143.2082
141.6066
139.6265
137.2681
134.5312
131.4160
128.5881
126.0477
123.7948
121.8293
120.1512
118.7605
117.6572
116.8414
115.7816
114.4776
112.9295
111.1374
109.1011
106.8208
104.2964
101.5279
99.0375
96.8253
94.8911
93.2351
91.8572
90.7574
89.9357
89.3921
88.7330
87.9582
87.0679
86.0619
84.9404
83.7033
82.3506
80.8824
79.6442
78.6362
77.8583
77.3105
76.9929
76.9054
77.0480
77.4208
77.4432
77.1152
76.4368
75.4080
74.0289
72.2994
70.2195
67.7893
65.6113
63.6856
62.0121
60.5910
59.4221
58.5055
57.8412
57.4291
57.0047
56.5677
56.1184
55.6566
55.1824
54.6957
54.1966
53.6850
53.1776
52.6743
52.1752
51.6801
51.1892
50.7025
50.2198
49.7413
49.4600
49.3759
49.4890
49.7994
50.3069
51.0117
51.9137
53.0129
53.9255
54.6513
55.1904
55.5429
55.7087
55.6878
55.4801
55.0858
54.8804
54.8637
55.0359
55.3968
55.9467
56.6853
57.6127
58.7290
59.7403
60.6465
61.4478
62.1441
62.7354
63.2217
63.6031
63.8794
64.5988
65.7614
67.3670
69.4158
71.9077
74.8426
78.2207
82.0419
85.5001
88.5951
91.3271
93.6961
95.7019
97.3447
98.6245
99.5412
100.3143
100.9439
101.4300
101.7726
101.9716
102.0272
101.9391
101.7076
101.5017
101.3215
101.1670
101.0382
100.9351
100.8576
100.8058
100.7797
100.7597
100.7460
100.7384
100.7371
100.7419
100.7529
100.7701
100.7935
100.8169
100.8403
100.8638
100.8873
100.9107
100.9342
100.9578
100.9813
101.0062
101.0324
101.0600
101.0890
101.1193
101.1509
101.1839
101.2182
101.2538
101.2905
101.3285
101.3676
101.4080
101.4496
101.4923
101.5363
101.5815
101.6278
101.6753
101.7240
101.7739
101.8250
101.8772
101.9307
101.9852
102.0408
102.0975
102.1553
102.2142
102.2742
102.3353
102.3974
102.4607
102.5251
102.5907
102.6573
102.7251
102.7939
102.8639
102.9350
103.0072
103.0805
103.1549
103.2303
103.3069
103.3845
103.4632
103.5430
103.6235
103.7049
103.7871
103.8701
103.9538
104.0384
104.1237
104.2099
104.2966
104.3840
104.4719
104.5605
104.6496
104.7394
104.8298
104.9207
105.0121
105.1039
105.1962
105.2889
105.3821
105.4757
105.5698
105.6643
105.7590
105.8540
105.9493
106.0449
106.1407
106.2368
106.3332
106.4298
106.5267
106.6239
106.7214
106.8192
106.9172
107.0155
107.1141
107.2130
107.3121
107.4115
107.5112
107.6112
107.7114
107.8119
107.9127
108.0137
108.1148
108.2161
108.3175
108.4190
108.5206
108.6224
108.7242
108.8262
108.9283
109.0305
109.1329
109.2353
109.3379
109.4406
109.5435
109.6465
109.7494
109.8522
109.9551
110.0578
110.1605
110.2632
110.3658
110.4684
110.5702
110.6713
110.7717
110.8713
110.9703
111.0684
111.1659
111.2626
111.3630
111.4669
111.5745
111.6856
111.8004
111.9187
112.0407
112.1662
112.3384
112.5571
112.8225
113.1345
113.4931
113.8983
114.3501
114.8485
115.2581
115.5789
115.8109
115.9541
116.0084
115.9740
115.8508
115.6388
115.4131
115.1737
114.9207
114.6539
114.3735
114.0794
113.7716
113.4501
113.1350
112.8264
112.5242
112.2285
111.9392
111.6564
111.3800
111.1100
110.8156
110.4967
110.1534
109.7856
109.3933
108.9766
108.5355
108.0698
107.6680
107.3299
107.0557
106.8452
106.6986
106.6157
106.5966
106.6413
106.6529
106.6314
106.5767
106.4889
106.3680
106.2140
106.0269
105.8066
105.4922
105.0836
104.5808
103.9838
103.2926
102.5073
101.6278
100.6541
99.8534
99.2257
98.7710
98.4893
98.3805
98.4447
98.6820
99.0922
99.1682
98.9099
98.3174
97.3907
96.1297
94.5345
92.6051
90.3414
88.4439
86.9123
85.7469
84.9475
84.5142
84.4469
84.7457
85.4106
85.9481
86.3580
86.6404
86.7954
86.8229
86.7230
86.4955
86.1406
85.7627
85.3618
84.9380
84.4913
84.0215
83.5288
83.0132
82.4745
81.9407
81.4117
80.8875
80.3680
79.8534
79.3435
78.8385
78.3382
77.8106
77.2557
76.6733
76.0637
75.4266
74.7622
74.0705
73.3514
72.4779
71.4500
70.2678
68.9312
67.4402
65.7948
63.9950
62.0409
60.3527
58.9305
57.7742
56.8838
56.2594
55.9010
55.8084
55.9819
56.1730
56.3819
56.6086
56.8530
57.1151
57.3950
57.6926
58.0080
58.7533
59.9285
61.5336
63.5686
66.0335
68.9283
72.2531
76.0077
79.1173
81.5818
83.4013
84.5757
85.1050
84.9893
84.2285
82.8226
81.6757
80.7878
80.1588
79.7888
79.6778
79.8257
80.2326
80.8985
81.4032
81.7467
81.9290
81.9502
81.8102
81.5089
81.0466
80.4230
79.8619
79.3634
78.9274
78.5540
78.2430
77.9946
77.8087
77.6853
77.4953
77.2385
76.9151
76.5249
76.0681
75.5445
74.9543
74.2974
73.6680
73.0662
72.4920
71.9453
71.4261
70.9346
70.4706
70.0341
69.8954
70.0545
70.5114
71.2661
72.3186
73.6689
75.3170
77.2628
78.7460
79.7666
80.3246
80.4199
80.0526
79.2227
77.9301
76.1749
74.8661
74.0038
73.5879
73.6184
74.0953
75.0186
76.3883
78.2045
79.4648
80.1692
80.3177
79.9103
78.9470
77.4278
75.3528
72.7218
70.5421
68.8137
67.5366
66.7107
66.3361
66.4127
66.9407
67.9198
68.9045
69.8946
70.8901
71.8910
72.8974
73.9093
74.9266
75.9493
76.8204
77.5397
78.1073
78.5233
78.7875
78.9000
78.8609
78.6700
78.8012
79.2544
80.0297
81.1271
82.5464
84.2879
86.3514
88.7369
90.6757
92.1676
93.2128
93.8112
93.9628
93.6676
92.9256
91.7368
90.9514
90.5693
90.5907
91.0154
91.8435
93.0750
94.7099
96.7482
98.3765
99.5949
100.4034
100.8020
100.7906
100.3693
99.5381
98.2969
97.2098
96.2767
95.4977
94.8727
94.4018
94.0849
93.9221
93.9133
94.8386
96.6978
99.4910
103.2182
107.8795
113.4747
120.0039
127.4671
133.5436
138.2332
141.5360
143.4521
143.9813
143.1237
140.8794
137.2482
134.1293
131.5226
129.4281
127.8458
126.7757
126.2178
126.1722
126.6388
126.7139
126.3976
125.6900
124.5909
123.1004
121.2184
118.9451
116.2803
113.9789
112.0407
110.4659
109.2544
108.4062
107.9212
107.7996
108.0413
108.1886
108.2413
108.1996
108.0635
107.8328
107.5077
107.0882
106.5741
106.1147
105.7099
105.3598
105.0642
104.8233
104.6370
104.5054
104.4283
104.6373
105.1324
105.9134
106.9805
108.3337
109.9728
111.8980
114.1092
115.8214
117.0346
117.7487
117.9639
117.6799
116.8970
115.6150
113.8340
112.2815
110.9575
109.8621
108.9952
108.3568
107.9470
107.7657
107.8129
107.5860
107.0850
106.3099
105.2607
103.9374
102.3399
100.4684
98.3228
96.3686
94.6058
93.0343
91.6542
90.4655
89.4683
88.6623
88.0478
87.4149
86.7636
86.0938
85.4057
84.6991
83.9742
83.2308
82.4690
81.9104
81.5549
81.4027
81.4535
81.7076
82.1648
82.8251
83.6887
84.4992
85.2568
85.9614
86.6130
87.2116
87.7572
88.2499
88.6895
89.0976
89.4741
89.8191
90.1324
90.4142
90.6644
90.8830
91.0700
91.2291
91.3604
