81.6061
81.5317
81.4287
81.2971
81.1369
80.9481
80.7497
80.5416
80.3238
80.0964
79.8594
79.6127
79.3564
79.0904
78.8541
78.6473
78.4702
78.3228
78.2049
78.1167
78.0581
78.0291
78.2316
78.6654
79.3306
80.2273
81.3553
82.7148
84.3057
86.1279
87.5884
88.6871
89.4240
89.7991
89.8124
89.4639
88.7536
87.6815
86.9284
86.4941
86.3788
86.5824
87.1049
87.9463
89.1066
90.5859
92.2486
94.0950
96.1249
98.3383
100.7353
103.3158
106.0799
109.0276
111.4609
113.3799
114.7845
115.6749
116.0509
115.9125
115.2599
114.0929
113.1101
112.3115
111.6972
111.2670
111.0211
110.9594
111.0819
111.3887
111.6274
111.7980
111.9006
111.9352
111.9017
111.8002
111.6306
111.3930
111.0925
110.7290
110.3026
109.8133
109.2610
108.6458
107.9676
107.2265
106.5940
106.0701
105.6547
105.3480
105.1499
105.0604
105.0795
105.2072
105.2184
105.1133
104.8917
104.5538
104.0994
103.5286
102.8414
102.0378
101.3854
100.8843
100.5344
100.3358
100.2884
100.3923
100.6474
101.0538
101.4763
101.9150
102.3699
102.8410
103.3282
103.8316
104.3512
104.8870
105.5180
106.2444
107.0661
107.9831
108.9954
110.1031
111.3060
112.6042
113.8658
115.0906
116.2788
117.4302
118.5449
119.6229
120.6643
121.6689
122.5349
123.2622
123.8509
124.3010
124.6124
124.7852
124.8194
124.7149
124.7019
124.7805
124.9507
125.2124
125.5656
126.0103
126.5466
127.1744
127.7156
128.1703
128.5383
128.8197
129.0145
129.1227
129.1443
129.0793
129.0217
128.9713
128.9283
128.8926
128.8642
128.8432
128.8294
128.8230
128.8367
128.8703
128.9241
128.9979
129.0917
129.2056
129.3396
129.4936
129.5111
129.3923
129.1370
128.7453
128.2172
127.5527
126.7517
125.8143
124.9522
124.1653
123.4538
122.8176
122.2566
121.7710
121.3606
121.0255
120.7665
120.5835
120.4766
120.4457
120.4909
120.6121
120.8094
121.0827
121.0378
120.6748
119.9936
118.9942
117.6766
116.0408
114.0869
111.8148
109.8999
108.3422
107.1418
106.2987
105.8128
105.6841
105.9127
106.4985
106.6976
106.5099
105.9356
104.9746
103.6268
101.8924
99.7712
97.2633
95.0056
92.9981
91.2407
89.7335
88.4764
87.4695
86.7128
86.2062
85.7489
85.3409
84.9821
84.6726
84.4123
84.2013
84.0395
83.9270
83.7367
83.4687
83.1231
82.6997
82.1985
81.6197
80.9631
80.2288
79.5791
79.0140
78.5335
78.1375
77.8261
77.5994
77.4572
77.3995
77.3358
77.2659
77.1898
77.1077
77.0194
76.9249
76.8243
76.7176
76.6821
76.7180
76.8252
77.0037
77.2535
77.5745
77.9669
78.4306
78.8146
79.1190
79.3437
79.4887
79.5541
79.5398
79.4459
79.2723
79.1224
78.9962
78.8937
78.8149
78.7599
78.7285
78.7209
78.7370
78.7382
78.7246
78.6962
78.6529
78.5947
78.5217
78.4339
78.3312
78.2473
78.1822
78.1359
78.1084
78.0996
78.1097
78.1385
78.1862
78.2255
78.2564
78.2790
78.2933
78.2992
78.2968
78.2860
78.2668
78.1876
78.0483
77.8488
77.5893
77.2697
76.8900
76.4502
75.9502
75.7995
75.9980
76.5457
77.4427
78.6888
80.2841
82.2286
84.5224
86.4316
87.9563
89.0965
89.8522
90.2233
90.2099
89.8121
89.0297
88.6232
88.5926
88.9379
89.6591
90.7563
92.2293
94.0782
96.3031
98.4255
100.4454
102.3630
104.1781
105.8908
107.5010
109.0088
110.4142
111.6262
112.6447
113.4699
114.1016
114.5399
114.7849
114.8364
114.6945
114.4681
114.1572
113.7619
113.2820
112.7177
112.0689
111.3356
110.5179
109.8004
109.1831
108.6661
108.2494
107.9330
107.7168
107.6008
107.5851
107.5255
107.4220
107.2745
107.0831
106.8477
106.5684
106.2452
105.8781
105.3259
104.5886
103.6662
102.5587
101.2661
99.7885
98.1258
96.2780
94.7670
93.5927
92.7553
92.2546
92.0907
92.2636
92.7733
93.6198
94.2078
94.5374
94.6085
94.4212
93.9754
93.2711
92.3085
91.0873
90.0508
89.1988
88.5314
88.0486
87.7503
87.6367
87.7076
87.9631
88.0930
88.0975
87.9764
87.7298
87.3577
86.8600
86.2369
85.4882
84.8497
84.3213
83.9032
83.5951
83.3973
83.3096
83.3321
83.4648
83.5196
83.4965
83.3955
83.2166
82.9598
82.6251
82.2126
81.7221
81.3016
80.9511
80.6706
80.4600
80.3194
80.2488
80.2481
80.3174
80.3307
80.2879
80.1892
80.0345
79.8237
79.5570
79.2342
78.8554
78.5148
78.2122
77.9478
77.7215
77.5334
77.3833
77.2714
77.1976
77.1228
77.0471
76.9705
76.8929
76.8143
76.7348
76.6544
76.5730
76.5558
76.6029
76.7142
76.8898
77.1296
77.4337
77.8020
78.2346
78.6522
79.0549
79.4426
79.8153
80.1731
80.5159
80.8438
81.1567
81.4772
81.8053
82.1409
82.4842
82.8350
83.1934
83.5594
83.9329
84.4167
85.0108
85.7152
86.5298
87.4546
88.4898
89.6352
90.8908
92.1588
93.4391
94.7317
96.0366
97.3538
98.6834
100.0253
101.3794
102.9456
104.7239
106.7141
108.9164
111.3307
113.9570
116.7954
119.8458
122.6577
125.2313
127.5665
129.6633
131.5217
133.1417
134.5233
135.6665
136.5836
137.2744
137.7390
137.9774
137.9896
137.7757
137.3355
136.6691
135.9849
135.2830
134.5632
133.8256
133.0702
132.2970
131.5060
130.6973
129.9022
129.1208
128.3532
127.5992
126.8590
126.1325
125.4197
124.7206
123.9529
123.1166
122.2117
121.2382
120.1961
119.0854
117.9061
116.6582
115.3549
113.9962
112.5821
111.1126
109.5877
108.0074
106.3717
104.6806
103.0812
101.5734
100.1572
98.8326
97.5997
96.4584
95.4087
94.4507
93.5316
92.6514
91.8101
91.0077
90.2442
89.5196
88.8339
88.1871
87.6245
87.1462
86.7521
86.4422
86.2166
86.0752
86.0181
86.0452
86.0515
86.0371
86.0020
85.9461
85.8694
85.7720
85.6538
85.5149
85.3726
85.2270
85.0780
84.9257
84.7701
84.6110
84.4487
84.2830
84.1102
83.9302
83.7431
83.5489
83.3475
83.1390
82.9234
82.7007
82.4091
82.0487
81.6194
81.1213
80.5544
79.9186
79.2141
78.4406
77.7344
77.0952
76.5232
76.0183
75.5805
75.2098
74.9063
74.6699
74.4181
74.1508
73.8680
73.5698
73.2561
72.9269
72.5823
72.2222
71.9318
71.7109
71.5598
71.4782
71.4663
71.5240
71.6514
71.8484
72.3399
73.1259
74.2063
75.5813
77.2508
79.2148
81.4732
84.0262
86.8393
89.9124
93.2457
96.8391
100.6926
104.8062
109.1799
113.8137
118.0614
121.9230
125.3985
128.4879
131.1913
133.5085
135.4396
136.9847
138.4961
139.9741
141.4184
142.8292
144.2064
145.5501
146.8602
148.1367
149.0648
149.6444
149.8755
149.7582
149.2924
148.4782
147.3155
145.8043
144.3369
142.9131
141.5329
140.1965
138.9037
137.6546
136.4492
135.2875
134.1089
132.9135
131.7013
130.4721
129.2262
127.9634
126.6837
125.3872
124.1978
123.1155
122.1404
121.2723
120.5114
119.8576
119.3109
118.8713
118.2992
117.5946
116.7574
115.7876
114.6853
113.4505
112.0832
110.5833
109.0970
107.6243
106.1653
104.7198
103.2880
101.8698
100.4652
99.0743
97.6857
96.2997
94.9160
93.5348
92.1560
90.7797
89.4058
88.0344
86.8081
85.7268
84.7907
83.9997
83.3538
82.8530
82.4973
82.2867
82.0845
81.8909
81.7057
81.5290
81.3608
81.2011
81.0498
80.9071
80.6829
80.3772
79.9902
79.5217
78.9718
78.3405
77.6278
76.8337
76.1494
75.5750
75.1104
74.7557
74.5109
74.3759
74.3508
74.4356
74.4371
74.3554
74.1904
73.9422
73.6108
73.1961
72.6981
72.1170
71.5969
71.1379
70.7401
70.4034
70.1277
69.9132
69.7598
69.6675
69.6377
69.6702
69.7650
69.9223
70.1420
70.4241
70.7686
71.1755
71.6311
72.1356
72.6888
73.2908
73.9416
74.6412
75.3895
76.1867
77.0474
77.9716
78.9593
80.0106
81.1254
82.3037
83.5456
84.8510
86.3421
88.0191
89.8819
91.9305
94.1648
96.5850
99.1909
101.9827
104.5900
107.0128
109.2512
111.3051
113.1745
114.8595
116.3600
117.6761
119.1985
120.9272
122.8622
125.0035
127.3512
129.9051
132.6654
135.6320
138.2690
140.5765
142.5543
144.2026
145.5214
146.5105
147.1701
147.5001
147.6748
147.6941
147.5580
147.2666
146.8199
146.2178
145.4604
144.5476
143.5803
142.5584
141.4820
140.3510
139.1654
137.9253
136.6306
135.2814
133.9215
132.5509
131.1697
129.7777
128.3750
126.9617
125.5376
124.1029
122.7106
121.3608
120.0534
118.7884
117.5659
116.3858
115.2482
114.1531
113.0121
111.8254
110.5929
109.3146
107.9905
106.6207
105.2051
103.7436
102.2760
100.8020
99.3217
97.8351
96.3422
94.8431
93.3376
91.8259
90.3659
88.9577
87.6012
86.2966
85.0437
83.8426
82.6933
81.5957
80.3895
79.0747
77.6513
76.1192
74.4785
72.7291
70.8712
68.9045
67.0952
65.4432
63.9484
62.6109
61.4307
60.4078
59.5421
58.8337
57.9042
56.7534
55.3815
53.7884
51.9741
49.9386
47.6819
45.2041
43.0109
41.1023
39.4783
38.1389
37.0842
36.3141
35.8286
35.6278
35.5435
35.5759
35.7248
35.9904
36.3725
36.8713
37.4866
38.2185
39.1011
40.1342
41.3180
42.6524
44.1374
45.7731
47.5593
49.4962
51.4196
53.3294
55.2257
57.1084
58.9777
60.8334
62.6755
64.5042
66.5069
68.6836
71.0344
73.5592
76.2581
79.1311
82.1781
85.3991
88.6861
92.0390
95.4577
98.9424
102.4930
106.1095
109.7920
113.5403
117.0432
120.3007
123.3128
126.0795
128.6008
130.8766
132.9071
134.6921
136.1458
137.2682
138.0594
138.5192
138.6478
138.4450
137.9110
137.0457
136.0052
134.7896
133.3989
131.8330
130.0920
128.1759
126.0846
123.8182
121.7116
119.7647
117.9776
116.3502
114.8826
113.5748
112.4267
111.4384
110.4162
109.3600
108.2700
107.1460
105.9881
104.7962
103.5705
102.3108
101.0648
99.8324
98.6137
97.4085
96.2170
95.0392
93.8750
92.7244
91.6588
90.6782
89.7826
88.9720
88.2464
87.6059
87.0503
86.5797
86.1239
85.6829
85.2567
84.8453
84.4487
84.0669
83.6999
83.3477
83.0125
82.6945
82.3936
82.1098
81.8431
81.5936
81.3611
81.1457
80.8917
80.5992
80.2680
79.8982
79.4898
79.0428
78.5572
78.0330
77.4965
76.9478
76.3870
75.8139
75.2285
74.6310
74.0212
73.3992
72.8084
72.2486
71.7200
71.2226
70.7562
70.3210
69.9170
69.5440
69.2447
69.0191
68.8671
68.7888
68.7841
68.8531
68.9958
69.2121
69.4602
69.7402
70.0521
70.3958
70.7714
71.1788
71.6181
72.0893
72.7524
73.6074
74.6543
75.8931
77.3239
78.9466
80.7612
82.7678
84.9904
87.4292
90.0841
92.9551
96.0423
99.3455
102.8649
106.6004
110.2978
113.9573
117.5787
121.1621
124.7075
128.2148
131.6841
135.1154
138.2820
141.1837
143.8207
146.1930
148.3004
150.1432
151.7211
153.0343
154.1517
155.0734
155.7994
156.3297
156.6642
156.8030
156.7461
156.4934
156.1957
155.8530
155.4654
155.0327
154.5550
154.0323
153.4647
152.8520
152.2559
151.6763
151.1133
150.5668
150.0369
149.5235
149.0267
148.5465
147.8972
147.0789
146.0915
144.9352
143.6098
142.1154
140.4520
138.6196
136.8319
135.0890
133.3909
131.7375
130.1288
128.5650
127.0458
125.5715
124.0752
122.5571
121.0171
119.4552
117.8714
116.2657
114.6381
112.9886
111.3182
109.6267
107.9142
106.1807
104.4261
102.6506
100.8541
99.0365
97.2759
95.5721
93.9253
92.3354
90.8023
89.3262
87.9070
86.5447
85.2422
83.9994
82.8163
81.6930
80.6295
79.6257
78.6817
77.7974
76.9011
75.9928
75.0724
74.1401
73.1957
72.2393
71.2708
70.2904
69.4222
68.6664
68.0228
67.4915
67.0725
66.7659
66.5715
66.4894
66.4329
66.4021
66.3969
66.4174
66.4635
66.5352
66.6326
66.7556
66.8833
67.0154
67.1522
67.2935
67.4394
67.5899
67.7450
67.9046
68.1495
68.4797
68.8951
69.3958
69.9817
70.6529
71.4094
72.2511
73.1855
74.2124
75.3320
76.5442
77.8490
79.2464
80.7364
82.3191
84.0146
85.8230
87.7443
89.7785
91.9256
94.1855
96.5583
99.0440
101.3528
103.4848
105.4398
107.2180
108.8193
110.2438
111.4913
112.5620
113.6859
114.8630
116.0934
117.3770
118.7137
120.1038
121.5470
123.0434
124.5776
126.1496
127.7593
129.4067
131.0918
132.8147
134.5754
136.3737
137.6909
138.5267
138.8813
138.7546
138.1467
137.0575
135.4870
133.4353
131.4905
129.6527
127.9219
126.2980
124.7811
123.3712
122.0682
120.8722
119.6688
118.4579
117.2396
116.0139
114.7807
113.5402
112.2922
111.0367
109.8583
108.7570
107.7326
106.7853
105.9150
105.1218
104.4055
103.7663
103.0197
102.1657
101.2043
100.1355
98.9592
97.6756
96.2846
94.7861
93.4203
92.1870
91.0864
90.1184
89.2830
88.5802
88.0101
87.5725
87.0702
86.5031
85.8712
85.1746
84.4131
83.5869
82.6960
81.7402
80.7907
79.8475
78.9106
77.9799
77.0556
76.1374
75.2256
74.3200
73.3305
72.2570
71.0996
69.8582
68.5329
67.1236
65.6304
64.0532
62.5539
61.1325
59.7890
58.5234
57.3357
56.2259
55.1940
54.2400
53.3482
52.5187
51.7513
51.0462
50.4032
49.8225
49.3040
48.8477
48.5196
48.3196
48.2478
48.3041
48.4886
48.8012
49.2419
49.8109
50.3413
50.8331
51.2864
51.7012
52.0774
52.4151
52.7143
52.9749
53.4074
54.0117
54.7880
55.7361
56.8560
58.1479
59.6116
61.2472
62.9116
64.6049
66.3271
68.0781
69.8579
71.6666
73.5042
75.3706
77.4327
79.6907
82.1443
84.7937
87.6389
90.6798
93.9165
97.3489
100.8923
104.5466
108.3118
112.1880
116.1752
120.2732
124.4823
128.8022
132.7441
136.3079
139.4936
142.3013
144.7308
146.7823
148.4557
149.7510
150.8879
151.8663
152.6863
153.3479
153.8510
154.1957
154.3819
154.4097
154.2549
153.9175
153.3975
152.6949
151.8097
150.7419
149.4915
148.0585
146.6751
145.3412
144.0570
142.8223
141.6371
140.5016
139.4156
138.3792
137.3822
136.4246
135.5063
134.6274
133.7880
132.9878
132.2271
131.5058
130.6535
129.6703
128.5562
127.3111
125.9351
124.4281
122.7902
121.0214
119.2692
117.5336
115.8146
114.1123
112.4265
110.7574
109.1048
107.4689
105.8686
104.3037
102.7744
101.2807
99.8225
98.3999
97.0128
95.6612
94.3081
92.9534
91.5971
90.2392
88.8798
87.5187
86.1561
84.7920
83.5102
82.3109
81.1940
80.1595
79.2074
78.3378
77.5506
76.8458
76.1857
75.5703
74.9996
74.4735
73.9921
73.5554
73.1634
72.8161
72.4573
72.0870
71.7053
71.3121
70.9074
70.4913
70.0637
69.6246
69.3371
69.2012
69.2169
69.3842
69.7030
70.1735
70.7955
71.5691
72.1610
72.5713
72.8000
72.8469
72.7122
72.3959
71.8978
71.2181
70.6667
70.2434
69.9484
69.7816
69.7431
69.8328
70.0507
70.3968
70.7955
71.2468
71.7507
72.3072
72.9163
73.5780
74.2923
75.0591
75.8965
76.8045
77.7831
78.8323
79.9520
81.1423
82.4032
83.7346
85.2043
86.8122
88.5584
90.4428
92.4655
94.6264
96.9256
99.3629
101.7402
104.0574
106.3146
108.5116
110.6485
112.7254
114.7421
116.6988
118.5364
120.2550
121.8546
123.3351
124.6967
125.9392
127.0626
128.0671
128.9161
129.6097
130.1479
130.5306
130.7580
130.8298
130.7463
130.5073
130.2123
129.8612
129.4540
128.9908
128.4715
127.8961
127.2647
126.5772
125.8460
125.0710
124.2523
123.3899
122.4837
121.5338
120.5402
119.5028
118.5180
117.5859
116.7063
115.8794
115.1050
114.3833
113.7142
113.0976
112.4682
111.8259
111.1707
110.5026
109.8216
109.1278
108.4210
107.7014
106.8878
105.9802
104.9786
103.8830
102.6935
101.4100
100.0325
98.5611
97.2504
96.1007
95.1117
94.2836
93.6164
93.1100
92.7644
92.5797
92.4048
92.2396
92.0843
91.9388
91.8030
91.6771
91.5609
91.4546
91.2476
90.9401
90.5319
90.0232
89.4139
88.7039
87.8934
86.9823
86.0377
85.0597
84.0482
83.0032
81.9247
80.8128
79.6674
78.4885
77.3309
76.1946
75.0795
73.9857
72.9131
71.8618
70.8318
69.8230
68.9199
68.1224
67.4305
66.8442
66.3635
65.9885
65.7191
65.5553
65.4213
65.3171
65.2427
65.1982
65.1834
65.1984
65.2432
65.3178
65.5517
65.9449
66.4974
67.2091
68.0802
69.1105
70.3001
71.6489
73.0606
74.5352
76.0725
77.6727
79.3358
81.0616
82.8503
84.7018
86.6110
88.5779
90.6024
92.6846
94.8244
97.0220
99.2771
101.5900
103.8567
106.0773
108.2517
110.3799
112.4620
114.4979
116.4877
118.4313
120.2427
121.9219
123.4689
124.8837
126.1663
127.3167
128.3349
129.2209
130.0616
130.8570
131.6071
132.3119
132.9714
133.5856
134.1545
134.6781
134.9675
135.0227
134.8436
134.4304
133.7829
132.9013
131.7854
130.4353
129.2040
128.0915
127.0977
126.2228
125.4666
124.8292
124.3106
123.9108
123.3448
122.6126
121.7142
120.6495
119.4187
118.0216
116.4584
114.7289
112.9802
111.2124
109.4254
107.6192
105.7938
103.9492
102.0855
100.2026
98.3883
96.6427
94.9657
93.3573
91.8176
90.3465
88.9440
87.6102
86.3377
85.1265
83.9765
82.8878
81.8604
80.8942
79.9894
79.1458
78.2986
77.4479
76.5936
75.7357
74.8742
74.0092
73.1406
72.2684
71.3820
70.4814
69.5665
68.6375
67.6943
66.7368
65.7652
64.7793
63.9387
63.2433
62.6932
62.2884
62.0288
61.9144
61.9453
62.1215
62.3120
62.5169
62.7362
62.9698
63.2178
63.4801
63.7568
64.0478
64.4582
64.9879
65.6369
66.4052
67.2929
68.2998
69.4261
70.6717
71.8031
72.8204
73.7234
74.5123
75.1869
75.7474
76.1937
76.5258
77.0185
77.6719
78.4859
79.4606
80.5960
81.8920
83.3486
84.9659
86.8117
88.8859
91.1886
93.7197
96.4792
99.4673
102.6837
106.1286
109.3010
112.2009
114.8282
117.1830
119.2652
121.0750
122.6122
123.8768
125.1685
126.4871
127.8327
129.2053
130.6049
132.0315
133.4850
134.9656
136.2714
137.4025
138.3589
139.1406
139.7476
140.1799
140.4375
140.5204
140.5588
140.5528
140.5022
140.4073
140.2678
140.0839
139.8555
139.5827
139.1907
138.6796
138.0494
137.3002
136.4318
135.4443
134.3376
133.1119
131.8503
130.5529
129.2195
127.8503
126.4453
125.0043
123.5275
122.0149
120.3672
118.5844
116.6667
114.6139
112.4261
110.1032
107.6453
105.0524
102.6806
100.5299
98.6004
96.8920
95.4047
94.1385
93.0935
92.2696
91.3856
90.4414
89.4372
88.3728
87.2484
86.0638
84.8191
83.5143
82.3685
81.3818
80.5541
79.8855
79.3759
79.0253
78.8338
78.8014
78.6298
78.3191
77.8692
77.2803
76.5522
75.6850
74.6787
73.5333
72.4121
71.3150
70.2421
69.1934
68.1689
67.1685
66.1924
65.2404
64.4597
63.8504
63.4125
63.1459
63.0506
63.1267
63.3742
63.7929
64.0974
64.2875
64.3632
64.3246
64.1716
63.9043
63.5227
63.0267
62.7179
62.5963
62.6619
62.9148
63.3549
63.9822
64.7968
65.7985
66.8631
67.9906
69.1809
70.4340
71.7500
73.1289
74.5706
76.0751
77.6839
79.3969
81.2142
83.1358
85.1616
87.2917
89.5260
91.8645
94.1071
96.2535
98.3040
100.2584
102.1168
103.8791
105.5454
107.1156
108.8200
110.6586
112.6314
114.7382
116.9793
119.3545
121.8639
124.5074
126.8192
128.7991
130.4473
131.7637
132.7483
133.4011
133.7221
133.7113
133.6610
133.5712
133.4418
133.2728
133.0644
132.8163
132.5288
132.2017
131.8921
131.5999
131.3253
131.0681
130.8284
130.6062
130.4014
130.2142
129.8740
129.3810
128.7351
127.9363
126.9846
125.8800
124.6225
123.2121
121.9025
120.6936
119.5854
118.5779
117.6712
116.8652
116.1600
115.5554
114.9293
114.2817
113.6125
112.9217
112.2094
111.4756
110.7201
109.9432
109.1375
108.3030
107.4398
106.5478
105.6270
104.6776
103.6993
102.6923
101.7748
100.9467
100.2081
99.5590
98.9994
98.5292
98.1484
97.8572
97.5553
97.2427
96.9195
96.5856
96.2410
95.8858
95.5199
95.1434
94.8117
94.5249
94.2829
94.0857
93.9334
93.8259
93.7633
93.7455
93.6133
93.3666
93.0053
92.5296
91.9394
91.2347
90.4156
89.4819
88.6299
87.8594
87.1705
86.5632
86.0375
85.5934
85.2308
84.9499
84.5013
83.8851
83.1014
82.1500
81.0311
79.7445
78.2904
76.6686
75.1828
73.8328
72.6186
71.5404
70.5980
69.7915
69.1209
68.5862
68.0019
67.3681
66.6848
65.9519
65.1696
64.3377
63.4562
62.5253
61.8190
61.3375
61.0806
61.0484
61.2409
61.6582
62.3001
63.1667
63.9614
64.6842
65.3351
65.9140
66.4211
66.8563
67.2196
67.5110
67.8986
68.3824
68.9625
69.6387
70.4112
71.2799
72.2448
73.3060
74.4807
75.7690
77.1708
78.6862
80.3151
82.0576
83.9137
85.8833
87.6974
89.3559
90.8589
92.2063
93.3982
94.4345
95.3153
96.0406
96.8174
97.6458
98.5257
99.4572
100.4402
101.4749
102.5611
103.6988
104.8786
106.1004
107.3643
108.6702
110.0182
111.4082
112.8402
114.3143
115.7167
117.0473
118.3063
119.4935
120.6090
121.6527
122.6248
123.5251
124.3543
125.1123
125.7991
126.4147
126.9592
127.4324
127.8345
128.1654
128.4652
128.7339
128.9714
129.1778
129.3531
129.4972
129.6103
129.6922
129.7122
129.6702
129.5662
129.4003
129.1725
128.8827
128.5310
128.1173
127.6169
127.0296
126.3557
125.5950
124.7475
123.8132
122.7922
121.6844
120.6451
119.6742
118.7718
117.9378
117.1723
116.4752
115.8466
115.2864
114.8472
114.5289
114.3316
114.2553
114.3000
114.4656
114.7522
115.1598
115.0163
114.3220
113.0766
111.2803
108.9331
106.0348
102.5856
98.5854
95.2095
92.4580
90.3307
88.8278
87.9491
87.6948
88.0647
89.0590
89.8821
90.5340
91.0148
91.3244
91.4629
91.4302
91.2263
90.8513
89.9557
88.5393
86.6022
84.1445
81.1661
77.6671
73.6473
69.1069
65.2092
61.9543
59.3421
57.3727
56.0461
55.3622
55.3211
55.9227
56.5560
57.2210
57.9176
58.6459
59.4059
60.1975
61.0208
61.8758
62.5882
63.1579
63.5851
63.8696
64.0114
64.0107
63.8673
63.5813
63.3922
63.2999
63.3046
63.4061
63.6045
63.8998
64.2919
64.7809
65.5946
66.7328
68.1957
69.9832
72.0952
74.5319
77.2932
80.3791
82.6903
84.2268
84.9885
84.9755
84.1878
82.6253
80.2882
77.1763
75.6897
75.8285
77.5926
80.9821
85.9969
92.6371
100.9026
110.7934
119.1379
125.9361
131.1880
134.8935
137.0527
137.6655
136.7321
134.2523
132.1663
130.4743
129.1761
128.2719
127.7615
127.6450
127.9224
128.5937
129.5699
130.8511
132.4373
134.3285
136.5246
139.0256
141.8317
144.9427
147.6011
149.8068
151.5599
152.8603
153.7082
154.1033
154.0459
153.5358
152.9570
152.3095
151.5933
150.8084
149.9548
149.0325
148.0415
146.9818
145.9933
145.0762
144.2303
143.4557
142.7523
142.1203
141.5595
141.0700
140.7623
140.6364
140.6923
140.9301
141.3497
141.9511
142.7344
143.6995
143.7266
142.8159
140.9672
138.1807
134.4562
129.7938
124.1936
117.6554
112.1785
107.7630
104.4088
102.1160
100.8844
100.7142
101.6053
103.5577
105.0864
106.1912
106.8723
107.1296
106.9630
106.3727
105.3586
103.9207
101.9349
99.4011
96.3194
92.6897
88.5122
83.7866
78.5132
72.6918
67.8302
63.9284
60.9863
59.0040
57.9815
57.9187
58.8157
60.6725
62.0387
62.9144
63.2996
63.1942
62.5983
61.5118
59.9348
57.8673
56.0731
54.5521
53.3045
52.3302
51.6291
51.2014
51.0470
51.1659
51.2619
51.3351
51.3854
51.4130
51.4176
51.3995
51.3585
51.2947
51.3242
51.4472
51.6635
51.9732
52.3762
52.8726
53.4624
54.1456
54.7429
55.2543
55.6798
56.0194
56.2732
56.4410
56.5230
56.5190
56.5620
56.6519
56.7887
56.9725
57.2031
57.4807
57.8052
58.1766
58.6518
59.2310
59.9139
60.7008
61.5915
62.5860
63.6844
64.8867
65.8682
66.6288
67.1686
67.4876
67.5858
67.4632
67.1198
66.5556
66.2880
66.3171
66.6428
67.2652
68.1843
69.4000
70.9123
72.7214
74.4024
75.9555
77.3805
78.6776
79.8467
80.8877
81.8008
82.5859
83.2351
83.7483
84.1257
84.3671
84.4726
84.4422
84.2759
83.9737
84.3933
85.5347
87.3978
89.9827
93.2895
97.3180
102.0683
107.5404
112.4024
116.6544
120.2963
123.3281
125.7499
127.5617
128.7633
129.3549
129.8751
130.3238
130.7011
131.0070
131.2414
131.4044
131.4960
131.5161
131.5352
131.5533
131.5705
131.5866
131.6017
131.6159
131.6290
131.6411
131.6646
131.6995
131.7457
131.8032
131.8721
131.9524
132.0440
132.1469
132.1953
132.1891
132.1282
132.0128
131.8428
131.6181
131.3389
131.0051
130.7301
130.5140
130.3566
130.2582
130.2186
130.2378
130.3158
130.4527
130.4648
130.3522
130.1149
129.7527
129.2658
128.6542
127.9178
127.0567
126.2800
125.5877
124.9799
124.4566
124.0176
123.6632
123.3931
123.2075
122.9984
122.7657
122.5095
122.2297
121.9264
121.5995
121.2491
120.8751
120.5015
120.1283
119.7554
119.3830
119.0109
118.6392
118.2678
117.8969
117.4079
116.8010
116.0760
115.2330
114.2720
113.1930
111.9960
110.6810
109.1895
107.5214
105.6767
103.6555
101.4577
99.0833
96.5324
93.8050
91.1279
88.5011
85.9247
83.3986
80.9229
78.4975
76.1225
73.7978
71.6735
69.7497
68.0262
66.5032
65.1806
64.0583
63.1366
62.4152
62.0839
62.1426
62.5915
63.4305
64.6595
66.2786
68.2878
70.6871
72.6697
74.2355
75.3845
76.1168
76.4324
76.3312
75.8133
74.8787
73.9376
72.9900
72.0361
71.0756
70.1088
69.1355
68.1558
67.1697
66.1698
65.1561
64.1287
63.0875
62.0326
60.9639
59.8815
58.7853
57.9172
57.2773
56.8655
56.6818
56.7262
56.9988
57.4994
58.2282
58.9316
59.6094
60.2618
60.8887
61.4901
62.0660
62.6165
63.1415
63.6326
64.0897
64.5129
64.9022
65.2575
65.5790
65.8665
66.1200
66.2992
66.4041
66.4346
66.3908
66.2726
66.0800
65.8131
65.4718
65.3421
65.4238
65.7171
66.2219
66.9382
67.8660
69.0053
70.3561
71.5508
72.5892
73.4715
74.1976
74.7676
75.1813
75.4389
75.5403
75.9516
76.6730
77.7044
79.0458
80.6972
82.6586
84.9300
87.5114
90.2528
93.1542
96.2155
99.4369
102.8182
106.3595
110.0608
113.9221
117.7191
121.4518
125.1202
128.7243
132.2641
135.7396
139.1508
142.4977
145.4277
147.9407
150.0367
151.7158
152.9779
153.8231
154.2513
154.2625
154.1975
154.0562
153.8387
153.5449
153.1748
152.7284
152.2058
151.6069
151.0139
150.4268
149.8454
149.2700
148.7004
148.1367
147.5788
147.0268
146.4337
145.7995
145.1243
144.4080
143.6507
142.8522
142.0127
141.1321
140.3408
139.6388
139.0260
138.5025
138.0682
137.7232
137.4675
137.3011
137.0361
136.6726
136.2106
135.6502
134.9911
134.2336
133.3776
132.4230
131.3420
130.1345
128.8004
127.3399
125.7528
124.0393
122.1992
120.2327
118.4727
116.9192
115.5722
114.4317
113.4977
112.7703
112.2494
111.9349
111.5443
111.0774
110.5342
109.9148
109.2191
108.4472
107.5990
106.6746
105.7360
104.7833
103.8164
102.8354
101.8402
100.8308
99.8073
98.7697
97.8872
97.1597
96.5874
96.1701
95.9079
95.8008
95.8488
96.0519
96.2388
96.4095
96.5640
96.7022
96.8243
96.9301
97.0198
97.0932
97.1747
97.2643
97.3620
97.4679
97.5818
97.7038
97.8339
97.9722
97.9413
97.7413
97.3722
96.8339
96.1266
95.2502
94.2046
92.9900
91.9651
91.1300
90.4848
90.0293
89.7636
89.6877
89.8015
90.1052
90.2930
90.3648
90.3207
90.1606
89.8846
89.4927
88.9849
88.3612
87.9380
87.7155
87.6937
87.8725
88.2519
88.8319
89.6126
90.5939
91.3991
92.0283
92.4813
92.7582
92.8590
92.7837
92.5323
92.1048
91.8268
91.6984
91.7194
91.8900
92.2102
92.6799
93.2990
94.0678
94.7172
95.2472
95.6580
95.9494
96.1214
96.1742
96.1076
95.9216
95.6940
95.4246
95.1134
94.7606
94.3659
93.9296
93.4515
92.9317
92.5136
92.1973
91.9828
91.8700
91.8590
91.9498
92.1423
92.4366
92.6010
92.6356
92.5403
92.3151
91.9601
91.4752
90.8604
90.1158
89.4842
88.9657
88.5602
88.2678
88.0885
88.0223
88.0691
88.2290
88.2930
88.2610
88.1332
87.9095
87.5900
87.1745
86.6631
86.0558
85.4142
84.7383
84.0280
83.2834
82.5045
81.6913
80.8437
79.9618
79.1983
78.5533
78.0267
77.6185
77.3288
77.1575
77.1047
77.1703
77.1257
76.9708
76.7057
76.3304
75.8449
75.2491
74.5431
73.7269
72.9757
72.2896
71.6685
71.1124
70.6214
70.1954
69.8345
69.5386
69.4908
69.6912
70.1396
70.8362
71.7809
72.9737
74.4146
76.1037
77.5843
78.8564
79.9201
80.7754
81.4222
81.8606
82.0905
82.1120
82.2150
82.3995
82.6655
83.0130
83.4420
83.9525
84.5445
85.2180
85.8529
86.4491
87.0068
87.5258
88.0061
88.4479
88.8510
89.2155
89.5533
89.8643
90.1486
90.4061
90.6369
90.8409
91.0182
91.1688
91.2853
91.3679
91.4165
91.4311
91.4117
91.3584
91.2710
91.1497
91.0626
91.0098
90.9913
91.0069
91.0569
91.1411
91.2595
91.4122
91.7168
92.1731
92.7813
93.5413
94.4532
95.5168
96.7323
98.0997
99.3261
100.4116
101.3563
102.1600
102.8229
103.3448
103.7259
103.9661
104.1951
104.4131
104.6199
104.8156
105.0002
105.1737
105.3360
105.4873
105.5699
105.5839
105.5294
105.4062
105.2144
104.9540
104.6250
104.2274
103.7408
103.1653
102.5009
101.7476
100.9053
99.9741
98.9540
97.8449
96.9631
96.3086
95.8814
95.6814
95.7086
95.9632
96.4450
97.1541
97.7558
98.2502
98.6373
98.9170
99.0895
99.1545
99.1123
98.9627
98.8629
98.8130
98.8128
98.8624
98.9619
99.1111
99.3102
99.5590
99.6923
99.7100
99.6121
99.3986
99.0695
98.6248
98.0645
97.3887
96.7189
96.0552
95.3976
94.7461
94.1006
93.4613
92.8280
92.2009
91.6375
91.1379
90.7021
90.3301
90.0219
89.7774
89.5968
89.4799
89.3546
89.2209
89.0787
88.9281
88.7691
88.6016
88.4257
88.2414
88.1623
88.1884
88.3199
88.5565
88.8985
89.3457
89.8981
90.5558
91.1839
91.7823
92.3511
92.8902
93.3997
93.8796
94.3298
94.7504
95.1523
95.5356
95.9003
96.2464
96.5737
96.8825
97.1726
97.4441
97.7723
98.1571
98.5987
99.0969
99.6517
100.2633
100.9316
101.6565
102.3255
102.9386
103.4959
103.9972
104.4426
104.8322
105.1658
105.4436
105.7469
106.0758
106.4304
106.8105
107.2162
107.6475
108.1044
108.5869
109.0060
109.3617
109.6539
109.8827
110.0480
110.1500
110.1885
110.1636
110.0075
109.7203
109.3020
108.7526
108.0720
107.2603
106.3174
105.2435
104.2977
103.4802
102.7910
102.2300
101.7973
101.4928
101.3165
101.2686
101.2525
101.2683
101.3161
101.3957
101.5073
101.6508
101.8262
102.0335
102.2262
102.4043
102.5678
102.7167
102.8509
102.9706
103.0756
103.1661
103.2723
103.3943
103.5322
103.6858
103.8552
104.0405
104.2415
104.4584
104.6600
104.8464
105.0176
105.1736
105.3144
105.4399
105.5503
105.6454
105.6834
105.6642
105.5878
105.4542
105.2635
105.0156
104.7105
104.3482
103.9461
103.5043
103.0227
102.5013
101.9402
101.3392
100.6985
100.0180
99.4453
98.9803
98.6231
98.3737
98.2319
98.1980
98.2718
98.4533
98.6144
98.7550
98.8751
98.9747
99.0539
99.1126
99.1508
99.1685
99.2315
99.3396
99.4928
99.6913
99.9349
100.2238
100.5578
100.9370
101.2901
101.6172
101.9182
102.1932
102.4422
102.6651
102.8619
103.0327
103.1921
103.3402
103.4769
103.6022
103.7162
103.8188
103.9100
103.9899
104.1293
104.3284
104.5870
104.9052
105.2830
105.7204
106.2173
106.7739
107.2526
107.6535
107.9766
108.2218
108.3892
108.4788
108.4906
108.4245
108.3172
108.1688
107.9791
107.7483
107.4763
107.1631
106.8088
106.4132
106.0436
105.6998
105.3820
105.0901
104.8241
104.5840
104.3698
104.1815
104.0470
103.9664
103.9395
103.9664
104.0472
104.1817
104.3701
104.6123
104.8247
105.0076
105.1607
105.2842
105.3780
105.4421
105.4766
105.4813
105.4238
105.3039
105.1216
104.8771
104.5701
104.2009
103.7693
103.2753
102.8391
102.4607
102.1400
101.8771
101.6720
101.5246
101.4349
101.4030
101.2918
101.1013
100.8316
100.4825
100.0541
99.5464
98.9595
98.2932
97.5672
96.7815
95.9361
95.0310
94.0661
93.0415
91.9573
90.8132
89.7474
88.7597
87.8501
87.0186
86.2654
85.5902
84.9932
84.4744
84.0514
83.7242
83.4929
83.3575
83.3179
83.3742
83.5263
83.7743
84.0074
84.2257
84.4292
84.6179
84.7916
84.9506
85.0947
85.2240
85.5610
86.1058
86.8583
87.8185
88.9865
90.3622
91.9456
93.7368
95.2216
96.4000
97.2720
97.8376
98.0968
98.0496
97.6960
97.0360
96.5905
96.3595
96.3430
96.5410
96.9535
97.5805
98.4219
99.4779
100.4012
101.1918
101.8498
102.3752
102.7678
103.0279
103.1552
103.1499
103.0449
102.8402
102.5357
102.1315
101.6275
101.0238
100.3204
99.5172
98.7627
98.0567
97.3994
96.7906
96.2305
95.7190
95.2560
94.8417
94.4002
93.9316
93.4358
92.9128
92.3627
91.7854
91.1810
90.5494
89.8915
89.2074
88.4970
87.7603
86.9974
86.2083
85.3928
84.5512
83.9651
83.6345
83.5596
83.7402
84.1765
84.8683
85.8157
87.0186
88.0033
88.7695
89.3174
89.6469
89.7581
89.6509
89.3253
88.7814
88.3932
88.1608
88.0840
88.1630
88.3978
88.7882
89.3344
90.0363
90.7076
91.3483
91.9584
92.5378
93.0867
93.6048
94.0924
94.5494
94.9369
95.2549
95.5035
95.6826
95.7922
95.8324
95.8031
95.7044
95.6334
95.5902
95.5749
95.5872
95.6274
95.6954
95.7911
95.9146
95.9575
95.9198
95.8015
95.6025
95.3230
94.9628
94.5220
94.0005
93.4919
92.9960
92.5128
92.0424
91.5848
91.1399
90.7078
90.2885
89.9038
89.5536
89.2381
88.9572
88.7109
88.4992
88.3221
88.1796
87.9802
87.7238
87.4105
87.0403
86.6131
86.1290
85.5880
84.9900
84.4531
83.9772
83.5623
83.2085
82.9157
82.6839
82.5131
82.4034
82.3590
82.3797
82.4657
82.6170
82.8334
83.1152
83.4621
83.8743
84.2778
84.6727
85.0589
85.4364
85.8052
86.1654
86.5169
86.8597
87.3053
87.8537
88.5049
89.2589
90.1157
91.0753
92.1376
93.3028
94.3718
95.3447
96.2214
97.0020
97.6864
98.2747
98.7668
99.1628
99.5445
99.9118
100.2648
100.6035
100.9278
101.2378
101.5335
101.8149
102.0940
102.3710
102.6458
102.9185
103.1889
103.4572
103.7233
103.9872
104.2028
104.3701
104.4891
104.5597
104.5820
104.5559
104.4816
104.3589
104.1955
103.9914
103.7466
103.4610
103.1348
102.7678
102.3601
101.9117
101.6184
101.4802
101.4972
101.6692
101.9964
102.4787
103.1161
103.9086
104.6057
105.2073
105.7135
106.1243
106.4396
106.6595
106.7840
106.8131
106.8527
106.9030
106.9640
107.0356
107.1178
107.2107
107.3142
107.4283
107.5937
107.8104
108.0783
108.3975
108.7680
109.1898
109.6628
110.1872
110.6328
110.9996
111.2878
111.4972
111.6279
111.6799
111.6532
111.5477
111.3149
110.9547
110.4671
109.8522
109.1099
108.2402
107.2432
106.1188
105.1475
104.3292
103.6641
103.1521
102.7931
102.5872
102.5344
102.6347
102.6409
102.5528
102.3707
102.0943
101.7239
101.2592
100.7005
100.0475
99.4126
98.7956
98.1967
97.6157
97.0527
96.5078
95.9808
95.4718
95.0993
94.8632
94.7636
94.8004
94.9736
95.2833
95.7294
96.3120
96.7643
97.0864
97.2783
97.3400
97.2714
97.0726
96.7436
96.2843
95.8836
95.5413
95.2575
95.0323
94.8655
94.7573
94.7075
94.7162
94.8253
95.0348
95.3447
95.7549
96.2656
96.8766
97.5879
98.3997
99.0899
99.6586
100.1058
100.4314
100.6355
100.7181
100.6792
100.5187
100.3052
100.0387
99.7191
99.3465
98.9209
98.4422
97.9105
97.3258
96.8217
96.3983
96.0556
95.7936
95.6123
95.5117
95.4918
95.5525
95.6021
95.6407
95.6681
95.6844
95.6897
95.6838
95.6668
95.6387
95.6170
95.6018
95.5929
95.5905
95.5944
95.6048
95.6215
95.6447
95.7173
95.8392
96.0105
96.2312
96.5013
96.8207
97.1896
97.6078
97.9457
98.2032
98.3804
98.4773
98.4938
98.4300
98.2859
98.0615
97.8117
97.5368
97.2366
96.9111
96.5604
96.1844
95.7832
95.3567
94.9866
94.6729
94.4157
94.2149
94.0705
93.9825
93.9509
93.9757
94.0026
94.0316
94.0626
94.0956
94.1308
94.1680
94.2072
94.2485
94.3257
94.4387
94.5875
94.7722
94.9927
95.2491
95.5413
95.8693
96.1655
96.4297
96.6620
96.8624
97.0309
97.1675
97.2721
97.3449
97.3761
97.3659
97.3141
97.2208
97.0860
96.9097
96.6919
96.4325
96.1507
95.8463
95.5194
95.1700
94.7981
94.4037
93.9868
93.5473
93.1389
92.7616
92.4154
92.1002
91.8162
91.5631
91.3412
91.1504
90.9854
90.8463
90.7332
90.6460
90.5846
90.5492
90.5397
90.5561
90.6182
90.7260
90.8796
91.0788
91.3238
91.6145
91.9509
92.3330
92.7024
93.0591
93.4030
93.7342
94.0527
94.3585
94.6515
94.9318
95.1695
95.3646
95.5171
95.6270
95.6943
95.7190
95.7011
95.6406
95.5393
95.3973
95.2146
94.9910
94.7268
94.4218
94.0760
93.6895
93.3490
93.0546
92.8063
92.6041
92.4480
92.3379
92.2739
92.2560
92.2199
92.1656
92.0932
92.0027
91.8939
91.7670
91.6220
91.4588
91.3187
91.2017
91.1079
91.0372
90.9896
90.9651
90.9638
90.9856
91.1441
91.4393
91.8713
92.4400
93.1453
93.9875
94.9663
96.0819
96.9734
97.6410
98.0846
98.3043
98.2999
98.0715
97.6192
96.9429
96.5491
96.4377
96.6089
97.0626
97.7987
98.8174
100.1186
101.7022
103.0175
104.0642
104.8425
105.3524
105.5937
105.5667
105.2712
104.7072
104.0908
103.4219
102.7005
101.9267
101.1004
100.2216
99.2904
98.3067
97.4885
96.8358
96.3486
96.0269
95.8707
95.8799
96.0547
96.3950
96.7145
97.0133
97.2915
97.5489
97.7856
98.0015
98.1968
98.3714
98.4607
98.4649
98.3840
98.2178
97.9665
97.6300
97.2084
96.7015
96.2968
95.9940
95.7934
95.6948
95.6982
95.8037
96.0112
96.3208
96.6383
96.9638
97.2971
97.6383
97.9874
98.3445
98.7094
99.0823
99.4756
99.8894
100.3236
100.7783
101.2535
101.7491
102.2652
102.8017
103.3106
103.7919
104.2454
104.6713
105.0696
105.4402
105.7831
106.0984
106.3529
106.5466
106.6796
106.7518
106.7632
106.7139
106.6038
106.4329
106.2662
106.1036
105.9453
105.7911
105.6410
105.4952
105.3535
105.2160
105.0498
104.8548
104.6311
104.3786
104.0973
103.7874
103.4486
103.0811
102.7931
102.5844
102.4553
102.4055
102.4352
102.5442
102.7328
103.0007
103.1129
103.0694
102.8701
102.5151
102.0043
101.3378
100.5155
99.5375
98.7259
98.0806
97.6018
97.2893
97.1432
97.1636
97.3503
97.7034
97.9947
98.2243
98.3922
98.4983
98.5427
98.5253
98.4462
98.3054
98.1915
98.1047
98.0449
98.0121
98.0063
98.0276
98.0759
98.1512
98.1823
98.1694
98.1123
98.0111
97.8657
97.6763
97.4427
97.1649
96.8974
96.6400
96.3927
96.1557
95.9287
95.7120
95.5054
95.3090
95.1977
95.1717
95.2307
95.3750
95.6044
95.9190
96.3187
96.8036
97.1779
97.4417
97.5949
97.6375
97.5696
97.3911
97.1020
96.7024
96.3463
96.0339
95.7651
95.5400
95.3584
95.2205
95.1261
95.0754
95.0592
95.0773
95.1299
95.2170
95.3385
95.4944
95.6848
95.9096
96.1102
96.2864
96.4384
96.5661
96.6695
96.7486
96.8034
96.8340
96.8661
96.8998
96.9351
96.9720
97.0105
97.0506
97.0922
97.1355
97.1710
97.1988
97.2189
97.2313
97.2359
97.2329
97.2221
97.2036
97.1420
97.0370
96.8889
96.6976
96.4631
96.1853
95.8643
95.5002
95.1813
94.9079
94.6798
94.4970
94.3596
94.2676
94.2209
94.2196
94.2155
94.2084
94.1986
94.1859
94.1703
94.1519
94.1306
94.1065
94.0360
93.9193
93.7563
93.5470
93.2914
92.9895
92.6413
92.2469
91.9292
91.6884
91.5245
91.4373
91.4270
91.4935
91.6369
91.8571
92.0380
92.1795
92.2817
92.3447
92.3682
92.3525
92.2974
92.2030
92.1038
91.9997
91.8907
91.7769
91.6582
91.5346
91.4062
91.2729
91.2135
91.2280
91.3165
91.4789
91.7153
92.0255
92.4097
92.8678
93.2517
93.5612
93.7966
93.9576
94.0444
94.0569
93.9951
93.8590
93.7650
93.7128
93.7027
93.7345
93.8083
93.9240
94.0817
94.2813
94.4780
94.6718
94.8627
95.0506
95.2356
95.4176
95.5968
95.7729
95.9187
96.0340
96.1190
96.1735
96.1975
96.1912
96.1544
96.0872
96.0735
96.1134
96.2067
96.3535
96.5539
96.8077
97.1151
97.4760
97.8149
98.1320
98.4271
98.7004
98.9517
99.1811
99.3886
99.5742
99.7242
99.8386
99.9175
99.9607
99.9683
99.9403
99.8767
99.7775
99.7079
99.6679
99.6575
99.6767
99.7254
99.8037
99.9117
100.0492
100.1960
100.3523
100.5179
100.6929
100.8772
101.0710
101.2740
101.4865
101.6992
101.9122
102.1254
102.3389
102.5527
102.7667
102.9810
103.1955
103.2444
103.1276
102.8453
102.3972
101.7836
101.0043
100.0593
98.9487
97.9918
97.1884
96.5387
96.0426
95.7002
95.5113
95.4761
95.5945
95.6544
95.6558
95.5987
95.4831
95.3091
95.0765
94.7854
94.4359
94.1394
93.8962
93.7061
93.5691
93.4853
93.4547
93.4772
93.5528
93.6134
93.6588
93.6891
93.7043
93.7044
93.6894
93.6593
93.6140
93.6380
93.7311
93.8934
94.1249
94.4255
94.7953
95.2343
95.7425
96.3183
96.9618
97.6730
98.4518
99.2983
100.2124
101.1942
102.2437
103.1263
103.8420
104.3909
104.7729
104.9881
105.0363
104.9177
104.6323
104.3948
104.2054
104.0639
103.9704
103.9249
103.9274
103.9779
104.0764
104.1470
104.1895
104.2041
104.1907
104.1494
104.0801
103.9828
103.8575
103.7604
103.6913
103.6504
103.6375
103.6528
103.6961
103.7676
103.8671
103.6259
103.0439
102.1212
100.8577
99.2535
97.3085
95.0227
92.3962
90.1863
88.3930
87.0163
86.0562
85.5127
85.3858
85.6755
86.3818
86.9762
87.4585
87.8290
88.0874
88.2340
88.2685
88.1911
88.0017
87.8398
87.7052
87.5980
87.5183
87.4659
87.4410
87.4434
87.4733
87.4785
87.4590
87.4149
87.3461
87.2526
87.1345
86.9917
86.8243
86.8699
87.1285
87.6000
88.2846
89.1823
90.2929
91.6165
93.1532
94.4736
95.5778
96.4658
97.1375
97.5930
97.8323
97.8554
97.6622
97.7076
97.9916
98.5142
99.2753
100.2750
101.5132
102.9900
104.7054
106.0995
107.1723
107.9237
108.3539
108.4627
108.2502
107.7164
106.8613
106.1311
105.5256
105.0449
104.6890
104.4580
104.3517
104.3703
104.5136
104.5403
104.4501
104.2433
103.9196
103.4793
102.9222
102.2483
101.4577
100.8018
100.2807
99.8943
99.6427
99.5258
99.5437
99.6963
99.9837
100.1857
100.3024
100.3338
100.2798
100.1404
99.9158
99.6058
99.2104
98.8699
98.5843
98.3536
98.1777
98.0568
97.9907
97.9795
98.0231
98.0601
98.0903
98.1139
98.1307
98.1407
98.1441
98.1408
98.1307
98.1204
98.1097
98.0987
98.0875
98.0759
98.0641
98.0519
98.0395
98.0337
98.0345
98.0419
98.0560
98.0768
98.1041
98.1382
98.1788
98.1731
98.1209
98.0225
97.8776
97.6863
97.4487
97.1647
96.8343
96.5544
96.3250
96.1461
96.0177
95.9398
95.9124
95.9355
96.0091
96.0674
96.1104
96.1380
96.1502
96.1472
96.1287
96.0950
96.0459
96.0026
95.9653
95.9337
95.9080
95.8882
95.8742
95.8660
95.8637
95.8544
95.8379
95.8144
95.7838
95.7461
95.7014
95.6496
95.5907
95.5532
95.5371
95.5424
95.5691
95.6172
95.6867
95.7776
95.8899
95.9928
96.0864
96.1706
96.2455
96.3110
96.3671
96.4140
96.4514
96.5289
96.6464
96.8039
97.0013
97.2388
97.5163
97.8338
98.1914
98.4812
98.7035
98.8581
98.9451
98.9645
98.9162
98.8003
98.6168
98.4488
98.2962
98.1591
98.0375
97.9313
97.8406
97.7654
97.7057
97.6150
97.4933
97.3407
97.1570
96.9424
96.6969
96.4204
96.1129
95.8846
95.7356
95.6659
95.6754
95.7642
95.9323
96.1796
96.5061
96.7611
96.9446
97.0566
97.0970
97.0659
96.9632
96.7891
96.5434
96.2001
95.7593
95.2209
94.5850
93.8516
93.0206
92.0921
91.0660
90.2036
89.5049
88.9699
88.5986
88.3909
88.3470
88.4668
88.7502
88.9039
88.9277
88.8218
88.5860
88.2205
87.7252
87.1001
86.3451
85.7236
85.2353
84.8805
84.6589
84.5708
84.6159
84.7945
85.1063
85.4145
85.7190
86.0198
86.3169
86.6103
86.9000
87.1861
87.4684
87.6859
87.8386
87.9264
87.9493
87.9075
87.8007
87.6292
87.3928
87.3164
87.3999
87.6434
88.0468
88.6103
89.3337
90.2170
91.2603
92.1814
92.9803
93.6571
94.2115
94.6438
94.9539
95.1418
95.2075
95.3985
95.7149
96.1566
96.7237
97.4162
98.2339
99.1771
100.2456
101.2473
102.1823
103.0505
103.8519
104.5866
105.2544
105.8556
106.3899
106.9816
107.6306
108.3370
109.1007
109.9217
110.8001
111.7357
112.7288
113.5345
114.1530
114.5842
114.8282
114.8849
114.7544
114.4366
113.9316
113.4820
113.0880
112.7495
112.4665
112.2391
112.0671
111.9507
111.8898
111.7806
111.6232
111.4175
111.1635
110.8613
110.5108
110.1120
109.6650
109.2562
108.8857
108.5535
108.2596
108.0039
107.7866
107.6075
107.4667
107.3264
107.1866
107.0474
106.9087
106.7705
106.6329
106.4957
106.3591
106.2529
106.1771
106.1316
106.1165
106.1318
106.1774
106.2534
106.3598
106.3433
106.2040
105.9418
105.5568
105.0488
104.4181
103.6645
102.7880
101.9019
101.0062
100.1009
99.1860
98.2615
97.3273
96.3836
95.4302
94.5672
93.7944
93.1119
92.5198
92.0179
91.6063
91.2850
91.0541
90.8168
90.5733
90.3235
90.0674
89.8051
89.5364
89.2616
88.9804
88.7049
88.4352
88.1712
87.9128
87.6602
87.4133
87.1720
86.9365
86.7775
86.6949
86.6887
86.7591
86.9058
87.1291
87.4287
87.8049
88.1258
88.3916
88.6022
88.7576
88.8578
88.9028
88.8926
88.8273
88.8424
88.9380
89.1142
89.3708
89.7079
90.1255
90.6236
91.2022
91.7373
92.2287
92.6765
93.0808
93.4414
93.7585
94.0320
94.2618
94.4468
94.5867
94.6817
94.7317
94.7367
94.6968
94.6119
94.4820
94.3602
94.2464
94.1406
94.0429
93.9532
93.8715
93.7978
93.7322
93.6693
93.6093
93.5522
93.4978
93.4463
93.3977
93.3518
93.3088
93.3163
93.3746
93.4834
93.6429
93.8530
94.1137
94.4251
94.7871
95.0694
95.2722
95.3954
95.4389
95.4029
95.2872
95.0919
94.8171
94.5615
94.3254
94.1086
93.9112
93.7332
93.5745
93.4352
93.3152
93.1818
93.0349
92.8746
92.7007
92.5134
92.3126
92.0984
91.8707
91.6898
91.5559
91.4689
91.4288
91.4355
91.4892
91.5898
91.7373
91.9022
92.0845
92.2843
92.5015
92.7361
92.9882
93.2577
93.5447
93.8812
94.2672
94.7029
95.1880
95.7228
96.3071
96.9410
97.6245
98.2589
98.8444
99.3808
99.8683
100.3067
100.6961
101.0365
101.3279
101.5771
101.7839
101.9485
102.0709
102.1509
102.1887
102.1842
102.1374
102.1149
102.1167
102.1427
102.1929
102.2674
102.3661
102.4891
102.6364
102.7702
102.8905
102.9974
103.0908
103.1708
103.2373
103.2904
103.3300
103.3698
103.4099
103.4502
103.4908
103.5315
103.5726
103.6138
103.6553
103.7489
103.8948
104.0928
104.3429
104.6453
104.9998
105.4065
105.8654
106.3342
106.8129
107.3016
107.8002
108.3088
108.8274
109.3558
109.8942
110.3197
110.6321
110.8315
110.9179
110.8914
110.7518
110.4992
110.1337
109.7331
109.2976
108.8270
108.3215
107.7810
107.2054
106.5949
105.9494
105.4101
104.9770
104.6502
104.4295
104.3151
104.3069
104.4050
104.6092
104.8172
105.0289
105.2443
105.4634
105.6863
105.9129
106.1432
106.3773
106.5151
106.5566
106.5018
106.3507
106.1034
105.7598
105.3199
104.7838
104.3578
104.0419
103.8362
103.7407
103.7553
103.8801
104.1150
104.4601
104.7455
104.9712
105.1374
105.2438
105.2906
105.2778
105.2052
105.0731
104.8735
104.6065
104.2721
103.8702
103.4010
102.8643
102.2602
101.5887
100.9150
100.2392
99.5613
98.8813
98.1991
97.5148
96.8284
96.1398
95.4817
94.8540
94.2569
93.6901
93.1539
92.6481
92.1727
91.7279
91.3424
91.0162
90.7494
90.5420
90.3939
90.3052
90.2759
90.3060
90.3003
90.2589
90.1819
90.0691
89.9206
89.7365
89.5166
89.2611
89.0544
88.8967
88.7879
88.7280
88.7170
88.7549
88.8418
88.9775
89.1243
89.2821
89.4510
89.6309
89.8218
90.0238
90.2368
90.4609
90.6446
90.7880
90.8910
90.9536
90.9759
90.9578
90.8994
90.8006
90.6673
90.4995
90.2972
90.0604
89.7891
89.4833
89.1429
88.7681
88.4223
88.1054
87.8175
87.5585
87.3285
87.1274
86.9554
86.8122
86.7322
86.7151
86.7611
86.8702
87.0423
87.2774
87.5756
87.9369
88.2546
88.5288
88.7596
88.9468
89.0906
89.1908
89.2476
89.2608
89.2677
89.2681
89.2620
89.2496
89.2307
89.2054
89.1737
89.1355
89.0961
89.0555
89.0136
88.9704
88.9260
88.8803
88.8334
88.7853
88.7126
88.6153
88.4934
88.3470
88.1761
87.9806
87.7605
87.5159
87.2132
86.8523
86.4334
85.9564
85.4213
84.8281
84.1768
83.4674
82.8003
82.1756
81.5933
81.0533
80.5556
80.1004
79.6874
79.3168
79.0192
78.7946
78.6430
78.5644
78.5588
78.6261
78.7665
78.9799
79.1053
79.1427
79.0922
78.9537
78.7272
78.4128
78.0104
77.5201
77.0981
76.7446
76.4595
76.2429
76.0946
76.0148
76.0034
76.0605
76.1889
76.3887
76.6600
77.0026
77.4166
77.9021
78.4589
79.0872
79.6223
80.0643
80.4132
80.6690
80.8318
80.9014
80.8778
80.7612
80.7562
80.8627
81.0807
81.4103
81.8514
82.4041
83.0684
83.8442
84.5293
85.1237
85.6273
86.0402
86.3624
86.5939
86.7347
86.7847
87.0160
87.4286
88.0224
88.7975
89.7539
90.8915
92.2103
93.7104
95.1093
96.4069
97.6032
98.6982
99.6919
100.5844
101.3756
102.0656
103.0455
104.3153
105.8750
107.7246
109.8642
112.2937
115.0131
118.0225
120.8966
123.6355
126.2392
128.7076
131.0408
133.2388
135.3015
137.2290
138.9223
140.3814
141.6062
142.5968
143.3532
143.8754
144.1633
144.2170
144.3074
144.4345
144.5983
144.7987
145.0358
145.3096
145.6201
145.9672
146.2695
146.5268
146.7392
146.9067
147.0292
147.1069
147.1396
147.1274
146.9158
146.5048
145.8945
145.0847
144.0755
142.8669
141.4590
139.8516
138.3462
136.9428
135.6413
134.4418
133.3443
132.3487
131.4551
130.6635
129.6943
128.5476
127.2233
125.7215
124.0421
122.1851
120.1506
117.9385
115.8490
113.8821
112.0377
110.3159
108.7167
107.2401
105.8860
104.6544
103.2773
101.7546
100.0864
98.2725
96.3131
94.2081
91.9575
89.5613
87.2986
85.1692
83.1733
81.3108
79.5818
77.9861
76.5239
75.1951
73.9224
72.7057
71.5450
70.4404
69.3919
68.3994
67.4630
66.5826
65.7826
65.0629
64.4236
63.8647
63.3861
62.9879
62.6700
62.4325
62.2324
62.0698
61.9445
61.8566
61.8062
61.7931
61.8175
61.8793
61.9900
62.1497
62.3584
62.6161
62.9227
63.2783
63.6829
64.1364
64.5342
64.8761
65.1622
65.3925
65.5670
65.6857
65.7485
65.7555
65.9741
66.4042
67.0458
67.8990
68.9637
70.2399
71.7276
73.4268
75.2243
77.1199
79.1136
81.2056
83.3957
85.6840
88.0704
90.5551
93.2648
96.1996
99.3595
102.7445
106.3546
110.1898
114.2501
118.5355
122.4037
125.8548
128.8887
131.5055
133.7051
135.4876
136.8529
137.8010
138.4781
138.8842
139.0193
138.8833
138.4762
137.7982
136.8491
135.6290
134.4846
133.4160
132.4231
131.5060
130.6646
129.8990
129.2092
128.5950
127.9983
127.4191
126.8572
126.3127
125.7857
125.2760
124.7838
124.3090
123.8192
123.3144
122.7947
122.2599
121.7102
121.1455
120.5658
119.9712
119.2458
118.3899
117.4032
116.2859
115.0380
113.6593
112.1501
110.5101
108.8770
107.2506
105.6311
104.0183
102.4124
100.8132
99.2209
97.6353
96.1813
94.8588
93.6678
92.6083
91.6804
90.8840
90.2191
89.6857
89.0278
88.2454
87.3386
86.3073
85.1515
83.8712
82.4665
80.9373
79.4958
78.1421
76.8761
75.6979
74.6074
73.6047
72.6898
71.8626
71.1889
70.6687
70.3019
70.0886
70.0288
70.1224
70.3695
70.7701
71.0998
71.3587
71.5466
71.6637
71.7099
71.6853
71.5897
71.4233
71.3032
71.2295
71.2021
71.2211
71.2864
71.3980
71.5560
71.7603
71.9989
72.2717
72.5787
72.9200
73.2956
73.7054
74.1494
74.6276
75.0388
75.3828
75.6596
75.8694
76.0120
76.0874
76.0958
76.0370
75.8780
75.6188
75.2594
74.7999
74.2401
73.5802
72.8201
71.9598
71.4725
71.3582
71.6168
72.2485
73.2531
74.6308
76.3814
78.5050
80.8082
83.2908
85.9530
88.7946
91.8158
95.0164
98.3966
101.9563
105.5478
109.1711
112.8262
116.5132
120.2319
123.9825
127.7648
131.5790
135.0428
138.1561
140.9191
143.3316
145.3936
147.1053
148.4665
149.4773
150.2083
150.6595
150.8308
150.7224
150.3342
149.6662
148.7183
147.4907
146.2125
144.8837
143.5044
142.0746
140.5941
139.0632
137.4816
135.8496
134.3321
132.9294
131.6412
130.4678
129.4089
128.4648
127.6352
126.9204
126.0183
124.9290
123.6525
122.1888
120.5378
118.6997
116.6743
114.4617
112.2141
109.9314
107.6137
105.2610
102.8732
100.4504
97.9926
95.4997
93.2003
91.0945
89.1822
87.4634
85.9382
84.6065
83.4683
82.5237
81.4303
80.1882
78.7974
77.2578
75.5696
73.7326
71.7469
69.6124
67.7078
66.0330
64.5881
63.3729
62.3876
61.6321
61.1065
60.8107
60.4927
60.1526
59.7903
59.4059
58.9994
58.5707
58.1199
57.6469
57.1698
56.6884
56.2028
55.7131
55.2191
54.7209
54.2185
53.7119
53.2853
52.9388
52.6722
52.4857
52.3791
52.3526
52.4061
52.5395
52.7304
52.9785
53.2840
53.6468
54.0669
54.5443
55.0791
55.6712
56.2251
56.7408
57.2183
57.6576
58.0587
58.4215
58.7462
59.0326
59.5640
60.3404
61.3618
62.6281
64.1395
65.8958
67.8971
70.1433
72.2981
74.3613
76.3329
78.2130
80.0016
81.6987
83.3042
84.8181
86.5287
88.4360
90.5399
92.8405
95.3378
98.0317
100.9222
104.0094
107.0191
109.9511
112.8055
115.5823
118.2815
120.9031
123.4471
125.9135
128.3107
130.6387
132.8974
135.0869
137.2072
139.2582
141.2401
143.1527
144.8219
146.2476
147.4299
148.3688
149.0642
149.5163
149.7248
149.6900
149.7464
149.8943
150.1334
150.4639
150.8858
151.3989
152.0034
152.6993
153.0727
153.1238
152.8524
152.2585
151.3423
150.1036
148.5425
146.6590
144.8675
143.1679
141.5603
140.0447
138.6211
137.2894
136.0497
134.9019
133.7810
132.6868
131.6194
130.5788
129.5650
128.5780
127.6178
126.6844
125.6733
124.5847
123.4185
122.1746
120.8532
119.4541
117.9775
116.4232
114.8910
113.3809
111.8927
110.4266
108.9826
107.5605
106.1606
104.7826
103.4552
102.1782
100.9518
99.7760
98.6506
97.5757
96.5514
95.5776
94.7174
93.9708
93.3379
92.8186
92.4128
92.1208
91.9423
91.8774
91.2953
90.1959
88.5793
86.4454
83.7942
80.6257
76.9400
72.7370
69.1953
66.3149
64.0957
62.5379
61.6414
61.4061
61.8321
62.9194
63.8164
64.5229
65.0391
65.3649
65.5002
65.4452
65.1998
64.7641
64.3131
63.8469
63.3655
62.8689
62.3570
61.8300
61.2877
60.7303
60.2553
59.8627
59.5526
59.3250
59.1799
59.1172
59.1369
59.2391
59.3738
59.5408
59.7403
59.9722
60.2366
60.5333
60.8625
61.2241
61.7651
62.4856
63.3854
64.4647
65.7234
67.1616
68.7791
70.5761
72.3426
74.0787
75.7843
77.4595
79.1043
80.7186
82.3024
83.8558
85.8321
88.2312
91.0531
94.2979
97.9656
102.0561
106.5695
111.5058
115.9033
119.7623
123.0825
125.8641
128.1071
129.8113
130.9770
131.6039
132.2232
132.8347
133.4385
134.0345
134.6229
135.2035
135.7764
136.3416
136.8519
137.3073
137.7077
138.0533
138.3440
138.5798
138.7607
138.8866
138.8795
138.7392
138.4658
138.0593
137.5196
136.8468
136.0409
135.1018
134.0843
132.9884
131.8141
130.5614
129.2303
127.8208
126.3328
124.7665
123.2454
121.7697
120.3392
118.9540
117.6142
116.3196
115.0704
113.8664
112.5664
111.1704
109.6784
108.0903
106.4062
104.6260
102.7498
100.7776
98.8294
96.9050
95.0046
93.1282
91.2756
89.4471
87.6424
85.8617
84.0836
82.3082
80.5355
78.7655
76.9981
75.2334
73.4713
71.7119
70.1396
68.7542
67.5558
66.5444
65.7200
65.0825
64.6321
64.3687
63.9872
63.4876
62.8700
62.1343
61.2805
60.3087
59.2187
58.0107
56.9346
55.9903
55.1778
54.4972
53.9485
53.5316
53.2465
53.0933
52.9962
52.9553
52.9706
53.0421
53.1697
53.3535
53.5934
53.8896
54.2395
54.6433
55.1008
55.6122
56.1775
56.7965
57.4693
58.1960
58.8114
59.3156
59.7086
59.9903
60.1607
60.2199
60.1679
60.0046
60.5984
61.9493
64.0572
66.9221
70.5442
74.9233
80.0594
85.9526
91.0905
95.4731
99.1004
101.9724
104.0891
105.4505
106.0566
105.9074
106.1986
106.9302
108.1022
109.7147
111.7677
114.2610
117.1948
120.5690
123.6720
126.5038
129.0645
131.3540
133.3723
135.1195
136.5954
137.8002
138.9047
139.9089
140.8128
141.6164
142.3198
142.9228
143.4256
143.8280
144.1477
144.3846
144.5387
144.6100
144.5986
144.5043
144.3273
144.0674
143.7804
143.4663
143.1249
142.7564
142.3607
141.9379
141.4878
141.0106
140.5076
139.9787
139.4240
138.8434
138.2369
137.6046
136.9465
136.2625
135.5304
134.7501
133.9216
133.0450
132.1202
131.1472
130.1260
129.0567
127.9075
126.6783
125.3692
123.9802
122.5112
120.9623
119.3335
117.6247
115.9843
114.4122
112.9084
111.4730
110.1058
108.8070
107.5766
106.4144
105.2138
103.9746
102.6969
101.3808
100.0261
98.6329
97.2011
95.7309
94.2573
92.7804
91.3001
89.8164
88.3294
86.8390
85.3453
83.8482
82.5341
81.4029
80.4548
79.6895
79.1073
78.7080
78.4917
78.4584
78.4260
78.3945
