157.7870
157.3981
156.8871
156.2541
155.4991
154.6220
153.1526
151.0909
148.4368
145.1905
141.3518
136.9207
131.8974
126.2817
121.6543
118.0152
115.3643
113.7017
113.0274
113.3413
114.6435
116.9340
118.3152
118.7871
118.3497
117.0030
114.7470
111.5817
107.5072
102.5233
98.4428
95.2655
92.9916
91.6209
91.1535
91.5895
92.9287
95.1712
96.0684
95.6202
93.8266
90.6877
86.2034
80.3738
73.1988
64.6784
57.5221
51.7299
47.3018
44.2377
42.5376
42.2017
43.2298
45.6219
47.6885
49.4296
50.8450
51.9350
52.6993
53.1381
53.2513
53.0389
52.7499
52.3842
51.9418
51.4228
50.8270
50.1546
49.4055
48.5797
47.9229
47.4350
47.1161
46.9660
46.9850
47.1728
47.5296
48.0553
48.2308
48.0559
47.5308
46.6554
45.4297
43.8537
41.9274
39.6508
37.6502
35.9254
34.4765
33.3036
32.4065
31.7854
31.4402
31.3708
31.3304
31.3189
31.3363
31.3825
31.4578
31.5619
31.6949
31.8568
33.6676
37.1272
42.2357
48.9930
57.3992
67.4542
79.1581
92.5108
105.7932
119.0053
132.1471
145.2186
158.2197
171.1506
184.0112
196.8014
207.9808
217.5492
225.5068
231.8535
236.5894
239.7143
241.2283
241.1315
241.0277
240.9168
240.7990
240.6741
240.5422
240.4033
240.2573
240.1044
239.8297
239.4333
238.9151
238.2752
237.5136
236.6302
235.6251
234.4982
233.4127
232.3685
231.3655
230.4040
229.4837
228.6047
227.7670
226.9707
225.4222
223.1215
220.0687
216.2636
211.7064
206.3970
200.3355
193.5217
187.1852
181.3257
175.9434
171.0382
166.6102
162.6593
159.1855
156.1889
153.3265
150.5984
148.0044
145.5447
143.2193
141.0280
138.9710
137.0482
135.3147
133.7705
132.4156
131.2499
130.2736
129.4865
128.8888
128.4803
127.5675
126.1505
124.2292
121.8036
118.8738
115.4396
111.5012
107.0585
103.1800
99.8657
97.1156
94.9296
93.3078
92.2502
91.7567
91.8274
91.5240
90.8465
89.7948
88.3691
86.5692
84.3952
81.8470
78.9248
76.2528
73.8312
71.6598
69.7388
68.0681
66.6477
65.4776
64.5578
63.6349
62.7089
61.7797
60.8474
59.9119
58.9734
58.0317
57.0868
56.1551
55.2366
54.3313
53.4391
52.5601
51.6943
50.8416
50.0021
49.3081
48.7595
48.3563
48.0986
47.9863
48.0194
48.1980
48.5221
48.3045
47.5454
46.2447
44.4023
42.0184
39.0928
35.6257
31.6170
29.5700
29.4847
31.3611
35.1993
40.9992
48.7609
58.4843
70.1694
80.1943
88.5590
95.2635
100.3079
104.0264
106.4191
107.4860
107.2271
108.0144
109.8481
112.7281
116.6544
129.9863
152.7238
170.8915
184.4894
197.2682
209.2278
220.3681
230.6892
238.5193
243.8583
246.7063
247.0632
247.3707
247.6288
247.8376
247.9969
248.0728
248.0651
247.9740
247.7994
241.2379
228.2896
208.9544
183.2324
161.7028
144.3657
131.2211
122.2689
114.7365
108.6240
103.9314
100.6587
98.8058
98.3727
99.3595
101.7662
103.7429
105.2898
106.4066
107.0936
107.3505
107.1776
106.5747
105.5419
105.1742
105.4716
106.4341
108.0617
110.3543
113.3121
116.9350
121.2230
124.8621
127.8524
130.1939
131.8865
132.9302
133.3252
133.0712
132.1685
131.5061
131.0840
130.9023
130.9610
131.2600
131.7994
132.5792
133.5993
134.5530
135.4404
136.2613
137.0158
137.7039
138.3256
138.8809
139.3698
139.8307
140.2635
140.6683
141.0450
141.3937
141.7143
142.0069
142.2715
142.5056
142.7091
142.8822
143.0247
143.1367
143.2182
143.2692
143.2897
143.1615
142.8845
142.4587
141.8841
141.1609
140.2888
139.2680
138.0984
136.9845
135.9263
134.9237
133.9768
133.0855
132.2499
131.4700
130.7457
130.0842
129.4852
128.9490
128.4754
128.0646
127.7164
127.4308
127.2080
127.0134
126.8471
126.7090
126.5993
126.5178
126.4646
126.4397
126.4430
126.4447
126.4448
126.4431
126.4399
126.4349
126.4283
126.4200
126.4101
126.4023
126.3965
126.3928
126.3911
126.3915
126.3940
126.3986
126.4052
126.3937
126.3642
126.3165
126.2508
126.1669
126.0650
125.9449
125.8068
125.7021
125.6308
125.5930
125.5886
125.6177
125.6802
125.7761
125.9054
125.9433
125.8897
125.7446
125.5080
125.1800
124.7605
124.2495
123.6470
123.0932
122.5881
122.1317
121.7240
121.3651
121.0548
120.7932
120.5803
120.2913
119.9264
119.4854
118.9683
118.3753
117.7062
116.9611
116.1399
115.4558
114.9085
114.4983
114.2250
114.0886
114.0893
114.2269
114.5014
115.0801
115.9630
117.1501
118.6414
120.4368
122.5364
124.9401
127.6481
129.9197
131.7551
133.1541
134.1169
134.6433
134.7335
134.3873
133.6049
132.9466
132.4125
132.0026
131.7168
131.5553
131.5179
131.6047
131.8156
132.0008
132.1601
132.2935
132.4012
132.4830
132.5390
132.5692
132.5735
132.5080
132.3728
132.1677
131.8928
131.5481
131.1336
130.6493
130.0952
129.4854
128.8197
128.0982
127.3210
126.4879
125.5991
124.6544
123.6540
122.8079
122.1162
121.5789
121.1960
120.9675
120.8933
120.9735
121.2081
121.3534
121.4094
121.3761
121.2536
121.0418
120.7407
120.3504
119.8707
119.4395
119.0568
118.7224
118.4365
118.1990
118.0100
117.8694
117.7772
117.6178
117.3909
117.0968
116.7353
116.3065
115.8104
115.2470
114.6162
114.0132
113.4380
112.8905
112.3708
111.8788
111.4146
110.9781
110.5694
110.2429
109.9985
109.8363
109.7563
109.7584
109.8428
110.0093
110.2579
110.4087
110.4614
110.4163
110.2732
110.0322
109.6932
109.2563
108.7214
108.2579
107.8658
107.5450
107.2956
107.1175
107.0109
106.9755
107.0115
107.0058
106.9583
106.8691
106.7382
106.5655
106.3510
106.0948
105.7969
105.4423
105.0310
104.5630
104.0384
103.4571
102.8192
102.1245
101.3732
101.2144
101.6480
102.6741
104.2927
106.5038
109.3074
112.7034
116.6919
120.2801
123.4678
126.2553
128.6423
130.6291
132.2154
133.4014
134.1871
134.8512
135.3937
135.8146
136.1140
136.2918
136.3481
136.2828
136.0959
135.9667
135.8952
135.8813
135.9251
136.0266
136.1857
136.4025
136.6769
136.8590
136.9488
136.9463
136.8514
136.6642
136.3846
136.0128
135.5485
135.0735
134.5876
134.0908
133.5833
133.0648
132.5356
131.9955
131.4445
130.9369
130.4727
130.0519
129.6745
129.3405
129.0498
128.8025
128.5986
128.4089
128.2334
128.0721
127.9249
127.7920
127.6732
127.5686
127.4782
127.3567
127.2040
127.0201
126.8051
126.5589
126.2816
125.9731
125.6334
125.3202
125.0335
124.7732
124.5393
124.3320
124.1511
123.9966
123.8686
123.6636
123.3816
123.0227
122.5867
122.0737
121.4838
120.8168
120.0729
119.4228
118.8665
118.4040
118.0353
117.7605
117.5795
117.4923
117.4989
117.5598
117.6750
117.8444
118.0680
118.3459
118.6781
119.0645
119.5052
119.7606
119.8306
119.7154
119.4148
118.9289
118.2577
117.4012
116.3594
115.3951
114.5084
113.6992
112.9675
112.3134
111.7369
111.2379
110.8164
110.4748
110.2130
110.0309
109.9287
109.9063
109.9637
110.1009
110.3179
110.9613
112.0312
113.5275
115.4502
117.7994
120.5749
123.7769
127.4054
130.6304
133.4521
135.8704
137.8853
139.4969
140.7051
141.5099
141.9113
142.2395
142.4944
142.6760
142.7844
142.8195
142.7814
142.6700
142.4853
142.3346
142.2180
142.1353
142.0867
142.0721
142.0915
142.1449
142.2323
142.2157
142.0951
141.8705
141.5419
141.1093
140.5726
139.9319
139.1873
138.4706
137.7819
137.1212
136.4885
135.8838
135.3071
134.7583
134.2376
133.7991
133.4427
133.1684
132.9764
132.8665
132.8387
132.8932
133.0298
133.0832
133.0535
132.9407
132.7447
132.4656
132.1033
131.6579
131.1293
130.6656
130.2668
129.9329
129.6638
129.4597
129.3204
129.2460
129.2365
129.1559
129.0043
128.7817
128.4879
128.1232
127.6874
127.1805
126.6026
126.0446
125.5066
124.9885
124.4903
124.0121
123.5538
123.1155
122.6971
122.2264
121.7035
121.1283
120.5009
119.8212
119.0893
118.3051
117.4686
116.6927
115.9773
115.3224
114.7281
114.1943
113.7210
113.3082
112.9559
112.5354
112.0466
111.4895
110.8642
110.1705
109.4086
108.5784
107.6799
106.8400
106.0585
105.3355
104.6710
104.0650
103.5175
103.0285
102.5980
102.4947
102.7185
103.2695
104.1477
105.3531
106.8856
108.7453
110.9322
112.9823
114.8957
116.6723
118.3121
119.8152
121.1815
122.4110
123.5038
124.5767
125.6298
126.6630
127.6763
128.6698
129.6434
130.5972
131.5311
132.3156
132.9507
133.4365
133.7729
133.9599
133.9975
133.8858
133.6247
133.3490
133.0589
132.7542
132.4351
132.1014
131.7532
131.3905
131.0133
130.6682
130.3554
130.0747
129.8263
129.6100
129.4259
129.2741
129.1544
129.0444
128.9442
128.8537
128.7729
128.7019
128.6407
128.5891
128.5473
128.4775
128.3797
128.2539
128.1001
127.9183
127.7085
127.4707
127.2049
126.8436
126.3868
125.8345
125.1867
124.4433
123.6044
122.6701
121.6402
120.7590
120.0264
119.4426
119.0074
118.7208
118.5830
118.5938
118.7533
118.8761
118.9624
119.0120
119.0250
119.0014
118.9411
118.8443
118.7108
118.5594
118.3901
118.2029
117.9978
117.7748
117.5340
117.2752
116.9985
116.7571
116.5511
116.3805
116.2452
116.1453
116.0807
116.0514
116.0575
116.0443
116.0117
115.9597
115.8884
115.7978
115.6878
115.5585
115.4098
115.2752
115.1544
115.0477
114.9549
114.8761
114.8112
114.7603
114.7234
114.6353
114.4959
114.3053
114.0635
113.7705
113.4262
113.0307
112.5839
112.0604
111.4600
110.7829
110.0289
109.1981
108.2905
107.3061
106.2449
105.9094
106.2997
107.4158
109.2576
111.8252
115.1185
119.1376
123.8825
127.9391
131.3076
133.9879
135.9799
137.2838
137.8995
137.8269
137.0662
136.4129
135.8671
135.4287
135.0978
134.8743
134.7583
134.7498
134.8487
134.9632
135.0934
135.2393
135.4008
135.5780
135.7708
135.9793
136.2035
136.1483
135.8138
135.2000
134.3069
133.1345
131.6828
129.9517
127.9414
126.2496
124.8765
123.8219
123.0860
122.6686
122.5698
122.7897
123.3281
123.7982
124.2000
124.5335
124.7987
124.9956
125.1242
125.1844
125.1764
124.9675
124.5579
123.9475
123.1363
122.1243
120.9115
119.4979
117.8835
116.5257
115.4244
114.5796
113.9914
113.6597
113.5846
113.7660
114.2039
114.5714
114.8685
115.0950
115.2511
115.3368
115.3520
115.2967
115.1710
114.9899
114.7534
114.4616
114.1144
113.7119
113.2539
112.7406
112.1720
111.6485
111.1700
110.7367
110.3486
110.0055
109.7076
109.4548
109.2471
109.0699
108.9232
108.8071
108.7215
108.6664
108.6419
108.6479
108.6844
108.6772
108.6264
108.5320
108.3940
108.2123
107.9870
107.7180
107.4054
107.0943
106.7845
106.4761
106.1692
105.8637
105.5596
105.2569
104.9556
104.6186
104.2457
103.8371
103.3926
102.9124
102.3964
101.8446
101.2569
101.1653
101.5697
102.4701
103.8665
105.7588
108.1472
111.0315
114.4118
117.5494
120.4443
123.0964
125.5057
127.6724
129.5962
131.2774
132.7158
134.0016
135.1349
136.1156
136.9437
137.6192
138.1421
138.5125
138.7303
138.9653
139.2175
139.4869
139.7736
140.0774
140.3984
140.7367
141.0921
141.4361
141.7687
142.0897
142.3993
142.6975
142.9841
143.2593
143.5231
143.7337
143.8911
143.9954
144.0466
144.0446
143.9895
143.8812
143.7197
143.4578
143.0952
142.6322
142.0686
141.4044
140.6398
139.7745
138.8088
137.9994
137.3465
136.8500
136.5100
136.3263
136.2991
136.4283
136.7140
136.8714
136.9007
136.8019
136.5748
136.2196
135.7362
135.1247
134.3850
133.7475
133.2122
132.7792
132.4484
132.2198
132.0935
132.0694
132.1475
132.1210
131.9899
131.7542
131.4138
130.9688
130.4192
129.7650
129.0062
128.3384
127.7617
127.2760
126.8813
126.5777
126.3652
126.2437
126.2132
126.1562
126.0727
125.9627
125.8261
125.6631
125.4735
125.2574
125.0148
124.7648
124.5074
124.2427
123.9706
123.6910
123.4042
123.1099
122.8082
122.5815
122.4296
122.3525
122.3504
122.4231
122.5706
122.7931
123.0904
123.3103
123.4527
123.5178
123.5054
123.4156
123.2484
123.0037
122.6816
122.3669
122.0594
121.7592
121.4663
121.1808
120.9025
120.6315
120.3678
120.3239
120.4998
120.8954
121.5108
122.3459
123.4008
124.6755
126.1700
127.8907
129.8378
132.0112
134.4109
137.0370
139.8894
142.9680
146.2731
149.1544
151.6121
153.6462
155.2566
156.4434
157.2065
157.5460
157.4619
157.3980
157.3544
157.3312
157.3282
157.3455
157.3831
157.4411
157.5193
157.5548
157.5476
157.4977
157.4052
157.2699
157.0919
156.8712
156.6078
156.2706
155.8596
155.3747
154.8160
154.1835
153.4771
152.6969
151.8429
151.0347
150.2725
149.5563
148.8859
148.2615
147.6830
147.1504
146.6637
146.2217
145.8245
145.4719
145.1640
144.9009
144.6824
144.5087
144.3796
144.1857
143.9268
143.6030
143.2143
142.7607
142.2422
141.6588
141.0104
140.4402
139.9482
139.5343
139.1985
138.9409
138.7614
138.6601
138.6369
138.4517
138.1043
137.5949
136.9234
136.0898
135.0941
133.9363
132.6165
131.5476
130.7297
130.1628
129.8469
129.7819
129.9680
130.4050
131.0930
131.5465
131.7654
131.7499
131.4997
131.0151
130.2959
129.3423
128.1540
126.9974
125.8725
124.7792
123.7175
122.6875
121.6891
120.7224
119.7872
118.8377
117.8737
116.8952
115.9022
114.8949
113.8730
112.8367
111.7859
110.6998
109.5782
108.4212
107.2288
106.0010
104.7378
103.4391
102.1051
100.9487
99.9701
99.1692
98.5460
98.1005
97.8327
97.7426
97.8302
98.0758
98.4792
99.0404
99.7596
100.6367
101.6716
102.8644
104.2151
105.2988
106.1156
106.6653
106.9481
106.9639
106.7128
106.1946
105.4095
104.6969
104.0570
103.4897
102.9951
102.5730
102.2235
101.9467
101.7425
101.4769
101.1501
100.7619
100.3125
99.8018
99.2297
98.5964
97.9017
97.1143
96.2341
95.2611
94.1953
93.0368
91.7854
90.4413
89.0044
87.7066
86.5479
85.5283
84.6478
83.9064
83.3041
82.8410
82.5169
82.2870
82.1514
82.1100
82.1627
82.3097
82.5509
82.8863
83.3159
83.7493
84.1864
84.6274
85.0721
85.5206
85.9729
86.4290
86.8888
87.3731
87.8817
88.4148
88.9722
89.5540
90.1602
90.7908
91.4458
92.0408
92.5758
93.0509
93.4659
93.8209
94.1160
94.3511
94.5262
94.7477
95.0155
95.3298
95.6904
96.0974
96.5508
97.0506
97.5968
98.1216
98.6251
99.1072
99.5680
100.0075
100.4256
100.8224
101.1978
101.6351
102.1343
102.6954
103.3183
104.0032
104.7499
105.5584
106.4289
107.2068
107.8922
108.4851
108.9855
109.3934
109.7087
109.9315
110.0618
110.2452
110.4816
110.7711
111.1137
111.5093
111.9580
112.4598
113.0146
114.0566
115.5858
117.6022
120.1057
123.0964
126.5742
130.5392
134.9914
138.6785
141.6005
143.7574
145.1493
145.7762
145.6379
144.7346
143.0662
141.7574
140.8081
140.2185
139.9884
140.1179
140.6069
141.4556
142.6638
143.5416
144.0890
144.3060
144.1926
143.7488
142.9746
141.8700
140.4350
139.1892
138.1325
137.2650
136.5866
136.0974
135.7973
135.6864
135.7647
135.6845
135.4459
135.0488
134.4934
133.7795
132.9071
131.8764
130.6872
129.5853
128.5708
127.6436
126.8037
126.0511
125.3859
124.8080
124.3174
123.8627
123.4439
123.0610
122.7139
122.4027
122.1274
121.8880
121.6844
121.5047
121.3487
121.2166
121.1083
121.0238
120.9631
120.9263
120.9132
120.8193
120.6445
120.3888
120.0523
119.6349
119.1366
118.5575
117.8975
117.4896
117.3338
117.4301
117.7785
118.3791
119.2317
120.3364
121.6932
122.8971
123.9480
124.8460
125.5911
126.1832
126.6224
126.9086
127.0419
127.2890
127.6501
128.1250
128.7139
129.4166
130.2332
131.1637
132.2081
133.1955
134.1261
134.9999
135.8167
136.5766
137.2797
137.9258
138.5151
139.0574
139.5528
140.0011
140.4025
140.7570
141.0644
141.3249
141.5385
141.7102
141.8403
141.9285
141.9750
141.9797
141.9427
141.8638
141.7433
141.8526
142.1918
142.7609
143.5599
144.5888
145.8476
147.3363
149.0549
150.7066
152.2912
153.8089
155.2597
156.6435
157.9603
159.2102
160.3931
161.2404
161.7519
161.9277
161.7677
161.2721
160.4408
159.2738
157.7710
156.3803
155.1015
153.9347
152.8799
151.9371
151.1063
150.3875
149.7807
149.1060
148.3633
147.5526
146.6741
145.7276
144.7132
143.6308
142.4805
141.3864
140.3485
139.3668
138.4412
137.5719
136.7587
136.0017
135.3009
134.5824
133.8464
133.0928
132.3216
131.5327
130.7263
129.9022
129.0606
128.3016
127.6253
127.0316
126.5206
126.0923
125.7466
125.4836
125.3032
125.2683
125.3788
125.6347
126.0361
126.5829
127.2751
128.1128
129.0959
129.9694
130.7334
131.3878
131.9326
132.3679
132.6935
132.9097
133.0162
133.1635
133.3516
133.5805
133.8501
134.1604
134.5116
134.9035
135.3362
135.6434
135.8252
135.8815
135.8124
135.6178
135.2978
134.8523
134.2814
133.6696
133.0170
132.3236
131.5893
130.8141
129.9982
129.1413
128.2437
127.3247
126.3843
125.4225
124.4395
123.4350
122.4092
121.3620
120.2935
119.3219
118.4472
117.6695
116.9887
116.4049
115.9180
115.5281
115.2350
114.9016
114.5277
114.1135
113.6588
113.1637
112.6282
112.0522
111.4359
110.7421
109.9708
109.1220
108.1957
107.1919
106.1107
104.9520
103.7158
103.0228
102.8730
103.2663
104.2028
105.6825
107.7053
110.2714
113.3806
116.2433
118.8595
121.2293
123.3526
125.2295
126.8598
128.2437
129.3811
130.3907
131.2724
132.0262
132.6521
133.1502
133.5204
133.7628
133.8773
133.9826
134.0788
134.1659
134.2438
134.3126
134.3723
134.4228
134.4642
134.5533
134.6901
134.8747
135.1070
135.3870
135.7148
136.0903
136.5135
136.5237
136.1208
135.3049
134.0760
132.4340
130.3790
127.9110
125.0299
122.4577
120.1946
118.2404
116.5951
115.2588
114.2314
113.5130
113.1036
112.7589
112.4790
112.2639
112.1135
112.0279
112.0071
112.0510
112.1597
112.2598
112.3511
112.4338
112.5078
112.5731
112.6298
112.6777
112.7170
112.7674
112.8290
112.9017
112.9855
113.0805
113.1866
113.3039
113.4323
113.4577
113.3803
113.1999
112.9165
112.5303
112.0411
111.4490
110.7540
110.2177
109.8401
109.6213
109.5613
109.6600
109.9175
110.3337
110.9086
111.4206
111.8695
112.2555
112.5785
112.8385
113.0355
113.1695
113.2406
113.3739
113.5696
113.8276
114.1479
114.5306
114.9756
115.4829
116.0525
116.5508
116.9777
117.3332
117.6174
117.8303
117.9717
118.0419
118.0406
117.9559
117.7878
117.5361
117.2010
116.7824
116.2803
115.6947
115.0257
114.6978
114.7111
115.0655
115.7610
116.7977
118.1755
119.8945
121.9546
123.9710
125.9438
127.8730
129.7584
131.6002
133.3984
135.1528
136.8637
138.4078
139.7851
140.9957
142.0396
142.9168
143.6273
144.1710
144.5480
144.6809
144.5697
144.2145
143.6152
142.7718
141.6844
140.3529
138.7773
137.2336
135.7217
134.2417
132.7936
131.3773
129.9928
128.6403
127.3196
126.1057
124.9986
123.9983
123.1049
122.3183
121.6385
121.0655
120.5993
120.1477
119.7107
119.2883
118.8804
118.4872
118.1085
117.7444
117.3948
117.1071
116.8811
116.7170
116.6146
116.5740
116.5953
116.6783
116.8231
116.9634
117.0991
117.2303
117.3570
117.4791
117.5967
117.7098
117.8183
117.9575
118.1274
118.3279
118.5590
118.8208
119.1133
119.4364
119.7902
119.9860
120.0239
119.9038
119.6257
119.1897
118.5957
117.8438
116.9339
116.1813
115.5859
115.1478
114.8670
114.7434
114.7770
114.9680
115.3162
115.4948
115.5038
115.3431
115.0129
114.5131
113.8436
113.0045
111.9959
111.0997
110.3161
109.6450
109.0864
108.6403
108.3068
108.0858
107.9773
107.8375
107.6666
107.4643
107.2309
106.9661
106.6702
106.3430
105.9845
105.5459
105.0272
104.4284
103.7495
102.9904
102.1512
101.2319
100.2324
99.4841
98.9870
98.7410
98.7462
99.0026
99.5100
100.2687
101.2785
102.5654
104.1294
105.9704
108.0885
110.4838
113.1561
116.1054
119.3319
122.1099
124.4395
126.3207
127.7535
128.7378
129.2737
129.3612
129.0002
128.8206
128.8223
129.0054
129.3697
129.9154
130.6424
131.5508
132.6405
133.5611
134.3126
134.8951
135.3085
135.5529
135.6281
135.5344
135.2715
134.8826
134.3676
133.7266
132.9595
132.0664
131.0472
129.9020
128.6308
127.4642
126.4023
125.4450
124.5925
123.8446
123.2015
122.6630
122.2292
121.8890
121.6425
121.4896
121.4303
121.4647
121.5927
121.8144
122.1296
122.4538
122.7869
123.1288
123.4796
123.8393
124.2078
124.5852
124.9715
125.3814
125.8148
126.2718
126.7523
127.2563
127.7839
128.3351
128.9097
129.4803
130.0468
130.6091
131.1673
131.7214
132.2714
132.8173
133.3591
133.6339
133.6419
133.3830
132.8572
132.0646
131.0050
129.6786
128.0853
126.7267
125.6029
124.7138
124.0594
123.6397
123.4548
123.5046
123.7891
123.9734
124.0573
124.0410
123.9244
123.7076
123.3904
122.9729
122.4552
122.0110
121.6402
121.3428
121.1190
120.9686
120.8917
120.8883
120.9583
120.8210
120.4764
119.9246
119.1654
118.1989
117.0251
115.6440
114.0556
112.7568
111.7475
111.0279
110.5978
110.4573
110.6063
111.0450
111.7732
112.7408
113.9476
115.3938
117.0794
119.0042
121.1683
123.5718
126.2146
128.5552
130.5936
132.3297
133.7637
134.8954
135.7249
136.2522
136.4773
136.8106
137.2521
137.8018
138.4597
139.2258
140.1002
141.0827
142.1735
143.1197
143.9215
144.5788
145.0915
145.4598
145.6836
145.7629
145.6977
145.5873
145.4317
145.2310
144.9851
144.6940
144.3577
143.9763
143.5497
143.1126
142.6651
142.2071
141.7386
141.2597
140.7704
140.2705
139.7603
139.2435
138.7202
138.1904
137.6542
137.1114
136.5622
136.0064
135.4442
134.8996
134.3727
133.8636
133.3721
132.8984
132.4423
132.0039
131.5833
131.1651
130.7494
130.3361
129.9254
129.5171
129.1113
128.7079
128.3071
127.9088
127.5132
127.1202
126.7299
126.3422
125.9571
125.5746
125.1948
124.9760
124.9183
125.0215
125.2858
125.7112
126.2975
127.0449
127.9533
128.6857
129.2420
129.6222
129.8264
129.8545
129.7066
129.3826
128.8826
128.4509
128.0876
127.7927
127.5662
127.4081
127.3183
127.2970
127.3440
127.2880
127.1290
126.8670
126.5020
126.0340
125.4630
124.7889
124.0119
123.2463
122.4922
121.7495
121.0183
120.2986
119.5903
118.8935
118.2082
117.4955
116.7556
115.9884
115.1939
114.3721
113.5231
112.6467
111.7431
111.2344
111.1207
111.4020
112.0783
113.1495
114.6156
116.4768
118.7329
120.8891
122.9453
124.9016
126.7580
128.5144
130.1710
131.7275
133.1842
134.4274
135.4573
136.2737
136.8768
137.2665
137.4428
137.4056
137.1551
136.8077
136.3633
135.8221
135.1839
134.4488
133.6168
132.6878
131.6620
130.8023
130.1087
129.5812
129.2198
129.0246
128.9954
129.1324
129.4355
129.6695
129.8342
129.9298
129.9562
129.9134
129.8015
129.6203
129.3700
129.1476
128.9529
128.7862
128.6472
128.5361
128.4529
128.3975
128.3699
128.3174
128.2398
128.1372
128.0097
127.8571
127.6795
127.4769
127.2493
127.0435
126.8595
126.6972
126.5567
126.4380
126.3410
126.2658
126.2124
126.0831
125.8777
125.5965
125.2392
124.8060
124.2968
123.7117
123.0506
122.4343
121.8628
121.3361
120.8542
120.4172
120.0249
119.6774
119.3747
119.0448
118.6876
118.3032
117.8915
117.4525
116.9864
116.4929
115.9722
115.4779
115.0099
114.5683
114.1530
113.7641
113.4016
113.0654
112.7555
112.4812
112.2423
112.0389
111.8711
111.7387
111.6418
111.5804
111.5545
111.4788
111.3532
111.1779
110.9527
110.6776
110.3528
109.9781
109.5536
109.0458
108.4549
107.7807
107.0233
106.1826
105.2587
104.2516
103.1613
102.1701
101.2782
100.4854
99.7918
99.1974
98.7022
98.3062
98.0094
97.7693
97.5859
97.4592
97.3893
97.3760
97.4195
97.5197
97.6766
98.0392
98.6076
99.3816
100.3613
101.5468
102.9379
104.5348
106.3374
108.3237
110.4937
112.8474
115.3849
118.1060
121.0109
124.0995
127.3718
130.1402
132.4047
134.1652
135.4218
136.1744
136.4232
136.1680
135.4088
134.7559
134.2090
133.7684
133.4339
133.2055
133.0834
133.0673
133.1575
133.1915
133.1693
133.0911
132.9567
132.7662
132.5195
132.2167
131.8578
131.4705
131.0548
130.6107
130.1383
129.6374
129.1082
128.5506
127.9646
127.5044
127.1702
126.9618
126.8793
126.9227
127.0920
127.3871
127.8081
128.1145
128.3062
128.3832
128.3456
128.1934
127.9264
127.5449
127.0487
126.5302
125.9895
125.4266
124.8415
124.2341
123.6046
122.9527
122.2787
121.6416
121.0414
120.4781
119.9518
119.4624
119.0099
118.5944
118.2158
117.9067
117.6671
117.4971
117.3966
117.3657
117.4043
117.5125
117.6902
117.8486
117.9877
118.1075
118.2080
118.2892
118.3510
118.3936
118.4169
118.4765
118.5725
118.7048
118.8734
119.0783
119.3195
119.5971
119.9111
120.1242
120.2367
120.2484
120.1594
119.9696
119.6791
119.2879
118.7959
118.2551
117.6653
117.0266
116.3390
115.6025
114.8172
113.9829
113.0997
112.3409
111.7065
111.1965
110.8109
110.5497
110.4129
110.4005
110.5125
110.7981
111.2573
111.8902
112.6966
113.6767
114.8304
116.1576
117.6585
119.4001
121.3824
123.6054
126.0691
128.7735
131.7186
134.9044
138.3309
141.3512
143.9652
146.1730
147.9746
149.3699
150.3590
150.9419
151.1185
151.1605
151.0679
150.8405
150.4786
149.9820
149.3507
148.5848
147.6843
146.8447
146.0662
145.3487
144.6921
144.0966
143.5620
143.0885
142.6760
142.1660
141.5586
140.8537
140.0514
139.1516
138.1544
137.0597
135.8676
134.6675
133.4595
132.2436
131.0197
129.7879
128.5482
127.3005
126.0448
124.9976
124.1587
123.5282
123.1061
122.8924
122.8870
123.0900
123.5014
123.8825
124.2333
124.5537
124.8438
125.1036
125.3331
125.5323
125.7012
125.8627
126.0170
126.1639
126.3035
126.4358
126.5607
126.6784
126.7887
126.7996
126.7110
126.5230
126.2355
125.8486
125.3622
124.7764
124.0912
123.4278
122.7862
122.1664
121.5685
120.9924
120.4381
119.9056
119.3950
118.8852
118.3760
117.8677
117.3600
116.8532
116.3470
115.8416
115.3370
114.8159
114.2785
113.7246
113.1543
112.5677
111.9646
111.3451
110.7092
110.1098
109.5468
109.0203
108.5302
108.0767
107.6595
107.2788
106.9346
106.6263
106.3537
106.1170
105.9161
105.7510
105.6218
105.5284
105.4709
105.5295
105.7043
105.9953
106.4025
106.9259
107.5654
108.3211
109.1931
110.3283
111.7270
113.3890
115.3143
117.5030
119.9551
122.6705
125.6493
128.3051
130.6378
132.6476
134.3343
135.6981
136.7388
137.4565
137.8512
138.1123
138.2397
138.2335
138.0936
137.8201
137.4129
136.8721
136.1976
135.6868
135.3395
135.1559
135.1359
135.2796
135.5868
136.0577
136.6923
137.0916
137.2558
137.1848
136.8787
136.3374
135.5609
134.5493
133.3025
132.1105
130.9732
129.8907
128.8629
127.8899
126.9716
126.1081
125.2993
124.7156
124.3569
124.2232
124.3146
124.6309
125.1724
125.9388
126.9302
127.7954
128.5344
129.1471
129.6335
129.9937
130.2276
130.3352
130.3167
130.2994
130.2835
130.2690
130.2558
130.2440
130.2336
130.2245
130.2168
130.1343
129.9772
129.7454
129.4388
129.0576
128.6017
128.0711
127.4657
126.9113
126.4077
125.9550
125.5532
125.2023
124.9023
124.6531
124.4548
124.2371
124.0001
123.7437
123.4678
123.1726
122.8580
122.5241
122.1707
121.8273
121.4937
121.1701
120.8563
120.5525
120.2586
119.9746
119.7004
119.4543
119.2362
119.0461
118.8841
118.7500
118.6439
118.5659
118.5158
118.4364
118.3277
118.1895
118.0221
117.8253
117.5991
117.3435
117.0586
116.6685
116.1732
115.5727
114.8669
114.0560
113.1398
112.1184
110.9918
110.1142
109.4858
109.1064
108.9760
109.0948
109.4626
110.0794
110.9454
112.1341
113.6455
115.4797
117.6367
120.1165
122.9190
126.0443
129.4923
132.4475
134.9099
136.8793
138.3560
139.3397
139.8307
139.8287
139.3339
138.8698
138.4363
138.0334
137.6611
137.3195
137.0085
136.7282
136.4784
136.2629
136.0815
135.9344
135.8214
135.7426
135.6980
135.6876
135.7113
135.6984
135.6488
135.5625
135.4395
135.2799
135.0835
134.8505
134.5807
134.2024
133.7155
133.1200
132.4159
131.6032
130.6819
129.6520
128.5136
127.5282
126.6959
126.0166
125.4905
125.1174
124.8973
124.8304
124.9165
125.0004
125.0821
125.1616
125.2389
125.3139
125.3868
125.4574
125.5259
125.6282
125.7643
125.9344
126.1382
126.3760
126.6476
126.9531
127.2925
127.3526
127.1336
126.6353
125.8579
124.8013
123.4655
121.8505
119.9563
118.3597
117.0609
116.0598
115.3563
114.9505
114.8424
115.0320
115.5193
115.9143
116.2168
116.4271
116.5450
116.5705
116.5037
116.3445
116.0930
115.8624
115.6526
115.4637
115.2957
115.1486
115.0224
114.9171
114.8326
114.7917
114.7945
114.8408
114.9308
115.0643
115.2415
115.4623
115.7267
115.8447
115.8163
115.6415
115.3202
114.8526
114.2385
113.4781
112.5712
111.7339
110.9661
110.2678
109.6390
109.0798
108.5901
108.1699
107.8192
107.4808
107.1547
106.8408
106.5392
106.2499
105.9728
105.7079
105.4554
105.9074
107.0640
108.9252
111.4911
114.7615
118.7366
123.4162
128.8005
133.3161
136.9630
139.7413
141.6510
142.6921
142.8645
142.1683
140.6034
139.3000
138.2582
137.4778
136.9590
136.7017
136.7059
136.9716
137.4988
137.9700
138.3851
138.7442
139.0473
139.2943
139.4853
139.6202
139.6991
139.6900
139.5929
139.4078
139.1347
138.7737
138.3246
137.7876
137.1626
136.3212
135.2632
133.9889
132.4980
130.7907
128.8670
126.7268
124.3701
122.2329
120.3150
118.6166
117.1376
115.8780
114.8378
114.0171
113.4157
112.9048
112.4843
112.1543
111.9147
111.7656
111.7069
111.7386
111.8608
111.9679
112.0601
112.1372
112.1993
112.2463
112.2784
112.2954
112.2974
112.2980
112.2972
112.2951
112.2916
112.2866
112.2804
112.2727
112.2636
112.2456
112.2186
112.1825
112.1375
112.0835
112.0205
111.9485
111.8675
111.8220
111.8120
111.8375
111.8984
111.9949
112.1268
112.2942
112.4971
112.6242
112.6754
112.6508
112.5503
112.3740
112.1218
111.7939
111.3900
110.8732
110.2434
109.5006
108.6449
107.6762
106.5944
105.3998
104.0921
103.6744
104.1468
105.5092
107.7616
110.9040
114.9365
119.8590
125.6715
130.5772
134.5762
137.6683
139.8537
141.1323
141.5041
140.9691
139.5273
138.3257
137.3642
136.6428
136.1615
135.9204
135.9194
136.1585
136.6377
137.0441
137.3776
137.6382
137.8260
137.9409
137.9829
137.9521
137.8484
137.8387
137.9229
138.1012
138.3734
138.7396
139.1998
139.7540
140.4022
141.0017
141.5524
142.0545
142.5079
142.9125
143.2685
143.5757
143.8343
143.8878
143.7363
143.3798
142.8182
142.0516
141.0799
139.9032
138.5215
137.3662
136.4375
135.7351
135.2593
135.0100
134.9871
135.1906
135.6207
135.6909
135.4012
134.7515
133.7420
132.3727
130.6434
128.5542
126.1051
124.0581
122.4129
121.1698
120.3286
119.8893
119.8521
120.2168
120.9834
121.6130
122.1053
122.4606
122.6786
122.7596
122.7034
122.5100
122.1795
121.8339
121.4733
121.0975
120.7067
120.3008
119.8798
119.4438
118.9926
118.5935
118.2462
117.9510
117.7077
117.5164
117.3770
117.2896
117.2542
117.1627
117.0153
116.8118
116.5524
116.2369
115.8655
115.4380
114.9545
114.4383
113.8894
113.3077
112.6933
112.0462
111.3663
110.6536
109.9083
109.2008
108.5311
107.8994
107.3055
106.7496
106.2314
105.7512
105.3089
104.8787
104.4607
104.0548
103.6612
103.2797
102.9104
102.5533
102.2083
101.9338
101.7297
101.5960
101.5328
101.5400
101.6177
101.7657
101.9843
102.4674
103.2152
104.2276
105.5046
107.0463
108.8526
110.9235
113.2591
115.7513
118.4002
121.2058
124.1680
127.2869
130.5625
133.9947
137.5836
140.7123
143.3808
145.5892
147.3373
148.6252
149.4529
149.8204
149.7277
149.5439
149.2691
148.9032
148.4462
147.8982
147.2591
146.5289
145.7077
144.9352
144.2115
143.5365
142.9104
142.3329
141.8043
141.3244
140.8933
140.4456
139.9815
139.5009
139.0038
138.4902
137.9601
137.4135
136.8504
136.3539
135.9239
135.5606
135.2638
135.0336
134.8700
134.7730
134.7426
134.7913
134.9191
135.1261
135.4123
135.7776
136.2220
136.7456
137.3483
137.6916
137.7754
137.5996
137.1644
136.4698
135.5156
134.3019
132.8288
131.4486
130.1614
128.9672
127.8660
126.8577
125.9424
125.1201
124.3908
123.7433
123.1778
122.6940
122.2922
121.9722
121.7341
121.5778
121.5034
121.2867
120.9275
120.4260
119.7821
118.9958
118.0671
116.9961
115.7826
114.7329
113.8468
113.1245
112.5658
112.1708
111.9395
111.8719
111.9680
111.9991
111.9652
111.8663
111.7025
111.4736
111.1798
110.8209
110.3971
110.0781
109.8640
109.7547
109.7503
109.8508
110.0561
110.3663
110.7813
111.0446
111.1563
111.1164
110.9247
110.5814
110.0864
109.4398
108.6415
108.3698
108.6248
109.4064
110.7146
112.5494
114.9109
117.7990
121.2138
124.4457
127.4949
130.3613
133.0449
135.5457
137.8637
139.9990
141.9514
143.2552
143.9104
143.9170
143.2749
141.9842
140.0448
137.4568
134.2202
131.6102
129.6267
128.2698
127.5394
127.4356
127.9584
129.1078
130.8837
132.3941
133.6390
134.6185
135.3324
135.7809
135.9639
135.8814
135.5334
135.2562
135.0500
134.9146
134.8502
134.8566
134.9339
135.0820
135.3011
135.5248
135.7531
135.9861
136.2238
136.4662
136.7132
136.9648
137.2211
137.4105
137.5329
137.5884
137.5769
137.4985
137.3532
137.1409
136.8617
136.5528
136.2143
135.8461
135.4484
135.0210
134.5639
134.0772
133.5609
132.9385
132.2099
131.3752
130.4344
129.3874
128.2344
126.9751
125.6098
124.2738
122.9672
121.6899
120.4421
119.2235
118.0344
116.8746
115.7441
114.5689
113.3489
112.0842
110.7747
109.4204
108.0213
106.5775
105.0889
103.7940
102.6929
101.7854
101.0717
100.5517
100.2254
100.0929
100.1540
100.2000
100.2307
100.2463
100.2466
100.2317
100.2016
100.1563
100.0957
100.1058
100.1864
100.3375
100.5593
100.8516
101.2144
101.6478
102.1518
102.6518
103.1476
103.6394
104.1271
104.6107
105.0903
105.5658
106.0372
106.5656
107.1510
107.7935
108.4930
109.2494
110.0629
110.9334
111.8609
113.1595
114.8293
116.8702
119.2823
122.0655
125.2198
128.7453
132.6420
135.8092
138.2471
139.9555
140.9345
141.1841
140.7043
139.4951
137.5565
135.8728
134.4439
133.2699
132.3508
131.6865
131.2770
131.1225
131.2228
131.2412
131.1779
131.0326
130.8056
130.4967
130.1060
129.6335
129.0791
128.7024
128.5033
128.4818
128.6380
128.9718
129.4832
130.1723
131.0391
131.7001
132.1556
132.4054
132.4495
132.2880
131.9208
131.3480
130.5696
129.9669
129.5400
129.2888
129.2134
129.3137
129.5898
130.0417
130.6693
131.2039
131.6455
131.9939
132.2494
132.4118
132.4811
132.4574
132.3407
132.1508
131.8878
131.5516
131.1424
130.6600
130.1045
129.4758
128.7740
128.0931
127.4330
126.7937
126.1753
125.5777
125.0010
124.4451
123.9100
123.2515
122.4695
121.5641
120.5353
119.3830
118.1073
116.7081
115.1855
113.9145
112.8953
112.1277
111.6119
111.3477
111.3352
111.5744
112.0652
112.4063
112.5977
112.6392
112.5310
112.2730
111.8653
111.3077
110.6005
109.9037
109.2176
108.5419
107.8769
107.2224
106.5785
105.9451
105.3223
104.5321
103.5746
102.4497
101.1574
99.6977
98.0707
96.2762
94.3144
93.0889
92.5996
92.8465
93.8297
95.5492
98.0048
101.1968
105.1249
108.7361
112.0302
115.0074
117.6675
120.0106
122.0367
123.7457
125.1378
126.3074
127.2545
127.9791
128.4813
128.7610
128.8182
128.6530
128.2653
127.8635
127.4476
127.0177
126.5737
126.1157
125.6436
125.1574
124.6571
124.3234
124.1563
124.1557
124.3216
124.6541
125.1531
125.8187
126.6508
127.2848
127.7207
127.9585
127.9981
127.8396
127.4831
126.9283
126.1755
125.5341
125.0041
124.5855
124.2782
124.0824
123.9980
124.0251
124.1635
124.2267
124.2148
124.1278
123.9656
123.7282
123.4157
123.0280
122.5652
122.2757
122.1595
122.2165
122.4469
122.8506
123.4275
124.1778
125.1013
126.0363
126.9827
127.9406
128.9100
129.8908
130.8830
131.8867
132.9019
133.8228
134.6496
135.3821
136.0204
136.5646
137.0145
137.3702
137.6317
137.7866
137.8349
137.7765
137.6115
137.3398
136.9615
136.4766
135.8851
135.3485
134.8668
134.4401
134.0684
133.7516
133.4898
133.2829
133.1310
132.9195
132.6485
132.3180
131.9279
131.4783
130.9692
130.4005
129.7723
129.0933
128.3636
127.5831
126.7519
125.8699
124.9372
123.9537
122.9195
121.9815
121.1398
120.3943
119.7451
119.1922
118.7356
118.3752
118.1111
117.7710
117.3550
116.8630
116.2951
115.6512
114.9313
114.1356
113.2638
112.4885
111.8096
111.2270
110.7409
110.3512
110.0579
109.8611
109.7606
110.3760
111.7072
113.7543
116.5173
119.9962
124.1909
129.1015
134.7279
139.6412
143.8413
147.3282
150.1019
152.1625
153.5098
154.1440
154.0651
153.9964
153.9379
153.8898
153.8519
153.8243
153.8070
153.8000
153.8032
153.7715
153.7050
153.6035
153.4671
153.2959
153.0897
152.8486
152.5727
152.1809
151.6735
151.0502
150.3113
149.4566
148.4861
147.3999
146.1979
145.0139
143.8478
142.6997
141.5695
140.4572
139.3629
138.2865
137.2281
136.3002
135.5030
134.8364
134.3004
133.8950
133.6202
133.4760
133.4624
133.3779
133.2225
132.9962
132.6990
132.3308
131.8918
131.3819
130.8010
130.1842
129.5313
128.8424
128.1175
127.3566
126.5597
125.7267
124.8578
124.0374
123.2657
122.5427
121.8683
121.2425
120.6653
120.1368
119.6569
119.2115
118.8006
118.4242
118.0823
117.7748
117.5019
117.2634
117.0594
116.8421
116.6114
116.3673
116.1100
115.8392
115.5551
115.2577
114.9469
114.5277
114.0002
113.3643
112.6200
111.7674
110.8064
109.7370
108.5592
107.5064
106.5784
105.7754
105.0972
104.5439
104.1156
103.8121
103.6335
103.3631
103.0010
102.5470
102.0012
101.3636
100.6342
99.8130
98.9001
98.3426
98.1405
98.2940
98.8030
99.6674
100.8873
102.4627
104.3936
106.6792
109.3195
112.3146
115.6644
119.3689
123.4281
127.8420
132.6107
136.6820
140.0559
142.7325
144.7117
145.9935
146.5780
146.4651
145.6548
144.8812
144.1443
143.4440
142.7803
142.1533
141.5630
141.0093
140.4923
140.1048
139.8470
139.7188
139.7201
139.8511
140.1116
140.5018
141.0216
140.8907
140.1092
138.6771
136.5944
133.8610
130.4770
126.4424
121.7572
117.8290
114.6579
112.2439
110.5869
109.6870
109.5442
110.1584
111.5297
112.6929
113.6479
114.3947
114.9334
115.2638
115.3862
115.3004
115.0064
114.7614
114.5653
114.4182
114.3201
114.2710
114.2708
114.3196
114.4173
114.5112
114.6011
114.6872
114.7693
114.8475
114.9218
114.9922
115.0587
115.1254
115.1923
115.2594
115.3268
115.3944
115.4621
115.5301
115.5983
115.6671
115.7365
115.8064
115.8769
115.9480
116.0197
116.0919
116.1648
116.2381
116.3118
116.3860
116.4607
116.5358
116.6113
116.6874
116.7638
116.8407
116.9179
116.9955
117.0734
117.1517
117.2304
117.3095
117.3889
117.4686
117.5487
117.6292
117.7099
117.7910
117.8724
117.9542
118.0363
118.1186
118.2013
118.2841
118.3673
118.4507
118.5343
118.6182
118.7024
118.7868
118.8714
118.9562
119.0413
119.1265
119.2120
119.2976
119.3835
119.4696
119.5558
119.6422
119.7287
119.8154
119.9023
119.9894
120.0766
120.1639
120.2512
120.3385
120.4259
120.5134
120.6008
120.6884
120.7759
120.8635
120.9510
121.0384
121.1259
121.2133
121.3007
121.3881
121.4754
121.5627
121.6500
121.7373
121.8247
121.9120
121.9993
122.0866
122.1739
122.2610
122.3480
122.4349
122.5216
122.6081
122.6945
122.7808
122.8669
122.9534
123.0404
123.1279
123.2158
123.3042
123.3930
123.4823
123.5720
123.6632
123.7558
123.8499
123.9454
124.0423
124.1406
124.2404
124.3416
124.4290
124.5025
124.5622
124.6079
124.6399
124.6579
124.6622
124.6525
124.6329
124.6032
124.5635
124.5137
124.4539
124.3841
124.3043
124.2144
124.0688
123.8675
123.6104
123.2976
122.9290
122.5047
122.0246
121.4888
120.9786
120.4938
120.0346
119.6009
119.1927
118.8100
118.4529
118.1213
117.8088
117.5155
117.2414
116.9864
116.7506
116.5339
116.3365
116.1581
115.9500
115.7120
115.4442
115.1466
114.8192
114.4619
114.0749
113.6579
113.2574
112.8732
112.5054
112.1539
111.8188
111.5001
111.1977
110.9117
110.6800
110.5026
110.3795
110.3107
110.2962
110.3360
110.4302
110.5786
110.5831
110.4435
110.1600
109.7324
109.1608
108.4453
107.5857
106.5821
106.1675
106.3419
107.1052
108.4575
110.3988
112.9290
116.0482
119.7563
123.3323
126.7763
130.0881
133.2678
136.3154
139.2308
142.0142
144.6655
146.9290
148.8049
150.2931
151.3936
152.1064
152.4315
152.3689
151.9186
151.5398
151.2324
150.9964
150.8318
150.7386
150.7168
150.7665
150.8876
150.9311
150.8971
150.7855
150.5964
150.3297
149.9854
149.5636
149.0642
148.5345
147.9745
147.3842
146.7635
146.1125
145.4312
144.7195
143.9775
143.2676
142.5897
141.9438
141.3299
140.7480
140.1982
139.6804
139.1946
138.6847
138.1509
137.5930
137.0111
136.4051
135.7752
135.1212
134.4431
133.8161
133.2401
132.7152
132.2412
131.8183
131.4464
131.1255
130.8557
130.4321
129.8548
129.1238
128.2391
127.2007
126.0086
124.6627
123.1632
121.8780
120.8072
119.9509
119.3089
118.8813
118.6682
118.6694
118.8850
119.0450
119.1496
119.1986
119.1920
119.1299
119.0123
118.8391
118.6104
118.3652
118.1036
117.8256
117.5312
117.2203
116.8930
116.5492
116.1891
115.7947
115.3662
114.9036
114.4067
113.8757
113.3105
112.7112
112.0777
111.4860
110.9361
110.4280
109.9617
109.5372
109.1545
108.8136
108.5145
108.0610
107.4532
106.6911
105.7745
104.7036
103.4784
102.0988
100.5648
99.7789
99.7411
100.4513
101.9095
104.1159
107.0703
110.7727
115.2232
119.2090
122.7301
125.7864
128.3780
130.5049
132.1671
133.3645
134.0973
134.8700
135.6829
136.5358
137.4288
138.3618
139.3349
140.3481
141.4013
142.2788
142.9803
143.5061
143.8561
144.0303
144.0286
143.8511
143.4978
143.1241
142.7299
142.3152
141.8801
141.4246
140.9486
140.4521
139.9352
139.3614
138.7305
138.0427
137.2980
136.4963
135.6376
134.7219
133.7493
132.8881
132.1383
131.5000
130.9732
130.5577
130.2537
130.0612
129.9801
129.8368
129.6313
129.3637
129.0339
128.6419
128.1877
127.6714
127.0929
126.5492
126.0403
125.5662
125.1270
124.7226
124.3531
124.0184
123.7185
123.4152
123.1085
122.7984
122.4849
122.1681
121.8478
121.5242
121.1972
120.8347
120.4367
120.0034
119.5345
119.0302
118.4905
117.9153
117.3046
116.7211
116.1646
115.6353
115.1330
114.6579
114.2098
113.7889
113.3950
113.0004
112.6050
112.2088
111.8119
111.4142
111.0158
110.6165
110.2165
109.8333
109.4668
109.1171
108.7842
108.4680
108.1686
107.8860
107.6201
107.2738
106.8469
106.3395
105.7516
105.0831
104.3342
103.5047
102.5948
101.7677
101.0236
100.3624
99.7841
99.2887
98.8762
98.5466
98.3000
98.2520
98.4027
98.7520
99.3001
100.0467
100.9921
102.1361
103.4788
105.2165
107.3491
109.8768
112.7994
116.1171
119.8297
123.9373
128.4400
132.3695
135.7259
138.5092
140.7195
142.3566
143.4207
143.9116
143.8295
143.7401
143.6435
143.5396
143.4285
143.3101
143.1845
143.0516
142.9115
142.7567
142.5871
142.4028
142.2038
141.9900
141.7615
141.5182
141.2603
140.8903
140.4082
139.8142
139.1082
138.2901
137.3600
136.3179
135.1638
134.0767
133.0566
132.1035
131.2174
130.3984
129.6463
128.9613
128.3433
127.8148
127.3757
127.0262
126.7661
126.5955
126.5143
126.5227
126.6205
126.6870
126.7221
126.7259
126.6983
126.6394
126.5492
126.4276
126.2747
126.0567
125.7736
125.4254
125.0122
124.5338
123.9904
123.3820
122.7084
122.1249
121.6313
121.2278
120.9143
120.6908
120.5573
120.5138
120.5603
120.4834
120.2830
119.9591
119.5118
118.9410
118.2467
117.4290
116.4878
115.6376
114.8783
114.2099
113.6325
113.1460
112.7504
112.4458
112.2321
111.9849
111.7040
111.3895
111.0414
110.6597
110.2444
109.7955
109.3130
108.6918
107.9319
107.0334
105.9962
104.8203
103.5057
102.0525
100.4606
99.9423
100.4975
102.1262
104.8285
108.6043
113.4537
119.3767
126.3732
132.2206
136.9188
140.4680
142.8680
144.1190
144.2208
143.1735
140.9771
139.2348
137.9467
137.1126
136.7326
136.8067
137.3350
138.3173
139.7538
140.9673
141.9578
142.7252
143.2698
143.5913
143.6898
143.5654
143.2179
142.9213
142.6754
142.4803
142.3359
142.2423
142.1995
142.2075
142.2662
142.1361
141.8172
141.3095
140.6129
139.7276
138.6534
137.3904
135.9386
134.6577
133.5477
132.6086
131.8405
131.2433
130.8170
130.5616
130.4772
130.2973
130.0219
129.6510
129.1846
128.6228
127.9655
127.2126
126.3643
125.5643
124.8126
124.1092
123.4541
122.8473
122.2888
121.7786
121.3166
120.8480
120.3725
119.8904
119.4015
118.9059
118.4035
117.8944
117.3785
116.9089
116.4855
116.1084
115.7776
115.4930
115.2546
115.0625
114.9167
114.7958
114.6999
114.6288
114.5827
114.5616
114.5654
114.5941
114.6478
114.6041
114.4629
114.2243
113.8884
113.4550
112.9242
112.2960
111.5705
110.8974
110.2769
109.7090
109.1936
108.7307
108.3204
107.9627
107.6575
107.3588
107.0666
106.7809
106.5016
106.2289
105.9626
105.7028
105.4496
105.2143
104.9970
104.7977
104.6164
104.4531
104.3078
104.1805
104.0712
103.9614
103.8510
103.7402
103.6288
103.5170
103.4046
103.2917
103.1783
103.5039
104.2686
105.4722
107.1149
109.1967
111.7174
114.6772
118.0760
121.1567
123.9193
126.3639
128.4904
130.2989
131.7892
132.9615
133.8158
134.5788
135.2506
135.8311
136.3205
136.7186
137.0255
137.2412
137.3657
137.4843
137.5971
137.7041
137.8052
137.9005
137.9900
138.0737
138.1515
138.2169
138.2697
138.3100
138.3379
138.3532
138.3561
138.3464
138.3242
138.1625
137.8612
137.4204
136.8400
136.1201
135.2606
134.2616
133.1229
132.1023
131.1996
130.4148
129.7479
129.1990
128.7681
128.4551
128.2600
128.0787
127.9111
127.7572
127.6170
127.4906
127.3779
127.2789
127.1937
127.1225
127.0655
127.0225
126.9937
126.9790
126.9783
126.9918
127.0194
127.0195
126.9920
126.9370
126.8546
126.7446
126.6071
126.4420
126.2495
126.0781
125.9278
125.7985
125.6904
125.6034
125.5376
125.4928
125.4691
125.4238
125.3567
125.2680
125.1576
125.0255
124.8718
124.6963
124.4992
124.2546
123.9626
123.6232
123.2363
122.8020
122.3202
121.7910
121.2144
120.6651
120.1430
119.6482
119.1807
118.7404
118.3274
117.9417
117.5833
117.2565
116.9612
116.6976
116.4656
116.2652
116.0964
115.9592
115.8536
115.6271
115.2796
114.8113
114.2220
113.5119
112.6808
111.7288
110.6559
109.6860
108.8193
108.0557
107.3951
106.8377
106.3834
106.0321
105.7839
105.4590
105.0573
104.5788
104.0235
103.3915
102.6826
101.8970
101.0346
100.9678
101.6966
103.2210
105.5409
108.6564
112.5675
117.2742
122.7765
127.5611
131.6279
134.9770
137.6084
139.5221
140.7180
141.1962
140.9567
140.8159
140.7737
140.8302
140.9853
141.2391
141.5915
142.0426
142.5924
143.0918
143.5408
143.9394
144.2877
144.5856
144.8331
145.0303
145.1770
145.2848
145.3536
145.3834
145.3741
145.3259
145.2387
145.1124
144.9472
144.6901
144.3413
143.9006
143.3681
142.7438
142.0278
141.2199
140.3202
139.5143
138.8022
138.1839
137.6594
137.2286
136.8917
136.6486
136.4993
136.2610
135.9338
135.5177
135.0126
134.4185
133.7356
132.9637
132.1028
131.3233
130.6250
130.0080
129.4724
129.0179
128.6448
128.3530
128.1424
127.9019
127.6312
127.3306
126.9999
126.6391
126.2483
125.8275
125.3766
124.8908
124.3702
123.8146
123.2242
122.5989
121.9387
121.2436
120.5135
119.8533
119.2627
118.7419
118.2909
117.9095
117.5979
117.3561
117.1839
116.9447
116.6383
116.2649
115.8243
115.3166
114.7417
114.0998
113.3907
112.8670
112.5286
112.3755
112.4077
112.6252
113.0281
113.6163
114.3898
114.9979
115.4406
115.7180
115.8300
115.7766
115.5578
115.1737
114.6242
114.4481
114.6455
115.2163
116.1605
117.4782
119.1693
121.2339
123.6719
125.9402
128.0386
129.9672
131.7261
133.3151
134.7344
135.9839
137.0635
137.9731
138.7125
139.2818
139.6809
139.9100
139.9689
139.8576
139.5763
139.0792
138.3663
137.4377
136.2934
134.9333
133.3575
131.5660
129.5586
127.8817
126.5350
125.5187
124.8327
124.4770
124.4516
124.7566
125.3919
125.8180
126.0351
126.0430
125.8419
125.4316
124.8122
123.9837
122.9461
121.9914
121.1195
120.3305
119.6244
119.0012
118.4609
118.0034
117.6288
117.3542
117.1795
117.1047
117.1299
117.2551
117.4802
117.8053
118.2303
118.7174
119.2667
119.8782
120.5518
121.2876
122.0855
122.9455
123.8677
124.6878
125.4058
126.0216
126.5353
126.9469
127.2564
127.4637
127.5689
127.3776
126.8898
126.1055
125.0247
123.6474
121.9736
120.0033
117.7365
115.7839
114.1454
112.8212
111.8111
111.1152
110.7334
110.6659
110.9125
111.1017
111.2333
111.3075
111.3243
111.2835
111.1853
111.0296
110.8164
110.5950
110.3655
110.1277
109.8818
109.6277
109.3655
109.0950
108.8163
108.4855
108.1025
107.6674
107.1800
106.6405
106.0488
105.4049
104.7088
104.1516
103.7331
103.4534
103.3126
103.3105
103.4472
103.7227
104.1370
104.2964
104.2008
103.8502
103.2447
102.3842
101.2687
99.8983
98.2729
97.6370
97.9907
99.3338
101.6665
104.9886
109.3003
114.6015
120.8922
126.4928
131.4034
135.6240
139.1546
141.9952
144.1457
145.6062
146.3766
146.8140
146.9182
146.6893
146.1273
145.2322
144.0039
142.4426
140.5481
138.7981
137.1926
135.7315
134.4149
133.2428
132.2152
131.3320
130.5932
129.9482
129.3970
128.9394
128.5756
128.3055
128.1291
128.0465
128.0575
128.0757
128.1009
128.1331
128.1725
128.2189
128.2724
128.3329
128.4005
128.3612
128.2149
127.9617
127.6015
127.1344
126.5603
125.8793
125.0914
124.3945
123.7886
123.2738
122.8500
122.5172
122.2754
122.1247
122.0650
122.0745
122.1533
122.3013
122.5185
122.8049
123.1605
123.5854
124.0794
124.2798
124.1864
123.7993
123.1185
122.1440
120.8757
119.3137
117.4580
115.8933
114.6196
113.6368
112.9451
112.5444
112.4346
112.6159
113.0881
113.4473
113.6936
113.8268
113.8471
113.7543
113.5486
113.2298
112.7981
112.4862
112.2942
112.2221
112.2698
112.4374
112.7250
113.1323
113.6596
114.1288
114.5400
114.8932
115.1883
115.4254
115.6045
115.7256
115.7886
115.7619
115.6454
115.4392
115.1433
114.7576
114.2822
113.7170
113.0621
112.9154
113.2770
114.1468
115.5249
117.4112
119.8057
122.7086
126.1196
129.2633
132.1397
134.7488
137.0906
139.1650
140.9721
142.5118
143.7843
144.8689
145.7657
146.4747
146.9959
147.3293
147.4749
147.4327
147.2027
147.0132
146.8641
146.7555
146.6874
146.6597
146.6725
146.7258
146.8195
146.8324
146.7643
146.6154
146.3856
146.0749
145.6833
145.2108
144.6575
144.0299
143.3281
142.5521
141.7019
140.7774
139.7787
138.7059
137.5587
136.4399
135.3494
134.2872
133.2533
132.2477
131.2704
130.3213
129.4006
128.4901
127.5897
126.6994
125.8194
124.9495
124.0898
123.2403
122.4009
121.6971
121.1288
120.6961
120.3990
120.2375
120.2115
120.3210
120.5662
120.7881
120.9870
121.1626
121.3151
121.4445
121.5506
121.6337
121.6935
121.7609
121.8357
121.9181
122.0080
122.1053
122.2102
122.3226
122.4424
122.4949
122.4798
122.3973
122.2473
122.0299
121.7450
121.3927
120.9729
120.5368
120.0844
119.6157
119.1307
118.6295
118.1119
117.5780
117.0279
116.4363
115.8033
115.1289
114.4131
113.6559
112.8572
112.0172
111.1357
110.3773
109.7420
109.2297
108.8405
108.5744
108.4313
108.4112
108.5143
108.5551
108.5339
108.4505
108.3050
108.0973
107.8276
107.4956
107.1016
106.6594
106.1690
105.6306
105.0439
104.4092
103.7263
102.9953
102.2161
101.9119
102.0828
102.7286
103.8494
105.4452
107.5160
110.0618
113.0826
116.1519
119.2699
122.4364
125.6514
128.9151
132.2273
135.5881
138.9974
142.0102
144.6263
146.8459
148.6689
150.0953
151.1251
151.7584
151.9950
152.1976
152.3662
152.5008
152.6014
152.6680
152.7005
152.6990
152.6635
152.5842
152.4611
152.2942
152.0834
151.8288
151.5305
151.1883
150.8023
150.3053
149.6974
148.9785
148.1487
147.2079
146.1562
144.9935
143.7198
142.5506
141.4858
140.5254
139.6694
138.9179
138.2707
137.7280
137.2897
136.7925
136.2363
135.6211
134.9470
134.2139
133.4219
132.5710
131.6610
130.8245
130.0615
129.3718
128.7556
128.2128
127.7434
127.3475
127.0250
126.8032
126.6821
126.6617
126.7420
126.9230
127.2048
127.5873
128.0704
128.2450
128.1108
127.6680
126.9166
125.8564
124.4877
122.8102
120.8241
119.1464
117.7769
116.7157
115.9629
115.5184
115.3822
115.5543
116.0347
116.3514
116.5043
116.4935
116.3190
115.9808
115.4788
114.8130
113.9836
113.1165
112.2118
111.2695
110.2895
109.2719
108.2167
107.1239
105.9934
104.9901
104.1139
103.3648
102.7429
102.2481
101.8805
101.6400
101.5266
101.4039
101.2720
101.1307
100.9801
100.8202
100.6510
100.4726
100.2848
100.1062
99.9368
99.7765
99.6255
99.4836
99.3510
99.2275
99.1132
98.8084
98.3132
97.6275
96.7514
95.6847
94.4277
92.9801
91.3421
90.4720
90.3698
91.0355
92.4691
94.6706
97.6400
101.3773
105.8826
109.9713
113.6436
116.8995
119.7389
122.1618
124.1683
125.7583
126.9319
128.1328
129.3610
130.6166
131.8995
133.2097
134.5473
135.9122
137.3044
138.4681
139.4033
140.1100
140.5881
140.8377
140.8588
140.6514
140.2154
139.8503
139.5561
139.3326
139.1801
139.0983
139.0874
139.1474
139.2782
139.2390
139.0298
138.6506
138.1014
137.3822
136.4931
135.4339
134.2047
133.1236
132.1906
131.4057
130.7689
130.2802
129.9395
129.7470
129.7025
129.5967
129.4297
129.2014
128.9118
128.5609
128.1488
127.6753
127.1406
126.6807
126.2957
125.9855
125.7501
125.5896
125.5039
125.4930
125.5570
125.6091
125.6493
125.6777
125.6943
125.6989
125.6918
125.6727
125.6418
125.6108
125.5796
125.5483
125.5169
125.4853
125.4536
125.4217
125.3897
125.2899
125.1222
124.8868
124.5834
124.2123
123.7733
123.2666
122.6919
122.1806
121.7324
121.3474
121.0257
120.7672
120.5719
120.4399
120.3711
120.3096
120.2554
120.2085
120.1690
120.1367
120.1118
120.0942
120.0839
119.8848
119.4968
118.9199
118.1542
117.1997
116.0562
114.7240
113.2028
111.8003
110.5164
109.3511
108.3045
107.3765
106.5671
105.8764
105.3042
105.0740
105.1856
105.6391
106.4344
107.5716
109.0507
110.8716
113.0345
115.2445
117.5018
119.8064
122.1582
124.5572
127.0035
129.4970
132.0378
134.4049
136.5982
138.6179
140.4639
142.1362
143.6347
144.9596
146.1108
147.0448
147.7616
148.2613
148.5438
148.6091
148.4572
148.0882
147.5020
146.9931
146.5615
146.2073
145.9304
145.7308
145.6085
145.5636
145.5960
145.5895
145.5442
145.4601
145.3371
145.1753
144.9746
144.7351
144.4567
144.0452
143.5006
142.8228
142.0120
141.0680
139.9909
138.7806
137.4373
136.2132
135.1083
134.1226
133.2561
132.5089
131.8808
131.3720
130.9825
130.6233
130.2946
129.9963
129.7285
129.4911
129.2841
129.1076
128.9614
128.7321
128.4195
128.0237
127.5446
126.9822
126.3367
125.6079
124.7958
124.0154
123.2666
122.5495
121.8640
121.2102
120.5881
119.9975
119.4387
118.8067
118.1017
117.3236
116.4724
115.5481
114.5508
113.4804
112.3369
111.3347
110.4738
109.7542
109.1758
108.7387
108.4429
108.2884
108.2752
108.2285
108.1484
108.0349
107.8879
107.7075
107.4936
107.2464
106.9657
106.6959
106.4369
106.1888
105.9517
105.7254
105.5099
105.3054
105.1117
104.9222
104.7369
104.5558
104.3788
104.2061
104.0375
103.8731
103.7128
103.5068
103.2550
102.9573
102.6139
102.2246
101.7896
101.3087
100.7821
100.3659
100.0602
99.8649
99.7802
99.8059
99.9421
100.1887
100.5459
101.1464
101.9903
103.0776
104.4082
105.9823
107.7998
109.8606
112.1648
114.6444
117.2993
120.1295
123.1351
126.3161
129.6724
133.2040
136.9110
140.1212
142.8345
145.0511
146.7708
147.9938
148.7199
148.9493
148.6818
148.4466
148.2436
148.0728
147.9343
147.8281
147.7540
147.7122
147.7027
147.5402
147.2249
146.7567
146.1357
145.3617
144.4349
143.3552
142.1226
140.9922
139.9641
139.0383
138.2146
137.4932
136.8741
136.3571
135.9425
135.5322
135.1264
134.7251
134.3281
133.9357
133.5476
133.1641
132.7849
132.4294
132.0974
131.7891
131.5044
131.2432
131.0057
130.7918
130.6014
130.4076
130.2102
130.0094
129.8050
129.5971
129.3857
129.1708
128.9524
128.6949
128.3985
128.0630
127.6886
127.2751
126.8226
126.3311
125.8006
125.2361
124.6375
124.0048
123.3380
122.6372
121.9024
121.1334
120.3305
119.5729
118.8608
118.1942
117.5730
116.9972
116.4669
115.9820
115.5426
115.1208
114.7165
114.3298
113.9606
113.6090
113.2750
112.9586
112.6597
112.3018
111.8849
111.4090
110.8740
110.2801
109.6271
108.9151
108.1441
107.3859
106.6404
105.9076
105.1876
104.4803
103.7857
103.1039
102.4349
101.7528
101.0576
100.3495
99.6283
98.8941
98.1468
97.3865
96.6131
96.1970
96.1380
96.4362
97.0915
98.1040
99.4737
101.2006
103.2846
105.5889
108.1136
110.8586
113.8238
117.0094
120.4154
124.0416
127.8881
131.3366
134.3869
137.0392
139.2934
141.1495
142.6075
143.6674
144.3292
144.8712
145.2934
145.5957
145.7782
145.8409
145.7837
145.6068
145.3100
145.0100
144.7068
144.4005
144.0909
143.7782
143.4624
143.1433
142.8211
142.3929
141.8589
141.2189
140.4730
139.6211
138.6633
137.5996
136.4300
135.3497
134.3587
133.4570
132.6445
131.9214
131.2876
130.7431
130.2879
129.9221
129.6458
129.4589
129.3616
129.3536
129.4352
129.6062
129.8666
130.0034
130.0166
129.9062
129.6721
129.3144
128.8331
128.2281
127.4995
126.8170
126.1805
125.5901
125.0457
124.5474
124.0952
123.6890
123.3289
122.9450
122.5372
122.1055
121.6501
121.1708
120.6676
120.1407
119.5899
119.0077
118.3942
117.7493
117.0730
116.3654
115.6265
114.8562
114.0545
113.3079
112.6163
111.9797
111.3981
110.8716
110.4001
109.9837
109.6223
109.2667
108.9169
108.5729
108.2348
107.9024
107.5759
107.2552
106.9403
106.6266
106.3139
106.0024
105.6920
105.3827
105.0745
104.7675
104.4615
104.1715
103.8974
103.6393
103.3971
103.1708
102.9604
102.7659
102.5874
102.3555
102.0703
101.7316
101.3396
100.8942
100.3955
99.8433
99.2378
99.4621
100.5162
102.4002
105.1139
108.6575
113.0308
118.2340
124.2670
129.6407
134.3550
138.4099
141.8055
144.5418
146.6188
148.0363
148.7946
149.4384
149.9677
150.3825
150.6829
150.8688
150.9403
150.8972
150.7398
150.4496
150.0267
149.4712
148.7829
147.9620
147.0083
145.9220
144.7030
143.6054
142.6292
141.7745
141.0413
140.4294
139.9391
139.5701
139.3226
139.0520
138.7583
138.4415
138.1016
137.7386
137.3526
136.9434
136.5111
136.1485
135.8554
135.6319
135.4780
135.3938
135.3791
135.4340
135.5585
135.6446
135.6922
135.7014
135.6721
135.6044
135.4983
135.3538
135.1708
134.9365
134.6509
134.3140
133.9257
133.4862
132.9954
132.4533
131.8599
131.2629
130.6623
130.0582
129.4504
128.8391
128.2242
127.6058
126.9837
126.3368
125.6652
124.9688
124.2476
123.5016
122.7308
121.9352
121.1149
120.3187
119.5466
118.7988
118.0751
117.3755
116.7002
116.0490
115.4219
114.8302
114.2737
113.7525
113.2666
112.8160
112.4006
112.0205
111.6757
111.3436
111.0243
110.7176
110.4237
110.1425
109.8740
109.6183
109.3753
109.1258
108.8698
108.6074
108.3386
108.0633
107.7815
107.4933
107.1987
106.8429
106.4260
105.9480
105.4089
104.8086
104.1472
103.4248
102.6411
101.9936
101.4823
101.1070
100.8678
100.7648
100.7979
100.9671
101.2724
102.2454
103.8862
106.1946
109.1707
112.8146
117.1261
122.1053
127.7523
132.7505
137.1001
140.8010
143.8532
146.2567
148.0115
149.1177
149.5751
149.9448
150.2266
150.4206
150.5268
150.5451
150.4757
150.3184
150.0733
149.6764
149.1277
148.4273
147.5750
146.5710
145.4151
144.1075
142.6481
141.3834
140.3133
139.4378
138.7571
138.2709
137.9795
137.8826
137.9805
137.9274
137.7234
137.3686
136.8628
136.2061
135.3985
134.4400
133.3306
132.3006
131.3501
130.4790
129.6874
128.9753
128.3426
127.7893
127.3155
126.8820
126.4886
126.1356
125.8227
125.5501
125.3178
125.1257
124.9738
124.8143
124.6470
124.4721
124.2895
124.0991
123.9011
123.6954
123.4820
123.2896
123.1184
122.9682
122.8390
122.7310
122.6440
122.5780
122.5332
122.4740
122.4005
122.3127
122.2105
122.0941
121.9633
121.8182
121.6587
121.4405
121.1635
120.8277
120.4332
119.9798
119.4677
118.8968
118.2671
117.7045
117.2087
116.7800
116.4183
116.1235
115.8957
115.7350
115.6412
115.4731
115.2309
114.9144
114.5237
114.0588
113.5197
112.9063
112.2187
111.5574
110.9225
110.3138
109.7315
109.1755
108.6458
108.1424
107.6653
107.1755
106.6728
106.1572
105.6289
105.0877
104.5337
103.9669
103.3873
102.7645
102.0986
101.3896
100.6374
99.8421
99.0036
98.1220
97.1973
96.3631
95.6194
94.9663
94.4038
93.9318
93.5503
93.2594
93.0591
93.4395
94.4005
95.9423
98.0647
100.7679
104.0518
107.9164
112.3617
116.5535
120.4917
124.1764
127.6076
130.7852
133.7093
136.3799
138.7970
140.8925
142.6665
144.1189
145.2498
146.0592
146.5470
146.7133
146.5581
146.2788
145.8757
145.3485
144.6974
143.9223
143.0233
142.0002
140.8533
139.8613
139.0245
138.3427
137.8160
137.4443
137.2277
137.1662
137.2597
137.1331
136.7862
136.2192
135.4319
134.4245
133.1969
131.7491
130.0811
128.6461
127.4440
126.4750
125.7390
125.2359
124.9658
