123.6000
123.2543
122.7704
122.1482
121.3877
120.4890
119.3205
117.8822
116.1741
114.1962
111.9485
109.4310
106.6437
103.5866
100.7383
98.0988
95.6680
93.4461
91.4329
89.6285
88.0329
86.6461
85.2547
83.8586
82.4579
81.0525
79.6426
78.2280
76.8087
75.3849
74.0105
72.6857
71.4104
70.1846
69.0083
67.8815
66.8043
65.7766
64.7742
63.7972
62.8456
61.9194
61.0185
60.1431
59.2930
58.4683
57.5631
56.5775
55.5114
54.3649
53.1379
51.8304
50.4425
48.9742
47.4951
46.0052
44.5046
42.9932
41.4000
39.7249
37.9679
36.1291
34.8763
34.2097
34.1291
34.6347
40.9769
53.1558
74.4402
104.8302
126.1236
138.3204
144.3232
144.1321
143.4194
142.1852
140.4294
138.1522
136.1728
134.4912
133.1076
132.0218
131.1724
130.5594
130.1828
130.0426
129.8481
129.5993
129.2961
128.9387
128.5270
128.0609
127.5406
126.9659
126.3968
125.8332
125.2752
124.7227
124.1757
123.6343
123.0984
122.5681
122.0824
121.6413
121.2449
120.8931
120.5859
120.3234
120.1055
119.9322
119.7266
119.4888
119.2187
118.9162
118.5815
118.2145
117.8153
117.3837
116.9120
116.4001
115.8480
115.2557
114.6233
113.9507
113.2379
112.4850
111.7253
110.9587
110.1853
109.4051
108.6182
107.8243
107.0237
106.2163
105.5569
105.0457
104.6825
104.4674
104.4004
104.4814
104.7106
105.0878
105.3603
105.5281
105.5912
105.5495
105.4032
105.1521
104.7963
104.3358
103.8789
103.4256
102.9760
102.5300
102.0876
101.6488
101.2136
100.7821
100.2620
99.6533
98.9561
98.1703
97.2960
96.3331
95.2817
94.1417
93.0657
92.0537
91.1058
90.2219
89.4021
88.6462
87.9545
87.3267
86.9838
86.9259
87.1528
87.6647
88.4614
89.5430
90.9096
92.5610
94.3320
96.2225
98.2326
100.3623
102.6115
104.9802
107.4685
110.0764
112.3619
114.3249
115.9657
117.2840
118.2799
118.9535
119.3046
119.3334
119.2797
119.1436
118.9250
118.6239
118.2404
117.7745
117.2260
116.5951
116.0514
115.5947
115.2252
114.9429
114.7476
114.6395
114.6185
114.6847
114.7641
114.8569
114.9630
115.0823
115.2150
115.3611
115.5204
115.6930
115.6078
115.2646
114.6635
113.8045
112.6877
111.3129
109.6802
107.7896
106.1540
104.7735
103.6480
102.7775
102.1621
101.8016
101.6962
101.8459
101.9800
102.0987
102.2019
102.2896
102.3618
102.4185
102.4597
102.4854
102.6170
102.8545
103.1979
103.6471
104.2022
104.8632
105.6301
106.5029
107.3468
108.1619
108.9481
109.7055
110.4341
111.1338
111.8047
112.4467
113.0765
113.6940
114.2991
114.8920
115.4727
116.0410
116.5970
117.1408
117.5044
117.6878
117.6911
117.5142
117.1572
116.6200
115.9027
115.0052
114.0444
113.0203
111.9329
110.7821
109.5681
108.2908
106.9501
105.5462
104.2399
103.0312
101.9201
100.9066
99.9908
99.1725
98.4519
97.8289
97.1923
96.5422
95.8785
95.2012
94.5104
93.8060
93.0881
92.3566
91.7344
91.2216
90.8181
90.5239
90.3391
90.2635
90.2973
90.4405
90.5958
90.7632
90.9427
91.1344
91.3382
91.5542
91.7823
92.0225
92.1328
92.1130
91.9632
91.6834
91.2736
90.7338
90.0640
89.2641
88.5495
87.9201
87.3759
86.9170
86.5432
86.2547
86.0514
85.9333
86.1365
86.6610
87.5068
88.6739
90.1624
91.9721
94.1032
96.5556
99.1526
101.8942
104.7805
107.8114
110.9869
114.3070
117.7718
121.3812
124.6698
127.6375
130.2844
132.6104
134.6156
136.2999
137.6634
138.7060
139.5790
140.2822
140.8158
141.1797
141.3740
141.3985
141.2534
140.9386
140.5738
140.1590
139.6943
139.1796
138.6150
138.0003
137.3358
136.6212
135.9338
135.2734
134.6402
134.0341
133.4551
132.9032
132.3784
131.8807
131.3101
130.6665
129.9499
129.1604
128.2979
127.3624
126.3540
125.2727
124.2327
123.2343
122.2772
121.3617
120.4875
119.6548
118.8636
118.1138
117.5099
117.0518
116.7396
116.5732
116.5526
116.6779
116.9491
117.3661
117.7103
117.9818
118.1804
118.3063
118.3594
118.3397
118.2472
118.0820
117.8867
117.6614
117.4061
117.1207
116.8054
116.4600
116.0846
115.6792
115.1784
114.5824
113.8909
113.1042
112.2221
111.2447
110.1720
109.0039
107.9278
106.9436
106.0513
105.2510
104.5427
103.9263
103.4018
102.9693
102.4858
101.9514
101.3660
100.7297
100.0425
99.3043
98.5151
97.6750
96.9208
96.2524
95.6699
95.1733
94.7625
94.4376
94.1986
94.0454
93.8628
93.6507
93.4092
93.1383
92.8380
92.5082
92.1489
91.7603
91.3160
90.8162
90.2609
89.6499
88.9834
88.2613
87.4837
86.6505
85.9339
85.3339
84.8505
84.4838
84.2336
84.1001
84.0831
84.1828
84.2309
84.2274
84.1722
84.0655
83.9071
83.6971
83.4355
83.1223
82.7768
82.3992
81.9893
81.5472
81.0728
80.5663
80.0275
79.4565
79.0086
78.6840
78.4825
78.4042
78.4491
78.6171
78.9084
79.3228
80.2096
81.5690
83.4008
85.7051
88.4819
91.7312
95.4530
99.6472
103.6387
107.4276
111.0138
114.3973
117.5782
120.5564
123.3319
125.9047
128.2614
130.4020
132.3265
134.0349
135.5271
136.8032
137.8633
138.7072
139.4161
139.9901
140.4291
140.7331
140.9021
140.9362
140.8353
140.5995
140.3039
139.9486
139.5337
139.0590
138.5246
137.9305
137.2766
136.5631
135.7924
134.9645
134.0793
133.1370
132.1375
131.0807
129.9668
128.7956
127.5660
126.2780
124.9315
123.5266
122.0633
120.5415
118.9613
117.3226
115.7885
114.3589
113.0339
111.8134
110.6975
109.6861
108.7793
107.9770
107.3241
106.8206
106.4664
106.2617
106.2063
106.3004
106.5438
106.9366
107.2234
107.4040
107.4785
107.4469
107.3092
107.0655
106.7156
106.2596
105.8403
105.4577
105.1117
104.8024
104.5298
104.2938
104.0946
103.9320
103.6306
103.1905
102.6116
101.8940
101.0376
100.0425
98.9086
97.6360
96.5437
95.6319
94.9005
94.3494
93.9788
93.7885
93.7787
93.9493
94.0894
94.1991
94.2783
94.3272
94.3456
94.3335
94.2910
94.2181
94.1558
94.1040
94.0628
94.0321
94.0120
94.0025
94.0036
94.0152
94.0050
93.9729
93.9191
93.8434
93.7459
93.6266
93.4854
93.3224
93.0656
92.7148
92.2702
91.7318
91.0994
90.3732
89.5531
88.6392
87.8134
87.0758
86.4263
85.8651
85.3919
85.0070
84.7102
84.5016
84.2223
83.8725
83.4521
82.9611
82.3995
81.7672
81.0644
80.2910
79.8006
79.5932
79.6688
80.0274
80.6691
81.5937
82.8014
84.2921
85.8291
87.4125
89.0423
90.7185
92.4410
94.2099
96.0252
97.8868
100.0950
102.6499
105.5514
108.7995
112.3943
116.3356
120.6236
125.2582
129.4496
133.1978
136.5027
139.3645
141.7830
143.7583
145.2904
146.3793
147.2264
147.8317
148.1952
148.3169
148.1968
147.8349
147.2312
146.3857
145.5127
144.6121
143.6840
142.7284
141.7453
140.7346
139.6964
138.6306
137.5106
136.3362
135.1076
133.8247
132.4875
131.0961
129.6503
128.1503
126.7001
125.2999
123.9496
122.6491
121.3986
120.1979
119.0472
117.9464
116.9667
116.1081
115.3708
114.7545
114.2594
113.8855
113.6327
113.5010
113.3506
113.1813
112.9933
112.7864
112.5607
112.3163
112.0530
111.7709
111.4803
111.1812
110.8735
110.5572
110.2324
109.8991
109.5572
109.2068
108.7405
108.1582
107.4600
106.6459
105.7159
104.6699
103.5080
102.2302
101.0322
99.9140
98.8756
97.9171
97.0383
96.2393
95.5202
94.8808
94.2482
93.6224
93.0032
92.3909
91.7853
91.1864
90.5943
90.0089
89.4827
89.0155
88.6075
88.2586
87.9688
87.7382
87.5666
87.4542
87.3975
87.3964
87.4510
87.5613
87.7273
87.9489
88.2263
88.5593
88.8228
89.0168
89.1412
89.1962
89.1817
89.0976
88.9440
88.7209
88.4800
88.2212
87.9446
87.6501
87.3378
87.0076
86.6595
86.2936
85.8171
85.2299
84.5321
83.7237
82.8046
81.7748
80.6344
79.3834
78.3357
77.4911
76.8499
76.4118
76.1770
76.1455
76.3172
76.6921
76.8564
76.8099
76.5527
76.0848
75.4061
74.5168
73.4167
72.1059
71.8593
72.6768
74.5586
77.5045
81.5146
86.5889
92.7274
99.9300
105.9273
110.7192
114.3057
116.6868
117.8625
117.8328
116.5978
114.1574
112.5769
111.8563
111.9957
112.9950
114.8542
117.5734
121.1525
125.5915
129.3744
132.5010
134.9714
136.7855
137.9435
138.4453
138.2908
137.4801
136.7972
136.2420
135.8146
135.5149
135.3430
135.2988
135.3824
135.5938
135.7117
135.7363
135.6675
135.5053
135.2498
134.9008
134.4585
133.9228
133.4555
133.0565
132.7259
132.4637
132.2699
132.1445
132.0874
132.0988
131.9286
131.5771
131.0440
130.3295
129.4336
128.3562
127.0974
125.6571
124.4907
123.5979
122.9790
122.6339
122.5626
122.7650
123.2412
123.9912
124.4237
124.5387
124.3362
123.8162
122.9787
121.8237
120.3512
118.5611
116.9335
115.4683
114.1655
113.0252
112.0472
111.2317
110.5786
110.0879
109.6471
109.2561
108.9149
108.6237
108.3822
108.1907
108.0489
107.9571
107.7340
107.3797
106.8941
106.2774
105.5294
104.6502
103.6397
102.4981
101.5331
100.7448
100.1332
99.6984
99.4402
99.3587
99.4539
99.7258
99.9484
100.1216
100.2456
100.3202
100.3454
100.3214
100.2480
100.1252
99.9762
99.8007
99.5989
99.3708
99.1163
98.8354
98.5281
98.1945
97.9176
97.6972
97.5335
97.4265
97.3760
97.3822
97.4451
97.5645
97.6233
97.6213
97.5586
97.4352
97.2511
97.0062
96.7007
96.3344
95.9542
95.5601
95.1521
94.7303
94.2945
93.8449
93.3813
92.9039
92.4102
91.9002
91.3739
90.8314
90.2726
89.6975
89.1061
88.4985
88.4082
88.8351
89.7794
91.2410
93.2199
95.7161
98.7296
102.2604
106.5358
111.5558
117.3203
123.8294
129.1170
133.1832
136.0280
137.6513
139.1004
140.3752
141.4758
142.4022
143.1543
143.7322
144.1359
144.3653
144.3324
144.0371
143.4795
142.6595
141.5771
140.2324
138.6253
136.7559
135.2250
134.0328
133.1792
132.6642
132.4878
132.6500
133.1508
133.9903
134.2712
133.9937
133.1577
131.7633
129.8103
127.2989
124.2291
120.6007
117.6015
115.2314
113.4905
112.3787
111.8960
112.0424
112.8179
114.2226
115.1414
115.5743
115.5212
114.9823
113.9574
112.4466
110.4500
107.9674
105.8313
104.0417
102.5986
101.5019
100.7518
100.3481
100.2909
100.5802
100.8415
101.0749
101.2802
101.4575
101.6068
101.7282
101.8215
101.8868
101.8473
101.7029
101.4536
101.0995
100.6405
100.0766
99.4078
98.6342
97.9446
97.3391
96.8177
96.3803
96.0270
95.7578
95.5726
95.4715
95.3865
95.3175
95.2645
95.2276
95.2067
95.2019
95.2131
95.2403
95.2081
95.1164
94.9653
94.7547
94.4847
94.1552
93.7663
93.3179
92.8994
92.5108
92.1522
91.8235
91.5247
91.2559
91.0169
90.8079
90.6367
90.5032
90.4076
90.3497
90.3295
90.3472
90.4026
90.4958
90.5517
90.5701
90.5513
90.4950
90.4014
90.2704
90.1020
89.8963
89.6599
89.3930
89.0955
88.7674
88.4087
88.0194
87.5996
87.1491
86.6787
86.1882
85.6779
85.1475
84.5972
84.0269
83.4366
82.8264
82.2940
81.8394
81.4626
81.1636
80.9425
80.7991
80.7336
80.7459
80.9999
81.4957
82.2333
83.2126
84.4337
85.8966
87.6012
89.5476
91.7147
94.1025
96.7110
99.5402
102.5902
105.8608
109.3522
113.0643
116.4951
119.6447
122.5129
125.0998
127.4055
129.4299
131.1730
132.6348
133.8358
134.7760
135.4554
135.8739
136.0317
135.9286
135.5647
134.9400
134.3531
133.8041
133.2929
132.8196
132.3841
131.9864
131.6266
131.3046
130.9574
130.5849
130.1872
129.7642
129.3160
128.8425
128.3438
127.8198
127.1409
126.3070
125.3182
124.1745
122.8758
121.4222
119.8137
118.0502
116.4672
115.0648
113.8428
112.8014
111.9405
111.2601
110.7602
110.4408
110.1351
109.8429
109.5643
109.2994
109.0480
108.8102
108.5860
108.3755
108.1752
107.9854
107.8058
107.6366
107.4777
107.3292
107.1910
107.0632
106.8721
106.6177
106.3001
105.9191
105.4749
104.9675
104.3967
103.7627
103.1616
102.5935
102.0582
101.5559
101.0865
100.6501
100.2466
99.8760
99.4473
98.9604
98.4154
97.8123
97.1510
96.4316
95.6540
94.8183
94.0600
93.3792
92.7757
92.2497
91.8011
91.4299
91.1361
90.9198
90.7055
90.4933
90.2831
90.0751
89.8691
89.6651
89.4633
89.2635
89.0826
88.9208
88.7778
88.6538
88.5488
88.4627
88.3955
88.3473
88.2743
88.1763
88.0536
87.9060
87.7335
87.5362
87.3140
87.0670
86.8327
86.6110
86.4019
86.2055
86.0218
85.8507
85.6922
85.5465
85.3745
85.1764
84.9522
84.7018
84.4253
84.1226
83.7938
83.4388
83.1352
82.8830
82.6822
82.5327
82.4347
82.3880
82.3928
82.4489
82.8071
83.4675
84.4299
85.6945
87.2611
89.1299
91.3008
93.7738
96.4676
99.3823
102.5178
105.8742
109.4514
113.2494
117.2683
121.5081
125.4426
129.0719
132.3960
135.4149
138.1286
140.5371
142.6404
144.4385
145.9295
147.1135
147.9905
148.5604
148.8232
148.7790
148.4278
147.7695
147.1787
146.6553
146.1994
145.8109
145.4898
145.2363
145.0501
144.9314
144.6442
144.1884
143.5641
142.7712
141.8097
140.6798
139.3812
137.9141
136.5286
135.2245
134.0019
132.8609
131.8013
130.8233
129.9268
129.1118
128.2354
127.2979
126.2990
125.2388
124.1174
122.9347
121.6907
120.3854
119.2977
118.4277
117.7754
117.3407
117.1237
117.1243
117.3426
117.7786
118.1151
118.3523
118.4901
118.5285
118.4676
118.3072
118.0475
117.6884
117.3046
116.8962
116.4631
116.0053
115.5228
115.0157
114.4839
113.9275
113.3183
112.6565
111.9419
111.1747
110.3548
109.4822
108.5569
107.5789
106.6702
105.8309
105.0608
104.3600
103.7285
103.1664
102.6735
102.2499
101.8064
101.3429
100.8595
100.3562
99.8329
99.2896
98.7264
98.1433
97.6303
97.1876
96.8150
96.5126
96.2804
96.1184
96.0266
96.0049
95.9451
95.8472
95.7112
95.5370
95.3247
95.0742
94.7856
94.4589
94.1144
93.7521
93.3721
92.9744
92.5589
92.1257
91.6747
91.2060
90.7303
90.2476
89.7580
89.2614
88.7578
88.2473
87.7298
87.2054
86.6988
86.2099
85.7389
85.2857
84.8503
84.4327
84.0329
83.6509
83.3086
83.0062
82.7435
82.5205
82.3374
82.1940
82.0903
82.0265
82.1301
82.4013
82.8399
83.4460
84.2197
85.1608
86.2694
87.5456
89.2787
91.4689
94.1162
97.2204
100.7817
104.8001
109.2754
114.2078
118.6140
122.4939
125.8476
128.6751
130.9764
132.7514
134.0002
134.7227
135.3393
135.8499
136.2545
136.5531
136.7457
136.8323
136.8129
136.6875
136.4411
136.0737
135.5853
134.9758
134.2454
133.3939
132.4214
131.3280
130.2765
129.2670
128.2995
127.3740
126.4905
125.6490
124.8495
124.0921
123.2347
122.2775
121.2205
120.0636
118.8068
117.4502
115.9937
114.4374
113.0573
111.8533
110.8255
109.9739
109.2985
108.7992
108.4761
108.3292
108.2093
108.1163
108.0503
108.0114
107.9994
108.0144
108.0563
108.1253
108.1791
108.2178
108.2414
108.2498
108.2431
108.2212
108.1842
108.1321
108.0362
107.8966
107.7133
107.4862
107.2154
106.9008
106.5425
106.1405
105.7624
105.4082
105.0780
104.7718
104.4895
104.2312
103.9968
103.7864
103.5078
103.1611
102.7461
102.2631
101.7118
101.0924
100.4048
99.6491
98.9743
98.3803
97.8673
97.4352
97.0840
96.8137
96.6243
96.5158
96.3719
96.1926
95.9779
95.7279
95.4424
95.1215
94.7653
94.3736
94.0271
93.7257
93.4694
93.2583
93.0923
92.9714
92.8956
92.8650
92.7650
92.5956
92.3568
92.0487
91.6712
91.2243
90.7081
90.1225
89.5822
89.0873
88.6376
88.2334
87.8744
87.5608
87.2925
87.0695
86.7925
86.4615
86.0765
85.6374
85.1443
84.5972
83.9961
83.3410
82.8443
82.5059
82.3259
82.3043
82.4411
82.7363
83.1899
83.8019
84.7468
86.0247
87.6356
89.5795
91.8563
94.4661
97.4089
100.6846
103.9216
107.1199
110.2794
113.4001
116.4821
119.5253
122.5297
125.4954
128.2892
130.9110
133.3609
135.6388
137.7448
139.6789
141.4410
143.0312
144.2535
145.1078
145.5941
145.7125
145.4629
144.8454
143.8600
142.5066
141.2699
140.1498
139.1464
138.2597
137.4896
136.8362
136.2995
135.8795
135.2649
134.4560
133.4525
132.2546
130.8623
129.2754
127.4942
125.5184
123.6796
121.9779
120.4131
118.9852
117.6944
116.5405
115.5237
114.6438
113.8351
113.0978
112.4317
111.8368
111.3133
110.8610
110.4799
110.1701
109.9207
109.7317
109.6030
109.5346
109.5267
109.5791
109.6918
109.8649
109.9635
109.9875
109.9369
109.8118
109.6122
109.3380
108.9892
108.5659
108.1415
107.7162
107.2898
106.8624
106.4340
106.0046
105.5741
105.1426
104.6728
104.1647
103.6181
103.0333
102.4101
101.7485
101.0486
100.3103
99.5852
98.8734
98.1747
97.4893
96.8171
96.1582
95.5124
94.8799
94.2695
93.6814
93.1155
92.5718
92.0503
91.5511
91.0740
90.6192
90.1827
89.7645
89.3648
88.9833
88.6202
88.2755
87.9491
87.6411
87.3647
87.1200
86.9069
86.7255
86.5757
86.4576
86.3712
86.3164
86.2334
86.1223
85.9830
85.8155
85.6199
85.3961
85.1441
84.8639
84.5794
84.2905
83.9972
83.6996
83.3975
83.0911
82.7804
82.4652
82.1183
81.7396
81.3291
80.8868
80.4128
79.9070
79.3694
78.8000
78.5068
78.4898
78.7491
79.2845
80.0961
81.1840
82.5480
84.1883
86.0349
88.0880
90.3474
92.8132
95.4854
98.3641
101.4491
104.7405
108.1334
111.6278
115.2237
118.9212
122.7201
126.6205
130.6225
134.7260
138.2877
141.3077
143.7860
145.7226
147.1174
147.9705
148.2818
148.0515
147.7875
147.4898
147.1585
146.7936
146.3949
145.9627
145.4968
144.9972
144.4784
143.9403
143.3829
142.8063
142.2104
141.5952
140.9608
140.3071
139.6068
138.8599
138.0664
137.2263
136.3396
135.4063
134.4264
133.3999
132.2415
130.9511
129.5288
127.9746
126.2884
124.4703
122.5202
120.4382
118.5389
116.8224
115.2885
113.9374
112.7690
111.7833
110.9803
110.3600
109.8210
109.3632
108.9866
108.6913
108.4772
108.3444
108.2927
108.3223
108.2833
108.1758
107.9996
107.7548
107.4414
107.0594
106.6088
106.0896
105.5921
105.1162
104.6620
104.2294
103.8185
103.4292
103.0617
102.7157
102.3339
101.9161
101.4623
100.9727
100.4471
99.8856
99.2881
98.6547
98.0372
97.4357
96.8500
96.2803
95.7264
95.1885
94.6665
94.1604
93.6888
93.2518
92.8493
92.4813
92.1479
91.8490
91.5846
91.3548
91.1770
91.0513
90.9776
90.9560
90.9864
91.0688
91.2033
91.3898
91.5032
91.5433
91.5104
91.4042
91.2249
90.9724
90.6468
90.2480
89.8767
89.5330
89.2169
88.9282
88.6672
88.4336
88.2276
88.0492
87.7881
87.4444
87.0180
86.5090
85.9173
85.2430
84.4861
83.6465
82.8800
82.1866
81.5663
81.0191
80.5450
80.1440
79.8162
79.5614
79.5141
79.6745
80.0424
80.6179
81.4010
82.3916
83.5898
84.9955
86.7944
88.9864
91.5715
94.5497
97.9210
101.6854
105.8429
110.3936
114.7139
118.8039
122.6635
126.2929
129.6919
132.8606
135.7990
138.5070
140.8841
142.9304
144.6457
146.0301
147.0837
147.8063
148.1980
148.2588
148.1354
147.8277
147.3358
146.6596
145.7992
144.7546
143.5257
142.1126
140.8290
139.6750
138.6505
137.7556
136.9902
136.3545
135.8482
135.4715
134.9455
134.2700
133.4452
132.4711
131.3475
130.0746
128.6523
127.0806
125.5011
123.9139
122.3188
120.7160
119.1053
117.4869
115.8607
114.2267
112.7515
111.4353
110.2779
109.2794
108.4398
107.7591
107.2373
106.8743
106.5265
106.1938
105.8763
105.5738
105.2865
105.0144
104.7573
104.5154
104.2899
104.0809
103.8884
103.7123
103.5527
103.4095
103.2827
103.1725
103.0427
102.8933
102.7244
102.5360
102.3281
102.1006
101.8536
101.5870
101.2460
100.8307
100.3409
99.7767
99.1382
98.4252
97.6378
96.7760
95.9787
95.2458
94.5774
93.9735
93.4340
92.9590
92.5485
92.2025
91.8269
91.4218
90.9872
90.5232
90.0296
89.5065
88.9539
88.3719
87.8659
87.4362
87.0826
86.8051
86.6038
86.4786
86.4296
86.4568
86.4876
86.5220
86.5601
86.6018
86.6471
86.6961
86.7487
86.8049
86.8000
86.7339
86.6067
86.4183
86.1688
85.8581
85.4863
85.0533
84.6209
84.1893
83.7583
83.3279
82.8982
82.4692
82.0408
81.6131
81.2184
80.8565
80.5277
80.2318
79.9688
79.7388
79.5418
79.3777
79.3055
79.3251
79.4367
79.6402
79.9356
80.3229
80.8021
81.3732
82.4766
84.1124
86.2805
88.9810
92.2138
95.9790
100.2766
105.1065
109.6692
113.9648
117.9933
121.7546
125.2487
128.4758
131.4357
134.1284
136.5631
138.7396
140.6581
142.3185
143.7208
144.8650
145.7512
146.3792
146.8726
147.2314
147.4556
147.5451
147.4999
147.3201
147.0057
146.5567
146.0683
145.5405
144.9733
144.3669
143.7210
143.0358
142.3112
141.5473
140.7223
139.8363
138.8893
137.8812
136.8121
135.6819
134.4907
133.2385
131.9745
130.6987
129.4110
128.1116
126.8004
125.4773
124.1425
122.7958
121.5470
120.3959
119.3426
118.3871
117.5294
116.7695
116.1074
115.5430
115.0713
114.6921
114.4055
114.2116
114.1102
114.1014
114.1852
114.3616
114.4000
114.3003
114.0626
113.6869
113.1731
112.5213
111.7314
110.8036
109.9911
109.2942
108.7127
108.2467
107.8962
107.6611
107.5415
107.5374
107.4121
107.1657
106.7980
106.3091
105.6991
104.9679
104.1155
103.1419
102.2790
101.5267
100.8851
100.3542
99.9339
99.6243
99.4253
99.3370
99.2182
99.0690
98.8893
98.6791
98.4384
98.1673
97.8657
97.5336
97.2166
96.9147
96.6278
96.3559
96.0991
95.8573
95.6306
95.4190
95.1821
94.9199
94.6325
94.3199
93.9820
93.6189
93.2305
92.8169
92.4019
91.9855
91.5677
91.1486
90.7281
90.3062
89.8829
89.4583
89.0214
88.5721
88.1106
87.6367
87.1506
86.6521
86.1414
85.6183
85.1634
84.7765
84.4578
84.2072
84.0247
83.9104
83.8641
83.8860
83.8478
83.7497
83.5916
83.3736
83.0955
82.7575
82.3595
81.9016
82.0064
82.6740
83.9045
85.6977
88.0538
90.9726
94.4543
98.4987
102.4614
106.3422
110.1412
113.8584
117.4937
121.0473
124.5190
127.9089
130.9932
133.7718
136.2448
138.4122
140.2739
141.8300
143.0804
144.0252
144.7276
145.1875
145.4049
145.3799
145.1125
144.6026
143.8502
142.8554
141.8411
140.8073
139.7540
138.6813
137.5890
136.4773
135.3461
134.1954
132.9639
131.6516
130.2585
128.7846
127.2299
125.5944
123.8781
122.0810
120.3775
118.7674
117.2508
115.8278
114.4982
113.2622
112.1196
111.0706
110.1157
109.2548
108.4880
107.8153
107.2367
106.7522
106.3617
106.0653
105.7894
105.5341
105.2992
105.0848
104.8909
104.7176
104.5647
104.4323
104.2504
104.0191
103.7384
103.4081
103.0284
102.5993
102.1207
101.5926
101.0624
100.5300
99.9956
99.4590
98.9202
98.3794
97.8364
97.2913
96.7850
96.3174
95.8886
95.4986
95.1473
94.8348
94.5611
94.3261
94.0794
93.8211
93.5510
93.2692
92.9758
92.6706
92.3538
92.0252
91.7242
91.4508
91.2048
90.9864
90.7955
90.6322
90.4964
90.3882
90.3031
90.2412
90.2024
90.1868
90.1944
90.2251
90.2791
90.3562
90.4523
90.5676
90.7020
90.8554
91.0280
91.2196
91.4304
91.6602
91.8743
92.0727
92.2554
92.4223
92.5735
92.7090
92.8288
92.9329
93.0146
93.0740
93.1110
93.1256
93.1179
93.0878
93.0353
92.9605
92.9131
92.8931
92.9004
92.9352
92.9974
93.0869
93.2038
93.3482
93.5389
93.7760
94.0596
94.3895
94.7659
95.1886
95.6577
96.1733
96.9918
98.1133
99.5378
101.2653
103.2958
105.6293
108.2658
111.2053
114.2506
117.4018
120.6588
124.0216
127.4902
131.0648
134.7451
138.5313
141.7703
144.4623
146.6071
148.2048
149.2553
149.7587
149.7150
149.1242
148.5901
148.1128
147.6922
147.3283
147.0212
146.7708
146.5772
146.4403
146.1434
145.6867
145.0700
144.2933
143.3568
142.2603
141.0038
139.5875
138.1234
136.6115
135.0520
133.4447
131.7897
130.0870
128.3366
126.5384
124.7363
122.9305
121.1207
119.3071
117.4897
115.6684
113.8433
112.0143
110.3323
108.7972
107.4091
106.1680
105.0739
104.1268
103.3266
102.6734
102.1030
101.6155
101.2108
100.8889
100.6499
100.4937
100.4203
100.4298
100.4477
100.4739
100.5085
100.5515
100.6029
100.6627
100.7308
100.8074
100.7566
100.5784
100.2729
99.8401
99.2799
98.5923
97.7775
96.8352
96.0260
95.3499
94.8068
94.3968
94.1198
93.9759
93.9651
94.0873
94.0964
93.9925
93.7755
93.4455
93.0024
92.4462
91.7770
90.9947
90.2576
89.5656
88.9188
88.3171
87.7606
87.2493
86.7832
86.3622
86.0214
85.7610
85.5808
85.4809
85.4612
85.5218
85.6627
85.8838
86.0071
86.0326
85.9603
85.7902
85.5222
85.1564
84.6928
84.1314
83.6501
83.2488
82.9277
82.6867
82.5258
82.4451
82.4444
82.5238
82.5098
82.4024
82.2015
81.9072
81.5194
81.0383
80.4637
79.7956
79.1910
78.6498
78.1721
77.7578
77.4069
77.1194
76.8954
76.7348
76.5357
76.2982
76.0223
75.7079
75.3551
74.9638
74.5341
74.0660
74.4174
75.5883
77.5788
80.3888
84.0183
88.4674
93.7361
99.8242
105.5244
110.8367
115.7610
120.2974
124.4458
128.2063
131.5788
134.5634
137.3374
139.9009
142.2539
144.3964
146.3284
148.0498
149.5608
150.8612
151.8738
152.5985
153.0355
153.1846
153.0459
152.6193
151.9050
150.9028
149.9063
148.9156
147.9305
146.9511
145.9774
145.0094
144.0471
143.0905
142.0471
140.9168
139.6998
138.3959
137.0051
135.5276
133.9632
132.3120
130.6859
129.0851
127.5094
125.9589
124.4336
122.9334
121.4584
120.0086
118.6420
117.3587
116.1585
115.0416
114.0079
113.0574
112.1902
111.4061
110.7589
110.2484
109.8747
109.6377
109.5375
109.5741
109.7475
110.0576
110.3145
110.5182
110.6686
110.7657
110.8096
110.8003
110.7377
110.6218
110.4991
110.3694
110.2329
110.0894
109.9391
109.7818
109.6177
109.4466
109.2155
108.9243
108.5730
108.1617
107.6903
107.1588
106.5673
105.9157
105.3103
104.7510
104.2380
103.7712
103.3505
102.9761
102.6478
102.3657
102.0844
101.8037
101.5237
101.2444
100.9658
100.6879
100.4107
100.1342
99.8470
99.5490
99.2402
98.9207
98.5904
98.2494
97.8977
97.5352
97.2504
97.0433
96.9139
96.8623
96.8884
96.9922
97.1737
97.4329
97.5763
97.6036
97.5151
97.3106
96.9902
96.5539
96.0016
95.3334
94.6670
94.0023
93.3394
92.6783
92.0189
91.3614
90.7055
90.0515
89.4051
88.7663
88.1351
87.5115
86.8956
86.2873
85.6866
85.0935
84.4725
83.8236
83.1468
82.4421
81.7095
80.9490
80.1606
79.3443
79.3585
80.2033
81.8786
84.3845
87.7210
91.8880
96.8856
102.7137
107.9906
112.7162
116.8906
120.5137
123.5856
126.1062
128.0755
129.4936
130.9555
132.4612
134.0106
135.6038
137.2408
138.9216
140.6461
142.4145
143.8829
145.0515
145.9202
146.4890
146.7579
146.7270
146.3961
145.7654
145.0977
144.3930
143.6514
142.8728
142.0572
141.2046
140.3151
139.3885
138.4307
137.4416
136.4212
135.3695
134.2864
133.1721
132.0265
130.8496
129.5537
128.1389
126.6051
124.9524
123.1807
121.2900
119.2804
117.1519
115.2066
113.4447
111.8660
110.4706
109.2585
108.2297
107.3842
106.7220
106.1279
105.6019
105.1440
104.7543
104.4327
104.1793
103.9939
103.8767
103.7842
103.7166
103.6737
103.6556
103.6622
103.6936
103.7498
103.8308
103.7992
103.6550
103.3982
103.0289
102.5470
101.9525
101.2454
100.4257
99.6049
98.7828
97.9595
97.1350
96.3094
95.4825
94.6544
93.8251
93.0147
92.2231
91.4504
90.6966
89.9616
89.2455
88.5483
87.8700
87.2577
86.7116
86.2316
85.8177
85.4699
85.1882
84.9726
84.8232
84.6272
84.3846
84.0956
83.7599
83.3777
82.9490
82.4737
81.9519
81.4361
80.9264
80.4228
79.9253
79.4338
78.9484
78.4691
77.9959
77.4935
76.9621
76.4016
75.8119
75.1931
74.5453
73.8683
73.1623
72.5578
72.0549
71.6537
71.3540
71.1559
71.0595
71.0646
71.1714
71.3122
71.4873
71.6965
71.9398
72.2173
72.5289
72.8747
73.2546
73.8341
74.6131
75.5917
76.7699
78.1476
79.7249
81.5017
83.4781
85.2171
86.7187
87.9829
89.0098
89.7992
90.3512
90.6659
90.7432
91.8525
93.9941
97.1677
101.3735
106.6114
112.8815
120.1836
128.5179
135.7637
141.9209
146.9896
150.9697
153.8613
155.6644
156.3789
156.0048
155.6396
155.2832
154.9357
154.5970
154.2672
153.9461
153.6340
153.3306
152.9942
152.6246
152.2219
151.7861
151.3172
150.8152
150.2801
149.7119
149.1728
148.6629
148.1822
147.7307
147.3084
146.9152
146.5512
146.2164
145.4469
144.2427
142.6039
140.5303
138.0221
135.0792
131.7016
127.8893
124.7006
122.1354
120.1937
118.8756
118.1810
118.1099
118.6624
119.8384
120.7192
121.3049
121.5954
121.5907
121.2909
120.6958
119.8056
118.6203
117.5411
116.5681
115.7014
114.9408
114.2865
113.7383
113.2964
112.9606
112.5311
112.0078
111.3907
110.6798
109.8752
108.9767
107.9845
106.8984
105.8068
104.7095
103.6065
102.4979
101.3837
100.2638
99.1383
98.0071
96.9586
95.9926
95.1093
94.3086
93.5905
92.9550
92.4021
91.9319
91.5436
91.2372
91.0129
90.8704
90.8100
90.8314
90.9349
91.1203
91.2422
91.3007
91.2957
91.2273
91.0954
90.9001
90.6413
90.3191
90.0249
89.7588
89.5209
89.3110
89.1292
88.9755
88.8499
88.7524
88.6585
88.5684
88.4818
88.3990
88.3198
88.2443
88.1725
88.1043
87.9312
87.6531
87.2701
86.7821
86.1892
85.4913
84.6885
83.7807
82.9949
82.3311
81.7893
81.3695
81.0717
80.8958
80.8420
80.9101
81.0839
81.3634
81.7486
82.2395
82.8360
83.5383
84.3462
85.2599
88.7726
94.8846
103.5956
114.9059
123.5916
129.6527
133.0893
133.9013
134.6866
135.4451
136.1768
136.8817
137.5599
138.2112
138.8358
139.4337
140.0798
140.7744
141.5172
142.3084
143.1479
144.0358
144.9720
145.9566
146.8162
147.5508
148.1605
148.6452
149.0050
149.2398
149.3496
149.3345
149.0467
148.4862
147.6531
146.5472
145.1687
143.5175
141.5935
139.3969
137.1172
134.7545
132.3086
129.7796
127.1676
124.4724
121.6942
118.8329
116.4146
114.4395
112.9074
111.8183
111.1724
110.9695
111.2097
111.8929
112.2523
112.2878
111.9995
111.3872
110.4511
109.1911
107.6072
105.6994
104.0929
102.7877
101.7838
101.0812
100.6799
100.5799
100.7811
101.2837
101.6807
101.9721
102.1580
102.2383
102.2130
102.0821
101.8457
101.5037
101.1348
100.7390
100.3162
99.8666
99.3900
98.8865
98.3561
97.7987
97.2570
96.7309
96.2205
95.7257
95.2465
94.7829
94.3350
93.9027
93.4875
93.0893
92.7083
92.3444
91.9976
91.6678
91.3552
91.0597
90.7430
90.4051
90.0460
89.6658
89.2643
88.8417
88.3980
87.9330
87.5233
87.1688
86.8696
86.6256
86.4369
86.3034
86.2251
86.2021
86.1794
86.1570
86.1350
86.1133
86.0919
86.0709
86.0502
86.0299
85.9865
85.9201
85.8307
85.7182
85.5827
85.4242
85.2427
85.0381
84.8066
84.5482
84.2628
83.9504
83.6111
83.2448
82.8516
82.4314
82.0275
81.6400
81.2687
80.9137
80.5750
80.2526
79.9465
79.6567
79.3744
79.0995
78.8320
78.5719
78.3193
78.0741
77.8363
77.6060
78.1655
79.5151
81.6545
84.5839
88.3032
92.8124
98.1116
104.2006
109.7287
114.6957
119.1016
122.9465
126.2303
128.9531
131.1148
132.7155
134.1950
135.5535
136.7908
137.9070
138.9021
139.7761
140.5289
141.1607
141.6029
141.8557
141.9190
141.7927
141.4770
140.9718
140.2772
139.3930
138.4882
137.5627
136.6166
135.6499
134.6625
133.6545
132.6258
131.5765
130.4487
129.2425
127.9578
126.5946
125.1530
123.6329
122.0344
120.3574
118.7933
117.3420
116.0036
114.7781
113.6654
112.6656
111.7787
111.0046
110.3637
109.8561
109.4817
109.2405
109.1325
109.1578
109.3163
109.6080
109.8538
110.0538
110.2079
110.3161
110.3785
110.3950
110.3656
110.2904
110.1938
110.0759
109.9366
109.7759
109.5939
109.3905
109.1658
108.9197
108.6523
108.3635
108.0533
107.7217
107.3688
106.9945
106.5988
106.1818
105.7601
105.3339
104.9029
104.4674
104.0272
103.5824
103.1330
102.6789
102.1327
101.4943
100.7637
99.9409
99.0260
98.0189
96.9196
95.7282
94.7056
93.8519
93.1670
92.6510
92.3038
92.1255
92.1160
92.2755
92.3406
92.3115
92.1880
91.9704
91.6584
91.2522
90.7517
90.1569
89.5970
89.0719
88.5816
88.1261
87.7055
87.3197
86.9687
86.6525
86.3058
85.9286
85.5208
85.0825
84.6137
84.1144
83.5845
83.0241
82.5484
82.1574
81.8511
81.6296
81.4927
81.4405
81.4731
81.5903
81.5917
81.4771
81.2468
80.9005
80.4383
79.8603
79.1664
78.3566
78.6416
80.0212
82.4957
86.0648
90.7287
96.4873
103.3407
111.2888
118.2832
124.3240
129.4112
133.5447
136.7245
138.9507
140.2232
140.5421
141.0267
141.6769
142.4927
143.4742
144.6213
145.9341
147.4125
149.0566
150.4175
151.4952
152.2898
152.8012
153.0295
152.9745
152.6364
152.0152
151.3742
150.7133
150.0327
149.3323
148.6121
147.8722
147.1124
146.3328
145.3972
144.3054
143.0576
141.6536
140.0935
138.3773
136.5051
134.4767
132.5069
130.5959
128.7435
126.9498
125.2147
123.5383
121.9206
120.3615
118.9019
117.5418
116.2812
115.1200
114.0584
113.0962
112.2336
111.4704
110.8169
110.2730
109.8387
109.5142
109.2992
109.1940
109.1983
109.3124
109.3535
109.3218
109.2171
109.0396
108.7892
108.4659
108.0696
107.6006
107.1038
106.5793
106.0271
105.4473
104.8397
104.2045
103.5416
102.8509
102.1550
101.4538
100.7473
100.0355
99.3185
98.5961
97.8684
97.1355
96.3857
95.6190
94.8355
94.0351
93.2178
92.3837
91.5328
90.6649
89.8621
89.1241
88.4511
87.8431
87.3000
86.8218
86.4086
86.0603
85.7295
85.4162
85.1204
84.8421
84.5812
84.3379
84.1120
83.9036
83.6989
83.4978
83.3004
83.1067
82.9167
82.7303
82.5476
82.3685
82.1676
81.9448
81.7000
81.4333
81.1448
80.8343
80.5019
80.1476
79.8113
79.4929
79.1925
78.9100
78.6454
78.3988
78.1702
77.9595
77.7355
77.4982
77.2477
76.9839
76.7068
76.4165
76.1128
75.7959
75.9056
76.4419
77.4048
78.7943
80.6103
82.8530
85.5223
88.6181
91.9880
95.6320
99.5499
103.7419
108.2079
112.9480
117.9621
123.2502
128.0125
132.2492
135.9602
139.1454
141.8049
143.9387
145.5468
146.6292
147.5547
148.3233
148.9350
149.3899
149.6878
149.8289
149.8131
149.6404
149.3819
149.0376
148.6074
148.0915
147.4897
146.8021
146.0288
145.1695
144.2768
143.3505
142.3907
141.3973
140.3703
139.3099
138.2159
137.0883
135.9208
134.7132
133.4658
132.1783
130.8508
129.4834
128.0760
126.6286
125.2184
123.8453
122.5093
121.2105
119.9489
118.7244
117.5370
116.3868
115.3076
114.2994
113.3622
112.4960
111.7008
110.9766
110.3234
109.7412
109.2265
108.7791
108.3992
108.0868
107.8417
107.6641
107.5539
107.5112
107.4118
107.2556
107.0427
106.7732
106.4469
106.0639
105.6242
105.1278
104.5961
104.0289
103.4265
102.7886
102.1154
101.4069
100.6629
99.8837
99.1183
98.3668
97.6292
96.9055
96.1957
95.4999
94.8179
94.1498
93.4941
92.8508
92.2200
91.6015
90.9955
90.4019
89.8207
89.2519
88.7122
88.2017
87.7202
87.2678
86.8446
86.4504
86.0854
85.7494
85.4270
85.1183
84.8231
84.5416
84.2736
84.0193
83.7785
83.5513
83.3099
83.0543
82.7845
82.5004
82.2021
81.8896
81.5629
81.2220
80.8822
80.5436
80.2062
79.8700
79.5350
79.2012
78.8686
78.5372
78.2393
77.9751
77.7444
77.5473
77.3839
77.2540
77.1577
77.0949
77.3921
78.0493
79.0663
80.4433
82.1802
84.2770
86.7338
89.5505
92.5521
95.7385
99.1098
102.6661
106.4072
110.3332
114.4440
118.7398
122.6163
126.0737
129.1118
131.7307
133.9304
135.7109
137.0721
138.0142
138.8387
139.5457
140.1351
140.6071
140.9614
141.1982
141.3175
141.3193
141.2597
141.1389
140.9567
140.7132
140.4085
140.0424
139.6151
139.1264
138.5389
137.8527
137.0676
136.1838
135.2011
134.1197
132.9394
131.6604
130.3781
129.0927
127.8041
126.5122
125.2172
123.9189
122.6174
121.3128
120.0183
118.7341
117.4600
116.1962
114.9426
113.6992
112.4660
111.2430
110.2188
109.3935
108.7671
108.3396
108.1109
108.0810
108.2501
108.6180
108.8975
109.0887
109.1916
109.2061
109.1323
108.9702
108.7197
108.3809
108.0661
107.7753
107.5084
107.2655
107.0466
106.8517
106.6808
106.5338
106.3021
105.9856
105.5844
105.0983
104.5276
103.8721
103.1318
102.3067
101.5503
100.8626
100.2435
99.6931
99.2114
98.7983
98.4539
98.1781
97.8749
97.5442
97.1861
96.8004
96.3873
95.9467
95.4787
94.9832
94.5106
94.0610
93.6344
93.2308
92.8502
92.4925
92.1578
91.8461
91.5413
91.2435
90.9527
90.6689
90.3921
90.1222
89.8593
89.6034
89.3571
89.1203
88.8932
88.6757
88.4678
88.2694
88.0807
87.9016
87.7091
87.5034
87.2843
87.0519
86.8062
86.5472
86.2749
85.9893
85.6965
85.3966
85.0896
84.7753
84.4540
84.1255
83.7898
83.4470
83.5182
84.0033
84.9024
86.2154
87.9425
90.0834
92.6384
95.6073
98.6402
101.7370
104.8978
108.1226
111.4113
114.7640
118.1807
121.6613
124.7694
127.5052
129.8686
131.8596
133.4781
134.7242
135.5980
136.0993
136.5367
136.9103
137.2200
137.4659
137.6478
137.7659
137.8202
137.8105
137.7055
137.5052
137.2096
136.8186
136.3323
135.7506
135.0736
134.3013
133.5318
132.7651
132.0013
131.2403
130.4821
129.7267
128.9742
128.2245
127.3220
126.2668
125.0587
123.6979
122.1843
120.5180
118.6988
116.7269
115.0073
113.5401
112.3253
111.3628
110.6526
110.1948
109.9894
110.0363
110.0295
109.9689
109.8545
109.6863
109.4644
109.1886
108.8591
108.4759
108.1673
107.9333
107.7740
107.6894
107.6795
107.7442
107.8836
108.0976
108.1810
108.1338
107.9559
107.6473
107.2081
106.6382
105.9377
105.1066
104.2959
103.5057
102.7359
101.9867
101.2579
100.5495
99.8617
99.1943
98.5847
98.0327
97.5384
97.1018
96.7229
96.4017
96.1382
95.9324
95.6918
95.4166
95.1066
94.7620
94.3826
93.9685
93.5197
93.0362
92.6013
92.2150
91.8773
91.5883
91.3478
91.1560
91.0128
90.9182
90.8096
90.6872
90.5508
90.4004
90.2362
90.0580
89.8658
89.6597
89.4574
89.2589
89.0641
88.8730
88.6857
88.5022
88.3224
88.1463
87.8992
87.5810
87.1918
86.7315
86.2001
85.5976
84.9241
84.1795
83.6323
83.2827
83.1305
83.1757
83.4184
83.8586
84.4963
85.3314
86.5226
88.0698
89.9731
92.2325
94.8480
97.8195
101.1471
104.8307
108.3418
111.6804
114.8464
117.8398
120.6607
123.3091
125.7849
128.0881
130.1595
131.9991
133.6067
134.9825
136.1265
137.0386
137.7188
138.1672
138.4658
138.6145
138.6135
138.4626
138.1619
137.7113
137.1110
136.3608
135.6488
134.9749
134.3392
133.7415
133.1821
132.6607
132.1775
131.7324
131.2122
130.6168
129.9462
129.2004
128.3795
127.4834
126.5122
125.4657
124.4162
123.3637
122.3081
121.2495
120.1878
119.1231
118.0553
116.9845
115.9063
114.8207
113.7277
112.6273
111.5195
110.4044
109.2819
108.1519
107.1790
106.3630
105.7040
105.2020
104.8570
104.6689
104.6378
104.7637
104.8643
104.9398
104.9900
105.0151
105.0149
104.9895
104.9388
104.8630
104.7418
104.5751
104.3630
104.1055
103.8025
103.4541
103.0604
102.6212
102.1698
101.7062
101.2305
100.7426
100.2425
99.7303
99.2059
98.6693
98.1636
97.6888
97.2449
96.8319
96.4498
96.0985
95.7782
95.4887
95.2095
94.9405
94.6818
94.4332
94.1949
93.9669
93.7490
93.5414
93.3236
93.0956
92.8574
92.6090
92.3503
92.0815
91.8024
91.5132
91.1940
90.8448
90.4657
90.0566
89.6176
89.1486
88.6497
88.1208
87.6789
87.3239
87.0558
86.8747
86.7806
86.7734
86.8532
87.0199
87.1470
87.2345
87.2824
87.2907
87.2594
87.1886
87.0781
86.9280
87.0032
87.3035
87.8289
88.5796
89.5554
90.7564
92.1826
93.8340
95.7169
97.8314
100.1775
102.7551
105.5643
108.6050
111.8773
115.3812
118.7373
121.9457
125.0063
127.9191
130.6841
133.3014
135.7709
138.0927
140.0898
141.7623
143.1103
144.1336
144.8323
145.2064
145.2559
144.9808
144.6314
144.2078
143.7098
143.1376
142.4910
141.7702
140.9751
140.1057
139.2396
138.3766
137.5168
136.6603
135.8070
134.9569
134.1100
133.2663
132.3160
131.2591
130.0955
128.8254
127.4486
125.9653
124.3753
122.6787
121.0558
119.5067
118.0314
116.6299
115.3021
114.0481
112.8678
111.7614
110.7479
109.8275
109.0001
108.2658
107.6245
107.0762
106.6209
106.2587
105.9455
105.6812
105.4660
105.2997
105.1824
105.1141
105.0948
105.1244
105.1120
105.0574
104.9608
104.8220
104.6411
104.4181
104.1530
103.8458
103.4942
103.0983
102.6581
102.1735
101.6447
101.0714
100.4539
99.7920
99.0975
98.3704
97.6108
96.8185
95.9936
95.1362
94.2461
93.3235
92.4533
91.6355
90.8701
90.1571
89.4965
88.8883
88.3326
87.8292
87.3820
86.9910
86.6560
86.3773
86.1547
85.9882
85.8778
85.8237
85.7037
85.5179
85.2663
84.9488
84.5656
84.1166
83.6018
83.0212
82.5037
82.0494
81.6582
81.3303
81.0654
80.8638
80.7253
80.6500
80.5574
80.4477
80.3207
80.1766
80.0152
79.8366
79.6408
79.4278
79.3180
79.3112
79.4076
79.6071
79.9097
80.3154
80.8242
81.4362
82.4759
83.9435
85.8389
88.1621
90.9130
94.0918
97.6984
101.7328
105.6248
109.3744
112.9815
116.4463
119.7686
122.9485
125.9860
128.8811
131.4630
133.7317
135.6871
137.3294
138.6585
139.6743
140.3770
140.7665
141.0641
141.2700
141.3841
141.4065
141.3370
141.1758
140.9228
140.5780
140.1303
139.5798
138.9263
138.1700
137.3108
136.3488
135.2838
134.1160
132.9734
131.8561
130.7640
129.6971
128.6555
127.6391
126.6479
125.6820
124.6405
123.5235
122.3310
121.0629
119.7193
118.3002
116.8055
115.2353
113.8232
112.5692
111.4735
110.5358
109.7563
109.1349
108.6717
108.3666
108.0997
107.8708
107.6800
107.5273
107.4128
107.3363
107.2979
107.2977
107.2156
107.0517
106.8061
106.4786
106.0694
105.5783
105.0055
104.3508
103.6995
103.0515
102.4069
101.7656
101.1276
100.4930
99.8617
99.2338
98.6249
98.0352
97.4645
96.9130
96.3806
95.8672
95.3730
94.8979
94.4086
93.9052
93.3877
92.8561
92.3103
91.7504
91.1763
90.5881
90.0536
89.5727
89.1454
88.7718
88.4519
88.1855
87.9728
87.8138
87.6405
87.4529
87.2511
87.0349
86.8045
86.5599
86.3009
86.0277
85.7812
85.5614
85.3684
85.2020
85.0624
84.9495
84.8633
84.8039
84.6986
84.5475
84.3506
84.1080
83.8195
83.4852
83.1051
82.6792
82.2690
81.8745
81.4956
81.1325
80.7851
80.4534
80.1373
79.8370
79.8935
80.3067
81.0768
82.2037
83.6874
85.5280
87.7253
90.2794
93.0280
95.9711
99.1086
102.4406
105.9671
109.6881
113.6035
117.7134
121.5607
125.1455
128.4677
131.5274
134.3245
136.8591
139.1311
141.1405
142.8481
144.2537
145.3574
146.1592
146.6590
146.8570
146.7530
146.3472
145.9899
145.6812
145.4211
145.2096
145.0467
144.9324
144.8667
144.8495
144.6047
144.1321
143.4319
142.5039
141.3481
139.9647
138.3535
136.5146
134.7655
133.1062
131.5367
130.0569
128.6669
127.3667
126.1563
125.0356
123.8762
122.6779
121.4408
120.1648
118.8500
117.4965
116.1041
114.6728
113.4510
112.4385
111.6353
111.0416
110.6572
110.4822
110.5165
110.7603
110.8955
110.9223
110.8407
110.6506
110.3521
109.9451
109.4296
108.8057
108.2565
107.7820
107.3823
107.0572
106.8069
106.6313
106.5304
106.5042
106.3689
106.1245
105.7710
105.3083
104.7365
104.0557
103.2656
102.3665
101.5771
100.8975
100.3277
99.8676
99.5173
99.2768
99.1460
99.1250
99.0849
99.0256
98.9473
98.8497
98.7331
98.5973
98.4425
98.2684
98.1123
97.9742
97.8539
97.7516
97.6672
97.6007
97.5521
97.5215
97.4527
97.3458
97.2008
97.0177
96.7964
96.5371
96.2396
95.9040
95.5223
95.0946
94.6208
94.1009
93.5350
92.9230
92.2650
91.5609
90.9473
90.4241
89.9915
89.6493
89.3976
89.2363
89.1656
89.1853
89.0570
88.7805
88.3560
87.7834
87.0627
86.1940
85.1772
84.0123
83.3091
83.0677
83.2881
83.9702
85.1141
86.7197
88.7871
91.3162
93.9524
96.6955
99.5456
102.5027
105.5667
108.7377
112.0158
115.4008
118.6328
121.7118
124.6378
127.4108
130.0308
132.4978
134.8119
136.9729
138.8357
140.4002
141.6666
142.6347
143.3045
143.6761
143.7496
143.5247
143.1680
142.6794
142.0589
141.3065
140.4223
139.4061
138.2581
136.9782
135.8589
134.9003
134.1023
133.4651
132.9884
132.6724
132.5171
132.5225
132.2731
131.7690
131.0101
129.9966
128.7283
127.2053
125.4275
123.3950
121.5699
119.9520
118.5415
117.3383
116.3424
115.5538
114.9725
114.5986
114.2512
113.9306
113.6365
113.3691
113.1283
112.9142
112.7267
112.5658
112.2700
111.8394
111.2739
110.5734
109.7381
108.7679
107.6628
106.4228
105.2677
104.1975
103.2121
102.3116
101.4959
100.7651
100.1192
99.5581
98.9134
98.1850
97.3729
96.4771
95.4976
94.4344
93.2876
92.0571
90.9354
89.9226
89.0185
88.2234
87.5370
86.9596
86.4909
86.1311
85.7961
85.4859
85.2005
84.9399
84.7041
84.4931
84.3070
84.1456
84.0611
84.0534
84.1226
84.2687
84.4916
84.7913
85.1679
85.6214
86.0510
86.4568
86.8388
87.1969
87.5313
87.8418
88.1285
88.3914
88.5910
88.7272
88.8002
88.8099
88.7563
88.6394
88.4592
88.2158
88.0191
87.8694
87.7665
87.7104
87.7013
87.7390
87.8235
87.9549
88.0389
88.0753
88.0643
88.0058
87.8998
87.7463
87.5454
87.2969
87.0476
86.7975
86.5464
86.2946
86.0418
85.7882
85.5338
85.2785
85.5672
86.3999
87.7767
89.6975
92.1623
95.1711
98.7240
102.8209
106.6841
110.3138
113.7099
116.8723
119.8012
122.4964
124.9581
127.1861
129.2113
131.0335
132.6529
134.0694
135.2829
136.2936
137.1014
137.7063
138.1539
138.4442
138.5773
138.5530
138.3715
138.0326
137.5365
136.8831
136.1687
135.3935
134.5574
133.6603
132.7024
131.6836
130.6038
129.4632
128.3197
127.1735
126.0245
124.8727
123.7180
122.5606
121.4004
120.2374
119.1149
118.0330
116.9916
115.9907
115.0304
114.1106
113.2313
112.3925
111.6423
110.9807
110.4075
109.9229
109.5269
109.2194
109.0004
108.8699
108.7497
108.6399
108.5402
108.4509
108.3719
108.3031
108.2446
108.1964
108.1251
108.0305
107.9128
107.7719
107.6078
107.4205
107.2101
106.9765
106.7262
106.4593
106.1758
105.8757
105.5590
105.2256
104.8756
104.5089
104.0544
103.5119
102.8816
102.1633
101.3571
100.4630
99.4810
98.4111
97.3715
96.3623
95.3834
94.4348
93.5166
92.6288
91.7713
90.9441
90.1812
89.4824
88.8479
88.2776
87.7715
87.3296
86.9519
86.6385
86.4093
86.2643
86.2035
86.2269
86.3346
86.5265
86.8027
87.1630
87.4334
87.6137
87.7039
87.7041
87.6143
87.4344
87.1645
86.8046
86.5011
86.2540
86.0634
85.9292
85.8514
85.8301
85.8652
85.9567
85.7043
85.1078
84.1673
82.8828
81.2543
79.2818
76.9653
74.3048
72.9922
73.0275
74.4107
77.1419
81.2210
86.6480
93.4230
101.5459
108.7251
114.9608
120.2529
124.6013
128.0061
130.4673
131.9849
132.5589
133.1128
133.6465
134.1601
134.6536
135.1270
135.5803
136.0134
136.4264
136.8742
137.3566
137.8739
138.4258
139.0125
139.6339
140.2901
140.9810
141.6148
142.1915
142.7112
143.1739
143.5795
143.9280
144.2194
144.4538
144.4362
144.1665
143.6447
142.8709
141.8450
140.5671
139.0371
137.2550
135.4329
133.5707
131.6684
129.7261
127.7437
125.7212
123.6586
121.5560
119.7434
118.2208
116.9882
116.0457
115.3932
115.0307
114.9583
115.1759
115.2269
115.1114
114.8293
114.3806
113.7654
112.9836
112.0352
110.9203
109.9956
109.2610
108.7167
108.3625
108.1986
108.2248
108.4413
108.8479
109.0742
109.1202
108.9859
108.6712
108.1762
107.5010
106.6453
105.6094
104.6771
103.8484
103.1233
102.5018
101.9839
101.5696
101.2590
101.0519
100.7520
100.3594
99.8740
99.2958
98.6248
97.8610
97.0044
96.0550
95.1136
94.1800
93.2545
92.3368
91.4271
90.5253
89.6314
88.7455
87.9968
87.3854
86.9113
86.5745
86.3749
86.3126
86.3876
86.5998
86.7147
86.7324
86.6528
86.4758
86.2016
85.8301
85.3613
84.7952
84.3258
83.9529
83.6767
83.4971
83.4142
83.4278
83.5381
83.7450
83.8970
83.9940
84.0360
84.0230
83.9550
83.8321
83.6542
83.4213
83.3172
83.3418
83.4952
83.7772
84.1881
84.7276
85.3959
86.1930
86.5708
86.5295
86.0690
85.1893
83.8904
82.1724
80.0351
77.4787
76.4876
77.0617
79.2011
82.9058
88.4021
95.6901
104.7697
115.6409
124.6666
131.8466
137.1810
140.6699
142.7630
143.4605
142.7623
140.6684
138.9826
137.7049
136.8354
136.3740
136.3207
136.6755
137.4384
138.6094
139.5615
140.2946
140.8088
141.1040
141.1802
141.0375
140.6758
140.0951
139.6010
139.1933
138.8721
138.6374
138.4892
138.4275
138.4523
138.5636
138.4980
138.2558
137.8367
137.2409
136.4683
135.5190
134.3929
133.0900
131.5004
129.6241
127.4612
125.0116
122.2753
119.2523
115.9426
112.3463
109.3348
106.9082
105.0663
103.8094
103.1372
103.0499
103.5475
104.6298
105.6169
106.5087
107.3052
108.0063
108.6122
109.1228
109.5381
109.8580
110.1290
110.3511
110.5241
110.6482
110.7233
110.7494
110.7266
110.6548
110.6349
110.6669
110.7509
110.8868
111.0746
111.3144
111.6061
111.9498
112.0614
111.9411
111.5887
111.0044
110.1880
109.1397
107.8593
106.3470
105.0725
104.0360
103.2373
102.6766
102.3538
102.2689
102.4219
102.8128
103.1137
103.3245
103.4452
103.4759
103.4165
103.2671
103.0276
102.6981
102.3488
101.9798
101.5911
101.1827
100.7546
100.3068
99.8393
99.3521
98.8831
98.4324
97.9999
97.5857
97.1898
96.8121
96.4527
96.1116
95.7824
95.4652
95.1600
94.8667
94.5854
94.3161
94.0587
93.8133
93.4459
92.9565
92.3451
91.6117
90.7563
89.7790
88.6796
87.4583
86.3562
85.3734
84.5100
83.7658
83.1409
82.6353
82.2489
81.9819
81.6083
81.1280
80.5412
79.8477
79.0477
78.1410
77.1278
76.0079
75.3021
75.0102
75.1324
75.6686
76.6189
77.9831
79.7613
81.9536
84.2321
86.5967
89.0476
91.5846
94.2078
96.9173
99.7129
102.5947
105.3714
108.0430
110.6096
113.0710
115.4273
117.6785
119.8246
121.8657
123.7268
125.4080
126.9094
128.2309
129.3725
130.3342
131.1160
131.7179
132.2763
132.7910
133.2622
133.6898
134.0738
134.4142
134.7110
134.9642
135.2562
135.5870
135.9565
136.3648
136.8119
137.2978
137.8225
138.3859
138.8129
139.1035
139.2577
139.2756
139.1570
138.9020
138.5107
137.9829
137.2816
136.4068
135.3585
134.1367
132.7414
131.1725
129.4302
127.5143
125.7737
124.2083
122.8183
121.6034
120.5639
119.6996
119.0106
118.4968
117.9080
117.2440
116.5050
115.6910
114.8018
113.8376
112.7983
111.6839
110.5890
109.5136
108.4577
107.4213
106.4043
105.4068
104.4288
103.4703
102.6063
101.8367
101.1616
100.5809
100.0947
99.7030
99.4057
99.2029
98.9061
98.5154
98.0307
97.4522
96.7796
96.0132
95.1528
94.1984
93.3634
92.6476
92.0512
91.5740
91.2161
90.9775
90.8582
90.8582
90.7890
90.6507
90.4431
90.1664
89.8205
89.4055
88.9212
88.3678
87.9526
87.6757
87.5371
87.5367
87.6746
87.9508
88.3652
88.9179
89.3430
89.6404
89.8102
89.8523
89.7668
89.5537
89.2129
88.7445
88.2865
87.8389
87.4017
86.9749
86.5585
86.1524
85.7568
85.3716
84.9258
84.4194
83.8524
83.2248
82.5366
81.7878
80.9785
80.1085
79.2639
78.4447
77.6509
76.8824
76.1394
75.4216
74.7293
74.0623
73.4093
72.7703
72.1452
71.5341
70.9369
70.3536
69.7844
69.2291
69.4327
70.3954
72.1171
74.5978
77.8376
81.8363
86.5940
92.1107
97.1429
101.6905
105.7535
109.3320
112.4259
115.0353
117.1601
118.8003
120.5714
122.4734
124.5062
126.6698
128.9643
131.3897
133.9459
136.6330
138.8755
140.6735
142.0269
142.9358
143.4002
143.4200
142.9953
142.1261
141.3958
140.8044
140.3520
140.0385
139.8640
139.8284
139.9318
140.1741
140.1424
139.8366
139.2568
138.4030
137.2751
135.8731
134.1971
132.2471
130.3407
128.4780
126.6589
124.8835
123.1517
121.4636
119.8191
118.2183
116.7896
115.5329
114.4484
113.5360
112.7957
112.2275
111.8314
111.6074
111.3906
111.1810
110.9786
110.7834
110.5953
110.4145
110.2409
110.0745
109.9489
109.8640
109.8199
109.8166
109.8541
109.9323
110.0513
110.2111
110.2401
110.1382
109.9054
109.5418
109.0473
108.4220
107.6659
106.7789
105.9574
105.2016
104.5114
103.8868
103.3278
102.8344
102.4066
102.0444
101.6294
101.1618
100.6415
100.0684
99.4427
98.7642
98.0330
97.2491
96.5926
96.0633
95.6614
95.3869
95.2396
95.2197
95.3272
95.5619
95.7823
95.9882
96.1796
96.3567
96.5193
96.6675
96.8013
96.9206
97.0138
97.0809
97.1218
97.1366
97.1253
97.0878
97.0241
96.9343
96.7545
96.4845
96.1244
95.6743
95.1340
94.5037
93.7832
92.9727
92.2782
91.7000
91.2378
90.8918
90.6619
90.5482
90.5506
90.6691
90.7912
90.9167
91.0458
91.1784
91.3146
91.4542
91.5974
91.7441
92.1957
92.9524
94.0141
95.3807
97.0524
99.0290
101.3107
103.8973
106.6655
109.6152
112.7465
116.0594
119.5539
123.2299
127.0874
131.1266
134.7219
137.8735
140.5812
142.8452
144.6654
146.0419
146.9745
147.4633
147.8244
148.0577
148.1632
148.1409
147.9909
147.7131
147.3074
146.7741
146.1887
145.5513
144.8619
144.1205
143.3272
142.4818
141.5844
140.6351
139.5792
138.4168
137.1479
135.7724
134.2905
132.7020
131.0070
129.2055
127.4999
125.8901
124.3762
122.9581
121.6359
120.4096
119.2791
118.2445
117.2101
116.1759
115.1418
114.1078
113.0741
112.0405
111.0071
109.9738
109.1170
108.4367
107.9328
107.6054
107.4545
107.4800
107.6820
108.0605
108.3947
108.6847
108.9305
109.1321
109.2895
109.4027
109.4716
109.4963
109.4857
109.4399
109.3587
109.2423
109.0905
108.9035
108.6812
108.4236
108.1309
107.8031
107.4401
107.0420
106.6088
106.1405
105.6371
105.0986
104.5524
103.9988
103.4375
102.8687
102.2924
101.7085
101.1170
100.5179
99.9207
99.3254
98.7318
98.1401
97.5502
96.9622
96.3760
95.7916
95.2344
94.7044
94.2015
93.7258
93.2773
92.8559
92.4617
92.0947
91.6917
91.2526
90.7775
90.2664
89.7193
89.1362
88.5170
87.8619
87.2807
86.7734
86.3400
85.9805
85.6950
85.4834
85.3457
85.2819
85.1206
84.8618
84.5053
84.0514
83.4999
82.8508
82.1042
81.2601
80.4416
79.6488
78.8816
78.1401
77.4243
76.7342
76.0697
75.4309
75.1100
75.1070
75.4218
76.0546
77.0053
78.2738
79.8603
81.7646
83.7498
85.8159
87.9628
90.1905
92.4992
94.8886
97.3589
99.9101
102.6907
105.7006
108.9400
112.4087
116.1068
120.0343
124.1912
128.5775
132.3871
135.6201
138.2765
140.3562
141.8593
142.7858
143.1356
142.9087
142.6699
142.4192
142.1564
141.8817
141.5950
141.2964
140.9857
140.6631
140.2997
139.8954
139.4503
138.9643
138.4375
137.8698
137.2613
136.6119
135.8939
135.1072
134.2519
133.3280
132.3353
131.2741
130.1442
128.9456
127.7457
126.5444
125.3419
124.1379
122.9327
121.7261
120.5181
119.3089
118.1022
116.8982
115.6967
114.4979
113.3017
112.1082
110.9172
109.7289
108.5527
107.3887
106.2368
105.0971
103.9696
102.8542
101.7511
100.6600
99.6970
98.8619
98.1548
97.5757
97.1245
96.8013
96.6061
96.5389
96.3560
96.0575
95.6434
95.1136
94.4681
93.7070
92.8303
91.8379
91.0037
90.3278
89.8100
89.4504
89.2491
89.2059
89.3210
89.5942
89.8172
89.9898
90.1122
90.1843
90.2061
90.1776
90.0987
89.9696
89.8716
89.8045
89.7685
89.7635
89.7895
89.8466
89.9346
90.0537
90.1261
90.1516
90.1303
90.0623
89.9474
89.7858
89.5774
89.3222
89.0567
88.7809
88.4947
88.1982
87.8914
87.5742
87.2467
86.9089
86.6363
86.4287
86.2863
86.2090
86.1968
86.2497
86.3678
86.5509
86.6624
86.7021
86.6700
86.5663
86.3908
86.1435
85.8245
85.4338
85.0012
84.5266
84.0101
83.4517
82.8513
82.2091
81.5248
80.7987
80.2941
80.0110
79.9495
80.1096
80.4912
81.0943
81.9190
82.9652
84.1287
85.4094
86.8074
88.3227
89.9553
91.7051
93.5722
95.5565
97.7706
100.2144
102.8880
105.7913
108.9243
112.2871
115.8796
119.7018
123.1060
126.0921
128.6600
130.8099
132.5417
133.8554
134.7510
135.2285
135.7118
136.2010
136.6960
137.1969
137.7036
138.2162
138.7346
139.2588
139.7103
140.0890
140.3948
140.6279
140.7882
140.8758
140.8905
140.8325
140.6798
140.4326
140.0908
139.6545
139.1236
138.4981
137.7780
136.9633
136.0626
135.0759
134.0031
132.8443
131.5994
130.2685
128.8515
127.3485
125.9733
124.7258
123.6061
122.6142
121.7500
121.0136
120.4049
119.9240
119.4861
119.0913
118.7394
118.4305
118.1647
117.9418
117.7620
117.6251
117.4398
117.2061
116.9239
116.5932
116.2141
115.7865
115.3104
114.7859
114.2784
113.7879
113.3144
112.8580
112.4185
111.9960
111.5905
111.2021
110.7892
110.3520
109.8904
109.4045
108.8942
108.3595
107.8004
107.2169
106.7021
106.2558
105.8782
105.5692
105.3287
105.1569
105.0536
105.0190
104.9369
104.8074
104.6304
104.4060
104.1341
103.8147
103.4480
103.0337
102.6847
102.4008
102.1821
102.0286
101.9403
101.9172
101.9592
102.0664
102.0916
102.0346
101.8954
101.6742
101.3709
100.9854
100.5179
99.9682
99.5250
99.1883
98.9580
98.8342
98.8169
98.9061
99.1018
99.4039
99.6227
99.7581
99.8101
99.7789
99.6642
99.4662
99.1849
98.8202
98.5658
98.4216
98.3877
98.4640
98.6506
98.9474
99.3544
99.8718
100.3968
100.9297
101.4703
102.0187
102.5748
103.1387
103.7103
104.2897
104.8045
105.2545
