157.4164
157.4032
157.3854
157.3629
157.3358
157.3040
157.2911
157.2969
157.3214
157.3648
157.4269
157.5078
157.6074
157.7258
157.7680
157.7341
157.6239
157.4375
157.1749
156.8361
156.4211
155.9299
155.4701
155.0418
154.6448
154.2793
153.9452
153.6424
153.3711
153.1313
152.8915
152.6520
152.4125
152.1733
151.9342
151.6953
151.4565
151.2179
151.0272
150.8845
150.7896
150.7427
150.7438
150.7927
150.8896
151.0344
150.9935
150.7670
150.3549
149.7570
148.9735
148.0044
146.8495
145.5090
144.3504
143.3736
142.5786
141.9654
141.5341
141.2846
141.2170
141.3312
141.4038
141.4350
141.4246
141.3727
141.2792
141.1443
140.9678
140.7498
140.5449
140.3532
140.1747
140.0093
139.8571
139.7180
139.5921
139.4793
139.3776
139.2868
139.2069
139.1381
139.0802
139.0333
138.9974
138.9724
138.8675
138.6825
138.4176
138.0726
137.6477
137.1427
136.5578
135.8928
135.1852
134.4348
133.6417
132.8058
131.9273
131.0060
130.0421
129.0354
128.1300
127.3258
126.6230
126.0214
125.5211
125.1220
124.8243
124.6278
124.3438
123.9724
123.5135
122.9670
122.3331
121.6117
120.8028
119.9065
119.1224
118.4507
117.8913
117.4443
117.1095
116.8871
116.7771
116.7793
116.7547
116.7032
116.6248
116.5196
116.3875
116.2285
116.0427
115.8300
115.6238
115.4243
115.2314
115.0450
114.8653
114.6921
114.5255
114.3656
114.1522
113.8853
113.5650
113.1912
112.7641
112.2834
111.7494
111.1618
110.5853
110.0196
109.4650
108.9212
108.3884
107.8666
107.3557
106.8558
106.5758
106.5157
106.6756
107.0554
107.6551
108.4748
109.5145
110.7740
112.2105
113.8240
115.6143
117.5816
119.7259
122.0470
124.5451
127.2202
129.5301
131.4748
133.0545
134.2690
135.1184
135.6027
135.7218
135.4758
135.0032
134.3039
133.3779
132.2253
130.8460
129.2401
127.4075
125.3482
123.5189
121.9194
120.5497
119.4100
118.5001
117.8201
117.3700
117.1498
116.9790
116.8577
116.7859
116.7636
116.7908
116.8674
116.9936
117.1692
117.2876
117.3488
117.3528
117.2996
117.1892
117.0216
116.7969
116.5149
116.1749
115.7770
115.3210
114.8071
114.2352
113.6053
112.9174
112.1715
111.4882
110.8675
110.3093
109.8138
109.3807
109.0103
108.7024
108.4571
108.2241
108.0034
107.7950
107.5989
107.4150
107.2435
107.0843
106.9373
106.6631
106.2615
105.7327
105.0765
104.2930
103.3823
102.3442
101.1788
100.0632
98.9975
97.9815
97.0154
96.0990
95.2325
94.4158
93.6489
92.8700
92.0792
91.2764
90.4616
89.6349
88.7963
87.9456
87.0830
86.3398
85.7158
85.2110
84.8256
84.5595
84.4127
84.3851
84.4769
84.3941
84.1368
83.7049
83.0984
82.3174
81.3619
80.2318
78.9271
77.7574
76.7227
75.8229
75.0581
74.4282
73.9332
73.5732
73.3482
73.1248
72.9030
72.6829
72.4644
72.2476
72.0324
71.8188
71.6069
80.7637
99.2892
127.1834
164.4464
192.4417
211.1695
220.6297
220.8224
220.9767
221.0927
221.1704
221.2097
221.2107
221.1734
221.0978
220.9838
220.7712
220.4599
220.0498
219.5411
218.9337
218.2276
217.4229
216.5194
215.6799
214.9044
214.1929
213.5454
212.9619
212.4424
211.9869
211.5953
211.1921
210.7772
210.3506
209.9123
209.4623
209.0007
208.5274
208.0424
207.5567
207.0704
206.5835
206.0959
205.6077
205.1188
204.6293
204.1391
203.6485
203.1575
202.6659
202.1739
201.6815
201.1886
200.6952
200.2014
199.7072
199.2125
198.7174
198.2220
197.7261
197.2298
196.7330
196.2359
195.7383
195.2402
194.7417
194.2426
193.7431
193.2431
192.7426
192.2416
191.7403
191.2387
190.7369
190.2346
189.7321
189.2293
188.7262
188.2227
187.7191
187.2154
186.7115
186.2075
185.7033
185.1990
184.6946
184.1900
183.6851
183.1800
182.6745
182.1688
181.6628
181.1565
180.6499
180.1430
179.6360
179.1288
178.6214
178.1138
177.6061
177.0982
176.5901
176.0819
175.5739
175.0662
174.5587
174.0515
173.5446
173.0380
172.5316
172.0255
171.5200
171.0151
170.5108
170.0071
169.5040
169.0016
168.4997
167.9984
167.4983
166.9993
166.5014
166.0047
165.5091
165.0146
164.5213
164.0290
163.5384
163.0493
162.5619
162.0760
161.5916
161.1089
160.6277
160.1481
159.6700
159.1935
158.7185
158.2450
157.7731
157.3028
156.8340
156.3667
155.9011
155.4372
154.9750
154.5144
154.0556
153.5984
153.1429
152.6891
152.2372
151.7872
151.3391
150.8930
150.4487
150.0064
149.5660
149.1276
148.6912
148.2569
147.8246
147.3945
146.9664
146.5404
146.1165
145.6947
145.2754
144.8587
144.4446
144.0330
143.6240
143.2176
142.8138
142.4125
142.0142
141.6189
141.2267
140.8374
140.4512
140.0679
139.6877
139.3104
138.9362
138.5651
138.1970
137.8320
137.4700
137.1110
136.7551
136.4023
136.0528
135.7066
135.3637
135.0242
134.6880
134.3552
134.0257
133.6995
133.3772
133.0588
132.7443
132.4337
132.1270
131.8241
131.5252
131.2301
130.9393
130.6527
130.3703
130.0921
129.8181
129.5483
129.2828
129.0215
128.7645
128.5119
128.2636
128.0196
127.7800
127.5447
127.3138
127.0872
126.8673
126.6542
126.4478
126.2481
126.0551
125.8689
125.6893
125.5166
125.3530
125.1987
125.0536
124.9177
124.7911
124.6737
124.5656
124.4667
124.3312
124.1591
123.9505
123.7053
123.4235
123.1051
122.7502
122.3587
121.8858
121.3314
120.6955
119.9782
119.1794
118.2992
117.3375
116.2943
115.4426
114.7823
114.3133
114.0358
113.9497
114.0550
114.3517
114.8398
115.3007
115.7345
116.1411
116.5205
116.8728
117.1978
117.4957
117.7665
118.0357
118.3035
118.5698
118.8346
119.0979
119.3597
119.6200
119.8789
120.1248
120.3578
120.5779
120.7851
120.9794
121.1607
121.3291
121.4846
121.6225
121.7426
121.8451
121.9300
121.9971
122.0466
122.0785
122.0926
122.1128
122.1389
122.1709
122.2089
122.2529
122.3028
122.3587
122.4206
122.4845
122.5506
122.6187
122.6888
122.7611
122.8354
122.9119
122.9904
123.0711
123.1542
123.2395
123.3271
123.4169
123.5091
123.6035
123.7002
123.7992
123.9004
124.0041
124.1100
124.2182
124.3287
124.4415
124.5567
124.6738
124.7928
124.9138
125.0368
125.1616
125.2885
125.4173
125.5480
125.6804
125.8144
125.9502
126.0876
126.2266
126.3674
126.5098
126.6539
126.7995
126.9468
127.0957
127.2463
127.3984
127.5521
127.7074
127.8644
128.0227
128.1824
128.3435
128.5060
128.6698
128.8351
129.0017
129.1697
129.3388
129.5091
129.6804
129.8529
130.0265
130.2011
130.3769
130.5539
130.7317
130.9103
131.0899
131.2704
131.4517
131.6340
131.8171
132.0011
132.1856
132.3705
132.5558
132.7416
132.9278
133.1145
133.3016
133.4891
133.6768
133.8646
134.0525
134.2405
134.4286
134.6169
134.8053
134.9938
135.1825
135.3713
135.5603
135.7495
135.9388
136.1282
136.3178
136.5076
136.6974
136.8872
137.0771
137.2670
137.4570
137.6470
137.8371
138.0271
138.2172
138.4071
138.5970
138.7869
138.9766
139.1663
139.3560
139.5455
139.7349
139.9242
140.1132
140.3021
140.4908
140.6794
140.8678
141.0560
141.2435
141.4304
141.6166
141.8021
141.9870
142.1712
142.3547
142.5375
142.7193
142.9000
143.0796
143.2581
143.4354
143.6118
143.7870
143.9611
144.1340
144.3057
144.4763
144.6456
144.8137
144.9807
145.1464
145.3110
145.4740
145.6355
145.7956
145.9541
146.1111
146.2666
146.4205
146.5730
146.7235
146.8720
147.0186
147.1631
147.3057
147.4464
147.5850
147.7217
147.8560
147.9882
148.1180
148.2455
148.3708
148.4938
148.6145
148.7330
148.8486
148.9614
149.0715
149.1788
149.2832
149.3849
149.4838
149.5799
149.6729
149.7628
149.8495
149.9332
150.0139
150.0914
150.1658
150.2371
150.3057
150.3716
150.4348
150.4952
150.5530
150.6081
150.6604
150.7100
150.7572
150.8020
150.8443
150.8842
150.9216
150.9566
150.9891
151.0192
151.0469
151.0724
151.0954
151.1161
151.1345
151.1506
151.1643
151.1756
151.1849
151.1922
151.1974
151.2006
151.2018
151.2009
151.1980
151.1930
151.1862
151.1775
151.1670
151.1546
151.1404
151.1243
151.1064
151.0866
151.0652
151.0420
151.0172
150.9907
150.9625
150.9326
150.9011
150.8678
150.8334
150.7978
150.7610
150.7230
150.6839
150.6435
150.6020
150.5593
150.5156
150.4711
150.4257
150.3794
150.3321
150.2840
150.2350
150.1851
150.1341
150.0820
150.0288
149.9745
149.9191
149.8627
149.8051
149.7465
149.6867
149.6258
149.5638
149.5007
149.4364
149.3710
149.3044
149.2367
149.1679
149.0979
149.0268
148.9545
148.8811
148.8065
148.7307
148.6539
148.5758
148.4964
148.4159
148.3341
148.2512
148.1670
148.0816
147.9949
147.9073
147.8187
147.7291
147.6385
147.5470
147.4544
147.3608
147.2663
147.1709
147.0748
146.9778
146.8800
146.7814
146.6820
146.5818
146.4808
146.3789
146.2762
146.1726
146.0682
145.9629
145.8567
145.7497
145.6418
145.5331
145.4238
145.3137
145.2029
145.0914
144.9791
144.8662
144.7525
144.6383
144.5237
144.4087
144.2933
144.1774
144.0611
143.9443
143.8271
143.7097
143.5921
143.4743
143.3562
143.2380
143.1195
143.0009
142.8820
142.7633
142.6448
142.5265
142.4084
142.2905
142.1727
142.0552
141.9379
141.8210
141.7047
141.5889
141.4735
141.3587
141.2444
141.1306
141.0173
140.9044
140.7920
140.6801
140.5686
140.4575
140.3469
140.2367
140.1270
140.0178
139.9091
139.8010
139.6934
139.5863
139.4798
139.3738
139.2683
139.1635
139.0594
138.9559
138.8532
138.7511
138.6496
138.5489
138.4488
138.3495
138.2510
138.1532
138.0562
137.9600
137.8645
137.7699
137.6759
137.5832
137.4915
137.4011
137.3118
137.2236
137.1366
137.0507
136.9660
136.8828
136.8011
136.7208
136.6421
136.5649
136.4892
136.4149
136.3422
136.2709
136.2011
136.1329
136.0661
136.0008
135.9370
135.8746
135.8138
135.7546
135.6972
135.6415
135.5874
135.5351
135.4845
135.4355
135.3883
135.3433
135.3004
135.2597
135.2213
135.1850
135.1508
135.1189
135.0892
135.0619
135.0371
135.0147
134.9949
134.9775
134.9625
134.9500
134.9400
134.9329
134.9287
134.9275
134.9291
134.9337
134.9411
134.9515
134.9648
134.9813
135.0010
135.0238
135.0498
135.0791
135.1115
135.1471
135.1858
135.2273
135.2715
135.3184
135.3680
135.4204
135.4754
135.5332
135.5937
135.6565
135.7217
135.7892
135.8591
135.9314
136.0060
136.0830
136.1624
136.2440
136.3280
136.4142
136.5028
136.5936
136.6868
136.7822
136.8800
136.9797
137.0813
137.1849
137.2905
137.3980
137.5074
137.6188
137.7322
137.8471
137.9637
138.0818
138.2016
138.3229
138.4458
138.5703
138.6964
138.8238
138.9526
139.0827
139.2141
139.3468
139.4809
139.6162
139.7529
139.8903
140.0283
140.1670
140.3063
140.4463
140.5870
140.7283
140.8702
141.0124
141.1549
141.2977
141.4407
141.5839
141.7275
141.8713
142.0153
142.1600
142.3053
142.4512
142.5977
142.7448
142.8926
143.0409
143.1899
143.3396
143.4901
143.6414
143.7934
143.9462
144.0997
144.2540
144.4091
144.5649
144.7215
144.8789
145.0371
145.1960
145.3557
145.5162
145.6775
145.8397
146.0029
146.1669
146.3319
146.4979
146.6647
146.8325
147.0013
147.1707
147.3409
147.5117
147.6833
147.8556
148.0287
148.2024
148.3768
148.5518
148.7273
148.9033
149.0799
149.2569
149.4345
149.6127
149.7913
149.9707
150.1509
150.3318
150.5135
150.6959
150.8790
151.0630
151.2476
151.4330
151.6189
151.8055
151.9928
152.1807
152.3692
152.5584
152.7482
152.9382
153.1283
153.3185
153.5088
153.6992
153.8898
154.0805
154.2714
154.4623
154.6535
154.8447
155.0361
155.2276
155.4192
155.6110
155.8029
155.9984
156.1976
156.4003
156.6067
156.8167
157.0304
157.2476
157.4685
157.6391
157.7596
157.8299
157.8499
157.8198
157.7395
157.6090
157.4283
157.4261
157.6023
157.9570
158.4901
159.2017
160.0918
161.1603
162.4073
163.1502
163.3891
163.1239
162.3546
161.0812
159.3038
157.0223
154.2368
150.8851
146.9674
142.4837
137.4339
131.8180
125.6361
118.8881
111.5740
105.0584
99.3412
94.4225
90.3023
86.9805
84.4572
82.7323
81.8059
81.1930
80.8937
80.9079
81.2357
81.8770
82.8319
84.1003
85.6822
87.5050
89.5685
91.8728
94.4178
97.2037
100.2303
103.4977
107.0058
110.7399
114.6998
118.8856
123.2972
127.9347
132.7981
137.8873
143.2024
147.9420
152.1062
155.6949
158.7081
161.1459
163.0082
164.2951
165.0064
165.5983
166.0708
166.4237
166.6572
166.7711
166.7657
166.6407
166.3962
166.1831
166.0013
165.8507
165.7315
165.6436
165.5870
165.5617
165.5677
165.5626
165.5462
165.5187
165.4800
165.4301
165.3690
165.2968
165.2134
165.1245
165.0302
164.9305
164.8254
164.7148
164.5987
164.4772
164.3503
164.2186
164.0821
163.9407
163.7946
163.6436
163.4878
163.3272
163.1618
162.9922
162.8186
162.6408
162.4588
162.2727
162.0825
161.8881
161.6897
161.4874
161.2813
161.0715
160.8578
160.6404
160.4192
160.1942
159.9654
159.7336
159.4986
159.2606
159.0196
158.7755
158.5283
158.2780
158.0247
157.7688
157.5102
157.2490
156.9852
156.7188
156.4497
156.1780
155.9037
155.6272
155.3485
155.0676
154.7845
154.4991
154.2116
153.9219
153.6300
153.3370
153.0428
152.7476
152.4512
152.1537
151.8550
151.5552
151.2544
150.9530
150.6511
150.3488
150.0459
149.7426
149.4387
149.1344
148.8296
148.5241
148.2179
147.9109
147.6033
147.2949
146.9859
146.6761
146.3656
146.0545
145.7427
145.4303
145.1172
144.8034
144.4890
144.1739
143.8582
143.5418
143.2247
142.9068
142.5883
142.2691
141.9491
141.6285
141.3072
140.9851
140.6622
140.3386
140.0143
139.6892
139.3634
139.0368
138.7094
138.3820
138.0545
137.7269
137.3993
137.0715
136.7437
136.4159
136.0879
135.7604
135.4333
135.1066
134.7803
134.4545
134.1290
133.8040
133.4794
133.1553
132.8317
132.5086
132.1860
131.8639
131.5423
131.2213
130.9007
130.5810
130.2623
129.9444
129.6274
129.3113
128.9962
128.6819
128.3685
128.0563
127.7455
127.4358
127.1274
126.8203
126.5144
126.2098
125.9065
125.6046
125.3043
125.0056
124.7084
124.4127
124.1185
123.8259
123.5348
123.2461
122.9598
122.6759
122.3943
122.1151
121.8383
121.5638
121.2918
121.0226
120.7562
120.4927
120.2321
119.9743
119.7194
119.4674
119.2182
118.9716
118.7275
118.4861
118.2473
118.0110
117.7774
117.5463
117.3178
117.0920
116.8688
116.6483
116.4305
116.2153
116.0028
115.7930
115.5858
115.3812
115.1792
114.9797
114.7828
114.5886
114.3969
114.2077
114.0212
113.8372
113.6559
113.4772
113.3010
113.1275
112.9566
112.7883
112.6226
112.4606
112.3024
112.1479
111.9971
111.8500
111.7067
111.5671
111.4312
111.3000
111.1733
111.0513
110.9339
110.8211
110.7129
110.6093
110.5103
110.4162
110.3268
110.2423
110.1626
110.0878
110.0178
109.9526
109.8922
109.8373
109.7879
109.7440
109.7057
109.6728
109.6454
109.6236
109.6072
109.5971
109.5932
109.5955
109.6041
109.6189
109.6399
109.6672
109.7007
109.7409
109.7879
109.8414
109.9017
109.9687
110.0424
110.1228
110.2098
110.3047
110.4074
110.5180
110.6363
110.7625
110.8966
111.0384
111.1881
111.3461
111.5124
111.6871
111.8701
112.0614
112.2610
112.4690
112.6852
112.9089
113.1398
113.3781
113.6237
113.8766
114.1369
114.4045
114.6794
114.9610
115.2492
115.5441
115.8457
116.1539
116.4687
116.7902
117.1184
117.4525
117.7925
118.1384
118.4902
118.8480
119.2117
119.5813
119.9569
120.3375
120.7231
121.1137
121.5093
121.9100
122.3157
122.7265
123.1422
123.5630
123.9887
124.4195
124.8552
125.2960
125.7418
126.1925
126.6483
127.1088
127.5740
128.0439
128.5186
128.9979
129.4820
129.9708
130.4644
130.9617
131.4629
131.9680
132.4768
132.9896
133.5061
134.0265
134.5507
135.0782
135.6091
136.1433
136.6809
137.2218
137.7660
138.3136
138.8645
139.4184
139.9752
140.5349
141.0975
141.6631
142.2317
142.8031
143.3775
143.9543
144.5335
145.1152
145.6992
146.2856
146.8745
147.4658
148.0594
148.6556
149.2542
149.8554
150.4590
151.0650
151.6736
152.2846
152.8982
153.5139
154.1318
154.7519
155.3741
155.9986
156.6253
157.2541
157.8852
158.5173
159.1505
159.7847
160.4201
161.0565
161.6940
162.3325
162.9722
163.6122
164.2525
164.8932
165.5342
166.1756
166.8173
167.4593
168.1018
168.7436
169.3850
170.0259
170.6662
171.3060
171.9453
172.5840
173.2223
173.8593
174.4951
175.1297
175.7631
176.3953
177.0263
177.6560
178.2846
178.9124
179.5394
180.1657
180.7913
181.4161
182.0402
182.6635
183.2861
183.9082
184.5298
185.1509
185.7716
186.3918
187.0115
187.6307
188.2494
188.8675
189.4848
190.1015
190.7174
191.3327
191.9473
192.5611
193.1743
193.7870
194.3992
195.0109
195.6221
196.2329
196.8431
197.4529
198.0622
198.6711
199.2797
199.8880
200.4960
201.1037
201.7110
202.3180
202.9246
203.5310
204.1371
204.7429
205.3484
205.9537
206.5586
207.1632
207.7676
208.3723
208.9774
209.5829
210.1887
210.7949
211.4015
212.0084
212.6158
213.2237
213.8321
214.4412
215.0508
215.6610
216.2718
216.8831
217.4951
218.1067
218.7181
219.3292
219.9400
220.5506
221.1609
221.7709
222.3806
222.9896
223.5977
224.2049
224.8114
225.4170
226.0218
226.6258
227.2290
227.8308
228.4312
229.0303
229.6280
230.2244
230.8194
231.4130
232.0053
232.5956
233.1839
233.7702
234.3546
234.9369
235.5173
236.0956
236.6720
237.2465
237.8191
238.3898
238.9586
239.5255
240.0905
240.6537
241.2149
241.7758
242.3362
242.8963
243.4561
244.0154
244.5743
245.1329
245.6911
246.2571
246.8308
247.4123
248.0016
248.5987
249.2036
249.8162
250.4366
250.8925
251.1839
251.3107
251.2731
251.0709
250.7042
250.1729
249.4772
249.6176
250.5941
252.4067
255.0554
258.5403
262.8613
268.0184
274.0117
276.2714
274.7976
269.5902
260.6493
247.9749
231.5670
211.4255
187.5504
165.1162
144.1227
124.5700
106.4581
89.7870
74.5567
60.7672
48.4184
37.7841
28.8643
21.6589
16.1681
12.3916
10.3297
9.9822
11.3492
12.5762
13.6632
14.6103
15.4173
16.0843
16.6114
16.9985
17.2455
17.5183
17.8169
18.1413
18.4913
18.8672
19.2687
19.6961
20.1492
20.5873
21.0106
21.4189
21.8123
22.1908
22.5543
22.9030
23.2367
23.5686
23.8987
24.2270
24.5535
24.8781
25.2010
25.5221
25.8413
26.1576
26.4709
26.7813
27.0886
27.3930
27.6945
27.9929
28.2884
28.5816
28.8724
29.1609
29.4470
29.7309
30.0123
30.2915
30.5684
30.8428
31.1147
31.3843
31.6514
31.9160
32.1783
32.4381
32.6954
32.9508
33.2043
33.4557
33.7053
33.9528
34.1984
34.4420
34.6837
34.9240
35.1629
35.4004
35.6366
35.8713
36.1047
36.3367
36.5673
36.7968
37.0252
37.2525
37.4787
37.7038
37.9278
38.1506
38.3724
38.5942
38.8160
39.0379
39.2598
39.4817
39.7037
39.9257
40.1478
40.3702
40.5931
40.8164
41.0402
41.2643
41.4889
41.7139
41.9393
42.1637
42.3872
42.6098
42.8314
43.0520
43.2716
43.4903
43.7081
43.9241
44.1384
44.3510
44.5618
44.7710
44.9784
45.1841
45.3880
45.5860
45.7778
45.9637
46.1434
46.3172
46.4849
46.6465
46.8021
47.0187
47.2963
47.6349
48.0345
48.4951
49.0167
49.5992
50.2428
50.4136
50.1116
49.3368
48.0892
46.3688
44.1756
41.5096
38.3708
37.2401
38.1175
41.0030
45.8966
52.7983
61.7080
72.6259
85.5518
97.4049
108.1850
117.8922
126.5266
134.0880
140.5765
145.9921
150.3348
154.3304
157.9789
161.2804
164.2347
166.8420
169.1022
171.0153
172.5813
176.4688
182.6778
191.2084
202.0604
215.2339
230.7289
248.5454
268.6834
285.6213
299.3589
309.8964
317.2337
321.3708
322.3077
320.0444
314.5809
309.8831
305.9509
302.7843
300.3834
298.7481
297.8785
297.7745
298.4361
299.0382
299.5808
300.0640
300.4877
300.8519
301.1566
301.4018
301.5875
301.5350
301.2444
300.7155
299.9485
298.9433
297.6999
296.2183
294.4985
291.9997
288.7218
284.6649
279.8289
274.2139
267.8198
260.6467
252.6945
245.7575
239.8355
234.9286
231.0368
228.1602
226.2986
225.4521
225.6207
224.7858
222.9475
220.1057
216.2604
211.4117
205.5595
198.7038
190.8447
184.0241
178.2422
173.4989
169.7943
167.1282
165.5007
164.9119
165.3617
165.7081
165.9510
166.0905
166.1266
166.0593
165.8886
165.6145
165.2369
164.8213
164.3676
163.8759
163.3461
162.7782
162.1723
161.5283
160.8462
160.1584
159.4649
158.7656
158.0607
157.3500
156.6336
155.9114
155.1836
154.2247
153.0349
151.6142
149.9625
148.0798
145.9662
143.6216
141.0460
138.6565
136.4529
134.4353
132.6038
130.9582
129.4986
128.2250
127.1374
126.0091
124.8399
123.6301
122.3794
121.0880
119.7559
118.3829
116.9693
115.7852
114.8307
114.1059
113.6106
113.3450
113.3090
113.5026
113.9258
114.2274
114.4074
114.4658
114.4026
114.2178
113.9114
113.4834
112.9339
112.2344
111.3849
110.3855
109.2362
107.9369
106.4876
104.8885
103.1393
102.1384
101.8856
102.3810
103.6246
105.6163
108.3562
111.8443
116.0806
119.2553
121.3686
122.4204
122.4107
121.3395
119.2068
116.0126
111.7569
109.0571
107.9132
108.3252
110.2931
113.8168
118.8964
125.5320
133.7234
140.9074
147.0841
152.2533
156.4152
159.5698
161.7169
162.8567
162.9891
163.5494
164.5378
165.9541
167.7984
170.0707
172.7710
175.8993
179.4556
182.3592
184.6101
186.2084
187.1541
187.4471
187.0874
186.0751
184.4102
182.8413
181.3686
179.9919
178.7113
177.5268
176.4383
175.4460
174.5497
173.6427
172.7248
171.7961
170.8566
169.9064
168.9453
167.9734
166.9907
166.0127
165.0394
164.0707
163.1068
162.1475
161.1930
160.2431
159.2980
158.3572
157.4209
156.4890
155.5615
154.6385
153.7199
152.8057
151.8959
150.9905
150.0895
149.1928
148.3005
147.4125
146.5289
145.6496
144.7747
143.9046
143.0391
142.1784
141.3224
140.4711
139.6246
138.7828
137.9457
137.1139
136.2874
135.4662
134.6503
133.8396
133.0343
132.2343
131.4395
130.6505
129.8673
129.0898
128.3181
127.5521
126.7919
126.0374
125.2887
124.5483
123.8164
123.0929
122.3778
121.6712
120.9729
120.2830
119.6016
118.9215
118.2427
117.5653
116.8892
116.2145
115.5411
114.8690
114.1983
113.5694
112.9824
112.4373
111.9340
111.4727
111.0531
110.6755
110.3397
109.8990
109.3534
108.7030
107.9477
107.0874
106.1223
105.0523
103.8775
102.7615
101.7045
100.7064
99.7673
98.8871
98.0658
97.3035
96.6001
95.6555
94.4697
93.0427
91.3746
89.4652
87.3147
84.9230
82.2900
80.0113
78.0868
76.5165
75.3004
74.4385
73.9308
73.7774
73.9781
74.0108
73.8756
73.5723
73.1011
72.4618
71.6545
70.6793
69.5360
69.1594
69.5494
70.7060
72.6293
75.3191
78.7756
82.9987
87.9884
92.2657
95.8305
98.6828
100.8226
102.2500
102.9649
102.9673
102.2573
101.7110
101.3284
101.1097
101.0547
101.1634
101.4359
101.8721
102.4721
103.0485
103.6012
104.1302
104.6356
105.1173
105.5754
106.0098
106.4206
106.8434
107.2782
107.7249
108.1837
108.6546
109.1374
109.6322
110.1390
110.6560
111.1832
111.7206
112.2682
112.8259
113.3939
113.9720
114.5603
115.1559
115.7588
116.3691
116.9866
117.6114
118.2435
118.8830
119.5297
120.1825
120.8412
121.5061
122.1769
122.8538
123.5367
124.2256
124.9206
125.6218
126.3291
127.0426
127.7622
128.4881
129.2201
129.9583
130.7027
131.4529
132.2089
132.9707
133.7384
134.5118
135.2911
136.0762
136.8672
137.6640
138.4668
139.2754
140.0899
140.9104
141.7367
142.5689
143.4071
144.2510
145.1008
145.9563
146.8177
147.6849
148.5579
149.4368
150.3214
151.2102
152.1032
153.0004
153.9017
154.8072
155.7169
156.6308
157.5488
158.4699
159.3939
160.3210
161.2511
162.1842
163.1203
164.0594
165.0015
165.9460
166.8929
167.8422
168.7938
169.7478
170.7042
171.6630
172.6241
173.5867
174.5506
175.5159
176.4826
177.4507
178.4202
179.3910
180.3633
181.3365
182.3107
183.2859
184.2620
185.2391
186.2172
187.1963
188.1763
189.1569
190.1381
191.1199
192.1023
193.0852
194.0687
195.0527
196.0374
197.0212
198.0043
198.9865
199.9680
200.9487
201.9286
202.9077
203.8860
204.8628
205.8381
206.8119
207.7842
208.7550
209.7243
210.6921
211.6584
212.6235
213.5874
214.5501
215.5116
216.4719
217.4310
218.3889
219.3455
220.3008
221.2546
222.2070
223.1579
224.1075
225.0556
226.0022
226.9475
227.8915
228.8344
229.7760
230.7164
231.6556
232.5936
233.5304
234.4659
235.4002
236.3332
237.2648
238.1952
239.1242
240.0520
240.9784
241.9036
242.8255
243.7442
244.6596
245.5717
246.4806
247.3863
248.2887
249.1878
250.0822
250.9718
251.8567
252.7369
253.6122
254.4828
255.3487
256.2098
257.0654
257.9156
258.7602
259.5994
260.4331
261.2613
262.0841
262.9013
263.7242
264.5528
265.3869
266.2267
267.0720
267.9231
268.7797
269.6419
270.4124
271.0911
271.6780
272.1732
272.5765
272.8881
273.1079
273.2359
273.6522
274.3567
275.3496
276.6308
278.2003
280.0580
282.2041
284.6384
285.1238
283.6602
280.2477
274.8863
267.5759
258.3166
247.1083
233.9511
222.9450
214.0902
207.3865
202.8341
200.4328
200.1827
202.0838
206.1361
207.5539
206.3372
202.4861
196.0005
186.8804
175.1259
160.7368
143.7133
128.1659
114.0946
101.4993
90.3800
80.7369
72.5698
65.8787
60.6638
56.0730
52.1064
48.7640
46.0459
43.9519
42.4820
41.6364
41.4150
41.2870
41.2523
41.3109
41.4630
41.7083
42.0471
42.4792
43.0047
43.4718
43.8805
44.2309
44.5228
44.7564
44.9315
45.0483
45.1067
45.1639
45.2198
45.2745
45.3279
45.3801
45.4310
45.4807
45.5292
45.5725
45.6107
45.6437
45.6716
45.6944
45.7120
45.7245
45.7318
45.7337
45.7300
45.7207
45.7060
45.6857
45.6599
45.6286
45.5917
45.5496
45.5024
45.4499
45.3922
45.3293
45.2612
45.1879
45.1094
45.0262
44.9383
44.8457
44.7484
44.6464
44.5398
44.4284
44.3123
44.1914
44.0657
43.9351
43.7996
43.6593
43.5142
43.3642
43.2094
43.0499
42.8859
42.7172
42.5440
42.3661
42.1837
41.9966
41.8049
41.6099
41.4116
41.2100
41.0050
40.7967
40.5851
40.3701
40.1519
39.9311
39.7079
39.4822
39.2539
39.0232
38.7900
38.5544
38.3162
38.0764
37.8349
37.5918
37.3470
37.1006
36.8525
36.6028
36.3514
36.0978
35.8418
35.5835
35.3230
35.0601
34.7949
34.5274
34.2576
34.0028
33.7629
33.5380
33.3280
33.1330
32.9530
32.7880
32.6378
32.4028
32.0828
31.6778
31.1879
30.6131
29.9533
29.2086
28.3789
27.9252
27.8475
28.1459
28.8202
29.8706
31.2970
33.0993
35.2777
36.9928
38.2447
39.0332
39.3585
39.2205
38.6192
37.5546
36.0267
35.8206
36.9361
39.3734
43.1323
48.2130
54.6153
62.3394
71.3852
79.5586
86.8598
93.2887
98.8454
103.5297
107.3417
110.2815
112.3490
115.0818
118.4798
122.5432
127.2719
132.6659
138.7251
145.4497
152.8396
160.1449
167.3655
174.5015
181.5529
188.5196
195.4018
202.1993
208.9122
215.4200
221.7228
227.8206
233.7133
239.4009
244.8835
250.1611
255.2336
259.4554
262.8265
265.3468
267.0165
267.8354
267.8035
266.9210
265.1877
263.7606
262.6397
261.8250
261.3165
261.1142
261.2181
261.6282
262.3445
262.5121
262.1311
261.2014
259.7230
257.6959
255.1202
251.9958
248.3227
244.2703
239.8386
235.0275
229.8371
224.2674
218.3184
211.9900
205.2823
199.3341
194.1454
189.7161
186.0463
183.1359
180.9850
179.5936
178.9616
177.9696
176.6174
174.9051
172.8328
170.4003
167.6077
164.4550
160.9422
157.4327
153.9263
150.4231
146.9232
143.4264
139.9329
136.4425
132.9554
130.1022
127.8830
126.2977
125.3464
125.0290
125.3456
126.2961
127.8806
128.6392
128.5719
127.6788
125.9598
123.4149
120.0441
115.8475
110.8249
106.6080
103.1967
100.5910
98.7909
97.7964
97.6076
98.2243
99.6466
100.7362
101.4931
101.9173
102.0088
101.7675
101.1935
100.2868
99.0474
97.6176
95.9975
94.1869
92.1860
89.9948
87.6131
85.0411
82.2787
80.6567
80.1750
80.8336
82.6326
85.5720
89.6516
94.8717
101.2320
107.2270
112.8564
118.1204
123.0190
127.5521
131.7198
135.5221
138.9588
142.4161
145.8937
149.3918
152.9104
156.4494
160.0088
163.5887
167.1890
171.1602
175.5023
180.2152
185.2990
190.7536
196.5792
202.7756
209.3428
214.8220
219.2132
222.5163
224.7314
225.8585
225.8975
224.8485
222.7114
220.8628
219.3026
218.0308
217.0475
216.3526
215.9461
215.8281
215.9985
216.1045
216.1461
216.1234
216.0363
215.8849
215.6691
215.3889
215.0444
214.7045
214.3695
214.0391
213.7136
213.3927
213.0766
212.7652
212.4586
212.1529
211.8481
211.5442
211.2413
210.9392
210.6381
210.3380
210.0387
209.7454
209.4581
209.1768
208.9014
208.6320
208.3686
208.1111
207.8596
207.5597
207.2116
206.8151
206.3702
205.8771
205.3356
204.7457
204.1076
203.3564
202.4921
201.5148
200.4244
199.2210
197.9045
196.4749
194.9324
193.0086
190.7036
188.0175
184.9502
181.5018
177.6721
173.4613
168.8693
165.0574
162.0257
159.7741
158.3026
157.6112
157.7000
158.5689
160.2179
161.3826
162.0629
162.2589
161.9705
161.1978
159.9407
158.1993
155.9736
153.9913
152.2526
150.7574
149.5058
148.4976
147.7330
147.2119
146.9343
146.7855
146.7655
146.8744
147.1120
147.4784
147.9736
148.5976
149.3504
149.9081
150.2707
150.4383
150.4108
150.1883
149.7706
149.1579
148.3502
147.7122
147.2441
146.9458
146.8173
146.8586
147.0698
147.4508
148.0015
148.5062
148.9648
149.3773
149.7438
150.0641
150.3383
150.5665
150.7485
150.7101
150.4512
149.9718
149.2720
148.3517
147.2110
145.8498
144.2681
142.9073
141.7674
140.8484
140.1503
139.6731
139.4168
139.3813
139.5668
139.7143
139.8238
139.8954
139.9291
139.9248
139.8825
139.8023
139.6842
139.6879
139.8136
140.0612
140.4307
140.9221
141.5355
142.2707
143.1279
143.7333
144.0871
144.1891
144.0394
143.6380
142.9848
142.0800
140.9234
139.7571
138.5812
137.3955
136.2001
134.9950
133.7802
132.5557
131.3216
130.7230
130.7600
131.4327
132.7409
134.6848
137.2643
140.4794
144.3301
147.5094
150.0172
151.8535
153.0184
153.5118
153.3337
152.4842
150.9632
149.6084
148.4198
147.3973
146.5411
145.8510
145.3271
144.9694
144.7778
144.4881
144.1001
143.6140
143.0296
142.3471
141.5663
140.6874
139.7102
138.4526
136.9144
135.0957
132.9966
130.6169
127.9567
125.0160
121.7948
118.8674
116.2337
113.8937
111.8476
110.0952
108.6365
107.4716
106.6005
105.7143
104.8131
103.8968
102.9656
102.0193
101.0579
100.0816
99.0902
98.7016
98.9159
99.7330
101.1529
103.1757
105.8013
109.0297
112.8609
116.2275
119.1296
121.5670
123.5398
125.0480
126.0916
126.6705
126.7849
127.2640
128.1077
129.3162
130.8894
132.8273
135.1299
137.7972
140.8292
143.6281
146.1940
148.5268
150.6266
152.4933
154.1270
155.5276
156.6952
157.7022
158.5488
159.2348
159.7603
160.1253
160.3297
160.3737
160.2571
159.7093
158.7301
157.3196
155.4779
153.2048
150.5004
147.3647
143.7978
140.4543
137.3343
134.4378
131.7647
129.3152
127.0891
125.0865
123.3074
121.3495
119.2128
116.8973
114.4029
111.7298
108.8778
105.8470
102.6374
99.4730
96.3539
93.2801
90.2515
87.2681
84.3300
81.4372
78.5896
76.1032
73.9782
72.2143
70.8118
69.7705
69.0904
68.7716
68.8141
68.8462
68.8679
68.8793
68.8803
68.8709
68.8511
68.8210
68.7805
68.9087
69.2057
69.6714
70.3059
71.1092
72.0811
73.2219
74.5314
75.7530
76.8868
77.9327
78.8907
79.7609
80.5433
81.2377
81.8444
82.5636
83.3953
84.3396
85.3964
86.5658
87.8478
89.2423
90.7493
92.1723
93.5111
94.7658
95.9364
97.0229
98.0253
98.9436
99.7777
100.6259
101.4882
102.3645
103.2548
104.1592
105.0776
106.0101
106.9567
107.7961
108.5283
109.1534
109.6714
110.0822
110.3859
110.5825
110.6719
111.2117
112.2019
113.6425
115.5335
117.8749
120.6667
123.9089
127.6014
131.2706
134.9163
138.5386
142.1374
145.7128
149.2648
152.7933
156.2983
159.3038
161.8098
163.8162
165.3230
166.3303
166.8380
166.8462
166.3548
165.9354
165.5882
165.3131
165.1101
164.9791
164.9203
164.9335
165.0188
165.0997
165.1761
165.2480
165.3155
165.3785
165.4371
165.4912
165.5408
165.5885
165.6342
165.6780
165.7198
165.7597
165.7976
165.8336
165.8676
165.9002
165.9312
165.9607
165.9888
166.0154
166.0405
166.0641
166.0862
166.1064
166.1248
166.1413
166.1560
166.1688
166.1798
166.1889
166.1962
166.2008
166.2027
166.2020
166.1987
166.1927
166.1841
166.1728
166.1589
166.1451
166.1314
166.1179
166.1045
166.0912
166.0781
166.0651
166.0522
166.0461
166.0469
166.0545
166.0690
166.0902
166.1183
166.1532
166.1949
166.1721
166.0848
165.9330
165.7167
165.4358
165.0905
164.6806
164.2062
163.6670
163.0630
162.3941
161.6604
160.8619
159.9986
159.0704
158.0775
157.1754
156.3643
155.6442
155.0149
154.4767
154.0293
153.6729
153.4074
153.0418
152.5759
152.0099
151.3437
150.5773
149.7107
148.7439
147.6769
146.7912
146.0866
145.5633
145.2212
145.0604
145.0807
145.2823
145.6651
146.2874
147.1493
148.2507
149.5916
151.1720
152.9920
155.0515
157.3505
159.3028
160.9083
162.1672
163.0792
163.6446
163.8632
163.7351
163.2602
162.8549
162.5191
162.2528
162.0561
161.9290
161.8714
161.8833
161.9648
162.0261
162.0671
162.0880
162.0886
162.0690
162.0293
161.9693
161.8891
161.8117
161.7372
161.6655
161.5967
161.5307
161.4675
161.4072
161.3498
161.2926
161.2358
161.1792
161.1230
161.0671
161.0115
160.9562
160.9013
160.8468
160.7928
160.7394
160.6864
160.6340
160.5820
160.5306
160.4797
160.4292
160.3793
160.3299
160.2811
160.2327
160.1849
160.1376
160.0908
160.0446
159.9991
159.9543
159.9102
159.8667
159.8239
159.7817
159.7402
159.6994
159.6592
159.6197
159.5809
159.5427
159.5051
159.4682
159.4320
159.3998
159.3716
159.3475
159.3273
159.3111
159.2990
159.2909
159.2867
159.2631
159.2198
159.1570
159.0746
158.9727
158.8511
158.7100
158.5494
158.4887
158.5281
158.6675
158.9069
159.2464
159.6858
160.2253
160.8648
160.9399
160.4504
159.3966
157.7782
155.5954
152.8481
149.5364
145.6602
142.3737
139.6767
137.5694
136.0516
135.1235
134.7850
135.0362
135.8769
136.0660
135.6034
134.4891
132.7231
130.3055
127.2362
123.5152
119.1426
114.9072
110.8090
106.8482
103.0246
99.3382
95.7891
92.3773
89.1027
86.4710
84.4821
83.1359
82.4326
82.3721
82.9544
84.1795
86.0475
87.5465
88.6766
89.4378
89.8300
89.8534
89.5078
88.7933
87.7099
86.9855
86.6202
86.6139
86.9668
87.6786
88.7496
90.1796
91.9686
93.9355
96.0802
98.4027
100.9031
103.5813
106.4373
109.4711
112.6828
115.4962
117.9114
119.9283
121.5469
122.7672
123.5893
124.0131
124.0387
124.4704
125.3082
126.5522
128.2023
130.2585
132.7209
135.5894
138.8641
141.9392
144.8150
147.4912
149.9680
152.2453
154.3231
156.2015
157.8804
159.4346
160.8640
162.1687
163.3487
164.4039
165.3344
166.1402
166.8212
167.4445
168.0101
168.5179
168.9680
169.3604
169.6951
169.9720
170.1912
170.4121
170.6347
170.8589
171.0849
171.3125
171.5419
171.7729
172.0056
171.5271
170.3376
168.4369
165.8250
162.5021
158.4680
153.7228
148.2665
143.3951
139.1085
135.4068
132.2901
129.7582
127.8112
126.4491
125.6719
124.6854
123.4895
122.0844
120.4700
118.6463
116.6133
114.3709
111.9193
109.9140
108.3549
107.2421
106.5756
106.3553
106.5813
107.2536
108.3722
109.2533
109.8971
110.3034
110.4724
110.4039
110.0980
109.5546
108.7739
108.2005
107.8343
107.6755
107.7239
107.9797
108.4427
109.1130
109.9906
110.4718
110.5566
110.2449
109.5368
108.4323
106.9314
105.0340
102.7402
101.0193
99.8714
99.2965
99.2945
99.8655
101.0094
102.7262
105.0160
107.3693
109.7859
112.2659
114.8093
117.4161
120.0863
122.8200
125.6170
128.0756
130.1958
131.9777
133.4211
134.5262
135.2929
135.7212
135.8111
135.9796
136.2269
136.5527
136.9573
137.4405
138.0023
138.6428
139.3620
140.3228
141.5253
142.9694
144.6552
146.5827
148.7518
151.1626
153.8150
156.6557
159.6847
162.9020
166.3076
169.9014
173.6836
177.6540
181.8128
185.3757
188.3427
190.7139
192.4892
193.6687
194.2523
194.2401
193.6320
193.0325
192.4415
191.8590
191.2851
190.7197
190.1628
189.6145
189.0747
188.4580
187.7645
186.9940
186.1467
185.2225
184.2214
183.1435
181.9886
180.6701
179.1879
177.5419
175.7322
173.7589
171.6218
169.3210
166.8565
164.6807
162.7936
161.1951
159.8853
158.8642
158.1317
157.6879
157.5328
157.1830
156.6385
155.8993
154.9654
153.8369
152.5136
150.9957
149.2830
147.8057
146.5636
145.5569
144.7854
144.2492
143.9483
143.8827
144.0524
143.9433
143.5553
142.8886
141.9431
140.7188
139.2157
137.4338
135.3731
133.4739
131.7363
130.1603
128.7459
127.4930
126.4017
125.4720
124.7038
124.7228
125.5291
127.1227
129.5035
132.6715
136.6267
141.3692
146.8989
151.7821
156.0188
159.6090
162.5527
164.8499
166.5005
167.5047
167.8623
168.2102
168.5484
168.8768
169.1955
169.5044
169.8036
170.0930
170.3727
170.7534
171.2350
171.8176
172.5012
173.2858
174.1713
175.1579
176.2454
177.1762
177.9504
178.5680
179.0289
179.3332
179.4809
179.4719
179.3062
179.4357
179.8602
180.5797
181.5944
182.9041
184.5089
186.4088
188.6038
191.2505
194.3489
197.8991
201.9011
206.3548
211.2602
216.6174
222.4263
227.4652
231.7340
235.2329
237.9617
239.9206
241.1094
241.5281
241.1769
240.8515
240.5519
240.2781
240.0301
239.8079
239.6115
239.4410
239.2963
238.3162
236.5009
233.8504
230.3645
226.0434
220.8869
214.8952
208.0682
200.7114
192.8247
184.4081
175.4616
165.9853
155.9791
145.4431
134.3772
124.7144
116.4548
109.5984
104.1451
100.0950
97.4480
96.2042
96.3635
96.2314
95.8081
95.0933
94.0872
92.7898
91.2010
89.3209
87.1494
85.4592
84.2502
83.5226
83.2762
83.5111
84.2273
85.4248
87.1035
88.4802
89.5549
90.3274
90.7979
90.9663
90.8327
90.3970
89.6592
88.8157
87.8664
86.8114
85.6507
84.3842
83.0120
81.5340
79.9503
78.8261
78.1612
77.9558
78.2098
78.9232
80.0961
81.7284
83.8201
85.5878
87.0315
88.1513
88.9470
89.4187
89.5664
89.3902
88.8899
88.8059
89.1380
89.8865
91.0511
92.6320
94.6291
97.0424
99.8720
102.2173
104.0782
105.4548
106.3470
106.7550
106.6786
106.1179
105.0728
104.4164
104.1485
104.2692
104.7784
105.6763
106.9627
108.6377
110.7013
112.5587
114.2098
115.6548
116.8936
117.9262
118.7526
119.3728
119.7868
120.1229
120.3811
120.5614
120.6639
120.6885
120.6352
120.5040
120.2950
120.0335
119.7197
119.3535
118.9348
118.4638
117.9404
117.3646
116.7364
116.0517
115.3103
114.5123
113.6577
112.7464
111.7786
110.7542
109.6732
109.3699
109.8443
111.0965
113.1264
115.9341
119.5195
123.8826
129.0235
133.5788
137.5488
140.9332
143.7322
145.9457
147.5737
148.6163
149.0734
148.7300
147.5860
145.6414
142.8963
139.3506
135.0043
129.8575
123.9101
118.9897
115.0962
112.2296
110.3900
109.5773
109.7915
111.0327
113.3009
114.9768
116.0607
116.5524
116.4519
115.7594
114.4747
112.5978
110.1288
107.7877
105.5746
103.4894
101.5321
99.7027
98.0012
96.4277
94.9821
93.7783
92.8161
92.0957
91.6170
91.3800
91.3848
91.6313
92.1195
92.5473
92.9147
93.2217
93.4683
93.6545
93.7803
93.8458
93.8508
93.8335
93.7940
93.7322
93.6481
93.5417
93.4130
93.2621
93.0889
93.2108
93.6278
94.3399
95.3471
96.6494
98.2468
100.1393
102.3270
104.2972
106.0501
107.5856
108.9037
110.0045
110.8879
111.5539
112.0026
112.5118
113.0816
113.7120
114.4029
115.1544
115.9665
116.8392
117.7725
118.9857
120.4789
122.2520
124.3052
126.6383
129.2514
132.1444
135.3175
138.0289
140.2787
142.0668
143.3934
144.2582
144.6615
144.6031
144.0831
144.0528
144.5123
145.4615
146.9004
148.8290
151.2474
154.1555
157.5533
160.3564
162.5646
164.1780
165.1966
165.6204
165.4493
164.6835
163.3228
162.3766
161.8447
161.7272
162.0240
162.7353
163.8609
165.4009
167.3553
170.1638
173.8265
178.3433
183.7143
189.9394
197.0186
204.9520
213.7396
221.5494
228.3815
234.2359
239.1125
243.0115
245.9327
247.8762
248.8420
249.5947
250.1344
250.4612
250.5749
250.4755
250.1632
249.6378
248.8994
247.6347
245.8435
243.5260
240.6821
237.3119
233.4153
228.9923
224.0429
219.5046
215.3773
211.6611
208.3559
205.4618
202.9787
200.9066
199.2457
197.0616
194.3546
191.1245
187.3714
183.0953
178.2961
172.9739
167.1286
162.1456
158.0249
154.7665
152.3703
150.8363
150.1646
150.3552
151.4081
152.5165
153.6806
154.9004
156.1757
157.5067
158.8934
160.3356
161.8335
163.2279
164.5186
165.7058
166.7893
167.7693
168.6457
169.4186
170.0878
170.5762
170.8838
171.0105
170.9563
170.7213
170.3055
169.7088
168.9312
168.3358
167.9224
167.6910
167.6418
167.7746
168.0894
168.5864
169.2654
169.3035
168.7006
167.4568
165.5720
163.0463
159.8797
156.0721
151.6235
147.6730
144.2203
141.2657
138.8090
136.8502
135.3895
134.4267
133.9618
133.4043
132.7540
132.0111
131.1755
130.2472
129.2262
128.1125
126.9061
125.7469
124.6348
123.5699
122.5522
121.5816
120.6582
119.7819
118.9528
118.4049
118.1383
118.1528
118.4486
119.0256
119.8839
121.0233
122.4440
123.9169
125.4421
127.0196
128.6493
130.3313
132.0656
133.8521
135.6909
137.4118
139.0150
140.5002
141.8676
143.1172
144.2490
145.2629
146.1590
147.0959
148.0737
149.0923
150.1518
151.2522
152.3934
153.5754
154.7984
155.6346
156.0842
156.1471
155.8234
155.1130
154.0159
152.5322
150.6618
148.9600
147.4270
146.0626
144.8669
143.8398
142.9814
142.2917
141.7707
141.4616
141.3646
141.4795
141.8065
142.3454
143.0963
144.0593
145.2342
146.2074
146.9790
147.5488
147.9169
148.0834
148.0481
147.8112
147.3726
146.8185
146.1491
145.3643
144.4641
143.4485
142.3175
141.0711
139.7093
138.1145
136.2866
134.2257
131.9316
129.4046
126.6445
123.6513
120.4250
117.5409
114.9987
112.7986
110.9405
109.4245
108.2506
107.4186
106.9287
106.5738
106.3537
106.2686
106.3183
106.5030
106.8226
107.2771
107.8665
108.3604
108.7588
109.0617
109.2690
109.3809
109.3973
109.3181
109.1435
108.7234
108.0579
107.1470
105.9907
104.5890
102.9418
101.0493
98.9113
97.1914
95.8895
95.0057
94.5399
94.4921
94.8624
95.6508
96.8572
97.8719
98.6948
99.3261
99.7657
100.0136
100.0698
99.9342
99.6070
99.4815
99.5578
99.8359
100.3157
100.9973
101.8807
102.9658
104.2527
105.2983
106.1027
106.6658
106.9877
107.0684
106.9078
106.5059
105.8628
105.5356
105.5242
105.8287
106.4490
107.3851
108.6372
110.2050
112.0887
114.1322
116.3356
118.6987
121.2216
123.9043
126.7468
129.7492
132.9113
135.7863
138.3742
140.6751
142.6888
144.4155
145.8550
147.0075
147.8729
148.8856
150.0456
151.3529
152.8075
154.4095
156.1587
158.0553
160.0992
162.1024
164.0650
165.9869
167.8682
169.7089
171.5089
173.2683
174.9870
176.9353
179.1131
181.5206
184.1576
187.0241
190.1203
193.4460
197.0013
200.3376
203.4547
206.3527
209.0316
211.4914
213.7322
215.7538
217.5564
219.4118
221.3201
223.2814
225.2955
227.3625
229.4824
231.6552
233.8809
235.8774
237.6447
239.1829
240.4918
241.5715
242.4220
243.0434
243.4355
243.0153
241.7827
239.7378
236.8805
233.2108
228.7288
223.4344
217.3277
211.6686
206.4573
201.6937
197.3778
193.5096
190.0891
187.1163
184.5912
181.6890
178.4097
174.7531
170.7195
166.3087
161.5207
156.3556
150.8134
145.6152
140.7612
136.2512
132.0854
128.2637
124.7861
121.6526
118.8632
116.3047
113.9772
111.8807
110.0151
108.3804
106.9767
105.8040
104.8622
103.7341
102.4195
100.9185
99.2311
97.3573
95.2971
93.0506
90.6176
88.4704
86.6089
85.0333
83.7434
82.7392
82.0209
81.5883
81.4415
81.3966
81.4535
81.6124
81.8731
82.2357
82.7002
83.2665
83.9348
84.2996
84.3611
84.1192
83.5740
82.7253
81.5733
80.1179
78.3592
77.0570
76.2112
75.8220
75.8893
76.4132
77.3935
78.8303
80.7237
82.4280
83.9433
85.2695
86.4067
87.3548
88.1139
88.6839
89.0649
89.8052
90.9050
92.3642
94.1828
96.3608
98.8982
101.7950
105.0512
108.0670
110.8423
113.3772
115.6717
117.7257
119.5394
121.1125
122.4453
123.6359
124.6842
125.5904
126.3544
126.9761
127.4557
127.7931
127.9883
128.4258
129.1058
130.0281
131.1928
132.5999
134.2494
136.1412
138.2755
140.1804
141.8560
143.3023
144.5192
145.5068
146.2652
146.7942
147.0939
147.7287
148.6986
150.0036
151.6438
153.6191
155.9295
158.5750
161.5556
164.3273
166.8899
169.2436
171.3883
173.3240
175.0507
176.5684
177.8772
178.8705
179.5484
179.9108
179.9578
179.6894
179.1055
178.2062
176.9915
175.5666
173.9317
172.0866
170.0314
167.7661
165.2907
162.6052
159.7095
157.1846
155.0303
153.2467
151.8338
150.7916
150.1201
149.8193
149.8891
149.8320
149.6478
149.3366
148.8985
148.3333
147.6411
146.8219
145.8757
144.8756
143.8214
142.7134
141.5513
140.3353
139.0653
137.7413
136.3634
135.1847
134.2050
133.4245
132.8432
132.4610
132.2779
132.2940
132.5092
132.4658
132.1636
131.6028
130.7834
129.7052
128.3684
126.7730
124.9188
123.4426
122.3444
121.6241
121.2817
121.3174
121.7309
122.5225
123.6920
124.4086
124.6725
124.4837
123.8420
122.7475
121.2002
119.2002
116.7473
114.8579
113.5320
112.7694
112.5703
112.9347
113.8624
115.3537
117.4083
119.2418
120.8541
122.2452
123.4151
124.3639
125.0915
125.5979
125.8831
126.1201
126.3089
126.4495
126.5418
126.5860
126.5819
126.5297
126.4292
126.5089
126.7689
127.2090
127.8294
128.6300
129.6108
130.7719
132.1131
133.4512
134.7862
136.1180
137.4467
138.7722
140.0946
141.4138
142.7299
144.2617
146.0092
147.9726
150.1516
152.5464
155.1569
157.9832
161.0252
163.8402
166.4283
168.7894
170.9235
172.8306
174.5108
175.9640
177.1902
178.5243
179.9661
181.5157
183.1730
184.9382
186.8111
188.7919
190.8804
192.5035
193.6612
194.3536
194.5805
194.3420
193.6382
192.4689
190.8342
189.2496
187.7151
186.2307
184.7964
183.4122
182.0781
180.7940
179.5601
178.4897
177.5830
176.8398
176.2602
175.8442
175.5918
175.5030
175.5777
175.8270
176.2507
176.8488
177.6214
178.5685
179.6900
180.9859
182.4564
183.6365
184.5265
185.1261
185.4356
185.4548
185.1837
184.6224
183.7709
182.6048
181.1241
179.3289
177.2191
174.7948
172.0560
169.0025
165.6345
162.4787
159.5349
156.8033
154.2838
151.9763
149.8810
147.9978
146.3267
144.7047
143.1317
141.6078
140.1330
138.7071
137.3304
136.0027
134.7241
133.6066
132.6503
131.8552
131.2213
130.7485
130.4370
130.2866
130.2974
130.1345
129.7979
129.2877
128.6038
127.7462
126.7149
125.5099
124.1313
122.9773
122.0480
121.3433
120.8633
120.6080
120.5773
120.7713
121.1899
121.5663
121.9005
122.1924
122.4421
122.6495
122.8147
122.9377
123.0184
123.0282
122.9672
122.8352
122.6325
122.3588
122.0143
121.5989
121.1127
120.8535
120.8216
121.0167
121.4390
122.0885
122.9651
124.0688
125.3997
126.8543
128.4327
130.1349
131.9608
133.9104
135.9838
138.1810
140.5019
142.4251
143.9504
145.0780
145.8077
146.1397
146.0739
145.6103
144.7489
144.2969
144.2543
144.6211
145.3973
146.5829
148.1778
150.1822
152.5960
154.9474
157.2363
159.4628
161.6270
163.7287
165.7679
167.7448
169.6593
170.7737
171.0883
170.6028
169.3174
167.2320
164.3466
160.6612
156.1759
152.0505
148.2848
144.8790
141.8331
139.1470
136.8207
134.8543
133.2478
131.3616
129.1957
126.7502
124.0251
121.0203
117.7359
114.1719
110.3282
106.8800
103.8274
101.1703
98.9087
97.0427
95.5721
94.4972
93.8177
93.1031
92.3534
91.5686
90.7486
89.8935
89.0033
88.0780
87.1175
86.5386
86.3412
86.5254
87.0911
88.0383
89.3671
91.0774
93.1692
95.0850
96.8246
98.3882
99.7756
100.9870
102.0223
102.8815
103.5646
103.9163
103.9368
103.6260
102.9838
102.0103
100.7055
99.0694
97.1019
95.6559
94.7314
94.3283
94.4467
95.0865
96.2478
97.9306
100.1348
102.0102
103.5569
104.7748
105.6639
106.2242
106.4558
106.3586
105.9326
105.8547
106.1248
106.7429
107.7090
109.0232
110.6854
112.6956
115.0539
117.3690
119.6411
121.8702
124.0561
126.1989
128.2987
130.3554
132.3690
134.1402
135.6690
136.9553
137.9993
138.8008
139.3599
139.6766
139.7509
140.2051
141.0394
142.2536
143.8479
145.8221
148.1763
150.9105
154.0247
156.8895
159.5048
161.8706
163.9870
165.8539
167.4713
168.8393
169.9578
171.0989
172.2626
173.4488
174.6576
175.8890
177.1429
178.4195
179.7186
181.1290
182.6509
184.2841
186.0287
187.8846
189.8519
191.9306
194.1207
196.1836
198.1194
199.9280
201.6095
203.1638
204.5909
205.8909
207.0637
208.1407
209.1217
210.0069
210.7962
211.4895
212.0870
212.5886
212.9943
213.1965
213.1952
212.9904
212.5821
211.9703
211.1551
210.1363
208.9140
207.3267
205.3745
203.0574
200.3752
197.3282
193.9161
190.1391
185.9971
182.3683
179.2525
176.6497
174.5601
172.9835
171.9200
171.3695
171.3322
170.7269
169.5536
167.8124
165.5032
162.6261
159.1810
155.1680
150.5870
146.6346
143.3110
140.6159
138.5495
137.1118
136.3027
136.1223
136.5705
136.6968
136.5010
135.9832
135.1435
133.9817
132.4980
130.6923
128.5645
126.6373
124.9106
123.3844
122.0587
120.9336
120.0089
119.2848
118.7612
118.3444
118.0343
117.8310
117.7345
117.7448
117.8618
118.0856
118.4162
118.6710
118.8500
118.9532
118.9806
118.9323
118.8081
118.6082
118.3325
118.1721
118.1272
118.1976
118.3835
118.6847
119.1013
119.6333
120.2807
121.1867
122.3514
123.7748
125.4568
127.3974
129.5967
132.0547
134.7713
137.2669
139.5414
141.5948
143.4273
145.0386
146.4289
147.5982
148.5464
149.6347
150.8630
152.2313
153.7396
155.3880
157.1764
159.1048
161.1733
163.0436
164.7159
166.1901
167.4662
168.5443
169.4242
170.1061
170.5898
170.8394
170.8547
170.6359
170.1828
169.4955
168.5740
167.4183
166.0284
164.9730
164.2522
163.8659
163.8142
164.0971
164.7145
165.6665
166.9530
167.9927
168.7855
169.3314
169.6305
169.6827
169.4880
169.0465
168.3582
167.8903
167.6430
167.6162
167.8099
168.2241
168.8589
169.7141
170.7899
171.7025
172.4519
173.0381
173.4612
173.7210
173.8176
173.7511
173.5214
173.0576
172.3597
171.4277
170.2617
168.8616
167.2274
165.3592
163.2569
160.5505
157.2400
153.3256
148.8070
143.6844
137.9578
131.6271
124.6923
117.9810
111.4930
105.2285
99.1874
93.3697
87.7753
82.4044
77.2570
72.9557
69.5008
66.8921
65.1297
64.2136
64.1437
64.9201
66.5428
68.0715
69.5064
70.8472
72.0942
73.2472
74.3063
75.2714
76.1427
77.3235
78.8140
80.6141
82.7238
85.1432
87.8722
90.9108
94.2591
97.1967
99.7238
101.8403
103.5461
104.8414
105.7260
106.2001
106.2635
106.4526
106.7672
107.2074
107.7731
108.4645
109.2814
110.2238
111.2919
112.2330
113.0471
113.7343
114.2946
114.7279
115.0342
115.2136
115.2660
115.2862
115.2742
115.2299
115.1534
115.0446
114.9036
114.7304
114.5250
114.5499
114.8051
115.2906
116.0065
116.9527
118.1292
119.5361
121.1733
122.3388
123.0325
123.2545
123.0048
122.2834
121.0902
119.4252
117.2886
115.5359
114.1670
113.1821
112.5812
112.3641
112.5309
113.0817
114.0164
114.7489
115.2794
115.6077
115.7339
115.6579
115.3799
114.8997
114.2174
113.9839
114.1992
114.8633
115.9763
117.5380
119.5485
122.0079
124.9160
127.5024
129.7671
131.7100
133.3311
134.6304
135.6080
136.2638
136.5979
137.0206
137.5318
138.1317
138.8201
139.5972
140.4629
141.4171
142.4600
143.6580
145.0111
146.5193
148.1827
150.0012
151.9749
154.1037
156.3876
158.5294
160.5290
162.3864
164.1017
165.6748
167.1058
168.3946
169.5412
170.3083
170.6958
170.7036
170.3319
169.5806
168.4497
166.9391
165.0490
163.9919
163.7676
164.3762
165.8178
168.0922
171.1996
175.1398
179.9130
184.1670
187.9018
191.1173
193.8136
195.9907
197.6486
198.7873
199.4068
200.0224
200.6341
201.2419
201.8458
202.4459
203.0420
203.6343
204.2227
204.6267
204.8462
204.8812
204.7318
204.3980
203.8797
203.1769
202.2897
201.2873
200.1699
198.9373
197.5896
196.1267
194.5488
192.8557
191.0475
189.2223
187.3803
185.5213
183.6454
181.7526
179.8428
177.9161
175.9725
173.8702
171.6091
169.1893
166.6107
163.8734
160.9774
157.9226
154.7091
151.8373
149.3074
147.1192
145.2727
143.7681
142.6052
141.7841
141.3048
140.6829
139.9182
139.0110
137.9610
136.7684
135.4332
133.9553
132.3348
130.8082
129.3757
128.0371
126.7925
125.6419
124.5853
123.6227
122.7541
122.4540
122.7226
123.5598
124.9656
126.9400
129.4830
132.5946
136.2748
139.4781
142.2043
144.4537
146.2261
147.5215
148.3399
148.6814
148.5460
148.3412
148.0672
147.7238
147.3111
146.8292
146.2779
145.6574
144.9675
144.4768
144.1853
144.0930
144.1998
144.5058
145.0110
145.7154
146.6189
147.3260
147.8366
148.1507
148.2685
148.1897
147.9146
147.4429
146.7749
146.2131
145.7577
145.4087
145.1659
145.0295
144.9995
145.0757
145.2583
145.8201
146.7611
148.0813
149.7806
151.8591
154.3168
157.1537
160.3698
162.9384
164.8594
166.1330
166.7591
166.7377
166.0688
164.7524
162.7885
161.3236
160.3578
159.8909
159.9231
160.4543
161.4844
163.0137
165.0419
166.7314
168.0821
169.0942
169.7675
170.1021
170.0979
169.7550
169.0734
168.6030
168.3438
168.2959
168.4592
168.8337
169.4194
170.2164
171.2245
171.5624
171.2299
170.2270
168.5539
166.2103
163.1965
159.5123
155.1577
151.1770
147.5700
144.3367
141.4773
138.9916
136.8797
135.1415
133.7772
131.9163
129.5588
126.7049
123.3544
119.5073
115.1637
110.3236
104.9870
100.1867
95.9229
92.1954
89.0042
86.3495
84.2311
82.6491
81.6035
80.4164
79.0878
77.6176
76.0059
74.2527
72.3579
70.3217
68.1439
66.1357
64.2972
62.6282
61.1289
59.7992
58.6390
57.6485
56.8277
55.9778
55.0988
54.1909
53.2540
52.2880
51.2931
50.2691
49.2161
48.6054
48.4369
48.7107
49.4268
50.5851
52.1857
54.2286
56.7138
58.6729
60.1060
61.0131
61.3942
61.2492
60.5783
59.3813
57.6583
57.1664
57.9056
59.8759
63.0773
67.5097
73.1733
80.0679
88.1936
95.4886
101.9527
107.5861
112.3886
116.3604
119.5015
121.8117
123.2911
124.7519
126.1940
127.6173
129.0220
130.4080
131.7753
133.1239
134.4539
135.8059
137.1800
138.5761
139.9944
141.4347
142.8971
144.3816
145.8882
147.2788
148.5535
149.7122
150.7550
151.6818
152.4927
153.1876
153.7666
154.2399
154.6076
154.8697
155.0261
155.0769
155.0221
154.8616
154.5955
154.7152
155.2206
156.1119
157.3889
159.0518
161.1004
163.5348
166.3550
168.9341
171.2720
173.3689
175.2247
176.8393
178.2129
179.3453
180.2367
180.9941
181.6176
182.1071
182.4628
182.6845
182.7722
182.7260
182.5459
182.7614
183.3724
184.3790
185.7811
187.5789
189.7721
192.3610
195.3454
197.9289
200.1116
201.8933
203.2742
204.2542
204.8333
205.0116
204.7890
204.4129
203.8834
203.2004
202.3640
201.3742
200.2309
198.9341
197.4840
195.8899
194.1519
192.2700
190.2442
188.0746
185.7610
183.3035
180.7021
177.7185
174.3526
170.6045
166.4741
161.9615
157.0666
151.7894
146.1300
141.2509
137.1521
133.8335
131.2952
129.5373
128.5595
128.3621
128.9450
129.4402
129.8477
130.1676
130.3999
130.5445
130.6015
130.5708
130.4525
130.2593
129.9912
129.6481
129.2302
128.7374
128.1696
127.5269
126.8094
126.5915
126.8732
127.6545
128.9355
130.7162
132.9964
135.7764
139.0559
141.9825
144.5562
146.7769
148.6446
150.1594
151.3212
152.1301
152.5860
152.9070
153.0930
153.1440
153.0601
152.8412
152.4873
151.9984
151.3747
150.7255
150.0509
149.3509
148.6255
147.8747
147.0985
146.2969
145.4698
144.9358
144.6946
144.7463
145.0909
145.7284
146.6588
147.8821
149.3984
150.6081
151.5113
152.1081
152.3983
152.3820
152.0593
151.4300
150.4943
149.9854
149.9032
150.2479
151.0194
152.2177
153.8428
155.8947
158.3734
160.6704
162.7858
164.7196
166.4717
168.0422
169.4310
170.6382
171.6638
172.6119
173.4825
174.2756
174.9912
175.6294
176.1901
176.6733
177.0791
177.8590
179.0130
180.5412
182.4436
184.7201
187.3707
190.3955
193.7945
196.1613
197.4959
197.7984
197.0688
195.3071
192.5132
188.6871
183.8289
179.1499
174.6501
170.3294
166.1879
162.2255
158.4423
154.8383
151.4134
148.3171
145.5494
143.1102
140.9996
139.2175
137.7640
136.6391
135.8427
135.0360
134.2190
133.3916
132.5540
131.7060
130.8478
129.9792
129.1003
128.3230
127.6472
127.0729
126.6002
126.2290
125.9594
125.7913
125.7248
125.7174
125.7694
125.8806
126.0510
126.2807
126.5696
126.9177
127.3251
127.4892
127.4099
127.0873
126.5214
125.7121
124.6595
123.3636
121.8243
120.5022
119.3973
118.5096
117.8390
117.3856
117.1493
117.1302
117.3283
117.6551
118.1106
118.6948
119.4077
120.2492
121.2195
122.3184
123.5461
124.4889
125.1467
125.5197
125.6077
125.4109
124.9292
124.1625
123.1110
122.2868
121.6900
121.3205
121.1783
121.2635
121.5761
122.1160
122.8833
123.4195
123.7248
123.7991
123.6424
123.2546
122.6359
121.7862
120.7055
120.0312
119.7633
119.9018
120.4467
121.3980
122.7558
124.5199
126.6904
128.4088
129.6750
130.4890
130.8509
130.7607
130.2182
129.2237
127.7769
126.8306
126.3847
126.4392
126.9942
128.0495
129.6053
131.6615
134.2181
136.5326
138.6051
140.4355
142.0239
143.3703
144.4745
145.3368
145.9570
146.4575
146.8383
147.0995
147.2410
147.2628
147.1650
146.9475
146.6103
146.3181
146.0707
145.8683
145.7108
145.5982
145.5306
145.5079
145.5300
145.4426
145.2454
144.9386
144.5221
143.9959
143.3600
142.6145
141.7592
141.1611
140.8200
140.7360
140.9091
141.3392
142.0264
142.9706
144.1720
145.3066
146.3746
147.3759
148.3104
149.1784
149.9796
150.7141
151.3820
152.2494
153.3165
154.5831
156.0493
157.7151
159.5805
161.6455
163.9100
166.0084
167.9407
169.7069
171.3069
172.7408
174.0085
175.1101
176.0455
176.5995
176.7721
176.5631
175.9727
175.0008
173.6475
171.9126
169.7963
167.8279
166.0074
164.3348
162.8101
161.4333
160.2044
159.1233
158.1902
157.5499
157.2025
157.1479
157.3862
157.9174
158.7414
159.8583
161.2680
161.8522
161.6109
160.5440
158.6515
155.9335
152.3900
148.0208
142.8262
138.4376
134.8550
132.0784
130.1079
128.9434
128.5849
129.0325
130.2861
131.0265
131.2537
130.9678
130.1687
128.8565
127.0310
124.6924
121.8407
119.3693
117.2783
115.5677
114.2375
113.2876
112.7182
112.5291
112.7204
112.7985
112.7634
112.6150
112.3535
111.9787
111.4907
110.8895
110.1750
109.4122
108.6010
107.7415
106.8335
105.8772
104.8726
103.8195
102.7181
101.9357
101.4725
101.3284
101.5034
101.9975
102.8108
103.9431
105.3945
106.5272
107.3410
107.8359
108.0121
107.8694
107.4080
106.6276
105.5285
104.6358
103.9496
103.4697
103.1963
103.1293
103.2688
103.6146
104.1669
104.6654
105.1101
105.5010
105.8381
106.1214
106.3509
106.5266
106.6485
106.6854
106.6375
106.5045
106.2867
105.9839
105.5962
105.1236
104.5660
104.3261
104.4039
104.7993
105.5123
106.5430
107.8914
109.5574
111.5410
113.3582
115.0088
116.4929
117.8105
118.9616
119.9462
120.7643
121.4158
121.9858
122.4742
122.8809
123.2061
123.4497
123.6116
123.6920
123.6908
123.6348
123.5242
123.3588
123.1388
122.8640
122.5345
122.1502
121.7113
122.1232
123.3858
125.4993
128.4635
132.2785
136.9443
142.4609
148.8282
154.1114
158.3103
161.4250
163.4555
164.4017
164.2638
163.0416
160.7351
159.0644
158.0294
157.6301
157.8664
158.7385
160.2463
162.3897
165.1689
168.0711
171.0962
174.2443
177.5154
180.9095
184.4266
188.0667
191.8298
194.8272
197.0589
198.5250
199.2254
199.1602
198.3293
196.7327
194.3704
191.8553
189.1872
186.3661
183.3922
180.2653
176.9855
173.5527
169.9671
167.0017
164.6567
162.9320
161.8276
161.3435
161.4798
162.2363
163.6132
164.5941
165.1791
165.3682
165.1613
164.5585
163.5598
162.1651
160.3745
158.5938
156.8232
155.0625
153.3117
151.5710
149.8402
148.1194
146.4085
145.2182
144.5483
144.3990
144.7701
145.6617
147.0738
149.0064
151.4595
153.6936
155.7086
157.5047
159.0817
160.4397
161.5786
162.4986
163.1995
163.8816
164.5448
165.1892
165.8147
166.4213
167.0091
167.5781
168.1282
168.3068
168.1139
167.5495
166.6136
165.3062
163.6273
161.5769
159.1551
157.1509
155.5646
154.3959
153.6451
153.3120
153.3966
153.8990
154.8191
155.3089
155.3683
154.9974
154.1960
152.9643
151.3023
149.2099
146.6871
144.5744
142.8717
141.5792
140.6968
140.2245
140.1623
140.5101
141.2681
141.7663
142.0048
141.9836
141.7026
141.1619
140.3615
139.3013
137.9814
136.8515
135.9117
135.1619
134.6022
134.2326
134.0530
134.0634
134.2639
134.2661
134.0700
133.6755
133.0826
132.2915
131.3020
130.1142
128.7280
127.9126
127.6678
127.9937
128.8904
130.3577
132.3957
135.0044
138.1838
140.7962
142.8417
144.3201
145.2316
145.5761
145.3536
