109.4872
109.2437
108.8864
108.4151
107.8300
107.1310
106.7638
106.7285
107.0251
107.6536
108.6139
109.9061
111.5301
113.4860
115.2852
116.9276
118.4132
119.7421
120.9141
121.9295
122.7880
123.4898
124.5490
125.9656
127.7395
129.8709
132.3596
135.2057
138.4092
141.9701
145.2629
148.2875
151.0439
153.5322
155.7524
157.7044
159.3883
160.8040
162.2318
163.6716
165.1235
166.5875
168.0635
169.5516
171.0517
172.5639
174.1146
175.7040
177.3318
178.9983
180.7033
182.4469
184.2291
186.0498
187.7300
189.2696
190.6688
191.9274
193.0455
194.0231
194.8601
195.5566
196.0867
196.4504
196.6477
196.6785
196.5429
196.2409
195.7725
195.1377
194.4465
193.6989
192.8949
192.0346
191.1180
190.1449
189.1155
188.0297
187.1447
186.4605
185.9771
185.6945
185.6127
185.7317
186.0515
186.5721
186.0783
184.5701
182.0476
178.5106
173.9593
168.3937
161.8136
154.2192
147.7170
142.3071
137.9895
134.7641
132.6310
131.5901
131.6415
132.7852
133.6859
134.3438
134.7586
134.9306
134.8596
134.5457
133.9889
133.1891
132.4914
131.8958
131.4023
131.0109
130.7216
130.5343
130.4492
130.4661
130.4184
130.3061
130.1291
129.8876
129.5814
129.2106
128.7752
128.2751
127.7695
127.2584
126.7417
126.2195
125.6917
125.1585
124.6196
124.0753
123.5285
122.9793
122.4277
121.8736
121.3172
120.7583
120.1970
119.6333
119.1108
118.6296
118.1896
117.7909
117.4334
117.1171
116.8421
116.6083
116.4101
116.2474
116.1203
116.0288
115.9728
115.9523
115.9675
116.0181
116.0405
116.0346
116.0005
115.9380
115.8473
115.7282
115.5809
115.4053
115.5055
115.8816
116.5334
117.4611
118.6646
120.1439
121.8991
123.9300
125.9270
127.8900
129.8191
131.7142
133.5754
135.4026
137.1958
138.9551
140.9983
143.3254
145.9364
148.8312
152.0100
155.4727
159.2192
163.2497
166.9568
170.3405
173.4008
176.1378
178.5514
180.6416
182.4084
183.8519
185.0946
186.1367
186.9780
187.6185
188.0584
188.2975
188.3359
188.1735
187.8859
187.4729
186.9347
186.2711
185.4822
184.5680
183.5285
182.3637
181.1960
180.0252
178.8514
177.6747
176.4950
175.3123
174.1267
172.9380
171.6484
170.2576
168.7659
167.1731
165.4792
163.6843
161.7884
159.7914
157.8218
155.8796
153.9648
152.0773
150.2172
148.3845
146.5792
144.8012
143.1763
141.7043
140.3853
139.2193
138.2063
137.3463
136.6393
136.0853
135.6083
135.2082
134.8851
134.6390
134.4699
134.3777
134.3626
134.4244
134.3289
134.0761
133.6661
133.0987
132.3741
131.4922
130.4530
129.2565
128.1772
127.2151
126.3702
125.6425
125.0320
124.5387
124.1627
123.9038
123.5821
123.1974
122.7499
122.2394
121.6661
121.0299
120.3308
119.5688
118.8585
118.1999
117.5931
117.0379
116.5345
116.0827
115.6827
115.3344
115.0638
114.8709
114.7558
114.7183
114.7586
114.8766
115.0723
115.3458
115.5755
115.7615
115.9039
116.0025
116.0575
116.0688
116.0363
115.9602
115.9213
115.9198
115.9555
116.0285
116.1388
116.2864
116.4712
116.6934
116.9041
117.1034
117.2912
117.4677
117.6327
117.7862
117.9284
118.0591
118.1430
118.1801
118.1704
118.1140
118.0107
117.8607
117.6638
117.4202
117.2068
117.0237
116.8709
116.7484
116.6561
116.5941
116.5624
116.5609
116.4795
116.3180
116.0765
115.7551
115.3536
114.8721
114.3107
113.6692
113.1148
112.6476
112.2676
111.9746
111.7689
111.6502
111.6187
111.6743
111.6909
111.6685
111.6070
111.5065
111.3670
111.1885
110.9710
110.7144
110.5958
110.6151
110.7723
111.0675
111.5005
112.0716
112.7805
113.6274
114.7523
116.1555
117.8367
119.7961
122.0336
124.5493
127.3431
130.4150
133.2573
135.8699
138.2530
140.4064
142.3302
144.0244
145.4890
146.7239
147.8060
148.7352
149.5116
150.1351
150.6057
150.9235
151.0884
151.1004
151.0818
151.0324
150.9524
150.8417
150.7002
150.5281
150.3253
150.0918
149.8313
149.5439
149.2295
148.8881
148.5198
148.1245
147.7022
147.2530
146.8173
146.3950
145.9862
145.5909
145.2090
144.8407
144.4858
144.1444
143.7262
143.2311
142.6591
142.0103
141.2847
140.4822
139.6028
138.6466
137.8641
137.2552
136.8200
136.5584
136.4705
136.5563
136.8157
137.2487
137.6673
138.0713
138.4608
138.8357
139.1962
139.5420
139.8734
140.1902
140.3821
140.4490
140.3909
140.2079
139.8999
139.4669
138.9090
138.2261
137.5738
136.9521
136.3610
135.8005
135.2706
134.7713
134.3027
133.8646
133.4912
133.1825
132.9385
132.7592
132.6446
132.5947
132.6094
132.6889
132.7657
132.8399
132.9114
132.9804
133.0467
133.1104
133.1715
133.2299
133.2382
133.1962
133.1040
132.9616
132.7690
132.5262
132.2332
131.8900
131.5992
131.3609
131.1751
131.0417
130.9608
130.9324
130.9565
131.0330
131.0932
131.1373
131.1651
131.1767
131.1720
131.1512
131.1141
131.0607
131.0047
130.9461
130.8848
130.8209
130.7543
130.6850
130.6131
130.5386
130.4623
130.3842
130.3044
130.2229
130.1396
130.0546
129.9678
129.8793
129.7742
129.6526
129.5145
129.3598
129.1886
129.0009
128.7966
128.5758
128.4001
128.2696
128.1842
128.1440
128.1489
128.1990
128.2942
128.4346
128.4587
128.3665
128.1580
127.8332
127.3922
126.8348
126.1612
125.3713
124.7594
124.3255
124.0695
123.9916
124.0917
124.3698
124.8259
125.4600
125.9671
126.3472
126.6002
126.7263
126.7253
126.5974
126.3424
125.9604
126.1489
126.9079
128.2373
130.1373
132.6077
135.6486
139.2600
143.4419
147.2901
150.8047
153.9856
156.8328
159.3464
161.5263
163.3725
164.8851
166.1645
167.2108
168.0240
168.6039
168.9508
169.0644
168.9450
168.5923
168.2186
167.8238
167.4078
166.9707
166.5126
166.0333
165.5329
165.0114
164.5509
164.1514
163.8129
163.5354
163.3189
163.1634
163.0689
163.0355
162.7724
162.2798
161.5577
160.6060
159.4248
158.0140
156.3736
154.5037
152.8193
151.3202
150.0066
148.8785
147.9357
147.1784
146.6065
146.2201
145.9245
145.7198
145.6059
145.5829
145.6508
145.8096
146.0592
146.3997
146.7389
147.0769
147.4137
147.7492
148.0835
148.4166
148.7484
149.0790
149.2499
149.2613
149.1130
148.8050
148.3375
147.7103
146.9235
145.9771
145.0883
144.2574
143.4841
142.7685
142.1107
141.5106
140.9682
140.4836
139.9935
139.4981
138.9973
138.4911
137.9796
137.4627
136.9404
136.4127
135.8969
135.3931
134.9012
134.4212
133.9531
133.4969
133.0527
132.6204
132.1942
131.7741
131.3601
130.9523
130.5505
130.1548
129.7653
129.3818
129.0407
128.7417
128.4851
128.2707
128.0986
127.9687
127.8812
127.8358
127.7593
127.6515
127.5125
127.3422
127.1407
126.9080
126.6440
126.3488
126.0810
125.8407
125.6277
125.4422
125.2841
125.1534
125.0502
124.9743
124.9138
124.8686
124.8387
124.8241
124.8248
124.8409
124.8723
124.9189
124.9279
124.8991
124.8326
124.7284
124.5864
124.4068
124.1894
123.9342
123.7600
123.6668
123.6545
123.7232
123.8728
124.1033
124.4148
124.8072
125.1355
125.3998
125.6001
125.7362
125.8083
125.8164
125.7604
125.6403
125.4956
125.3262
125.1323
124.9137
124.6704
124.4026
124.1101
123.7930
123.4755
123.1576
122.8393
122.5206
122.2015
121.8820
121.5620
121.2417
121.5063
122.3557
123.7900
125.8091
128.4131
131.6020
135.3757
139.7343
143.5878
146.9362
149.7796
152.1179
153.9512
155.2794
156.1025
156.4206
156.6608
156.8233
156.9079
156.9148
156.8439
156.6951
156.4686
156.1643
155.8365
155.4853
155.1107
154.7126
154.2911
153.8462
153.3779
152.8861
152.3881
151.8838
151.3734
150.8567
150.3337
149.8046
149.2692
148.7275
148.2135
147.7272
147.2684
146.8373
146.4339
146.0580
145.7098
145.3892
144.9022
144.2489
143.4291
142.4429
141.2903
139.9713
138.4859
136.8342
135.4403
134.3042
133.4261
132.8058
132.4434
132.3389
132.4923
132.9036
133.2364
133.4910
133.6671
133.7649
133.7843
133.7254
133.5881
133.3724
133.1896
133.0397
132.9226
132.8385
132.7872
132.7688
132.7833
132.8306
132.8499
132.8410
132.8041
132.7390
132.6458
132.5245
132.3751
132.1976
132.0489
131.9290
131.8379
131.7756
131.7421
131.7374
131.7614
131.8143
131.8735
131.9391
132.0109
132.0891
132.1736
132.2645
132.3616
132.4651
132.5199
132.5262
132.4838
132.3928
132.2532
132.0650
131.8282
131.5428
131.2785
131.0354
130.8135
130.6127
130.4331
130.2746
130.1373
130.0212
129.9366
129.8835
129.8618
129.8717
129.9130
129.9858
130.0901
130.2260
130.2939
130.2940
130.2263
130.0908
129.8874
129.6161
129.2771
128.8702
128.5265
128.2462
128.0292
127.8754
127.7850
127.7578
127.7939
127.8934
127.9766
128.0436
128.0944
128.1290
128.1475
128.1497
128.1357
128.1055
128.0850
128.0741
128.0729
128.0814
128.0995
128.1273
128.1647
128.2118
128.2457
128.2664
128.2738
128.2681
128.2491
128.2169
128.1715
128.1129
128.0724
128.0501
128.0459
128.0598
128.0919
128.1422
128.2105
128.2970
128.3852
128.4751
128.5667
128.6600
128.7550
128.8517
128.9501
129.0502
129.3411
129.8229
130.4955
131.3589
132.4132
133.6583
135.0943
136.7210
138.5371
140.5425
142.7372
145.1211
147.6944
150.4570
153.4088
156.5500
159.2203
161.4196
163.1481
164.4056
165.1922
165.5080
165.3528
164.7267
164.0788
163.4089
162.7173
162.0037
161.2683
160.5111
159.7319
158.9309
158.2518
157.6946
157.2592
156.9457
156.7541
156.6844
156.7365
156.9105
156.9769
156.9355
156.7865
156.5298
156.1653
155.6932
155.1134
154.4259
153.7091
152.9629
152.1873
151.3824
150.5481
149.6844
148.7914
147.8690
147.0092
146.2120
145.4774
144.8054
144.1960
143.6492
143.1650
142.7435
142.3597
142.0139
141.7059
141.4358
141.2035
141.0091
140.8526
140.7340
140.5941
140.4330
140.2506
140.0470
139.8222
139.5761
139.3089
139.0203
138.6141
138.0902
137.4486
136.6894
135.8124
134.8178
133.7055
132.4755
131.3957
130.4661
129.6867
129.0575
128.5785
128.2497
128.0712
128.0428
127.9451
127.7781
127.5418
127.2361
126.8611
126.4167
125.9030
125.3200
124.8309
124.4357
124.1343
123.9269
123.8133
123.7936
123.8678
124.0359
124.0931
124.0394
123.8749
123.5995
123.2132
122.7161
122.1081
121.3893
120.7815
120.2849
119.8994
119.6249
119.4616
119.4094
119.4683
119.6383
119.7045
119.6669
119.5255
119.2803
118.9313
118.4785
117.9219
117.2615
116.6916
116.2120
115.8230
115.5243
115.3161
115.1983
115.1709
115.2340
115.2957
115.3559
115.4147
115.4721
115.5280
115.5826
115.6357
115.6873
115.7018
115.6789
115.6187
115.5213
115.3866
115.2147
115.0054
114.7589
114.5480
114.3726
114.2329
114.1287
114.0602
114.0272
114.0299
114.0681
114.1720
114.3416
114.5769
114.8779
115.2445
115.6768
116.1748
116.7385
117.1966
117.5491
117.7960
117.9373
117.9730
117.9032
117.7277
117.4466
117.7145
118.5313
119.8971
121.8118
124.2754
127.2880
130.8495
134.9600
138.6480
141.9137
144.7568
147.1776
149.1759
150.7518
151.9053
152.6363
153.4029
154.2051
155.0428
155.9160
156.8248
157.7691
158.7490
159.7644
160.5987
161.2520
161.7241
162.0152
162.1251
162.0540
161.8018
161.3685
160.9466
160.5361
160.1370
159.7493
159.3731
159.0082
158.6548
158.3127
157.9954
157.7028
157.4349
157.1917
156.9731
156.7793
156.6102
156.4658
156.1769
155.7436
155.1660
154.4438
153.5773
152.5663
151.4110
150.1112
148.9125
147.8150
146.8187
145.9235
145.1295
144.4367
143.8450
143.3545
142.9320
142.5774
142.2909
142.0724
141.9219
141.8394
141.8249
141.8784
141.9144
141.9329
141.9339
141.9174
141.8834
141.8319
141.7629
141.6764
141.5095
141.2621
140.9343
140.5260
140.0373
139.4682
138.8186
138.0886
137.5684
137.2581
137.1577
137.2671
137.5864
138.1155
138.8545
139.8034
140.7217
141.6096
142.4670
143.2938
144.0902
144.8561
145.5915
146.2964
146.8864
147.3616
147.7218
147.9672
148.0977
148.1132
148.0139
147.7998
147.6030
147.4236
147.2617
147.1171
146.9900
146.8803
146.7880
146.7131
146.6402
146.5693
146.5003
146.4334
146.3684
146.3054
146.2444
146.1853
146.1251
146.0636
146.0009
145.9370
145.8719
145.8056
145.7381
145.6694
145.6004
145.5310
145.4614
145.3915
145.3213
145.2508
145.1799
145.1088
145.0375
144.9659
144.8941
144.8221
144.7498
144.6773
144.6045
144.5315
144.4583
144.3849
144.3113
144.2374
144.1634
144.0891
144.0146
143.9399
143.8650
143.7897
143.7142
143.6384
143.5623
143.4859
143.4092
143.3323
143.2550
143.1775
143.0996
143.0214
142.9430
142.8642
142.7851
142.7057
142.6259
142.5459
142.4655
142.3847
142.3036
142.2222
142.1405
142.0584
141.9760
141.8932
141.8101
141.7266
141.6427
141.5585
141.4740
141.3891
141.3039
141.2184
141.1327
141.0467
140.9604
140.8739
140.7870
140.6999
140.6126
140.5250
140.4372
140.3492
140.2609
140.1724
140.0837
139.9948
139.9056
139.8163
139.7267
139.6370
139.5471
139.4569
139.3666
139.2761
139.1814
139.0824
138.9793
138.8720
138.7605
138.6448
138.5249
138.4008
138.3136
138.2632
138.2497
138.2731
138.3333
138.4303
138.5642
138.7350
138.7381
138.5736
138.2414
137.7415
137.0740
136.2388
135.2360
134.0655
132.9198
131.7989
130.7027
129.6313
128.5847
127.5629
126.5658
125.5936
124.7475
124.0277
123.4341
122.9667
122.6256
122.4107
122.3220
122.3595
122.4108
122.4759
122.5548
122.6476
122.7541
122.8744
123.0085
123.1564
123.2497
123.2883
123.2724
123.2017
123.0764
122.8965
122.6620
122.3728
122.0888
121.8100
121.5365
121.2681
121.0049
120.7470
120.4942
120.2467
120.0042
119.7667
119.5342
119.3068
119.0843
118.8670
118.6546
118.4472
118.2503
118.0637
117.8874
117.7215
117.5660
117.4209
117.2861
117.1616
117.0435
116.9317
116.8261
116.7269
116.6339
116.5473
116.4669
116.3928
116.3126
116.2263
116.1338
116.0353
115.9306
115.8197
115.7028
115.5797
115.4839
115.4153
115.3741
115.3601
115.3734
115.4140
115.4818
115.5769
115.6842
115.8036
115.9351
116.0788
116.2346
116.4025
116.5825
116.7747
116.9507
117.1105
117.2540
117.3814
117.4926
117.5875
117.6663
117.7289
117.7475
117.7221
117.6528
117.5395
117.3822
117.1810
116.9359
116.6468
116.3378
116.0090
115.6604
115.2919
114.9036
114.4955
114.0675
113.6197
113.2089
112.8351
112.4983
112.1986
111.9358
111.7101
111.5214
111.3697
111.1999
111.0120
110.8061
110.5821
110.3401
110.0800
109.8018
109.5055
109.4860
109.7432
110.2772
111.0879
112.1754
113.5396
115.1806
117.0983
118.7405
120.1073
121.1987
122.0146
122.5551
122.8202
122.8098
122.5239
123.0997
124.5370
126.8359
129.9964
134.0185
138.9022
144.6475
151.2543
157.2064
162.5036
167.1461
171.1338
174.4667
177.1448
179.1681
180.5367
181.9786
183.4938
185.0824
186.7443
188.4796
190.2883
192.1703
194.1256
196.1650
198.2884
200.4958
202.7872
205.1627
207.6222
210.1658
212.7933
215.0228
216.8543
218.2878
219.3233
219.9607
220.2001
220.0415
219.4849
218.6285
217.4725
216.0168
214.2614
212.2063
209.8515
207.1970
204.2428
201.4351
198.7740
196.2593
193.8912
191.6695
189.5944
187.6658
185.8837
184.2195
182.6732
181.2447
179.9342
178.7416
177.6669
176.7100
175.8711
174.8909
173.7694
172.5066
171.1026
169.5572
167.8706
166.0427
164.0735
162.0400
159.9423
157.7804
155.5542
153.2638
150.9091
148.4901
146.0070
143.6172
141.3208
139.1178
137.0082
134.9920
133.0693
131.2399
129.5039
127.7724
126.0454
124.3230
122.6050
120.8916
119.1826
117.4782
115.7782
114.0029
112.1522
110.2261
108.2247
106.1478
103.9956
101.7679
99.4649
97.3646
95.4670
93.7721
92.2798
90.9903
89.9034
89.0193
88.3378
87.6537
86.9668
86.2772
85.5849
84.8899
84.1921
83.4917
82.7885
82.1458
81.5636
81.0419
80.5806
80.1798
79.8395
79.5596
79.3402
79.1314
78.9330
78.7451
78.5678
78.4009
78.2445
78.0987
77.9633
77.8189
77.6653
77.5026
77.3308
77.1499
76.9599
76.7607
76.5525
76.4314
76.3975
76.4509
76.5914
76.8192
77.1341
77.5363
78.0256
78.4518
78.8150
79.1150
79.3520
79.5258
79.6366
79.6842
79.6688
79.7865
80.0373
80.4214
80.9386
81.5889
82.3724
83.2891
84.3390
85.4933
86.7522
88.1156
89.5835
91.1559
92.8329
94.6144
96.5004
98.8913
101.7873
105.1883
109.0943
113.5052
118.4212
123.8421
129.7681
135.5975
141.3305
146.9670
152.5071
157.9507
163.2978
168.5484
173.7025
178.9907
184.4128
189.9690
195.6591
201.4833
207.4415
213.5336
219.7598
224.9265
229.0337
232.0815
234.0698
234.9986
234.8680
233.6778
231.4283
229.4241
227.6654
226.1521
224.8842
223.8617
223.0847
222.5531
222.2669
221.8353
221.2583
220.5358
219.6680
218.6547
217.4960
216.1919
214.7424
213.2808
211.8072
210.3216
208.8240
207.3144
205.7927
204.2590
202.7132
200.6706
198.1311
195.0947
191.5615
187.5313
183.0042
177.9803
172.4595
167.9227
164.3700
161.8014
160.2168
159.6163
159.9998
161.3674
163.7191
164.9810
165.1530
164.2353
162.2277
159.1304
154.9432
149.6663
143.2995
137.9865
133.7273
130.5219
128.3702
127.2723
127.2281
128.2377
130.3011
131.9405
133.1559
133.9474
134.3148
134.2582
133.7776
132.8731
131.5445
129.9776
128.1724
126.1287
123.8468
121.3264
118.5678
115.5707
112.3353
109.6619
107.5505
106.0010
105.0135
104.5880
104.7244
105.4229
106.6833
107.5966
108.1629
108.3820
108.2541
107.7792
106.9571
105.7880
104.2718
102.7812
101.3163
99.8770
98.4633
97.0753
95.7129
94.3761
93.0649
91.9958
91.1687
90.5836
90.2406
90.1396
90.2806
90.6636
91.2887
91.7482
92.0421
92.1704
92.1332
91.9303
91.5619
91.0278
90.3282
89.7387
89.2593
88.8900
88.6309
88.4818
88.4428
88.5139
88.6952
88.8625
89.0157
89.1551
89.2804
89.3918
89.4892
89.5726
89.6421
89.7787
89.9825
90.2535
90.5916
90.9969
91.4694
92.0090
92.6158
93.1795
93.7002
94.1777
94.6121
95.0034
95.3515
95.6566
95.9186
96.8666
98.5007
100.8207
103.8268
107.5190
111.8971
116.9613
122.7115
127.4506
131.1787
133.8956
135.6015
136.2963
135.9801
134.6527
132.3143
131.6484
132.6549
135.3340
139.6856
145.7096
153.4062
162.7752
173.8167
183.5810
192.0679
199.2776
205.2100
209.8651
213.2429
215.3434
216.1666
216.8256
217.3205
217.6512
217.8178
217.8201
217.6584
217.3324
216.8423
215.7792
214.1432
211.9343
209.1524
205.7975
201.8697
197.3690
192.2953
187.9855
184.4394
181.6573
179.6389
178.3844
177.8937
178.1669
179.2039
180.2917
181.4304
182.6200
183.8605
185.1518
186.4940
187.8870
189.3309
189.8219
189.3598
187.9447
185.5766
182.2555
177.9813
172.7542
166.5741
161.1120
156.3679
152.3419
149.0338
146.4438
144.5719
143.4179
142.9820
142.7003
142.5729
142.5998
142.7809
143.1162
143.6058
144.2497
145.0478
145.1212
144.4698
143.0937
140.9928
138.1672
134.6168
130.3416
125.3417
121.1691
117.8236
115.3053
113.6143
112.7505
112.7138
113.5044
115.1222
116.3514
117.1919
117.6437
117.7069
117.3814
116.6672
115.5644
114.0729
112.6937
111.4268
110.2721
109.2296
108.2994
107.4815
106.7758
106.1824
105.6877
105.2918
104.9947
104.7963
104.6967
104.6958
104.7937
104.9903
105.1172
105.1743
105.1617
105.0792
104.9271
104.7051
104.4134
104.0519
103.7364
103.4669
103.2433
103.0658
102.9342
102.8487
102.8091
102.8155
102.8659
102.9602
103.0984
103.2807
103.5068
103.7770
104.0910
104.4491
104.7255
104.9202
105.0333
105.0648
105.0147
104.8829
104.6694
104.3743
104.1052
103.8621
103.6449
103.4537
103.2885
103.1492
103.0359
102.9486
102.9918
103.1655
103.4697
103.9043
104.4695
105.1653
105.9915
106.9482
108.1441
109.5791
111.2533
113.1667
115.3193
117.7110
120.3419
123.2120
126.1668
129.2063
132.3306
135.5395
138.8332
142.2116
145.6747
149.2226
152.5729
155.7258
158.6812
161.4391
163.9995
166.3625
168.5280
170.4960
172.4509
174.3927
176.3214
178.2370
180.1396
182.0290
183.9054
185.7687
187.6550
189.5645
191.4971
193.4528
195.4317
197.4336
199.4586
201.5068
203.3313
204.9323
206.3096
207.4634
208.3935
209.1001
209.5831
209.8424
209.9557
209.9230
209.7442
209.4194
208.9485
208.3315
207.5685
206.6595
205.4960
204.0781
202.4058
200.4791
198.2980
195.8625
193.1726
190.2282
187.4935
184.9684
182.6530
180.5472
178.6511
176.9646
175.4878
174.2206
172.8376
171.3389
169.7244
167.9942
166.1482
164.1864
162.1089
159.9156
156.9071
153.0833
148.4443
142.9900
136.7205
129.6358
121.7357
113.0205
105.6910
99.7473
95.1894
92.0173
90.2309
89.8304
90.8156
93.1867
95.1747
96.7797
98.0018
98.8408
99.2969
99.3699
99.0599
98.3670
97.7639
97.2508
96.8276
96.4943
96.2510
96.0976
96.0341
96.0605
96.0780
96.0865
96.0861
96.0767
96.0584
96.0312
95.9950
95.9498
95.9039
95.8570
95.8093
95.7607
95.7112
95.6609
95.6098
95.5577
95.5047
95.4506
95.3954
95.3392
95.2820
95.2237
95.1644
95.1041
95.0427
94.9802
94.9167
94.8521
94.7864
94.7197
94.6518
94.5830
94.5200
94.4629
94.4117
94.3665
94.3271
94.2936
94.2661
94.2444
94.3044
94.4461
94.6695
94.9745
95.3612
95.8295
96.3795
97.0112
97.5582
98.0206
98.3983
98.6913
98.8997
99.0234
99.0624
99.0168
99.0133
99.0520
99.1329
99.2559
99.4210
99.6283
99.8778
100.1694
100.4851
100.8250
101.1891
101.5772
101.9896
102.4260
102.8866
103.3714
103.9483
104.6172
105.3782
106.2314
107.1766
108.2139
109.3433
110.5648
111.9303
113.4398
115.0932
116.8907
118.8321
120.9175
123.1469
125.5203
127.7854
129.9421
131.9904
133.9305
135.7622
137.4855
139.1005
140.6072
142.3941
144.4613
146.8088
149.4366
152.3446
155.5330
159.0016
162.7504
165.8914
168.4245
170.3498
171.6671
172.3766
172.4781
171.9718
170.8576
170.5852
171.1545
172.5656
174.8185
177.9132
181.8496
186.6278
192.2477
197.4475
202.2270
206.5863
210.5255
214.0444
217.1431
219.8216
222.0798
223.9172
225.3336
226.3291
226.9037
227.0573
226.7900
226.1018
224.9926
223.8876
222.7869
221.6904
220.5981
219.5100
218.4261
217.3465
216.2710
215.0654
213.7296
212.2636
210.6675
208.9413
207.0848
205.0982
202.9814
200.5681
197.8583
194.8521
191.5492
187.9499
184.0541
179.8618
175.3730
171.2780
167.5768
164.2695
161.3561
158.8365
156.7107
154.9787
153.6407
152.3341
151.0591
149.8157
148.6038
147.4234
146.2746
145.1573
144.0716
143.0926
142.2204
141.4549
140.7962
140.2442
139.7990
139.4605
139.2287
138.7999
138.1739
137.3509
136.3307
135.1135
133.6991
132.0877
130.2791
128.5666
126.9503
125.4300
124.0059
122.6779
121.4460
120.3102
119.2705
118.2723
117.3158
116.4008
115.5273
114.6955
113.9052
113.1565
112.4493
111.7198
110.9679
110.1936
109.3969
108.5778
107.7363
106.8724
105.9861
105.1224
104.2814
103.4629
102.6671
101.8939
101.1432
100.4152
99.7098
99.0041
98.2982
97.5921
96.8856
96.1790
95.4720
94.7649
94.0574
93.5540
93.2546
93.1592
93.2678
93.5805
94.0972
94.8179
95.7426
96.5535
97.2506
97.8340
98.3036
98.6594
98.9015
99.0297
99.0442
99.1357
99.3042
99.5496
99.8721
100.2715
100.7480
101.3014
101.9319
102.4893
102.9737
103.3851
103.7235
103.9889
104.1813
104.3007
104.3470
104.7498
105.5090
106.6245
108.0965
109.9248
112.1096
114.6507
117.5483
120.0938
122.2873
124.1288
125.6183
126.7558
127.5412
127.9746
128.0560
128.3203
128.7677
129.3979
130.2112
131.2074
132.3866
133.7487
135.2938
136.6340
137.7694
138.6999
139.4255
139.9462
140.2621
140.3731
140.2792
140.4652
140.9311
141.6769
142.7027
144.0083
145.5939
147.4593
149.6047
151.8179
154.0991
156.4482
158.8652
161.3501
163.9029
166.5236
169.2123
171.5809
173.6297
175.3584
176.7672
177.8560
178.6248
179.0737
179.2027
179.1404
178.8868
178.4421
177.8061
176.9788
175.9604
174.7507
173.3498
172.0627
170.8894
169.8299
168.8842
168.0523
167.3343
166.7300
166.2396
165.5912
164.7848
163.8205
162.6982
161.4180
159.9798
158.3837
156.6296
154.8884
153.1602
151.4449
149.7426
148.0532
146.3768
144.7133
143.0627
141.5736
140.2459
139.0796
138.0748
137.2314
136.5494
136.0288
135.6697
135.3485
135.0651
134.8197
134.6121
134.4425
134.3107
134.2169
134.1609
134.0183
133.7890
133.4731
133.0705
132.5812
132.0053
131.3427
130.5935
129.7384
128.7775
127.7108
126.5382
125.2598
123.8756
122.3855
120.7896
119.3288
118.0031
116.8124
115.7568
114.8363
114.0509
113.4005
112.8852
112.3526
111.8026
111.2353
110.6506
110.0485
109.4291
108.7923
108.1382
107.5184
106.9331
106.3821
105.8654
105.3832
104.9353
104.5218
104.1426
103.7978
103.4874
103.2113
102.9695
102.7621
102.5890
102.4503
102.3459
102.3003
102.3136
102.3856
102.5165
102.7061
102.9546
103.2619
103.6280
103.9026
104.0859
104.1777
104.1780
104.0870
103.9045
103.6306
103.2653
102.9144
102.5780
102.2561
101.9487
101.6558
101.3773
101.1134
100.8639
100.6053
100.3377
100.0609
99.7751
99.4803
99.1764
98.8634
98.5413
98.3780
98.3735
98.5278
98.8409
99.3128
99.9435
100.7330
101.6813
102.6718
103.7047
104.7798
105.8972
107.0568
108.2587
109.5029
110.7894
112.3306
114.1267
116.1777
118.4834
121.0440
123.8594
126.9296
130.2546
133.6003
136.9665
140.3533
143.7607
147.1886
150.6372
154.1063
157.5961
160.9959
164.3058
167.5257
170.6557
173.6958
176.6460
179.5062
182.2765
185.1707
188.1889
191.3310
194.5970
197.9870
201.5009
205.1387
208.9005
211.9760
214.3653
216.0683
217.0851
217.4156
217.0599
216.0179
214.2896
212.6388
211.0653
209.5693
208.1507
206.8096
205.5458
204.3595
203.2505
202.0532
200.7675
199.3933
197.9307
196.3797
194.7403
193.0125
191.1962
189.3044
187.3371
185.2943
183.1759
180.9819
178.7124
176.3674
173.9469
171.6692
169.5346
167.5428
165.6940
163.9882
162.4252
161.0053
159.7282
158.3056
156.7374
155.0237
153.1644
151.1595
149.0090
146.7130
144.2714
142.1581
140.3731
138.9164
137.7880
136.9879
136.5161
136.3726
136.5574
136.7445
136.9341
137.1260
137.3203
137.5169
137.7159
137.9173
138.1210
138.2468
138.2945
138.2643
138.1561
137.9699
137.7056
137.3634
136.9432
136.4430
135.8627
135.2024
134.4621
133.6417
132.7414
131.7609
130.7005
129.7714
128.9738
128.3075
127.7727
127.3692
127.0971
126.9564
126.9471
126.8447
126.6492
126.3605
125.9786
125.5037
124.9356
124.2743
123.5200
122.7930
122.0935
121.4215
120.7769
120.1598
119.5701
119.0079
118.4731
117.9312
117.3822
116.8262
116.2630
115.6927
115.1154
114.5309
113.9394
113.4149
112.9575
112.5673
112.2441
111.9880
111.7989
111.6770
111.6222
111.6670
111.8116
112.0558
112.3998
112.8434
113.3867
114.0297
114.7724
115.5300
116.3025
117.0899
117.8921
118.7093
119.5413
120.3883
121.2501
121.8674
122.2400
122.3682
122.2517
121.8907
121.2851
120.4350
119.3402
118.4039
117.6260
117.0064
116.5453
116.2425
116.0981
116.1122
116.2846
116.3755
116.3849
116.3128
116.1593
115.9242
115.6076
115.2095
114.7299
114.3217
113.9848
113.7194
113.5252
113.4025
113.3511
113.3711
113.4625
113.7590
114.2607
114.9676
115.8797
116.9970
118.3195
119.8471
121.5800
123.5088
125.6335
127.9543
130.4710
133.1836
136.0922
139.1968
142.4974
145.6727
148.7229
151.6479
154.4477
157.1223
159.6717
162.0959
164.3949
166.4330
168.2102
169.7266
170.9820
171.9765
172.7101
173.1827
173.3945
173.6258
173.8766
174.1469
174.4367
174.7460
175.0748
175.4231
175.7909
176.1388
176.4670
176.7754
177.0639
177.3326
177.5816
177.8107
178.0200
178.0682
177.9555
177.6818
177.2471
176.6513
175.8946
174.9769
173.8981
172.7557
171.5497
170.2800
168.9466
167.5496
166.0890
164.5647
162.9767
161.5153
160.1804
158.9721
157.8903
156.9350
156.1063
155.4041
154.8285
154.2403
153.6394
153.0260
152.3999
151.7612
151.1099
150.4460
149.7695
148.9331
147.9367
146.7804
145.4643
143.9882
142.3522
140.5562
138.6004
136.8147
135.1991
133.7536
132.4782
131.3730
130.4379
129.6730
129.0781
128.4497
127.7876
127.0919
126.3627
125.5998
124.8033
123.9733
123.1096
122.2021
121.2507
120.2554
119.2163
118.1333
117.0064
115.8357
114.6212
113.5069
112.4929
111.5791
110.7656
110.0524
109.4395
108.9269
108.5145
108.0893
107.6513
107.2005
106.7368
106.2603
105.7710
105.2688
104.7539
104.3016
103.9122
103.5854
103.3215
103.1202
102.9817
102.9060
102.8930
102.8439
102.7586
102.6372
102.4796
102.2859
102.0561
101.7901
101.4880
101.1818
100.8714
100.5569
100.2384
99.9157
99.5889
99.2580
98.9229
98.6775
98.5217
98.4555
98.4790
98.5921
98.7947
99.0871
99.4690
99.7759
100.0078
100.1648
100.2467
100.2536
100.1855
100.0424
99.8243
99.6311
99.4629
99.3196
99.2013
99.1079
99.0394
98.9959
98.9773
99.0696
99.2729
99.5870
100.0122
100.5482
101.1952
101.9532
102.8220
103.6506
104.4389
105.1870
105.8947
106.5622
107.1894
107.7763
108.3229
109.2890
110.6746
112.4797
114.7042
117.3483
120.4118
123.8948
127.7973
131.7916
135.8777
140.0557
144.3256
148.6872
153.1407
157.6861
162.3233
166.3953
169.9020
172.8435
175.2198
177.0308
178.2766
178.9572
179.0725
179.2480
179.4836
179.7793
180.1351
180.5511
181.0271
181.5633
182.1596
182.7725
183.4020
184.0480
184.7106
185.3897
186.0854
186.7977
187.5266
188.1370
188.6289
189.0024
189.2574
189.3939
189.4120
189.3117
189.0929
188.7711
188.3463
187.8185
187.1877
186.4539
185.6171
184.6774
183.6346
182.5597
181.4527
180.3135
179.1422
177.9387
176.7031
175.4354
174.1355
172.8967
171.7189
170.6022
169.5466
168.5520
167.6185
166.7460
165.9346
165.0877
164.2054
163.2877
162.3345
161.3458
160.3217
159.2622
158.1672
156.9370
155.5716
154.0710
152.4352
150.6641
148.7578
146.7164
144.5397
142.5174
140.6494
138.9358
137.3766
135.9718
134.7214
133.6253
132.6836
131.6644
130.5675
129.3930
128.1410
126.8113
125.4041
123.9193
122.3569
120.8810
119.4915
118.1887
116.9723
115.8424
114.7990
113.8421
112.9718
112.1499
111.3764
110.6514
109.9748
109.3467
108.7670
108.2358
107.7531
107.3550
107.0415
106.8128
106.6687
106.6094
106.6346
106.7446
106.9393
107.0515
107.0813
107.0287
106.8937
106.6762
106.3764
105.9941
105.5294
105.1189
104.7626
104.4605
104.2126
104.0189
103.8795
103.7942
103.7631
103.6637
103.4961
103.2603
102.9562
102.5838
102.1432
101.6344
101.0573
100.5532
100.1222
99.7641
99.4792
99.2672
99.1283
99.0625
99.0696
99.2002
99.4541
99.8314
100.3321
100.9561
101.7035
102.5743
103.5685
104.8073
106.2907
108.0188
109.9915
112.2089
114.6709
117.3775
120.3288
123.2547
126.1552
129.0303
131.8801
134.7044
137.5034
140.2770
143.0253
146.1871
149.7626
153.7517
158.1544
162.9707
168.2007
173.8442
179.9014
185.3235
190.1105
194.2624
197.7792
200.6608
202.9074
204.5189
205.4953
206.1802
206.5737
206.6757
206.4863
206.0055
205.2332
204.1695
202.8143
201.5507
200.3785
199.2978
198.3087
197.4110
196.6049
195.8902
195.2670
194.5313
193.6831
192.7223
191.6490
190.4632
189.1648
187.7539
186.2305
184.5337
182.6635
180.6200
178.4031
176.0128
173.4491
170.7121
167.8017
165.1505
162.7587
160.6262
158.7529
157.1389
155.7842
154.6888
153.8526
152.8987
151.8269
150.6374
149.3300
147.9049
146.3619
144.7011
142.9225
141.2584
139.7088
138.2737
136.9530
135.7469
134.6552
133.6780
132.8154
131.7616
130.5168
129.0809
127.4539
125.6359
123.6268
121.4266
119.0353
116.8773
114.9525
113.2609
111.8025
110.5774
109.5855
108.8268
108.3013
107.7050
107.0377
106.2996
105.4907
104.6108
103.6601
102.6385
101.5460
100.5244
99.5739
98.6943
97.8856
97.1479
96.4811
95.8853
95.3605
94.8324
94.3010
93.7663
93.2283
92.6870
92.1425
91.5946
91.0435
90.5526
90.1219
89.7514
89.4411
89.1910
89.0012
88.8716
88.8021
88.7645
88.7586
88.7845
88.8422
88.9316
89.0528
89.2058
89.3905
89.5329
89.6328
89.6904
89.7056
89.6784
89.6088
89.4968
89.3424
89.1808
89.0120
88.8359
88.6526
88.4621
88.2644
88.0594
87.8472
87.7084
87.6429
87.6509
87.7322
87.8869
88.1149
88.4164
88.7912
89.4708
90.4551
91.7443
93.3382
95.2369
97.4404
99.9486
102.7616
105.6161
108.5120
111.4494
114.4282
117.4485
120.5102
123.6133
126.7579
130.2177
133.9925
138.0826
142.4877
147.2080
152.2435
157.5941
163.2598
168.6370
173.7257
178.5259
183.0376
187.2608
191.1955
194.8416
198.1992
200.9557
203.1109
204.6649
205.6177
205.9693
205.7197
204.8689
203.4169
202.1680
201.1223
200.2797
199.6402
199.2038
198.9706
198.9405
199.1135
198.8671
198.2013
197.1160
195.6113
193.6871
191.3435
188.5805
185.3980
182.5481
180.0309
177.8463
175.9943
174.4750
173.2883
172.4342
171.9128
171.1257
170.0730
168.7546
167.1705
165.3209
163.2055
160.8245
158.1779
155.6098
153.1202
150.7091
148.3765
146.1224
143.9468
141.8497
139.8311
138.1224
136.7237
135.6348
134.8558
134.3867
134.2275
134.3782
134.8388
134.9432
134.6914
134.0834
133.1192
131.7988
130.1222
128.0894
125.7003
123.6060
121.8063
120.3013
119.0909
118.1752
117.5542
117.2278
117.1961
117.0788
116.8760
116.5877
116.2138
115.7544
115.2095
114.5791
113.8631
113.2292
112.6775
112.2079
111.8204
111.5150
111.2917
111.1505
111.0915
111.0766
111.1057
111.1789
111.2963
111.4577
111.6632
111.9128
112.2065
112.5091
112.8204
113.1405
113.4695
113.8073
114.1538
114.5092
114.8734
115.4035
116.0995
116.9613
117.9890
119.1826
120.5420
122.0673
123.7585
125.3639
126.8835
128.3173
129.6654
130.9276
132.1041
133.1948
134.1997
135.2925
136.4730
137.7414
139.0976
140.5416
142.0735
143.6932
145.4007
147.0411
148.6145
150.1208
151.5601
152.9323
154.2374
155.4755
156.6466
157.4159
157.7836
157.7497
157.3140
156.4768
155.2378
153.5972
151.5549
149.6310
147.8254
146.1380
144.5691
143.1184
141.7860
140.5720
139.4763
138.4571
137.5144
136.6483
135.8586
135.1455
134.5089
133.9488
133.4652
133.4500
133.9032
134.8248
136.2148
138.0732
140.4000
143.1951
146.4587
149.5709
152.5317
155.3412
157.9993
160.5060
162.8613
165.0653
167.1179
168.9919
170.6874
172.2043
173.5426
174.7023
175.6835
176.4861
177.1101
177.6200
178.0158
178.2974
178.4649
178.5183
178.4575
178.2826
177.9935
177.5745
177.0254
176.3463
175.5373
174.5982
173.5292
172.3301
171.0010
169.8074
168.7493
167.8267
167.0396
166.3879
165.8717
165.4910
165.2457
164.6581
163.7281
162.4558
160.8411
158.8840
156.5845
153.9426
150.9584
148.2080
145.6914
143.4085
141.3595
139.5442
137.9628
136.6151
135.5012
134.3885
133.2769
132.1664
131.0571
129.9489
128.8418
127.7359
126.6311
125.6784
124.8778
124.2293
123.7330
123.3887
123.1966
123.1565
123.2686
123.2531
123.1102
122.8397
122.4417
121.9162
121.2632
120.4827
119.5747
118.7454
117.9948
117.3230
116.7299
116.2155
115.7799
115.4230
115.1448
114.9111
114.7220
114.5774
114.4773
114.4218
114.4107
114.4442
114.5222
114.5531
114.5370
114.4739
114.3637
114.2065
114.0022
113.7508
113.4525
113.2436
113.1242
113.0943
113.1539
113.3030
113.5416
113.8697
114.2872
114.7023
115.1147
115.5247
115.9321
116.3370
116.7393
117.1391
117.5364
117.8765
118.1596
118.3856
118.5545
118.6663
118.7211
118.7187
118.6593
118.5577
118.4141
118.2283
118.0004
117.7304
117.4183
117.0641
116.6678
116.4188
116.3173
116.3631
116.5563
116.8969
117.3849
118.0203
118.8031
119.6333
120.5108
121.4358
122.4082
123.4280
124.4953
125.6099
126.7719
127.8772
128.9258
129.9177
130.8528
131.7312
132.5530
133.3180
134.0263
134.6876
135.3021
135.8697
136.3904
136.8642
137.2911
137.6711
138.0042
138.3442
138.6910
139.0447
139.4053
139.7728
140.1471
140.5283
140.9164
141.5707
142.4910
143.6774
145.1299
146.8486
148.8333
151.0842
153.6012
155.9527
158.1388
160.1594
162.0145
163.7042
165.2284
166.5872
167.7804
168.6274
169.1279
169.2821
169.0898
168.5513
167.6663
166.4349
164.8572
163.4224
162.1304
160.9813
159.9751
159.1118
158.3914
157.8139
157.3792
156.5180
155.2303
153.5160
151.3751
148.8076
145.8137
142.3931
138.5460
135.1601
132.2355
129.7720
127.7698
126.2289
125.1491
124.5306
124.3733
124.1593
123.8886
123.5612
123.1772
122.7364
122.2389
121.6847
121.0738
120.3411
119.4865
118.5101
117.4119
116.1918
114.8499
113.3862
111.8006
110.4272
109.2660
108.3169
107.5800
107.0552
106.7426
106.6421
106.7538
106.8165
106.8301
106.7948
106.7105
106.5771
106.3947
106.1634
105.8830
105.5937
105.2954
104.9882
104.6721
104.3470
104.0129
103.6699
103.3180
103.1616
103.2007
103.4353
103.8655
104.4911
105.3122
106.3289
107.5411
108.8115
110.1401
111.5270
112.9720
114.4754
116.0369
117.6567
119.3347
120.6129
121.4913
121.9699
122.0487
121.7277
121.0069
119.8863
118.3659
117.6719
117.8045
118.7635
120.5490
123.1610
126.5994
130.8643
135.9557
140.8061
145.4155
149.7839
153.9113
157.7978
161.4433
164.8478
168.0113
170.6366
172.7237
174.2725
175.2831
175.7555
175.6897
175.0856
173.9434
172.8154
171.7016
170.6022
169.5171
168.4462
167.3896
166.3473
165.3193
164.4711
163.8028
163.3142
163.0055
162.8766
162.9275
163.1582
163.5688
163.7634
163.7422
163.5050
163.0519
162.3829
161.4980
160.3972
159.0805
157.8126
156.5936
155.4234
154.3021
153.2297
152.2062
151.2314
150.3056
149.4355
148.6212
147.8627
147.1600
146.5130
145.9218
145.3864
144.9068
144.8302
145.1566
145.8861
147.0186
148.5541
150.4926
152.8342
155.5787
157.9454
159.9341
161.5449
162.7778
163.6327
164.1096
164.2087
163.9298
163.7667
163.7194
163.7879
163.9723
164.2724
164.6884
165.2202
165.8677
165.8178
165.0704
163.6254
161.4830
158.6431
155.1056
150.8707
145.9382
141.9411
138.8792
136.7527
135.5614
135.3054
135.9847
137.5993
140.1492
141.7456
142.3885
142.0779
140.8138
138.5962
135.4252
131.3006
126.2226
121.7730
117.9520
114.7594
112.1953
110.2597
108.9525
108.2739
108.2237
108.1795
108.1411
108.1087
108.0822
108.0616
108.0469
108.0381
108.0353
107.9039
107.6439
107.2554
106.7384
106.0928
105.3186
104.4160
103.3847
102.5019
101.7674
101.1814
100.7437
100.4544
100.3135
100.3210
100.4768
100.6469
100.8311
101.0295
101.2420
101.4688
101.7097
101.9648
102.2340
102.5377
102.8757
103.2481
103.6548
104.0960
104.5715
105.0813
105.6256
105.9514
106.0588
105.9478
105.6183
105.0705
104.3041
103.3194
102.1162
101.6829
102.0195
103.1260
105.0023
107.6485
111.0645
115.2505
120.2063
124.3809
127.7742
130.3864
132.2173
133.2670
133.5354
133.0227
131.7287
131.2697
131.6458
132.8569
134.9031
137.7843
141.5005
146.0518
151.4382
156.2895
160.6058
164.3871
167.6334
170.3446
172.5209
174.1621
175.2683
176.4685
177.7627
179.1508
180.6329
182.2089
183.8789
185.6429
187.5008
188.9313
189.9343
190.5098
190.6579
190.3785
189.6716
188.5373
186.9755
185.4834
184.0609
182.7081
181.4250
180.2116
179.0678
177.9937
176.9893
175.8166
174.4757
172.9664
171.2889
169.4431
167.4291
165.2467
162.8961
161.1854
160.1144
159.6834
159.8922
160.7409
162.2294
164.3577
167.1260
169.4666
171.3797
172.8651
173.9230
174.5533
174.7560
174.5311
173.8787
173.4113
173.1289
173.0315
173.1192
173.3919
173.8496
174.4924
175.3202
175.3488
174.5780
173.0080
170.6387
167.4701
163.5022
158.7351
153.1687
148.3552
144.2947
140.9871
138.4325
136.6308
135.5821
135.2864
135.7436
135.6101
134.8860
133.5711
131.6656
129.1694
126.0826
122.4050
118.1368
114.2871
110.8561
107.8435
105.2496
103.0743
101.3175
99.9793
99.0596
98.0600
96.9804
95.8209
94.5814
93.2620
91.8625
90.3831
88.8238
87.4977
86.4048
85.5451
84.9187
84.5255
84.3655
84.4388
84.7453
84.9162
84.9517
84.8516
84.6160
84.2448
83.7382
83.0960
82.3182
81.4210
80.4042
79.2678
78.0120
76.6366
75.1416
73.5272
71.7932
70.5803
69.8885
69.7178
70.0683
70.9399
72.3326
74.2464
76.6814
79.0249
81.2772
83.4381
85.5076
87.4857
89.3725
91.1680
92.8721
94.8482
97.0964
99.6166
102.4088
105.4731
108.8094
112.4178
116.2982
119.8717
123.1381
126.0976
128.7502
131.0958
133.1344
134.8661
136.2908
138.0199
140.0536
142.3918
145.0344
147.9815
151.2331
154.7892
158.6498
162.2667
165.6400
168.7696
171.6555
174.2978
176.6965
178.8514
180.7628
182.4274
183.8453
185.0165
185.9410
186.6189
187.0500
187.2344
187.1721
187.1173
187.0699
187.0300
186.9975
186.9725
186.9549
186.9447
186.9421
186.7188
186.2751
185.6108
184.7260
183.6207
182.2948
180.7485
178.9816
177.3333
175.8037
174.3928
173.1006
171.9271
170.8722
169.9359
169.1184
168.2179
167.2344
166.1680
165.0186
163.7863
162.4710
161.0728
159.5916
158.2070
156.9191
155.7278
154.6331
153.6351
152.7336
151.9289
151.2207
150.9420
151.0928
151.6731
152.6829
154.1222
155.9910
158.2893
161.0170
163.3125
165.1758
166.6067
167.6054
168.1718
168.3060
168.0078
167.2774
166.5405
165.7970
165.0470
164.2905
163.5274
162.7578
161.9817
161.1990
160.2342
159.0873
157.7583
156.2471
154.5539
152.6785
150.6211
148.3815
146.4002
144.6773
143.2128
142.0065
141.0586
140.3691
139.9379
139.7650
139.2414
138.3672
137.1423
135.5667
133.6404
131.3634
128.7358
125.7575
123.0770
120.6942
118.6092
116.8220
115.3325
114.1408
113.2469
112.6508
112.0476
111.4375
110.8203
110.1961
109.5648
108.9266
108.2813
107.6290
107.0048
106.4087
105.8407
105.3007
104.7889
104.3052
103.8495
103.4219
102.9487
102.4297
101.8650
101.2547
100.5986
99.8968
99.1494
98.3562
97.6898
97.1500
96.7369
96.4506
96.2909
96.2579
96.3516
96.5720
96.6962
96.7243
96.6563
96.4921
96.2317
95.8753
95.4226
94.8739
94.4530
94.1602
93.9954
93.9585
94.0496
94.2687
94.6158
95.0908
95.5473
95.9853
96.4047
96.8056
97.1879
97.5517
97.8970
98.2238
99.0604
100.4071
102.2636
104.6301
107.5066
110.8930
114.7893
119.1956
123.2928
127.0811
130.5604
133.7307
136.5920
139.1443
141.3876
143.3219
145.2085
147.0475
148.8387
150.5822
152.2781
153.9262
155.5267
157.0795
158.4726
159.7061
160.7799
161.6941
162.4487
163.0436
163.4789
163.7545
163.6948
163.2998
162.5695
161.5038
160.1029
158.3666
156.2949
153.8880
151.8063
150.0497
148.6184
147.5122
146.7313
146.2755
146.1449
146.3396
146.3498
146.1757
145.8172
145.2743
144.5471
143.6354
142.5394
141.2590
140.1179
139.1163
138.2540
137.5310
136.9474
136.5032
136.1984
136.0329
136.3168
137.0501
138.2327
139.8647
141.9461
144.4769
147.4570
150.8865
153.7894
156.1655
158.0150
159.3378
160.1339
160.4034
160.1461
159.3622
158.5547
157.7235
156.8688
155.9904
155.0883
154.1627
153.2134
152.2405
151.3380
150.5060
149.7445
149.0534
148.4328
147.8826
147.4029
146.9936
146.5828
146.1703
145.7563
145.3407
144.9235
144.5046
144.0842
143.6622
143.0971
142.3889
141.5376
140.5431
139.4056
138.1249
136.7012
135.1343
133.5980
132.0923
130.6173
129.1728
127.7590
126.3758
125.0232
123.7012
122.6034
121.7298
121.0805
120.6553
120.4544
120.4777
120.7252
121.1969
121.5782
121.8692
122.0697
122.1799
122.1998
122.1292
121.9683
121.7170
121.5435
121.4480
121.4303
121.4905
121.6286
121.8446
122.1384
122.5101
122.9404
123.4293
123.9768
124.5829
125.2475
125.9708
126.7526
127.5930
128.3415
128.9980
129.5627
130.0354
130.4161
130.7050
130.9019
131.0069
131.2702
131.6918
132.2717
133.0098
133.9063
134.9610
136.1740
137.5453
138.7206
139.6998
140.4830
141.0701
141.4612
141.6562
141.6552
141.4582
141.2784
141.1159
140.9706
140.8426
140.7318
140.6382
140.5619
140.5029
140.9220
141.8193
143.1948
145.0485
147.3804
150.1904
153.4787
157.2451
160.5657
163.4405
165.8694
167.8526
169.3900
170.4815
171.1272
171.3272
171.4687
171.5520
171.5768
171.5434
171.4515
171.3014
171.0929
170.8260
170.3576
169.6877
168.8162
167.7432
166.4686
164.9926
163.3149
161.4358
159.7334
158.2077
156.8588
155.6867
154.6913
153.8727
153.2308
152.7656
152.1671
151.4351
150.5696
149.5708
148.4385
147.1728
145.7737
144.2411
142.7630
141.3393
139.9700
138.6551
137.3947
136.1886
135.0370
133.9399
133.1467
132.6575
132.4723
132.5911
133.0139
133.7407
134.7715
136.1063
137.5004
138.9538
140.4666
142.0386
143.6700
145.3607
147.1107
148.9200
150.1676
150.8533
150.9774
150.5396
149.5400
147.9787
145.8556
143.1708
140.9462
139.1819
137.8779
137.0341
136.6506
136.7275
137.2645
138.2619
138.7981
138.8730
138.4867
137.6392
136.3305
134.5605
132.3294
129.6370
127.3428
125.4468
123.9490
122.8493
122.1479
121.8446
121.9395
122.4325
122.6354
122.5481
122.1706
121.5030
120.5451
119.2971
117.7588
115.9304
114.3862
113.1261
112.1501
111.4583
111.0506
110.9271
111.0878
111.5326
112.0405
112.6115
113.2456
113.9428
114.7031
115.5265
116.4131
117.3627
118.3547
119.3889
120.4656
121.5845
122.7458
123.9494
125.1954
126.4837
127.9275
129.5269
131.2819
133.1924
135.2585
137.4801
139.8574
142.3901
144.5613
146.3708
147.8186
148.9048
149.6294
149.9923
149.9936
149.6333
149.5703
149.8047
150.3365
151.1656
152.2922
153.7161
155.4374
157.4561
159.0645
160.2628
161.0508
161.4285
161.3961
160.9534
160.1006
158.8374
157.9149
157.3330
157.0917
157.1910
157.6309
158.4114
159.5325
160.9941
162.1965
163.1396
163.8233
164.2477
164.4128
164.3186
163.9651
163.3523
162.5702
161.6190
160.4986
159.2091
157.7503
156.1223
154.3252
152.3589
150.6364
149.1577
147.9229
146.9319
146.1848
145.6814
145.4220
145.4063
145.0608
144.3852
143.3798
142.0444
140.3790
138.3838
136.0585
133.4034
130.9589
128.7251
126.7020
124.8895
123.2877
121.8966
120.7161
119.7464
118.8663
118.0758
117.3750
116.7638
116.2423
115.8104
115.4682
115.2157
114.8554
114.3876
113.8121
113.1289
112.3381
111.4396
110.4335
109.3197
108.5050
107.9893
107.7727
107.8552
108.2367
108.9173
109.8969
111.1756
112.3987
113.5662
114.6781
115.7344
116.7351
117.6802
118.5698
119.4037
120.2721
121.1751
122.1126
123.0845
124.0910
125.1320
126.2075
127.3175
128.1288
128.6416
128.8556
128.7711
128.3879
127.7060
126.7255
125.4464
124.2913
123.2603
122.3533
121.5705
120.9117
120.3770
119.9663
119.6797
119.1942
118.5097
117.6262
116.5438
115.2625
113.7822
112.1030
110.2248
108.5754
107.1548
105.9630
105.0000
104.2657
103.7603
103.4837
103.4358
103.4155
103.4226
103.4572
103.5193
103.6088
103.7258
103.8703
104.0423
104.2559
104.5112
104.8081
105.1467
105.5269
105.9487
106.4122
106.9173
107.7940
109.0422
110.6619
112.6531
115.0158
117.7501
120.8559
124.3332
127.5041
130.3686
132.9267
135.1784
137.1237
138.7626
140.0951
141.1212
142.3570
143.8023
145.4573
147.3219
149.3961
151.6799
154.1734
156.8764
158.9991
160.5415
161.5035
161.8852
161.6865
160.9074
159.5480
157.6083
155.8309
154.2158
152.7630
151.4725
150.3443
149.3784
148.5749
147.9337
147.2010
146.3768
145.4612
144.4541
143.3556
142.1655
140.8841
139.5111
138.1728
136.8691
135.6000
134.3656
133.1658
132.0006
130.8700
129.7741
128.7843
127.9006
127.1230
126.4515
125.8862
125.4270
125.0739
124.8269
124.3180
123.5471
122.5142
121.2194
119.6627
117.8440
115.7633
113.4207
111.2601
109.2815
107.4849
105.8704
104.4378
103.1873
102.1188
101.2323
100.1755
98.9484
97.5510
95.9833
94.2454
92.3371
90.2585
88.0097
85.8778
83.8629
81.9650
80.1840
78.5201
76.9731
75.5431
74.2301
73.0258
71.9303
70.9435
70.0654
69.2961
68.6355
68.0836
67.6405
67.5654
67.8583
68.5192
69.5481
70.9450
72.7100
74.8429
77.3438
80.7545
85.0750
90.3052
96.4452
103.4950
111.4546
120.3240
130.1031
138.6739
146.0364
152.1906
157.1364
160.8739
163.4031
164.7239
164.8364
165.1133
165.5546
166.1603
166.9303
167.8648
168.9636
170.2267
171.6543
173.3308
175.2563
177.4308
179.8543
182.5267
185.4482
188.6186
192.0379
195.0710
197.7179
199.9784
201.8527
203.3407
204.4424
205.1579
205.4870
205.7393
205.9148
206.0135
206.0352
205.9802
205.8483
205.6395
205.3539
205.0235
204.6483
204.2282
203.7634
203.2537
202.6992
202.0999
201.4558
200.9122
200.4691
200.1265
199.8845
199.7429
199.7019
199.7613
199.9213
200.0143
200.0404
199.9996
199.8919
199.7172
199.4756
199.1671
198.7916
198.4352
198.0977
197.7792
197.4797
197.1992
196.9377
196.6952
196.4717
196.2452
196.0157
195.7832
195.5477
195.3092
195.0677
194.8232
194.5758
194.3314
194.0902
193.8521
193.6171
193.3852
193.1564
192.9307
192.7081
192.4692
192.2139
191.9422
191.6542
191.3498
191.0291
190.6920
190.3385
190.0647
189.8706
189.7561
189.7213
189.7662
189.8907
190.0950
190.3788
190.4059
190.1760
189.6893
188.9458
187.9454
186.6882
185.1741
183.4031
181.3930
179.1437
176.6553
173.9277
170.9610
167.7551
164.3100
160.6258
157.1502
153.8831
150.8247
147.9748
145.3335
142.9008
140.6766
138.6611
136.5667
134.3934
132.1412
129.8101
127.4001
124.9113
122.3436
119.6970
116.9666
114.1524
111.2543
108.2724
105.2067
102.0571
98.8238
95.5066
92.4166
89.5538
86.9183
84.5100
82.3290
80.3751
78.6485
77.1491
75.4911
73.6745
71.6992
69.5653
67.2727
64.8216
62.2118
59.4434
57.2424
55.6090
54.5431
54.0447
54.1138
54.7504
55.9545
57.7261
59.9677
62.6793
65.8608
69.5124
73.6340
78.2255
83.2870
88.8186
93.8488
98.3777
102.4053
105.9315
108.9565
111.4802
113.5025
115.0235
116.1566
116.9018
117.2590
117.2284
116.8098
116.0033
114.8088
113.2265
111.7417
110.3546
109.0651
107.8732
106.7790
105.7823
104.8833
104.0819
103.5075
103.1602
103.0400
103.1469
103.4809
104.0419
104.8300
105.8451
106.5526
106.9524
107.0446
106.8291
106.3059
105.4750
104.3365
102.8903
102.0270
101.7466
102.0491
102.9346
104.4030
106.4542
109.0884
112.3055
115.4333
118.4718
121.4211
124.2810
127.0516
129.7329
132.3250
134.8277
137.3752
139.9675
142.6045
145.2864
148.0130
150.7843
153.6005
156.4614
159.2340
161.9181
164.5139
167.0213
169.4403
171.7710
174.0132
176.1671
177.9108
179.2444
180.1678
180.6811
180.7843
180.4773
179.7601
178.6328
177.8056
177.2784
177.0512
177.1241
177.4970
178.1700
179.1430
180.4161
181.2076
181.5175
181.3458
180.6926
179.5578
177.9413
175.8434
173.2638
170.7290
168.2389
165.7935
163.3928
161.0369
158.7257
156.4593
154.2376
152.0414
149.8708
147.7257
145.6062
143.5123
141.4439
139.4011
137.3838
135.2454
132.9859
130.6053
128.1035
125.4807
122.7367
119.8716
116.8854
114.0147
111.2595
108.6199
106.0958
103.6873
101.3943
99.2168
97.1548
95.1336
93.1531
91.2133
89.3142
87.4558
85.6381
83.8612
82.1249
80.5943
79.2693
78.1498
77.2360
76.5278
76.0252
75.7282
75.6369
75.4982
75.3122
75.0790
74.7985
74.4707
74.0957
73.6733
73.2037
72.7157
72.2095
71.6849
71.1420
70.5808
70.0013
69.4035
68.7874
68.5956
68.8283
69.4854
70.5669
72.0728
74.0031
76.3579
79.1370
81.5559
83.6146
85.3130
86.6512
87.6292
88.2470
88.5045
88.4018
89.3491
91.3463
94.3934
98.4905
103.6375
109.8345
117.0814
125.3783
132.7220
139.1127
144.5502
149.0347
152.5660
155.1442
156.7693
157.4413
158.2402
159.1660
160.2186
161.3981
162.7046
164.1379
165.6980
167.3851
169.2113
171.1767
173.2813
175.5250
177.9078
180.4299
183.0911
185.8914
188.6983
191.5117
194.3317
197.1581
199.9912
202.8307
205.6768
208.5294
211.0911
213.3620
215.3419
217.0310
218.4291
219.5364
220.3528
220.8783
221.2302
221.4086
221.4133
221.2444
220.9019
220.3858
219.6961
218.8329
217.7842
216.5501
215.1306
213.5258
211.7355
209.7598
207.5987
205.2523
203.2010
201.4450
199.9841
198.8185
197.9481
197.3729
197.0929
197.1081
196.7796
196.1074
195.0915
193.7318
192.0285
189.9814
187.5906
184.8561
182.2255
179.6989
177.2761
174.9573
172.7424
170.6314
168.6244
166.7212
164.7427
162.6887
160.5593
158.3544
156.0741
153.7184
151.2873
148.7807
146.2742
143.7678
141.2614
138.7550
136.2487
133.7425
131.2363
128.7302
126.3649
124.1404
122.0566
120.1136
118.3114
116.6500
115.1294
113.7495
112.2826
110.7286
109.0876
107.3595
105.5444
103.6422
101.6530
99.5766
97.7845
96.2765
95.0527
94.1130
93.4575
93.0862
92.9990
93.1960
93.0945
92.6944
91.9959
90.9988
89.7032
88.1091
86.2165
84.0254
81.9962
80.1289
78.4234
76.8799
75.4983
74.2785
73.2207
72.3247
71.4118
70.4818
69.5348
68.5708
67.5898
66.5918
65.5768
64.5448
63.5589
62.6193
61.7258
60.8785
60.0774
59.3225
58.6138
57.9513
57.4231
57.0292
56.7697
56.6446
56.6537
56.7972
57.0751
57.4873
57.9771
58.5447
59.1900
59.9129
60.7136
61.5919
62.5479
63.5816
65.3954
67.9891
71.3629
75.5167
80.4505
86.1643
92.6582
99.9320
107.2803
114.7030
122.2001
129.7715
137.4174
145.1377
152.9324
160.8015
168.0788
174.7643
180.8580
186.3599
191.2700
195.5883
199.3147
202.4494
205.6603
208.9474
212.3107
215.7502
219.2659
222.8578
226.5260
230.2704
233.4558
236.0823
238.1499
239.6586
240.6083
240.9991
240.8310
240.1039
239.1843
238.0720
236.7672
235.2698
233.5798
231.6972
229.6220
227.3542
224.9724
222.4766
219.8667
217.1429
214.3050
211.3531
208.2872
205.1073
202.0731
199.1848
196.4422
193.8455
191.3945
189.0893
186.9299
184.9163
182.7587
180.4573
178.0119
175.4225
172.6893
169.8121
166.7909
163.6259
160.6126
157.7510
155.0411
152.4830
150.0766
147.8219
145.7190
143.7678
141.6617
139.4005
136.9844
134.4134
131.6873
128.8063
125.7703
122.5793
119.5918
116.8077
114.2269
111.8496
109.6758
107.7053
105.9382
104.3746
102.7395
101.0328
99.2547
97.4051
95.4840
93.4914
91.4273
89.2917
87.3475
85.5946
84.0331
82.6630
81.4841
80.4967
79.7006
79.0959
78.4843
77.8659
77.2406
76.6085
75.9696
75.3238
74.6711
74.0117
73.4749
73.0609
72.7695
72.6009
72.5550
72.6318
72.8313
73.1535
73.5320
73.9667
74.4577
75.0049
75.6083
76.2680
76.9839
77.7561
78.6938
79.7970
81.0657
82.4999
84.0997
85.8649
87.7957
89.8919
91.8464
93.6592
95.3302
96.8594
98.2468
99.4925
100.5964
101.5586
102.7143
104.0635
105.6061
107.3423
109.2720
111.3952
113.7119
116.2221
118.5924
120.8227
122.9130
124.8633
126.6737
128.3441
129.8745
131.2650
132.8094
134.5077
136.3599
138.3659
140.5259
142.8398
145.3076
147.9293
150.7870
153.8807
157.2104
160.7761
164.5778
168.6155
172.8892
177.3989
182.1877
187.2556
192.6026
198.2287
204.1339
210.3183
216.7818
223.5243
228.8863
232.8676
235.4682
236.6882
236.5276
234.9863
232.0644
227.7618
223.6200
219.6391
215.8190
212.1597
208.6612
205.3236
202.1467
199.1307
196.2617
193.5397
190.9647
188.5367
186.2556
184.1216
182.1346
180.2946
178.3865
176.4103
174.3661
172.2538
170.0734
167.8250
165.5084
163.1238
160.5437
157.7679
154.7965
151.6295
148.2668
144.7086
140.9548
137.0054
133.5707
130.6507
128.2454
126.3548
124.9789
124.1177
123.7712
123.9394
123.9241
123.7252
123.3428
122.7768
122.0273
121.0943
119.9777
118.6776
117.3332
115.9446
114.5118
113.0347
111.5133
109.9477
108.3379
106.6838
105.1437
103.7174
102.4050
101.2065
100.1219
99.1513
98.2945
97.5516
96.7531
95.8990
94.9892
94.0239
93.0030
91.9264
90.7942
89.6064
88.5643
87.6679
86.9172
86.3121
85.8527
85.5390
85.3710
85.3486
85.2450
85.0601
84.7940
84.4466
84.0180
83.5080
82.9169
82.2444
82.8164
84.6327
87.6933
91.9984
97.5478
104.3416
112.3797
121.6622
129.4473
135.7348
140.5249
143.8174
145.6125
145.9101
144.7102
142.0128
139.8159
138.1195
136.9236
136.2281
136.0331
136.3387
137.1447
138.4512
139.8292
141.2787
142.7997
144.3922
146.0562
147.7918
149.5988
151.4774
152.9540
154.0287
154.7015
154.9723
154.8411
154.3081
153.3731
152.0361
150.9398
150.0839
149.4687
149.0940
148.9599
149.0663
149.4133
150.0009
150.1591
149.8878
149.1872
148.0572
146.4978
144.5090
142.0908
139.2432
138.1101
138.6917
140.9878
144.9985
150.7238
158.1636
167.3180
178.1870
187.4175
195.0094
200.9627
205.2775
207.9538
208.9915
208.3907
206.1513
204.0429
202.0654
200.2190
198.5035
196.9190
195.4655
194.1430
192.9514
191.7025
190.3961
189.0324
187.6113
186.1328
184.5968
183.0035
181.3529
180.1794
179.4831
179.2641
179.5222
180.2576
181.4702
183.1600
185.3270
186.3382
186.1937
184.8934
182.4373
178.8255
174.0578
168.1344
161.0553
154.7950
149.3535
144.7309
140.9272
137.9423
135.7762
134.4291
133.9008
133.5995
133.5251
133.6778
134.0575
134.6642
135.4979
136.5586
137.8463
138.3363
138.0286
136.9232
135.0200
132.3191
128.8205
124.5242
119.4301
115.0832
111.4833
108.6306
106.5249
105.1664
104.5550
104.6907
105.5734
106.2648
106.7648
107.0735
107.1907
107.1165
106.8510
106.3941
105.7458
104.9836
104.1075
103.1175
102.0136
100.7959
99.4642
98.0187
96.4592
95.0161
93.6894
92.4791
91.3851
90.4075
89.5463
88.8015
88.1730
87.6901
87.3527
87.1608
87.1145
87.2137
87.4584
87.8487
88.3846
89.2440
90.4271
91.9338
93.7641
95.9180
98.3955
101.1967
104.3215
106.7999
108.6318
109.8174
110.3565
110.2492
109.4955
108.0954
106.0489
104.8284
104.4339
104.8654
106.1229
108.2064
111.1160
114.8515
119.4131
123.2273
126.2940
128.6134
130.1853
131.0099
131.0870
130.4167
128.9991
128.1696
127.9284
128.2753
129.2105
130.7339
132.8455
135.5453
138.8334
141.5997
143.8445
145.5675
146.7690
147.4487
147.6068
147.2433
146.3581
145.5934
144.9491
144.4253
144.0219
143.7390
143.5765
143.5345
143.6129
143.7066
143.8154
143.9394
144.0786
144.2330
144.4026
144.5873
144.7873
144.9592
145.1032
145.2191
145.3070
145.3669
145.3988
145.4027
145.3786
145.3554
145.3331
