126.3985
125.3414
123.9060
122.0923
119.9004
117.3301
114.8051
112.3252
109.8906
107.5012
105.1570
102.8580
100.6042
98.3957
96.3826
94.5651
92.9430
91.5165
90.2855
89.2500
88.4101
87.7656
87.2451
86.8486
86.5759
86.4272
86.4025
86.5017
86.7248
87.0719
87.5341
88.1116
88.8043
89.6122
90.5354
91.5737
92.7272
93.9960
95.2267
96.4195
97.5743
98.6911
99.7700
100.8108
101.8137
102.7785
103.5862
104.2367
104.7299
105.0659
105.2447
105.2663
105.1306
104.8377
104.2154
103.2635
101.9822
100.3714
98.4311
96.1613
93.5620
90.6332
89.1267
89.0425
90.3806
93.1410
97.3236
102.9285
109.9557
118.4052
125.6210
131.6031
136.3515
139.8661
142.1471
143.1943
143.0079
141.5877
140.5621
139.9311
139.6947
139.8528
140.4056
141.3529
142.6948
144.4313
146.0930
147.6800
149.1922
150.6296
151.9923
153.2802
154.4934
155.6318
156.7486
157.8438
158.9174
159.9695
161.0000
162.0089
162.9962
163.9619
164.9238
165.8818
166.8360
167.7864
168.7329
169.6756
170.6145
171.5495
172.3210
172.9291
173.3737
173.6549
173.7725
173.7268
173.5175
173.1449
172.7021
172.1893
171.6064
170.9535
170.2305
169.4375
168.5743
167.6412
166.7788
165.9871
165.2662
164.6161
164.0367
163.5281
163.0902
162.7231
162.0538
161.0821
159.8082
158.2321
156.3536
154.1729
151.6900
148.9047
146.3365
143.9854
141.8512
139.9341
138.2341
136.7510
135.4850
134.4360
133.2593
131.9547
130.5223
128.9621
127.2741
125.4583
123.5147
121.4433
119.4103
117.4157
115.4594
113.5415
111.6620
109.8208
108.0180
106.2536
104.7719
103.5728
102.6563
102.0225
101.6714
101.6029
101.8171
102.3139
102.8393
103.3932
103.9758
104.5869
105.2266
105.8948
106.5916
107.3170
108.0643
108.8333
109.6242
110.4370
111.2715
112.1280
113.0062
113.9063
114.7586
115.5631
116.3198
117.0288
117.6899
118.3032
118.8688
119.3865
119.9412
120.5328
121.1613
121.8267
122.5291
123.2684
124.0446
124.8577
125.7045
126.5848
127.4987
128.4463
129.4274
130.4421
131.4905
132.5724
133.7056
134.8902
136.1261
137.4134
138.7519
140.1418
141.5830
143.0756
144.4231
145.6255
146.6830
147.5954
148.3627
148.9850
149.4623
149.7945
150.4307
151.3709
152.6151
154.1633
156.0155
158.1716
160.6318
163.3959
165.9521
168.3004
170.4407
172.3732
174.0977
175.6142
176.9228
178.0235
179.0947
180.1363
181.1484
182.1309
183.0839
184.0073
184.9012
185.7656
186.3723
186.7216
186.8132
186.6473
186.2239
185.5428
184.6043
183.4081
181.8540
179.9419
177.6719
175.0439
172.0580
168.7141
165.0123
160.9524
157.2072
153.7767
150.6607
147.8594
145.3726
143.2005
141.3430
139.8001
137.9160
135.6906
133.1239
130.2160
126.9668
123.3764
119.4447
115.1717
111.2915
107.8039
104.7091
102.0069
99.6975
97.7807
96.2567
95.1254
93.9764
92.8098
91.6257
90.4239
89.2045
87.9675
86.7129
85.4407
84.2500
83.1407
82.1128
81.1664
80.3015
79.5180
78.8160
78.1955
77.5940
77.0116
76.4483
75.9041
75.3789
74.8729
74.3859
73.9180
73.5473
73.2738
73.0974
73.0182
73.0361
73.1512
73.3635
73.6729
73.9245
74.1182
74.2541
74.3322
74.3524
74.3148
74.2193
74.0660
74.0196
74.0801
74.2475
74.5218
74.9030
75.3911
75.9861
76.6880
77.2707
77.7342
78.0784
78.3035
78.4094
78.3960
78.2634
78.0117
78.6091
80.0557
82.3514
85.4964
89.4905
94.3338
100.0262
106.5679
112.5288
117.9089
122.7082
126.9268
130.5646
133.6217
136.0979
137.9934
140.0726
142.3355
144.7820
147.4122
150.2261
153.2237
156.4050
159.7699
162.6713
165.1092
167.0836
168.5945
169.6418
170.2256
170.3459
170.0027
169.6359
169.2456
168.8317
168.3942
167.9332
167.4486
166.9404
166.4087
165.8293
165.2023
164.5276
163.8053
163.0353
162.2176
161.3523
160.4393
159.3686
158.1403
156.7542
155.2104
153.5090
151.6498
149.6330
147.4584
145.3476
143.3005
141.3172
139.3977
137.5419
135.7499
134.0216
132.3571
130.7520
129.2062
127.7199
126.2930
124.9255
123.6174
122.3687
121.1793
119.9213
118.5946
117.1992
115.7350
114.2022
112.6006
110.9304
109.1914
107.6974
106.4483
105.4442
104.6850
104.1708
103.9016
103.8773
104.0979
104.1114
103.9178
103.5171
102.9093
102.0944
101.0724
99.8432
98.4070
97.1846
96.1762
95.3816
94.8009
94.4341
94.2812
94.3421
94.6170
94.8594
95.0692
95.2466
95.3914
95.5038
95.5836
95.6310
95.6458
95.6722
95.7101
95.7597
95.8208
95.8935
95.9777
96.0735
96.1809
96.3614
96.6151
96.9418
97.3417
97.8146
98.3607
98.9800
99.6723
100.5114
101.4972
102.6297
103.9090
105.3350
106.9077
108.6271
110.4933
112.1147
113.4914
114.6233
115.5105
116.1529
116.5506
116.7035
116.6117
117.0892
118.1362
119.7525
121.9382
124.6933
128.0178
131.9116
136.3749
140.0226
142.8548
144.8715
146.0727
146.4584
146.0286
144.7832
142.7224
141.4880
141.0801
141.4986
142.7436
144.8151
147.7130
151.4374
155.9883
159.8651
163.0677
165.5963
167.4508
168.6312
169.1375
168.9697
168.1278
167.3173
166.5382
165.7906
165.0744
164.3896
163.7362
163.1142
162.5237
161.9054
161.2593
160.5855
159.8839
159.1546
158.3976
157.6128
156.8002
156.1396
155.6311
155.2745
155.0700
155.0174
155.1169
155.3684
155.7718
155.7377
155.2660
154.3568
153.0099
151.2255
149.0036
146.3440
143.2469
140.4159
137.8511
135.5524
133.5198
131.7534
130.2531
129.0189
128.0509
127.3302
126.8568
126.6308
126.6521
126.9206
127.4365
128.1997
129.2103
129.6716
129.5836
128.9465
127.7600
126.0244
123.7395
120.9054
117.5221
114.5372
111.9506
109.7625
107.9728
106.5815
105.5886
104.9941
104.7980
104.6350
104.5051
104.4083
104.3446
104.3141
104.3166
104.3522
104.4209
104.5875
104.8520
105.2143
105.6745
106.2326
106.8885
107.6422
108.4939
109.1320
109.5566
109.7678
109.7654
109.5495
109.1201
108.4771
107.6207
107.2520
107.3711
107.9780
109.0726
110.6549
112.7250
115.2829
118.3285
120.8735
122.9177
124.4613
125.5042
126.0464
126.0878
125.6287
124.6688
123.9025
123.3297
122.9505
122.7649
122.7729
122.9744
123.3695
123.9582
125.2472
127.2366
129.9263
133.3164
137.4069
142.1977
147.6889
153.8805
159.1800
163.5876
167.1032
169.7267
171.4583
172.2979
172.2455
171.3011
170.4933
169.8220
169.2873
168.8892
168.6277
168.5027
168.5143
168.6624
168.7865
168.8864
168.9622
169.0138
169.0413
169.0447
169.0240
168.9792
168.8829
168.7353
168.5364
168.2861
167.9844
167.6313
167.2268
166.7710
166.1714
165.4281
164.5409
163.5099
162.3352
161.0167
159.5543
157.9482
156.2448
154.4441
152.5462
150.5509
148.4583
146.2684
143.9812
141.5967
139.5753
137.9168
136.6214
135.6890
135.1196
134.9132
135.0698
135.5894
135.4120
134.5375
132.9660
130.6974
127.7317
124.0690
119.7092
114.6524
110.3240
106.7242
103.8527
101.7098
100.2954
99.6094
99.6519
100.4228
101.0034
101.3935
101.5932
101.6024
101.4212
101.0496
100.4876
99.7351
98.9901
98.2525
97.5224
96.7997
96.0845
95.3767
94.6764
93.9836
93.3578
92.7991
92.3074
91.8829
91.5253
91.2349
91.0115
90.8552
90.6714
90.4600
90.2211
89.9548
89.6609
89.3395
88.9906
88.6141
88.3683
88.2530
88.2684
88.4143
88.6908
89.0979
89.6356
90.3039
90.9830
91.6729
92.3737
93.0853
93.8077
94.5409
95.2850
96.0398
96.9726
98.0833
99.3718
100.8382
102.4825
104.3047
106.3047
108.4827
110.4387
112.1727
113.6848
114.9749
116.0430
116.8892
117.5134
117.9157
118.8998
120.4658
122.6138
125.3436
128.6553
132.5488
137.0243
142.0817
146.7271
150.9605
154.7820
158.1916
161.1892
163.7748
165.9485
167.7102
169.2242
170.4905
171.5091
172.2799
172.8030
173.0784
173.1061
172.8860
172.3264
171.4271
170.1882
168.6098
166.6917
164.4340
161.8368
158.8999
156.0864
153.3963
150.8296
148.3862
146.0662
143.8697
141.7965
139.8466
138.0381
136.3709
134.8450
133.4605
132.2172
131.1152
130.1546
129.3352
128.3936
127.3298
126.1438
124.8355
123.4050
121.8523
120.1773
118.3801
116.7494
115.2852
113.9876
112.8564
111.8918
111.0937
110.4621
109.9970
109.5765
109.2005
108.8690
108.5821
108.3397
108.1418
107.9885
107.8797
107.7818
107.6945
107.6181
107.5524
107.4975
107.4534
107.4200
107.3975
107.4266
107.5074
107.6398
107.8240
108.0598
108.3473
108.6865
109.0773
109.3323
109.4512
109.4343
109.2814
108.9926
108.5679
108.0072
107.3106
106.6866
106.1350
105.6561
105.2496
104.9158
104.6544
104.4656
104.3494
104.1821
103.9639
103.6947
103.3744
103.0032
102.5810
102.1078
101.5836
101.7598
102.6365
104.2136
106.4911
109.4690
113.1473
117.5261
122.6053
126.8647
130.3042
132.9240
134.7240
135.7042
135.8645
135.2051
133.7259
132.8573
132.5993
132.9519
133.9152
135.4891
137.6737
140.4689
143.8747
147.0285
149.9302
152.5798
154.9775
157.1231
159.0166
160.6581
162.0475
163.2928
164.3941
165.3512
166.1642
166.8332
167.3580
167.7387
167.9753
168.2236
168.4836
168.7552
169.0385
169.3335
169.6401
169.9584
170.2884
170.3589
170.1699
169.7214
169.0135
168.0460
166.8191
165.3328
163.5869
162.0223
160.6390
159.4371
158.4164
157.5770
156.9189
156.4421
156.1465
155.7254
155.1786
154.5062
153.7082
152.7846
151.7353
150.5604
149.2598
147.9897
146.7499
145.5406
144.3617
143.2132
142.0952
141.0075
139.9502
138.6475
137.0993
135.3057
133.2665
130.9820
128.4519
125.6764
122.6555
120.0353
117.8160
115.9976
114.5799
113.5631
112.9472
112.7321
112.9178
112.8297
112.4679
111.8323
110.9230
109.7399
108.2830
106.5524
104.5480
102.8104
101.3396
100.1357
99.1985
98.5282
98.1247
97.9880
98.1182
98.0668
97.8340
97.4197
96.8238
96.0465
95.0877
93.9475
92.6257
91.5157
90.6175
89.9310
89.4563
89.1934
89.1422
89.3028
89.6752
90.1270
90.6584
91.2693
91.9597
92.7296
93.5790
94.5079
95.5163
96.4465
97.2986
98.0725
98.7682
99.3857
99.9251
100.3863
100.7693
101.3287
102.0643
102.9763
104.0647
105.3293
106.7703
108.3876
110.1812
111.8641
113.4363
114.8976
116.2483
117.4882
118.6173
119.6357
120.5434
121.5518
122.6611
123.8713
125.1822
126.5940
128.1066
129.7201
131.4343
133.0978
134.7104
136.2722
137.7832
139.2434
140.6527
142.0112
143.3189
144.5887
145.8207
147.0149
148.1712
149.2897
150.3704
151.4132
152.4181
153.2793
153.9968
154.5706
155.0005
155.2868
155.4293
155.4281
155.2831
154.9600
154.4586
153.7790
152.9213
151.8853
150.6712
149.2788
147.7082
146.2949
145.0388
143.9400
142.9984
142.2140
141.5868
141.1169
140.8043
140.4311
139.9974
139.5032
138.9485
138.3333
137.6576
136.9213
136.1246
135.3056
134.4643
133.6008
132.7150
131.8070
130.8767
129.9241
128.9493
127.9886
127.0418
126.1090
125.1902
124.2855
123.3947
122.5179
121.6552
120.7962
119.9408
119.0893
118.2414
117.3972
116.5568
115.7201
114.8871
114.0489
113.2053
112.3565
111.5024
110.6431
109.7784
108.9085
108.0333
107.3015
106.7132
106.2684
105.9670
105.8091
105.7947
105.9237
106.1961
106.4140
106.5773
106.6859
106.7400
106.7394
106.6843
106.5746
106.4102
106.2896
106.2129
106.1799
106.1907
106.2453
106.3437
106.4858
106.6718
106.9844
107.4237
107.9897
108.6824
109.5018
110.4478
111.5206
112.7200
113.9000
115.0605
116.2016
117.3233
118.4255
119.5083
120.5716
121.6155
122.8388
124.2414
125.8233
127.5845
129.5251
131.6450
133.9443
136.4228
138.6407
140.5977
142.2940
143.7296
144.9044
145.8184
146.4717
146.8642
147.2368
147.5896
147.9226
148.2357
148.5289
148.8023
149.0558
149.2894
149.5746
149.9113
150.2995
150.7392
151.2304
151.7732
152.3675
153.0132
153.5485
153.9731
154.2872
154.4907
154.5836
154.5660
154.4378
154.1990
154.0186
153.8966
153.8329
153.8276
153.8806
153.9920
154.1618
154.3899
154.5083
154.5169
154.4158
154.2049
153.8843
153.4539
152.9138
152.2639
151.5102
150.6526
149.6912
148.6259
147.4568
146.1838
144.8070
143.3263
141.8545
140.3916
138.9375
137.4923
136.0560
134.6286
133.2100
131.8003
130.4928
129.2876
128.1847
127.1840
126.2855
125.4893
124.7953
124.2036
123.7887
123.5505
123.4891
123.6044
123.8965
124.3654
125.0110
125.8334
126.3680
126.6148
126.5739
126.2451
125.6286
124.7243
123.5322
122.0523
120.6126
119.2131
117.8537
116.5344
115.2553
114.0164
112.8176
111.6590
110.5774
109.5728
108.6453
107.7948
107.0214
106.3249
105.7056
105.1632
104.6590
104.1929
103.7649
103.3750
103.0233
102.7097
102.4342
102.1968
101.9826
101.7915
101.6235
101.4787
101.3570
101.2585
101.1832
101.1309
101.1490
101.2372
101.3957
101.6245
101.9235
102.2928
102.7323
103.2420
103.8236
104.4770
105.2022
105.9992
106.8681
107.8087
108.8212
109.9055
111.2197
112.7637
114.5377
116.5416
118.7754
121.2390
123.9326
126.8561
129.5210
131.9273
134.0750
135.9641
137.5946
138.9666
140.0799
140.9347
141.7500
142.5260
143.2625
143.9596
144.6173
145.2356
145.8145
146.3539
146.8121
147.1891
147.4848
147.6993
147.8325
147.8844
147.8551
147.7446
147.7442
147.8538
148.0736
148.4035
148.8434
149.3935
150.0537
150.8240
151.5664
152.2811
152.9680
153.6272
154.2585
154.8620
155.4378
155.9857
156.2449
156.2154
155.8971
155.2901
154.3943
153.2098
151.7366
149.9746
148.2818
146.6583
145.1040
143.6189
142.2031
140.8564
139.5790
138.3709
137.1645
135.9601
134.7575
133.5568
132.3580
131.1610
129.9659
128.7727
127.6010
126.4509
125.3223
124.2153
123.1299
122.0660
121.0237
120.0030
119.0032
118.0243
117.0665
116.1296
115.2136
114.3186
113.4446
112.5916
111.7277
110.8529
109.9673
109.0708
108.1635
107.2454
106.3164
105.3765
104.4930
103.6657
102.8947
102.1800
101.5216
100.9195
100.3737
99.8842
99.3651
98.8165
98.2384
97.6307
96.9935
96.3267
95.6304
94.9046
94.2896
93.7854
93.3921
93.1096
92.9379
92.8771
92.9271
93.0880
93.4054
93.8794
94.5100
95.2971
96.2409
97.3412
98.5980
100.0115
101.3426
102.5914
103.7579
104.8420
105.8438
106.7632
107.6004
108.3552
109.4048
110.7494
112.3888
114.3231
116.5523
119.0763
121.8952
125.0090
128.0235
130.9389
133.7550
136.4719
139.0896
141.6081
144.0274
146.3474
148.4981
150.4794
152.2913
153.9337
155.4068
156.7105
157.8449
158.8098
159.5693
160.1235
160.4722
160.6156
160.5536
160.2862
159.8134
159.1352
158.5729
158.1265
157.7960
157.5813
157.4825
157.4996
157.6326
157.8815
158.0104
158.0194
157.9085
157.6777
157.3269
156.8562
156.2655
155.5550
154.7168
153.7511
152.6577
151.4368
150.0883
148.6122
147.0085
145.2772
143.5303
141.7678
139.9897
138.1960
136.3867
134.5617
132.7212
130.8650
129.0230
127.1952
125.3816
123.5821
121.7969
120.0258
118.2689
116.5261
114.6876
112.7532
110.7231
108.5971
106.3753
104.0577
101.6443
99.1351
96.7938
94.6205
92.6152
90.7779
89.1086
87.6072
86.2738
85.1083
84.1086
83.2745
82.6061
82.1034
81.7663
81.5949
81.5892
81.7492
81.8386
81.8574
81.8056
81.6832
81.4903
81.2267
80.8926
80.4879
80.1055
79.7454
79.4076
79.0921
78.7990
78.5281
78.2795
78.0533
77.8859
77.7774
77.7278
77.7370
77.8051
77.9321
78.1179
78.3626
78.6814
79.0743
79.5412
80.0823
80.6974
81.3867
82.1500
82.9874
84.0013
85.1917
86.5585
88.1019
89.8217
91.7181
93.7909
96.0402
98.3395
100.6890
103.0885
105.5381
108.0378
110.5875
113.1873
115.8372
118.5671
121.3770
124.2668
127.2366
130.2863
133.4161
136.6258
139.9155
143.3661
146.9776
150.7499
154.6831
158.7772
163.0322
167.4481
172.0248
176.3810
180.5166
184.4316
188.1260
191.5998
194.8530
197.8857
200.6977
203.0293
204.8803
206.2508
207.1408
207.5502
207.4791
206.9275
205.8954
204.8135
203.6818
202.5002
201.2689
199.9878
198.6569
197.2762
195.8457
194.3880
192.9029
191.3906
189.8510
188.2841
186.6899
185.0684
183.4197
181.8518
180.3647
178.9586
177.6332
176.3888
175.2252
174.1424
173.1406
172.0003
170.7217
169.3048
167.7494
166.0558
164.2237
162.2533
160.1446
158.0835
156.0702
154.1046
152.1868
150.3166
148.4942
146.7195
144.9926
143.5252
142.3173
141.3691
140.6804
140.2513
140.0818
140.1718
140.5214
140.5956
140.3944
139.9177
139.1655
138.1380
136.8349
135.2565
133.4026
131.6820
130.0947
128.6407
127.3200
126.1326
125.0786
124.1578
123.3704
122.5491
121.6940
120.8050
119.8821
118.9255
117.9350
116.9106
115.8524
114.7113
113.4874
112.1807
110.7911
109.3187
107.7635
106.1254
104.4045
102.7897
101.2811
99.8785
98.5822
97.3919
96.3078
95.3298
94.4580
93.5367
92.5661
91.5461
90.4767
89.3578
88.1896
86.9720
85.7050
84.8148
84.3014
84.1649
84.4051
85.0222
86.0161
87.3867
89.1342
90.8088
92.4104
93.9391
95.3948
96.7776
98.0875
99.3244
100.4884
101.6224
102.7264
103.8006
104.8447
105.8589
106.8432
107.7975
108.7219
109.5773
110.3639
111.0816
111.7305
112.3104
112.8214
113.2636
113.6369
114.0013
114.3569
114.7035
115.0414
115.3703
115.6904
116.0017
116.3040
116.6091
116.9168
117.2272
117.5403
117.8561
118.1745
118.4956
118.8194
119.4831
120.4866
121.8299
123.5131
125.5361
127.8990
130.6017
133.6443
136.7954
140.0552
143.4236
146.9006
150.4862
154.1805
157.9833
161.8947
165.3547
168.3631
170.9200
173.0254
174.6793
175.8817
176.6326
176.9320
177.2833
177.6867
178.1421
178.6495
179.2088
179.8202
180.4836
181.1989
181.6393
181.8048
181.6953
181.3108
180.6514
179.7170
178.5077
177.0234
175.6852
174.4932
173.4474
172.5477
171.7941
171.1867
170.7255
170.4104
169.8507
169.0466
167.9979
166.7047
165.1669
163.3847
161.3579
159.0866
157.0370
155.2091
153.6029
152.2185
151.0558
150.1148
149.3956
148.8980
148.2143
147.3444
146.2883
145.0461
143.6176
142.0030
140.2021
138.2151
136.3495
134.6052
132.9824
131.4809
130.1008
128.8422
127.7049
126.6889
125.6916
124.7127
123.7525
122.8107
121.8875
120.9828
120.0967
119.2291
118.1227
116.7774
115.1933
113.3703
111.3084
109.0078
106.4682
103.6898
101.0616
98.5834
96.2554
94.0774
92.0496
90.1719
88.4443
86.8669
85.3837
83.9948
82.7002
81.4999
80.3939
79.3822
78.4648
77.6416
76.9848
76.4942
76.1700
76.0120
76.0203
76.1949
76.5358
77.0429
77.4698
77.8165
78.0828
78.2689
78.3747
78.4002
78.3455
78.2104
78.1276
78.0968
78.1183
78.1919
78.3176
78.4955
78.7255
79.0077
79.2851
79.5576
79.8253
80.0882
80.3462
80.5994
80.8478
81.0913
81.6656
82.5705
83.8061
85.3723
87.2693
89.4969
92.0552
94.9441
97.7109
100.3556
102.8780
105.2784
107.5565
109.7124
111.7462
113.6579
115.7167
117.9227
120.2759
122.7763
125.4239
128.2186
131.1606
134.2497
137.0587
139.5875
141.8360
143.8044
145.4926
146.9007
148.0285
148.8761
149.7369
150.6109
151.4980
152.3982
153.3116
154.2381
155.1778
156.1307
156.7878
157.1493
157.2150
156.9850
156.4593
155.6378
154.5207
153.1079
151.7701
150.5075
149.3200
148.2076
147.1704
146.2082
145.3212
144.5092
143.7249
142.9682
142.2390
141.5374
140.8634
140.2170
139.5982
139.0070
138.2832
137.4268
136.4378
135.3162
134.0620
132.6753
131.1559
129.5039
127.8194
126.1022
124.3525
122.5702
120.7553
118.9078
117.0277
115.1150
113.2693
111.4906
109.7788
108.1340
106.5562
105.0454
103.6015
102.2246
101.1070
100.2488
99.6499
99.3103
99.2300
99.4091
99.8475
100.5452
100.9584
101.0870
100.9309
100.4903
99.7652
98.7554
97.4610
95.8821
94.5295
93.4032
92.5032
91.8296
91.3823
91.1613
91.1667
91.3984
91.5597
91.6507
91.6713
91.6215
91.5014
91.3109
91.0501
90.7189
90.4510
90.2464
90.1052
90.0273
90.0128
90.0615
90.1736
90.3491
90.6108
90.9589
91.3934
91.9142
92.5214
93.2149
93.9947
94.8609
95.7614
96.6963
97.6655
98.6691
99.7070
100.7792
101.8858
103.0267
104.3543
105.8686
107.5695
109.4571
111.5314
113.7923
116.2399
118.8741
121.4871
124.0787
126.6491
129.1982
131.7260
134.2325
136.7178
139.1817
141.7218
144.3380
147.0304
149.7989
152.6435
155.5642
158.5611
161.6342
164.4278
166.9421
169.1771
171.1327
172.8089
174.2058
175.3233
176.1614
176.8383
177.3539
177.7083
177.9013
177.9331
177.8037
177.5129
177.0609
176.6127
176.1684
175.7279
175.2913
174.8585
174.4296
174.0045
173.5832
173.1774
172.7870
172.4120
172.0525
171.7083
171.3796
171.0664
170.7685
170.4127
169.9989
169.5271
168.9974
168.4097
167.7641
167.0605
166.2989
165.5445
164.7973
164.0574
163.3246
162.5990
161.8807
161.1695
160.4655
159.5150
158.3179
156.8742
155.1839
153.2470
151.0636
148.6336
145.9569
143.4363
141.0716
138.8628
136.8100
134.9131
133.1722
131.5873
130.1583
128.6189
126.9693
125.2094
123.3392
121.3587
119.2679
117.0668
114.7554
112.7516
111.0555
109.6671
108.5864
107.8133
107.3479
107.1902
107.3401
107.5451
107.8053
108.1205
108.4909
108.9163
109.3969
109.9326
110.5234
111.0824
111.6094
112.1045
112.5677
112.9991
113.3985
113.7660
114.1017
114.3307
114.4530
114.4687
114.3778
114.1802
113.8759
113.4650
112.9474
112.5233
112.1926
111.9553
111.8114
111.7609
111.8039
111.9402
112.1700
112.4755
112.8568
113.3137
113.8464
114.4548
115.1389
115.8987
116.7343
117.6889
118.7627
119.9555
121.2675
122.6985
124.2486
125.9178
127.7061
129.5475
131.4420
133.3895
135.3902
137.4438
139.5506
141.7105
143.9234
146.0827
148.1884
150.2405
152.2389
154.1838
156.0750
157.9126
159.6966
161.4709
163.2354
164.9902
166.7353
168.4706
170.1962
171.9121
173.6182
175.1001
176.3577
177.3912
178.2004
178.7854
179.1462
179.2828
179.1951
179.0962
178.9860
178.8646
178.7319
178.5880
178.4328
178.2663
178.0886
177.6715
177.0149
176.1189
174.9836
173.6088
171.9946
170.1410
168.0479
166.0457
164.1343
162.3137
160.5840
158.9450
157.3969
155.9396
154.5731
153.2016
151.8253
150.4441
149.0579
147.6669
146.2709
144.8700
143.4642
141.9440
140.3094
138.5605
136.6972
134.7195
132.6274
130.4210
128.1002
126.0792
124.3581
122.9370
121.8156
120.9942
120.4727
120.2510
120.3292
120.3095
120.1920
119.9766
119.6634
119.2524
118.7434
118.1366
117.4320
116.7237
116.0118
115.2963
114.5771
113.8543
113.1278
112.3977
111.6640
110.9952
110.3915
109.8528
109.3791
108.9704
108.6268
108.3481
108.1344
107.5968
106.7351
105.5494
104.0397
102.2060
100.0482
97.5665
94.7607
92.1476
89.7272
87.4995
85.4644
83.6220
81.9723
80.5153
79.2509
78.0164
76.8117
75.6368
74.4917
73.3764
72.2910
71.2354
70.2095
69.4368
68.9172
68.6506
68.6372
68.8768
69.3695
70.1153
71.1142
72.3107
73.7048
75.2964
77.0857
79.0725
81.2570
83.6391
86.2187
88.5153
90.5289
92.2595
93.7070
94.8715
95.7530
96.3514
96.6668
97.4302
98.6416
100.3009
102.4082
104.9635
107.9667
111.4179
115.3172
118.8400
121.9864
124.7565
127.1501
129.1674
130.8083
132.0729
132.9610
134.0530
135.3489
136.8486
138.5522
140.4597
142.5710
144.8862
147.4052
149.7016
151.7753
153.6265
155.2550
156.6608
157.8440
158.8046
159.5426
160.2773
161.0089
161.7373
162.4626
163.1846
163.9035
164.6192
165.3318
165.7660
165.9218
165.7993
165.3984
164.7192
163.7617
162.5258
161.0115
159.4468
157.8316
156.1659
154.4498
152.6832
150.8661
148.9986
147.0805
145.0836
143.0077
140.8529
138.6191
136.3064
133.9148
131.4442
128.8947
126.6013
124.5642
122.7833
121.2586
119.9900
118.9777
118.2215
117.7216
117.3004
116.9582
116.6947
116.5101
116.4044
116.3775
116.4294
116.5602
116.4620
116.1348
115.5787
114.7937
113.7796
112.5367
111.0647
109.3638
107.8071
106.3946
105.1263
104.0021
103.0221
102.1863
101.4947
100.9472
100.4005
99.8545
99.3092
98.7647
98.2208
97.6777
97.1353
96.5936
96.1109
95.6872
95.3225
95.0168
94.7701
94.5824
94.4538
94.3841
94.1940
93.8837
93.4531
92.9021
92.2308
91.4392
90.5273
89.4950
88.5209
87.6051
86.7475
85.9480
85.2068
84.5238
83.8990
83.3324
83.4708
84.3142
85.8625
88.1159
91.0742
94.7375
99.1058
104.1791
108.4582
111.9430
114.6336
116.5300
117.6322
117.9402
117.4540
116.1735
116.0014
116.9376
118.9822
122.1351
126.3963
131.7659
138.2438
145.8301
152.6088
158.5801
163.7440
168.1003
171.6492
174.3905
176.3244
177.4508
178.3859
179.1296
179.6819
180.0429
180.2125
180.1908
179.9777
179.5732
178.9867
178.2180
177.2673
176.1346
174.8197
173.3228
171.6438
169.7827
168.3386
167.3115
166.7014
166.5083
166.7321
167.3730
168.4308
169.9056
170.4739
170.1357
168.8909
166.7397
163.6820
159.7178
154.8471
149.0698
144.2853
140.4936
137.6946
135.8884
135.0750
135.2542
136.4263
138.5911
139.7854
140.0091
139.2624
137.5451
134.8573
131.1990
126.5702
120.9708
115.9586
111.5335
107.6956
104.4449
101.7812
99.7048
98.2154
97.3132
96.5618
95.9611
95.5111
95.2119
95.0634
95.0656
95.2186
95.5224
95.6918
95.7270
95.6280
95.3946
95.0270
94.5251
93.8889
93.1185
92.4497
91.8826
91.4171
91.0532
90.7910
90.6304
90.5715
90.6142
90.7091
90.8562
91.0556
91.3072
91.6110
91.9670
92.3752
92.8356
93.3489
93.9150
94.5340
95.2058
95.9304
96.7079
97.5382
98.4214
98.9964
99.2631
99.2217
98.8720
98.2142
97.2482
95.9739
94.3915
93.6908
93.8720
94.9349
96.8797
99.7062
103.4145
108.0046
113.4766
118.1509
122.0277
125.1069
127.3885
128.8726
129.5591
129.4481
128.5395
127.8239
127.3014
126.9719
126.8354
126.8920
127.1416
127.5843
128.2200
128.5992
128.7219
128.5881
128.1978
127.5510
126.6476
125.4878
124.0714
123.7882
124.6381
126.6211
129.7372
133.9864
139.3688
145.8842
153.5328
159.8536
164.8467
168.5120
170.8495
171.8593
171.5413
169.8955
166.9220
164.9124
163.8666
163.7846
164.6665
166.5122
169.3218
173.0952
177.8325
181.9520
185.4538
188.3379
190.6042
192.2528
193.2837
193.6969
193.4923
193.0760
192.4481
191.6085
190.5573
189.2944
187.8198
186.1335
184.2356
182.5240
180.9988
179.6599
178.5073
177.5410
176.7611
176.1675
175.7603
175.5128
175.4250
175.4969
175.7286
176.1201
176.6712
177.3821
178.2527
178.5249
178.1987
177.2741
175.7510
173.6295
170.9096
167.5913
163.6746
160.3975
157.7600
155.7621
154.4039
153.6853
153.6064
154.1670
155.3673
155.9144
155.8083
155.0490
153.6364
151.5707
148.8517
145.4795
141.4541
138.0029
135.1259
132.8231
131.0945
129.9401
129.3599
129.3539
129.9221
130.0705
129.7990
129.1076
127.9965
126.4654
124.5146
122.1439
119.3534
116.8312
114.5774
112.5920
110.8749
109.4262
108.2458
107.3339
106.6903
105.7665
104.5627
103.0787
101.3146
99.2704
96.9461
94.3417
91.4571
88.7698
86.2797
83.9869
81.8912
79.9928
78.2916
76.7877
75.4810
74.3408
73.3671
72.5600
71.9194
71.4453
71.1378
70.9968
71.0223
71.1069
71.2507
71.4535
71.7155
72.0365
72.4167
72.8560
73.3544
73.8280
74.2768
74.7008
75.0999
75.4743
75.8239
76.1487
76.4486
76.8742
77.4253
78.1021
78.9044
79.8323
80.8859
82.0650
83.3697
84.6876
86.0188
87.3631
88.7207
90.0914
91.4754
92.8726
94.2830
95.8079
97.4474
99.2014
101.0700
103.0530
105.1506
107.3628
109.6895
112.1410
114.7172
117.4183
120.2442
123.1949
126.2704
129.4707
132.7958
135.8223
138.5501
140.9793
143.1099
144.9418
146.4751
147.7097
148.6458
149.5809
150.5153
151.4488
152.3815
153.3134
154.2444
155.1746
156.1040
157.0554
158.0288
159.0242
160.0417
161.0812
162.1427
163.2262
164.3318
165.1579
165.7046
165.9719
165.9598
165.6682
165.0973
164.2469
163.1170
162.0001
160.8961
159.8049
158.7267
157.6613
156.6089
155.5693
154.5426
153.5576
152.6141
151.7124
150.8522
150.0337
149.2568
148.5216
147.8279
147.1687
146.5438
145.9534
145.3973
144.8756
144.3883
143.9354
143.5168
143.0372
142.4964
141.8946
141.2316
140.5076
139.7224
138.8761
137.9688
137.0120
136.0058
134.9503
133.8453
132.6909
131.4872
130.2340
128.9314
127.5684
126.1449
124.6610
123.1165
121.5117
119.8463
118.1205
116.3342
114.5181
112.6722
110.7964
108.8908
106.9554
104.9901
102.9950
100.9701
99.1212
97.4483
95.9514
94.6306
93.4858
92.5170
91.7243
91.1075
90.5108
89.9341
89.3773
88.8406
88.3238
87.8270
87.3502
86.8934
86.6462
86.6085
86.7803
87.1617
87.7527
88.5531
89.5632
90.7827
91.7843
92.5679
93.1335
93.4812
93.6108
93.5225
93.2162
92.6919
92.5397
92.7597
93.3518
94.3161
95.6525
97.3611
99.4418
101.8946
104.1015
106.0624
107.7773
109.2463
110.4692
111.4462
112.1772
112.6623
113.4686
114.5963
116.0452
117.8155
119.9071
122.3200
125.0542
128.1097
130.9845
133.6785
136.1918
138.5244
140.6762
142.6472
144.4375
146.0471
147.7328
149.4947
151.3328
153.2469
155.2373
157.3038
159.4464
161.6652
163.7125
165.5883
167.2926
168.8254
170.1867
171.3764
172.3947
173.2415
174.0655
174.8668
175.6453
176.4011
177.1342
177.8445
178.5321
179.1969
179.6361
179.8496
179.8375
179.5996
179.1361
178.4469
177.5321
176.3916
175.2583
174.1323
173.0135
171.9020
170.7977
169.7007
168.6109
167.5283
166.3701
165.1362
163.8266
162.4413
160.9804
159.4438
157.8315
156.1436
154.4505
152.7521
151.0486
149.3399
147.6260
145.9070
144.1827
142.4532
140.8325
139.3204
137.9170
136.6223
135.4363
134.3590
133.3903
132.5303
131.4062
130.0178
128.3652
126.4484
124.2674
121.8222
119.1127
116.1391
113.5717
111.4106
109.6557
108.3070
107.3646
106.8285
106.6986
106.9750
107.0923
107.0505
106.8497
106.4898
105.9708
105.2928
104.4557
103.4595
102.7307
102.2693
102.0753
102.1487
102.4895
103.0977
103.9733
105.1162
106.1051
106.9398
107.6205
108.1470
108.5194
108.7377
108.8018
108.7119
108.6874
108.7285
108.8351
109.0073
109.2449
109.5480
109.9167
110.3509
110.4450
110.1988
109.6126
108.6862
107.4197
105.8130
103.8662
101.5792
99.5751
97.8539
96.4155
95.2601
94.3875
93.7977
93.4908
93.4668
93.6344
93.9936
94.5444
95.2867
96.2206
97.3462
98.6633
100.1720
101.7669
103.4482
105.2158
107.0697
109.0099
111.0364
113.1492
115.3483
117.7368
120.3148
123.0823
126.0393
129.1857
132.5216
136.0470
139.7618
142.9702
145.6723
147.8680
149.5572
150.7402
151.4167
151.5868
151.2506
151.0118
150.8705
150.8267
150.8804
151.0315
151.2801
151.6263
152.0699
152.4873
152.8786
153.2437
153.5826
153.8954
154.1820
154.4425
154.6768
154.8590
154.9893
155.0674
155.0936
155.0677
154.9897
154.8597
154.6777
154.3699
153.9362
153.3766
152.6913
151.8801
150.9431
149.8803
148.6916
147.5018
146.3111
145.1192
143.9263
142.7324
141.5374
140.3413
139.1442
137.9356
136.7155
135.4840
134.2410
132.9865
131.7206
130.4432
129.1543
127.8463
126.5192
125.1730
123.8077
122.4233
121.0198
119.5972
118.1554
116.6717
115.1461
113.5784
111.9687
110.3171
108.6234
106.8878
105.1102
103.4067
101.7772
100.2219
98.7406
97.3334
96.0003
94.7413
93.5564
92.4025
91.2797
90.1880
89.1274
88.0978
87.0993
86.1318
85.1955
84.3568
83.6159
82.9727
82.4273
81.9796
81.6297
81.3774
81.2229
81.1757
81.2355
81.4026
81.6769
82.0584
82.5470
83.1429
83.8459
84.5617
85.2902
86.0315
86.7856
87.5523
88.3319
89.1242
89.9293
90.6749
91.3612
91.9880
92.5555
93.0636
93.5122
93.9015
94.2314
94.6888
95.2738
95.9864
96.8266
97.7944
98.8897
100.1126
101.4631
102.8916
104.3979
105.9821
107.6442
109.3843
111.2022
113.0980
115.0718
117.1901
119.4529
121.8602
124.4120
127.1083
129.9492
132.9346
136.0645
139.2886
142.6071
146.0198
149.5267
153.1279
156.8234
160.6131
164.4972
167.9227
170.8898
173.3985
175.4488
177.0406
178.1740
178.8489
179.0654
179.4119
179.8885
180.4951
181.2318
182.0985
183.0952
184.2220
185.4788
186.7197
187.9446
189.1536
190.3466
191.5237
192.6849
193.8301
194.9593
195.7855
196.3086
196.5287
196.4456
196.0595
195.3703
194.3780
193.0827
191.7657
190.4272
189.0670
187.6853
186.2819
184.8569
183.4104
181.9422
180.3579
178.6574
176.8407
174.9078
172.8588
170.6936
168.4122
166.0146
163.8839
162.0201
160.4232
159.0932
158.0301
157.2338
156.7045
156.4420
155.9143
155.1212
154.0629
152.7392
151.1503
149.2961
147.1765
144.7917
142.7494
141.0497
139.6926
138.6780
138.0059
137.6764
137.6894
138.0451
137.7374
136.7665
135.1324
132.8350
129.8744
126.2506
121.9635
117.0132
112.5848
108.6785
105.2942
102.4318
100.0915
98.2732
96.9768
96.2025
95.1309
93.7619
92.0956
90.1320
87.8711
85.3129
82.4573
79.3044
76.5106
74.0759
72.0002
70.2836
68.9260
67.9275
67.2881
67.0077
66.8542
66.8275
66.9277
67.1548
67.5087
67.9894
68.5970
69.3315
69.9233
70.3724
70.6788
70.8426
70.8636
70.7421
70.4778
70.0708
70.0147
70.3093
70.9547
71.9509
73.2978
74.9956
77.0441
79.4434
81.6338
83.6154
85.3880
86.9518
88.3066
89.4526
90.3898
91.1180
92.1663
93.5347
95.2231
97.2316
99.5601
102.2087
105.1774
108.4661
111.6152
114.6246
117.4944
120.2245
122.8149
125.2657
127.5768
129.7483
131.9694
134.2401
136.5605
138.9304
141.3500
143.8193
146.3381
148.9066
151.3169
153.5689
155.6628
157.5984
159.3758
160.9950
162.4560
163.7588
164.8841
165.8320
166.6025
167.1955
167.6111
167.8492
167.9099
167.7932
167.5855
167.2869
166.8974
166.4169
165.8454
165.1830
164.4297
163.5854
162.6445
161.6069
160.4727
159.2418
157.9142
156.4900
154.9691
153.3516
151.8402
150.4350
149.1358
147.9428
146.8560
145.8752
145.0006
144.2322
143.5368
142.9146
142.3655
141.8896
141.4868
141.1571
140.9006
140.7171
140.4304
140.0403
139.5470
138.9503
138.2502
137.4469
136.5402
135.5302
134.5607
133.6316
132.7428
131.8946
131.0867
130.3193
129.5923
128.9057
128.0830
127.1243
126.0295
124.7986
123.4317
121.9286
120.2895
118.5143
116.7755
115.0731
113.4070
111.7772
110.1839
108.6269
107.1063
105.6220
104.2686
103.0460
101.9542
100.9933
100.1633
99.4641
98.8957
98.4582
98.0146
97.5649
97.1092
96.6474
96.1795
95.7055
95.2255
94.7394
94.3110
93.9405
93.6277
93.3727
93.1754
93.0359
92.9543
92.9303
93.0528
93.3216
93.7368
94.2984
95.0063
95.8606
96.8613
98.0083
99.1179
100.1900
101.2247
102.2219
103.1817
104.1040
104.9888
105.8362
106.8895
108.1488
109.6141
111.2853
113.1625
115.2456
117.5347
120.0298
122.4031
124.6546
126.7843
128.7922
130.6783
132.4426
134.0852
135.6060
137.2654
139.0634
141.0001
143.0754
145.2894
147.6420
150.1332
152.7631
155.1419
157.2696
159.1462
160.7717
162.1462
163.2695
164.1418
164.7630
165.4191
166.1101
166.8360
167.5968
168.3924
169.2230
170.0885
170.9889
171.6911
172.1950
172.5007
172.6081
172.5173
172.2283
171.7410
171.0555
170.2438
169.3060
168.2421
167.0520
165.7357
164.2934
162.7249
161.0302
159.3540
157.6963
156.0570
154.4362
152.8338
151.2499
149.6845
148.1375
146.5732
144.9916
143.3926
141.7763
140.1426
138.4916
136.8232
135.1375
133.4806
131.8526
130.2534
128.6830
127.1415
125.6288
124.1449
122.6899
121.2066
119.6951
118.1553
116.5873
114.9911
113.3666
111.7138
110.0328
108.3999
106.8151
105.2784
103.7897
102.3492
100.9567
99.6123
98.3160
97.0623
95.8510
94.6823
93.5562
92.4725
91.4315
90.4329
89.4769
88.7539
88.2639
88.0069
87.9829
88.1919
88.6340
89.3090
90.2171
91.1921
92.2342
93.3432
94.5193
95.7623
97.0723
98.4494
99.8934
101.1380
102.1830
103.0287
103.6748
104.1215
104.3687
104.4164
104.2647
104.3077
104.5454
104.9778
105.6049
106.4268
107.4434
108.6547
110.0608
111.4837
112.9237
114.3806
115.8544
117.3452
118.8529
120.3776
121.9192
123.5813
125.3639
127.2669
129.2905
131.4344
133.6989
136.0838
138.5892
140.9203
143.0770
145.0594
146.8675
148.5012
149.9606
151.2456
152.3563
153.3830
154.3257
155.1844
155.9590
156.6496
157.2563
157.7789
158.2174
158.6776
159.1593
159.6626
160.1874
160.7338
161.3018
161.8913
162.5024
162.9798
163.3235
163.5335
163.6098
163.5524
163.3614
163.0366
162.5781
162.1221
161.6686
161.2176
160.7691
160.3230
159.8794
159.4383
158.9996
158.3894
157.6075
156.6540
155.5288
154.2320
152.7636
151.1235
149.3118
147.5923
145.9651
144.4301
142.9873
141.6368
140.3784
139.2123
138.1384
137.0937
136.0782
135.0918
134.1346
133.2066
132.3077
131.4380
130.5974
129.7019
128.7514
127.7460
126.6855
125.5701
124.3997
123.1743
121.8939
120.7749
119.8173
119.0210
118.3861
117.9125
117.6003
117.4494
117.4599
117.1375
116.4820
115.4937
114.1723
112.5180
110.5308
108.2106
105.5574
103.1671
101.0397
99.1753
97.5737
96.2351
95.1594
94.3466
93.7967
93.3453
92.9924
92.7380
92.5821
92.5247
92.5658
92.7054
92.9435
93.2027
93.4830
93.7844
94.1070
94.4506
94.8153
95.2012
95.6081
96.0527
96.5348
97.0546
97.6119
98.2068
98.8393
99.5095
100.2172
100.7533
101.1178
101.3107
101.3319
101.1816
100.8597
100.3661
99.7009
99.4640
99.6554
100.2750
101.3229
102.7990
104.7034
107.0360
109.7969
112.3320
114.6412
116.7247
118.5823
120.2141
121.6201
122.8003
123.7547
124.8308
126.0288
127.3486
128.7901
130.3534
132.0386
133.8455
135.7742
137.6354
139.4291
141.1553
142.8140
144.4052
145.9289
147.3850
148.7737
150.1373
151.4758
152.7893
154.0777
155.3410
156.5793
157.7926
158.9808
160.0709
161.0630
161.9571
162.7531
163.4510
164.0510
164.5529
164.9567
165.3053
165.5986
165.8366
166.0193
166.1468
166.2190
166.2359
166.1975
165.9613
165.5271
164.8951
164.0652
163.0374
161.8117
160.3882
158.7667
157.1670
155.5889
154.0326
152.4979
150.9849
149.4937
148.0241
146.5763
144.9487
143.1414
141.1543
138.9876
136.6412
134.1150
131.4091
128.5235
125.9572
123.7101
121.7824
120.1739
118.8848
117.9149
117.2643
116.9330
116.3149
115.4099
114.2181
112.7395
110.9740
108.9217
106.5825
103.9565
101.6450
99.6480
97.9654
96.5973
95.5436
94.8045
94.3798
94.2695
94.0828
93.8197
93.4800
93.0639
92.5713
92.0023
91.3568
90.6348
90.0003
89.4533
88.9937
88.6217
88.3371
88.1400
88.0305
88.0083
88.0549
88.1700
88.3538
88.6062
88.9272
89.3168
89.7751
90.3020
90.9145
91.6127
92.3966
93.2662
94.2214
95.2623
96.3888
97.6010
98.9552
100.4513
102.0895
103.8696
105.7917
107.8558
110.0619
112.4099
114.7207
116.9942
119.2304
121.4293
123.5909
125.7152
127.8023
129.8521
131.9330
134.0452
136.1885
138.3629
140.5686
142.8054
145.0734
147.3725
149.4636
151.3467
153.0217
154.4888
155.7477
156.7987
157.6416
158.2764
159.0611
159.9954
161.0796
162.3134
163.6970
165.2304
166.9135
168.7464
170.3743
171.7971
173.0149
174.0277
174.8355
175.4383
175.8361
176.0289
176.0577
175.9227
175.6238
175.1609
174.5342
173.7435
172.7889
171.6705
170.5204
169.3387
168.1253
166.8803
165.6036
164.2954
162.9554
161.5839
160.1903
158.7747
157.3371
155.8775
154.3958
152.8921
151.3664
149.8187
148.2937
146.7917
145.3124
143.8560
142.4225
141.0117
139.6238
138.2588
137.0142
135.8901
134.8865
134.0034
133.2408
132.5986
132.0770
131.6758
130.8743
129.6723
128.0700
126.0673
123.6641
120.8606
117.6567
114.0524
110.7774
107.8318
105.2155
102.9286
100.9710
99.3428
98.0439
97.0744
96.1436
95.2514
94.3980
93.5832
92.8071
92.0697
91.3710
90.7110
90.1515
89.6924
89.3339
89.0759
88.9183
88.8613
88.9048
89.0487
89.0490
88.9055
88.6183
88.1874
87.6128
86.8944
86.0324
85.0266
84.4258
84.2300
84.4392
85.0534
86.0726
87.4968
89.3259
91.5600
93.5829
95.3945
96.9948
98.3839
99.5617
100.5282
101.2835
101.8275
102.6742
103.8235
105.2754
107.0300
109.0872
111.4471
114.1096
117.0747
119.7664
122.1845
124.3291
126.2003
127.7979
129.1220
130.1727
130.9498
131.9170
133.0745
134.4221
135.9598
137.6877
139.6057
141.7139
144.0123
146.2036
148.2878
150.2649
152.1349
153.8979
155.5538
157.1026
158.5443
159.9128
161.2079
162.4298
163.5784
164.6537
165.6557
166.5844
167.4399
168.2143
168.9076
169.5199
170.0512
170.5014
170.8705
171.1587
171.3657
171.1317
170.4565
169.3403
167.7829
165.7843
163.3447
160.4639
157.1421
154.1992
151.6353
149.4505
147.6446
146.2177
145.1699
144.5010
144.2112
143.6767
142.8977
141.8740
140.6057
139.0928
137.3353
135.3332
133.0864
130.9348
128.8782
126.9166
125.0501
123.2787
121.6023
120.0210
118.5348
117.2058
116.0342
115.0198
114.1627
113.4630
112.9205
112.5353
112.3074
111.9490
111.4599
110.8404
110.0902
109.2095
108.1983
107.0565
105.7841
104.5125
103.2416
101.9715
100.7021
99.4335
98.1656
96.8985
95.6321
94.5696
93.7110
93.0562
92.6053
92.3582
92.3150
92.4757
92.8402
93.1434
93.3853
93.5659
93.6852
93.7432
93.7398
93.6752
93.5492
93.5125
93.5652
93.7072
93.9385
94.2591
94.6691
95.1684
95.7570
96.4121
97.1336
97.9217
98.7762
99.6972
100.6847
101.7387
102.8591
104.1175
105.5139
107.0483
108.7207
110.5310
112.4793
114.5656
116.7899
118.9342
120.9986
122.9831
124.8876
126.7122
128.4568
130.1214
131.7062
133.3533
135.0628
136.8347
138.6690
140.5657
142.5248
144.5462
146.6301
148.7229
150.8247
152.9354
155.0551
157.1838
159.3214
161.4679
163.6235
165.4529
166.9562
168.1333
168.9844
169.5093
169.7081
169.5808
169.1273
168.6943
168.2816
167.8894
167.5175
167.1661
166.8350
166.5243
166.2341
165.7538
165.0835
164.2232
163.1729
161.9326
160.5023
158.8819
157.0716
155.3889
153.8338
152.4063
151.1065
149.9343
148.8898
147.9729
147.1836
146.4069
145.6428
144.8913
144.1524
143.4260
142.7123
142.0111
141.3224
140.4115
139.2783
137.9228
136.3450
134.5448
132.5224
130.2776
127.8106
125.5378
123.4591
121.5747
119.8844
118.3884
117.0866
115.9789
115.0655
114.0713
112.9962
111.8404
110.6038
109.2864
107.8882
106.4091
104.8493
103.2799
101.7007
100.1119
98.5135
96.9054
95.2876
93.6601
92.0230
90.7262
89.7697
89.1535
88.8775
88.9419
89.3465
90.0915
91.1767
92.2374
93.2735
94.2849
95.2718
96.2341
97.1717
98.0848
98.9733
99.8529
100.7236
101.5855
102.4385
103.2826
104.1179
104.9443
105.7618
106.7191
107.8163
109.0534
110.4304
111.9472
113.6038
115.4004
117.3367
119.3590
121.4673
123.6615
125.9416
128.3077
130.7597
133.2976
135.9215
138.5530
141.1921
143.8388
146.4931
149.1551
151.8247
154.5018
157.1866
159.5924
161.7192
163.5669
165.1356
166.4253
167.4360
168.1676
168.6203
168.9710
169.2197
169.3666
169.4114
169.3544
169.1954
168.9345
168.5717
168.1833
167.7694
167.3299
166.8650
166.3744
165.8584
165.3168
164.7496
164.0319
163.1635
162.1445
160.9748
159.6545
158.1836
156.5621
154.7899
153.0597
151.3714
149.7250
148.1206
146.5581
145.0376
143.5589
142.1223
140.7789
139.5288
138.3720
137.3085
136.3383
135.4614
134.6778
133.9874
133.2625
132.5029
131.7088
130.8799
130.0165
129.1184
128.1857
127.2184
126.0034
124.5407
122.8303
120.8722
118.6664
116.2130
113.5119
110.5630
107.7969
105.2135
102.8129
100.5949
98.5596
96.7071
95.0372
93.5501
92.1557
90.8539
89.6448
88.5284
87.5046
86.5736
85.7352
84.9894
84.4360
84.0750
83.9062
83.9298
84.1457
84.5540
85.1545
85.9474
86.5007
86.8143
86.8882
86.7226
86.3172
85.6722
84.7876
83.6633
83.0525
82.9550
83.3710
84.3003
85.7431
87.6993
90.1689
93.1519
95.6666
97.7129
99.2909
100.4006
101.0420
101.2150
100.9196
100.1560
100.2201
101.1120
102.8318
105.3793
108.7546
112.9577
117.9886
123.8472
128.8962
133.1355
136.5651
139.1849
140.9951
141.9956
142.1864
141.5674
141.1679
140.9877
141.0269
141.2855
141.7635
142.4608
143.3775
144.5136
145.5539
146.4984
147.3473
148.1003
148.7576
149.3191
149.7849
150.1550
150.4699
150.7298
150.9346
151.0843
151.1790
151.2186
151.2031
151.1326
151.1412
151.2289
151.3958
151.6418
151.9669
152.3713
152.8547
153.4173
153.5687
153.3090
152.6382
151.5562
150.0631
148.1588
145.8434
143.1168
140.9529
139.3516
138.3131
137.8372
137.9240
138.5734
139.7855
141.5603
142.6332
143.0042
142.6733
141.6405
139.9058
137.4692
134.3307
130.4903
127.2241
124.5322
122.4145
120.8710
119.9018
119.5068
119.6861
120.4396
121.0080
121.3914
121.5898
121.6031
121.4314
121.0746
120.5328
119.8060
118.8893
117.7828
116.4864
115.0002
113.3242
111.4583
109.4026
107.1571
105.2747
103.7554
102.5993
101.8064
101.3765
101.3099
101.6063
102.2660
102.8237
103.2796
103.6335
103.8856
104.0358
104.0842
104.0306
103.8752
103.7855
103.7616
103.8035
103.9111
104.0845
104.3236
104.6285
104.9992
105.2573
105.4028
105.4357
105.3561
105.1639
104.8592
104.4419
103.9120
103.6938
103.7871
104.1922
104.9088
105.9371
107.2770
108.9285
110.8916
112.8002
114.6541
116.4535
118.1982
119.8883
121.5238
123.1047
124.6310
125.8644
126.8051
127.4528
127.8078
127.8699
127.6391
127.1156
126.2992
126.1127
126.5562
127.6296
129.3330
131.6663
134.6296
138.2228
142.4459
146.0411
149.0084
151.3476
153.0590
154.1423
154.5978
154.4252
153.6247
153.0891
152.8185
152.8127
153.0718
153.5959
154.3848
155.4387
156.7575
158.1250
159.5412
161.0062
162.5199
164.0823
165.6935
167.3534
169.0620
170.5579
171.8412
172.9117
173.7695
174.4146
174.8470
175.0667
175.0738
174.8310
174.3386
173.5965
172.6046
171.3630
169.8717
168.1307
166.1400
164.3898
162.8804
161.6115
160.5833
159.7957
159.2488
158.9425
158.8768
158.9305
159.1036
159.3961
159.8079
160.3392
160.9898
161.7598
162.6492
162.4615
161.1966
158.8545
155.4352
150.9388
145.3652
138.7145
130.9865
124.3729
118.8734
114.4882
111.2173
109.0606
108.0181
108.0899
109.2759
110.2004
110.8634
111.2648
111.4047
111.2831
110.9000
110.2553
109.3491
108.4943
107.6910
106.9392
106.2389
105.5900
104.9926
104.4467
103.9522
103.5367
103.2000
102.9423
102.7634
102.6634
102.6424
102.7002
102.8370
102.9534
103.0496
103.1256
103.1812
103.2166
103.2318
103.2266
103.2012
103.1580
103.0969
103.0179
102.9211
102.8065
102.6740
102.5236
102.3554
102.2415
102.1819
102.1766
102.2255
102.3288
102.4864
102.6982
102.9644
103.1245
103.1786
103.1267
102.9687
102.7047
102.3347
101.8587
101.2766
100.9325
100.8263
100.9582
101.3280
101.9358
102.7815
103.8653
105.1870
106.5852
108.0599
109.6112
111.2390
112.9433
114.7241
116.5815
118.5154
120.4408
122.3579
124.2666
126.1669
128.0587
129.9422
131.8173
133.6840
135.2901
136.6358
137.7209
138.5456
139.1097
139.4134
139.4565
139.2391
139.2651
139.5344
140.0471
140.8031
141.8024
143.0452
144.5312
146.2606
147.9010
149.4523
150.9145
152.2878
153.5719
154.7670
155.8731
156.8901
157.6596
158.1818
158.4564
158.4837
158.2635
157.7958
157.0807
156.1182
155.1114
154.0604
152.9651
151.8256
150.6419
149.4139
148.1417
146.8252
145.5993
144.4639
143.4190
142.4648
141.6010
140.8279
140.1452
139.5532
138.8674
138.0881
137.2151
136.2484
135.1881
134.0341
132.7865
131.4453
130.1143
128.7935
127.4830
126.1828
124.8927
123.6130
122.3434
121.0842
119.8341
118.5933
117.3617
116.1394
114.9263
113.7224
112.5278
111.3424
110.2765
109.3301
108.5031
107.7957
107.2077
106.7392
106.3902
106.1607
105.8404
105.4294
104.9277
104.3353
103.6521
102.8782
102.0136
101.0582
100.0747
99.0629
98.0230
96.9548
95.8585
94.7339
93.5812
92.4003
91.3973
90.5723
89.9253
89.4563
89.1652
89.0521
89.1170
89.3599
89.6456
89.9741
90.3454
90.7596
91.2165
91.7163
92.2589
92.8444
93.5601
94.4062
95.3827
96.4895
97.7266
99.0941
100.5920
102.2201
103.7234
105.1019
106.3555
107.4843
108.4882
109.3672
110.1214
110.7507
111.6715
112.8836
114.3871
116.1821
118.2684
120.6461
123.3152
126.2758
129.0406
131.6097
133.9830
136.1607
138.1426
139.9288
141.5193
142.9140
144.2543
145.5402
146.7716
147.9485
149.0710
150.1391
151.1527
152.1118
153.0634
154.0073
154.9437
155.8725
156.7938
157.7074
158.6135
159.5119
160.4024
161.2848
162.1592
163.0256
163.8839
164.7342
165.5765
166.4107
167.1097
167.6735
168.1021
168.3955
168.5536
168.5766
168.4643
168.2168
168.0036
167.8246
167.6799
167.5695
167.4933
167.4514
167.4438
167.4704
167.3012
166.9362
166.3753
165.6185
164.6659
163.5175
162.1732
160.6330
159.0813
157.5181
155.9433
154.3570
152.7591
151.1496
149.5286
147.8961
146.3593
144.9183
143.5731
142.3236
141.1698
140.1119
139.1497
138.2833
137.3338
136.3013
135.1858
133.9873
132.7058
131.3412
129.8936
128.3630
126.9599
125.6844
124.5364
123.5159
122.6230
121.8575
121.2197
120.7093
120.1839
119.6433
119.0877
118.5169
117.9310
117.3301
116.7140
116.0828
115.4228
114.7338
114.0160
113.2694
112.4938
111.6894
110.8561
109.9939
109.1764
108.4037
107.6758
106.9925
106.3540
105.7603
105.2113
104.7070
104.3450
104.1253
104.0480
104.1129
104.3201
104.6696
105.1614
105.7956
106.2682
106.5794
106.7292
106.7175
106.5443
106.2097
105.7137
105.0562
104.4734
103.9655
103.5322
103.1738
102.8901
102.6812
102.5471
102.4877
102.4599
102.4637
102.4990
102.5658
102.6643
102.7943
102.9558
103.1489
103.3158
103.4564
103.5708
103.6589
103.7207
103.7563
103.7657
103.7488
104.0113
104.5532
105.3744
106.4750
107.8550
109.5143
111.4531
113.6712
115.7919
117.8153
119.7412
121.5698
123.3010
124.9348
126.4713
127.9103
129.2789
130.5771
131.8049
132.9622
134.0491
135.0655
136.0116
136.8872
137.7778
138.6834
139.6041
140.5397
141.4904
142.4562
143.4369
144.4327
145.1709
145.6516
145.8747
145.8402
145.5483
144.9987
144.1916
143.1270
141.9309
140.6035
139.1446
137.5543
135.8326
133.9795
131.9949
129.8790
128.0348
126.4622
125.1614
124.1323
123.3748
122.8891
122.6751
122.7327
122.8899
123.1464
123.5025
123.9580
124.5130
125.1674
125.9213
126.7746
127.7392
128.8151
130.0023
131.3008
132.7106
134.2316
135.8640
137.6076
139.2668
140.8416
142.3319
143.7378
145.0593
146.2964
147.4490
148.5172
149.5702
150.6081
151.6307
152.6382
153.6305
154.6076
155.5696
156.5163
157.2150
157.6657
157.8683
157.8229
157.5294
156.9879
156.1984
155.1608
153.9001
152.4161
150.7090
148.7787
146.6253
144.2486
141.6488
138.8258
136.1350
133.5762
131.1496
128.8550
126.6926
124.6623
122.7641
120.9981
119.2909
117.6426
116.0532
114.5228
113.0512
111.6385
110.2847
108.9898
107.8095
106.7438
105.7928
104.9563
104.2345
103.6273
103.1347
102.7568
102.3773
101.9964
101.6139
101.2300
100.8446
100.4578
100.0694
99.6796
99.1930
98.6098
97.9299
97.1533
96.2800
95.3100
94.2433
93.0799
92.1882
91.5681
91.2197
91.1430
91.3378
91.8044
92.5426
93.5525
94.4747
95.3095
96.0566
96.7162
97.2882
97.7727
98.1696
98.4789
98.8219
99.1986
99.6089
100.0529
100.5306
101.0420
101.5870
102.1657
102.9959
104.0775
105.4106
106.9951
108.8311
110.9185
113.2574
115.8477
118.1678
120.2177
121.9973
123.5067
124.7459
125.7148
126.4135
126.8419
127.5288
128.4743
129.6782
131.1406
132.8616
134.8410
137.0790
139.5754
141.9629
144.2413
146.4107
148.4711
150.4225
152.2649
153.9983
155.6227
157.1831
158.6795
160.1121
161.4806
162.7852
164.0258
165.2025
166.3153
167.2459
167.9945
168.5610
168.9455
169.1478
169.1681
169.0063
168.6624
168.4778
168.4523
168.5860
168.8789
169.3309
169.9422
170.7127
171.6423
172.3315
172.7802
172.9885
172.9563
172.6837
172.1706
171.4171
170.4231
169.5438
168.7793
168.1294
167.5941
167.1736
166.8678
166.6767
166.6002
166.4999
166.3757
166.2276
166.0556
165.8597
165.6400
165.3963
165.1288
164.6010
163.8129
162.7645
161.4559
159.8870
158.0579
155.9685
153.6188
151.4891
149.5796
147.8900
146.4205
145.1710
144.1416
143.3322
142.7429
141.9511
140.9570
139.7603
138.3613
136.7599
134.9560
132.9497
130.7410
128.4973
126.2188
123.9054
121.5571
119.1739
116.7557
114.3027
111.8148
109.2974
106.7506
104.1743
101.5685
98.9333
96.2686
93.5744
90.8508
88.6408
86.9445
85.7618
85.0928
84.9375
85.2957
86.1677
87.5532
88.7495
89.7566
90.5743
91.2028
91.6420
91.8920
91.9526
91.8240
91.8237
91.9518
92.2081
92.5928
93.1058
93.7470
94.5166
95.4146
96.3765
97.4024
98.4923
99.6462
100.8642
102.1461
103.4920
104.9019
105.9500
106.6363
106.9607
106.9234
106.5242
105.7632
104.6403
103.1557
101.9291
100.9605
100.2501
99.7977
99.6033
99.6670
99.9888
100.5686
101.0416
101.4077
101.6669
101.8192
101.8647
101.8033
101.6350
101.3598
101.2775
101.3881
101.6915
102.1878
102.8770
103.7591
104.8341
106.1019
107.1567
107.9985
108.6273
109.0432
109.2460
109.2358
109.0126
108.5764
108.4827
108.7313
109.3224
110.2559
111.5318
113.1501
115.1109
117.4140
119.4681
121.2731
122.8289
124.1357
125.1934
126.0020
126.5615
126.8719
127.3195
127.9041
128.6259
129.4847
130.4807
131.6139
132.8841
134.2914
135.6800
137.0498
138.4008
139.7330
141.0465
142.3411
143.6170
144.8741
146.1452
147.4303
148.7295
150.0427
151.3699
152.7112
154.0665
155.4358
156.5984
157.5545
158.3039
158.8467
159.1828
159.3123
159.2352
158.9515
158.6625
158.3682
158.0687
157.7639
157.4539
157.1387
156.8182
156.4924
156.1994
155.9391
155.7115
155.5166
155.3544
155.2249
155.1282
155.0641
155.0128
154.9742
154.9484
154.9353
154.9349
154.9472
154.9723
155.0101
154.7727
154.2601
153.4723
152.4093
151.0710
149.4576
147.5690
145.4051
143.3204
141.3146
139.3880
137.5404
135.7718
134.0824
132.4719
130.9406
129.2592
127.4276
125.4460
123.3143
121.0325
118.6006
116.0187
113.2866
110.6554
108.1249
105.6953
103.3664
101.1384
99.0112
96.9847
95.0591
93.3954
91.9935
90.8536
89.9756
89.3595
89.0052
88.9129
89.0825
89.1154
89.0115
88.7709
88.3935
87.8794
87.2286
86.4410
85.5167
84.7979
84.2846
83.9768
83.8745
83.9778
84.2865
84.8007
85.5205
86.2445
86.9727
87.7052
88.4420
89.1830
89.9283
90.6778
91.4316
92.1561
92.8515
93.5176
94.1544
94.7620
95.3404
95.8896
96.4095
97.0104
97.6923
98.4550
99.2988
100.2234
101.2290
102.3156
103.4831
104.7737
106.1872
107.7238
109.3835
111.1661
113.0719
115.1006
117.2524
119.5460
121.9816
124.5590
127.2784
130.1396
133.1427
136.2877
139.5746
142.9671
146.4650
150.0684
153.7773
157.5918
161.5117
165.5372
169.6681
173.5321
177.1292
180.4593
183.5225
186.3188
188.8481
191.1104
193.1059
194.8621
196.3792
197.6571
198.6959
199.4954
200.0558
200.3771
200.4591
200.0662
199.1983
197.8554
196.0375
193.7447
190.9768
187.7340
184.0162
180.7423
177.9122
175.5260
173.5837
172.0853
171.0307
170.4201
170.2533
170.0611
169.8434
169.6003
169.3318
169.0379
168.7185
168.3737
168.0035
167.2694
166.1714
164.7096
162.8838
160.6942
158.1408
155.2234
151.9422
148.9982
146.3914
144.1219
142.1896
140.5945
139.3366
138.4160
137.8326
136.8789
135.5549
133.8607
131.7962
129.3613
126.5563
123.3809
119.8352
116.5231
113.4445
110.5994
107.9879
105.6098
103.4653
101.5544
99.8769
98.1353
96.3294
94.4594
92.5252
90.5269
88.4643
86.3376
84.1466
82.2350
80.6026
79.2496
78.1758
77.3813
76.8661
76.6302
76.6736
76.7501
76.8598
77.0027
77.1787
77.3879
77.6303
77.9058
78.2145
78.5326
78.8600
79.1968
79.5429
79.8984
80.2632
80.6374
81.0209
81.5660
82.2725
83.1405
84.1701
85.3611
86.7136
88.2276
89.9031
91.3742
92.6411
93.7036
94.5618
95.2157
95.6653
95.9105
95.9514
96.1197
96.4153
96.8383
97.3886
98.0662
98.8713
99.8036
100.8633
101.9661
103.1118
104.3006
105.5325
106.8073
108.1252
109.4861
110.8900
112.5123
114.3529
116.4119
118.6892
121.1848
123.8989
126.8312
129.9819
133.0709
136.0981
139.0636
141.9674
144.8094
147.5897
150.3082
152.9650
155.4660
157.8111
160.0004
162.0339
163.9116
165.6334
167.1994
168.6095
169.9904
171.3420
172.6643
173.9572
175.2209
176.4553
177.6604
178.8362
179.8133
180.5915
181.1710
181.5517
181.7336
181.7168
181.5012
181.0868
180.6251
180.1161
179.5597
178.9561
178.3051
177.6069
176.8613
176.0684
175.2759
174.4838
173.6920
172.9007
172.1097
171.3191
170.5289
169.7390
168.8822
167.9584
166.9677
165.9099
164.7852
163.5936
162.3349
161.0093
159.5661
158.0055
156.3274
154.5318
152.6187
150.5882
148.4401
146.1745
143.9901
141.8869
139.8648
137.9238
136.0640
134.2854
132.5879
130.9716
129.3321
127.6693
125.9833
124.2741
122.5416
120.7860
119.0070
117.2049
115.3180
113.3464
111.2900
109.1489
106.9230
104.6124
102.2171
99.7369
97.4686
95.4120
93.5671
91.9339
90.5125
89.3028
88.3049
87.5187
86.6608
85.7311
84.7296
83.6564
82.5114
81.2947
80.0062
78.6460
77.4357
76.3754
75.4651
74.7047
74.0943
73.6339
73.3234
73.1629
72.9944
72.8178
72.6331
72.4403
72.2395
72.0306
71.8137
71.5886
71.4513
71.4017
71.4397
71.5655
71.7789
72.0801
72.4689
72.9455
73.6602
74.6132
75.8043
77.2337
78.9013
80.8071
82.9511
85.3333
87.5377
89.5643
91.4130
93.0839
94.5770
95.8923
97.0298
97.9894
99.2617
100.8466
102.7441
104.9543
107.4772
110.3127
113.4608
116.9216
120.2367
123.4061
126.4298
129.3078
132.0401
134.6267
137.0676
139.3628
141.5868
143.7397
145.8214
147.8319
149.7712
151.6394
153.4364
155.1622
156.5026
157.4575
158.0271
158.2112
158.0099
157.4233
156.4511
155.0936
153.9118
152.9058
