106.3171
106.3716
106.4402
106.5230
106.6199
106.7310
106.7314
106.6211
106.4002
106.0686
105.6263
105.0733
104.4097
103.6354
102.9403
102.3242
101.7873
101.3296
100.9510
100.6515
100.4312
100.2900
100.0576
99.7340
99.3192
98.8132
98.2160
97.5277
96.7481
95.8773
95.1127
94.4543
93.9021
93.4560
93.1162
92.8825
92.7550
92.7337
92.8351
93.0593
93.4061
93.8758
94.4681
95.1832
96.0210
96.9816
98.2165
99.7257
101.5093
103.5672
105.8994
108.5060
111.3869
114.5421
117.3942
119.9430
122.1886
124.1310
125.7703
127.1063
128.1391
128.8687
129.4031
129.7423
129.8864
129.8352
129.5889
129.1474
128.5107
127.6788
126.8019
125.8800
124.9131
123.9012
122.8443
121.7423
120.5954
119.4035
117.9200
116.1449
114.0783
111.7200
109.0702
106.1288
102.8958
99.3712
95.9630
92.6713
89.4960
86.4372
83.4948
80.6688
77.9593
75.3662
72.9193
70.6188
68.4645
66.4564
64.5947
62.8791
61.3099
59.8869
58.5980
57.4432
56.4225
55.5359
54.7834
54.1650
53.6807
53.3305
52.7725
52.0068
51.0334
49.8522
48.4632
46.8665
45.0621
43.0499
40.9312
38.7060
36.3744
33.9363
40.0189
54.6223
77.7465
109.3914
136.2479
158.3160
175.5956
188.0868
195.7896
198.7040
196.8300
190.1675
184.4094
179.5557
175.6063
172.5613
170.4207
169.1844
168.8525
169.4249
169.6005
169.3790
168.7607
167.7454
166.3332
164.5240
162.3179
159.7149
157.4659
155.5710
154.0302
152.8435
152.0108
151.5322
151.4076
151.6372
151.5926
151.2738
150.6809
149.8139
148.6728
147.2575
145.5681
143.6045
141.8739
140.3762
139.1115
138.0796
137.2807
136.7147
136.3817
136.2816
136.0501
135.6873
135.1932
134.5677
133.8109
132.9228
131.9034
130.7526
129.6485
128.5910
127.5802
126.6161
125.6987
124.8279
124.0038
123.2263
122.2941
121.2070
119.9651
118.5683
117.0168
115.3104
113.4493
111.4332
110.4614
110.5338
111.6504
113.8112
117.0162
121.2654
126.5588
132.8964
138.6664
143.8688
148.5037
152.5710
156.0707
159.0028
161.3673
163.1642
164.7046
165.9884
167.0157
167.7865
168.3006
168.5583
168.5593
168.3039
167.9067
167.3679
166.6874
165.8652
164.9013
163.7958
162.5486
161.1597
159.8888
158.7358
157.7009
156.7839
155.9849
155.3039
154.7409
154.2958
153.8410
153.3765
152.9021
152.4180
151.9242
151.4205
150.9071
150.3840
149.5326
148.3529
146.8450
145.0088
142.8443
140.3517
137.5307
134.3815
131.6514
129.3405
127.4486
125.9759
124.9222
124.2877
124.0723
124.2760
124.2782
124.0789
123.6781
123.0758
122.2720
121.2668
120.0600
118.6517
117.5073
116.6266
116.0097
115.6566
115.5674
115.7419
116.1802
116.8823
117.1071
116.8546
116.1248
114.9177
113.2334
111.0717
108.4327
105.3164
102.4280
99.7674
97.3347
95.1298
93.1528
91.4036
89.8822
88.5887
87.4869
86.5768
85.8585
85.3318
84.9968
84.8535
84.9020
85.1421
85.1636
84.9662
84.5502
83.9154
83.0618
81.9895
80.6985
79.1887
77.9384
76.9475
76.2160
75.7439
75.5313
75.5781
75.8843
76.4500
76.8881
77.1986
77.3815
77.4369
77.3648
77.1651
76.8378
76.3829
76.0805
75.9303
75.9326
76.0872
76.3941
76.8534
77.4651
78.2291
78.6848
78.8322
78.6713
78.2020
77.4245
76.3386
74.9444
73.2419
72.8150
73.6637
75.7879
79.1877
83.8631
89.8141
97.0407
105.5428
112.7186
118.5682
123.0914
126.2882
128.1588
128.7031
127.9210
125.8126
124.1518
122.9385
122.1727
121.8545
121.9838
122.5606
123.5850
125.0569
125.7692
125.7219
124.9150
123.3485
121.0224
117.9367
114.0914
109.4865
105.6713
102.6457
100.4097
98.9634
98.3068
98.4398
99.3624
101.0748
102.1511
102.5916
102.3961
101.5647
100.0973
97.9940
95.2548
91.8796
88.9854
86.5720
84.6395
83.1879
82.2172
81.7274
81.7184
82.1904
82.6758
83.1745
83.6866
84.2121
84.7510
85.3033
85.8690
86.4480
87.0273
87.6068
88.1865
88.7665
89.3467
89.9271
90.5078
91.0887
91.5851
91.9970
92.3243
92.5671
92.7254
92.7991
92.7884
92.6931
92.5265
92.2886
91.9794
91.5988
91.1470
90.6238
90.0294
89.3636
88.7355
88.1450
87.5922
87.0769
86.5994
86.1594
85.7571
85.3924
84.9946
84.5636
84.0995
83.6021
83.0717
82.5080
81.9112
81.2813
80.7328
80.2659
79.8805
79.5767
79.3544
79.2136
79.1543
79.1766
79.2181
79.2788
79.3588
79.4580
79.5764
79.7141
79.8709
80.0471
80.1729
80.2485
80.2739
80.2489
80.1737
80.0483
79.8726
79.6466
79.7156
80.0796
80.7386
81.6925
82.9414
84.4853
86.3242
88.4580
90.9798
93.8894
97.1870
100.8725
104.9459
109.4072
114.2564
119.4935
124.2639
128.5676
132.4046
135.7749
138.6786
141.1155
143.0857
144.5892
145.8972
147.0098
147.9269
148.6485
149.1747
149.5053
149.6405
149.5803
149.5546
149.5636
149.6071
149.6853
149.7981
149.9456
150.1276
150.3443
150.4387
150.4109
150.2610
149.9888
149.5944
149.0778
148.4390
147.6780
146.7724
145.7223
144.5276
143.1883
141.7044
140.0760
138.3031
136.3855
134.7358
133.3538
132.2396
131.3931
130.8144
130.5035
130.4604
130.6850
130.8501
130.9556
131.0016
130.9880
130.9148
130.7821
130.5898
130.3380
129.9797
129.5149
128.9436
128.2659
127.4816
126.5909
125.5938
124.4901
123.4180
122.3776
121.3689
120.3917
119.4462
118.5323
117.6501
116.7994
115.9297
115.0408
114.1327
113.2056
112.2593
111.2938
110.3092
109.3055
108.3402
107.4132
106.5245
105.6742
104.8622
104.0886
103.3533
102.6563
102.0150
101.4292
100.8990
100.4243
100.0053
99.6418
99.3339
99.0816
98.7898
98.4585
98.0878
97.6776
97.2279
96.7388
96.2102
95.6422
95.1696
94.7924
94.5106
94.3243
94.2334
94.2379
94.3378
94.5332
94.5855
94.4948
94.2611
93.8843
93.3645
92.7016
91.8957
90.9468
90.7489
91.3021
92.6065
94.6619
97.4683
101.0259
105.3346
110.3943
115.2850
120.0066
124.5591
128.9426
133.1571
137.2025
141.0788
144.7861
148.3012
151.6241
154.7548
157.6934
160.4398
162.9940
165.3561
167.5259
169.3323
170.7753
171.8547
172.5708
172.9233
172.9124
172.5380
171.8001
171.0162
170.1863
169.3103
168.3882
167.4201
166.4059
165.3457
164.2395
163.0546
161.7911
160.4490
159.0284
157.5291
155.9512
154.2947
152.5596
150.8569
149.1865
147.5485
145.9429
144.3696
142.8288
141.3202
139.8441
138.5099
137.3176
136.2673
135.3590
134.5926
133.9682
133.4858
133.1452
132.8534
132.6102
132.4156
132.2698
132.1725
132.1239
132.1240
132.1727
132.1010
131.9089
131.5964
131.1634
130.6099
129.9361
129.1418
128.2271
127.2822
126.3072
125.3021
124.2669
123.2015
122.1060
120.9803
119.8246
118.6388
117.4231
116.1774
114.9016
113.5960
112.2603
110.8946
109.4990
108.1915
106.9722
105.8410
104.7980
103.8431
102.9764
102.1978
101.5074
100.8051
100.0909
99.3647
98.6267
97.8768
97.1149
96.3412
95.5555
94.8388
94.1911
93.6123
93.1024
92.6615
92.2896
91.9866
91.7526
91.5255
91.3055
91.0924
90.8864
90.6873
90.4952
90.3102
90.1321
89.9460
89.7518
89.5497
89.3395
89.1214
88.8952
88.6609
88.4187
88.1642
87.8974
87.6184
87.3271
87.0235
86.7077
86.3796
86.0392
86.4071
87.4833
89.2677
91.7604
94.9613
98.8706
103.4880
108.8137
114.0469
119.1875
124.2355
129.1910
134.0539
138.8243
143.5020
148.0873
151.9930
155.2192
157.7660
159.6332
160.8210
161.3293
161.1581
160.3074
159.4396
158.5546
157.6525
156.7333
155.7969
154.8433
153.8726
152.8847
151.7483
150.4632
149.0295
147.4472
145.7162
143.8367
141.8085
139.6318
137.2743
134.7361
132.0172
129.1177
126.0374
122.7764
119.3348
115.7124
112.3455
109.2339
106.3777
103.7768
101.4314
99.3413
97.5066
95.9273
94.5709
93.4374
92.5268
91.8392
91.3745
91.1326
91.1138
91.3178
91.6737
92.1816
92.8414
93.6531
94.6168
95.7323
96.9998
98.4193
99.6648
100.7366
101.6344
102.3584
102.9085
103.2847
103.4871
103.5157
103.4227
103.2082
102.8722
102.4147
101.8356
101.1351
100.3130
99.3695
98.4114
97.4388
96.4516
95.4499
94.4337
93.4030
92.3577
91.2978
90.2741
89.2864
88.3347
87.4191
86.5396
85.6962
84.8888
84.1174
83.3797
82.6756
82.0051
81.3682
80.7649
80.1953
79.6592
79.1568
78.6955
78.2753
77.8963
77.5583
77.2615
77.0059
76.7913
76.6179
76.4264
76.2168
75.9891
75.7434
75.4796
75.1977
74.8977
74.5796
74.3041
74.0712
73.8809
73.7332
73.6280
73.5654
73.5454
73.5680
73.6764
73.8708
74.1510
74.5170
74.9690
75.5068
76.1305
76.8401
78.8896
82.2790
87.0084
93.0778
100.4871
109.2363
119.3255
130.7546
140.4708
148.4741
154.7646
159.3421
162.2068
163.3585
162.7974
160.5234
158.7478
157.4706
156.6919
156.4116
156.6298
157.3463
158.5613
160.2748
161.2235
161.4074
160.8267
159.4811
157.3709
154.4959
150.8562
146.4517
142.5792
139.2386
136.4299
134.1531
132.4083
131.1955
130.5145
130.3655
129.7699
128.7275
127.2386
125.3030
122.9207
120.0918
116.8162
113.0940
109.8441
107.0666
104.7615
102.9288
101.5684
100.6804
100.2648
100.3215
100.4661
100.6986
101.0190
101.4272
101.9233
102.5072
103.1790
103.9387
104.6085
105.1883
105.6782
106.0782
106.3882
106.6084
106.7386
106.7788
106.6704
106.4131
106.0071
105.4524
104.7488
103.8966
102.8955
101.7457
100.7065
99.7777
98.9594
98.2516
97.6543
97.1675
96.7912
96.5254
96.2316
95.9098
95.5600
95.1822
94.7764
94.3426
93.8808
93.3910
92.9327
92.5060
92.1109
91.7474
91.4154
91.1150
90.8462
90.6090
90.3863
90.1781
89.9845
89.8055
89.6410
89.4910
89.3556
89.2347
89.1377
89.0646
89.0153
88.9899
88.9884
89.0108
89.0570
89.1271
89.1732
89.1953
89.1934
89.1676
89.1177
89.0438
88.9460
88.8242
88.7856
88.8303
88.9582
89.1694
89.4639
89.8416
90.3026
90.8469
92.1048
94.0763
96.7615
100.1604
104.2729
109.0991
114.6389
120.8924
126.8566
132.5316
137.9173
143.0138
147.8211
152.3391
156.5679
160.5074
163.7845
166.3992
168.3513
169.6411
170.2683
170.2332
169.5355
168.1754
166.8750
165.6341
164.4528
163.3311
162.2690
161.2665
160.3236
159.4402
158.3742
157.1254
155.6938
154.0795
152.2825
150.3027
148.1401
145.7948
143.3562
140.8243
138.1991
135.4806
132.6689
129.7638
126.7654
123.6737
120.9774
118.6765
116.7710
115.2608
114.1460
113.4266
113.1025
113.1739
113.2949
113.4656
113.6861
113.9562
114.2761
114.6456
115.0649
115.5338
115.8919
116.1392
116.2755
116.3011
116.2157
116.0195
115.7125
115.2946
114.8969
114.5194
114.1621
113.8250
113.5082
113.2116
112.9352
112.6789
112.3167
111.8483
111.2739
110.5934
109.8069
108.9143
107.9156
106.8108
105.7783
104.8181
103.9302
103.1146
102.3712
101.7002
101.1014
100.5749
100.0315
99.4712
98.8940
98.3000
97.6890
97.0612
96.4165
95.7549
95.1883
94.7167
94.3402
94.0587
93.8721
93.7806
93.7842
93.8827
93.9574
94.0084
94.0355
94.0389
94.0184
93.9741
93.9061
93.8143
93.6902
93.5339
93.3455
93.1248
92.8719
92.5869
92.2696
91.9201
91.4745
90.9329
90.2952
89.5614
88.7315
87.8055
86.7834
85.6653
84.9811
84.7308
84.9145
85.5321
86.5837
88.0692
89.9887
92.3421
95.2619
98.7481
102.8007
107.4198
112.6052
118.3570
124.6753
131.5599
137.8083
143.4203
148.3959
152.7353
156.4383
159.5050
161.9354
163.7294
165.1043
166.0599
166.5963
166.7134
166.4113
165.6900
164.5495
162.9897
161.5012
160.0837
158.7375
157.4624
156.2585
155.1258
154.0642
153.0738
151.9986
150.8387
149.5940
148.2646
146.8504
145.3514
143.7677
142.0992
140.3811
138.6133
136.7959
134.9289
133.0122
131.0459
129.0300
126.9644
125.2106
123.7684
122.6380
121.8192
121.3122
121.1168
121.2332
121.6613
122.0281
122.3335
122.5777
122.7605
122.8821
122.9423
122.9413
122.8789
122.8588
122.8810
122.9454
123.0521
123.2010
123.3922
123.6257
123.9014
123.9910
123.8946
123.6122
123.1437
122.4892
121.6487
120.6221
119.4094
118.2823
117.2409
116.2850
115.4147
114.6300
113.9309
113.3174
112.7894
112.1088
111.2753
110.2892
109.1503
107.8586
106.4142
104.8170
103.0671
101.5455
100.2521
99.1869
98.3501
97.7414
97.3610
97.2089
97.2850
97.2319
97.0494
96.7376
96.2965
95.7261
95.0265
94.1975
93.2392
92.3531
91.5392
90.7974
90.1279
89.5306
89.0054
88.5525
88.1717
87.7469
87.2782
86.7654
86.2086
85.6079
84.9631
84.2743
83.5415
82.7940
82.0316
81.2545
80.4626
79.6560
78.8346
77.9984
77.1474
76.6184
76.4113
76.5261
76.9628
77.7215
78.8021
80.2046
81.9290
84.3004
87.3186
90.9837
95.2957
100.2546
105.8604
112.1131
119.0126
125.3939
131.2570
136.6018
141.4284
145.7367
149.5267
152.7985
155.5521
157.8244
159.6155
160.9254
161.7541
162.1015
161.9676
161.3526
160.2563
159.1385
157.9992
156.8384
155.6560
154.4521
153.2267
151.9798
150.7114
149.2650
147.6406
145.8383
143.8579
141.6996
139.3634
136.8491
134.1569
131.5098
128.9080
126.3512
123.8397
121.3733
118.9521
116.5760
114.2451
112.1947
110.4247
108.9351
107.7260
106.7973
106.1491
105.7814
105.6941
105.7007
105.8013
105.9958
106.2843
106.6668
107.1432
107.7135
108.3778
108.9256
109.3570
109.6720
109.8705
109.9525
109.9181
109.7673
109.5000
109.2105
108.8987
108.5646
108.2082
107.8295
107.4286
107.0054
106.5599
106.0184
105.3809
104.6474
103.8179
102.8924
101.8709
100.7534
99.5399
98.3971
97.3251
96.3239
95.3934
94.5337
93.7448
93.0265
92.3791
91.7054
91.0056
90.2795
89.5273
88.7488
87.9442
87.1133
86.2563
85.5107
84.8767
84.3543
83.9434
83.6440
83.4561
83.3798
83.4149
83.4520
83.4908
83.5315
83.5741
83.6184
83.6646
83.7127
83.7626
83.7335
83.6255
83.4386
83.1727
82.8279
82.4042
81.9015
81.3200
80.6766
79.9714
79.2044
78.3755
77.4849
76.5325
75.5183
74.4423
74.2739
75.0132
76.6602
79.2148
82.6772
87.0471
92.3248
98.5101
104.4832
110.2440
115.7926
121.1288
126.2528
131.1646
135.8641
140.3513
144.2834
147.6603
150.4820
152.7486
154.4601
155.6164
156.2175
156.2635
156.1823
155.9737
155.6379
155.1748
154.5844
153.8668
153.0219
152.0497
150.9756
149.7996
148.5216
147.1418
145.6599
144.0762
142.3905
140.6029
138.6188
136.4382
134.0612
131.4877
128.7177
125.7512
122.5882
119.2288
116.2194
113.5600
111.2506
109.2912
107.6819
106.4226
105.5133
104.9541
104.5597
104.3304
104.2659
104.3663
104.6317
105.0620
105.6573
106.4175
107.1223
107.7719
108.3663
108.9053
109.3890
109.8175
110.1906
110.5085
110.7712
110.9787
111.1310
111.2281
111.2700
111.2567
111.1882
111.0645
110.8153
110.4406
109.9403
109.3145
108.5631
107.6862
106.6837
105.5558
104.5740
103.7384
103.0491
102.5060
102.1091
101.8584
101.7540
101.7957
101.7016
101.4717
101.1059
100.6042
99.9667
99.1934
98.2842
97.2391
96.3221
95.5331
94.8722
94.3392
93.9344
93.6575
93.5087
93.4879
93.5134
93.5852
93.7032
93.8675
94.0780
94.3349
94.6380
94.9873
95.2667
95.4762
95.6156
95.6851
95.6846
95.6142
95.4738
95.2634
94.9633
94.5735
94.0940
93.5248
92.8658
92.1172
91.2788
90.3507
89.8919
89.9023
90.3821
91.3311
92.7494
94.6369
96.9938
99.8199
103.0191
106.5914
110.5369
114.8554
119.5471
124.6118
130.0497
135.8607
141.1463
145.9065
150.1413
153.8508
157.0348
159.6935
161.8268
163.4347
164.7592
165.8002
166.5579
167.0322
167.2231
167.1305
166.7546
166.0952
165.3628
164.5572
163.6785
162.7267
161.7018
160.6038
159.4327
158.1884
156.7114
155.0015
153.0589
150.8834
148.4751
145.8341
142.9602
139.8535
136.8672
134.0014
131.2559
128.6309
126.1263
123.7421
121.4783
119.3349
117.4743
115.8964
114.6012
113.5888
112.8592
112.4123
112.2481
112.3667
112.5366
112.7577
113.0302
113.3539
113.7289
114.1553
114.6329
115.1618
115.5822
115.8942
116.0976
116.1926
116.1792
116.0572
115.8268
115.4879
115.1006
114.6648
114.1806
113.6480
113.0670
112.4375
111.7596
111.0332
110.2971
109.5511
108.7954
108.0298
107.2544
106.4692
105.6742
104.8693
104.0587
103.2424
102.4203
101.5925
100.7588
99.9195
99.0744
98.2235
97.4437
96.7349
96.0972
95.5305
95.0349
94.6103
94.2568
93.9744
93.6895
93.4022
93.1124
92.8201
92.5254
92.2283
91.9287
91.6267
91.3252
91.0244
90.7241
90.4245
90.1254
89.8269
89.5290
89.2317
88.9548
88.6982
88.4619
88.2460
88.0504
87.8752
87.7204
87.5859
87.3435
86.9934
86.5354
85.9696
85.2960
84.5146
83.6253
82.6283
82.3233
82.7104
83.7895
85.5608
88.0241
91.1795
95.0270
99.5666
104.7204
110.4884
116.8707
123.8672
129.8726
134.8868
138.9098
141.9416
144.9715
147.9995
151.0256
154.0497
157.0719
160.0922
163.1105
166.1270
168.4888
170.1960
171.2485
171.6465
171.3898
170.4785
168.9127
166.6921
164.6648
162.8305
161.1893
159.7413
158.4864
157.4246
156.5559
155.8804
154.8192
153.3723
151.5398
149.3216
146.7178
143.7283
140.3532
136.5924
133.2234
130.2462
127.6609
125.4674
123.6657
122.2559
121.2378
120.6116
120.0283
119.4880
118.9907
118.5363
118.1248
117.7563
117.4308
117.1482
116.9600
116.8661
116.8667
116.9617
117.1510
117.4348
117.8129
118.2854
118.6436
118.8875
119.0171
119.0324
118.9333
118.7200
118.3923
117.9503
117.4847
116.9953
116.4824
115.9457
115.3854
114.8014
114.1937
113.5624
112.8986
112.2023
111.4735
110.7122
109.9184
109.0922
108.2334
107.3422
106.4519
105.5626
104.6742
103.7867
102.9002
102.0146
101.1300
100.2463
99.3922
98.5675
97.7724
97.0068
96.2708
95.5642
94.8872
94.2397
93.6104
92.9993
92.4063
91.8316
91.2750
90.7367
90.2165
89.7145
89.1943
88.6560
88.0996
87.5250
86.9323
86.3214
85.6924
85.0452
84.4306
83.8485
83.2990
82.7820
82.2975
81.8456
81.4262
81.0394
80.6489
80.2546
79.8567
79.4550
79.0497
78.6407
78.2279
77.8115
77.5868
77.5540
77.7129
78.0637
78.6062
79.3405
80.2667
81.3846
83.3251
86.0882
89.6739
94.0823
99.3132
105.3667
112.2428
119.9415
126.9408
133.2407
138.8412
143.7423
147.9440
151.4463
154.2492
156.3527
158.0419
159.3168
160.1774
160.6237
160.6557
160.2734
159.4768
158.2659
157.0681
155.8836
154.7123
153.5542
152.4093
151.2776
150.1590
149.0537
147.6197
145.8571
143.7657
141.3457
138.5970
135.5196
132.1135
128.3787
124.8598
121.5566
118.4692
115.5976
112.9418
110.5017
108.2775
106.2690
104.5214
103.0347
101.8088
100.8438
100.1397
99.6964
99.5139
99.5924
99.7352
99.9425
100.2142
100.5503
100.9509
101.4159
101.9453
102.5391
103.0897
103.5971
104.0613
104.4822
104.8599
105.1944
105.4857
105.7337
105.8879
105.9482
105.9146
105.7871
105.5658
105.2506
104.8415
104.3386
103.8235
103.2962
102.7568
102.2052
101.6415
101.0657
100.4777
99.8775
99.2188
98.5017
97.7260
96.8918
95.9990
95.0478
94.0381
92.9698
92.0305
91.2201
90.5387
89.9862
89.5626
89.2680
89.1024
89.0656
89.0076
88.9282
88.8274
88.7054
88.5620
88.3973
88.2112
88.0038
87.7722
87.5163
87.2362
86.9318
86.6032
86.2504
85.8733
85.4720
85.0469
84.5981
84.1255
83.6292
83.1092
82.5653
81.9978
81.4064
80.8236
80.2492
79.6832
79.1257
78.5767
78.0361
77.5039
76.9802
76.9529
77.4220
78.3873
79.8491
81.8072
84.2616
87.2125
90.6596
94.4080
98.4574
102.8081
107.4599
112.4128
117.6669
123.2222
129.0786
134.4364
139.2957
143.6563
147.5184
150.8819
153.7468
156.1130
157.9808
159.2356
159.8776
159.9068
159.3231
158.1265
156.3171
153.8949
150.8598
148.2743
146.1385
144.4524
143.2159
142.4290
142.0918
142.2042
142.7662
142.8576
142.4783
141.6283
140.3077
138.5163
136.2543
133.5216
130.3182
127.4130
124.8059
122.4971
120.4864
118.7739
117.3596
116.2434
115.4255
114.8048
114.3815
114.1554
114.1266
114.2951
114.6609
115.2240
115.9844
116.7226
117.4384
118.1320
118.8033
119.4524
120.0792
120.6837
121.2660
121.7203
122.0467
122.2450
122.3155
122.2579
122.0724
121.7589
121.3175
120.8596
120.3854
119.8947
119.3876
118.8641
118.3241
117.7678
117.1950
116.5915
115.9571
115.2920
114.5961
113.8694
113.1118
112.3235
111.5045
110.6762
109.8386
108.9919
108.1359
107.2707
106.3963
105.5127
104.6199
103.7847
103.0074
102.2877
101.6258
101.0216
100.4752
99.9865
99.5555
99.1347
98.7240
98.3235
97.9331
97.5528
97.1827
96.8228
96.4730
96.1496
95.8527
95.5823
95.3383
95.1208
94.9297
94.7651
94.6270
94.5086
94.4101
94.3313
94.2723
94.2331
94.2137
94.2142
94.2344
94.0204
93.5722
92.8899
91.9735
90.8228
89.4380
87.8190
85.9659
85.6690
86.9284
89.7441
94.1160
100.0442
107.5287
116.5695
127.1666
136.6884
145.1350
152.5064
158.8026
163.9099
167.8283
170.5578
172.0984
173.5795
175.0012
176.3634
177.6661
178.9093
180.0930
181.2172
182.2819
182.2119
181.0073
178.6679
175.1938
170.5849
164.8414
157.9632
149.9502
143.2629
137.9013
133.8653
131.1549
129.7702
129.7111
130.9777
133.5700
135.4602
136.6486
137.1349
136.9194
136.0018
134.3824
132.0609
129.0375
126.3171
123.8997
121.7853
119.9738
118.4653
117.2598
116.3573
115.7577
115.3044
114.9972
114.8363
114.8215
114.9529
115.2305
115.6544
116.2244
116.5447
116.6153
116.4361
116.0073
115.3288
114.4005
113.2226
111.7949
110.4687
109.2439
108.1206
107.0988
106.1784
105.3594
104.6420
104.0259
103.4882
103.0287
102.6476
102.3447
102.1200
101.9737
101.9056
101.9158
101.8133
101.5980
101.2700
100.8292
100.2756
99.6093
98.8303
97.9384
97.1589
96.4917
95.9368
95.4942
95.1639
94.9459
94.8401
94.8467
94.7545
94.5635
94.2737
93.8850
93.3976
92.8114
92.1263
91.3425
90.6888
90.1654
89.7722
89.5091
89.3763
89.3737
89.5012
89.7590
89.9327
90.0224
90.0280
89.9496
89.7871
89.5406
89.2100
88.7954
88.5774
88.5561
88.7314
89.1034
89.6721
90.4373
91.3993
92.5579
93.1264
93.1048
92.4932
91.2915
89.4997
87.1178
84.1458
80.5838
79.0922
79.6709
82.3200
87.0396
93.8295
102.6898
113.6205
126.6216
137.9767
147.6858
155.7490
162.1661
166.9373
170.0625
171.5417
171.3749
171.4330
171.7159
172.2236
172.9562
173.9137
175.0960
176.5031
178.1350
178.6996
178.1968
176.6265
173.9889
170.2839
165.5115
159.6716
152.7644
146.9197
142.1375
138.4177
135.7605
134.1657
133.6335
134.1637
135.7565
136.8534
137.4546
137.5601
137.1697
136.2836
134.9018
133.0241
130.6507
128.3231
126.0413
123.8052
121.6149
119.4704
117.3716
115.3187
113.3115
111.6529
110.3429
109.3814
108.7685
108.5042
108.5884
109.0212
109.8026
110.5022
111.1199
111.6558
112.1100
112.4823
112.7727
112.9814
113.1083
113.1446
113.0903
112.9456
112.7102
112.3844
111.9679
111.4610
110.8634
109.8830
108.5197
106.7734
104.6443
102.1322
99.2372
95.9594
92.2986
89.1212
86.4273
84.2169
82.4899
81.2464
80.4863
80.2097
80.4165
80.5770
80.6911
80.7589
80.7803
80.7554
80.6841
80.5665
80.4025
80.2668
80.1592
80.0800
80.0289
80.0061
80.0114
80.0451
80.1069
80.1659
80.2220
80.2753
80.3257
80.3732
80.4179
80.4597
80.4986
80.5201
80.5240
80.5103
80.4792
80.4306
80.3644
80.2807
80.1795
80.0843
79.9953
79.9123
79.8353
79.7645
79.6997
79.6410
79.5884
79.4800
79.3159
79.0960
78.8204
78.4890
78.1018
77.6589
77.1603
76.9500
77.0281
77.3947
78.0496
78.9929
80.2247
81.7448
83.5534
86.1566
89.5546
93.7474
98.7348
104.5170
111.0939
118.4656
126.6320
133.9209
140.3324
145.8665
150.5232
154.3024
157.2041
159.2285
160.3754
161.2808
161.9446
162.3669
162.5477
162.4869
162.1846
161.6408
160.8555
159.9865
159.0339
157.9978
156.8780
155.6746
154.3876
153.0171
151.5629
149.8267
147.8085
145.5083
142.9260
140.0618
136.9155
133.4873
129.7770
126.3190
123.1134
120.1601
117.4591
115.0105
112.8142
110.8702
109.1785
107.7465
106.5743
105.6618
105.0090
104.6160
104.4827
104.6090
104.9951
105.4474
105.9657
106.5500
107.2005
107.9171
108.6998
109.5486
110.4635
111.2743
111.9812
112.5841
113.0829
113.4778
113.7686
113.9555
114.0383
114.0675
114.0430
113.9648
113.8329
113.6473
113.4080
113.1150
112.7683
112.3844
111.9632
111.5046
111.0088
110.4757
109.9054
109.2977
108.6527
107.9965
107.3291
106.6504
105.9604
105.2592
104.5467
103.8230
103.0880
102.3586
101.6349
100.9168
100.2044
99.4975
98.7963
98.1008
97.4108
96.7882
96.2328
95.7447
95.3239
94.9704
94.6842
94.4653
94.3136
94.1711
94.0376
93.9132
93.7979
93.6917
93.5946
93.5065
93.4276
93.3632
93.3135
93.2784
93.2579
93.2520
93.2607
93.2840
93.3220
93.2306
93.0099
92.6598
92.1804
91.5717
90.8337
89.9663
88.9696
88.5679
88.7613
89.5497
90.9331
92.9116
95.4850
98.6536
102.4171
106.4777
110.8353
115.4900
120.4416
125.6903
131.2360
137.0787
143.2184
148.8025
153.8310
158.3038
162.2209
165.5824
168.3883
170.6385
172.3331
173.6182
174.4940
174.9603
175.0173
174.6649
173.9031
172.7319
171.1513
169.5415
167.9026
166.2346
164.5374
162.8111
161.0556
159.2710
157.4573
155.4520
153.2553
150.8671
148.2873
145.5161
142.5534
139.3992
136.0535
132.9132
129.9781
127.2482
124.7237
122.4045
120.2906
118.3819
116.6786
115.2941
114.2284
113.4815
113.0535
112.9444
113.1540
113.6825
114.5299
115.2796
115.9317
116.4861
116.9429
117.3021
117.5637
117.7277
117.7940
117.7894
117.7138
117.5672
117.3497
117.0612
116.7018
116.2714
115.7700
115.2580
114.7353
114.2021
113.6582
113.1036
112.5384
111.9626
111.3762
110.7221
110.0004
109.2110
108.3539
107.4293
106.4369
105.3770
104.2494
103.1453
102.0646
101.0075
99.9738
98.9636
97.9769
97.0137
96.0740
95.1806
94.3335
93.5328
92.7783
92.0702
91.4084
90.7930
90.2238
89.6975
89.2141
88.7735
88.3758
88.0209
87.7089
87.4398
87.2135
87.0200
86.8593
86.7314
86.6364
86.5741
86.5446
86.5479
86.5840
86.5719
86.5115
86.4027
86.2458
86.0405
85.7869
85.4851
85.1350
84.7893
84.4478
84.1107
83.7780
83.4496
83.1255
82.8058
82.4904
82.1454
81.7707
81.3664
80.9325
80.4689
79.9758
79.4529
78.9005
79.6536
81.7122
85.0764
89.7461
95.7213
103.0021
111.5884
121.4803
130.2357
137.8545
144.3370
149.6829
153.8924
156.9654
158.9019
159.7019
160.3359
160.8039
161.1059
161.2418
161.2117
161.0156
160.6535
160.1253
159.5781
159.0117
158.4262
157.8217
157.1980
156.5552
155.8933
155.2124
154.3162
153.2048
151.8782
150.3365
148.5795
146.6073
144.4200
142.0174
139.6055
137.1843
134.7538
132.3139
129.8647
127.4062
124.9383
122.4612
120.2379
118.2686
116.5533
115.0918
113.8843
112.9307
112.2310
111.7853
111.4585
111.2506
111.1617
111.1917
111.3406
111.6085
111.9953
112.5010
112.9491
113.3396
113.6724
113.9477
114.1653
114.3253
114.4277
114.4725
114.3923
114.1871
113.8568
113.4015
112.8213
112.1160
111.2857
110.3303
109.3694
108.4028
107.4306
106.4527
105.4692
104.4801
103.4853
102.4849
101.5612
100.7142
99.9439
99.2502
98.6333
98.0931
97.6295
97.2427
96.8364
96.4107
95.9655
95.5009
95.0168
94.5133
93.9904
93.4480
92.9709
92.5591
92.2125
91.9313
91.7153
91.5645
91.4791
91.4589
91.4369
91.4130
91.3873
91.3598
91.3305
91.2993
91.2663
91.2314
91.1792
91.1096
91.0227
90.9183
90.7966
90.6576
90.5011
90.3273
90.0695
89.7277
89.3019
88.7920
88.1982
87.5203
86.7584
85.9125
85.1200
84.3808
83.6950
83.0625
82.4834
81.9576
81.4852
81.0661
81.2860
82.1450
83.6429
85.7799
88.5559
91.9709
96.0249
100.7179
105.5406
110.4931
115.5752
120.7871
126.1287
131.6001
137.2011
142.9318
147.9729
152.3244
155.9861
158.9583
161.2407
162.8335
163.7366
163.9501
163.9535
163.7468
163.3301
162.7033
161.8665
160.8195
159.5626
158.0955
156.6115
155.1106
153.5927
152.0579
150.5061
148.9374
147.3518
145.7492
144.0311
142.1975
140.2485
138.1840
136.0040
133.7085
131.2976
128.7712
126.4718
124.3994
122.5540
120.9356
119.5442
118.3798
117.4425
116.7321
116.2176
115.8989
115.7761
115.8491
116.1180
116.5827
117.2433
118.0997
118.8786
119.5801
120.2042
120.7507
121.2199
121.6115
121.9257
122.1625
122.3090
122.3653
122.3313
122.2071
121.9927
121.6881
121.2932
120.8081
120.3036
119.7798
119.2367
118.6743
118.0925
117.4913
116.8709
116.2311
115.6109
115.0103
114.4293
113.8680
113.3262
112.8041
112.3016
111.8187
111.2563
110.6144
109.8931
109.0922
108.2118
107.2520
106.2126
105.0938
104.0141
102.9735
101.9721
101.0098
100.0866
99.2026
98.3578
97.5520
96.8261
96.1799
95.6135
95.1269
94.7201
94.3930
94.1457
93.9782
93.7077
93.3341
92.8575
92.2778
91.5952
90.8094
89.9206
88.9288
87.9697
87.0432
86.1494
85.2883
84.4599
83.6641
82.9011
82.1707
81.5193
80.9469
80.4536
80.0393
79.7041
79.4479
79.2707
79.1726
79.2879
79.6167
80.1591
80.9149
81.8842
83.0670
84.4632
86.0730
88.4314
91.5384
95.3941
99.9983
105.3512
111.4527
118.3028
125.9015
132.6041
138.4104
143.3205
147.3343
150.4520
152.6734
153.9986
154.4276
154.5716
154.4307
154.0047
153.2938
152.2978
151.0169
149.4510
147.6001
145.7845
144.0041
142.2589
140.5489
138.8742
137.2347
135.6304
134.0614
132.3026
130.3540
128.2156
125.8874
123.3694
120.6617
117.7641
114.6768
111.7582
109.0084
106.4273
104.0150
101.7714
99.6966
97.7906
96.0533
94.6148
93.4751
92.6342
92.0921
91.8488
91.9044
92.2587
92.9118
93.5895
94.2916
95.0183
95.7694
96.5451
97.3452
98.1699
99.0191
99.8519
100.6684
101.4686
102.2524
103.0199
103.7711
104.5059
105.2244
105.8236
106.3036
106.6644
106.9059
107.0282
107.0312
106.9149
106.6794
106.4985
106.3721
106.3003
106.2830
106.3203
106.4122
106.5586
106.7596
106.9888
107.2464
107.5323
107.8465
108.1890
108.5598
108.9589
109.3863
109.7624
110.0871
110.3605
110.5826
110.7533
110.8727
110.9408
110.9575
110.9116
110.8032
110.6322
110.3986
110.1024
109.7436
109.3223
108.8384
108.4003
108.0081
107.6616
107.3610
107.1063
106.8973
106.7342
106.6169
106.5062
106.4021
106.3045
106.2136
106.1292
106.0514
105.9802
105.9156
105.7567
105.5037
105.1565
104.7151
104.1794
103.5496
102.8255
102.0073
101.1958
100.3911
99.5932
98.8020
98.0176
97.2400
96.4691
95.7050
95.7830
96.7030
98.4651
101.0693
104.5155
108.8038
113.9341
119.9065
125.5814
130.9588
136.0388
140.8212
145.3062
149.4937
153.3837
156.9762
160.0949
162.7398
164.9109
166.6082
167.8316
168.5812
168.8570
168.6590
168.4178
168.1332
167.8055
167.4344
167.0202
166.5626
166.0618
165.5178
164.6070
163.3295
161.6853
159.6744
157.2967
154.5523
151.4412
147.9634
144.7276
141.7339
138.9823
136.4727
134.2052
132.1797
130.3963
128.8549
127.3148
125.7759
124.2382
122.7017
121.1665
119.6325
118.0997
116.5681
115.2891
114.2626
113.4886
112.9671
112.6982
112.6819
112.9181
113.4068
113.7923
114.0748
114.2541
114.3302
114.3032
114.1731
113.9399
113.6035
113.2688
112.9357
112.6043
112.2746
111.9465
111.6200
111.2952
110.9721
110.5775
110.1115
109.5740
108.9651
108.2847
107.5328
106.7096
105.8148
104.9462
104.1038
103.2876
102.4975
101.7336
100.9959
100.2843
99.5989
98.9216
98.2523
97.5912
96.9381
96.2930
95.6561
95.0272
94.4064
93.7410
93.0309
92.2762
91.4768
90.6329
89.7443
88.8110
87.8332
86.9803
86.2524
85.6496
85.1717
84.8189
84.5911
84.4882
84.5104
84.5159
84.5047
84.4769
84.4324
84.3712
84.2934
84.1988
84.0876
83.9884
83.9012
83.8259
83.7626
83.7113
83.6720
83.6446
83.6293
83.5267
83.3369
83.0599
82.6956
82.2442
81.7056
81.0797
80.3666
80.3902
81.1504
82.6472
84.8807
87.8508
91.5576
96.0010
101.1810
106.3515
111.5124
116.6637
121.8055
126.9377
132.0604
137.1735
142.2770
146.6578
150.3160
153.2515
155.4642
156.9543
157.7217
157.7664
157.0884
156.4282
155.7856
155.1608
154.5536
153.9642
153.3925
152.8385
152.3023
151.6504
150.8828
149.9997
149.0009
147.8864
146.6564
145.3107
143.8494
142.1738
140.2839
138.1797
135.8613
133.3286
130.5816
127.6203
124.4447
121.5834
119.0362
116.8031
114.8843
113.2796
111.9891
111.0128
110.3507
109.7783
109.2956
108.9027
108.5995
108.3861
108.2624
108.2284
108.2842
108.3999
108.5753
108.8107
109.1059
109.4609
109.8758
110.3505
110.8851
111.2650
111.4901
111.5605
111.4762
111.2372
110.8435
110.2950
109.5918
108.9360
108.3278
107.7670
107.2537
106.7879
106.3695
105.9986
105.6752
105.3307
104.9650
104.5781
104.1700
103.7408
103.2905
102.8189
102.3263
101.8452
101.3759
100.9182
100.4722
100.0379
99.6153
99.2043
98.8050
98.3931
97.9685
97.5313
97.0814
96.6189
96.1438
95.6560
95.1556
94.7508
94.4414
94.2276
94.1093
94.0866
94.1593
94.3277
94.5915
94.7163
94.7020
94.5487
94.2563
93.8249
93.2544
92.5449
91.6963
90.8555
90.0226
89.1974
88.3801
87.5706
86.7689
85.9750
85.1889
84.6263
84.2872
84.1716
84.2795
84.6108
85.1656
85.9439
86.9456
88.1719
89.6227
91.2980
93.1977
95.3220
97.6708
100.2441
103.0419
106.2826
109.9661
114.0925
118.6618
123.6739
129.1289
135.0267
141.3675
146.9098
151.6537
155.5993
158.7464
161.0952
162.6456
163.3975
163.3511
163.0476
162.4870
161.6694
160.5947
159.2629
157.6740
155.8281
153.7251
151.8362
150.1613
148.7005
147.4538
146.4211
145.6025
144.9980
144.6076
143.8158
142.6226
141.0281
139.0323
136.6350
133.8365
130.6366
127.0353
123.8702
121.1414
118.8487
116.9922
115.5719
114.5878
114.0399
113.9282
113.8667
113.8554
113.8944
113.9836
114.1230
114.3127
114.5525
114.8426
115.0753
115.2505
115.3683
115.4286
115.4315
115.3769
115.2649
115.0954
114.9627
114.8666
114.8072
114.7845
114.7985
114.8492
114.9365
115.0606
114.9926
114.7327
114.2807
113.6368
112.8009
111.7729
110.5529
109.1410
107.8636
106.7208
105.7126
104.8390
104.0999
103.4954
103.0255
102.6902
102.2869
101.8156
101.2764
100.6691
99.9939
99.2508
98.4396
97.5605
96.7965
96.1476
95.6139
95.1954
94.8919
94.7036
94.6305
94.6725
94.7066
94.7327
94.7510
94.7613
94.7638
94.7583
94.7449
94.7236
94.6946
94.6580
94.6137
94.5617
94.5020
94.4347
94.3596
94.2769
94.1604
94.0101
93.8259
93.6080
93.3562
93.0706
92.7511
92.3979
92.0631
91.7469
91.4492
91.1699
90.9092
90.6670
90.4433
90.2381
90.1003
90.0297
90.0265
90.0906
90.2220
90.4207
90.6867
91.0201
92.4103
94.8574
98.3613
102.9220
108.5396
115.2141
122.9454
131.7335
139.2626
145.5327
150.5436
154.2956
156.7884
158.0223
157.9970
156.7127
155.5841
154.6111
153.7938
153.1322
152.6262
152.2759
152.0813
152.0423
151.7189
151.1109
150.2185
149.0416
147.5802
145.8343
143.8040
141.4891
139.0941
136.6188
134.0634
131.4277
128.7118
125.9157
123.0394
120.0829
117.4733
115.2105
113.2946
111.7257
110.5036
109.6283
109.1000
108.9185
108.7606
108.6263
108.5156
108.4284
108.3648
108.3247
108.3082
108.3153
108.4328
108.6607
108.9989
109.4476
110.0067
110.6762
111.4561
112.3463
113.1687
113.9233
114.6099
115.2286
115.7795
116.2625
116.6776
117.0248
117.2735
117.4237
117.4754
117.4287
117.2835
117.0397
116.6975
116.2568
115.7862
115.2856
114.7551
114.1946
113.6042
112.9839
112.3336
111.6534
110.9781
110.3075
109.6417
108.9808
108.3246
107.6733
107.0268
106.3851
105.7375
105.0841
104.4248
103.7597
103.0886
102.4118
101.7290
101.0404
100.4120
99.8438
99.3358
98.8881
98.5005
98.1732
97.9061
97.6992
97.4722
97.2250
96.9578
96.6705
96.3630
96.0355
95.6878
95.3200
94.9588
94.6040
94.2557
93.9139
93.5786
93.2498
92.9275
92.6116
92.1882
91.6572
91.0186
90.2723
89.4185
88.4571
87.3880
86.2114
85.5465
85.3933
85.7519
86.6223
88.0043
89.8981
92.3037
95.2210
98.6328
102.5392
106.9402
111.8358
117.2259
123.1106
129.4898
136.3636
142.3420
147.4251
151.6127
154.9050
157.3018
158.8033
159.4094
159.1201
158.7818
158.3944
157.9579
157.4724
156.9378
156.3541
155.7214
155.0396
154.2312
153.2964
152.2351
151.0472
149.7328
148.2919
146.7245
145.0306
143.2267
141.3126
139.2886
137.1545
134.9103
132.5561
130.0919
127.5176
125.1501
122.9893
121.0352
119.2879
117.7473
116.4134
115.2863
114.3659
113.5748
112.9130
112.3804
111.9770
111.7029
111.5581
111.5425
111.6562
111.7888
111.9403
112.1107
112.3000
112.5082
112.7354
112.9814
113.2463
113.4182
113.4972
113.4832
113.3762
113.1762
112.8833
112.4973
112.0184
111.5209
111.0048
110.4701
109.9168
109.3449
108.7545
108.1454
107.5177
106.8777
106.2253
105.5605
104.8834
104.1938
103.4920
102.7777
102.0511
101.3059
100.5422
99.7598
98.9589
98.1394
97.3014
96.4447
95.5695
94.7398
93.9557
93.2170
92.5239
91.8763
91.2742
90.7177
90.2067
89.7801
89.4379
89.1801
89.0067
88.9178
88.9132
88.9931
89.1574
89.3119
89.4565
89.5912
89.7161
89.8312
89.9364
90.0317
90.1172
90.1114
90.0142
89.8257
89.5459
89.1747
88.7122
88.1584
87.5133
87.0098
86.6480
86.4279
86.3495
86.4127
86.6176
86.9642
87.4524
88.4344
89.9101
91.8795
94.3427
97.2995
100.7501
104.6944
109.1325
113.6963
118.3859
123.2012
128.1423
133.2091
138.4017
143.7201
149.1642
153.8112
157.6610
160.7137
162.9692
164.4276
165.0889
164.9530
164.0200
163.0597
162.0721
161.0572
160.0151
158.9457
157.8490
156.7251
155.5738
154.2961
152.8918
151.3609
149.7035
147.9196
146.0091
143.9720
141.8085
139.6404
137.4679
135.2909
133.1094
130.9235
128.7331
126.5382
124.3389
122.3497
120.5709
119.0022
117.6438
116.4956
115.5576
114.8299
114.3124
113.8629
113.4813
113.1676
112.9219
112.7442
112.6343
112.5924
112.6185
112.6709
112.7498
112.8550
112.9866
113.1446
113.3290
113.5398
113.7770
113.9129
113.9476
113.8809
113.7130
113.4439
113.0734
112.6017
112.0288
111.4632
110.9051
110.3543
109.8110
109.2751
108.7466
108.2255
107.7118
107.1697
106.5990
105.9999
105.3723
104.7163
104.0318
103.3188
102.5773
101.8093
101.0147
100.1936
99.3460
98.4718
97.5711
96.6438
95.6900
94.8256
94.0506
93.3650
92.7688
92.2620
91.8446
91.5166
91.2780
90.9817
90.6277
90.2161
89.7468
89.2199
88.6353
87.9930
87.2930
86.6898
86.1834
85.7738
85.4609
85.2448
85.1255
85.1029
85.1771
85.2196
85.2304
85.2095
85.1568
85.0725
84.9565
84.8088
84.6293
84.3325
83.9182
83.3866
82.7375
81.9711
81.0872
80.0860
78.9673
78.9199
79.9436
82.0385
85.2046
89.4420
94.7505
101.1302
108.5811
115.4984
121.8823
127.7327
133.0496
137.8329
142.0828
145.7992
148.9820
151.7989
154.2499
156.3350
158.0542
159.4075
160.3948
161.0162
161.2717
161.3005
161.1026
160.6780
160.0266
159.1486
158.0439
156.7124
155.1543
153.5237
151.8207
150.0454
148.1976
146.2775
144.2849
142.2199
140.0826
137.8178
135.4257
132.9063
130.2594
127.4852
124.5837
121.5547
118.3984
115.6083
113.1845
111.1269
109.4355
108.1103
107.1514
106.5587
106.3323
106.1504
106.0131
105.9204
105.8722
105.8687
105.9097
105.9953
106.1255
106.2765
106.4485
106.6414
106.8552
107.0899
107.3454
107.6219
107.9193
108.1117
108.1990
108.1814
108.0587
107.8311
107.4984
107.0607
106.5180
105.9516
105.3616
104.7479
104.1105
103.4494
102.7646
102.0562
101.3241
100.6861
100.1423
99.6928
99.3374
99.0761
98.9091
98.8362
98.8576
98.7991
98.6608
98.4428
98.1450
97.7674
97.3101
96.7729
96.1560
95.5965
95.0944
94.6498
94.2625
93.9327
93.6602
93.4452
93.2876
93.1079
92.9061
92.6822
92.4362
92.1681
91.8779
91.5657
91.2313
90.9494
90.7201
90.5434
90.4192
90.3476
90.3285
90.3619
90.4480
90.5530
90.6770
90.8200
90.9819
91.1629
91.3629
91.5818
91.8198
92.0413
92.2465
92.4352
92.6075
92.7635
92.9030
93.0261
93.1328
94.6579
97.6014
101.9633
107.7437
114.9424
123.5596
133.5951
145.0491
154.7547
162.7120
168.9209
173.3815
176.0937
177.0576
176.2731
173.7403
171.2726
168.8701
166.5328
164.2606
162.0536
159.9118
157.8352
155.8237
154.1954
152.9503
152.0885
151.6099
151.5145
151.8023
152.4734
153.5276
153.8339
153.3923
152.2026
150.2650
147.5794
144.1458
139.9642
135.0347
130.6587
126.8361
123.5670
120.8514
118.6892
117.0805
116.0253
115.5236
115.1029
114.7632
114.5045
114.3269
114.2303
114.2147
114.2802
114.4266
114.4833
114.4500
114.3269
114.1140
113.8112
113.4186
112.9361
112.3637
111.8627
111.4329
111.0743
110.7871
110.5711
110.4264
110.3529
110.3508
110.3899
110.4703
110.5920
110.7551
110.9594
111.2050
111.4918
111.8200
111.8309
111.5245
110.9008
109.9598
108.7016
107.1260
105.2331
103.0229
101.1344
99.5676
98.3224
97.3988
96.7969
96.5166
96.5580
96.9211
97.1781
97.3290
97.3740
97.3129
97.1458
96.8726
96.4934
96.0082
95.5191
95.0262
94.5295
94.0289
93.5245
93.0162
92.5041
91.9882
91.5811
91.2828
91.0934
91.0127
91.0409
91.1778
91.4236
91.7782
92.3161
93.0372
93.9415
95.0292
96.3000
97.7541
99.3915
101.2121
102.4894
103.2233
103.4140
103.0613
102.1653
100.7260
98.7434
96.2175
95.3156
96.0379
98.3844
102.3549
107.9496
115.1683
124.0112
134.4783
143.2748
150.4009
155.8566
159.6418
161.7565
162.2008
160.9746
158.0780
155.6867
153.8007
152.4200
151.5447
151.1746
151.3099
151.9505
153.0965
153.8971
154.3524
154.4623
154.2270
153.6463
152.7203
151.4490
149.8324
147.7043
145.0646
141.9134
138.2507
134.0765
129.3908
124.1935
118.4847
113.6895
109.8080
106.8400
104.7857
103.6451
103.4180
104.1045
105.7047
107.0242
108.0630
108.8212
109.2987
109.4955
109.4116
109.0471
108.4019
107.8902
107.5121
107.2675
107.1564
107.1788
107.3348
107.6243
108.0473
108.3900
108.6522
108.8341
108.9355
108.9565
108.8972
108.7574
108.5373
108.1435
107.5761
106.8350
105.9204
104.8321
103.5701
102.1346
100.5254
99.1459
97.9962
97.0761
96.3858
95.9252
95.6943
95.6931
95.9216
95.9163
95.6771
95.2040
94.4971
93.5563
92.3817
90.9732
89.3309
87.9509
86.8332
85.9778
85.3848
85.0540
84.9857
85.1796
85.6359
86.0252
86.3475
86.6029
86.7913
86.9127
86.9671
86.9546
86.8751
86.8234
86.7993
86.8030
86.8344
86.8936
86.9804
87.0950
87.2373
87.3438
87.4146
87.4497
87.4490
87.4125
87.3403
87.2323
87.0886
87.0993
87.2646
87.5843
88.0584
88.6870
89.4701
90.4077
91.4997
93.5163
96.4573
100.3229
105.1130
110.8277
117.4668
125.0305
133.5187
140.9923
147.4513
152.8958
157.3256
160.7409
163.1416
164.5277
164.8992
165.1042
165.1428
165.0149
164.7205
164.2596
163.6322
162.8384
161.8780
160.7096
159.3330
157.7482
155.9553
153.9543
151.7452
149.3278
146.7024
144.3843
142.3736
140.6703
139.2743
138.1857
137.4044
136.9305
136.7640
136.1916
135.2132
133.8289
132.0387
129.8426
127.2405
124.2325
120.8186
117.7937
115.1577
112.9107
111.0526
109.5835
108.5034
107.8122
107.5100
107.2582
107.0568
106.9058
106.8052
106.7550
106.7552
106.8058
106.9069
107.0233
107.1550
107.3022
107.4647
107.6426
107.8359
108.0445
108.2686
108.3747
108.3628
108.2331
107.9854
107.6198
107.1363
106.5349
105.8155
105.1561
104.5565
104.0169
103.5372
103.1174
102.7575
102.4575
102.2174
101.8757
101.4323
100.8873
100.2406
99.4922
98.6422
97.6905
96.6372
95.6735
94.7994
94.0149
93.3200
92.7147
92.1990
91.7729
91.4364
91.1168
90.8140
90.5282
90.2592
90.0071
89.7718
89.5535
89.3520
89.0803
88.7383
88.3261
87.8436
87.2909
86.6679
85.9747
85.2112
84.5264
83.9201
83.3924
82.9433
82.5727
82.2808
82.0675
81.9327
81.8375
81.7819
81.7659
81.7894
81.8525
81.9551
82.0974
82.2792
83.4243
85.5329
88.6049
92.6402
97.6389
103.6010
110.5265
118.4154
125.5764
132.0095
137.7147
142.6920
146.9415
150.4631
153.2567
155.3225
156.9895
158.2576
159.1270
159.5974
159.6691
159.3420
158.6160
157.4911
156.3290
155.1295
153.8926
152.6184
151.3068
149.9578
148.5715
147.1479
145.4980
143.6218
141.5192
139.1905
136.6354
133.8540
130.8464
127.6125
124.6406
121.9309
119.4832
117.2976
115.3741
113.7127
112.3134
111.1762
110.1722
109.3015
108.5640
107.9598
107.4888
107.1510
106.9465
106.8753
106.9388
107.1370
107.4699
107.9376
108.5400
109.2771
110.1490
111.1556
112.0175
112.7346
113.3070
113.7346
114.0175
114.1557
114.1492
113.9979
113.8458
113.6929
113.5392
113.3848
113.2295
113.0735
112.9167
112.7590
112.5382
112.2543
111.9071
111.4968
111.0234
110.4867
109.8869
109.2239
108.5400
107.8353
107.1096
106.3631
105.5956
104.8073
103.9981
103.1680
102.3804
101.6355
100.9332
100.2734
99.6562
99.0817
98.5497
98.0603
97.5911
97.1422
96.7136
96.3052
95.9171
95.5492
95.2016
94.8742
94.5714
94.2933
94.0398
93.8110
93.6068
93.4272
93.2722
93.1419
92.8904
92.5175
92.0234
91.4080
90.6714
89.8135
88.8343
87.7339
87.3984
87.8278
89.0221
90.9814
93.7056
97.1948
101.4489
106.4679
111.4449
116.3799
121.2729
126.1239
130.9328
135.6998
140.4248
145.1078
149.2912
152.9752
156.1596
158.8445
161.0299
162.7158
163.9021
164.5890
164.9597
165.0143
164.7528
164.1752
163.2815
162.0716
160.5457
158.7036
156.9472
155.2766
153.6917
152.1925
150.7790
149.4513
148.2092
147.0529
145.5211
143.6139
141.3313
138.6732
135.6397
132.2307
128.4463
124.2865
120.6607
117.5689
115.0111
112.9873
111.4976
110.5418
110.1201
110.2324
110.4128
110.6614
110.9780
111.3627
111.8156
112.3365
112.9256
113.5827
114.1729
114.6962
115.1524
115.5418
115.8641
116.1196
116.3080
116.4295
116.4673
116.4213
116.2916
116.0781
115.7809
115.4000
114.9353
114.3869
113.7351
112.9798
112.1212
111.1592
110.0937
108.9249
107.6527
106.2771
105.0255
103.8979
102.8944
102.0149
101.2595
100.6281
100.1208
99.7375
99.3078
98.8316
98.3090
97.7399
97.1244
96.4625
95.7542
94.9994
94.3344
93.7594
93.2742
92.8789
92.5734
92.3578
92.2321
92.1963
92.1136
91.9842
91.8079
91.5849
91.3151
90.9984
90.6350
90.2248
89.6767
88.9908
88.1670
87.2054
86.1059
84.8686
83.4935
81.9805
80.9856
80.5088
80.5500
81.1094
82.1869
83.7824
85.8960
88.5277
91.2123
93.9496
96.7397
99.5826
102.4784
105.4269
108.4283
111.4824
114.7218
118.1462
121.7558
125.5506
129.5305
133.6955
138.0457
142.5811
146.4148
149.5470
151.9777
153.7067
154.7342
155.0601
154.6844
153.6072
152.6054
151.6791
150.8283
150.0529
149.3530
148.7286
148.1797
147.7062
147.0914
146.3355
145.4382
144.3997
143.2199
141.8989
140.4366
138.8331
137.1871
135.4986
133.7677
131.9943
130.1784
128.3201
126.4193
124.4761
122.6664
120.9904
119.4479
118.0391
116.7638
115.6222
114.6141
113.7397
112.9949
112.3798
111.8944
111.5387
111.3127
111.2164
111.2498
111.4128
111.5721
111.7277
111.8795
112.0276
112.1720
112.3126
112.4495
112.5826
112.6186
112.5575
112.3993
112.1439
111.7914
111.3418
110.7950
110.1511
109.5414
108.9660
108.4248
107.9178
107.4451
107.0066
106.6023
106.2322
105.8194
105.3639
104.8655
104.3244
103.7406
103.1139
102.4445
101.7324
101.0727
100.4655
99.9109
99.4087
98.9590
98.5618
98.2171
97.9249
97.5739
97.1641
96.6955
96.1680
95.5817
94.9366
94.2327
93.4699
92.7112
91.9566
91.2060
90.4596
89.7171
88.9788
88.2445
87.5143
86.7551
85.9669
85.1497
84.3036
83.4285
82.5245
81.5914
80.6294
79.8225
79.1706
78.6737
78.3319
78.1451
78.1134
78.2367
78.5150
79.5829
81.4403
84.0871
87.5235
91.7493
96.7647
102.5695
109.1638
115.3555
121.1444
126.5306
131.5142
136.0950
140.2731
144.0485
147.4212
150.2750
152.6099
154.4259
155.7229
156.5011
156.7603
156.5007
155.7221
154.8673
153.9364
152.9291
151.8457
150.6861
149.4502
148.1382
146.7499
145.2693
143.6965
142.0313
140.2738
138.4240
136.4820
134.4476
132.3209
130.1350
127.8899
125.5856
123.2221
120.7994
118.3175
115.7764
113.1761
110.9573
109.1201
107.6644
106.5902
105.8975
105.5864
105.6568
106.1087
106.5494
106.9788
107.3969
107.8038
108.1993
108.5837
108.9567
109.3185
109.6387
109.9174
110.1545
110.3500
110.5039
110.6163
110.6871
110.7164
110.6573
110.5098
110.2740
109.9499
109.5374
109.0365
108.4473
107.7698
107.0949
106.4226
105.7529
105.0859
104.4215
103.7597
103.1005
102.4440
101.6816
100.8135
99.8396
98.7599
97.5743
96.2830
94.8859
93.3831
91.9890
90.7038
89.5275
88.4600
87.5014
86.6517
85.9107
85.2787
84.7158
84.2220
83.7973
83.4417
83.1553
82.9379
82.7897
82.7107
82.5099
82.1874
81.7432
81.1773
80.4898
79.6805
78.7495
77.6968
76.8740
76.2809
75.9176
75.7841
75.8805
76.2066
76.7625
77.5483
78.0858
78.3752
78.4164
78.2094
77.7543
77.0509
76.0994
74.8998
75.2550
77.1650
80.6300
85.6499
92.2246
100.3542
110.0387
121.2781
130.9981
139.1988
145.8802
151.0422
154.6849
156.8083
157.4123
156.4970
155.7573
155.1932
154.8047
154.5918
154.5544
154.6927
155.0066
155.4960
155.8073
155.9405
155.8954
155.6722
155.2708
154.6912
153.9335
152.9976
151.8736
150.5616
149.0615
147.3733
145.4971
143.4328
141.1805
138.7401
136.4023
134.1670
132.0344
130.0044
128.0769
126.2521
124.5299
122.9102
121.5792
120.5368
119.7831
119.3180
119.1415
119.2537
119.6546
120.3440
120.9964
121.6117
122.1900
122.7311
123.2352
123.7021
124.1320
124.5249
124.8214
125.0217
125.1257
125.1335
125.0450
124.8603
124.5792
124.2020
123.7943
123.3563
122.8878
122.3890
121.8598
121.3002
120.7103
120.0899
119.4152
118.6860
117.9023
117.0643
116.1718
115.2249
114.2236
113.1678
112.1572
111.1918
110.2715
109.3964
108.5664
107.7816
107.0420
106.3475
105.6384
104.9148
104.1766
103.4238
102.6564
101.8744
101.0779
100.2667
99.5293
98.8656
98.2755
97.7592
97.3166
96.9476
96.6524
96.4308
96.2090
95.9868
95.7644
95.5417
95.3187
95.0954
94.8718
94.6479
94.2957
93.8152
93.2065
92.4695
91.6042
90.6107
89.4889
88.2388
87.6908
87.8450
88.7013
90.2598
92.5205
95.4832
99.1482
103.5152
107.9192
112.3600
116.8377
121.3523
125.9038
130.4921
135.1173
139.7794
144.0094
147.8072
151.1729
154.1064
156.6078
158.6771
160.3142
161.5192
162.4196
163.0154
163.3067
163.2934
162.9755
162.3530
161.4260
160.1944
158.9738
157.7643
156.5658
155.3784
154.2020
153.0367
151.8824
150.7392
149.2376
147.3778
145.1596
142.5831
139.6483
136.3551
132.7037
128.6939
125.1450
122.0568
119.4294
117.2629
115.5571
114.3121
113.5280
113.2046
112.8828
112.5625
112.2438
111.9265
111.6109
111.2967
110.9841
110.6730
110.4054
110.1812
110.0004
109.8630
109.7690
109.7185
109.7114
109.7477
109.6922
109.5449
109.3058
108.9749
108.5522
108.0377
107.4313
106.7332
106.0949
105.5166
104.9981
104.5395
104.1407
103.8019
103.5229
103.3039
102.9606
102.4931
101.9014
101.1855
100.3454
99.3811
98.2926
97.0798
95.9989
95.0498
94.2325
93.5470
92.9933
92.5715
92.2814
92.1231
91.9578
91.7853
91.6058
91.4192
91.2255
91.0247
90.8168
90.6018
90.3226
89.9790
89.5710
89.0988
88.5622
87.9614
87.2962
86.5667
85.8668
85.1964
84.5555
83.9442
83.3624
82.8102
82.2876
81.7945
81.2988
80.8006
80.2999
79.7966
79.2908
78.7824
78.2715
77.7581
77.5434
77.6274
78.0103
78.6919
79.6723
80.9514
82.5293
84.4059
87.1519
90.7671
95.2517
100.6055
106.8286
113.9210
121.8827
130.7136
138.3359
144.7496
149.9545
153.9508
156.7384
158.3174
158.6876
157.8492
157.1599
156.6197
156.2286
155.9866
155.8936
155.9498
156.1550
156.5094
156.5795
156.3654
155.8671
155.0846
154.0178
152.6668
151.0317
149.1123
147.1163
145.0438
142.8948
140.6692
138.3671
135.9884
133.5332
131.0014
128.5739
126.2504
124.0312
121.9162
119.9053
117.9986
116.1961
114.4977
112.9370
111.5138
110.2282
109.0801
108.0697
107.1968
106.4615
105.8637
105.3756
104.9971
104.7283
104.5692
104.5196
104.5797
104.7495
105.0289
105.3013
105.5667
105.8252
106.0766
106.3211
106.5587
106.7892
107.0128
107.1584
107.2262
107.2161
107.1281
106.9622
106.7183
106.3966
105.9970
105.6120
105.2414
104.8854
104.5440
104.2170
103.9046
103.6068
103.3234
103.0052
102.6521
102.2640
101.8411
101.3833
100.8905
100.3629
99.8003
99.2353
98.6679
98.0981
97.5258
96.9512
96.3740
95.7945
95.2125
94.6777
94.1901
93.7496
93.3563
93.0101
92.7110
92.4592
92.2545
92.0307
91.7880
91.5262
91.2454
90.9456
90.6268
90.2889
89.9320
89.4452
88.8286
88.0820
87.2056
86.1993
85.0630
83.7969
82.4009
81.5235
81.1647
81.3245
82.0029
83.1999
84.9154
87.1496
89.9024
92.9840
96.3945
100.1339
104.2021
108.5992
113.3251
118.3799
123.7636
128.8639
133.6808
138.2144
142.4646
146.4314
150.1149
153.5150
156.6317
159.1927
161.1981
162.6478
163.5418
163.8801
163.6628
162.8897
161.5610
160.2890
159.0737
157.9152
156.8133
155.7682
154.7798
153.8481
152.9731
151.7669
150.2295
148.3609
146.1610
143.6299
140.7676
137.5740
134.0493
130.7879
127.7900
125.0556
122.5845
120.3769
118.4328
116.7520
115.3347
114.0694
112.9561
111.9947
111.1854
110.5280
110.0226
109.6692
109.4677
109.3289
109.2527
109.2392
109.2882
109.3999
109.5741
109.8110
110.1105
110.3973
110.6713
110.9325
111.1809
111.4166
111.6396
111.8497
112.0472
112.1223
112.0751
111.9056
111.6139
111.1998
110.6635
110.0049
109.2240
108.4161
107.5812
106.7192
105.8303
104.9144
103.9715
103.0015
102.0046
101.0604
100.1691
99.3305
98.5448
97.8118
97.1316
96.5042
95.9295
95.3416
94.7403
94.1257
93.4978
92.8565
92.2019
91.5340
90.8528
90.2374
89.6877
89.2039
88.7860
88.4338
88.1474
87.9269
87.7722
87.5906
87.3823
87.1472
86.8852
86.5965
86.2810
85.9386
85.5695
85.2329
84.9290
84.6578
84.4191
84.2131
84.0398
83.8990
83.7909
83.6944
83.6096
83.5363
83.4747
83.4247
83.3863
83.3596
83.3444
84.3793
86.4641
89.5988
93.7836
99.0183
105.3029
112.6376
121.0222
128.5088
135.0974
140.7881
145.5808
149.4755
152.4722
154.5710
155.7718
156.7468
157.4961
158.0196
158.3173
158.3893
158.2355
157.8559
157.2506
156.5445
155.7377
154.8301
153.8218
152.7128
151.5030
150.1925
148.7813
147.1607
145.3308
143.2915
141.0428
138.5848
135.9175
133.0408
129.9547
127.1546
124.6403
122.4120
120.4697
118.8132
117.4427
116.3581
115.5594
114.8882
114.3445
113.9284
113.6398
113.4786
113.4450
113.5389
113.7603
113.9863
114.2169
114.4520
114.6917
114.9359
115.1847
115.4381
115.6960
115.9122
116.0866
116.2193
116.3101
116.3592
116.3666
116.3322
116.2560
116.0826
115.8119
115.4441
114.9790
114.4168
113.7572
113.0005
112.1466
111.3831
110.7101
110.1275
109.6354
109.2337
108.9225
108.7017
108.5714
108.2874
107.8495
107.2578
106.5124
105.6132
104.5602
103.3535
101.9930
100.7878
99.7379
98.8434
98.1042
97.5203
97.0918
96.8186
96.7007
96.5584
96.3915
96.2002
95.9844
95.7440
95.4792
95.1898
94.8760
94.4987
94.0580
93.5539
92.9863
92.3553
91.6608
90.9029
90.0815
89.2960
88.5462
87.8323
87.1541
86.5117
85.9052
85.3344
84.7994
84.7931
85.3156
86.3667
87.9465
90.0551
92.6923
95.8583
99.5529
103.6462
108.1382
113.0288
118.3180
124.0059
130.0924
136.5776
143.4615
149.5236
154.7641
159.1829
162.7800
165.5555
167.5092
168.6413
168.9517
169.1314
169.1802
169.0983
168.8856
168.5421
168.0679
167.4629
166.7271
165.8364
164.7908
163.5903
162.2349
160.7247
159.0595
157.2394
155.2644
153.1882
151.0106
148.7318
146.3518
143.8704
141.2878
138.6039
135.8188
133.0122
130.1843
127.3350
124.4643
121.5723
118.6589
115.7241
112.7679
110.2126
108.0581
106.3045
104.9517
103.9998
103.4487
103.2985
103.5491
103.8058
104.0684
104.3371
104.6117
104.8924
105.1791
105.4718
105.7705
105.9926
106.1382
106.2073
106.1998
106.1157
105.9551
105.7179
105.4042
105.0466
104.6451
104.1997
103.7103
103.1771
102.6000
101.9790
101.3141
100.6157
99.8839
99.1186
98.3198
97.4876
96.6220
95.7229
94.7903
93.8869
93.0128
92.1679
91.3523
90.5659
89.8087
89.0807
88.3820
87.6653
86.9308
86.1785
85.4083
84.6201
83.8142
82.9903
82.1486
81.3931
80.7240
80.1411
79.6445
79.2342
78.9101
78.6724
78.5209
78.2837
77.9608
77.5522
77.0579
76.4779
75.8122
75.0608
74.2237
73.5077
72.9129
72.4392
72.0867
71.8554
71.7452
71.7561
71.8882
72.5904
73.8627
75.7051
78.1176
81.1002
84.6528
88.7756
93.4684
98.2397
103.0894
108.0176
113.0242
118.1092
123.2727
128.5146
133.8349
138.4956
142.4967
145.8381
148.5199
150.5421
151.9046
152.6075
152.6507
152.5490
152.3024
151.9109
151.3744
150.6931
149.8668
148.8956
147.7794
146.5482
145.2019
143.7406
142.1641
140.4726
138.6659
136.7442
134.7075
132.6825
130.6692
128.6677
126.6780
124.7000
122.7338
120.7794
118.8367
117.0555
115.4357
