101.6077
101.5007
101.3270
101.0868
100.7799
100.4065
100.0434
99.6907
99.3484
99.0164
98.6948
98.3836
98.0828
97.7923
97.5008
97.2081
96.9144
96.6196
96.3237
96.0267
95.7286
95.4294
95.1055
94.7568
94.3834
93.9852
93.5623
93.1146
92.6421
92.1449
91.5598
90.8868
90.1260
89.2773
88.3408
87.3164
86.2041
85.0040
84.1600
83.6721
83.5404
83.7648
84.3454
85.2821
86.5749
88.2238
90.7928
94.2818
98.6909
104.0200
110.2692
117.4384
125.5276
134.5368
142.8203
150.3781
157.2100
163.3162
168.6966
173.3512
177.2801
180.4832
182.8230
184.2997
184.9132
184.6635
183.5506
181.5744
178.7351
175.0326
171.6775
168.6700
166.0099
163.6973
161.7322
160.1146
158.8445
157.9218
156.9895
156.0476
155.0960
154.1348
153.1640
152.1835
151.1934
150.1936
149.0699
147.8223
146.4506
144.9551
143.3356
141.5922
139.7248
137.7334
135.7314
133.7186
131.6952
129.6610
127.6162
125.5606
123.4943
121.4174
119.5190
117.7992
116.2579
114.8953
113.7113
112.7058
111.8789
111.2306
110.6019
109.9928
109.4034
108.8336
108.2834
107.7528
107.2419
106.7505
106.1499
105.4401
104.6210
103.6926
102.6550
101.5081
100.2519
98.8865
97.5940
96.3743
95.2275
94.1535
93.1524
92.2242
91.3688
90.5863
89.7429
88.8385
87.8731
86.8467
85.7594
84.6111
83.4019
82.1317
80.8762
79.6355
78.4095
77.1983
76.0018
74.8201
73.6531
72.5008
71.4815
70.5951
69.8417
69.2212
68.7336
68.3789
68.1572
68.0685
67.6710
66.9649
65.9502
64.6268
62.9948
61.0541
58.8047
56.2468
55.6628
57.0527
60.4167
65.7547
73.0667
82.3526
93.6126
106.8465
117.8976
126.7659
133.4514
137.9541
140.2740
140.4110
138.3652
134.1366
130.5028
127.4637
125.0194
123.1698
121.9151
121.2550
121.1898
121.7193
122.1189
122.3886
122.5283
122.5382
122.4181
122.1681
121.7882
121.2784
120.8061
120.3714
119.9743
119.6147
119.2927
119.0083
118.7614
118.5520
118.2876
117.9681
117.5934
117.1637
116.6789
116.1390
115.5439
114.8938
114.2782
113.6971
113.1504
112.6383
112.1606
111.7175
111.3088
110.9346
110.6146
110.3486
110.1367
109.9790
109.8753
109.8258
109.8303
109.8889
109.8768
109.7937
109.6399
109.4152
109.1198
108.7534
108.3163
107.8083
107.7312
108.0849
108.8695
110.0850
111.7313
113.8084
116.3164
119.2552
122.0069
124.5716
126.9491
129.1394
131.1427
132.9589
134.5879
136.0298
137.6038
139.3097
141.1477
143.1177
145.2197
147.4537
149.8197
152.3178
154.5248
156.4407
158.0656
159.3995
160.4423
161.1941
161.6549
161.8246
162.0408
162.3037
162.6131
162.9690
163.3715
163.8206
164.3163
164.8585
165.2633
165.5308
165.6609
165.6537
165.5091
165.2272
164.8079
164.2512
163.7076
163.1770
162.6594
162.1548
161.6632
161.1847
160.7191
160.2666
159.5330
158.5183
157.2224
155.6455
153.7874
151.6482
149.2279
146.5265
144.2444
142.3817
140.9383
139.9142
139.3095
139.1241
139.3581
140.0114
140.2743
140.1468
139.6289
138.7206
137.4219
135.7329
133.6534
131.1836
128.8590
126.6797
124.6456
122.7568
121.0133
119.4151
117.9621
116.6544
115.2964
113.8879
112.4291
110.9199
109.3604
107.7505
106.0902
104.3795
102.7835
101.3021
99.9354
98.6832
97.5458
96.5229
95.6147
94.8212
94.1018
93.4568
92.8860
92.3894
91.9671
91.6190
91.3452
91.1457
90.7531
90.1676
89.3891
88.4176
87.2532
85.8957
84.3453
82.6019
81.0792
79.7773
78.6960
77.8354
77.1955
76.7764
76.5779
76.6002
76.4489
76.1241
75.6257
74.9538
74.1084
73.0894
71.8969
70.5309
69.2828
68.1526
67.1403
66.2460
65.4695
64.8110
64.2705
63.8478
63.2761
62.5553
61.6855
60.6666
59.4987
58.1817
56.7156
55.1005
53.7494
52.6623
51.8392
51.2801
50.9850
50.9539
51.1868
51.6837
52.2180
52.7896
53.3987
54.0452
54.7291
55.4504
56.2091
57.0052
57.8153
58.6394
59.4775
60.3297
61.1959
62.0762
62.9704
63.8787
65.0007
66.3364
67.8858
69.6489
71.6258
73.8163
76.2206
78.8385
81.3735
83.8255
86.1946
88.4807
90.6838
92.8039
94.8411
96.7953
98.9067
101.1751
103.6007
106.1833
108.9231
111.8200
114.8740
118.0851
121.0588
123.7952
126.2942
128.5558
130.5801
132.3670
133.9165
135.2287
136.3277
137.2136
137.8863
138.3460
138.5925
138.6258
138.4460
138.0531
137.5621
136.9730
136.2858
135.5005
134.6170
133.6355
132.5559
131.3782
130.1369
128.8320
127.4636
126.0316
124.5360
122.9768
121.3541
119.6677
118.1397
116.7700
115.5586
114.5055
113.6107
112.8742
112.2960
111.8761
111.3694
110.7759
110.0956
109.3286
108.4748
107.5342
106.5068
105.3926
104.3583
103.4038
102.5293
101.7346
101.0198
100.3849
99.8299
99.3547
98.8574
98.3379
97.7962
97.2324
96.6463
96.0381
95.4077
94.7552
94.1180
93.4962
92.8897
92.2987
91.7229
91.1626
90.6176
90.0880
89.5165
88.9030
88.2476
87.5502
86.8109
86.0296
85.2064
84.3412
83.5785
82.9181
82.3602
81.9046
81.5514
81.3007
81.1523
81.1063
81.0026
80.8410
80.6216
80.3445
80.0095
79.6167
79.1661
78.6578
78.3210
78.1559
78.1625
78.3406
78.6904
79.2119
79.9049
80.7696
81.6541
82.5584
83.4824
84.4263
85.3899
86.3733
87.3765
88.3995
89.5158
90.7256
92.0288
93.4253
94.9153
96.4987
98.1754
99.9456
101.7509
103.5913
105.4670
107.3778
109.3237
111.3048
113.3211
115.3726
117.5260
119.7815
122.1389
124.5984
127.1599
129.8234
132.5890
135.4565
138.4094
141.4475
144.5709
147.7796
151.0736
154.4529
157.9175
161.4673
164.9318
168.3110
171.6048
174.8132
177.9362
180.9739
183.9263
186.7933
189.0054
190.5626
191.4649
191.7124
191.3050
190.2426
188.5255
186.1534
183.9685
181.9710
180.1607
178.5376
177.1018
175.8532
174.7919
173.9179
172.9629
171.9269
170.8099
169.6119
168.3329
166.9730
165.5320
164.0101
162.5380
161.1158
159.7434
158.4207
157.1480
155.9250
154.7519
153.6286
152.5228
151.4345
150.3637
149.3104
148.2746
147.2564
146.2556
145.2723
144.2930
143.3178
142.3465
141.3792
140.4159
139.4565
138.5012
137.5499
136.5177
135.4048
134.2110
132.9364
131.5810
130.1448
128.6278
127.0300
125.5470
124.1790
122.9259
121.7877
120.7644
119.8560
119.0625
118.3839
117.7200
117.0709
116.4364
115.8167
115.2118
114.6215
114.0459
113.4851
112.9475
112.4332
111.9421
111.4743
111.0297
110.6084
110.2103
109.8354
109.4304
108.9950
108.5294
108.0336
107.5075
106.9512
106.3646
105.7478
105.2011
104.7244
104.3177
103.9812
103.7147
103.5182
103.3918
103.3355
103.2457
103.1225
102.9658
102.7756
102.5520
102.2949
102.0043
101.6803
101.4311
101.2568
101.1572
101.1325
101.1826
101.3075
101.5072
101.7818
102.0500
102.3120
102.5677
102.8172
103.0604
103.2973
103.5279
103.7523
104.0479
104.4147
104.8528
105.3621
105.9426
106.5944
107.3174
108.1117
108.6912
109.0560
109.2060
109.1412
108.8617
108.3674
107.6584
106.7346
105.9240
105.2265
104.6423
104.1713
103.8135
103.5688
103.4374
103.4191
103.3277
103.1630
102.9252
102.6142
102.2301
101.7727
101.2422
100.6385
100.3252
100.3025
100.5702
101.1284
101.9771
103.1163
104.5460
106.2661
107.8716
109.3626
110.7389
112.0006
113.1477
114.1802
115.0980
115.9013
116.8854
118.0503
119.3960
120.9225
122.6299
124.5180
126.5870
128.8367
130.9001
132.7770
134.4675
135.9715
137.2891
138.4203
139.3650
140.1233
140.8034
141.4054
141.9292
142.3749
142.7424
143.0318
143.2431
143.3761
143.3727
143.2327
142.9562
142.5431
141.9936
141.3075
140.4848
139.5256
138.4998
137.4074
136.2484
135.0227
133.7304
132.3714
130.9458
129.4536
128.0495
126.7335
125.5056
124.3658
123.3140
122.3504
121.4749
120.6875
119.7558
118.6799
117.4596
116.0951
114.5863
112.9333
111.1359
109.1943
107.4295
105.8414
104.4302
103.1957
102.1379
101.2570
100.5528
100.0255
99.4276
98.7591
98.0202
97.2107
96.3308
95.3803
94.3593
93.2677
92.2004
91.1573
90.1384
89.1437
88.1732
87.2269
86.3049
85.4070
84.6248
83.9583
83.4075
82.9723
82.6528
82.4489
82.3608
82.3883
82.3570
82.2669
82.1180
81.9104
81.6440
81.3188
80.9348
80.4920
80.1259
79.8364
79.6235
79.4872
79.4276
79.4447
79.5383
79.7086
79.8273
79.8945
79.9102
79.8743
79.7868
79.6478
79.4572
79.2151
78.9993
78.8096
78.6462
78.5091
78.3982
78.3135
78.2551
78.2229
78.2690
78.3932
78.5958
78.8765
79.2355
79.6727
80.1881
80.7818
81.3366
81.8525
82.3295
82.7677
83.1670
83.5275
83.8490
84.1317
84.6787
85.4900
86.5656
87.9054
89.5096
91.3781
93.5108
95.9078
97.9690
99.6942
101.0834
102.1368
102.8542
103.2357
103.2813
102.9909
102.8881
102.9729
103.2453
103.7052
104.3527
105.1878
106.2104
107.4206
108.6324
109.8458
111.0608
112.2774
113.4955
114.7152
115.9366
117.1595
118.2818
119.3036
120.2249
121.0456
121.7657
122.3852
122.9042
123.3227
123.6933
124.0161
124.2912
124.5184
124.6978
124.8294
124.9132
124.9492
125.0453
125.2014
125.4176
125.6938
126.0301
126.4265
126.8829
127.3994
127.8984
128.3799
128.8439
129.2904
129.7194
130.1309
130.5249
130.9014
131.0864
131.0798
130.8817
130.4920
129.9108
129.1381
128.1738
127.0180
125.8656
124.7166
123.5709
122.4287
121.2898
120.1543
119.0222
117.8935
116.8105
115.7731
114.7814
113.8354
112.9350
112.0803
111.2713
110.5079
109.7976
109.1402
108.5359
107.9846
107.4864
107.0412
106.6489
106.3098
105.8592
105.2974
104.6243
103.8398
102.9441
101.9370
100.8186
99.5889
98.5141
97.5942
96.8292
96.2191
95.7639
95.4637
95.3184
95.3279
95.3185
95.2901
95.2427
95.1763
95.0909
94.9865
94.8632
94.7208
94.5936
94.4815
94.3846
94.3028
94.2361
94.1846
94.1482
94.1269
94.0934
94.0477
93.9897
93.9194
93.8369
93.7422
93.6352
93.5160
93.3632
93.1769
92.9570
92.7035
92.4165
92.0960
91.7419
91.3542
91.1171
91.0306
91.0946
91.3092
91.6743
92.1900
92.8563
93.6731
94.5881
95.6013
96.7128
97.9224
99.2302
100.6363
102.1405
103.7430
105.4172
107.1631
108.9809
110.8704
112.8317
114.8648
116.9697
119.1463
121.2050
123.1458
124.9688
126.6738
128.2610
129.7303
131.0816
132.3151
133.5841
134.8886
136.2287
137.6042
139.0152
140.4618
141.9439
143.4614
144.7313
145.7534
146.5279
147.0545
147.3335
147.3648
147.1483
146.6841
146.2351
145.8012
145.3824
144.9789
144.5904
144.2172
143.8591
143.5161
143.2418
143.0361
142.8990
142.8306
142.8309
142.8997
143.0372
143.2433
143.3881
143.4715
143.4936
143.4543
143.3536
143.1916
142.9682
142.6835
142.3398
141.9372
141.4757
140.9552
140.3759
139.7375
139.0403
138.2841
137.5084
136.7132
135.8984
135.0640
134.2101
133.3367
132.4437
131.5312
130.5529
129.5090
128.3995
127.2242
125.9833
124.6766
123.3043
121.8663
120.5534
119.3655
118.3027
117.3650
116.5523
115.8647
115.3022
114.8647
114.3179
113.6618
112.8964
112.0217
111.0377
109.9444
108.7419
107.4300
106.2665
105.2515
104.3849
103.6668
103.0971
102.6758
102.4030
102.2786
102.0456
101.7039
101.2535
100.6944
100.0267
99.2503
98.3653
97.3716
96.4351
95.5558
94.7336
93.9687
93.2610
92.6105
92.0172
91.4811
90.9241
90.3462
89.7473
89.1276
88.4870
87.8255
87.1430
86.4397
85.7182
84.9786
84.2209
83.4450
82.6510
81.8389
81.0087
80.1603
80.0304
80.6188
81.9256
83.9509
86.6946
90.1567
94.3371
99.2360
103.6974
107.7214
111.3079
114.4569
117.1685
119.4426
121.2792
122.6784
123.8668
124.8444
125.6114
126.1675
126.5130
126.6477
126.5716
126.2848
126.0199
125.7769
125.5559
125.3567
125.1795
125.0241
124.8907
124.7793
124.6775
124.5854
124.5030
124.4304
124.3674
124.3142
124.2706
124.2368
124.2021
124.1666
124.1303
124.0931
124.0550
124.0162
123.9764
123.9359
123.8756
123.7955
123.6957
123.5762
123.4369
123.2778
123.0991
122.9005
122.6739
122.4191
122.1361
121.8251
121.4858
121.1185
120.7230
120.2993
119.9294
119.6132
119.3507
119.1419
118.9868
118.8855
118.8379
118.8439
118.8365
118.8154
118.7809
118.7328
118.6712
118.5960
118.5073
118.4050
118.3035
118.2029
118.1030
118.0039
117.9057
117.8082
117.7116
117.6157
117.5189
117.4209
117.3220
117.2219
117.1209
117.0188
116.9157
116.8115
116.7072
116.6028
116.4984
116.3938
116.2892
116.1844
116.0795
115.9746
115.8662
115.7543
115.6390
115.5202
115.3980
115.2723
115.1432
115.0106
114.8382
114.6259
114.3738
114.0819
113.7501
113.3785
112.9671
112.5159
111.9834
111.3696
110.6745
109.8982
109.0406
108.1017
107.0815
105.9801
105.0902
104.4117
103.9447
103.6892
103.6452
103.8127
104.1917
104.7821
105.3383
105.8603
106.3480
106.8015
107.2207
107.6057
107.9564
108.2729
108.6879
109.2015
109.8137
110.5244
111.3337
112.2415
113.2479
114.3528
115.4565
116.5589
117.6600
118.7598
119.8584
120.9557
122.0517
123.1464
124.2494
125.3609
126.4806
127.6087
128.7451
129.8899
131.0431
132.2045
133.2197
134.0887
134.8113
135.3877
135.8177
136.1015
136.2390
136.2303
136.2066
136.1679
136.1144
136.0459
135.9625
135.8642
135.7510
135.6228
135.3579
134.9563
134.4179
133.7429
132.9311
131.9826
130.8974
129.6755
128.5531
127.5303
126.6070
125.7833
125.0592
124.4346
123.9096
123.4842
122.9294
122.2454
121.4321
120.4895
119.4176
118.2165
116.8860
115.4263
113.9878
112.5706
111.1747
109.8000
108.4466
107.1144
105.8035
104.5139
103.1976
101.8545
100.4848
99.0884
97.6654
96.2156
94.7391
93.2359
91.8450
90.5663
89.3998
88.3455
87.4035
86.5737
85.8561
85.2507
84.5861
83.8623
83.0792
82.2369
81.3353
80.3745
79.3545
78.2752
77.3076
76.4516
75.7072
75.0745
74.5535
74.1440
73.8463
73.6602
73.4513
73.2198
72.9656
72.6886
72.3890
72.0666
71.7215
71.3538
71.0618
70.8458
70.7056
70.6412
70.6527
70.7401
70.9033
71.1424
71.3134
71.4163
71.4510
71.4177
71.3163
71.1467
70.9091
70.6033
70.2487
69.8454
69.3932
68.8922
68.3423
67.7437
67.0962
66.4000
65.7138
65.0379
64.3721
63.7164
63.0709
62.4356
61.8104
61.1953
60.9727
61.1425
61.7048
62.6595
64.0066
65.7462
67.8782
70.4026
72.6563
74.6392
76.3512
77.7925
78.9631
79.8628
80.4918
80.8499
81.9956
83.9288
86.6495
90.1578
94.4535
99.5368
105.4076
112.0659
117.6486
122.1557
125.5871
127.9428
129.2229
129.4274
128.5562
126.6094
125.0969
124.0188
123.3749
123.1653
123.3901
124.0491
125.1425
126.6702
128.1715
129.6464
131.0950
132.5172
133.9130
135.2824
136.6255
137.9421
139.2142
140.4418
141.6247
142.7631
143.8570
144.9062
145.9109
146.8710
147.8599
148.8775
149.9239
150.9990
152.1030
153.2356
154.3971
155.5873
156.8801
158.2757
159.7739
161.3749
163.0785
164.8848
166.7938
168.8055
170.5231
171.9467
173.0762
173.9117
174.4532
174.7006
174.6540
174.3133
173.9232
173.4835
172.9944
172.4558
171.8677
171.2301
170.5430
169.8065
168.9453
167.9596
166.8493
165.6144
164.2550
162.7709
161.1623
159.4291
157.7973
156.2670
154.8381
153.5106
152.2845
151.1599
150.1367
149.2149
148.1940
147.0739
145.8547
144.5363
143.1188
141.6021
139.9863
138.2713
136.4989
134.6692
132.7820
130.8375
128.8356
126.7763
124.6597
122.4856
120.5565
118.8723
117.4331
116.2387
115.2893
114.5849
114.1253
113.9107
113.0928
111.6717
109.6473
107.0197
103.7889
99.9548
95.5174
90.4768
86.1939
82.6688
79.9014
77.8918
76.6399
76.1457
76.4093
77.4306
78.0339
78.2193
77.9867
77.3360
76.2675
74.7809
72.8763
70.5538
68.4228
66.4835
64.7356
63.1794
61.8147
60.6416
59.6601
58.8701
58.1584
57.5249
56.9696
56.4925
56.0937
55.7731
55.5308
55.3666
55.2239
55.1027
55.0029
54.9245
54.8676
54.8321
54.8181
54.8255
54.9250
55.1167
55.4004
55.7764
56.2444
56.8046
57.4569
58.2013
58.9812
59.7966
60.6474
61.5337
62.4556
63.4128
64.4056
65.4339
66.6645
68.0976
69.7331
71.5710
73.6114
75.8542
78.2994
80.9470
83.6622
86.4449
89.2951
92.2130
95.1983
98.2512
101.3717
104.5597
107.6073
110.5146
113.2816
115.9082
118.3945
120.7404
122.9460
125.0113
127.3101
129.8426
132.6086
135.6083
138.8415
142.3083
146.0087
149.9427
153.6072
157.0022
160.1277
162.9836
165.5701
167.8870
169.9345
171.7124
173.4356
175.1039
176.7175
178.2762
179.7802
181.2294
182.6237
183.9633
185.1212
186.0975
186.8922
187.5052
187.9366
188.1863
188.2544
188.1409
187.8601
187.4122
186.7970
186.0147
185.0651
183.9483
182.6643
181.2132
179.7635
178.3154
176.8688
175.4237
173.9802
172.5382
171.0977
169.6588
168.1107
166.4534
164.6870
162.8115
160.8268
158.7329
156.5298
154.2177
152.1451
150.3122
148.7190
147.3653
146.2514
145.3770
144.7423
144.3473
143.4146
141.9442
139.9362
137.3906
134.3073
130.6863
126.5277
121.8314
117.5994
113.8316
110.5280
107.6886
105.3135
103.4026
101.9559
100.9735
99.6898
98.1051
96.2191
94.0320
91.5437
88.7542
85.6636
82.2718
79.2269
76.5289
74.1778
72.1736
70.5162
69.2058
68.2422
67.6256
66.8748
65.9900
64.9710
63.8180
62.5309
61.1097
59.5544
57.8650
56.4515
55.3138
54.4521
53.8662
53.5562
53.5221
53.7638
54.2814
54.7025
55.0271
55.2550
55.3865
55.4214
55.3597
55.2016
54.9468
54.7854
54.7174
54.7427
54.8614
55.0734
55.3787
55.7774
56.2695
57.0059
57.9868
59.2121
60.6818
62.3959
64.3545
66.5574
69.0048
71.3441
73.5752
75.6984
77.7134
79.6203
81.4192
83.1099
84.6926
86.0382
87.1468
88.0184
88.6530
89.0505
89.2109
89.1344
88.8207
89.9089
92.3989
96.2907
101.5843
108.2797
116.3769
125.8760
136.7768
145.9416
153.3705
159.0634
163.0204
165.2414
165.7264
164.4755
161.4886
159.0120
157.0457
155.5896
154.6439
154.2084
154.2833
154.8684
155.9638
157.0544
158.1403
159.2215
160.2979
161.3696
162.4365
163.4986
164.5560
165.5756
166.5575
167.5016
168.4079
169.2765
170.1073
170.9003
171.6555
171.8649
171.5284
170.6461
169.2178
167.2437
164.7237
161.6579
158.0462
154.9711
152.4327
150.4309
148.9658
148.0373
147.6455
147.7903
148.4717
148.9840
149.3271
149.5010
149.5057
149.3413
149.0076
148.5048
147.8328
146.5860
144.7644
142.3680
139.3969
135.8510
131.7302
127.0347
121.7644
117.4241
114.0139
111.5337
109.9836
109.3635
109.6734
110.9134
113.0834
114.3690
114.7704
114.2873
112.9200
110.6683
107.5322
103.5118
98.6071
94.4148
90.9351
88.1678
86.1130
84.7708
84.1410
84.2237
85.0189
85.6997
86.2660
86.7178
87.0552
87.2782
87.3866
87.3806
87.2602
86.8061
86.0183
84.8969
83.4418
81.6531
79.5307
77.0746
74.2849
71.9400
70.0401
68.5850
67.5748
67.0094
66.8890
67.2134
67.9827
68.6130
69.1044
69.4568
69.6702
69.7447
69.6802
69.4767
69.1342
68.8812
68.7175
68.6433
68.6585
68.7631
68.9571
69.2405
69.6133
69.8973
70.0926
70.1992
70.2170
70.1460
69.9863
69.7378
69.4006
69.5118
70.0713
71.0792
72.5354
74.4400
76.7930
79.5943
82.8440
85.5064
87.5816
89.0694
89.9700
90.2834
90.0094
89.1482
87.6997
86.8083
86.4740
86.6967
87.4766
88.8134
90.7074
93.1584
96.1666
98.8743
101.2818
103.3889
105.1957
106.7021
107.9082
108.8139
109.4194
110.0168
110.6062
111.1876
111.7610
112.3264
112.8838
113.4332
113.9745
114.4728
114.9279
115.3399
115.7088
116.0346
116.3173
116.5569
116.7533
116.8582
116.8716
116.7934
116.6237
116.3624
116.0096
115.5652
115.0293
114.8967
115.1674
115.8413
116.9185
118.3990
120.2827
122.5697
125.2600
127.7985
130.1850
132.4197
134.5026
136.4336
138.2127
139.8400
141.3154
142.5760
143.6219
144.4529
145.0693
145.4708
145.6576
145.6296
145.3868
145.1600
144.9491
144.7542
144.5753
144.4123
144.2653
144.1343
144.0192
143.8244
143.5499
143.1957
142.7618
142.2483
141.6550
140.9820
140.2294
139.5426
138.9218
138.3669
137.8779
137.4548
137.0976
136.8063
136.5810
136.0283
135.1481
133.9406
132.4057
130.5434
128.3537
125.8366
122.9921
120.5549
118.5249
116.9022
115.6867
114.8784
114.4774
114.4836
114.8970
115.2362
115.5011
115.6918
115.8081
115.8502
115.8181
115.7116
115.5309
115.2671
114.9202
114.4902
113.9772
113.3811
112.7019
111.9396
111.0942
110.3609
109.7395
109.2302
108.8328
108.5474
108.3740
108.3127
108.3633
108.3901
108.3931
108.3724
108.3278
108.2595
108.1673
108.0514
107.9117
107.7059
107.4339
107.0959
106.6919
106.2217
105.6854
105.0831
104.4146
103.7759
103.1668
102.5875
102.0378
101.5179
101.0276
100.5671
100.1362
99.7221
99.3246
98.9438
98.5797
98.2323
97.9016
97.5876
97.2903
97.0417
96.8419
96.6909
96.5886
96.5350
96.5302
96.5742
96.6669
96.6487
96.5197
96.2797
95.9289
95.4671
94.8945
94.2110
93.4166
92.7237
92.1323
91.6425
91.2542
90.9675
90.7823
90.6986
90.7164
90.8333
91.0491
91.3639
91.7776
92.2903
92.9021
93.6127
94.4224
95.2347
96.0496
96.8671
97.6872
98.5100
99.3353
100.1633
100.9939
101.8037
102.5927
103.3609
104.1083
104.8349
105.5407
106.2256
106.8898
107.6515
108.5107
109.4675
110.5218
111.6736
112.9229
114.2697
115.7141
117.0757
118.3546
119.5506
120.6639
121.6945
122.6422
123.5072
124.2894
125.2609
126.4217
127.7719
129.3113
131.0400
132.9581
135.0654
137.3620
139.4742
141.4020
143.1453
144.7041
146.0785
147.2684
148.2739
149.0949
149.9928
150.9675
152.0190
153.1474
154.3525
155.6345
156.9934
158.4290
159.6508
160.6588
161.4529
162.0331
162.3995
162.5520
162.4907
162.2155
161.9173
161.5961
161.2519
160.8846
160.4944
160.0812
159.6449
159.1857
158.6973
158.1799
157.6333
157.0576
156.4528
155.8189
155.1558
154.4637
153.6741
152.7871
151.8027
150.7208
149.5415
148.2648
146.8906
145.4190
143.9938
142.6152
141.2829
139.9972
138.7579
137.5650
136.4186
135.3187
134.1446
132.8962
131.5736
130.1768
128.7058
127.1605
125.5410
123.8473
121.9737
119.9202
117.6868
115.2736
112.6804
109.9073
106.9543
103.8215
101.0372
98.6014
96.5142
94.7756
93.3855
92.3440
91.6511
91.3067
90.7685
90.0364
89.1105
87.9908
86.6772
85.1698
83.4685
81.5734
79.8382
78.2630
76.8476
75.5922
74.4966
73.5610
72.7853
72.1695
71.6942
71.3594
71.1651
71.1113
71.1980
71.4252
71.7929
72.3011
72.7136
73.0304
73.2514
73.3767
73.4063
73.3401
73.1783
72.9206
72.7563
72.6852
72.7074
72.8228
73.0314
73.3334
73.7286
74.2170
74.7271
75.2587
75.8119
76.3868
76.9832
77.6012
78.2409
78.9021
79.4213
79.7984
80.0335
80.1265
80.0775
79.8864
79.5533
79.0781
78.7964
78.7082
78.8134
79.1122
79.6043
80.2900
81.1692
82.2418
83.2986
84.3397
85.3649
86.3745
87.3682
88.3462
89.3083
90.2548
91.5101
93.0742
94.9473
97.1292
99.6200
102.4197
105.5283
108.9457
112.0714
114.9052
117.4473
119.6976
121.6560
123.3227
124.6975
125.7806
126.6800
127.3957
127.9277
128.2760
128.4407
128.4216
128.2189
127.8324
127.7119
127.8573
128.2685
128.9457
129.8888
131.0978
132.5726
134.3134
135.7866
136.9923
137.9304
138.6009
139.0038
139.1392
139.0070
138.6073
138.2094
137.8134
137.4192
137.0270
136.6365
136.2480
135.8613
135.4765
135.0110
134.4646
133.8376
133.1297
132.3412
131.4718
130.5217
129.4909
128.4798
127.4884
126.5167
125.5648
124.6326
123.7201
122.8273
121.9543
120.9518
119.8197
118.5581
117.1670
115.6463
113.9961
112.2164
110.3072
108.6301
107.1852
105.9724
104.9918
104.2433
103.7270
103.4429
103.3909
103.2852
103.1257
102.9125
102.6456
102.3249
101.9505
101.5223
101.0404
100.6243
100.2740
99.9896
99.7709
99.6181
99.5310
99.5098
99.5544
99.6425
99.7741
99.9493
100.1679
100.4301
100.7358
101.0850
101.4778
101.8895
102.3203
102.7701
103.2389
103.7267
104.2336
104.7594
105.3043
105.7500
106.0963
106.3435
106.4914
106.5400
106.4894
106.3395
106.0904
105.8575
105.6409
105.4405
105.2563
105.0884
104.9367
104.8013
104.6821
104.6167
104.6050
104.6471
104.7429
104.8925
105.0958
105.3529
105.6638
105.9126
106.0996
106.2245
106.2875
106.2885
106.2276
106.1047
105.9198
105.8164
105.7946
105.8541
105.9952
106.2178
106.5218
106.9073
107.3744
107.8805
108.4259
109.0104
109.6341
110.2970
110.9990
111.7402
112.5205
113.2275
113.8610
114.4211
114.9079
115.3212
115.6611
115.9277
116.1208
116.3583
116.6403
116.9666
117.3374
117.7525
118.2121
118.7160
119.2644
119.8865
120.5823
121.3518
122.1950
123.1120
124.1026
125.1670
126.3051
127.3711
128.3650
129.2869
130.1367
130.9144
131.6200
132.2535
132.8150
133.3937
133.9897
134.6029
135.2333
135.8810
136.5459
137.2281
137.9275
138.4748
138.8699
139.1128
139.2035
139.1421
138.9285
138.5628
138.0448
137.5029
136.9371
136.3473
135.7336
135.0959
134.4343
133.7487
133.0392
132.3050
131.5460
130.7624
129.9540
129.1209
128.2631
127.3806
126.4734
125.7039
125.0722
124.5782
124.2219
124.0034
123.9226
123.9796
124.1743
124.2812
124.3005
124.2320
124.0758
123.8319
123.5003
123.0809
122.5738
121.9657
121.2566
120.4465
119.5354
118.5233
117.4102
116.1961
114.8809
113.6600
112.5332
111.5007
110.5624
109.7182
108.9683
108.3126
107.7510
107.1304
106.4506
105.7117
104.9137
104.0566
103.1404
102.1651
101.1306
100.2313
99.4673
98.8384
98.3448
97.9863
97.7631
97.6750
97.7222
97.7810
97.8516
97.9338
98.0277
98.1333
98.2506
98.3796
98.5203
98.5261
98.3971
98.1331
97.7343
97.2006
96.5320
95.7285
94.7902
94.0660
93.5558
93.2597
93.1778
93.3099
93.6561
94.2164
94.9908
95.6269
96.1247
96.4842
96.7053
96.7882
96.7327
96.5389
96.2068
95.9588
95.7948
95.7149
95.7190
95.8072
95.9795
96.2358
96.5761
96.8452
97.0430
97.1694
97.2246
97.2085
97.1211
96.9624
96.7324
96.5240
96.3372
96.1720
96.0285
95.9065
95.8061
95.7273
95.6702
95.6851
95.7721
95.9312
96.1623
96.4656
96.8409
97.2883
97.8078
98.2904
98.7363
99.1454
99.5177
99.8532
100.1519
100.4138
100.6389
100.9812
101.4406
102.0172
102.7109
103.5219
104.4500
105.4952
106.6576
107.8748
109.1468
110.4735
111.8550
113.2912
114.7823
116.3280
117.9286
119.4762
120.9710
122.4128
123.8017
125.1376
126.4207
127.6509
128.8281
129.8899
130.8362
131.6670
132.3824
132.9823
133.4667
133.8357
134.0892
134.2676
134.3711
134.3995
134.3528
134.2312
134.0345
133.7627
133.4159
133.0663
132.7138
132.3584
132.0001
131.6390
131.2750
130.9082
130.5384
130.1055
129.6093
129.0498
128.4271
127.7412
126.9921
126.1797
125.3041
124.4733
123.6874
122.9463
122.2501
121.5988
120.9923
120.4307
119.9139
119.3861
118.8472
118.2973
117.7364
117.1644
116.5813
115.9872
115.3820
114.7719
114.1568
113.5367
112.9117
112.2818
111.6468
111.0069
110.3621
109.7534
109.1811
108.6449
108.1450
107.6814
107.2540
106.8628
106.5078
106.0988
105.6356
105.1183
104.5468
103.9212
103.2415
102.5076
101.7196
101.0393
100.4667
100.0017
99.6445
99.3949
99.2530
99.2188
99.2923
99.3633
99.4318
99.4980
99.5616
99.6228
99.6816
99.7379
99.7918
99.8068
99.7831
99.7206
99.6193
99.4792
99.3003
99.0826
98.8261
98.6515
98.5586
98.5476
98.6183
98.7709
99.0052
99.3214
99.7194
100.0629
100.3518
100.5863
100.7663
100.8918
100.9629
100.9794
100.9414
100.9960
101.1431
101.3829
101.7151
102.1400
102.6574
103.2674
103.9699
104.7232
105.5272
106.3820
107.2875
108.2437
109.2507
110.3085
111.4169
112.5745
113.7812
115.0369
116.3417
117.6956
119.0986
120.5507
122.0519
123.4893
124.8628
126.1725
127.4183
128.6004
129.7186
130.7730
131.7635
132.6382
133.3971
134.0401
134.5673
134.9786
135.2741
135.4538
135.5176
135.5856
135.6577
135.7341
135.8147
135.8995
135.9884
136.0816
136.1789
136.3200
136.5050
136.7338
137.0064
137.3228
137.6830
138.0870
138.5349
138.8508
139.0349
139.0872
139.0075
138.7960
138.4526
137.9773
137.3701
136.7003
135.9677
135.1724
134.3144
133.3937
132.4102
131.3641
130.2552
129.1330
127.9976
126.8489
125.6870
124.5117
123.3232
122.1215
120.9064
119.7209
118.5649
117.4385
116.3416
115.2742
114.2364
113.2281
112.2494
111.1850
110.0349
108.7992
107.4778
106.0707
104.5780
102.9996
101.3356
99.8315
98.4872
97.3029
96.2784
95.4139
94.7092
94.1644
93.7795
93.3677
92.9288
92.4629
91.9699
91.4500
90.9031
90.3292
89.7282
89.1708
88.6569
88.1866
87.7598
87.3765
87.0367
86.7405
86.4879
86.3161
86.2252
86.2153
86.2862
86.4380
86.6708
86.9844
87.3790
87.6955
87.9340
88.0944
88.1768
88.1812
88.1076
87.9559
87.7262
87.6646
87.7713
88.0461
88.4891
89.1003
89.8796
90.8272
91.9429
93.0178
94.0521
95.0457
95.9986
96.9107
97.7821
98.6129
99.4029
100.2500
101.1543
102.1157
103.1343
104.2100
105.3428
106.5327
107.7798
108.8894
109.8614
110.6959
111.3928
111.9522
112.3741
112.6584
112.8052
112.9764
113.1720
113.3920
113.6364
113.9051
114.1983
114.5159
114.8579
115.1795
115.4807
115.7616
116.0221
116.2622
116.4819
116.6812
116.8602
117.0649
117.2954
117.5516
117.8337
118.1415
118.4750
118.8343
119.2194
119.6421
120.1024
120.6003
121.1357
121.7087
122.3194
122.9676
123.6534
124.3066
124.9272
125.5151
126.0705
126.5933
127.0835
127.5410
127.9660
128.3982
128.8376
129.2843
129.7382
130.1994
130.6678
131.1435
131.6264
132.0445
132.3979
132.6866
132.9105
133.0696
133.1640
133.1936
133.1584
133.1086
133.0442
132.9650
132.8712
132.7628
132.6396
132.5018
132.3494
132.2293
132.1415
132.0861
132.0631
132.0724
132.1141
132.1881
132.2945
132.2814
132.1489
131.8970
131.5256
131.0348
130.4245
129.6948
128.8457
128.0479
127.3013
126.6062
125.9623
125.3698
124.8285
124.3386
123.9001
123.5049
123.1533
122.8450
122.5803
122.3590
122.1811
122.0467
121.9558
121.7248
121.3537
120.8424
120.1911
119.3998
118.4683
117.3967
116.1850
115.0802
114.0821
113.1907
112.4062
111.7285
111.1575
110.6933
110.3359
110.1052
110.0013
110.0241
110.1736
110.4499
110.8530
111.3828
112.0393
112.4528
112.6233
112.5507
112.2351
111.6765
110.8749
109.8302
108.5425
107.4509
106.5553
105.8558
105.3523
105.0449
104.9335
105.0182
105.2989
105.4835
105.5720
105.5644
105.4606
105.2608
104.9648
104.5727
104.0845
103.6744
103.3426
103.0890
102.9136
102.8164
102.7974
102.8566
102.9940
103.0591
103.0519
102.9724
102.8207
102.5967
102.3004
101.9319
101.4910
101.1048
100.7733
100.4964
100.2741
100.1065
99.9935
99.9352
99.9315
99.9193
99.8986
99.8694
99.8316
99.7854
99.7307
99.6675
99.5957
99.5292
99.4679
99.4118
99.3610
99.3153
99.2749
99.2398
99.2098
99.2407
99.3324
99.4850
99.6984
99.9727
100.3078
100.7037
101.1605
101.4912
101.6959
101.7744
101.7269
101.5534
101.2537
100.8280
100.2762
99.7753
99.3253
98.9262
98.5779
98.2806
98.0342
97.8386
97.6939
97.6423
97.6837
97.8180
98.0454
98.3658
98.7791
99.2855
99.8849
100.3825
100.7784
101.0724
101.2647
101.3552
101.3439
101.2308
101.0159
100.8994
100.8812
100.9614
101.1399
101.4168
101.7920
102.2656
102.8375
103.3397
103.7724
104.1354
104.4289
104.6526
104.8068
104.8914
104.9063
104.9375
104.9848
105.0484
105.1283
105.2243
105.3366
105.4652
105.6099
105.7779
105.9692
106.1837
106.4214
106.6824
106.9667
107.2743
107.6050
108.0598
108.6386
109.3415
110.1683
111.1192
112.1941
113.3930
114.7159
115.8496
116.7942
117.5495
118.1158
118.4928
118.6807
118.6794
118.4889
118.3388
118.2291
118.1597
118.1307
118.1420
118.1938
118.2859
118.4183
118.4496
118.3798
118.2089
117.9368
117.5635
117.0892
116.5136
115.8370
115.2431
114.7321
114.3038
113.9583
113.6956
113.5157
113.4186
113.4043
113.3861
113.3640
113.3381
113.3082
113.2744
113.2368
113.1952
113.1498
113.0630
112.9350
112.7656
112.5548
112.3028
112.0095
111.6748
111.2988
110.9740
110.7003
110.4779
110.3066
110.1865
110.1176
110.0998
110.1333
110.1097
110.0293
109.8918
109.6974
109.4461
109.1378
108.7725
108.3503
107.9650
107.6164
107.3048
107.0300
106.7920
106.5909
106.4267
106.2993
106.1772
106.0603
105.9488
105.8426
105.7417
105.6460
105.5557
105.4706
105.3272
105.1253
104.8650
104.5462
104.1691
103.7335
103.2395
102.6871
102.3052
102.0938
102.0530
102.1827
102.4829
102.9536
103.5949
104.4066
105.0872
105.6367
106.0549
106.3420
106.4979
106.5227
106.4162
106.1786
106.0104
105.9115
105.8820
105.9219
106.0312
106.2098
106.4577
106.7751
107.1981
107.7267
108.3609
109.1008
109.9463
110.8975
111.9542
113.1166
114.3049
115.5189
116.7587
118.0243
119.3157
120.6330
121.9760
123.3449
124.6592
125.9189
127.1242
128.2749
129.3711
130.4128
131.3999
132.3325
133.1537
133.8636
134.4621
134.9492
135.3249
135.5893
135.7423
135.7840
135.8257
135.8675
135.9093
135.9511
135.9930
136.0350
136.0769
136.1190
136.1695
136.2285
136.2959
136.3718
136.4562
136.5490
136.6503
136.7601
136.7336
136.5708
136.2718
135.8366
135.2651
134.5573
133.7133
132.7330
131.9015
131.2188
130.6850
130.2999
130.0636
129.9761
130.0374
130.2475
130.4203
130.5559
130.6541
130.7151
130.7388
130.7253
130.6744
130.5863
130.5233
130.4853
130.4724
130.4846
130.5219
130.5843
130.6718
130.7844
130.7604
130.6001
130.3032
129.8699
129.3001
128.5938
127.7511
126.7719
125.7771
124.7668
123.7409
122.6994
121.6424
120.5699
119.4818
118.3781
117.3135
116.2879
115.3013
114.3538
113.4453
112.5758
111.7454
110.9540
110.2632
109.6729
109.1832
108.7941
108.5056
108.3177
108.2303
108.2435
108.1421
107.9261
107.5955
107.1503
106.5904
105.9160
105.1270
104.2234
103.4093
102.6847
102.0496
101.5041
101.0481
100.6816
100.4047
100.2172
100.0542
99.9156
99.8015
99.7117
99.6464
99.6055
99.5890
99.5970
99.6036
99.6090
99.6131
99.6159
99.6175
99.6177
99.6167
99.6144
99.6740
99.7955
99.9788
100.2241
100.5312
100.9001
101.3310
101.8238
102.3858
103.0171
103.7177
104.4876
105.3267
106.2352
107.2129
108.2599
109.1811
109.9767
110.6465
111.1906
111.6090
111.9017
112.0687
112.1099
112.1603
112.2197
112.2883
112.3659
112.4526
112.5485
112.6534
112.7675
112.7973
112.7427
112.6039
112.3809
112.0735
111.6818
111.2059
110.6457
110.1503
109.7197
109.3538
109.0528
108.8165
108.6451
108.5384
108.4965
108.4571
108.4202
108.3857
108.3538
108.3242
108.2972
108.2726
108.2505
108.2263
108.2001
108.1718
108.1414
108.1090
108.0745
108.0379
107.9993
107.9954
108.0263
108.0919
108.1923
108.3274
108.4973
108.7019
108.9413
109.1597
109.3572
109.5337
109.6893
109.8239
109.9375
110.0302
110.1019
110.1811
110.2678
110.3619
110.4635
110.5726
110.6891
110.8131
110.9446
111.0538
111.1407
111.2053
111.2476
111.2676
111.2653
111.2408
111.1939
111.1502
111.1097
111.0723
111.0381
111.0070
110.9790
110.9542
110.9326
110.7318
110.3520
109.7931
109.0550
108.1379
107.0417
105.7663
104.3119
103.1038
102.1422
101.4268
100.9579
100.7353
100.7592
101.0293
101.5459
101.9136
102.1325
102.2025
102.1237
101.8961
101.5196
100.9943
100.3201
99.7766
99.3637
99.0815
98.9298
98.9089
99.0185
99.2587
99.6296
99.9201
100.1303
100.2600
100.3093
100.2783
100.1668
99.9750
99.7028
99.6865
99.9261
100.4217
101.1732
102.1807
103.4441
104.9634
106.7387
108.3627
109.8356
111.1572
112.3277
113.3470
114.2150
114.9319
115.4975
116.0201
116.4995
116.9359
117.3291
117.6792
117.9861
118.2500
118.4708
118.6685
118.8432
118.9950
119.1237
119.2294
119.3121
119.3717
119.4084
119.3409
119.1692
118.8934
118.5134
118.0292
117.4409
116.7484
115.9518
115.1781
114.4273
113.6995
112.9946
112.3126
111.6536
111.0175
110.4044
109.8620
109.3903
108.9893
108.6590
108.3995
108.2107
108.0926
108.0453
108.0223
108.0238
108.0497
108.1000
108.1748
108.2740
108.3976
108.5456
108.6998
108.8602
109.0268
109.1995
109.3784
109.5636
109.7548
109.9523
110.1242
110.2706
110.3913
110.4866
110.5562
110.6003
110.6188
110.6118
110.6458
110.7210
110.8372
110.9945
111.1930
111.4325
111.7131
112.0348
112.3310
112.6018
112.8471
113.0669
113.2612
113.4300
113.5734
113.6913
113.8173
113.9514
114.0935
114.2437
114.4019
114.5682
114.7426
114.9251
115.0796
115.2062
115.3049
115.3757
115.4185
115.4335
115.4205
115.3795
115.3179
115.2355
115.1324
115.0086
114.8641
114.6989
114.5129
114.3063
114.1858
114.1517
114.2037
114.3421
114.5666
114.8774
115.2745
115.7578
116.2108
116.6335
117.0258
117.3879
117.7196
118.0210
118.2920
118.5328
118.7769
119.0245
119.2755
119.5298
119.7876
120.0488
120.3134
120.5814
120.8701
121.1796
121.5099
121.8609
122.2328
122.6253
123.0387
123.4728
123.8694
124.2284
124.5500
124.8340
125.0805
125.2894
125.4609
125.5948
125.7399
125.8963
126.0639
126.2427
126.4327
126.6339
126.8464
127.0701
127.1303
127.0270
126.7602
126.3299
125.7361
124.9787
124.0579
122.9736
121.9695
121.0456
120.2018
119.4383
118.7550
118.1519
117.6290
117.1863
116.7983
116.4650
116.1866
115.9628
115.7938
115.6795
115.6200
115.6152
115.5614
115.4587
115.3070
115.1062
114.8565
114.5578
114.2102
113.8135
113.3468
112.8099
112.2030
111.5260
110.7790
109.9618
109.0746
108.1172
107.2685
106.5285
105.8970
105.3742
104.9600
104.6544
104.4574
104.3691
104.2484
104.0953
103.9098
103.6919
103.4417
103.1591
102.8441
102.4967
102.1755
101.8804
101.6115
101.3686
101.1520
100.9614
100.7970
100.6587
100.6295
100.7092
100.8980
101.1957
101.6025
102.1183
102.7431
103.4769
104.1773
104.8443
105.4779
106.0781
106.6448
107.1781
107.6781
108.1446
108.5273
108.8263
109.0416
109.1730
109.2207
109.1846
109.0648
108.8612
108.7529
108.7400
108.8224
109.0002
109.2733
109.6417
110.1054
110.6646
111.0953
111.3977
111.5717
111.6173
111.5346
111.3236
110.9841
110.5163
110.2473
110.1771
110.3058
110.6332
111.1594
111.8845
112.8083
113.9310
114.9123
115.7522
116.4507
117.0078
117.4236
117.6980
117.8310
117.8226
117.7538
117.6245
117.4348
117.1846
116.8739
116.5028
116.0712
115.5791
115.1184
114.6889
114.2907
113.9237
113.5881
113.2837
113.0106
112.7688
112.5662
112.4029
112.2788
112.1940
112.1484
112.1421
112.1750
112.2472
112.2556
112.2002
112.0811
111.8982
111.6515
111.3410
110.9668
110.5288
110.0474
109.5225
108.9543
108.3427
107.6876
106.9892
106.2473
105.4620
104.7947
104.2453
103.8139
103.5005
103.3050
103.2275
103.2679
103.4263
103.5787
103.7251
103.8656
104.0000
104.1285
104.2509
104.3674
104.4779
104.5659
104.6312
104.6740
104.6941
104.6917
104.6667
104.6192
104.5490
104.5114
104.5062
104.5335
104.5932
104.6855
104.8102
104.9674
105.1571
105.1980
105.0900
104.8332
104.4276
103.8732
103.1699
102.3178
101.3169
100.4665
99.7667
99.2174
98.8185
98.5702
98.4725
98.5252
98.7285
98.9631
99.2289
99.5260
99.8545
100.2142
100.6052
101.0274
101.4810
101.8487
102.1305
102.3265
102.4366
102.4609
102.3993
102.2518
102.0185
101.8691
101.8037
101.8223
101.9249
102.1115
102.3820
102.7365
103.1750
103.8499
104.7611
105.9087
107.2926
108.9130
110.7697
112.8627
115.1922
117.1357
118.6932
119.8648
120.6505
121.0502
121.0640
120.6919
119.9337
119.3750
119.0156
118.8555
118.8948
119.1335
119.5715
120.2089
121.0456
121.7199
122.2319
122.5816
122.7689
122.7939
122.6565
122.3567
121.8946
121.4549
121.0376
120.6427
120.2702
119.9201
119.5924
119.2871
119.0041
118.7553
118.5406
118.3599
118.2134
118.1009
118.0226
117.9783
117.9682
118.0379
118.1873
118.4167
118.7258
119.1147
119.5835
120.1321
120.7605
121.3350
121.8555
122.3221
122.7347
123.0934
123.3982
123.6490
123.8459
124.0645
124.3049
124.5670
124.8509
125.1566
125.4840
125.8332
126.2041
126.4188
126.4772
126.3794
126.1252
125.7148
125.1482
124.4253
123.5461
122.8270
122.2681
121.8692
121.6305
121.5519
121.6334
121.8750
122.2767
122.6357
122.9518
123.2251
123.4555
123.6432
123.7881
123.8901
123.9494
123.8556
123.6087
123.2088
122.6559
121.9498
121.0908
120.0787
118.9135
117.9359
117.1459
116.5436
116.1288
115.9016
115.8620
116.0100
116.3457
116.6148
116.8175
116.9538
117.0237
117.0271
116.9640
116.8345
116.6386
116.3498
115.9681
115.4937
114.9263
114.2662
113.5131
112.6673
111.7286
110.8059
109.8993
109.0087
108.1342
107.2757
106.4333
105.6069
104.7965
104.1616
103.7022
103.4181
103.3095
103.3763
103.6185
104.0362
104.6293
105.1913
105.7223
106.2223
106.6913
107.1292
107.5361
107.9119
108.2568
108.4720
108.5578
108.5140
108.3407
108.0378
107.6054
107.0435
106.3520
105.6532
104.9471
104.2337
103.5129
102.7848
102.0495
101.3068
100.5567
100.0118
99.6719
99.5370
99.6073
99.8825
100.3629
101.0483
101.9387
102.7306
103.4238
104.0183
104.5143
104.9116
105.2102
105.4103
105.5117
105.7646
106.1689
106.7247
107.4319
108.2906
109.3007
110.4623
111.7753
113.0457
114.2735
115.4586
116.6011
117.7010
118.7582
119.7728
120.7448
121.4305
121.8301
121.9434
121.7706
121.3116
120.5664
119.5349
118.2173
117.0371
115.9943
115.0889
114.3209
113.6902
113.1970
112.8412
112.6227
112.4679
112.3766
112.3489
112.3848
112.4843
112.6474
112.8741
113.1644
113.2666
113.1809
112.9072
112.4455
111.7957
110.9580
109.9323
108.7186
107.6704
106.7876
106.0702
105.5183
105.1318
104.9107
104.8551
104.9650
105.0956
105.2469
105.4190
105.6118
105.8254
106.0598
106.3149
106.5908
106.8252
107.0183
107.1699
107.2802
107.3490
107.3764
107.3624
107.3071
107.4420
107.7673
108.2828
108.9887
109.8849
110.9714
112.2482
113.7154
115.0103
116.1331
117.0837
117.8621
118.4683
118.9023
119.1642
119.2538
119.6828
120.4510
121.5586
123.0054
124.7915
126.9169
129.3816
132.1856
134.5291
136.4120
137.8344
138.7963
139.2977
139.3385
138.9188
138.0386
137.2035
136.4137
135.6690
134.9695
134.3151
133.7060
133.1420
132.6232
132.0962
131.5610
131.0176
130.4661
129.9063
129.3384
128.7622
128.1779
127.3975
126.4211
125.2487
123.8802
122.3157
120.5552
118.5986
116.4460
114.5952
113.0460
111.7986
110.8529
110.2089
109.8666
109.8260
110.0872
110.3085
110.4898
110.6312
110.7327
110.7943
110.8159
110.7977
110.7395
110.6527
110.5373
110.3933
110.2207
110.0195
109.7896
109.5312
109.2441
108.9446
108.6326
108.3081
107.9712
107.6217
107.2598
106.8854
106.4986
106.0149
105.4346
104.7574
103.9835
103.1129
102.1455
101.0814
99.9205
98.9324
98.1173
97.4750
97.0056
96.7091
96.5854
96.6347
96.8568
97.0443
97.1972
97.3155
97.3991
97.4482
97.4626
97.4424
97.3876
97.3826
97.4273
97.5217
97.6659
97.8598
98.1035
98.3969
98.7401
99.0649
99.3713
99.6593
99.9289
100.1802
100.4130
100.6275
100.8236
101.0097
101.1860
101.3522
101.5086
101.6550
101.7915
101.9180
102.0346
102.1422
102.2408
102.3304
102.4110
102.4825
102.5451
102.5987
102.6432
102.6604
102.6502
102.6127
102.5478
102.4556
102.3360
102.1890
102.0147
101.9233
101.9149
101.9893
102.1467
102.3869
102.7101
103.1162
103.6053
104.0463
104.4394
104.7846
105.0818
105.3311
105.5323
105.6857
105.7911
105.8945
105.9961
106.0957
106.1934
106.2891
106.3830
106.4749
106.5649
106.7233
106.9500
107.2452
107.6087
108.0405
108.5408
109.1094
109.7464
110.2637
110.6614
110.9393
111.0976
111.1362
111.0552
110.8544
110.5340
110.2901
110.1228
110.0320
110.0177
110.0801
110.2189
110.4344
110.7263
111.0513
111.4094
111.8005
112.2247
112.6819
113.1722
113.6955
114.2519
114.7024
115.0470
115.2857
115.4185
115.4455
115.3665
115.1817
114.8910
114.7127
114.6468
114.6934
114.8524
115.1238
115.5076
116.0039
116.6126
117.0866
117.4260
117.6307
117.7008
117.6362
117.4369
117.1030
116.6345
116.2014
115.8038
115.4417
115.1151
114.8240
114.5684
114.3483
114.1636
114.0574
114.0294
114.0798
114.2086
114.4157
114.7012
115.0650
115.5071
115.9401
116.3637
116.7782
117.1833
117.5793
117.9659
118.3434
118.7116
118.9166
118.9585
118.8372
118.5527
118.1051
117.4943
116.7203
115.7832
114.9173
114.1225
113.3988
112.7464
112.1651
111.6549
111.2159
110.8481
110.4839
110.1235
109.7667
109.4136
109.0642
108.7185
108.3765
108.0381
107.8689
107.8687
108.0377
108.3757
108.8829
109.5591
110.4044
111.4188
112.5019
113.6538
114.8743
116.1635
117.5214
118.9480
120.4433
122.0073
123.4739
124.8430
126.1147
127.2889
128.3657
129.3450
130.2269
131.0113
131.6071
132.0144
132.2330
132.2631
132.1046
131.7575
131.2218
130.4975
129.8366
129.2392
128.7053
128.2348
127.8278
127.4842
127.2041
126.9875
126.6159
126.0895
125.4081
124.5718
123.5805
122.4344
121.1333
119.6773
118.2952
116.9869
115.7526
114.5920
113.5054
112.4926
111.5537
110.6886
110.0015
109.4923
109.1610
109.0077
109.0323
109.2347
109.6152
110.1735
110.5978
110.8882
111.0445
111.0669
110.9552
110.7096
110.3299
109.8162
109.2979
108.7747
108.2469
107.7143
107.1770
106.6349
106.0882
105.5366
104.9567
104.3484
103.7118
103.0467
102.3532
101.6314
100.8811
100.1025
99.4048
98.7881
98.2524
97.7976
97.4239
97.1310
96.9192
96.7883
96.6689
96.5610
96.4646
96.3797
96.3063
96.2443
96.1939
96.1550
96.2787
96.5650
97.0140
97.6255
98.3997
99.3366
100.4360
101.6981
102.8214
103.8058
104.6514
105.3582
105.9262
106.3553
106.6456
106.7971
107.0522
107.4107
107.8728
108.4385
109.1076
109.8803
110.7566
111.7363
112.6117
113.3826
114.0492
114.6114
115.0691
115.4225
115.6715
115.8160
116.0694
116.4316
116.9025
117.4823
118.1709
118.9683
119.8745
120.8895
121.8848
122.8604
123.8162
124.7524
125.6689
126.5657
127.4427
128.3001
129.0109
129.5753
129.9931
130.2644
130.3892
130.3674
130.1992
129.8844
129.6018
129.3512
129.1327
128.9463
128.7920
128.6698
128.5798
128.5218
128.5300
128.6046
128.7454
128.9525
129.2258
129.5655
129.9714
130.4436
130.7004
130.7420
130.5682
130.1791
129.5748
128.7550
127.7200
126.4697
125.3296
124.2997
123.3801
122.5708
121.8716
121.2827
120.8041
120.4357
120.1133
119.8369
119.6066
119.4223
119.2841
119.1919
119.1457
119.1455
119.0453
118.8449
118.5444
118.1439
117.6432
117.0424
116.3416
115.5406
114.6190
113.5766
112.4136
111.1299
109.7254
108.2003
106.5545
104.7881
103.1752
101.7159
100.4103
99.2582
98.2598
97.4149
96.7237
96.1861
95.4607
94.5476
93.4467
92.1581
90.6818
89.0177
87.1658
85.1262
83.3524
81.8443
80.6020
79.6255
78.9148
78.4699
78.2907
78.3774
78.4521
78.5151
78.5662
78.6055
78.6330
78.6487
78.6525
78.6444
78.6030
78.5281
78.4198
78.2781
78.1029
77.8943
77.6523
77.3768
77.2257
77.1990
77.2967
77.5188
77.8652
78.3360
78.9313
79.6509
80.4252
81.2542
82.1380
83.0766
84.0698
85.1178
86.2206
87.3780
88.3517
89.1417
89.7479
90.1703
90.4090
90.4639
90.3350
90.0224
90.0351
90.3731
91.0363
92.0247
93.3385
94.9775
96.9418
99.2313
101.2785
103.0833
104.6457
105.9657
107.0433
107.8786
108.4714
108.8219
109.2521
109.7619
110.3514
111.0206
111.7694
112.5980
113.5062
114.4941
115.4163
116.2730
117.0641
117.7896
118.4495
119.0438
119.5724
120.0355
120.6218
121.3313
122.1641
123.1200
124.1992
125.4016
126.7272
128.1761
129.6493
131.1469
132.6690
134.2154
135.7863
137.3815
139.0012
140.6452
142.3652
144.1610
146.0328
147.9805
150.0042
152.1037
154.2792
156.5306
158.5298
160.2771
161.7722
163.0152
164.0062
164.7451
165.2318
165.4665
165.7124
165.9693
166.2373
166.5164
166.8066
167.1079
167.4203
167.7438
167.9541
168.0510
168.0346
167.9050
167.6621
167.3058
166.8363
166.2535
165.6223
164.9427
164.2146
163.4382
162.6133
161.7401
160.8184
159.8483
158.7286
157.4593
156.0404
154.4719
152.7538
150.8860
148.8687
146.7017
144.6123
142.6004
140.6660
138.8091
137.0298
135.3280
133.7038
132.1570
130.5942
129.0151
127.4200
125.8087
124.1813
122.5377
120.8780
119.2022
117.5034
115.7817
114.0369
112.2693
110.4786
108.6650
106.8284
104.9689
103.2059
101.5393
99.9693
98.4957
97.1186
95.8381
94.6540
93.5664
92.4961
91.4431
90.4074
89.3889
88.3878
87.4039
86.4373
85.4880
84.5993
83.7713
83.0039
82.2971
81.6510
81.0655
80.5406
80.0764
79.6401
79.2318
78.8513
78.4988
78.1742
77.8776
77.6088
77.3680
77.0982
76.7995
76.4718
76.1151
75.7294
75.3148
74.8712
74.3986
73.8889
73.3420
72.7579
72.1366
71.4782
70.7825
70.0498
69.2798
68.5790
67.9474
67.3850
66.8918
66.4678
66.1130
65.8273
65.6109
65.3546
65.0584
64.7223
64.3464
63.9307
63.4750
62.9795
62.4442
61.9879
61.6106
61.3124
61.0932
60.9531
60.8920
60.9100
61.0070
61.1805
61.4306
61.7572
62.1603
62.6400
63.1962
63.8289
64.5382
65.1933
65.7945
66.3415
66.8346
67.2735
67.6584
67.9892
68.2660
68.8239
69.6629
70.7831
72.1843
73.8667
75.8303
78.0749
80.6007
83.3686
86.3786
89.6307
93.1250
96.8615
100.8400
105.0607
109.5235
114.2236
119.1609
124.3355
129.7473
135.3964
141.2827
147.4062
153.7671
159.5703
164.8161
169.5044
173.6351
177.2083
180.2240
182.6821
184.5827
186.3315
187.9283
189.3732
190.6661
191.8072
192.7964
193.6336
194.3190
194.8171
195.1280
195.2518
195.1884
194.9377
194.4999
193.8749
193.0626
192.4172
191.9386
191.6268
191.4818
191.5036
191.6922
192.0476
192.5698
193.3859
194.4959
195.8999
197.5979
199.5897
201.8755
204.4552
207.3289
209.5295
211.0571
211.9117
212.0933
211.6019
210.4375
208.6000
206.0895
203.5402
200.9519
198.3246
195.6585
192.9534
190.2094
187.4265
184.6046
181.5074
178.1348
174.4869
170.5636
166.3650
161.8910
157.1416
152.1169
147.2318
142.4863
137.8805
133.4143
129.0877
124.9008
120.8535
116.9458
113.0942
109.2987
105.5594
101.8761
98.2489
94.6778
91.1629
87.7040
84.5666
81.7507
79.2563
77.0834
75.2320
73.7020
72.4936
71.6066
70.5868
69.4342
68.1487
66.7304
65.1792
63.4952
61.6784
59.7287
57.9091
56.2196
54.6601
53.2306
51.9312
50.7619
49.7226
48.8133
47.9642
47.1750
46.4460
45.7770
45.1681
44.6192
44.1305
43.7017
43.1598
42.5047
41.7363
40.8547
39.8600
38.7520
37.5308
36.1964
35.0727
34.1597
33.4574
32.9658
32.6849
32.6147
32.7551
33.1063
33.3739
33.5580
33.6585
33.6755
33.6089
33.4588
33.2251
32.9079
32.7331
32.7006
32.8105
33.0628
33.4575
33.9945
34.6739
35.4957
36.2926
37.0645
37.8115
38.5335
39.2305
39.9026
40.5498
41.1720
42.2061
43.6521
45.5100
47.7798
50.4615
53.5551
57.0606
60.9780
64.8202
68.5872
72.2791
75.8958
79.4374
82.9037
86.2949
89.6110
93.1568
96.9324
100.9378
105.1730
109.6380
114.3328
119.2574
124.4118
129.4501
134.3723
139.1784
143.8684
148.4423
152.9002
157.2419
161.4675
165.0943
168.1223
170.5516
172.3820
173.6137
174.2466
174.2807
173.7160
173.1004
172.4340
171.7166
170.9484
170.1294
169.2594
168.3386
167.3669
166.2760
165.0660
163.7368
162.2884
160.7208
159.0341
157.2282
155.3032
153.5374
151.9310
150.4839
149.1960
148.0675
147.0983
146.2884
145.6378
144.6486
143.3207
141.6542
139.6491
137.3054
134.6230
131.6020
128.2423
125.0181
121.9294
118.9761
116.1583
113.4760
110.9291
108.5177
106.2417
103.7338
100.9940
98.0223
94.8187
91.3832
87.7157
83.8163
79.6850
76.2931
73.6405
71.7273
70.5535
70.1191
70.4240
71.4684
73.2520
77.3134
83.6525
92.2693
103.1639
111.5945
117.5612
121.0640
122.1030
122.9929
123.7339
124.3259
124.7689
125.0629
125.2079
125.2040
125.0511
124.9098
124.7801
124.6620
124.5555
124.4607
124.3774
124.3058
124.2458
124.2093
124.1965
124.2072
124.2415
124.2994
124.3808
124.4859
124.6145
124.7380
124.8565
124.9699
125.0782
125.1815
125.2797
125.3728
125.4609
125.5494
125.6384
125.7278
125.8177
125.9080
125.9988
126.0900
126.1817
126.2737
126.3661
126.4589
126.5520
126.6455
126.7394
126.8336
126.9282
127.0232
127.1186
127.2145
127.3107
127.4074
127.5046
127.6021
127.7001
127.7985
127.8974
127.9967
128.0965
128.1967
128.2973
128.3984
128.4999
128.6019
128.7042
128.8070
128.9103
129.0139
129.1180
129.2226
129.3275
129.4326
129.5378
129.6431
129.7485
129.8541
129.9597
130.0655
130.1714
130.2782
130.3857
130.4940
130.6031
130.7130
130.8238
130.9353
131.0476
131.1652
131.2881
131.4162
131.5496
131.6882
131.8322
131.9814
132.1358
132.2745
132.3974
132.5046
132.5960
132.6716
132.7315
132.7756
132.8040
132.7015
132.4683
132.1043
131.6095
130.9839
130.2276
129.3404
128.3225
127.3364
126.3821
125.4597
124.5691
123.7103
122.8833
122.0881
121.3248
120.5418
119.7393
118.9171
118.0753
117.2139
116.3329
115.4323
114.5121
113.6833
112.9461
112.3002
111.7459
111.2830
110.9116
110.6317
110.4432
110.1027
109.6101
108.9655
108.1689
107.2202
106.1195
104.8667
103.4618
102.2295
101.1696
100.2822
99.5673
99.0248
98.6549
98.4574
98.4324
98.3650
98.2553
98.1033
97.9089
97.6722
97.3931
97.0718
96.7080
96.4751
96.3728
96.4014
96.5607
96.8507
97.2715
97.8231
98.5054
99.1863
99.8658
100.5438
101.2204
101.8956
102.5693
103.2417
103.9126
104.3398
104.5234
104.4632
104.1594
103.6120
102.8208
101.7860
100.5075
99.2456
98.0003
96.7716
95.5595
94.3639
93.1850
92.0227
90.8770
89.7633
88.6818
87.6322
86.6148
85.6293
84.6760
83.7547
82.8655
82.1454
81.5945
81.2128
81.0002
80.9567
81.0825
81.3773
81.8414
82.2550
82.6182
82.9309
83.1932
83.4050
83.5665
83.6774
83.7380
83.8402
83.9841
84.1697
84.3969
84.6658
84.9764
85.3287
85.7227
86.1221
86.5268
86.9369
87.3524
87.7733
88.1996
88.6313
89.0684
89.4917
89.9012
90.2970
90.6791
91.0474
91.4019
91.7427
92.0697
92.5332
93.1333
93.8698
94.7429
95.7524
96.8985
98.1811
99.6001
101.0694
102.5887
104.1581
105.7777
107.4474
109.1673
110.9372
112.7573
114.4118
115.9007
117.2241
118.3818
119.3740
120.2006
120.8616
121.3570
121.8542
122.3532
122.8541
123.3567
123.8612
124.3675
124.8755
125.3854
125.8374
126.2315
126.5676
126.8458
127.0662
127.2286
127.3330
127.3796
127.4945
127.6778
127.9295
128.2495
128.6379
129.0946
129.6197
130.2132
131.2434
132.7103
134.6140
136.9544
139.7316
142.9455
146.5961
150.6835
154.1297
156.9347
159.0985
160.6211
161.5024
161.7426
161.3416
160.2994
159.2134
158.0835
156.9098
155.6923
154.4310
153.1258
151.7768
150.3840
149.0478
147.7682
146.5453
145.3791
144.2694
143.2164
142.2201
141.2803
140.2069
138.9999
137.6591
136.1846
134.5765
132.8347
130.9591
128.9500
127.0698
125.3186
123.6963
122.2031
120.8389
119.6037
118.4975
117.5202
116.5514
115.5911
114.6391
113.6956
112.7605
111.8338
110.9156
110.0058
109.0773
108.1300
107.1641
106.1795
105.1762
104.1542
103.1135
102.0541
101.1097
100.2804
99.5662
98.9669
98.4828
98.1137
97.8596
97.7206
97.4229
96.9666
96.3516
95.5780
94.6457
93.5547
92.3051
90.8969
89.6722
88.6310
87.7734
87.0993
86.6088
86.3018
86.1783
86.2384
86.2478
86.2065
86.1146
85.9720
85.7787
85.5348
85.2402
84.8949
84.5306
84.1472
83.7447
83.3231
82.8825
82.4229
81.9441
81.4463
80.9238
80.3765
79.8045
79.2077
78.5863
77.9400
77.2691
76.5734
76.0202
75.6095
75.3412
75.2155
75.2322
75.3914
75.6931
76.1373
76.6631
77.2703
77.9591
78.7295
79.5814
80.5149
81.5298
82.6264
84.0428
85.7790
87.8350
90.2109
92.9067
95.9223
99.2577
102.9130
106.6539
110.4805
114.3928
118.3908
122.4745
126.6438
130.8988
135.2395
139.2681
142.9846
146.3891
149.4814
152.2617
154.7298
156.8859
158.7299
160.5312
162.2898
164.0056
165.6787
167.3090
168.8967
170.4416
171.9437
173.2859
174.4681
175.4903
176.3524
177.0546
177.5968
177.9790
178.2012
177.9239
177.1473
175.8712
174.0957
171.8207
169.0464
165.7726
161.9994
158.9613
156.6583
155.0905
154.2578
154.1603
154.7978
156.1705
158.2784
159.4679
159.7392
159.0923
157.5270
155.0435
151.6417
147.3217
142.0834
137.3514
133.1258
129.4065
126.1936
123.4870
121.2867
119.5928
118.4052
117.3151
116.3225
115.4273
114.6296
113.9294
113.3266
112.8213
112.4135
111.8187
111.0369
110.0681
108.9124
107.5697
106.0400
104.3234
102.4197
100.4214
98.3284
96.1407
93.8583
91.4812
89.0095
86.4430
83.7819
81.4351
79.4026
77.6845
76.2808
75.1915
74.4165
73.9558
73.8096
73.5090
73.0541
72.4448
71.6813
70.7635
69.6913
68.4648
67.0840
65.8703
64.8237
63.9442
63.2317
62.6863
62.3080
62.0967
62.0526
62.2640
62.7311
63.4539
64.4322
65.6662
67.1558
68.9011
70.9020
73.1044
75.5084
78.1140
80.9211
83.9298
87.1400
90.5519
94.1652
97.2602
99.8367
101.8948
103.4345
104.4557
104.9585
104.9429
104.4088
104.0657
103.9137
103.9526
104.1825
104.6034
105.2153
106.0182
107.0121
107.8328
108.4804
108.9548
109.2561
109.3843
109.3392
109.1211
108.7298
108.4807
108.3739
108.4094
108.5872
108.9073
109.3696
109.9742
110.7211
111.4810
112.2539
113.0398
113.8387
114.6506
115.4755
116.3134
117.1643
117.8890
118.4874
