113.9968
113.9337
113.8450
113.7307
113.5909
113.4255
113.2683
113.1194
112.9787
112.8462
112.7219
112.6059
112.4981
112.3985
112.2623
112.0897
111.8804
111.6347
111.3524
111.0335
110.6781
110.2862
109.9585
109.6950
109.4958
109.3608
109.2901
109.2835
109.3413
109.4633
109.5317
109.5465
109.5077
109.4153
109.2694
109.0698
108.8167
108.5100
108.2017
107.8918
107.5802
107.2670
106.9522
106.6358
106.3177
105.9980
105.7088
105.4499
105.2215
105.0235
104.8559
104.7187
104.6120
104.5356
104.4778
104.4385
104.4177
104.4155
104.4317
104.4665
104.5198
104.5916
104.6028
104.5534
104.4433
104.2726
104.0412
103.7492
103.3965
102.9833
102.5364
102.0560
101.5421
100.9946
100.4136
99.7990
99.1508
98.4691
97.8796
97.3821
96.9768
96.6636
96.4426
96.3136
96.2768
96.3321
96.3645
96.3739
96.3603
96.3238
96.2643
96.1819
96.0765
95.9482
95.8751
95.8574
95.8950
95.9879
96.1361
96.3397
96.5985
96.9126
97.1663
97.3593
97.4919
97.5639
97.5753
97.5263
97.4166
97.2465
97.5598
98.3565
99.6367
101.4003
103.6474
106.3779
109.5919
113.2893
116.4982
119.2184
121.4502
123.1933
124.4479
125.2139
125.4914
125.2803
125.0940
124.9325
124.7958
124.6839
124.5968
124.5345
124.4970
124.4843
124.4374
124.3563
124.2409
124.0913
123.9075
123.6895
123.4372
123.1507
122.9209
122.7477
122.6311
122.5712
122.5680
122.6214
122.7314
122.8981
123.0424
123.1642
123.2636
123.3405
123.3950
123.4271
123.4367
123.4239
123.3049
123.0796
122.7481
122.3104
121.7665
121.1164
120.3600
119.4974
118.7958
118.2550
117.8751
117.6562
117.5982
117.7010
117.9648
118.3895
118.7050
118.9112
119.0081
118.9958
118.8743
118.6434
118.3034
117.8541
117.5222
117.3078
117.2108
117.2313
117.3692
117.6246
117.9974
118.4877
118.7538
118.7959
118.6138
118.2077
117.5774
116.7230
115.6445
114.3419
113.1976
112.2115
111.3836
110.7141
110.2028
109.8498
109.6550
109.6185
109.5961
109.5879
109.5938
109.6138
109.6479
109.6962
109.7586
109.8352
109.7767
109.5832
109.2547
108.7911
108.1926
107.4590
106.5903
105.5867
104.7478
104.0738
103.5645
103.2200
103.0403
103.0253
103.1752
103.4898
103.7416
103.9305
104.0565
104.1196
104.1198
104.0572
103.9317
103.7433
103.5592
103.3795
103.2042
103.0332
102.8665
102.7042
102.5463
102.3927
102.3058
102.2856
102.3322
102.4454
102.6254
102.8721
103.1855
103.5656
103.7619
103.7745
103.6032
103.2482
102.7093
101.9867
101.0803
99.9901
99.0689
98.3167
97.7334
97.3192
97.0739
96.9976
97.0903
97.3519
97.5363
97.6435
97.6733
97.6259
97.5013
97.2994
97.0202
96.6637
96.3808
96.1715
96.0358
95.9736
95.9850
96.0700
96.2286
96.4607
96.5750
96.5714
96.4499
96.2106
95.8533
95.3782
94.7853
94.0745
94.1189
94.9186
96.4737
98.7840
101.8495
105.6704
110.2466
115.5780
120.0559
123.6803
126.4511
128.3684
129.4322
129.6424
128.9992
127.5023
126.2569
125.2629
124.5203
124.0290
123.7891
123.8007
124.0636
124.5779
124.9684
125.2351
125.3779
125.3970
125.2923
125.0637
124.7114
124.2352
123.7899
123.3755
122.9919
122.6392
122.3174
122.0264
121.7663
121.5370
121.3627
121.2432
121.1786
121.1690
121.2142
121.3143
121.4693
121.6791
121.7608
121.7143
121.5395
121.2365
120.8053
120.2459
119.5582
118.7424
117.9115
117.0655
116.2046
115.3286
114.4376
113.5315
112.6105
111.6744
110.8785
110.2228
109.7072
109.3319
109.0967
109.0018
109.0470
109.2324
109.3846
109.5037
109.5895
109.6421
109.6615
109.6478
109.6008
109.5206
109.4662
109.4374
109.4343
109.4569
109.5052
109.5792
109.6789
109.8043
109.9055
109.9825
110.0353
110.0640
110.0685
110.0488
110.0049
109.9368
109.8303
109.6852
109.5018
109.2798
109.0193
108.7204
108.3830
108.0071
107.6963
107.4504
107.2695
107.1537
107.1028
107.1169
107.1961
107.3402
107.4355
107.4818
107.4793
107.4279
107.3276
107.1783
106.9802
106.7333
106.5301
106.3708
106.2554
106.1838
106.1561
106.1722
106.2322
106.3360
106.4057
106.4413
106.4427
106.4101
106.3433
106.2424
106.1073
105.9382
105.7749
105.6174
105.4658
105.3201
105.1802
105.0462
104.9180
104.7956
104.6679
104.5346
104.3960
104.2518
104.1023
103.9473
103.7868
103.6209
103.4887
103.3902
103.3253
103.2942
103.2967
103.3329
103.4027
103.5063
103.6463
103.8227
104.0357
104.2851
104.5710
104.8933
105.2522
105.6474
105.9055
106.0262
106.0097
105.8559
105.5649
105.1366
104.5710
103.8681
103.2446
102.7004
102.2355
101.8499
101.5436
101.3166
101.1690
101.1007
101.1505
101.3185
101.6046
102.0089
102.5314
103.1720
103.9308
104.8077
105.9327
107.3058
108.9269
110.7962
112.9135
115.2789
117.8923
120.7539
123.1453
125.0665
126.5177
127.4987
128.0095
128.0503
127.6209
126.7213
126.0458
125.5942
125.3666
125.3630
125.5834
126.0277
126.6961
127.5884
128.3317
128.9259
129.3711
129.6673
129.8145
129.8126
129.6617
129.3617
129.0527
128.7346
128.4074
128.0711
127.7257
127.3712
127.0076
126.6350
126.2865
125.9624
125.6624
125.3867
125.1352
124.9079
124.7048
124.5260
124.4573
124.4987
124.6502
124.9118
125.2835
125.7653
126.3572
127.0592
127.3965
127.3690
126.9767
126.2197
125.0980
123.6115
121.7602
119.5442
117.6947
116.2118
115.0954
114.3455
113.9622
113.9454
114.2951
115.0114
115.5649
115.9556
116.1835
116.2486
116.1510
115.8905
115.4672
114.8812
114.3237
113.7947
113.2941
112.8221
112.3786
111.9636
111.5771
111.2192
110.9235
110.6902
110.5191
110.4104
110.3640
110.3799
110.4581
110.5987
110.7523
110.9190
111.0988
111.2917
111.4976
111.7166
111.9487
112.1939
112.1942
111.9498
111.4605
110.7264
109.7475
108.5237
107.0551
105.3418
103.7829
102.3786
101.1289
100.0337
99.0931
98.3070
97.6754
97.1984
96.8016
96.4850
96.2485
96.0922
96.0160
96.0200
96.1042
96.2685
96.4218
96.5639
96.6949
96.8148
96.9235
97.0211
97.1077
97.1831
97.2560
97.3265
97.3946
97.4602
97.5233
97.5841
97.6423
97.6982
97.7549
97.8125
97.8710
97.9303
97.9906
98.0517
98.1137
98.1766
98.2396
98.3025
98.3655
98.4284
98.4914
98.5544
98.6174
98.6805
98.7436
98.8069
98.8702
98.9336
98.9972
99.0608
99.1246
99.1884
99.2497
99.3085
99.3648
99.4186
99.4699
99.5187
99.5650
99.6088
99.6617
99.7237
99.7948
99.8751
99.9645
100.0631
100.1708
100.2876
100.3920
100.4841
100.5638
100.6311
100.6861
100.7287
100.7589
100.7767
100.7220
100.5946
100.3946
100.1219
99.7766
99.3587
98.8681
98.3050
97.6960
97.0412
96.3407
95.5944
94.8023
93.9644
93.0807
92.1512
91.6430
91.5559
91.8899
92.6452
93.8217
95.4193
97.4382
99.8782
102.2983
104.6985
107.0788
109.4391
111.7796
114.1002
116.4008
118.6816
120.5917
122.1311
123.3000
124.0982
124.5257
124.5827
124.2690
123.5846
122.9833
122.4651
122.0299
121.6777
121.4087
121.2226
121.1196
121.0997
121.0306
120.9123
120.7449
120.5284
120.2627
119.9479
119.5839
119.1708
118.8286
118.5574
118.3572
118.2279
118.1696
118.1822
118.2658
118.4203
118.5339
118.6064
118.6380
118.6285
118.5780
118.4865
118.3540
118.1805
118.0366
117.9223
117.8376
117.7825
117.7570
117.7612
117.7949
117.8582
117.7919
117.5960
117.2704
116.8151
116.2302
115.5157
114.6715
113.6977
112.9951
112.5638
112.4037
112.5149
112.8974
113.5511
114.4761
115.6724
116.6702
117.4695
118.0704
118.4728
118.6767
118.6822
118.4892
118.0978
117.6511
117.1493
116.5923
115.9802
115.3128
114.5903
113.8126
112.9797
112.2368
111.5838
111.0208
110.5477
110.1646
109.8715
109.6682
109.5550
109.4141
109.2457
109.0496
108.8260
108.5748
108.2960
107.9896
107.6557
107.3996
107.2216
107.1214
107.0993
107.1550
107.2888
107.5004
107.7900
108.0532
108.2899
108.5001
108.6839
108.8412
108.9721
109.0765
109.1544
109.2349
109.3181
109.4040
109.4924
109.5835
109.6773
109.7737
109.8727
109.9437
109.9867
110.0017
109.9887
109.9478
109.8788
109.7819
109.6569
109.5378
109.4246
109.3173
109.2159
109.1203
109.0307
108.9469
108.8689
108.8103
108.7708
108.7507
108.7497
108.7680
108.8056
108.8624
108.9384
108.9298
108.8365
108.6586
108.3960
108.0487
107.6168
107.1002
106.4989
105.8886
105.2692
104.6407
104.0032
103.3566
102.7010
102.0362
101.3624
100.8404
100.4701
100.2516
100.1848
100.2697
100.5064
100.8949
101.4351
101.8760
102.2176
102.4599
102.6029
102.6466
102.5910
102.4361
102.1819
102.0415
102.0149
102.1021
102.3031
102.6179
103.0465
103.5889
104.2451
104.7989
105.2503
105.5993
105.8459
105.9902
106.0320
105.9714
105.8084
105.5999
105.3458
105.0462
104.7010
104.3103
103.8740
103.3921
102.8647
102.7178
102.9512
103.5652
104.5596
105.9344
107.6896
109.8253
112.3415
114.7661
117.0992
119.3407
121.4907
123.5491
125.5161
127.3914
129.1753
130.6853
131.9215
132.8839
133.5724
133.9872
134.1281
133.9953
133.5886
133.1344
132.6327
132.0835
131.4869
130.8427
130.1511
129.4120
128.6254
127.9925
127.5135
127.1881
127.0166
126.9988
127.1347
127.4244
127.8679
128.2485
128.5661
128.8209
129.0128
129.1418
129.2079
129.2111
129.1514
129.0421
128.8834
128.6751
128.4173
128.1099
127.7531
127.3467
126.8908
126.3531
125.7335
125.0322
124.2490
123.3840
122.4372
121.4086
120.2981
119.2846
118.3681
117.5484
116.8258
116.2000
115.6713
115.2394
114.9045
114.5784
114.2611
113.9526
113.6529
113.3619
113.0798
112.8065
112.5419
112.3225
112.1481
112.0188
111.9347
111.8956
111.9016
111.9527
112.0489
112.1373
112.2177
112.2902
112.3549
112.4116
112.4605
112.5015
112.5346
112.5161
112.4461
112.3245
112.1514
111.9268
111.6506
111.3228
110.9435
110.5842
110.2450
109.9258
109.6267
109.3477
109.0887
108.8498
108.6309
108.4331
108.2564
108.1007
107.9662
107.8527
107.7604
107.6891
107.6389
107.5734
107.4927
107.3967
107.2855
107.1590
107.0172
106.8602
106.6879
106.5126
106.3344
106.1533
105.9692
105.7822
105.5922
105.3993
105.2035
105.0019
104.7946
104.5816
104.3629
104.1384
103.9082
103.6723
103.4307
103.2116
103.0150
102.8410
102.6896
102.5607
102.4543
102.3705
102.3092
102.2361
102.1511
102.0543
101.9456
101.8251
101.6928
101.5486
101.3925
101.2825
101.2186
101.2007
101.2289
101.3032
101.4235
101.5899
101.8023
101.9339
101.9848
101.9550
101.8443
101.6529
101.3808
101.0278
100.5941
100.1775
99.7779
99.3953
99.0298
98.6813
98.3499
98.0355
97.7382
97.4507
97.1731
96.9054
96.6475
96.3996
96.1614
95.9332
95.7148
95.4544
95.1520
94.8076
94.4212
93.9928
93.5224
93.0100
92.4556
92.2947
92.5272
93.1531
94.1725
95.5853
97.3916
99.5913
102.1845
104.5661
106.7363
108.6949
110.4420
111.9775
113.3016
114.4142
115.3152
116.0996
116.7675
117.3188
117.7535
118.0716
118.2731
118.3581
118.3264
118.2911
118.2519
118.2090
118.1624
118.1120
118.0579
118.0000
117.9383
117.9059
117.9025
117.9284
117.9833
118.0675
118.1808
118.3232
118.4948
118.6732
118.8583
119.0502
119.2488
119.4542
119.6663
119.8852
120.1108
120.1800
120.0928
119.8492
119.4492
118.8927
118.1798
117.3105
116.2848
115.3220
114.4221
113.5852
112.8111
112.1000
111.4519
110.8666
110.3443
109.9701
109.7439
109.6659
109.7359
109.9541
110.3203
110.8346
111.4970
112.0004
112.3446
112.5297
112.5558
112.4227
112.1306
111.6794
111.0690
110.5890
110.2392
110.0196
109.9303
109.9713
110.1425
110.4440
110.8757
111.2381
111.5310
111.7546
111.9087
111.9935
112.0089
111.9548
111.8314
111.7124
111.5977
111.4874
111.3816
111.2801
111.1830
111.0903
111.0019
110.9855
111.0409
111.1682
111.3674
111.6385
111.9815
112.3963
112.8830
113.1454
113.1834
112.9971
112.5864
111.9513
111.0919
110.0081
108.7000
107.4943
106.3911
105.3904
104.4920
103.6962
103.0028
102.4119
101.9234
101.5159
101.1894
100.9438
100.7792
100.6957
100.6930
100.7714
100.9308
100.9445
100.8126
100.5351
100.1119
99.5431
98.8287
97.9687
96.9630
96.2090
95.7068
95.4562
95.4574
95.7102
96.2148
96.9710
97.9789
98.8215
99.4988
100.0107
100.3573
100.5385
100.5544
100.4050
100.0902
99.8903
99.8053
99.8351
99.9799
100.2395
100.6140
101.1034
101.7076
102.2270
102.6616
103.0113
103.2761
103.4560
103.5511
103.5614
103.4867
103.3921
103.2774
103.1428
102.9881
102.8134
102.6187
102.4039
102.1692
101.9218
101.6617
101.3890
101.1036
100.8056
100.4949
100.1716
99.8356
99.5644
99.3579
99.2163
99.1394
99.1273
99.1800
99.2974
99.4796
99.9179
100.6124
101.5630
102.7697
104.2325
105.9514
107.9265
110.1577
112.3522
114.5101
116.6313
118.7159
120.7639
122.7752
124.7498
126.6878
128.3464
129.7256
130.8254
131.6458
132.1868
132.4483
132.4305
132.1333
131.7806
131.3724
130.9089
130.3898
129.8154
129.1855
128.5001
127.7593
127.1331
126.6215
126.2246
125.9422
125.7744
125.7213
125.7827
125.9588
126.0841
126.1588
126.1829
126.1562
126.0789
125.9510
125.7723
125.5430
125.2339
124.8450
124.3763
123.8278
123.1996
122.4915
121.7037
120.8361
119.9973
119.1874
118.4063
117.6541
116.9307
116.2361
115.5704
114.9335
114.3850
113.9247
113.5528
113.2692
113.0739
112.9669
112.9482
113.0178
113.1779
113.4285
113.7696
114.2012
114.7232
115.3358
116.0388
116.8323
117.5160
118.0899
118.5539
118.9082
119.1526
119.2871
119.3119
119.2268
119.1188
118.9878
118.8340
118.6572
118.4574
118.2347
117.9891
117.7206
117.4706
117.2391
117.0262
116.8318
116.6559
116.4985
116.3597
116.2394
115.9877
115.6048
115.0905
114.4449
113.6680
112.7597
111.7202
110.5493
109.5082
108.5971
107.8158
107.1643
106.6427
106.2510
105.9891
105.8571
105.7807
105.7600
105.7950
105.8856
106.0319
106.2338
106.4913
106.8046
107.0787
107.3137
107.5096
107.6664
107.7841
107.8627
107.9022
107.9026
107.9083
107.9194
107.9358
107.9575
107.9846
108.0171
108.0548
108.0979
108.1430
108.1901
108.2392
108.2903
108.3433
108.3984
108.4555
108.5145
108.5518
108.5672
108.5609
108.5327
108.4827
108.4110
108.3174
108.2020
108.0914
107.9857
107.8848
107.7888
107.6976
107.6112
107.5296
107.4529
107.3912
107.3445
107.3130
107.2964
107.2950
107.3085
107.3371
107.3808
107.3127
107.1329
106.8414
106.4380
105.9230
105.2962
104.5576
103.7073
102.9014
102.1400
101.4229
100.7502
100.1220
99.5381
98.9987
98.5037
98.0915
97.7622
97.5157
97.3521
97.2713
97.2734
97.3583
97.5260
97.6186
97.6359
97.5781
97.4450
97.2367
96.9532
96.5945
96.1606
96.2286
96.7985
97.8703
99.4440
101.5197
104.0972
107.1767
110.7581
113.9430
116.7316
119.1237
121.1194
122.7187
123.9216
124.7281
125.1382
125.4142
125.5560
125.5637
125.4373
125.1768
124.7822
124.2534
123.5906
122.9741
122.4039
121.8801
121.4027
120.9716
120.5869
120.2485
119.9565
119.6969
119.4697
119.2748
119.1124
118.9823
118.8847
118.8194
118.7865
118.7441
118.6922
118.6308
118.5599
118.4795
118.3896
118.2902
118.1812
117.9952
117.7321
117.3919
116.9746
116.4801
115.9086
115.2600
114.5343
113.8543
113.2201
112.6315
112.0887
111.5915
111.1401
110.7344
110.3745
110.0894
109.8793
109.7441
109.6838
109.6985
109.7880
109.9525
110.1919
110.4334
110.6770
110.9228
111.1706
111.4206
111.6726
111.9268
112.1831
112.3968
112.5679
112.6964
112.7823
112.8256
112.8264
112.7845
112.7000
112.6191
112.5419
112.4682
112.3982
112.3318
112.2690
112.2098
112.1542
112.0795
111.9858
111.8730
111.7411
111.5902
111.4201
111.2310
111.0229
110.8159
110.6101
110.4055
110.2021
110.0000
109.7990
109.5992
109.4006
109.1870
108.9586
108.7152
108.4568
108.1835
107.8952
107.5921
107.2739
107.0081
106.7946
106.6333
106.5244
106.4677
106.4634
106.5113
106.6116
106.6163
106.5254
106.3390
106.0571
105.6796
105.2065
104.6379
103.9737
103.4189
102.9733
102.6370
102.4100
102.2922
102.2838
102.3846
102.5947
102.7357
102.8074
102.8100
102.7435
102.6078
102.4029
102.1288
101.7856
101.4688
101.1784
100.9144
100.6768
100.4655
100.2807
100.1223
99.9903
99.8837
99.8024
99.7465
99.7159
99.7107
99.7308
99.7763
99.8472
99.9178
99.9884
100.0587
100.1289
100.1989
100.2687
100.3384
100.4079
100.4591
100.4919
100.5065
100.5026
100.4805
100.4400
100.3812
100.3041
100.2609
100.2518
100.2766
100.3355
100.4283
100.5552
100.7160
100.9109
100.9781
100.9179
100.7301
100.4147
99.9718
99.4013
98.7033
97.8777
97.6117
97.9053
98.7584
100.1710
102.1432
104.6750
107.7663
111.4172
114.5508
117.1671
119.2662
120.8480
121.9124
122.4597
122.4896
122.0023
121.6447
121.4169
121.3189
121.3506
121.5121
121.8033
122.2243
122.7751
123.2667
123.6993
124.0728
124.3871
124.6424
124.8386
124.9757
125.0536
125.1276
125.1974
125.2632
125.3249
125.3826
125.4362
125.4857
125.5312
125.5048
125.4066
125.2365
124.9946
124.6809
124.2953
123.8378
123.3086
122.8042
122.3246
121.8700
121.4402
121.0353
120.6553
120.3001
119.9698
119.5475
119.0331
118.4266
117.7280
116.9374
116.0547
115.0799
114.0131
113.1406
112.4626
111.9789
111.6896
111.5947
111.6942
111.9880
112.4763
112.8564
113.1283
113.2920
113.3475
113.2948
113.1340
112.8649
112.4877
112.0079
111.4255
110.7404
109.9528
109.0625
108.0697
106.9742
105.7761
104.7585
103.9212
103.2643
102.7878
102.4918
102.3761
102.4408
102.6860
102.8984
103.0780
103.2248
103.3389
103.4203
103.4689
103.4847
103.4677
103.4434
103.4118
103.3728
103.3264
103.2726
103.2115
103.1431
103.0673
102.9359
102.7491
102.5067
102.2088
101.8554
101.4465
100.9820
100.4621
100.0186
99.6515
99.3610
99.1469
99.0093
98.9482
98.9636
99.0554
99.1578
99.2708
99.3944
99.5286
99.6734
99.8288
99.9948
100.1713
100.3181
100.4350
100.5221
100.5794
100.6069
100.6046
100.5724
100.5105
100.4213
100.3050
100.1614
99.9907
99.7928
99.5677
99.3154
99.0359
98.8029
98.6164
98.4764
98.3830
98.3360
98.3355
98.3815
98.4739
98.5776
98.6924
98.8183
98.9554
99.1037
99.2631
99.4337
99.6154
99.7923
99.9644
100.1318
100.2944
100.4522
100.6052
100.7535
100.8969
100.9737
100.9837
100.9269
100.8034
100.6132
100.3563
100.0326
99.6421
99.6107
99.9382
100.6247
101.6701
103.0745
104.8379
106.9602
109.4416
111.7717
113.9505
115.9782
117.8546
119.5798
121.1538
122.5765
123.8481
124.9753
125.9581
126.7967
127.4909
128.0407
128.4463
128.7075
128.8243
128.9274
129.0168
129.0924
129.1542
129.2023
129.2366
129.2572
129.2640
129.3286
129.4510
129.6312
129.8691
130.1649
130.5185
130.9299
131.3991
131.8367
132.2427
132.6172
132.9602
133.2716
133.5515
133.7998
134.0165
134.2501
134.5004
134.7676
135.0515
135.3523
135.6699
136.0043
136.3555
136.4632
136.3274
135.9482
135.3256
134.4594
133.3498
131.9967
130.4002
128.9857
127.7532
126.7027
125.8343
125.1479
124.6435
124.3211
124.1808
124.0301
123.8692
123.6979
123.5164
123.3245
123.1224
122.9099
122.6872
122.4466
122.1884
121.9123
121.6185
121.3070
120.9777
120.6306
120.2658
119.9036
119.5441
119.1872
118.8330
118.4815
118.1325
117.7863
117.4426
117.1246
116.8321
116.5651
116.3237
116.1078
115.9175
115.7528
115.6136
115.4289
115.1988
114.9232
114.6021
114.2355
113.8235
113.3660
112.8631
112.3610
111.8598
111.3595
110.8600
110.3615
109.8638
109.3669
108.8710
108.3679
107.8575
107.3400
106.8153
106.2834
105.7443
105.1980
104.6445
104.0651
103.4599
102.8287
102.1717
101.4888
100.7799
100.0452
99.2847
98.6113
98.0252
97.5263
97.1146
96.7902
96.5530
96.4030
96.3403
96.3033
96.2920
96.3064
96.3465
96.4123
96.5038
96.6210
96.7639
96.9180
97.0831
97.2594
97.4467
97.6451
97.8547
98.0753
98.3070
98.4883
98.6191
98.6995
98.7294
98.7088
98.6377
98.5162
98.3442
98.2136
98.1243
98.0763
98.0697
98.1045
98.1806
98.2980
98.4568
98.5732
98.6473
98.6790
98.6684
98.6154
98.5201
98.3824
98.2023
97.9945
97.7591
97.4958
97.2049
96.8863
96.5399
96.1658
95.7640
95.1647
94.3678
93.3734
92.1815
90.7920
89.2050
87.4205
85.4384
84.3223
84.0719
84.6875
86.1689
88.5162
91.7293
95.8083
100.7532
104.9913
108.5227
111.3474
113.4653
114.8765
115.5809
115.5786
114.8696
114.4041
114.1821
114.2037
114.4687
114.9774
115.7295
116.7252
117.9644
119.0117
119.8672
120.5308
121.0025
121.2823
121.3703
121.2663
120.9705
120.7217
120.5200
120.3652
120.2575
120.1968
120.1831
120.2164
120.2967
120.4808
120.7686
121.1602
121.6555
122.2546
122.9574
123.7640
124.6743
125.4850
126.1962
126.8078
127.3199
127.7324
128.0454
128.2588
128.3726
128.2888
128.0074
127.5284
126.8517
125.9774
124.9055
123.6360
122.1688
120.7997
119.5288
118.3559
117.2811
116.3044
115.4259
114.6454
113.9630
113.4071
112.9778
112.6751
112.4989
112.4493
112.5262
112.7296
113.0596
113.2552
113.3164
113.2431
113.0354
112.6932
112.2166
111.6056
110.8602
110.2211
109.6884
109.2620
108.9421
108.7285
108.6212
108.6204
108.7259
108.8398
108.9619
109.0925
109.2313
109.3785
109.5340
109.6979
109.8700
109.9272
109.8694
109.6965
109.4086
109.0057
108.4878
107.8548
107.1069
106.4467
105.8743
105.3898
104.9930
104.6840
104.4628
104.3294
104.2838
104.2616
104.2630
104.2878
104.3362
104.4080
104.5033
104.6220
104.7643
104.9304
105.1204
105.3343
105.5721
105.8337
106.1192
106.4286
106.7619
107.0374
107.2552
107.4152
107.5175
107.5620
107.5487
107.4777
107.3490
107.2242
107.1034
106.9865
106.8735
106.7646
106.6595
106.5585
106.4613
106.3855
106.3310
106.2978
106.2859
106.2952
106.3259
106.3779
106.4512
106.4836
106.4752
106.4260
106.3359
106.2050
106.0332
105.8206
105.5671
105.2456
104.8561
104.3985
103.8729
103.2792
102.6175
101.8878
101.0900
100.4577
99.9910
99.6899
99.5544
99.5844
99.7799
100.1410
100.6677
100.9852
101.0936
100.9928
100.6829
100.1638
99.4355
98.4981
97.3516
96.1933
95.0232
93.8415
92.6480
91.4428
90.2259
88.9972
87.7569
87.2165
87.3761
88.2357
89.7953
92.0549
95.0145
98.6741
103.0337
106.7766
109.9027
112.4121
114.3048
115.5808
116.2400
116.2824
115.7082
115.2208
114.8202
114.5065
114.2796
114.1395
114.0863
114.1199
114.2403
114.3577
114.4721
114.5836
114.6920
114.7973
114.8997
114.9991
115.0954
115.1776
115.2455
115.2992
115.3387
115.3639
115.3750
115.3718
115.3544
115.3464
115.3477
115.3583
115.3782
115.4075
115.4461
115.4941
115.5514
115.6696
115.8489
116.0892
116.3906
116.7529
117.1762
117.6606
118.2059
118.6509
118.9956
119.2400
119.3840
119.4277
119.3711
119.2141
118.9569
118.6871
118.4050
118.1104
117.8034
117.4839
117.1520
116.8077
116.4510
116.1791
115.9921
115.8900
115.8729
115.9406
116.0931
116.3306
116.6530
116.9461
117.2100
117.4447
117.6502
117.8264
117.9734
118.0912
118.1797
118.1158
117.8993
117.5303
117.0088
116.3348
115.5083
114.5292
113.3977
112.4291
111.6234
110.9807
110.5009
110.1840
110.0301
110.0391
110.2111
110.2897
110.2750
110.1668
109.9654
109.6705
109.2823
108.8008
108.2259
107.7131
107.2627
106.8744
106.5483
106.2845
106.0829
105.9434
105.8662
105.7357
105.5519
105.3148
105.0244
104.6807
104.2837
103.8334
103.3297
102.8871
102.5054
102.1847
101.9249
101.7261
101.5883
101.5114
101.4955
101.4677
101.4278
101.3760
101.3122
101.2365
101.1488
101.0491
100.9375
100.8401
100.7572
100.6886
100.6343
100.5944
100.5688
100.5576
100.5607
100.6192
100.7331
100.9024
101.1270
101.4071
101.7426
102.1334
102.5796
102.9571
103.2658
103.5058
103.6769
103.7794
103.8130
103.7779
103.6740
103.6034
103.5661
103.5621
103.5914
103.6539
103.7498
103.8789
104.0413
104.2033
104.3647
104.5257
104.6862
104.8462
105.0057
105.1647
105.3232
105.4719
105.6106
105.7395
105.8585
105.9675
106.0667
106.1560
106.2354
106.3322
106.4463
106.5778
106.7267
106.8930
107.0767
107.2777
107.4961
107.9290
108.5765
109.4386
110.5152
111.8063
113.3120
115.0323
116.9671
118.9086
120.8568
122.8118
124.7735
126.7420
128.7171
130.6990
132.6876
134.7903
137.0069
139.3374
141.7820
144.3406
147.0131
149.7997
152.7002
155.3869
157.8597
160.1187
162.1638
163.9951
165.6126
167.0162
168.2059
169.3334
170.3986
171.4016
172.3423
173.2207
174.0369
174.7908
175.4825
175.7935
175.7239
175.2737
174.4428
173.2313
171.6392
169.6664
167.3130
165.0047
162.7416
160.5236
158.3507
156.2229
154.1403
152.1028
150.1105
148.0878
146.0347
143.9512
141.8374
139.6931
137.5186
135.3136
133.0782
130.7659
128.3764
125.9100
123.3665
120.7459
118.0483
115.2737
112.4220
109.7945
107.3911
105.2119
103.2567
101.5258
100.0190
98.7363
97.6777
96.4817
95.1483
93.6773
92.0689
90.3231
88.4397
86.4189
84.2606
82.3762
80.7657
79.4291
78.3663
77.5775
77.0625
76.8214
76.8542
76.8076
76.6816
76.4762
76.1914
75.8272
75.3836
74.8606
74.2582
73.7178
73.2393
72.8227
72.4681
72.1755
71.9447
71.7759
71.6691
71.6428
71.6972
71.8322
72.0478
72.3440
72.7208
73.1783
73.7163
74.1907
74.6014
74.9484
75.2317
75.4514
75.6074
75.6997
75.7283
75.8169
75.9654
76.1738
76.4422
76.7705
77.1587
77.6069
78.1150
78.6124
79.0991
79.5751
80.0404
80.4950
80.9389
81.3721
81.7946
82.2421
82.7145
83.2120
83.7344
84.2818
84.8542
85.4516
86.0739
86.7012
87.3334
87.9705
88.6126
89.2596
89.9115
90.5684
91.2302
91.9391
92.6951
93.4982
94.3484
95.2458
96.1903
97.1818
98.2205
99.5110
101.0531
102.8471
104.8927
107.1902
109.7393
112.5402
115.5929
118.2571
120.5327
122.4198
123.9185
125.0286
125.7502
126.0833
126.0279
127.1823
129.5467
133.1210
137.9052
143.8992
151.1032
159.5171
169.1408
175.8782
179.7291
180.6937
178.7718
173.9636
166.2689
155.6878
142.2203
130.8989
121.7234
114.6939
109.8104
107.0729
106.4815
108.0360
111.7365
114.8424
117.3537
119.2704
120.5924
121.3198
121.4527
120.9908
119.9344
119.0198
118.2468
117.6157
117.1262
116.7785
116.5726
116.5084
116.5860
116.6334
116.6507
116.6379
116.5950
116.5219
116.4187
116.2854
116.1220
116.0240
115.9914
116.0243
116.1225
116.2862
116.5154
116.8099
117.1699
117.3004
117.2015
116.8730
116.3151
115.5277
114.5109
113.2645
111.7887
110.2444
108.6316
106.9504
105.2007
103.3825
101.4958
99.5407
97.5171
95.7737
94.3106
93.1277
92.2251
91.6027
91.2606
91.1988
91.4171
91.4735
91.3679
91.1004
90.6708
90.0792
89.3257
88.4101
87.3326
86.4481
85.7566
85.2582
84.9528
84.8404
84.9211
85.1948
85.6615
85.9600
86.0901
86.0518
85.8453
85.4704
84.9272
84.2157
83.3358
82.5350
81.8131
81.1703
80.6065
80.1217
79.7159
79.3891
79.1413
78.9345
78.7687
78.6438
78.5600
78.5172
78.5154
78.5546
78.6348
78.6800
78.6903
78.6656
78.6060
78.5114
78.3819
78.2174
78.0180
77.9642
78.0560
78.2935
78.6766
79.2054
79.8797
80.6998
81.6654
82.7093
83.8315
85.0320
86.3107
87.6678
89.1030
90.6166
92.2084
93.8701
95.6016
97.4030
99.2743
101.2154
103.2264
105.3073
107.4580
109.7209
112.0960
114.5833
117.1829
119.8946
122.7186
125.6547
128.7031
131.6864
134.6046
137.4578
140.2460
142.9691
145.6271
148.2201
150.7480
153.0506
155.1278
156.9797
158.6062
160.0074
161.1832
162.1337
162.8589
163.5242
164.1296
164.6751
165.1608
165.5866
165.9525
166.2585
166.5047
166.6238
166.6158
166.4807
166.2185
165.8292
165.3128
164.6693
163.8988
163.0801
162.2132
161.2982
160.3351
159.3238
158.2644
157.1569
156.0012
155.0548
154.3179
153.7903
153.4722
153.3633
153.4639
153.7739
154.2932
154.6946
154.9781
155.1437
155.1914
155.1211
154.9330
154.6269
154.2029
153.3974
152.2104
150.6420
148.6920
146.3606
143.6477
140.5533
137.0774
133.7490
130.5681
127.5347
124.6488
121.9104
119.3194
116.8760
114.5800
112.4082
110.3606
108.4371
106.6378
104.9626
103.4116
101.9848
100.6821
99.5087
98.4644
97.5494
96.7635
96.1069
95.5795
95.1813
94.9124
94.5922
94.2210
93.7986
93.3250
92.8003
92.2245
91.5975
90.9194
90.2393
89.5572
88.8731
88.1871
87.4990
86.8090
86.1170
85.4230
84.8028
84.2564
83.7838
83.3850
83.0600
82.8087
82.6313
82.5277
82.4183
82.3034
82.1828
82.0565
81.9246
81.7870
81.6438
81.4949
81.2873
81.0210
80.6959
80.3121
79.8696
79.3684
78.8084
78.1898
77.6090
77.0661
76.5611
76.0940
75.6648
75.2736
74.9202
74.6047
74.2257
73.7832
73.2772
72.7078
72.0748
71.3784
70.6184
69.7950
69.2661
69.0319
69.0921
69.4470
70.0964
71.0404
72.2789
73.8120
75.2810
76.6859
78.0267
79.3034
80.5160
81.6645
82.7489
83.7691
84.6859
85.4992
86.2090
86.8153
87.3181
87.7174
88.0133
88.2056
88.7581
89.6709
90.9438
92.5770
94.5704
96.9239
99.6377
102.7117
106.0087
109.5286
113.2715
117.2373
121.4262
125.8379
130.4727
135.3304
139.8412
144.0050
147.8218
151.2917
154.4146
157.1905
159.6195
161.7015
163.6999
165.6146
167.4457
169.1932
170.8570
172.4371
173.9336
175.3465
176.4476
177.2370
177.7146
177.8804
177.7344
177.2767
176.5073
175.4261
174.3410
173.2521
172.1594
171.0628
169.9623
168.8581
167.7500
166.6380
165.3768
163.9661
162.4062
160.6969
158.8383
156.8303
154.6731
152.3664
150.0224
147.6410
145.2221
142.7658
140.2721
137.7410
135.1725
132.5666
129.9599
127.3523
124.7439
122.1346
119.5245
116.9136
114.3019
111.6893
109.2319
106.9298
104.7828
102.7910
100.9544
99.2730
97.7468
96.3758
95.2660
94.4173
93.8298
93.5034
93.4382
93.6342
94.0913
94.8095
95.4746
96.0864
96.6449
97.1503
97.6024
98.0012
98.3469
98.6393
98.7173
98.5810
98.2303
97.6652
96.8857
95.8919
94.6837
93.2611
91.8734
90.5205
89.2025
87.9194
86.6711
85.4576
84.2790
83.1353
82.0351
80.9786
79.9656
78.9962
78.0705
77.1883
76.3497
75.5548
74.7885
74.0511
73.3424
72.6625
72.0113
71.3888
70.7952
70.2303
69.8331
69.6037
69.5420
69.6481
69.9219
70.3635
70.9728
71.7499
72.4423
73.0501
73.5734
74.0120
74.3660
74.6354
74.8201
74.9203
75.0144
75.1025
75.1845
75.2605
75.3304
75.3943
75.4521
75.5039
75.7448
76.1748
76.7939
77.6022
78.5995
79.7859
81.1614
82.7260
84.0903
85.2542
86.2178
86.9811
87.5439
87.9065
88.0687
88.0305
88.0264
88.0563
88.1203
88.2183
88.3503
88.5164
88.7165
88.9507
89.5792
90.6022
92.0196
93.8314
96.0375
98.6381
101.6331
105.0225
108.1431
110.9947
113.5775
115.8914
117.9365
119.7127
121.2200
122.4585
123.8567
125.4146
127.1323
129.0097
131.0468
133.2436
135.6002
138.1165
140.8468
143.7911
146.9494
150.3216
153.9079
157.7082
161.7224
165.9507
169.6861
172.9287
175.6785
177.9355
179.6997
180.9710
181.7495
182.0352
182.1426
182.0718
181.8226
181.3951
180.7894
180.0054
179.0430
177.9024
176.7822
175.6825
174.6032
173.5443
172.5058
171.4878
170.4902
169.5131
168.2917
166.8261
165.1162
163.1620
160.9637
158.5210
155.8342
152.9031
150.1342
147.5276
145.0833
142.8012
140.6813
138.7237
136.9284
135.2953
133.6161
131.8908
130.1195
128.3021
126.4386
124.5290
122.5733
120.5716
118.6505
116.8100
115.0502
113.3710
111.7725
110.2547
108.8175
107.4609
106.0978
104.7280
103.3517
101.9688
100.5794
99.1833
97.7807
96.3715
94.8973
93.3582
91.7541
90.0851
88.3511
86.5522
84.6883
82.7595
80.8246
78.8835
76.9362
74.9828
73.0233
71.0577
69.0859
67.1079
65.2872
63.6237
62.1174
60.7682
59.5763
58.5416
57.6641
56.9438
56.2394
55.5508
54.8781
54.2212
53.5801
52.9550
52.3457
51.7522
51.2090
50.7160
50.2732
49.8807
49.5385
49.2464
49.0046
48.8130
48.7343
48.7683
48.9151
49.1747
49.5470
50.0322
50.6301
51.3408
52.0019
52.6133
53.1750
53.6871
54.1495
54.5622
54.9252
55.2386
55.6839
56.2611
56.9702
57.8112
58.7841
59.8889
61.1256
62.4942
63.8470
65.1840
66.5052
67.8105
69.1001
70.3738
71.6318
72.8739
74.2287
75.6963
77.2766
78.9696
80.7754
82.6939
84.7251
86.8690
89.4430
92.4470
95.8809
99.7450
104.0390
108.7630
113.9171
119.5011
125.0247
130.4878
135.8904
141.2325
146.5141
151.7353
156.8959
161.9961
166.6682
170.9123
174.7285
178.1166
181.0768
183.6089
185.7130
187.3892
188.8658
190.1428
191.2203
192.0982
192.7767
193.2555
193.5348
193.6146
193.5868
193.4512
193.2081
192.8573
192.3989
191.8328
191.1590
190.3777
189.3274
188.0083
186.4204
184.5635
182.4378
180.0432
177.3798
174.4475
171.5536
168.6982
165.8813
163.1028
160.3628
157.6613
154.9982
152.3736
149.7854
147.2336
144.7182
142.2392
139.7966
137.3904
135.0206
132.6871
130.4089
128.1857
126.0178
123.9049
121.8472
119.8446
117.8972
116.0049
114.1892
112.4501
110.7875
109.2015
107.6921
106.2593
104.9030
103.6234
102.3561
101.1012
99.8588
98.6287
97.4111
96.2058
95.0130
93.8325
92.5952
91.3008
89.9496
88.5414
87.0763
85.5542
83.9752
82.3393
80.7517
79.2126
77.7219
76.2797
74.8858
73.5404
72.2433
70.9947
69.7595
68.5375
67.3289
66.1336
64.9516
63.7829
62.6276
61.4856
60.5058
59.6882
59.0328
58.5396
58.2087
58.0399
58.0334
58.1891
58.5159
59.0140
59.6833
60.5238
61.5355
62.7184
64.0725
65.5978
66.9731
68.1984
69.2737
70.1989
70.9742
71.5994
72.0746
72.3998
72.7983
73.2701
73.8153
74.4338
75.1256
75.8907
76.7292
77.6409
78.9353
80.6122
82.6717
85.1137
87.9383
91.1454
94.7351
98.7074
102.3620
105.6989
108.7183
111.4199
113.8039
115.8703
117.6190
119.0501
120.8219
122.9343
125.3874
128.1811
131.3155
134.7906
138.6063
142.7627
146.5814
150.0624
153.2056
156.0112
158.4790
160.6091
162.4015
163.8561
165.5263
167.4119
169.5129
171.8294
174.3614
177.1088
180.0717
183.2501
185.9562
188.1901
189.9518
191.2412
192.0584
192.4033
192.2760
191.6764
190.9116
189.9814
188.8859
187.6251
186.1990
184.6076
182.8509
180.9288
179.0249
177.1390
175.2713
173.4216
171.5900
169.7765
167.9812
166.2039
164.5734
163.0897
161.7527
160.5626
159.5193
158.6227
157.8730
157.2700
156.5586
155.7387
154.8105
153.7737
152.6286
151.3750
150.0129
148.5424
146.6534
144.3458
141.6197
138.4751
134.9119
130.9301
126.5298
121.7110
117.2604
113.1781
109.4640
106.1182
103.1406
100.5313
98.2901
96.4173
94.8029
93.4470
92.3496
91.5107
90.9303
90.6084
90.5449
90.7400
90.6790
90.3620
89.7890
88.9600
87.8750
86.5339
84.9369
83.0838
81.3645
79.7789
78.3271
77.0090
75.8246
74.7739
73.8570
73.0738
72.3548
71.6999
71.1091
70.5826
70.1202
69.7219
69.3878
69.1178
68.8747
68.6584
68.4688
68.3061
68.1702
68.0611
67.9788
67.9233
67.7185
67.3645
66.8611
66.2084
65.4065
64.4552
63.3546
62.1048
60.9864
59.9995
59.1440
58.4201
57.8276
57.3665
57.0370
56.8389
56.6635
56.5109
56.3809
56.2737
56.1892
56.1274
56.0883
56.0719
56.2142
56.5151
56.9747
57.5929
58.3698
59.3053
60.3995
61.6522
62.7767
63.7728
64.6406
65.3800
65.9911
66.4739
66.8283
67.0543
67.6447
68.5994
69.9184
71.6017
73.6493
76.0612
78.8374
81.9780
84.7610
87.1866
89.2547
90.9653
92.3184
93.3141
93.9523
94.2329
95.1607
96.7354
98.9571
101.8258
105.3416
109.5044
114.3142
119.7710
124.7431
129.2306
133.2335
136.7517
139.7853
142.3343
144.3986
145.9782
147.3909
148.6366
149.7153
150.6271
151.3718
151.9496
152.3604
152.6043
152.7802
152.8882
152.9282
152.9004
152.8046
152.6409
152.4093
152.1098
151.7169
151.2305
150.6507
149.9775
149.2109
148.3508
147.3973
146.3504
145.2055
143.9626
142.6216
141.1825
139.6455
138.0104
136.2773
134.4462
132.7680
131.2428
129.8706
128.6513
127.5850
126.6717
125.9114
125.3040
124.7514
124.2536
123.8105
123.4222
123.0888
122.8100
122.5861
122.4169
122.2448
122.0696
121.8914
121.7101
121.5259
121.3386
121.1484
120.9551
120.3927
119.4611
118.1605
116.4907
114.4519
112.0439
109.2668
106.1205
103.4225
101.1728
99.3713
98.0181
97.1131
96.6563
96.6478
97.0875
97.2311
97.0786
96.6299
95.8852
94.8443
93.5072
91.8741
89.9448
88.3436
87.0705
86.1254
85.5083
85.2193
85.2584
85.6255
86.3206
86.8301
87.1537
87.2917
87.2439
87.0104
86.5912
85.9862
85.1955
84.4564
83.7689
83.1329
82.5485
82.0156
81.5343
81.1046
80.7265
80.3938
80.1065
79.8646
79.6682
79.5172
79.4116
79.3515
79.3367
79.4131
79.5806
79.8391
80.1888
80.6295
81.1614
81.7843
82.4983
83.1426
83.7172
84.2221
84.6573
85.0227
85.3185
85.5445
85.7008
86.0095
86.4704
87.0838
87.8494
88.7674
89.8377
91.0604
92.4354
93.7772
95.0859
96.3614
97.6038
98.8130
99.9890
101.1319
102.2416
103.4512
104.7606
106.1698
107.6789
109.2878
110.9966
112.8053
114.7137
116.6869
118.7248
120.8275
122.9948
125.2269
127.5237
129.8853
132.3115
134.8155
137.3972
140.0566
142.7937
145.6085
148.5010
151.4713
154.5192
157.7172
161.0652
164.5632
168.2112
172.0092
175.9573
180.0553
184.3034
187.4660
189.5431
190.5348
190.4409
189.2616
186.9969
183.6466
179.2109
175.4432
172.3436
169.9121
168.1486
167.0531
166.6257
166.8664
167.7751
168.2032
168.1506
167.6173
166.6034
165.1089
163.1337
160.6778
157.7413
154.7934
151.8339
148.8631
145.8808
142.8870
139.8818
136.8652
133.8371
131.0374
128.4662
126.1234
124.0090
122.1230
120.4654
119.0363
117.8356
116.5271
115.1109
113.5869
111.9552
110.2158
108.3685
106.4136
104.3508
102.4390
100.6780
99.0680
97.6088
96.3005
95.1431
94.1365
93.2809
92.5292
91.8816
91.3380
90.8984
90.5628
90.3311
90.2035
90.1799
89.8581
89.2379
88.3195
87.1029
85.5879
83.7747
81.6632
79.2535
76.9636
74.7934
72.7431
70.8126
69.0018
67.3109
65.7398
64.2885
63.0160
61.9224
61.0075
60.2716
59.7144
59.3360
59.1365
59.1158
59.0853
59.0448
58.9944
58.9341
58.8639
58.7837
58.6937
58.5938
58.4978
58.4057
58.3175
58.2332
58.1528
58.0764
58.0038
57.9351
58.0127
58.2363
58.6062
59.1222
59.7843
60.5927
61.5471
62.6478
63.8638
65.1952
66.6419
68.2039
69.8813
71.6741
73.5822
75.6057
77.7064
79.8842
82.1392
84.4714
86.8808
89.3673
91.9311
94.5720
97.3908
100.3874
103.5619
106.9143
110.4445
114.1525
118.0385
122.1022
126.1824
130.2788
134.3917
138.5209
142.6665
146.8284
151.0067
155.2013
159.0901
162.6732
165.9505
168.9219
171.5876
173.9475
176.0016
177.7499
179.3621
180.8382
182.1782
183.3821
184.4498
185.3815
186.1770
186.8364
187.4033
187.8777
188.2596
188.5490
188.7459
188.8503
188.8621
188.7815
188.4627
187.9056
187.1103
186.0768
184.8051
183.2951
181.5469
179.5606
177.8068
176.2858
174.9975
173.9418
173.1188
172.5285
172.1708
172.0459
171.3593
170.1111
168.3013
165.9299
162.9968
159.5022
155.4459
150.8280
146.6060
142.7798
139.3495
136.3150
133.6764
131.4336
129.5867
128.1357
126.5325
124.7772
122.8698
120.8103
118.5986
116.2349
113.7190
111.0510
108.3437
105.5972
102.8114
99.9864
97.1221
94.2186
91.2758
88.2938
85.4687
82.8006
80.2893
77.9350
75.7376
73.6971
71.8136
70.0870
68.2418
66.2780
64.1957
61.9948
59.6753
57.2373
54.6807
52.0055
49.7033
47.7740
46.2178
45.0345
44.2241
43.7868
43.7224
44.0310
44.4358
44.9369
45.5341
46.2276
47.0173
47.9033
48.8854
49.9638
50.8253
51.4699
51.8975
52.1083
52.1021
51.8791
51.4391
50.7822
50.3683
50.1973
50.2694
50.5844
51.1424
51.9434
52.9873
54.2742
55.2821
56.0109
56.4606
56.6313
56.5229
56.1355
55.4689
54.5233
54.4385
55.2145
56.8513
59.3488
62.7071
66.9263
72.0061
77.9468
83.4451
88.5008
93.1142
97.2851
101.0135
104.2995
107.1431
109.5442
111.3969
112.7013
113.4573
113.6650
113.3243
112.4352
110.9978
109.0120
108.9200
110.7218
114.4173
120.0066
127.4897
136.8665
148.1371
161.3015
172.5928
182.0111
189.5564
195.2286
199.0278
200.9539
201.0070
199.1871
197.5803
196.1866
195.0060
194.0386
193.2843
192.7431
192.4150
192.3000
192.0578
191.6884
191.1917
190.5677
189.8165
188.9381
187.9324
186.7995
185.3639
183.6258
181.5851
179.2419
176.5960
173.6476
170.3966
166.8430
163.4487
160.2138
157.1381
154.2218
151.4647
148.8670
146.4285
144.1494
141.9676
139.8832
137.8962
136.0065
134.2142
132.5192
130.9216
129.4214
127.6141
125.4998
123.0785
120.3500
117.3146
113.9720
110.3225
106.3658
102.8296
99.7138
97.0183
94.7432
92.8886
91.4543
90.4404
89.8469
89.0624
88.0868
86.9202
85.5627
84.0140
82.2744
80.3438
78.2221
76.2491
74.4248
72.7491
71.2222
69.8439
68.6143
67.5334
66.6011
65.6227
64.5980
63.5272
62.4101
61.2468
60.0373
58.7816
57.4797
56.3970
55.5335
54.8892
54.4640
54.2581
54.2714
54.5039
54.9555
55.4479
55.9809
56.5546
57.1689
57.8240
58.5196
59.2560
60.0330
60.5866
60.9168
61.0236
60.9069
60.5669
60.0033
59.2164
58.2061
57.6928
57.6765
58.1574
59.1353
60.6102
62.5822
65.0513
68.0174
70.4879
72.4628
73.9421
74.9257
75.4137
75.4061
74.9029
73.9040
73.0466
72.3308
71.7564
71.3235
71.0322
70.8823
70.8739
71.0070
71.7192
73.0105
74.8808
77.3302
80.3587
83.9663
88.1529
92.9186
98.1128
103.7356
109.7869
116.2668
121.7685
126.2920
129.8373
132.4044
134.4054
135.8401
136.7086
137.0108
136.7469
135.9167
134.5204
132.5578
131.4912
131.3206
132.0460
133.6675
136.1849
139.5984
143.9078
149.1133
153.8038
157.9793
161.6398
164.7854
167.4160
169.5316
171.1323
172.2180
173.1184
173.8336
174.3635
174.7082
174.8677
174.8419
174.6308
174.2345
173.4701
172.3375
170.8367
168.9678
166.7307
164.1255
161.1521
157.8105
155.0928
152.9988
151.5286
150.6823
150.4597
150.8609
151.8860
153.5348
154.5255
154.8580
154.5324
153.5487
151.9068
149.6068
146.6486
143.0323
139.7613
136.8355
134.2551
132.0199
130.1300
128.5854
127.3860
126.5320
125.5424
124.4175
123.1571
121.7612
120.2299
118.5632
116.7610
114.8233
113.0540
111.4529
110.0201
108.7555
107.6593
106.7313
105.9716
105.3802
104.6049
103.6457
102.5027
101.1758
99.6651
97.9705
96.0920
94.0297
92.2285
90.6884
89.4093
88.3914
87.6345
87.1388
86.9041
86.9306
86.8683
86.7173
86.4775
86.1491
85.7319
85.2260
84.6313
83.9480
83.1447
82.2216
81.1785
80.0155
78.7327
77.3299
75.8072
74.1646
72.6399
71.2331
69.9441
68.7730
67.7199
66.7845
65.9671
65.2675
64.5261
63.7427
62.9173
62.0501
61.1409
60.1898
59.1968
58.1619
57.2731
56.5306
55.9341
55.4838
55.1797
55.0218
55.0100
55.1444
55.2494
55.3250
55.3712
55.3881
55.3756
55.3337
55.2624
55.1618
55.7986
57.1729
59.2847
62.1339
65.7207
70.0449
75.1067
80.9058
86.0356
90.4959
94.2867
97.4081
99.8601
101.6426
102.7557
103.1993
104.2069
105.7786
107.9144
110.6142
113.8781
117.7060
122.0979
127.0539
131.9692
136.8436
141.6773
146.4702
151.2224
155.9338
160.6044
165.2342
169.4566
173.2716
176.6791
179.6791
182.2717
184.4568
186.2345
187.6048
188.8853
190.0762
191.1773
192.1888
193.1105
193.9425
194.6849
195.3375
195.9240
196.4444
196.8986
197.2866
197.6086
197.8643
198.0540
198.1774
197.9899
197.4914
196.6818
195.5612
194.1296
192.3870
190.3334
187.9688
185.6013
183.2310
180.8579
178.4819
176.1031
173.7215
171.3370
168.9497
166.4805
163.9291
161.2958
158.5805
155.7832
152.9038
149.9425
146.8992
143.8550
140.8100
137.7643
134.7177
131.6704
128.6222
125.5732
122.5235
119.6039
116.8145
114.1553
111.6262
109.2274
106.9587
104.8203
102.8120
100.8700
98.9943
97.1849
95.4418
93.7649
92.1544
90.6101
89.1321
87.5978
86.0071
84.3600
82.6566
80.8969
79.0807
77.2082
75.2794
73.6423
72.2972
71.2438
70.4823
70.0126
69.8348
69.9488
70.3546
70.5972
70.6765
70.5926
70.3454
69.9349
69.3612
68.6243
67.7241
66.9568
66.3224
65.8209
65.4523
65.2166
65.1138
65.1439
65.3069
65.4201
65.4836
65.4973
65.4612
65.3754
65.2398
65.0544
64.8192
64.5895
64.3653
64.1466
63.9333
63.7255
63.5232
63.3263
63.1349
62.9717
62.8366
62.7297
62.6509
62.6002
62.5778
62.5834
62.6172
62.6962
62.8203
62.9895
63.2039
63.4634
63.7680
64.1178
64.5128
65.1383
65.9944
67.0812
68.3986
69.9466
71.7252
73.7344
75.9743
78.2369
80.5224
82.8308
85.1620
87.5160
89.8929
92.2926
94.7151
97.3382
100.1618
103.1860
106.4107
109.8360
113.4617
117.2881
121.3149
125.3755
129.4698
133.5977
137.7593
141.9547
146.1837
150.4464
154.7428
158.3752
161.3436
163.6480
165.2883
166.2647
166.5770
166.2253
165.2096
164.3161
163.5448
162.8958
162.3690
161.9644
161.6821
161.5220
161.4841
161.3102
161.0002
160.5542
159.9721
159.2540
158.3998
157.4095
156.2832
155.2193
154.2177
153.2785
152.4016
151.5870
150.8348
150.1450
149.5175
148.7165
147.7421
146.5943
145.2730
143.7782
142.1100
140.2684
138.2533
136.2712
134.3220
132.4057
130.5223
128.6719
126.8544
125.0699
123.3182
121.3721
119.2314
116.8962
114.3664
111.6421
108.7232
105.6098
102.3019
99.4059
96.9219
94.8499
93.1898
91.9417
91.1055
90.6813
90.6691
90.3499
89.7238
88.7907
87.5506
86.0036
84.1497
81.9888
79.5209
77.2636
75.2167
73.3804
71.7546
70.3393
69.1345
68.1402
67.3565
66.6542
66.0333
65.4938
65.0358
64.6592
64.3641
64.1504
64.0181
63.8853
63.7519
63.6181
63.4837
63.3488
63.2134
63.0774
62.9410
63.0357
63.3617
63.9188
64.7072
65.7267
66.9775
68.4595
70.1727
71.7718
73.2568
74.6277
75.8846
77.0274
78.0561
78.9707
79.7712
80.5574
81.3292
82.0866
82.8297
83.5584
84.2727
84.9727
85.6584
86.2674
86.7999
87.2558
87.6351
87.9379
88.1641
88.3137
88.3868
88.5590
88.8302
89.2005
89.6699
90.2384
90.9060
91.6726
92.5384
93.5424
94.6848
95.9654
97.3844
98.9416
100.6371
102.4710
104.4431
106.9630
110.0306
113.6461
117.8093
122.5202
127.7789
133.5854
139.9396
145.8394
151.2847
156.2755
160.8119
164.8938
168.5213
171.6942
174.4127
177.0470
179.5970
182.0628
184.4443
186.7416
188.9546
191.0834
193.1280
194.6376
195.6124
196.0523
195.9574
195.3275
194.1628
192.4632
190.2287
187.9586
185.6527
183.3112
180.9340
178.5211
176.0726
173.5883
171.0684
168.7585
166.6588
164.7692
163.0896
161.6201
160.3608
159.3115
158.4723
157.5284
156.4798
155.3264
154.0682
152.7054
151.2378
149.6654
147.9883
146.2742
144.5231
142.7349
140.9097
139.0474
137.1481
135.2118
133.2385
131.3549
129.5610
127.8568
126.2423
124.7175
123.2824
121.9371
120.6815
119.3055
117.8093
116.1928
114.4560
112.5989
110.6215
108.5238
106.3058
104.1959
102.1942
100.3005
98.5149
96.8375
95.2682
93.8070
92.4539
91.1389
89.8621
88.6234
87.4229
86.2605
85.1362
84.0501
83.0021
81.9070
80.7648
79.5754
78.3389
77.0553
75.7245
74.3466
72.9216
71.6515
70.5364
69.5761
68.7708
68.1204
67.6249
67.2844
67.0988
66.7397
66.2072
65.5012
64.6218
63.5689
62.3426
60.9429
59.3697
57.8794
56.4720
55.1476
53.9061
52.7475
51.6718
50.6791
49.7692
49.0058
48.3888
47.9182
47.5939
47.4161
47.3847
47.4996
47.7610
48.1225
48.5841
49.1459
49.8078
50.5698
51.4319
52.3942
53.4566
54.4768
55.4548
56.3906
57.2843
58.1357
58.9450
59.7120
60.4369
61.3785
62.5369
63.9121
65.5040
67.3127
69.3382
71.5805
74.0395
76.5844
79.2150
81.9315
84.7338
87.6219
90.5959
93.6556
96.8012
99.7132
102.3916
104.8365
107.0478
109.0255
110.7697
112.2803
113.5573
115.5688
118.3149
121.7954
126.0104
130.9598
136.6438
143.0623
150.2153
156.6436
162.3474
167.3265
171.5811
175.1111
177.9164
179.9972
181.3533
182.3732
183.0568
183.4041
183.4151
183.0899
182.4284
181.4306
180.0965
178.7523
177.3980
176.0337
174.6592
173.2747
171.8801
170.4753
169.0605
167.6491
166.2409
164.8361
163.4347
162.0365
160.6417
159.2502
157.8621
156.4907
155.1361
153.7983
152.4772
151.1729
149.8854
148.6147
147.3607
145.9877
144.4958
142.8848
141.1548
139.3058
137.3378
135.2508
133.0448
130.8846
128.7703
126.7018
124.6792
122.7023
120.7714
118.8863
117.0470
115.3815
113.8900
112.5723
111.4284
110.4584
109.6623
109.0400
108.5916
108.0083
107.2901
106.4369
105.4488
104.3259
103.0680
101.6751
100.1474
98.5951
97.0181
95.4165
93.7903
92.1394
90.4640
88.7639
87.0392
85.4906
84.1180
82.9216
81.9011
81.0568
80.3885
79.8963
79.5802
79.2538
78.9173
78.5705
78.2136
77.8464
77.4690
77.0814
76.6836
76.4399
76.3502
76.4146
76.6330
77.0054
77.5319
78.2124
79.0470
79.8460
80.6093
81.3369
82.0289
82.6853
83.3060
83.8910
84.4404
84.9405
85.3914
85.7929
86.1452
86.4482
86.7018
86.9062
87.0613
87.3699
87.8319
88.4474
89.2164
90.1388
91.2147
92.4441
93.8269
95.1455
96.4000
97.5904
98.7166
99.7786
100.7764
101.7101
102.5797
103.8971
105.6624
107.8756
110.5366
113.6456
117.2024
121.2070
125.6596
129.6676
133.2310
136.3498
139.0241
141.2538
143.0389
144.3795
145.2755
146.3772
147.6846
149.1977
150.9166
152.8412
154.9715
157.3075
159.8492
161.9342
163.5625
164.7341
165.4489
165.7070
165.5083
164.8530
163.7409
162.5247
161.2045
159.7801
158.2517
156.6193
154.8827
153.0421
151.0975
149.2630
147.5386
145.9245
144.4205
143.0267
141.7431
140.5696
139.5064
138.1398
136.4701
134.4971
132.2208
129.6413
126.7585
123.5725
120.0833
116.9863
114.2816
111.9691
110.0489
108.5210
107.3853
106.6419
106.2908
105.8692
105.3770
104.8143
104.1812
103.4775
102.7033
101.8586
100.9434
100.0888
99.2948
98.5615
97.8887
97.2766
96.7251
96.2342
95.8040
95.2287
94.5085
93.6433
92.6332
91.4780
90.1779
88.7328
87.1428
85.7683
84.6094
83.6660
82.9382
82.4260
82.1294
82.0483
82.1828
82.1648
81.9942
81.6711
81.1955
80.5673
79.7866
78.8533
77.7675
76.6892
75.6183
74.5547
73.4987
72.4500
71.4088
70.3750
69.3486
68.4373
67.6410
66.9598
66.3936
65.9425
65.6065
65.3855
65.2796
65.0924
64.8238
64.4740
64.0429
63.5304
62.9367
62.2616
61.5052
61.0207
60.8079
60.8670
61.1979
61.8005
62.6750
63.8213
65.2394
66.5144
67.6462
68.6350
69.4806
70.1832
70.7426
71.1589
71.4321
72.0667
73.0627
74.4200
76.1386
78.2186
80.6600
83.4628
86.6269
90.1035
93.8925
97.9940
102.4080
107.1345
112.1734
117.5249
123.1887
128.6221
133.8250
138.7974
143.5393
148.0507
152.3316
156.3820
160.2019
163.5909
166.5488
169.0757
171.1717
172.8367
174.0706
174.8736
175.2456
175.6377
176.0498
176.4821
176.9344
177.4067
177.8992
178.4117
178.9443
179.1742
179.1012
178.7255
178.0469
177.0656
175.7815
174.1947
172.3050
170.5747
169.0038
167.5922
166.3400
165.2471
164.3136
163.5394
162.9246
162.0342
160.8683
159.4269
157.7099
155.7174
153.4494
150.9058
148.0867
145.4636
143.0367
140.8058
138.7710
136.9322
135.2896
133.8430
132.5925
131.0692
129.2731
127.2042
124.8626
122.2481
119.3608
116.2008
112.7679
109.8240
107.3691
105.4032
103.9263
102.9384
102.4394
102.4294
102.9085
103.0820
102.9501
102.5128
101.7700
100.7217
99.3680
97.7089
95.7443
93.9626
92.3638
90.9478
89.7148
88.6646
87.7973
87.1130
86.6115
85.8908
84.9511
83.7923
82.4143
80.8172
79.0011
76.9657
74.7113
72.6263
70.7106
68.9644
67.3875
65.9800
64.7419
63.6732
62.7739
61.8787
60.9876
60.1007
59.2178
58.3392
57.4646
56.5942
55.7279
55.1210
54.7735
54.6854
54.8567
55.2874
55.9775
56.9271
58.1360
59.1943
60.1021
60.8594
61.4662
61.9224
62.2281
62.3832
62.3878
62.4617
62.6050
62.8176
63.0995
63.4508
63.8714
64.3613
64.9206
65.5680
66.3035
67.1272
68.0389
69.0388
70.1267
71.3028
72.5670
73.9557
75.4689
77.1066
78.8688
80.7555
82.7667
84.9023
87.1625
89.3619
91.5004
93.5781
95.5951
97.5512
99.4464
101.2809
103.0546
105.1142
107.4599
110.0916
113.0094
116.2131
119.7029
123.4787
127.5405
131.4480
135.2012
138.8001
142.2446
145.5348
148.6708
151.6523
154.4796
157.1323
159.6103
161.9138
164.0426
165.9969
167.7765
169.3815
170.8119
172.0149
172.9903
173.7383
174.2588
174.5519
174.6175
174.4555
174.0662
173.5951
173.0422
172.4077
171.6914
170.8934
170.0137
169.0522
168.0091
166.9855
165.9816
164.9973
164.0327
163.0876
162.1623
161.2565
160.3703
159.2733
157.9653
156.4464
154.7165
152.7758
150.6241
148.2615
145.6880
143.4827
141.6455
140.1765
139.0757
138.3431
137.9787
137.9824
138.3543
138.3775
138.0519
137.3775
136.3544
134.9826
133.2619
131.1926
128.7745
126.5073
124.3910
122.4256
120.6112
118.9477
117.4352
116.0735
114.8628
113.7044
112.5985
111.5449
110.5437
109.5948
108.6983
107.8542
107.0625
106.2081
105.2910
104.3112
103.2687
102.1635
100.9956
99.7650
98.4717
97.3565
96.4193
95.6603
95.0794
94.6766
94.4518
94.4052
94.5366
94.5202
94.3560
94.0438
93.5839
92.9760
92.2203
91.3168
90.2653
89.3395
88.5391
87.8643
87.3150
86.8913
86.5930
86.4204
86.3732
86.2998
86.2002
86.0743
85.9222
85.7439
85.5394
85.3086
85.0516
84.8752
84.7794
84.7642
84.8297
84.9758
85.2025
85.5099
85.8979
86.3735
86.9367
87.5875
88.3260
89.1522
90.0659
91.0673
92.1563
93.1703
94.1092
94.9731
95.7619
96.4757
97.1145
97.6782
98.1669
98.8896
99.8463
101.0370
102.4616
104.1203
106.0129
108.1396
110.5002
112.5796
114.3777
115.8946
117.1302
118.0846
118.7578
119.1497
119.2603
119.4652
119.7643
120.1577
120.6453
121.2271
121.9032
122.6735
123.5381
124.3010
124.9622
125.5217
125.9795
126.3357
126.5902
126.7430
126.7942
126.9754
127.2867
127.7280
128.2994
129.0009
129.8325
130.7941
131.8858
133.0411
134.2599
135.5423
136.8882
138.2977
139.7708
141.3074
142.9076
144.3178
145.5380
146.5682
147.4084
148.0587
148.5190
148.7893
148.8696
148.9055
148.8968
148.8436
148.7460
148.6038
148.4172
148.1860
147.9104
146.8894
145.1232
142.6117
139.3548
135.3527
130.6053
125.1125
118.8745
113.6414
109.4132
106.1899
103.9715
102.7581
102.5496
103.3460
105.1473
106.6219
107.7698
108.5910
109.0855
109.2533
109.0944
108.6088
107.7964
106.8780
105.8535
104.7229
103.4862
102.1435
100.6946
99.1397
97.4787
95.8819
94.3493
92.8809
91.4766
90.1366
88.8608
87.6491
86.5017
85.2719
83.9598
82.5654
81.0887
79.5297
77.8883
76.1646
74.3587
72.8017
71.4938
70.4349
69.6250
69.0642
68.7524
68.6897
68.8759
68.9689
68.9685
68.8747
68.6876
68.4072
68.0335
67.5664
67.0059
66.5371
66.1598
65.8741
65.6801
65.5776
65.5666
65.6473
65.8196
65.9960
66.1765
66.3612
66.5501
66.7431
66.9403
67.1417
67.3471
67.6057
67.9173
68.2819
68.6996
69.1703
69.6941
70.2709
70.9008
71.6351
72.4737
73.4167
74.4641
75.6159
76.8720
78.2326
79.6975
81.2085
82.7657
84.3690
86.0185
87.7141
89.4558
91.2437
93.0778
95.2757
97.8374
100.7631
104.0526
107.7059
111.7232
116.1043
120.8493
125.1617
129.0415
132.4887
135.5034
138.0854
140.2348
141.9517
143.2360
144.5385
145.8594
147.1985
148.5559
149.9315
151.3255
152.7377
154.1683
155.5219
156.7986
157.9984
159.1213
160.1673
161.1364
162.0286
162.8439
163.4648
163.8913
164.1234
164.1611
164.0044
163.6532
163.1077
162.3678
161.6152
160.8501
160.0724
159.2821
158.4792
157.6637
156.8356
155.9949
155.0501
154.0012
152.8481
151.5910
150.2297
148.7643
147.1947
145.5211
143.5847
141.3855
138.9236
136.1989
133.2115
129.9613
126.4484
122.6727
119.2451
116.1655
113.4340
111.0506
109.0152
107.3279
105.9887
104.9975
104.0228
103.0645
102.1226
101.1972
100.2883
99.3957
98.5197
97.6600
96.6374
95.4519
94.1035
92.5921
90.9177
89.0805
87.0803
84.9171
83.0249
81.4036
80.0532
78.9737
78.1652
77.6275
77.3608
77.3650
77.2629
77.0545
76.7398
76.3188
75.7915
75.1579
74.4180
73.5719
72.9403
72.5234
72.3211
72.3335
72.5605
73.0021
73.6583
74.5292
75.2302
75.7612
76.1222
76.3132
76.3343
76.1855
75.8667
75.3779
74.9107
74.4652
74.0413
73.6391
73.2584
72.8994
72.5621
72.2463
71.9713
71.7371
71.5435
71.3908
71.2787
71.2074
71.1768
71.1870
71.2575
71.3883
71.5794
71.8308
72.1426
72.5147
72.9470
73.4397
74.2164
75.2772
76.6219
78.2506
80.1633
82.3600
84.8407
87.6054
90.1560
92.4925
94.6150
96.5233
98.2176
99.6977
100.9638
102.0158
103.4437
105.2473
107.4269
109.9823
112.9135
116.2206
119.9035
123.9623
127.8254
131.4929
134.9648
138.2411
141.3218
144.2068
146.8962
149.3900
151.4592
153.1037
154.3235
155.1187
155.4893
155.4352
154.9565
154.0532
153.1727
152.3152
151.4805
150.6688
149.8799
149.1140
148.3709
147.6508
146.8521
145.9748
145.0190
143.9846
142.8716
141.6800
140.4099
139.0613
137.8841
136.8783
