128.4397
128.1135
127.6219
126.9649
126.1425
125.1547
124.1087
123.0044
121.8419
120.6211
119.3421
118.0048
116.6093
115.1556
113.9567
113.0126
112.3234
111.8891
111.7096
111.7850
112.1152
112.7002
113.1799
113.5543
113.8232
113.9869
114.0451
113.9980
113.8456
113.5878
113.2120
112.7182
112.1065
111.3768
110.5291
109.5635
108.4799
107.2783
106.1021
104.9515
103.8263
102.7265
101.6522
100.6034
99.5800
98.5821
97.5483
96.4785
95.3728
94.2312
93.0536
91.8401
90.5907
89.3053
88.2216
87.3394
86.6588
86.1798
85.9024
85.8266
85.9524
86.2797
86.4421
86.4395
86.2719
85.9393
85.4417
84.7791
83.9515
82.9589
82.1158
81.4223
80.8783
80.4838
80.2389
80.1434
80.1976
80.4012
80.3972
80.1856
79.7664
79.1395
78.3050
77.2629
76.0131
74.5558
73.0938
71.6272
70.1560
68.6801
67.1997
65.7146
64.2249
62.7306
61.4589
60.4096
59.5829
58.9787
58.5970
58.4378
58.5012
58.7871
59.0795
59.3783
59.6837
59.9956
60.3139
60.6388
60.9701
61.3080
61.8370
62.5573
63.4687
64.5713
65.8651
67.3501
69.0264
70.8938
72.4519
73.7008
74.6404
75.2707
75.5917
75.6035
75.3061
74.6993
74.1697
73.7172
73.3419
73.0437
72.8226
72.6786
72.6118
72.6221
73.1174
74.0978
75.5633
77.5138
79.9494
82.8701
86.2758
90.1665
93.7328
96.9747
99.8920
102.4849
104.7533
106.6973
108.3168
109.6118
110.7959
111.8692
112.8316
113.6832
114.4239
115.0537
115.5727
115.9808
118.5854
123.3865
130.3841
139.5782
147.9178
155.4029
162.0336
167.8098
172.7223
176.7712
179.9565
182.2781
183.7361
184.3304
184.0611
182.9281
181.8624
180.8640
179.9328
179.0690
178.2724
177.5430
176.8810
176.2862
175.6849
175.0770
174.4626
173.8417
173.2142
172.5802
171.9396
171.2925
170.3685
169.1676
167.6897
165.9350
163.9033
161.5946
159.0091
156.1466
153.7120
151.7051
150.1259
148.9746
148.2510
147.9552
148.0871
148.6469
148.7048
148.2609
147.3152
145.8676
143.9182
141.4670
138.5140
135.0592
132.1344
129.7398
127.8753
126.5409
125.7366
125.4624
125.7183
126.5043
127.1526
127.6631
128.0359
128.2709
128.3682
128.3277
128.1494
127.8334
127.5521
127.3054
127.0934
126.9161
126.7734
126.6654
126.5920
126.5533
126.2495
125.6805
124.8464
123.7471
122.3827
120.7531
118.8584
116.6986
114.8421
113.2889
112.0390
111.0924
110.4492
110.1093
110.0727
110.3394
110.5605
110.7360
110.8658
110.9500
110.9886
110.9815
110.9288
110.8305
110.6212
110.3011
109.8700
109.3280
108.6752
107.9114
107.0367
106.0510
105.8904
106.5547
108.0439
110.3581
113.4972
117.4613
122.2503
127.8643
132.5645
136.3508
139.2233
141.1819
142.2267
142.3577
141.5748
139.8781
138.2987
136.8366
135.4918
134.2643
133.1541
132.1612
131.2856
130.5273
129.6374
128.6159
127.4629
126.1783
124.7622
123.2144
121.5351
119.7242
118.1875
116.9249
115.9364
115.2221
114.7820
114.6160
114.7241
115.1064
115.2708
115.2172
114.9457
114.4562
113.7489
112.8236
111.6803
110.3192
109.0711
107.9360
106.9141
106.0052
105.2093
104.5266
103.9569
103.5002
103.0669
102.6569
102.2703
101.9069
101.5669
101.2502
100.9569
100.6868
100.4815
100.3409
100.2650
100.2539
100.3074
100.4257
100.6088
100.8565
101.0090
101.0661
101.0280
100.8945
100.6658
100.3417
99.9224
99.4078
98.6755
97.7255
96.5579
95.1726
93.5697
91.7491
89.7108
87.4549
85.5569
84.0168
82.8347
82.0105
81.5442
81.4359
81.6855
82.2930
82.7966
83.1964
83.4922
83.6841
83.7721
83.7562
83.6364
83.4127
83.0523
82.5552
81.9215
81.1511
80.2441
79.2003
78.0199
76.7028
76.0062
75.9301
76.4745
77.6393
79.4246
81.8304
84.8567
88.5034
91.5573
94.0183
95.8865
97.1619
97.8444
97.9341
97.4309
96.3349
95.2182
94.0810
92.9231
91.7446
90.5454
89.3257
88.0853
86.8243
85.7064
84.7316
83.8999
83.2113
82.6658
82.2634
82.0042
81.8880
81.8099
81.7699
81.7680
81.8042
81.8784
81.9908
82.1412
82.3297
83.0894
84.4203
86.3224
88.7957
91.8401
95.4558
99.6426
104.4006
108.4124
111.6779
114.1971
115.9700
116.9967
117.2771
116.8113
115.5991
114.6161
113.8622
113.3374
113.0417
112.9751
113.1376
113.5292
114.1499
114.6396
114.9984
115.2262
115.3230
115.2889
115.1238
114.8277
114.4006
113.8342
113.1284
112.2832
111.2986
110.1746
108.9112
107.5084
105.9662
104.6825
103.6573
102.8905
102.3822
102.1324
102.1410
102.4081
102.9337
103.1690
103.1140
102.7688
102.1334
101.2077
99.9917
98.4855
96.6891
95.0749
93.6431
92.3935
91.3263
90.4414
89.7387
89.2184
88.8804
88.5971
88.3687
88.1950
88.0762
88.0121
88.0028
88.0484
88.1487
88.3099
88.5321
88.8152
89.1592
89.5641
90.0299
90.5567
91.1443
91.8063
92.5426
93.3533
94.2382
95.1974
96.2310
97.3389
98.5210
99.7512
101.0294
102.3556
103.7298
105.1521
106.6223
108.1405
109.7068
111.2176
112.6730
114.0729
115.4175
116.7065
117.9402
119.1184
120.2412
121.1785
121.9302
122.4964
122.8771
123.0723
123.0819
122.9060
122.5446
122.2088
121.8987
121.6142
121.3553
121.1220
120.9144
120.7325
120.5761
120.4138
120.2455
120.0712
119.8909
119.7047
119.5124
119.3142
119.1100
119.0401
119.1046
119.3035
119.6367
120.1043
120.7062
121.4425
122.3132
122.9782
123.4376
123.6914
123.7397
123.5822
123.2192
122.6506
121.8764
121.2144
120.6648
120.2275
119.9024
119.6897
119.5892
119.6011
119.7253
119.6120
119.2614
118.6734
117.8481
116.7853
115.4852
113.9476
112.1727
111.1251
110.8049
111.2119
112.3463
114.2080
116.7970
120.1133
124.1570
127.9232
131.4121
134.6236
137.5576
140.2143
142.5936
144.6955
146.5200
148.0105
149.1669
149.9894
150.4778
150.6322
150.4526
149.9390
149.0914
148.3623
147.7517
147.2596
146.8861
146.6312
146.4947
146.4768
146.5774
146.5291
146.3319
145.9858
145.4907
144.8468
144.0539
143.1120
142.0213
141.0216
140.1130
139.2954
138.5689
137.9335
137.3891
136.9358
136.5735
136.1046
135.5292
134.8472
134.0585
133.1633
132.1615
131.0531
129.8382
128.7683
127.8436
127.0640
126.4296
125.9402
125.5961
125.3970
125.3431
125.3945
125.5513
125.8135
126.1811
126.6540
127.2323
127.9159
128.7050
129.3827
129.9493
130.4046
130.7486
130.9814
131.1029
131.1132
131.0122
130.8346
130.5803
130.2494
129.8418
129.3575
128.7966
128.1591
127.4448
126.6479
125.7681
124.8056
123.7603
122.6323
121.4215
120.1280
118.7516
117.3815
116.0174
114.6595
113.3078
111.9621
110.6226
109.2893
107.9621
106.9000
106.1031
105.5713
105.3047
105.3032
105.5669
106.0957
106.8897
107.5072
107.9481
108.2126
108.3006
108.2121
107.9470
107.5055
106.8875
106.3674
105.9452
105.6210
105.3946
105.2662
105.2358
105.3032
105.4686
105.6124
105.7347
105.8354
105.9145
105.9721
106.0081
106.0226
106.0155
105.8653
105.5720
105.1356
104.5561
103.8335
102.9678
101.9589
100.8070
99.8069
98.9588
98.2626
97.7183
97.3259
97.0854
96.9969
97.0602
96.9637
96.7072
96.2908
95.7145
94.9782
94.0821
93.0260
91.8100
91.0167
90.6460
90.6979
91.1725
92.0697
93.3896
95.1321
97.2972
99.5927
102.0185
104.5746
107.2610
110.0778
113.0249
116.1023
119.3101
121.8078
123.5955
124.6732
125.0409
124.6986
123.6462
121.8838
119.4114
117.2069
115.2702
113.6014
112.2005
111.0674
110.2021
109.6047
109.2752
108.9531
108.6383
108.3310
108.0310
107.7384
107.4532
107.1754
106.9050
106.7624
106.7475
106.8605
107.1013
107.4698
107.9662
108.5903
109.3423
110.0169
110.6143
111.1344
111.5772
111.9427
112.2309
112.4419
112.5756
112.6656
112.7118
112.7144
112.6733
112.5885
112.4601
112.2879
112.0720
111.8622
111.6584
111.4607
111.2691
111.0835
110.9039
110.7304
110.5629
110.3962
110.2301
110.0647
109.9000
109.7360
109.5726
109.4100
109.2480
109.1103
108.9967
108.9074
108.8422
108.8013
108.7846
108.7921
108.8238
108.7552
108.5864
108.3174
107.9481
107.4786
106.9089
106.2389
105.4687
104.8502
104.3835
104.0686
103.9054
103.8939
104.0342
104.3262
104.7700
105.0857
105.2735
105.3332
105.2649
105.0686
104.7442
104.2919
103.7115
103.1771
102.6886
102.2460
101.8493
101.4985
101.1937
100.9348
100.7218
100.5089
100.2961
100.0835
99.8710
99.6585
99.4462
99.2340
99.0220
98.8042
98.5807
98.3516
98.1167
97.8762
97.6299
97.3780
97.1203
96.8745
96.6404
96.4180
96.2075
96.0087
95.8217
95.6465
95.4831
95.3567
95.2674
95.2152
95.2000
95.2219
95.2808
95.3768
95.5099
95.6741
95.8695
96.0961
96.3538
96.6427
96.9627
97.3140
97.6963
97.9325
98.0224
97.9660
97.7634
97.4146
96.9195
96.2782
95.4906
95.3383
95.8213
96.9396
98.6932
101.0821
104.1063
107.7658
112.0605
115.7826
118.9319
121.5085
123.5125
124.9436
125.8021
126.0879
125.8009
125.4898
125.1544
124.7947
124.4108
124.0027
123.5704
123.1138
122.6330
122.0865
121.4743
120.7965
120.0529
119.2437
118.3689
117.4283
116.4221
115.5768
114.8924
114.3689
114.0063
113.8047
113.7639
113.8840
114.1651
114.3418
114.4142
114.3823
114.2460
114.0054
113.6605
113.2112
112.6576
112.1338
111.6397
111.1755
110.7410
110.3363
109.9614
109.6163
109.3009
108.9836
108.6643
108.3431
108.0198
107.6947
107.3675
107.0384
106.7073
106.5739
106.6383
106.9005
107.3603
108.0179
108.8733
109.9264
111.1772
112.2356
113.1015
113.7750
114.2560
114.5445
114.6406
114.5442
114.2553
113.9605
113.6598
113.3531
113.0405
112.7219
112.3974
112.0670
111.7306
111.4284
111.1604
110.9266
110.7270
110.5616
110.4304
110.3334
110.2706
110.1705
110.0331
109.8584
109.6463
109.3969
109.1103
108.7863
108.4250
108.1277
107.8945
107.7254
107.6203
107.5792
107.6022
107.6893
107.8404
107.9509
108.0207
108.0500
108.0386
107.9865
107.8939
107.7606
107.5867
107.4320
107.2965
107.1803
107.0832
107.0054
106.9467
106.9073
106.8871
106.8148
106.6904
106.5138
106.2852
106.0045
105.6717
105.2867
104.8497
104.4609
104.1204
103.8281
103.5841
103.3883
103.2408
103.1415
103.0905
102.9599
102.7495
102.4594
102.0896
101.6401
101.1110
100.5021
99.8135
99.1638
98.5530
97.9810
97.4479
96.9536
96.4982
96.0817
95.7040
96.0075
96.9921
98.6579
101.0048
104.0329
107.7421
112.1325
117.2040
121.6114
125.3548
128.4340
130.8491
132.6001
133.6869
134.1097
133.8684
133.5784
133.2399
132.8527
132.4169
131.9324
131.3994
130.8177
130.1874
129.5942
129.0381
128.5191
128.0371
127.5923
127.1846
126.8139
126.4803
126.1912
125.9466
125.7465
125.5908
125.4796
125.4128
125.3906
125.4128
125.3828
125.3007
125.1665
124.9801
124.7416
124.4509
124.1081
123.7131
123.2473
122.7107
122.1033
121.4251
120.6761
119.8562
118.9656
118.0041
117.2240
116.6253
116.2079
115.9719
115.9172
116.0439
116.3520
116.8414
117.3286
117.8135
118.2961
118.7765
119.2546
119.7304
120.2039
120.6752
121.0242
121.2510
121.3554
121.3377
121.1976
120.9353
120.5507
120.0438
119.5658
119.1166
118.6961
118.3045
117.9417
117.6078
117.3026
117.0262
116.7305
116.4154
116.0809
115.7271
115.3539
114.9613
114.5493
114.1180
113.7232
113.3649
113.0431
112.7578
112.5090
112.2968
112.1210
111.9818
111.8706
111.7875
111.7325
111.7056
111.7067
111.7359
111.7932
111.8786
111.8972
111.8489
111.7338
111.5520
111.3033
110.9878
110.6055
110.1563
109.6863
109.1953
108.6833
108.1505
107.5966
107.0219
106.4262
105.8095
105.2029
104.6063
104.0197
103.4431
102.8765
102.3199
101.7733
101.2367
100.7445
100.2965
99.8929
99.5335
99.2185
98.9478
98.7214
98.5393
98.2017
97.7086
97.0601
96.2561
95.2966
94.1817
92.9112
91.4853
90.6343
90.3582
90.6570
91.5307
92.9793
95.0028
97.6012
100.7745
103.7806
106.6193
109.2908
111.7949
114.1318
116.3014
118.3037
120.1388
121.7566
123.1572
124.3406
125.3067
126.0557
126.5874
126.9020
126.9993
127.0040
126.9160
126.7353
126.4620
126.0960
125.6373
125.0860
124.4420
123.8362
123.2687
122.7393
122.2482
121.7954
121.3807
121.0043
120.6660
120.4128
120.2446
120.1615
120.1633
120.2502
120.4220
120.6789
121.0208
121.2164
121.2658
121.1689
120.9257
120.5363
120.0006
119.3187
118.4905
117.6895
116.9158
116.1693
115.4501
114.7581
114.0934
113.4559
112.8457
112.2508
111.6712
111.1070
110.5581
110.0245
109.5063
109.0034
108.5158
108.1440
107.8878
107.7472
107.7224
107.8132
108.0197
108.3419
108.7797
109.2008
109.6051
109.9925
110.3632
110.7171
111.0541
111.3744
111.6779
111.8820
111.9868
111.9923
111.8985
111.7053
111.4128
111.0210
110.5298
110.1074
109.7537
109.4688
109.2527
109.1052
109.0266
109.0166
109.0754
109.0386
108.9061
108.6779
108.3541
107.9346
107.4195
106.8087
106.1022
105.4382
104.8168
104.2378
103.7014
103.2075
102.7560
102.3471
101.9807
101.6704
101.4164
101.2186
101.0769
100.9915
100.9622
100.9891
101.0723
101.0971
101.0637
100.9719
100.8219
100.6135
100.3469
100.0220
99.6388
99.3908
99.2779
99.3001
99.4576
99.7501
100.1779
100.7408
101.4388
102.0111
102.4575
102.7781
102.9728
103.0418
102.9849
102.8023
102.4938
102.1008
101.6235
101.0617
100.4155
99.6848
98.8697
97.9702
96.9863
96.6501
96.9615
97.9205
99.5273
101.7817
104.6838
108.2336
112.4310
116.0254
119.0166
121.4048
123.1899
124.3719
124.9509
124.9267
124.2995
123.6333
122.9280
122.1838
121.4005
120.5782
119.7169
118.8166
117.8773
117.0285
116.2704
115.6028
115.0259
114.5395
114.1437
113.8385
113.6239
113.4155
113.2133
113.0173
112.8275
112.6439
112.4665
112.2954
112.1304
112.0047
111.9182
111.8709
111.8628
111.8939
111.9642
112.0738
112.2226
112.2980
112.3001
112.2290
112.0845
111.8666
111.5755
111.2110
110.7733
110.4590
110.2682
110.2008
110.2570
110.4366
110.7397
111.1663
111.7163
112.3198
112.9768
113.6871
114.4510
115.2682
116.1390
117.0631
118.0407
118.9067
119.6610
120.3036
120.8346
121.2540
121.5617
121.7578
121.8423
121.8320
121.7269
121.5272
121.2327
120.8435
120.3596
119.7810
119.1076
118.5176
118.0111
117.5880
117.2482
116.9920
116.8191
116.7296
116.7236
116.6493
116.5067
116.2958
116.0167
115.6693
115.2536
114.7696
114.2174
113.7344
113.3207
112.9763
112.7012
112.4953
112.3587
112.2913
112.2933
112.1734
111.9318
111.5685
111.0834
110.4765
109.7478
108.8974
107.9252
107.1178
106.4751
105.9971
105.6839
105.5354
105.5517
105.7327
106.0784
106.3517
106.5524
106.6807
106.7364
106.7197
106.6305
106.4688
106.2346
105.8994
105.4630
104.9255
104.2869
103.5472
102.7063
101.7644
100.7214
99.7845
98.9538
98.2292
97.6107
97.0984
96.6923
96.3922
96.1983
96.1561
96.2657
96.5269
96.9399
97.5046
98.2210
99.0891
100.1089
101.2807
102.6043
104.0799
105.7074
107.4868
109.4181
111.5013
113.7364
115.6772
117.3236
118.6757
119.7335
120.4969
120.9660
121.1408
121.0213
120.9349
120.8816
120.8615
120.8745
120.9207
121.0001
121.1126
121.2582
121.3992
121.5356
121.6673
121.7945
121.9169
122.0348
122.1480
122.2566
122.4078
122.6015
122.8379
123.1168
123.4383
123.8024
124.2091
124.6584
124.9700
125.1438
125.1798
125.0781
124.8386
124.4614
123.9464
123.2937
122.6419
121.9912
121.3413
120.6925
120.0446
119.3978
118.7518
118.1069
117.4941
116.9136
116.3652
115.8490
115.3650
114.9132
114.4936
114.1062
113.7303
113.3660
113.0132
112.6719
112.3422
112.0240
111.7174
111.4223
111.1215
110.8150
110.5028
110.1849
109.8613
109.5321
109.1971
108.8565
108.6242
108.5003
108.4848
108.5777
108.7790
109.0887
109.5067
110.0332
110.4555
110.7736
110.9876
111.0975
111.1031
111.0047
110.8021
110.4953
110.2336
110.0171
109.8457
109.7194
109.6382
109.6021
109.6112
109.6654
109.6372
109.5267
109.3339
109.0588
108.7014
108.2617
107.7396
107.1352
106.5401
105.9543
105.3778
104.8107
104.2528
103.7042
103.1649
102.6349
102.2094
101.8884
101.6718
101.5596
101.5520
101.6487
101.8500
102.1557
102.3513
102.4369
102.4123
102.2777
102.0329
101.6781
101.2132
100.6382
100.1009
99.6012
99.1392
98.7148
98.3280
97.9790
97.6676
97.3938
97.1702
96.9969
96.8737
96.8008
96.7780
96.8055
96.8832
97.0110
97.4551
98.2155
99.2920
100.6847
102.3937
104.4189
106.7603
109.4179
111.7413
113.7305
115.3856
116.7064
117.6930
118.3454
118.6636
118.6477
118.5993
118.5186
118.4055
118.2600
118.0821
117.8719
117.6293
117.3543
117.0767
116.7964
116.5134
116.2277
115.9394
115.6484
115.3547
115.0584
114.7668
114.4801
114.1981
113.9209
113.6485
113.3809
113.1180
112.8600
112.7201
112.6985
112.7951
113.0099
113.3428
113.7940
114.3634
115.0511
115.6719
116.2260
116.7134
117.1340
117.4879
117.7751
117.9955
118.1491
118.3736
118.6689
119.0350
119.4719
119.9797
120.5583
121.2077
121.9279
122.5043
122.9368
123.2256
123.3704
123.3715
123.2287
122.9421
122.5117
122.1160
121.7549
121.4286
121.1370
120.8801
120.6579
120.4704
120.3176
120.0496
119.6662
119.1676
118.5537
117.8245
116.9800
116.0202
114.9452
114.0369
113.2954
112.7208
112.3129
112.0718
111.9974
112.0899
112.3492
112.3700
112.1523
111.6962
111.0016
110.0685
108.8970
107.4870
105.8386
104.3294
102.9597
101.7292
100.6381
99.6863
98.8738
98.2007
97.6669
97.2082
96.8248
96.5165
96.2834
96.1255
96.0428
96.0352
96.1029
96.0969
96.0172
95.8640
95.6371
95.3366
94.9624
94.5147
93.9933
93.5792
93.2724
93.0729
92.9807
92.9959
93.1183
93.3481
93.6852
93.8984
93.9878
93.9535
93.7952
93.5132
93.1073
92.5776
91.9241
91.5869
91.5660
91.8614
92.4731
93.4011
94.6454
96.2060
98.0829
100.0767
102.1874
104.4150
106.7595
109.2210
111.7993
114.4946
117.3068
119.7408
121.7966
123.4742
124.7737
125.6950
126.2382
126.4031
126.1899
125.9677
125.7364
125.4962
125.2469
124.9886
124.7212
124.4449
124.1595
123.8520
123.5223
123.1705
122.7965
122.4003
121.9820
121.5415
121.0788
120.6455
120.2414
119.8667
119.5212
119.2051
118.9182
118.6606
118.4323
118.1609
117.8464
117.4887
117.0879
116.6440
116.1569
115.6267
115.0534
114.5816
114.2113
113.9425
113.7752
113.7094
113.7452
113.8824
114.1212
114.3816
114.6637
114.9675
115.2930
115.6401
116.0089
116.3994
116.8116
117.1845
117.5181
117.8123
118.0673
118.2830
118.4594
118.5965
118.6942
118.7544
118.7770
118.7619
118.7093
118.6190
118.4911
118.3257
118.1226
117.8643
117.5508
117.1821
116.7581
116.2790
115.7446
115.1551
114.5103
113.9522
113.4807
113.0959
112.7978
112.5863
112.4615
112.4233
112.4719
112.4458
112.3451
112.1699
111.9200
111.5956
111.1966
110.7230
110.1748
109.7202
109.3591
109.0916
108.9177
108.8373
108.8504
108.9571
109.1574
109.3017
109.3901
109.4226
109.3991
109.3197
109.1843
108.9930
108.7458
108.5563
108.4245
108.3504
108.3339
108.3752
108.4742
108.6309
108.8453
108.9346
108.8987
108.7377
108.4515
108.0402
107.5038
106.8422
106.0555
105.3072
104.5972
103.9257
103.2925
102.6977
102.1413
101.6233
101.1437
101.0829
101.4410
102.2179
103.4136
105.0282
107.0617
109.5140
112.3851
115.0022
117.3652
119.4741
121.3290
122.9298
124.2766
125.3693
126.2079
126.9412
127.5693
128.0922
128.5098
128.8221
129.0291
129.1309
129.1275
129.0916
129.0232
128.9223
128.7890
128.6233
128.4251
128.1944
127.9313
127.6691
127.4079
127.1476
126.8883
126.6298
126.3724
126.1158
125.8603
125.6140
125.3770
125.1494
124.9311
124.7220
124.5223
124.3320
124.1509
123.9647
123.7734
123.5769
123.3753
123.1686
122.9567
122.7397
122.5176
122.3251
122.1622
122.0289
121.9252
121.8512
121.8067
121.7919
121.8066
121.7827
121.7199
121.6184
121.4782
121.2992
121.0815
120.8250
120.5298
120.1466
119.6752
119.1159
118.4685
117.7330
116.9095
115.9979
114.9983
114.1897
113.5720
113.1452
112.9094
112.8646
113.0107
113.3477
113.8757
114.1870
114.2817
114.1596
113.8208
113.2654
112.4932
111.5044
110.2988
109.2378
108.3213
107.5493
106.9218
106.4388
106.1003
105.9063
105.8568
105.7223
105.5027
105.1979
104.8082
104.3333
103.7733
103.1283
102.3982
101.7570
101.2047
100.7412
100.3667
100.0811
99.8844
99.7765
99.7576
99.6884
99.5690
99.3995
99.1797
98.9096
98.5894
98.2190
97.7983
97.4129
97.0629
96.7482
96.4688
96.2248
96.0161
95.8426
95.7045
95.5964
95.5181
95.4698
95.4514
95.4629
95.5043
95.5757
95.6769
95.6688
95.5512
95.3242
94.9878
94.5419
93.9866
93.3219
92.5478
92.2263
92.3575
92.9413
93.9777
95.4668
97.4085
99.8028
102.6498
105.3704
107.9646
110.4323
112.7736
114.9885
117.0770
119.0391
120.8748
122.3999
123.6143
124.5182
125.1114
125.3940
125.3660
125.0274
124.3782
123.7011
122.9961
122.2631
121.5022
120.7134
119.8966
119.0520
118.1794
117.5011
117.0171
116.7275
116.6321
116.7310
117.0243
117.5118
118.1936
118.5237
118.5019
118.1284
117.4031
116.3259
114.8970
113.1163
110.9837
109.1858
107.7224
106.5935
105.7993
105.3396
105.2144
105.4238
105.9678
106.4467
106.8606
107.2093
107.4930
107.7115
107.8650
107.9534
107.9768
108.0109
108.0557
108.1114
108.1778
108.2550
108.3429
108.4417
108.5512
108.6685
108.7936
108.9265
109.0672
109.2157
109.3720
109.5361
109.7079
109.7941
109.7947
109.7096
109.5388
109.2824
108.9402
108.5125
107.9990
107.4581
106.8897
106.2938
105.6705
105.0196
104.3413
103.6355
102.9022
102.1932
101.5085
100.8481
100.2119
99.5999
99.0123
98.4489
97.9098
97.4300
97.0094
96.6480
96.3458
96.1029
95.9192
95.7948
95.7296
95.6218
95.4714
95.2786
95.0431
94.7651
94.4445
94.0814
93.6757
93.3353
93.0601
92.8503
92.7057
92.6264
92.6123
92.6636
92.7801
92.8953
93.0091
93.1217
93.2329
93.3427
93.4513
93.5585
93.6643
93.6629
93.5541
93.3379
93.0144
92.5835
92.0453
91.3997
90.6468
90.2494
90.2075
90.5211
91.1902
92.2148
93.5949
95.3306
97.4217
99.2908
100.9379
102.3631
103.5662
104.5473
105.3064
105.8436
106.1587
106.6299
107.2573
108.0408
108.9803
110.0760
111.3278
112.7357
114.2998
115.6970
116.9275
117.9912
118.8882
119.6184
120.1818
120.5785
120.8084
120.9565
121.0227
121.0070
120.9095
120.7301
120.4688
120.1257
119.7007
119.3205
118.9851
118.6946
118.4488
118.2478
118.0917
117.9803
117.9138
117.8884
117.9041
117.9609
118.0589
118.1980
118.3783
118.5996
118.8621
119.1208
119.3756
119.6266
119.8738
120.1171
120.3566
120.5923
120.8241
121.0607
121.3021
121.5482
121.7990
122.0546
122.3149
122.5799
122.8497
123.1608
123.5130
123.9065
124.3411
124.8170
125.3342
125.8925
126.4921
126.9894
127.3846
127.6777
127.8685
127.9572
127.9437
127.8280
127.6102
127.3894
127.1657
126.9391
126.7096
126.4772
126.2419
126.0037
125.7625
125.5269
125.2969
125.0724
124.8534
124.6400
124.4322
124.2298
124.0331
123.6877
123.1936
122.5509
121.7596
120.8196
119.7310
118.4938
117.1079
115.8673
114.7719
113.8218
113.0170
112.3575
111.8433
111.4743
111.2506
111.0241
110.7948
110.5626
110.3277
110.0900
109.8495
109.6061
109.3600
109.1305
108.9176
108.7213
108.5417
108.3787
108.2324
108.1026
107.9895
107.8918
107.8096
107.7428
107.6914
107.6555
107.6350
107.6299
107.6403
107.5611
107.3923
107.1339
106.7860
106.3484
105.8213
105.2045
104.4982
103.8641
103.3020
102.8121
102.3943
102.0487
101.7752
101.5738
101.4446
101.6055
102.0566
102.7979
103.8293
105.1509
106.7627
108.6646
110.8567
113.0289
115.1813
117.3138
119.4264
121.5192
123.5921
125.6451
127.6783
129.3661
130.7085
131.7054
132.3569
132.6631
132.6238
132.2391
131.5090
130.8791
130.3494
129.9199
129.5906
129.3616
129.2327
129.2041
129.2757
129.3303
129.3680
129.3888
129.3926
129.3795
129.3495
129.3025
129.2386
129.1741
129.1089
129.0431
128.9767
128.9097
128.8420
128.7737
128.7048
128.5553
128.3253
128.0146
127.6234
127.1516
126.5992
125.9662
125.2526
124.5908
123.9806
123.4220
122.9152
122.4600
122.0565
121.7047
121.4045
121.1526
120.9488
120.7933
120.6860
120.6268
120.6159
120.6532
120.7386
120.7844
120.7905
120.7568
120.6835
120.5705
120.4177
120.2253
119.9932
119.7422
119.4723
119.1836
118.8761
118.5497
118.2045
117.8404
117.4574
117.0056
116.4848
115.8952
115.2366
114.5092
113.7128
112.8476
111.9134
111.0655
110.3038
109.6283
109.0390
108.5359
108.1191
107.7885
107.5441
107.2394
106.8745
106.4493
105.9638
105.4181
104.8121
104.1459
103.4194
102.7788
102.2240
101.7552
101.3722
101.0751
100.8638
100.7385
100.6990
100.6175
100.4941
100.3287
100.1214
99.8720
99.5807
99.2474
98.8722
98.5356
98.2377
97.9784
97.7577
97.5757
97.4323
97.3276
97.2615
97.1094
96.8711
96.5467
96.1362
95.6396
95.0570
94.3882
93.6333
93.0588
92.6647
92.4510
92.4178
92.5649
92.8924
93.4004
94.0887
95.1052
96.4499
98.1227
100.1237
102.4529
105.1103
108.0958
111.4096
114.2835
116.7176
118.7120
120.2666
121.3815
122.0565
122.2918
122.0874
121.8184
121.4849
121.0870
120.6245
120.0976
119.5062
118.8503
118.1299
117.4266
116.7406
116.0717
115.4199
114.7854
114.1680
113.5678
112.9848
112.5047
112.1278
111.8538
111.6829
111.6150
111.6501
111.7882
112.0294
112.1800
112.2400
112.2095
112.0884
111.8767
111.5744
111.1816
110.6982
110.2470
109.8281
109.4415
109.0870
108.7648
108.4749
108.2172
107.9918
107.7830
107.5909
107.4154
107.2566
107.1145
106.9891
106.8803
106.7882
106.7114
106.6498
106.6036
106.5727
106.5571
106.5568
106.5718
106.6021
106.6778
106.7990
106.9657
107.1778
107.4353
107.7384
108.0868
108.4808
108.7721
108.9610
109.0472
109.0309
108.9121
108.6907
108.3668
107.9403
107.5242
107.1186
106.7235
106.3389
105.9647
105.6009
105.2476
104.9048
104.5065
104.0527
103.5433
102.9784
102.3581
101.6822
100.9508
100.1639
99.4601
98.8393
98.3016
97.8469
97.4753
97.1868
96.9813
96.8589
96.7882
96.7694
96.8024
96.8871
97.0237
97.2120
97.4522
97.7441
97.9743
98.1426
98.2492
98.2940
98.2769
98.1981
98.0575
97.8552
97.6961
97.5804
97.5081
97.4790
97.4934
97.5510
97.6520
97.7964
97.7316
97.4576
96.9745
96.2823
95.3809
94.2703
92.9506
91.4217
90.5676
90.3883
90.8837
92.0538
93.8987
96.4184
99.6128
103.4819
106.9605
110.0485
112.7460
115.0529
116.9692
118.4950
119.6302
120.3748
120.9852
121.4614
121.8033
122.0110
122.0844
122.0236
121.8285
121.4992
121.1932
120.9103
120.6507
120.4143
120.2012
120.0113
119.8446
119.7011
119.5913
119.5152
119.4728
119.4640
119.4889
119.5475
119.6398
119.7657
119.8818
119.9882
120.0848
120.1715
120.2486
120.3158
120.3732
120.4209
120.2914
119.9848
119.5010
118.8402
118.0022
116.9871
115.7948
114.4254
113.2705
112.3301
111.6041
111.0926
110.7955
110.7129
110.8447
111.1911
111.5003
111.7724
112.0074
112.2052
112.3660
112.4897
112.5762
112.6256
112.6420
112.6252
112.5753
112.4923
112.3763
112.2271
112.0448
111.8294
111.6841
111.6087
111.6033
111.6679
111.8026
112.0072
112.2819
112.6265
112.8744
113.0257
113.0803
113.0381
112.8993
112.6638
112.3315
111.9026
111.5147
111.1677
110.8618
110.5968
110.3728
110.1897
110.0477
109.9466
109.8614
109.7921
109.7386
109.7009
109.6791
109.6732
109.6831
109.7088
109.6244
109.4297
109.1249
108.7099
108.1848
107.5494
106.8039
105.9481
105.1598
104.4389
103.7853
103.1992
102.6805
102.2291
101.8452
101.5287
101.2141
100.9016
100.5911
100.2827
99.9762
99.6717
99.3693
99.0688
98.7920
98.5388
98.3092
98.1031
97.9207
97.7619
97.6267
97.5151
97.4332
97.3810
97.3585
97.3657
97.4026
97.4693
97.5656
97.6917
98.0887
98.7565
99.6951
100.9047
102.3851
104.1363
106.1584
108.4514
110.6791
112.8414
114.9383
116.9698
118.9360
120.8368
122.6723
124.4424
125.8148
126.7893
127.3661
127.5451
127.3263
126.7098
125.6955
124.2834
123.1534
122.3056
121.7399
121.4563
121.4549
121.7356
122.2984
123.1434
123.8277
124.3514
124.7145
124.9170
124.9588
124.8400
124.5606
124.1206
123.8355
123.7055
123.7304
123.9104
124.2453
124.7353
125.3803
126.1802
126.7210
127.0028
127.0254
126.7889
126.2933
125.5386
124.5248
123.2519
122.1430
121.1980
120.4171
119.8000
119.3470
119.0579
118.9328
118.9717
119.0653
119.2136
119.4165
119.6742
119.9866
120.3536
120.7754
121.2518
121.7087
122.1461
122.5639
122.9622
123.3409
123.7001
124.0398
124.3600
124.6513
124.9139
125.1478
125.3529
125.5292
125.6768
125.7956
125.8856
125.8872
125.8004
125.6251
125.3614
125.0093
124.5688
124.0398
123.4224
122.8144
122.2159
121.6269
121.0472
120.4771
119.9163
119.3650
118.8232
118.2614
117.6795
117.0776
116.4556
115.8137
115.1517
114.4697
113.7677
113.1756
112.6935
112.3212
112.0589
111.9065
111.8640
111.9314
112.1088
112.1589
112.0819
111.8776
111.5461
111.0873
110.5014
109.7882
108.9479
108.1850
107.4995
106.8915
106.3610
105.9079
105.5323
105.2342
105.0135
104.7499
104.4432
104.0935
103.7008
103.2651
102.7864
102.2647
101.7000
101.1571
100.6360
100.1367
99.6592
99.2035
98.7696
98.3576
97.9673
98.0913
98.7295
99.8819
101.5486
103.7296
106.4247
109.6342
113.3578
116.6879
119.6244
122.1673
124.3167
126.0724
127.4346
128.4032
128.9782
129.4660
129.8664
130.1796
130.4055
130.5441
130.5954
130.5595
130.4362
130.2452
129.9864
129.6597
129.2653
128.8030
128.2730
127.6751
127.0094
126.2733
125.4666
124.5895
123.6419
122.6239
121.5353
120.3763
119.1468
118.1579
117.4094
116.9015
116.6341
116.6072
116.8209
117.2751
117.9698
118.5021
118.8721
119.0796
119.1247
119.0075
118.7278
118.2858
117.6813
117.1685
116.7472
116.4174
116.1793
116.0327
115.9777
116.0142
116.1424
116.1380
116.0010
115.7315
115.3295
114.7950
114.1279
113.3283
112.3962
111.5213
110.7038
109.9435
109.2406
108.5949
108.0066
107.4755
107.0018
106.6397
106.3892
106.2504
106.2233
106.3078
106.5040
106.8118
107.2313
107.6017
107.9229
108.1950
108.4179
108.5916
108.7163
108.7918
108.8181
108.8474
108.8798
108.9151
108.9534
108.9947
109.0390
109.0863
109.1366
109.1302
109.0669
108.9469
108.7701
108.5365
108.2462
107.8991
107.4952
107.1186
106.7692
106.4472
106.1524
105.8850
105.6448
105.4319
105.2463
105.0967
104.9831
104.9055
104.8640
104.8585
104.8889
104.9555
105.0580
104.9791
104.7188
104.2771
103.6539
102.8494
101.8634
100.6961
99.3473
98.1768
97.1845
96.3705
95.7347
95.2771
94.9978
94.8968
94.9740
95.2394
95.6930
96.3348
97.1648
98.1830
99.3893
100.7839
102.3667
103.7329
104.8826
105.8157
106.5323
107.0323
107.3158
107.3828
107.2332
107.0736
106.9039
106.7243
106.5346
106.3348
106.1251
105.9053
105.6755
105.4424
105.2061
104.9665
104.7236
104.4775
104.2281
103.9754
103.7195
103.5283
103.4018
103.3402
103.3432
103.4110
103.5436
103.7409
104.0030
104.0634
103.9221
103.5791
103.0345
102.2882
101.3402
100.1905
98.8392
97.7408
96.8954
96.3029
95.9633
95.8767
96.0430
96.4623
97.1345
97.6675
98.0614
98.3162
98.4318
98.4082
98.2455
97.9437
97.5026
97.2095
97.0641
97.0665
97.2168
97.5149
97.9609
98.5546
99.2962
99.9698
100.5754
101.1129
101.5825
101.9841
102.3177
102.5832
102.7808
102.8765
102.8704
102.7624
102.5526
102.2410
101.8274
101.3121
100.6949
100.1690
99.7345
99.3913
99.1395
98.9790
98.9098
98.9319
99.0454
99.1114
99.1298
99.1006
99.0238
98.8996
98.7277
98.5083
98.2413
97.9833
97.7342
97.4941
97.2630
97.0408
96.8275
96.6232
96.4279
96.2348
96.0441
95.8556
95.6694
95.4855
95.3039
95.1245
94.9475
94.8715
94.8965
95.0224
95.2495
95.5775
96.0065
96.5366
97.1676
97.7514
98.2880
98.7774
99.2195
99.6144
99.9621
100.2625
100.5157
100.7477
100.9585
101.1480
101.3164
101.4635
101.5894
101.6940
101.7775
102.1876
102.9244
103.9880
105.3782
107.0951
109.1387
111.5089
114.2059
116.5870
118.6523
120.4018
121.8355
122.9534
123.7554
124.2416
124.4120
124.5968
124.7961
125.0099
125.2381
125.4808
125.7379
126.0095
126.2955
126.5298
126.7125
126.8434
126.9227
126.9502
126.9260
126.8502
126.7226
126.6123
126.5192
126.4434
126.3849
126.3435
126.3195
126.3126
126.3231
126.3806
126.4854
126.6373
126.8364
127.0827
127.3761
127.7167
128.1045
128.4387
128.7195
128.9466
129.1203
129.2405
129.3071
129.3202
129.2797
129.2832
129.3306
129.4218
129.5569
129.7360
129.9589
130.2257
130.5364
130.8022
131.0231
131.1990
131.3300
131.4161
131.4573
131.4535
131.4049
131.3050
131.1540
130.9517
130.6983
130.3937
130.0379
129.6309
129.1728
128.7277
128.2956
127.8767
127.4708
127.0780
126.6982
126.3316
125.9779
125.6842
125.4503
125.2763
125.1621
125.1078
125.1133
125.1787
125.3040
125.3677
125.3698
125.3104
125.1894
125.0068
124.7627
124.4570
124.0898
123.7440
123.4196
123.1166
122.8349
122.5747
122.3359
122.1185
121.9225
121.6322
121.2476
120.7687
120.1955
119.5280
118.7661
117.9100
116.9596
116.0780
115.2653
114.5215
113.8466
113.2406
112.7034
112.2351
111.8357
111.4258
111.0054
110.5745
110.1331
109.6813
109.2190
108.7462
108.2629
107.7925
107.3350
106.8904
106.4586
106.0397
105.6337
105.2406
104.8603
104.6118
104.4948
104.5096
104.6560
104.9341
105.3439
105.8854
106.5585
107.4053
108.4259
109.6202
110.9882
112.5300
114.2455
116.1347
118.1976
120.0070
121.5627
122.8649
123.9136
124.7086
125.2501
125.5380
125.5723
125.4739
125.2429
124.8792
124.3829
123.7538
122.9921
122.0978
121.0708
120.1013
119.1892
118.3347
117.5377
116.7981
116.1161
115.4915
114.9244
114.3467
113.7584
113.1594
112.5497
111.9294
111.2984
110.6568
110.0046
109.4135
108.8834
108.4145
108.0067
107.6600
107.3744
107.1500
106.9866
106.7572
106.4619
106.1006
105.6732
105.1799
104.6206
103.9953
103.3040
102.7639
102.3750
102.1373
102.0508
102.1154
102.3313
102.6984
103.2166
103.7014
104.1527
104.5705
104.9548
105.3056
105.6230
105.9069
106.1573
106.3998
106.6342
106.8607
107.0792
107.2898
107.4923
107.6869
107.8735
108.0546
108.2303
108.4005
108.5652
108.7244
108.8782
109.0265
109.1693
109.3089
109.4452
109.5783
109.7081
109.8347
109.9581
110.0782
110.1950
110.3513
110.5470
110.7821
111.0566
111.3706
111.7240
112.1168
112.5490
112.8958
113.1570
113.3327
113.4228
113.4275
113.3467
113.1803
112.9285
112.7218
112.5604
112.4442
112.3733
112.3475
112.3670
112.4317
112.5417
112.6177
112.6599
112.6681
112.6425
112.5830
112.4897
112.3624
112.2013
112.0164
111.8078
111.5755
111.3195
111.0398
110.7363
110.4091
110.0582
109.6722
109.2511
108.7949
108.3036
107.7772
107.2157
106.6192
105.9875
105.3888
104.8230
104.2901
103.7901
103.3231
102.8890
102.4879
102.1196
102.1424
102.5563
103.3611
104.5570
106.1439
108.1219
110.4909
113.2509
115.6355
117.6448
119.2788
120.5374
121.4207
121.9286
122.0612
121.8184
121.5915
121.3804
121.1853
121.0059
120.8425
120.6949
120.5631
120.4472
120.2985
120.1170
119.9027
119.6555
119.3756
119.0628
118.7172
118.3387
117.9387
117.5170
117.0736
116.6087
116.1221
115.6139
115.0840
114.5325
113.9962
113.4750
112.9691
112.4784
112.0028
111.5424
111.0972
110.6672
110.2371
109.8070
109.3768
108.9465
108.5162
108.0858
107.6553
107.2247
106.8603
106.5619
106.3296
106.1633
106.0632
106.0291
106.0611
106.1592
106.2489
106.3304
106.4035
106.4684
106.5249
106.5732
106.6131
106.6447
106.6611
106.6622
106.6481
106.6187
106.5740
106.5142
106.4390
106.3486
106.2312
106.0868
105.9153
105.7167
105.4912
105.2386
104.9589
104.6523
104.3883
104.1669
103.9882
103.8522
103.7589
103.7082
103.7002
103.7349
103.7473
103.7375
103.7055
103.6512
103.5747
103.4760
103.3550
103.2118
103.0720
102.9354
102.8021
102.6722
102.5455
102.4222
102.3022
102.1855
101.9977
101.7390
101.4093
101.0086
100.5369
99.9942
99.3806
98.6959
98.1136
97.6338
97.2564
96.9815
96.8089
96.7388
96.7712
96.9059
96.9831
97.0026
96.9644
96.8686
96.7151
96.5041
96.2353
95.9089
95.6098
95.3378
95.0930
94.8754
94.6851
94.5219
94.3859
94.2772
94.5438
95.1857
96.2031
97.5958
99.3639
101.5073
104.0262
106.9204
109.5348
111.8694
113.9242
115.6993
117.1945
118.4099
119.3455
120.0013
120.4876
120.8042
120.9513
120.9288
120.7367
120.3751
119.8438
119.1430
118.4282
117.6994
116.9566
116.1999
115.4291
114.6444
113.8456
113.0329
112.2165
111.3963
110.5724
109.7448
108.9135
108.0784
107.2396
106.3971
105.6833
105.0982
104.6418
104.3142
104.1152
104.0450
104.1034
104.2906
104.4531
104.5910
104.7043
104.7929
104.8569
104.8963
104.9110
104.9011
104.9052
104.9234
104.9555
105.0017
105.0619
105.1362
105.2244
105.3267
105.5177
105.7975
106.1661
106.6234
107.1694
107.8043
108.5278
109.3401
110.0520
110.6635
111.1745
111.5852
111.8954
112.1051
112.2145
112.2234
112.3068
112.4646
112.6968
113.0034
113.3845
113.8400
114.3699
114.9742
115.4346
115.7510
115.9235
115.9520
115.8366
115.5771
115.1738
114.6264
114.1021
113.6007
113.1223
112.6669
112.2345
111.8251
111.4387
111.0753
110.7041
110.3252
109.9385
109.5441
109.1419
108.7320
108.3143
107.8890
107.5105
107.1789
106.8943
106.6567
106.4659
106.3221
106.2252
106.1752
106.0716
105.9144
105.7036
105.4391
105.1211
104.7494
104.3241
103.8452
103.3333
102.7885
102.2107
101.6000
100.9563
100.2796
99.5700
98.8274
98.0886
97.3535
96.6222
95.8947
95.1710
94.4510
93.7348
93.0224
92.6878
92.7310
93.1520
93.9509
95.1276
96.6821
98.6144
100.9245
103.2077
105.4640
107.6932
109.8956
112.0709
114.2193
116.3408
118.4353
120.3462
122.0735
123.6172
124.9773
126.1538
127.1467
127.9560
128.5817
129.1794
129.7492
130.2910
130.8048
131.2908
131.7487
132.1787
132.5807
132.9431
133.2657
133.5487
133.7920
133.9956
134.1595
134.2838
134.3683
134.4474
134.5209
134.5888
134.6513
134.7082
134.7596
134.8054
134.8458
134.8285
134.7537
134.6212
134.4312
134.1835
133.8783
133.5154
133.0950
132.6734
132.2507
131.8269
131.4019
130.9758
130.5486
130.1203
129.6908
129.3073
128.9697
128.6781
128.4325
128.2328
128.0791
127.9713
127.9095
127.8821
127.8892
127.9306
128.0065
128.1168
128.2615
128.4407
128.6543
128.7796
128.8168
128.7658
128.6265
128.3991
128.0835
127.6796
127.1876
126.6855
126.1734
125.6512
125.1191
124.5768
124.0246
123.4623
122.8899
122.3111
121.7256
121.1337
120.5352
119.9301
119.3185
118.7004
118.0757
117.4718
116.8886
116.3261
115.7844
115.2634
114.7631
114.2835
113.8247
113.3651
112.9047
112.4434
111.9812
111.5183
111.0545
110.5899
110.1245
109.6637
109.2075
108.7560
108.3091
107.8669
107.4293
106.9963
106.5679
106.2327
105.9906
105.8416
105.7858
105.8231
105.9534
106.1769
106.4936
106.7607
106.9783
107.1463
107.2649
107.3339
107.3534
107.3234
107.2439
107.2109
107.2246
107.2848
107.3916
107.5450
107.7450
107.9915
108.2846
108.5548
108.8020
109.0262
109.2273
109.4056
109.5608
109.6930
109.8023
109.9681
110.1905
110.4696
110.8052
111.1973
111.6461
112.1515
112.7134
113.2244
113.6844
114.0934
114.4515
114.7586
115.0148
115.2200
115.3742
115.5103
115.6281
115.7277
115.8091
115.8723
115.9172
115.9440
115.9525
116.1695
116.5950
117.2289
118.0713
119.1222
120.3815
121.8493
123.5256
125.0966
126.5624
127.9230
129.1784
130.3286
131.3736
132.3133
133.1478
133.7221
134.0361
134.0899
133.8834
133.4167
132.6897
131.7025
130.4550
129.1463
127.7765
126.3455
124.8533
123.3000
121.6855
120.0098
118.2730
116.7462
115.4295
114.3229
113.4264
112.7400
112.2636
111.9974
111.9412
111.6508
111.1262
110.3673
109.3743
108.1470
106.6855
104.9898
103.0599
101.3903
99.9810
98.8321
97.9435
97.3152
96.9472
96.8395
96.9922
97.3444
97.8961
98.6474
99.5982
100.7486
102.0985
103.6479
105.3969
106.9543
108.3201
109.4943
110.4770
111.2680
111.8675
112.2754
112.4917
112.4606
112.1820
111.6559
110.8824
109.8614
108.5929
107.0770
105.3136
103.7262
102.3149
101.0795
100.0201
99.1368
98.4294
97.8981
97.5428
97.2406
96.9915
96.7957
96.6529
96.5634
96.5269
96.5437
96.6136
96.6799
96.7426
96.8018
96.8574
96.9095
96.9579
97.0028
97.0442
97.1285
97.2559
97.4262
97.6396
97.8960
98.1953
98.5377
98.9231
99.2174
99.4208
99.5332
99.5546
99.4849
99.3243
99.0727
98.7301
98.7766
99.2122
100.0369
101.2508
102.8537
104.8458
107.2270
109.9973
112.4354
114.5412
116.3147
117.7560
118.8650
119.6418
120.0864
120.1987
119.9515
119.3447
118.3785
117.0528
115.3676
113.3229
110.9186
108.1549
105.5807
103.1962
101.0012
98.9958
97.1800
95.5538
94.1171
92.8701
91.7914
90.8810
90.1391
89.5655
89.1602
88.9233
88.8548
88.9547
89.0652
89.1865
89.3184
89.4610
89.6144
89.7784
89.9531
90.1385
90.2829
90.3863
90.4486
90.4700
90.4503
90.3895
90.2878
90.1450
90.0934
90.1330
90.2637
90.4857
90.7988
91.2030
91.6985
92.2851
92.7966
93.2330
93.5943
93.8804
94.0915
94.2274
94.2882
94.2738
94.2536
94.2274
94.1952
94.1572
94.1132
94.0632
94.0074
93.9456
93.8735
93.7912
93.6986
93.5957
93.4825
93.3591
93.2254
93.0814
92.9458
92.8186
92.6997
92.5892
92.4870
92.3932
92.3077
92.2307
92.1662
92.1145
92.0754
92.0490
92.0353
92.0342
92.0458
92.0701
92.1835
92.3860
92.6776
93.0584
93.5283
94.0873
94.7355
95.4728
96.1285
96.7027
97.1953
97.6063
97.9358
98.1837
98.3501
98.4348
98.7109
99.1783
99.8370
100.6869
101.7282
102.9607
104.3845
105.9997
107.3780
108.5195
109.4241
110.0920
110.5230
110.7171
110.6745
110.3950
110.2857
110.3464
110.5772
110.9781
111.5491
112.2902
113.2014
114.2827
115.4178
116.6068
117.8496
119.1463
120.4969
121.9013
123.3595
124.8716
126.1271
127.1261
127.8685
128.3543
128.5835
128.5561
128.2722
127.7317
127.2640
126.8691
126.5471
126.2978
126.1214
126.0178
125.9871
126.0291
126.1710
126.4129
126.7546
127.1962
127.7376
128.3790
129.1202
129.9613
130.7739
131.5580
132.3135
133.0405
133.7389
134.4088
135.0502
135.6631
136.2636
136.8518
137.4276
137.9912
138.5424
139.0812
139.6078
140.1220
140.5743
140.9648
141.2933
141.5600
141.7648
141.9078
141.9888
142.0080
142.0842
142.2176
142.4080
142.6555
142.9600
143.3217
143.7404
144.2162
144.7446
145.3258
145.9596
146.6461
147.3852
148.1771
149.0216
149.9188
151.0825
152.5129
154.2099
156.1734
158.4036
160.9003
163.6637
166.6936
169.2668
171.3832
173.0429
174.2458
174.9920
175.2814
175.1141
174.4900
174.0487
173.7900
173.7141
173.8209
174.1104
174.5826
175.2375
176.0751
176.7575
177.2846
177.6564
177.8731
177.9345
177.8406
177.5915
177.1871
176.4887
175.4962
174.2096
172.6290
170.7543
168.5855
166.1226
163.3657
160.5905
157.7969
154.9849
152.1547
149.3061
146.4391
143.5539
140.6503
137.4791
134.0405
130.3344
126.3608
122.1196
117.6110
112.8348
107.7912
103.0342
98.5640
94.3805
90.4837
86.8737
83.5503
80.5137
77.7637
75.1991
72.8198
70.6258
68.6170
66.7936
65.1554
63.7026
62.4351
61.2926
60.2753
59.3831
58.6160
57.9741
57.4572
57.0655
56.7989
56.8834
57.3190
58.1057
59.2435
60.7325
62.5725
64.7637
67.3060
69.4308
71.1381
72.4280
73.3004
73.7554
73.7929
73.4130
72.6156
71.9210
71.3291
70.8401
70.4539
70.1706
69.9900
69.9122
69.9372
69.7716
69.4153
68.8684
68.1309
67.2028
66.0840
64.7745
63.2745
61.9302
60.7416
59.7088
58.8318
58.1105
57.5449
57.1351
56.8810
56.6619
56.4776
56.3283
56.2138
56.1342
56.0896
56.0798
56.1050
56.4048
56.9793
57.8286
58.9525
60.3512
62.0246
63.9726
66.1954
68.3114
70.3207
72.2232
74.0190
75.7081
77.2904
78.7660
80.1348
81.4228
82.6300
83.7564
84.8020
85.7668
86.6508
87.4540
88.1763
88.8872
89.5865
90.2744
90.9507
91.6156
92.2690
92.9108
93.5412
94.1986
94.8830
95.5945
96.3330
97.0986
97.8912
98.7109
99.5576
100.3608
101.1205
101.8368
102.5095
103.1388
103.7246
104.2669
104.7657
105.2938
105.8513
106.4381
107.0543
107.6998
108.3746
109.0788
109.8122
110.4651
111.0373
111.5289
111.9398
112.2700
112.5196
112.6886
112.7769
112.9414
113.1821
113.4990
113.8920
114.3612
114.9066
115.5282
116.2259
116.8511
117.4038
117.8839
118.2914
118.6265
118.8889
119.0789
119.1963
119.2755
119.3167
119.3198
119.2847
119.2116
119.1004
118.9510
118.7635
118.6776
118.6931
118.8100
119.0285
119.3484
119.7699
120.2928
120.9171
121.7092
122.6690
123.7964
125.0916
126.5544
128.1850
129.9832
131.9491
133.7342
135.3385
136.7620
138.0046
139.0665
139.9475
140.6477
141.1671
141.5760
141.8745
142.0625
142.1400
142.1071
141.9638
141.7100
141.3457
141.0243
140.7459
140.5103
140.3177
140.1680
140.0612
139.9973
139.9763
139.9390
139.8854
139.8155
139.7292
139.6267
139.5078
139.3726
139.2211
139.1203
139.0702
139.0708
139.1221
139.2241
139.3767
139.5801
139.8342
140.0121
140.1140
140.1397
140.0893
139.9628
139.7602
139.4814
139.1266
138.7852
138.4574
138.1430
137.8421
137.5547
137.2808
137.0204
136.7735
136.4762
136.1285
135.7305
135.2821
134.7834
134.2343
133.6348
132.9849
132.3701
131.7904
131.2458
130.7363
130.2618
129.8224
129.4181
129.0489
128.5975
128.0640
127.4484
126.7507
125.9708
125.1088
124.1646
123.1383
122.1508
121.2021
120.2922
119.4211
118.5888
117.7952
117.0405
116.3245
115.6695
115.0755
114.5426
114.0706
113.6595
113.3095
113.0205
112.7925
112.5692
112.3508
112.1371
111.9282
111.7240
111.5247
111.3301
111.1403
111.0540
111.0711
111.1918
111.4159
111.7435
112.1746
112.7091
113.3472
113.8660
114.2656
114.5459
114.7071
114.7490
114.6717
114.4752
114.1594
113.8587
113.5730
113.3023
113.0467
112.8061
112.5806
112.3701
112.1746
111.9153
111.5922
111.2053
110.7547
110.2402
109.6619
109.0198
108.3140
107.9091
107.8052
108.0024
108.5005
109.2997
110.3998
111.8010
113.5032
115.0625
116.4788
117.7522
118.8827
119.8703
120.7150
121.4167
121.9755
122.2444
122.2233
121.9122
121.3112
120.4202
119.2392
117.7683
116.0074
114.4589
113.1228
111.9992
111.0879
110.3891
109.9027
109.6287
109.5671
109.4592
109.3050
109.1044
108.8576
108.5645
108.2251
107.8393
107.4073
107.1446
107.0511
107.1270
107.3722
107.7867
108.3705
109.1236
110.0461
110.7926
111.3634
111.7582
111.9772
112.0204
111.8877
111.5791
111.0947
110.7716
110.6097
110.6091
110.7697
111.0916
111.5748
112.2192
113.0249
113.7299
114.3343
114.8379
115.2408
115.5431
115.7446
115.8455
115.8457
115.8573
115.8802
115.9145
115.9602
116.0173
116.0858
116.1656
116.2568
116.2660
116.1933
116.0385
115.8017
115.4830
115.0822
114.5995
114.0347
113.4705
112.9069
112.3439
111.7815
111.2196
110.6583
110.0976
109.5375
108.9404
108.3065
107.6356
106.9279
106.1832
105.4017
104.5832
103.7278
102.9163
102.1487
101.4250
100.7451
100.1091
99.5170
98.9687
98.4643
97.9805
97.5172
97.0744
96.6521
96.2504
95.8692
95.5085
95.1683
94.7585
94.2789
93.7296
93.1106
92.4219
91.6635
90.8354
89.9375
89.1034
88.3329
87.6261
86.9830
86.4036
85.8879
85.4358
85.0475
84.5855
84.0499
83.4406
82.7577
82.0012
81.1711
80.2673
79.2899
78.7177
78.5507
78.7889
79.4323
80.4809
81.9347
83.7937
86.0579
88.4600
91.0001
93.6782
96.4941
99.4481
102.5400
105.7698
109.1376
112.0854
114.6133
116.7213
118.4093
119.6774
120.5256
120.9538
120.9620
120.7240
120.2395
119.5087
118.5315
117.3080
115.8382
114.1219
112.1593
110.4704
109.0551
107.9134
107.0454
106.4510
106.1303
106.0832
106.3097
106.4242
106.4266
106.3168
106.0950
105.7611
105.3150
104.7569
104.0867
103.3659
102.5945
101.7725
100.8999
99.9767
99.0029
97.9785
96.9035
95.8948
94.9525
94.0764
93.2667
92.5233
91.8462
91.2355
90.6910
90.4878
90.6257
91.1048
91.9251
93.0866
94.5893
96.4331
98.6182
100.5208
102.1409
103.4787
104.5340
105.3070
105.7974
106.0055
105.9311
106.0140
106.2541
106.6514
107.2060
107.9178
108.7868
109.8130
110.9965
112.0281
112.9080
113.6360
114.2122
114.6365
114.9091
115.0298
114.9988
114.8846
114.6875
114.4073
114.0440
113.5978
113.0685
112.4561
111.7607
111.1899
110.7437
110.4222
110.2252
110.1528
110.2051
110.3819
110.6834
110.9162
111.0804
111.1759
111.2028
111.1611
111.0507
110.8717
110.6241
110.4119
110.2353
110.0941
109.9885
109.9183
109.8836
109.8845
109.9208
109.9028
109.8304
109.7038
109.5228
109.2875
108.9979
108.6539
108.2556
107.8319
107.3827
106.9081
106.4080
105.8824
105.3314
104.7549
104.1530
103.5934
103.0761
102.6012
102.1687
101.7785
101.4306
101.1251
100.8620
101.1075
101.8617
103.1247
104.8963
107.1765
109.9655
113.2632
117.0695
120.4957
123.5417
126.2075
128.4932
130.3986
131.9239
133.0690
133.8340
134.3750
134.6921
134.7853
134.6546
134.3000
133.7215
132.9191
131.8928
130.9844
130.1940
129.5215
128.9670
128.5304
128.2118
128.0111
127.9284
127.8326
127.7237
127.6018
127.4668
127.3187
127.1575
126.9832
126.7959
126.5644
126.2888
125.9690
125.6050
125.1969
124.7447
124.2482
123.7077
123.1659
122.6229
122.0786
121.5331
120.9863
120.4384
119.8891
119.3387
118.8164
118.3222
117.8562
117.4184
117.0087
116.6271
116.2737
115.9484
115.6540
115.3904
115.1576
114.9556
114.7844
114.6441
114.5345
114.4558
114.3972
114.3588
114.3406
114.3425
114.3646
114.4068
114.4692
114.5518
114.6102
114.6444
114.6545
114.6403
114.6020
114.5396
114.4529
114.3421
114.1681
113.9310
113.6307
113.2673
112.8406
112.3509
111.7980
111.1819
110.5578
109.9258
109.2859
108.6379
107.9821
107.3182
106.6464
105.9666
105.3961
104.9346
104.5824
104.3393
104.2053
104.1806
104.2650
104.4585
104.5602
104.5701
104.4880
104.3141
104.0484
103.6907
103.2412
102.6998
102.1849
101.6964
101.2343
100.7987
100.3895
100.0067
99.6504
99.3205
98.9907
98.6607
98.3308
98.0009
97.6709
97.3409
97.0109
96.6809
96.4642
96.3607
96.3706
96.4938
96.7304
97.0802
97.5433
98.1197
98.6680
99.1881
99.6800
100.1438
100.5794
100.9868
101.3661
101.7172
102.5851
103.9700
105.8716
108.2902
111.2256
114.6779
118.6470
123.1330
127.0073
130.2697
132.9205
134.9594
136.3866
137.2020
137.4056
136.9975
136.6064
136.2324
135.8753
135.5353
135.2123
134.9064
134.6174
134.3455
134.0707
133.7931
133.5125
133.2291
132.9428
132.6537
132.3616
132.0667
131.7563
131.4305
131.0891
130.7323
130.3600
129.9722
129.5690
129.1502
128.6919
128.1941
127.6567
127.0798
126.4633
125.8073
125.1117
124.3766
123.6892
123.0495
122.4575
121.9133
121.4167
120.9678
120.5667
120.2132
119.9381
119.7414
119.6230
119.5830
119.6214
119.7381
119.9331
120.2066
120.3735
120.4340
120.3879
120.2354
119.9764
119.6108
119.1388
118.5603
118.0364
117.5670
117.1522
116.7919
116.4861
116.2349
116.0383
115.8962
115.7050
115.4646
115.1750
114.8363
114.4484
114.0114
113.5253
112.9899
112.5129
112.0940
111.7334
111.4310
111.1869
111.0010
110.8733
110.8039
110.7170
110.6127
110.4908
110.3516
110.1948
110.0206
109.8289
109.6198
109.3275
108.9522
108.4937
107.9521
107.3275
106.6197
105.8288
104.9548
104.0719
103.1801
102.2794
101.3698
100.4513
99.5239
98.5876
97.6424
96.6781
95.6947
94.6922
93.6706
92.6299
91.5702
90.4913
89.3933
88.5255
87.8879
87.4805
87.3033
87.3563
87.6395
88.1529
88.8965
89.5293
90.0513
90.4626
90.7630
90.9527
91.0316
90.9997
90.8571
91.5167
92.9786
95.2428
98.3094
102.1782
106.8493
112.3227
118.5984
123.9842
128.4801
132.0862
134.8024
136.6287
137.5651
137.6116
136.7683
135.9642
135.1993
134.4736
133.7872
133.1400
132.5321
131.9633
131.4338
130.8936
130.3428
129.7812
129.2090
128.6261
128.0325
127.4282
126.8133
126.1433
125.4183
124.6384
123.8034
122.9134
121.9684
120.9685
119.9135
118.8096
117.6568
116.4552
115.2046
113.9051
112.5568
111.1596
109.7135
108.4120
107.2551
106.2429
105.3754
104.6524
104.0742
103.6405
103.3515
103.1274
102.9682
102.8738
102.8444
102.8798
102.9802
103.1454
103.3755
103.6233
103.8888
104.1721
104.4731
104.7918
105.1282
105.4823
105.8541
106.0904
106.1909
106.1559
105.9853
105.6790
105.2371
104.6596
103.9464
103.2844
102.6734
102.1135
101.6046
101.1469
100.7402
100.3846
100.0801
99.7977
99.5374
99.2993
99.0834
98.8895
98.7179
98.5683
98.4409
98.3460
98.2836
98.2537
98.2563
98.2914
98.3590
98.4591
98.5917
98.6840
98.7358
98.7473
98.7185
98.6492
98.5396
98.3897
98.1993
98.0141
97.8340
97.6590
97.4891
97.3243
97.1647
97.0101
96.8607
96.7546
96.6917
96.6721
96.6958
96.7628
96.8730
97.0265
97.2232
97.2315
97.0511
96.6822
96.1248
95.3788
94.4443
93.3212
92.0096
90.9677
90.1955
89.6930
89.4602
89.4971
89.8037
90.3800
91.2260
92.5316
94.2967
96.5212
99.2054
102.3490
105.9522
110.0148
114.5371
118.5936
122.1844
125.3096
127.9691
130.1630
131.8911
133.1536
133.9504
134.5366
134.9123
135.0773
135.0316
134.7754
134.3086
133.6312
132.7432
131.9206
131.1634
130.4717
129.8453
129.2844
128.7889
128.3588
127.9942
127.6121
127.2127
126.7959
126.3617
125.9101
125.4411
124.9547
124.4510
123.9855
123.5583
123.1694
122.8188
122.5065
122.2325
121.9968
121.7994
121.4246
120.8723
120.1427
119.2356
118.1512
116.8893
115.4500
113.8334
112.4691
111.3571
110.4976
109.8904
109.5356
109.4331
109.5831
109.9854
110.3305
110.6184
110.8490
111.0225
111.1387
111.1977
111.1995
111.1441
111.0664
110.9665
110.8442
110.6997
110.5329
110.3439
110.1325
109.8989
109.6828
109.4841
109.3029
109.1393
108.9930
108.8643
108.7531
108.6593
108.4884
108.2405
107.9154
107.5132
107.0339
106.4775
105.8440
105.1334
104.5212
104.0075
103.5922
103.2754
103.0569
102.9370
102.9154
102.9924
102.9527
102.7965
102.5237
102.1343
101.6284
101.0060
100.2669
99.4113
98.6282
97.9176
97.2795
96.7138
96.2207
95.8000
95.4518
95.1761
94.9604
94.8045
94.7085
94.6724
94.6962
94.7799
94.9235
95.1271
95.2593
95.3203
95.3100
95.2285
95.0757
94.8516
94.5563
94.1897
94.1101
94.3175
94.8119
95.5933
96.6616
98.0170
99.6593
101.5887
103.6774
105.9256
108.3331
110.9001
113.6265
116.5122
119.5574
122.7620
125.6874
128.3337
130.7008
132.7888
134.5977
136.1274
137.3780
138.3494
138.9970
139.3208
139.3209
138.9971
138.3495
137.3781
136.0830
134.4640
133.1133
132.0310
131.2169
130.6712
130.3938
130.3847
130.6439
131.1714
131.5542
131.7924
131.8859
131.8347
131.6388
131.2983
130.8130
130.1831
129.6009
129.0662
128.5792
128.1397
127.7479
127.4038
127.1072
126.8582
126.5127
126.0705
125.5317
124.8962
124.1642
123.3355
122.4102
121.3882
120.4838
119.6968
119.0274
118.4754
118.0409
117.7239
117.5244
117.4423
117.3094
117.1255
116.8908
116.6051
116.2685
115.8809
115.4425
114.9531
114.5174
114.1352
113.8065
113.5315
113.3100
113.1421
113.0278
112.9670
112.8461
112.6650
112.4236
112.1221
111.7604
111.3385
110.8564
110.3141
109.8132
109.3539
108.9359
108.5595
108.2245
107.9309
107.6788
107.4682
107.2640
107.0663
106.8750
106.6902
106.5118
106.3399
106.1745
106.0154
105.8271
105.6094
105.3624
105.0861
104.7805
104.4455
104.0812
103.6876
103.3008
102.9207
102.5474
102.1808
101.8210
101.4680
101.1218
100.7823
100.4399
100.0946
99.7464
99.3953
99.0413
98.6845
98.3247
97.9620
97.6419
97.3644
97.1295
96.9372
96.7874
96.6802
96.6156
96.5935
96.5364
96.4442
96.3169
96.1546
95.9571
95.7246
95.4570
95.1543
95.0925
95.2714
95.6913
96.3520
97.2535
98.3959
99.7791
101.4032
103.1770
105.1005
107.1739
109.3970
111.7698
114.2924
116.9647
119.7869
122.1405
124.0257
125.4424
126.3906
126.8703
126.8816
126.4244
125.4988
124.6727
123.9463
123.3196
122.7924
122.3649
122.0370
121.8087
121.6801
121.5762
121.4969
121.4424
121.4126
121.4075
121.4270
121.4713
121.5403
121.5941
121.6328
121.6564
121.6648
121.6580
121.6361
121.5991
121.5469
121.3967
121.1483
120.8019
120.3574
119.8149
119.1742
118.4355
117.5987
116.8429
116.1682
115.5745
115.0618
114.6302
114.2796
114.0100
113.8215
113.7578
113.8190
114.0050
114.3158
114.7515
115.3121
115.9975
116.8077
117.4639
117.9660
118.3140
118.5080
118.5478
118.4336
118.1653
117.7429
117.3517
116.9917
116.6628
116.3651
116.0986
115.8633
115.6591
115.4861
115.2479
114.9445
114.5759
114.1421
113.6432
113.0790
112.4497
111.7551
111.1527
110.6424
110.2242
109.8981
109.6642
109.5223
109.4726
109.5150
109.4888
109.3940
109.2307
108.9987
108.6982
108.3290
107.8913
107.3850
106.9171
106.4876
106.0965
105.7438
105.4295
105.1535
104.9160
104.7168
104.4696
104.1741
103.8306
103.4389
102.9991
102.5111
101.9750
101.3908
100.7498
100.0520
99.2974
98.4860
97.6178
96.6928
95.7111
94.6725
93.6931
92.7727
91.9114
91.1093
90.3662
89.6822
89.0573
88.4915
88.2084
88.2081
88.4906
89.0558
89.9037
91.0344
92.4479
94.1441
96.1211
98.3789
100.9175
103.7369
106.8370
110.2180
113.8798
117.8223
121.2328
124.1112
