85.1979
84.8182
84.2920
83.6196
82.8008
81.8356
80.8917
79.9689
79.0674
78.1870
77.3278
76.4898
75.6730
74.8774
73.9962
73.0294
71.9770
70.8390
69.6154
68.3061
66.9113
65.4309
65.7944
68.0018
72.0532
77.9485
85.6877
95.2709
106.6980
119.9691
131.4150
141.0358
148.8315
154.8020
158.9475
161.2678
161.7630
160.4330
159.1434
157.8941
156.6851
155.5164
154.3881
153.3000
152.2523
151.2448
150.2425
149.2453
148.2532
147.2662
146.2844
145.3076
144.3359
143.3694
142.5421
141.8541
141.3053
140.8959
140.6257
140.4948
140.5032
140.6508
140.4709
139.9633
139.1282
137.9654
136.4750
134.6571
132.5115
130.0383
128.7652
128.6921
129.8190
132.1460
135.6731
140.4002
146.3274
153.4546
160.2286
166.6494
172.7169
178.4313
183.7925
188.8005
193.4553
197.7569
201.2412
203.9082
205.7579
206.7904
207.0055
206.4034
204.9839
202.7472
200.6295
198.6308
196.7511
194.9904
193.3487
191.8261
190.4224
189.1378
187.9933
186.9890
186.1248
185.4009
184.8171
184.3735
184.0700
183.9067
183.0542
181.5124
179.2812
176.3609
172.7512
168.4523
163.4641
157.7866
152.6903
148.1750
144.2408
140.8877
138.1157
135.9248
134.3149
133.2862
132.3658
131.5537
130.8499
130.2544
129.7673
129.3884
129.1179
128.9556
128.7990
128.6479
128.5023
128.3623
128.2279
128.0991
127.9758
127.8580
127.5938
127.1830
126.6258
125.9220
125.0717
124.0749
122.9316
121.6417
120.4385
119.3220
118.2920
117.3487
116.4921
115.7221
115.0387
114.4419
113.8251
113.1881
112.5311
111.8540
111.1568
110.4395
109.7021
108.9446
108.1532
107.3280
106.4689
105.5760
104.6491
103.6885
102.6939
101.6655
100.8015
100.1019
99.5668
99.1960
98.9897
98.9478
99.0704
99.3573
99.5784
99.7335
99.8227
99.8460
99.8034
99.6949
99.5205
99.2801
99.0058
98.6974
98.3549
97.9785
97.5680
97.1235
96.6449
96.1324
95.5050
94.7628
93.9059
92.9341
91.8476
90.6463
89.3302
87.8993
87.7086
88.7581
91.0479
94.5779
99.3482
105.3587
112.6094
121.1003
128.6927
135.3866
141.1820
146.0789
150.0773
153.1771
155.3784
156.6812
157.6609
158.3174
158.6507
158.6610
158.3480
157.7120
156.7528
155.4704
154.2924
153.2188
152.2496
151.3848
150.6244
149.9683
149.4167
148.9694
148.4446
147.8423
147.1625
146.4052
145.5704
144.6581
143.6682
142.6009
141.4390
140.1826
138.8316
137.3862
135.8461
134.2116
132.4825
130.6589
128.7614
126.7900
124.7447
122.6255
120.4325
118.1655
115.8247
113.4100
111.3910
109.7677
108.5401
107.7083
107.2722
107.2317
107.5870
108.3380
108.9086
109.2986
109.5080
109.5370
109.3855
109.0535
108.5410
107.8480
107.1934
106.5772
105.9996
105.4603
104.9595
104.4972
104.0733
103.6879
103.2199
102.6693
102.0362
101.3206
100.5224
99.6416
98.6783
97.6324
96.6964
95.8703
95.1541
94.5478
94.0513
93.6647
93.3880
93.2212
93.0125
92.7619
92.4695
92.1351
91.7589
91.3409
90.8809
90.3790
89.8933
89.4236
88.9699
88.5323
88.1108
87.7054
87.3160
86.9427
86.6310
86.3809
86.1923
86.0654
86.0001
85.9964
86.0542
86.1737
86.1833
86.0831
85.8731
85.5532
85.1234
84.5839
83.9344
83.1752
82.4889
81.8757
81.3355
80.8684
80.4742
80.1531
79.9050
79.7299
80.0929
80.9939
82.4330
84.4102
86.9253
89.9786
93.5699
97.6992
102.1435
106.9026
111.9766
117.3654
123.0692
129.0878
135.4213
142.0697
147.6189
152.0689
155.4197
157.6713
158.8237
158.8769
157.8309
155.6858
153.6804
151.8147
150.0889
148.5028
147.0564
145.7499
144.5831
143.5560
142.6556
141.8819
141.2348
140.7144
140.3207
140.0535
139.9131
139.8993
139.6273
139.0969
138.3083
137.2615
135.9564
134.3930
132.5713
130.4914
128.3888
126.2637
124.1159
121.9456
119.7526
117.5371
115.2989
113.0382
111.1546
109.6483
108.5193
107.7675
107.3929
107.3956
107.7755
108.5327
109.1960
109.7656
110.2412
110.6231
110.9111
111.1053
111.2057
111.2122
111.1306
110.9607
110.7026
110.3564
109.9219
109.3992
108.7883
108.0892
107.3752
106.6462
105.9024
105.1436
104.3700
103.5814
102.7778
101.9594
101.2482
100.6442
100.1475
99.7580
99.4757
99.3006
99.2327
99.2721
99.2680
99.2203
99.1290
98.9942
98.8159
98.5940
98.3286
98.0196
97.7812
97.6132
97.5157
97.4887
97.5322
97.6462
97.8307
98.0856
98.2660
98.3717
98.4029
98.3594
98.2413
98.0486
97.7813
97.4394
97.0319
96.5586
96.0198
95.4153
94.7451
94.0093
93.2078
92.3407
92.0675
92.3882
93.3027
94.8111
96.9135
99.6097
102.8998
106.7837
110.9163
115.2973
119.9268
124.8049
129.9315
135.3066
140.9302
146.8023
151.8408
156.0455
159.4166
161.9540
163.6576
164.5276
164.5639
163.7665
162.7763
161.5934
160.2177
158.6493
156.8881
154.9342
152.7875
150.4480
148.2323
146.1403
144.1719
142.3273
140.6064
139.0092
137.5357
136.1859
134.7597
133.2570
131.6779
130.0224
128.2904
126.4819
124.5970
122.6357
120.8726
119.3079
117.9415
116.7734
115.8036
115.0322
114.4590
114.0842
113.8120
113.6426
113.5760
113.6120
113.7507
113.9922
114.3364
114.7833
115.2087
115.6125
115.9949
116.3557
116.6950
117.0128
117.3091
117.5838
117.7023
117.6645
117.4704
117.1201
116.6134
115.9505
115.1313
114.1558
113.2545
112.4275
111.6746
110.9960
110.3916
109.8613
109.4053
109.0235
108.6707
108.3469
108.0520
107.7860
107.5490
107.3410
107.1620
107.0119
106.8328
106.6248
106.3877
106.1217
105.8267
105.5028
105.1498
104.7679
104.4393
104.1641
103.9421
103.7735
103.6582
103.5963
103.5876
103.6323
103.5129
103.2294
102.7818
102.1701
101.3944
100.4545
99.3505
98.0825
97.4655
97.4995
98.1845
99.5205
101.5076
104.1456
107.4347
111.3749
115.0915
118.5846
121.8541
124.9002
127.7227
130.3217
132.6972
134.8492
137.2498
139.8991
142.7971
145.9437
149.3390
152.9829
156.8755
161.0168
164.3957
167.0124
168.8667
169.9586
170.2883
169.8556
168.6606
166.7032
164.8387
163.0670
161.3880
159.8019
158.3086
156.9081
155.6004
154.3855
153.2073
152.0660
150.9614
149.8935
148.8624
147.8681
146.9105
145.9898
145.0269
144.0219
142.9749
141.8857
140.7545
139.5812
138.3658
137.1084
135.8077
134.4638
133.0768
131.6465
130.1730
128.6564
127.0965
125.4934
124.0996
122.9149
121.9395
121.1733
120.6163
120.2685
120.1299
120.2005
120.2358
120.2359
120.2005
120.1299
120.0240
119.8828
119.7062
119.4944
119.2161
118.8714
118.4602
117.9826
117.4386
116.8281
116.1512
115.4079
114.5960
113.7156
112.7666
111.7491
110.6630
109.5083
108.2851
106.9934
105.8749
104.9298
104.1580
103.5594
103.1342
102.8822
102.8036
102.8983
102.9097
102.8377
102.6825
102.4440
102.1222
101.7170
101.2286
100.6569
100.0218
99.3234
98.5616
97.7364
96.8480
95.8961
94.8810
93.8025
92.8796
92.1125
91.5011
91.0454
90.7453
90.6010
90.6124
90.7795
90.9369
91.0847
91.2229
91.3514
91.4703
91.5795
91.6791
91.7691
93.1309
95.7644
99.6698
104.8470
111.2960
119.0168
128.0094
138.2738
146.9287
153.9740
159.4098
163.2360
165.4526
166.0597
165.0573
162.4453
159.9552
157.5870
155.3407
153.2164
151.2139
149.3333
147.5747
145.9379
144.6001
143.5612
142.8213
142.3803
142.2382
142.3951
142.8509
143.6057
144.1121
144.3703
144.3801
144.1417
143.6549
142.9199
141.9365
140.7048
139.1611
137.3052
135.1373
132.6573
129.8651
126.7609
123.3446
119.6162
116.4936
113.9769
112.0660
110.7609
110.0617
109.9684
110.4809
111.5992
112.5040
113.1953
113.6731
113.9374
113.9882
113.8255
113.4492
112.8594
112.3325
111.8683
111.4669
111.1282
110.8524
110.6393
110.4890
110.4015
110.3840
110.4364
110.5589
110.7513
111.0137
111.3461
111.7485
112.2209
112.3675
112.1882
111.6831
110.8522
109.6955
108.2130
106.4046
104.2704
102.4567
100.9634
99.7905
98.9381
98.4061
98.1945
98.3034
98.7328
99.1059
99.4230
99.6839
99.8887
100.0373
100.1298
100.1662
100.1464
100.0448
99.8615
99.5965
99.2497
98.8211
98.3108
97.7187
97.0449
96.5034
96.0941
95.8171
95.6724
95.6599
95.7798
96.0319
96.4163
96.7279
96.9668
97.1329
97.2262
97.2467
97.1945
97.0695
96.8717
96.6703
96.4652
96.2565
96.0442
95.8282
95.6086
95.3854
95.1585
95.2372
95.6214
96.3112
97.3065
98.6073
100.2137
102.1256
104.3431
108.5405
114.7177
122.8748
133.0118
141.4690
148.2462
153.3436
156.7612
159.2760
160.8882
161.5977
161.4045
160.3086
158.3101
155.4088
151.6049
148.3155
145.5405
143.2800
141.5339
140.3023
139.5852
139.3825
139.6942
140.0468
140.4401
140.8743
141.3492
141.8649
142.4214
143.0186
143.6567
143.7795
143.3869
142.4791
141.0560
139.1176
136.6639
133.6949
130.2106
127.1097
124.3920
122.0576
120.1066
118.5388
117.3544
116.5533
116.1355
115.7982
115.5416
115.3654
115.2699
115.2549
115.3204
115.4666
115.6933
115.9026
116.0946
116.2692
116.4265
116.5664
116.6889
116.7942
116.8820
116.9137
116.8891
116.8083
116.6713
116.4782
116.2288
115.9232
115.5613
115.1817
114.7844
114.3692
113.9363
113.4856
113.0172
112.5309
112.0269
111.5706
111.1619
110.8009
110.4876
110.2219
110.0040
109.8337
109.7111
109.6052
109.5159
109.4433
109.3873
109.3480
109.3254
109.3194
109.3301
109.2935
109.2097
109.0787
108.9004
108.6748
108.4020
108.0820
107.7147
107.4001
107.1382
106.9291
106.7726
106.6688
106.6177
106.6193
106.6736
106.7479
106.8423
106.9567
107.0912
107.2457
107.4202
107.6148
107.8294
108.0134
108.1666
108.2892
108.3811
108.4423
108.4728
108.4727
108.4418
108.2942
108.0298
107.6486
107.1506
106.5359
105.8043
104.9560
103.9909
103.5699
103.6931
104.3605
105.5721
107.3278
109.6277
112.4718
115.8600
119.6660
123.8898
128.5314
133.5907
139.0678
144.9626
151.2752
158.0056
163.6283
168.1434
171.5508
173.8506
175.0427
175.1271
174.1039
171.9730
169.8946
167.8686
165.8951
163.9740
162.1053
160.2891
158.5253
156.8140
155.0951
153.3687
151.6348
149.8934
148.1444
146.3879
144.6238
142.8522
141.2408
139.7894
138.4982
137.3672
136.3962
135.5854
134.9346
134.4441
133.6091
132.4298
130.9061
129.0380
126.8255
124.2687
121.3675
118.1219
115.3520
113.0578
111.2394
109.8966
109.0296
108.6383
108.7227
109.2828
109.8372
110.3858
110.9288
111.4661
111.9976
112.5235
113.0436
113.5580
113.9814
114.3137
114.5551
114.7054
114.7647
114.7329
114.6102
114.3964
114.1062
113.7397
113.2968
112.7775
112.1819
111.5099
110.7615
109.9368
109.1961
108.5394
107.9668
107.4782
107.0736
106.7531
106.5166
106.3641
106.0816
105.6689
105.1260
104.4531
103.6500
102.7168
101.6535
100.4601
99.4185
98.5289
97.7912
97.2054
96.7716
96.4896
96.3595
96.3814
96.6222
97.0818
97.7603
98.6577
99.7739
101.1091
102.6631
104.4360
105.8767
106.9853
107.7617
108.2060
108.3181
108.0981
107.5459
106.6615
105.8842
105.2137
104.6503
104.1937
103.8442
103.6016
103.4660
103.4373
103.2650
102.9490
102.4893
101.8860
101.1390
100.2484
99.2141
98.0361
97.0821
96.3521
95.8460
95.5638
95.5056
95.6714
96.0611
96.6747
97.8728
99.6555
102.0226
104.9742
108.5103
112.6308
117.3359
122.6255
127.5499
132.1091
136.3032
140.1321
143.5959
146.6945
149.4279
151.7962
153.7528
155.2977
156.4310
157.1526
157.4625
157.3607
156.8473
155.9222
154.9043
153.7937
152.5903
151.2941
149.9051
148.4234
146.8489
145.1816
143.6019
142.1098
140.7052
139.3881
138.1587
137.0167
135.9624
134.9956
133.9564
132.8448
131.6608
130.4044
129.0756
127.6743
126.2007
124.6547
123.1210
121.5995
120.0903
118.5933
117.1086
115.6362
114.1760
112.7281
111.5741
110.7141
110.1480
109.8759
109.8977
110.2134
110.8231
111.7267
112.4926
113.1206
113.6109
113.9633
114.1780
114.2548
114.1939
113.9952
113.7736
113.5291
113.2617
112.9715
112.6584
112.3225
111.9637
111.5820
111.1668
110.7183
110.2363
109.7209
109.1720
108.5897
107.9740
107.3249
106.6585
105.9748
105.2739
104.5556
103.8202
103.0674
102.2975
101.5102
100.7943
100.1499
99.5769
99.0753
98.6450
98.2863
97.9989
97.7829
97.5843
97.4031
97.2392
97.0928
96.9637
96.8520
96.7577
96.6808
96.6307
96.6075
96.6113
96.6419
96.6993
96.7837
96.8949
97.0331
97.1434
97.2258
97.2805
97.3073
97.3063
97.2774
97.2208
97.1363
96.9121
96.5482
96.0445
95.4012
94.6182
93.6954
92.6330
91.4308
90.6496
90.2892
90.3498
90.8312
91.7335
93.0568
94.8009
96.9659
99.6184
102.7582
106.3855
110.5002
115.1024
120.1920
125.7690
131.8334
137.1392
141.6863
145.4749
148.5048
150.7760
152.2886
153.0426
153.0380
152.9854
152.8849
152.7365
152.5401
152.2957
152.0034
151.6632
151.2750
150.8805
150.4795
150.0721
149.6584
149.2382
148.8116
148.3787
147.9393
147.3361
146.5691
145.6383
144.5436
143.2851
141.8628
140.2767
138.5268
136.6396
134.6152
132.4537
130.1549
127.7190
125.1459
122.4355
119.5880
117.0354
114.7778
112.8151
111.1474
109.7746
108.6968
107.9140
107.4261
107.0503
106.7864
106.6344
106.5945
106.6666
106.8506
107.1466
107.5546
107.9691
108.3900
108.8173
109.2511
109.6914
110.1381
110.5913
111.0509
111.4701
111.8490
112.1874
112.4855
112.7431
112.9604
113.1373
113.2738
113.3922
113.4927
113.5751
113.6395
113.6859
113.7142
113.7245
113.7168
113.7370
113.7852
113.8612
113.9652
114.0971
114.2569
114.4446
114.6602
114.8897
115.1329
115.3900
115.6609
115.9456
116.2441
116.5565
116.8827
117.1793
117.4465
117.6843
117.8925
118.0713
118.2205
118.3403
118.4307
118.5211
118.6116
118.7022
118.7928
118.8836
118.9744
119.0654
119.1564
119.0620
118.7822
118.3169
117.6662
116.8301
115.8085
114.6015
113.2091
112.7600
113.2544
114.6921
117.0733
120.3978
124.6657
129.8770
136.0317
141.6932
146.8614
151.5363
155.7180
159.4065
162.6017
165.3037
167.5124
169.1583
170.2413
170.7614
170.7186
170.1130
168.9445
167.2131
164.9189
162.7103
160.5872
158.5498
156.5980
154.7318
152.9512
151.2563
149.6469
148.1880
146.8795
145.7214
144.7138
143.8566
143.1499
142.5936
142.1877
141.7367
141.2405
140.6993
140.1128
139.4813
138.8046
138.0828
137.3159
136.4492
135.4826
134.4163
133.2502
131.9843
130.6186
129.1531
127.5878
126.2258
125.0670
124.1116
123.3594
122.8104
122.4648
122.3224
122.3833
122.3955
122.3589
122.2736
122.1396
121.9568
121.7254
121.4452
121.1162
120.6099
119.9262
119.0652
118.0268
116.8110
115.4179
113.8473
112.0995
110.5390
109.1660
107.9805
106.9823
106.1717
105.5484
105.1126
104.8643
104.6171
104.3712
104.1265
103.8831
103.6408
103.3998
103.1600
102.9214
102.6716
102.4106
102.1385
101.8552
101.5607
101.2551
100.9382
100.6102
100.3356
100.1146
99.9470
99.8329
99.7722
99.7651
99.8114
99.9112
99.9654
99.9739
99.9369
99.8542
99.7259
99.5520
99.3325
99.0673
98.7325
98.3279
97.8535
97.3094
96.6956
96.0121
95.2588
94.4358
93.8256
93.4283
93.2438
93.2722
93.5134
93.9675
94.6344
95.5142
96.9652
98.9873
101.5806
104.7450
108.4807
112.7875
117.6654
123.1146
128.0452
132.4574
136.3512
139.7264
142.5832
144.9215
146.7414
148.0428
149.0360
149.7210
150.0979
150.1666
149.9271
149.3794
148.5236
147.3596
146.2988
145.3413
144.4869
143.7357
143.0877
142.5430
142.1014
141.7630
141.2440
140.5442
139.6636
138.6024
137.3604
135.9377
134.3343
132.5502
130.8483
129.2285
127.6910
126.2357
124.8626
123.5717
122.3630
121.2365
120.1228
119.0218
117.9336
116.8582
115.7955
114.7455
113.7084
112.6839
111.7613
110.9404
110.2212
109.6038
109.0882
108.6743
108.3622
108.1518
108.0259
107.9843
108.0271
108.1542
108.3658
108.6618
109.0421
109.5069
109.7823
109.8685
109.7654
109.4731
108.9915
108.3206
107.4604
106.4110
105.4573
104.5994
103.8373
103.1709
102.6003
102.1255
101.7464
101.4631
101.1642
100.8497
100.5196
100.1739
99.8126
99.4357
99.0432
98.6352
98.3058
98.0552
97.8833
97.7902
97.7757
97.8401
97.9831
98.2049
98.3356
98.3752
98.3238
98.1813
97.9478
97.6232
97.2075
96.7008
96.2983
96.0002
95.8063
95.7166
95.7313
95.8502
96.0734
96.4009
96.6348
96.7751
96.8217
96.7748
96.6342
96.4001
96.0723
95.6510
95.2443
94.8525
94.4753
94.1129
93.7652
93.4323
93.1141
92.8106
92.9873
93.6441
94.7810
96.3981
98.4953
101.0727
104.1302
107.6678
111.2650
114.9218
118.6382
122.4141
126.2496
130.1446
134.0992
138.1134
141.3415
143.7834
145.4392
146.3088
146.3923
145.6897
144.2009
141.9259
139.9376
138.2359
136.8209
135.6924
134.8506
134.2953
134.0267
134.0448
133.9688
133.7988
133.5349
133.1770
132.7251
132.1792
131.5393
130.8054
130.1540
129.5849
129.0982
128.6939
128.3721
128.1326
127.9755
127.9008
127.6934
127.3534
126.8808
126.2755
125.5376
124.6670
123.6638
122.5279
121.6040
120.8922
120.3925
120.1047
120.0290
120.1654
120.5138
121.0742
121.4895
121.7599
121.8852
121.8654
121.7006
121.3908
120.9359
120.3360
119.8218
119.3933
119.0505
118.7934
118.6221
118.5364
118.5364
118.6222
118.6049
118.4844
118.2608
117.9341
117.5044
116.9715
116.3354
115.5963
114.9387
114.3627
113.8681
113.4551
113.1237
112.8737
112.7053
112.6184
112.5428
112.4783
112.4251
112.3831
112.3523
112.3327
112.3244
112.3273
112.3045
112.2560
112.1819
112.0821
111.9566
111.8055
111.6287
111.4262
111.2705
111.1617
111.0996
111.0844
111.1160
111.1944
111.3196
111.4916
111.4165
111.0941
110.5246
109.7078
108.6439
107.3328
105.7744
103.9689
102.8225
102.3350
102.5066
103.3373
104.8269
106.9756
109.7833
113.2501
116.7515
120.2876
123.8584
127.4639
131.1040
134.7788
138.4883
142.2325
145.3590
147.8680
149.7593
151.0331
151.6892
151.7277
151.1486
149.9519
148.7779
147.6267
146.4981
145.3923
144.3092
143.2488
142.2112
141.1962
140.1629
139.1111
138.0409
136.9523
135.8453
134.7199
133.5761
132.4139
131.2860
130.1925
129.1334
128.1087
127.1184
126.1625
125.2409
124.3538
123.2615
121.9641
120.4616
118.7539
116.8412
114.7233
112.4003
109.8721
107.6472
105.7255
104.1071
102.7918
101.7797
101.0709
100.6653
100.5628
100.5535
100.6373
100.8142
101.0843
101.4474
101.9036
102.4530
103.0954
103.7903
104.5377
105.3375
106.1897
107.0944
108.0516
109.0611
110.1232
111.0878
111.9549
112.7245
113.3966
113.9712
114.4484
114.8281
115.1103
115.2913
115.3710
115.3495
115.2268
115.0028
114.6775
114.2511
113.7234
113.2956
112.9679
112.7402
112.6125
112.5848
112.6571
112.8294
113.1017
113.3872
113.6859
113.9979
114.3230
114.6614
115.0130
115.3778
115.7558
116.0242
116.1831
116.2323
116.1719
116.0019
115.7223
115.3331
114.8343
114.3524
113.8874
113.4392
113.0079
112.5935
112.1960
111.8153
111.4515
110.9279
110.2443
109.4009
108.3976
107.2344
105.9113
104.4283
102.7855
102.1297
102.4609
103.7791
106.0844
109.3767
113.6560
118.9223
125.1756
130.9774
136.3277
141.2264
145.6736
149.6693
153.2134
156.3060
158.9470
161.1162
162.8136
164.0392
164.7929
165.0749
164.8849
164.2232
163.0897
162.0137
160.9953
160.0345
159.1313
158.2857
157.4976
156.7672
156.0943
155.4540
154.8462
154.2709
153.7282
153.2181
152.7405
152.2954
151.8829
151.1903
150.2176
148.9649
147.4320
145.6190
143.5259
141.1528
138.4995
136.0344
133.7574
131.6685
129.7677
128.0551
126.5305
125.1941
124.0458
123.1644
122.5499
122.2023
122.1216
122.3077
122.7607
123.4807
124.4675
125.3217
126.0433
126.6322
127.0886
127.4123
127.6034
127.6619
127.5878
127.4575
127.2709
127.0281
126.7291
126.3739
125.9624
125.4948
124.9709
124.4302
123.8728
123.2986
122.7077
122.1000
121.4755
120.8343
120.1763
119.4531
118.6647
117.8111
116.8923
115.9083
114.8591
113.7447
112.5651
111.4855
110.5059
109.6264
108.8468
108.1673
107.5878
107.1084
106.7289
106.3161
105.8700
105.3906
104.8779
104.3319
103.7526
103.1399
102.4939
101.9878
101.6214
101.3948
101.3080
101.3609
101.5537
101.8862
102.3586
102.6959
102.8982
102.9655
102.8978
102.6951
102.3574
101.8847
101.2770
100.6645
100.0472
99.4252
98.7984
98.1669
97.5305
96.8894
96.2436
96.4448
97.4932
99.3888
102.1315
105.7214
110.1584
115.4425
121.5738
127.0277
131.8042
135.9034
139.3252
142.0696
144.1366
145.5263
146.2385
146.7164
146.9598
146.9688
146.7433
146.2834
145.5891
144.6604
143.4972
142.3930
141.3479
140.3617
139.4345
138.5663
137.7571
137.0069
136.3157
135.5350
134.6648
133.7051
132.6559
131.5172
130.2890
128.9712
127.5640
126.1637
124.7705
123.3842
122.0049
120.6326
119.2674
117.9091
116.5578
115.1926
113.8136
112.4207
111.0140
109.5933
108.1589
106.7105
105.2483
104.0720
103.1815
102.5769
102.2581
102.2253
102.4782
103.0171
103.8418
104.5506
105.1435
105.6204
105.9815
106.2266
106.3557
106.3690
106.2663
106.2156
106.2168
106.2698
106.3748
106.5317
106.7406
107.0013
107.3139
107.4444
107.3928
107.1590
106.7431
106.1451
105.3648
104.4025
103.2580
102.1758
101.1559
100.1982
99.3028
98.4697
97.6989
96.9904
96.3441
95.6501
94.9082
94.1186
93.2811
92.3959
91.4629
90.4821
89.4535
88.5704
87.8327
87.2404
86.7937
86.4923
86.3364
86.3260
86.4610
86.6296
86.8317
87.0674
87.3367
87.6396
87.9760
88.3460
88.7495
89.1326
89.4952
89.8374
90.1592
90.4605
90.7413
91.0017
91.2417
91.4169
91.5273
91.5729
91.5538
91.4699
91.3213
91.1079
90.8297
91.2248
92.2932
94.0349
96.4499
99.5382
103.2998
107.7346
112.8428
117.5057
121.7232
125.4954
128.8223
131.7039
134.1402
136.1312
137.6768
138.8748
139.7249
140.2274
140.3821
140.1891
139.6484
138.7599
137.5237
136.4773
135.6206
134.9537
134.4765
134.1891
134.0914
134.1835
134.4653
134.4554
134.1537
133.5602
132.6750
131.4980
130.0292
128.2687
126.2164
124.3455
122.6561
121.1480
119.8214
118.6762
117.7124
116.9301
116.3291
115.7451
115.1780
114.6279
114.0947
113.5784
113.0791
112.5967
112.1313
111.7849
111.5576
111.4495
111.4604
111.5905
111.8396
112.2078
112.6952
113.1448
113.5566
113.9307
114.2671
114.5657
114.8266
115.0498
115.2352
115.4044
115.5574
115.6941
115.8146
115.9190
116.0071
116.0790
116.1346
116.1304
116.0663
115.9422
115.7583
115.5144
115.2107
114.8470
114.4235
114.0707
113.7888
113.5778
113.4376
113.3682
113.3696
113.4419
113.5850
113.7570
113.9577
114.1873
114.4456
114.7328
115.0489
115.3937
115.7673
116.0863
116.3507
116.5604
116.7155
116.8159
116.8617
116.8529
116.7894
116.6983
116.5797
116.4335
116.2597
116.0583
115.8294
115.5729
115.2889
114.9584
114.5815
114.1581
113.6884
113.1722
112.6096
112.0006
111.3452
110.9359
110.7729
110.8561
111.1855
111.7611
112.5829
113.6510
114.9652
116.8472
119.2969
122.3143
125.8995
130.0524
134.7730
140.0614
145.9175
151.1419
155.7346
159.6956
163.0249
165.7226
167.7885
169.2227
170.0252
170.4014
170.3513
169.8748
168.9719
167.6427
165.8872
163.7053
161.0971
158.7783
156.7490
155.0091
153.5587
152.3977
151.5262
150.9441
150.6515
150.3159
149.9373
149.5156
149.0510
148.5434
147.9927
147.3991
146.7625
145.9370
144.9226
143.7194
142.3274
140.7465
138.9767
137.0181
134.8707
132.9969
131.3969
130.0706
129.0180
128.2392
127.7341
127.5026
127.5450
127.6407
127.7900
127.9926
128.2488
128.5584
128.9214
129.3380
129.8079
130.1496
130.3630
130.4481
130.4048
130.2333
129.9335
129.5054
128.9490
128.3159
127.6061
126.8196
125.9565
125.0167
124.0001
122.9070
121.7371
120.6772
119.7273
118.8875
118.1576
117.5377
117.0279
116.6280
116.3381
115.9682
115.5180
114.9878
114.3774
113.6868
112.9162
112.0653
111.1344
110.3055
109.5787
108.9540
108.4313
108.0107
107.6922
107.4758
107.3614
107.2947
107.2758
107.3046
107.3812
107.5054
107.6774
107.8971
108.1646
108.2886
108.2692
108.1063
107.8000
107.3503
106.7571
106.0204
105.1404
104.2375
103.3118
102.3633
101.3920
100.3979
99.3809
98.3412
97.2787
96.9583
97.3800
98.5439
100.4500
103.0982
106.4886
110.6211
115.4958
119.8295
123.6222
126.8738
129.5845
131.7542
133.3828
134.4705
135.0171
135.4034
135.6293
135.6949
135.6001
135.3449
134.9293
134.3534
133.6171
132.9324
132.2993
131.7178
131.1878
130.7095
130.2827
129.9075
129.5839
129.2477
128.8990
128.5378
128.1640
127.7777
127.3788
126.9675
126.5435
125.8383
124.8517
123.5839
122.0347
120.2042
118.0924
115.6993
113.0249
110.6568
108.5949
106.8393
105.3899
104.2469
103.4101
102.8795
102.6552
102.5262
102.4925
102.5541
102.7110
102.9631
103.3105
103.7532
104.2912
104.7648
105.1740
105.5188
105.7992
106.0152
106.1667
106.2539
106.2767
106.2430
106.1527
106.0059
105.8025
105.5426
105.2262
104.8533
104.4238
104.0076
103.6046
103.2150
102.8386
102.4755
102.1257
101.7891
101.4658
101.2087
101.0177
100.8929
100.8343
100.8419
100.9156
101.0555
101.2616
101.4730
101.6896
101.9116
102.1388
102.3713
102.6091
102.8522
103.1006
103.3050
103.4653
103.5816
103.6538
103.6820
103.6662
103.6063
103.5023
103.4059
103.3169
103.2354
103.1614
103.0949
103.0359
102.9843
102.9402
102.8259
102.6413
102.3864
102.0612
101.6658
101.2002
100.6642
100.0580
100.0578
100.6636
101.8754
103.6933
106.1171
109.1470
112.7829
117.0247
121.0082
124.7334
128.2001
131.4084
134.3584
137.0500
139.4831
141.6579
143.6482
145.4539
147.0750
148.5115
149.7635
150.8309
151.7137
152.4120
152.9492
153.3251
153.5400
153.5937
153.4862
153.2176
152.7879
152.1970
151.7285
151.3825
151.1588
151.0576
151.0788
151.2225
151.4885
151.8770
151.7108
150.9898
149.7142
147.8839
145.4988
142.5591
139.0647
135.0155
131.4783
128.4530
125.9397
123.9384
122.4489
121.4715
121.0059
121.0523
121.1737
121.3701
121.6414
121.9877
122.4090
122.9052
123.4764
124.1226
124.5522
124.7652
124.7615
124.5413
124.1044
123.4509
122.5808
121.4941
120.6205
119.9599
119.5124
119.2780
119.2566
119.4483
119.8531
120.4710
120.6297
120.3293
119.5698
118.3511
116.6733
114.5364
111.9403
108.8852
106.2616
104.0697
102.3094
100.9807
100.0836
99.6182
99.5844
99.9822
100.2312
100.3313
100.2826
100.0850
99.7386
99.2433
98.5992
97.8063
96.8918
95.8557
94.6980
93.4187
92.0178
90.4954
88.8514
87.0858
85.7847
84.9482
84.5762
84.6688
85.2259
86.2476
87.7338
89.6845
91.3947
92.8644
94.0934
95.0820
95.8299
96.3373
96.6041
96.6304
97.0814
97.9570
99.2574
100.9825
103.1323
105.7068
108.7060
112.1299
115.9646
120.2103
124.8667
129.9341
134.4984
138.5597
142.1180
145.1733
147.8725
150.2155
152.2024
153.8333
155.1080
156.0265
156.5890
156.7954
156.7825
156.5503
156.0989
155.4282
154.5382
153.4290
152.1006
150.5529
148.7981
146.8364
144.6676
142.2919
139.7091
136.9193
133.9225
130.7187
127.8269
125.2473
122.9797
121.0241
119.3807
118.0493
117.0300
116.3228
115.7089
115.1885
114.7614
114.4277
114.1874
114.0405
113.9869
114.0268
114.0860
114.1645
114.2624
114.3797
114.5163
114.6723
114.8476
115.0423
115.2879
115.5844
115.9318
116.3300
116.7792
117.2793
117.8303
118.4321
118.7410
118.7568
118.4797
117.9095
117.0464
115.8902
114.4410
112.6989
111.1590
109.8214
108.6862
107.7532
107.0225
106.4941
106.1681
106.0443
105.9514
105.8895
105.8584
105.8583
105.8891
105.9508
106.0434
106.1670
106.1572
106.0141
105.7378
105.3281
104.7852
104.1089
103.2994
102.3565
101.5374
100.8421
100.2705
99.8226
99.4986
99.2982
99.2216
99.2688
99.2963
99.3041
99.2922
99.2607
99.2096
99.1387
99.0482
98.9380
98.9073
98.9559
99.0839
99.2914
99.5782
99.9445
100.3901
100.9152
101.2350
101.3495
101.2588
100.9628
100.4616
99.7551
98.8433
97.7263
98.0392
99.7821
102.9550
107.5577
113.5905
121.0531
129.9457
140.2683
148.9919
156.1165
161.6422
165.5689
167.8966
168.6253
167.7551
165.2859
163.0942
161.1800
159.5434
158.1843
157.1027
156.2986
155.7720
155.5230
155.2238
154.8744
154.4749
154.0253
153.5255
152.9755
152.3753
151.7250
150.9364
150.0095
148.9442
147.7405
146.3985
144.9182
143.2996
141.5426
139.9505
138.5231
137.2606
136.1628
135.2299
134.4618
133.8585
133.4200
132.7797
131.9376
130.8936
129.6478
128.2001
126.5506
124.6993
122.6462
120.7317
118.9559
117.3187
115.8202
114.4604
113.2392
112.1567
111.2128
110.2973
109.4102
108.5515
107.7212
106.9192
106.1456
105.4003
104.6835
104.0873
103.6118
103.2570
103.0229
102.9095
102.9167
103.0447
103.2933
103.5671
103.8659
104.1899
104.5389
104.9131
105.3124
105.7367
106.1862
106.4413
106.5019
106.3680
106.0398
105.5171
104.7999
103.8884
102.7824
101.8022
100.9480
100.2196
99.6170
99.1403
98.7895
98.5645
98.4654
98.5925
98.9456
99.5249
100.3303
101.3618
102.6194
104.1032
105.8130
107.1891
108.2314
108.9399
109.3146
109.3555
109.0626
108.4359
107.4754
106.6436
105.9405
105.3661
104.9203
104.6032
104.4148
104.3551
104.4240
104.9740
106.0052
107.5174
109.5107
111.9851
114.9405
118.3771
122.2948
125.8971
129.1840
132.1555
134.8116
137.1524
139.1777
140.8877
142.2823
143.4931
144.5201
145.3634
146.0229
146.4986
146.7906
146.8987
146.8231
146.5746
146.1532
145.5589
144.7917
143.8516
142.7386
141.4527
139.9939
138.4532
136.8305
135.1260
133.3395
131.4711
129.5208
127.4886
125.3744
123.5764
122.0944
120.9286
120.0788
119.5451
119.3275
119.4261
119.8407
119.8857
119.5611
118.8670
117.8032
116.3699
114.5670
112.3945
109.8524
108.0295
106.9260
106.5418
106.8769
107.9313
109.7050
112.1980
115.4103
118.1844
120.5204
122.4182
123.8778
124.8992
125.4825
125.6276
125.3346
124.9805
124.5655
124.0894
123.5524
122.9544
122.2954
121.5754
120.7944
120.1150
119.5373
119.0613
118.6869
118.4141
118.2430
118.1736
118.2058
118.2285
118.2417
118.2453
118.2394
118.2240
118.1991
118.1647
118.1207
118.0988
118.0989
118.1209
118.1650
118.2311
118.3191
118.4292
118.5613
118.7342
118.9480
119.2026
119.4980
119.8343
120.2114
120.6294
121.0882
121.3793
121.5029
121.4588
121.2471
120.8677
120.3208
119.6062
118.7240
117.8373
116.9463
116.0508
115.1510
114.2467
113.3380
112.4249
111.5074
111.2101
111.5328
112.4756
114.0385
116.2216
119.0247
122.4480
126.4914
130.0952
133.2595
135.9842
138.2694
140.1150
141.5211
142.4877
143.0147
143.4141
143.6858
143.8300
143.8465
143.7355
143.4968
143.1305
142.6366
142.1935
141.8012
141.4598
141.1691
140.9293
140.7403
140.6021
140.5147
140.5295
140.6464
140.8655
141.1868
141.6102
142.1358
142.7636
143.4935
143.9166
144.0326
143.8418
143.3440
142.5393
141.4277
140.0092
138.2837
136.6082
134.9826
133.4069
131.8811
130.4053
128.9794
127.6034
126.2773
125.0216
123.8364
122.7216
121.6772
120.7032
119.7996
118.9665
118.2038
117.4789
116.7918
116.1426
115.5312
114.9577
114.4220
113.9241
113.4641
112.9596
112.4107
111.8174
111.1796
110.4974
109.7708
108.9997
108.1842
107.0775
105.6796
103.9905
102.0102
99.7388
97.1761
94.3222
91.1772
88.3912
85.9643
83.8965
82.1877
80.8380
79.8474
79.2159
78.9435
78.6804
78.4267
78.1824
77.9474
77.7218
77.5056
77.2987
77.1012
76.8088
76.4213
75.9388
75.3614
74.6889
73.9214
73.0590
72.1015
71.2419
70.4801
69.8161
69.2499
68.7816
68.4110
68.1383
67.9634
67.8498
67.7976
67.8067
67.8771
68.0089
68.2020
68.4564
68.7721
69.4298
70.4293
71.7707
73.4540
75.4791
77.8462
80.5551
83.6059
86.7343
89.9403
93.2238
96.5850
100.0238
103.5402
107.1342
110.8058
114.2197
117.3760
120.2748
122.9158
125.2993
127.4251
129.2933
130.9039
132.3624
133.6686
134.8228
135.8247
136.6745
137.3722
137.9177
138.3110
138.6547
138.9488
139.1933
139.3882
139.5335
139.6292
139.6753
139.6717
139.7618
139.9457
140.2232
140.5943
141.0592
141.6177
142.2700
143.0159
143.2772
143.0539
142.3460
141.1535
139.4764
137.3147
134.6684
131.5374
128.6937
126.1372
123.8678
121.8856
120.1905
118.7827
117.6620
116.8285
116.1605
115.6581
115.3211
115.1497
115.1438
115.3034
115.6286
116.1192
116.5134
116.8111
117.0123
117.1170
117.1252
117.0370
116.8522
116.5710
116.1449
115.5740
114.8582
113.9976
112.9922
111.8419
110.5467
109.1067
108.0484
107.3716
107.0765
107.1630
107.6311
108.4808
109.7122
111.3251
113.0680
114.9409
116.9437
119.0765
121.3392
123.7318
126.2544
128.9070
131.2674
133.3355
135.1114
136.5951
137.7866
138.6859
139.2930
139.6079
139.8629
140.0580
140.1933
140.2687
140.2842
140.2399
140.1357
139.9716
139.6664
139.2200
138.6326
137.9039
137.0342
136.0233
134.8713
133.5782
132.3168
131.0872
129.8893
128.7232
127.5889
126.4863
125.4155
124.3765
123.8263
123.7651
124.1928
125.1094
126.5149
128.4093
130.7926
133.6648
136.4767
139.2281
141.9191
144.5497
147.1200
149.6298
152.0792
154.4682
156.3080
157.5985
158.3397
158.5316
158.1743
157.2677
155.8118
153.8067
151.7930
149.7707
147.7400
145.7007
143.6529
141.5965
139.5316
137.4582
135.6306
134.0488
132.7130
131.6229
130.7788
130.1805
129.8280
129.7214
129.2915
128.5382
127.4617
126.0618
124.3385
122.2920
119.9221
117.2289
114.6808
112.2778
110.0198
107.9069
105.9390
104.1163
102.4386
100.9060
99.6805
98.7623
98.1513
97.8474
97.8508
98.1613
98.7790
99.7040
100.5129
101.2059
101.7829
102.2439
102.5889
102.8179
102.9309
102.9280
103.0684
103.3522
103.7793
104.3498
105.0637
105.9209
106.9215
108.0654
109.0398
109.8445
110.4795
110.9450
111.2408
111.3670
111.3236
111.1105
110.6911
110.0651
109.2327
108.1939
106.9487
105.4970
103.8388
101.9743
100.3732
99.0356
97.9614
97.1508
96.6037
96.3200
96.2999
96.5432
97.1710
98.1833
99.5801
101.3613
103.5270
106.0772
109.0119
112.3310
115.3378
118.0323
120.4144
122.4842
124.2416
125.6867
126.8195
127.6399
128.2766
128.7296
128.9989
129.0845
128.9864
128.7045
128.2390
127.5897
127.3235
127.4404
127.9403
128.8232
130.0891
131.7381
133.7702
136.1852
138.4883
140.6795
142.7587
144.7259
146.5811
148.3244
149.9557
151.4751
152.8021
153.9368
154.8793
155.6294
156.1873
156.5528
156.7261
156.7070
156.6091
156.4325
156.1770
155.8427
155.4296
154.9377
154.3670
153.7175
153.0929
152.4934
151.9189
151.3694
150.8449
150.3454
149.8710
149.4215
148.7596
147.8852
146.7984
145.4992
143.9875
142.2634
140.3269
138.1779
136.0839
134.0448
132.0607
130.1316
128.2574
126.4383
124.6740
122.9648
121.4714
120.1940
119.1324
118.2867
117.6569
117.2429
117.0449
117.0628
117.2033
117.4664
117.8521
118.3604
118.9914
119.7450
120.6212
121.6201
122.3736
122.8819
123.1449
123.1626
122.9350
122.4621
121.7440
120.7805
119.8383
118.9172
118.0172
117.1385
116.2809
115.4445
114.6292
113.8351
113.0984
112.4191
111.7971
111.2325
110.7253
110.2755
109.8830
109.5479
109.2515
108.9938
108.7749
108.5946
108.4531
108.3503
108.2862
108.2608
108.0851
107.7591
107.2828
106.6561
105.8792
104.9519
103.8743
102.6464
101.5472
100.5767
99.7349
99.0218
98.4373
97.9816
97.6546
97.4562
97.2140
96.9279
96.5980
96.2242
95.8065
95.3450
94.8396
94.2903
93.9426
93.7965
93.8520
94.1091
94.5678
95.2280
96.0899
97.1533
98.5007
100.1319
102.0469
104.2459
106.7287
109.4954
112.5460
115.8804
118.8831
121.5540
123.8930
125.9003
127.5758
128.9195
129.9314
130.6115
130.9903
131.0677
130.8438
130.3185
129.4919
128.3640
126.9347
125.2041
123.5753
122.0483
120.6231
119.2997
118.0782
116.9584
115.9405
115.0243
114.1363
113.2764
112.4446
111.6409
110.8653
110.1178
109.3984
108.7072
107.8969
106.9675
105.9192
104.7518
103.4653
102.0599
100.5354
98.8918
97.4416
96.1847
95.1212
94.2510
93.5741
93.0905
92.8003
92.7033
92.7003
92.7913
92.9761
93.2549
93.6276
94.0942
94.6547
95.3091
95.8858
96.3847
96.8059
97.1492
97.4148
97.6027
97.7127
97.7450
97.7190
97.6345
97.4917
97.2906
97.0311
96.7132
96.3370
95.9024
95.5967
95.4200
95.3723
95.4536
95.6638
96.0029
96.4710
97.0681
97.5337
97.8678
98.0704
98.1416
98.0812
97.8894
97.5661
97.1113
96.7150
96.3773
96.0981
95.8774
95.7152
95.6116
95.5665
95.5799
95.6564
95.7960
95.9987
96.2644
96.5933
96.9852
97.4402
97.9583
98.3464
98.6044
98.7324
98.7304
98.5983
98.3362
97.9440
97.4219
97.0741
96.9008
96.9018
97.0773
97.4272
97.9516
98.6503
99.5235
100.9445
102.9133
105.4299
108.4943
112.1066
116.2667
120.9746
126.2303
130.9205
135.0452
138.6045
141.5984
144.0267
145.8896
147.1870
147.9189
148.5363
149.0390
149.4272
149.7008
149.8598
149.9043
149.8341
149.6494
149.5024
149.3931
149.3215
149.2877
149.2915
149.3331
149.4125
149.5295
149.5850
149.5791
149.5116
149.3827
149.1922
148.9403
148.6268
148.2518
147.7777
147.2045
146.5321
145.7605
144.8898
143.9200
142.8510
141.6829
140.8378
140.3159
140.1171
140.2414
140.6888
141.4594
142.5530
143.9698
145.0441
145.7760
146.1656
146.2127
145.9173
145.2796
144.2995
142.9769
141.8047
140.7829
139.9114
139.1904
138.6196
138.1993
137.9293
137.8097
137.5636
137.1910
136.6918
136.0662
135.3140
134.4353
133.4300
132.2983
131.1205
129.8966
128.6267
127.3108
125.9488
124.5407
123.0866
121.5864
120.1678
118.8308
117.5755
116.4017
115.3096
114.2990
113.3701
112.5228
111.7600
111.0817
110.4880
109.9789
109.5543
109.2142
108.9587
108.7878
108.5472
108.2370
107.8572
107.4077
106.8887
106.3000
105.6417
104.9138
104.3351
103.9054
103.6249
103.4936
103.5113
103.6782
103.9942
104.4594
105.5650
107.3112
109.6978
112.7248
116.3924
120.7004
125.6490
131.2380
136.0450
140.0700
143.3131
145.7741
147.4532
148.3503
148.4654
147.7986
147.0208
146.1323
145.1328
144.0226
142.8014
141.4695
140.0266
138.4729
136.9438
135.4391
133.9590
132.5035
131.0725
129.6660
128.2840
126.9265
125.6616
124.4892
123.4092
122.4218
121.5269
120.7244
120.0145
119.3970
118.7232
117.9930
117.2065
116.3635
115.4642
114.5086
113.4965
112.4281
111.4973
110.7041
110.0486
109.5307
109.1504
108.9077
108.8027
108.8352
108.8914
108.9713
109.0747
109.2017
109.3524
109.5267
109.7246
109.9461
110.1317
110.2815
110.3954
110.4734
110.5156
110.5219
110.4924
110.4269
110.3953
110.3975
110.4335
110.5034
110.6070
110.7444
110.9157
111.1208
111.2985
111.4488
111.5718
111.6674
111.7356
111.7764
111.7899
111.7761
111.6814
111.5059
111.2497
110.9127
110.4949
109.9963
109.4169
108.7567
108.2702
107.9574
107.8182
107.8527
108.0609
108.4428
108.9983
109.7275
110.2480
110.5598
110.6628
110.5571
110.2426
109.7194
108.9875
108.0469
107.1971
106.4383
105.7705
105.1935
104.7075
104.3124
104.0083
103.7951
103.8817
104.2682
104.9545
105.9407
107.2268
108.8127
110.6984
112.8840
115.4620
118.4323
121.7949
125.5500
129.6973
134.2371
139.1692
144.4936
149.0245
152.7618
155.7055
157.8556
159.2122
159.7752
159.5447
158.5206
157.5582
156.6577
155.8189
155.0418
154.3266
153.6731
153.0814
152.5515
151.9109
151.1597
150.2979
149.3255
148.2424
147.0487
145.7444
144.3295
142.8183
141.2110
139.5074
137.7075
135.8115
133.8192
131.7307
129.5460
127.3620
125.1787
122.9962
120.8144
118.6333
116.4530
114.2734
112.0945
110.2375
108.7024
107.4892
106.5978
106.0284
105.7808
105.8552
106.2514
106.6794
107.1393
107.6310
108.1545
108.7099
109.2971
109.9161
110.5669
111.0441
111.3476
111.4774
111.4336
111.2161
110.8250
110.2602
109.5217
108.6806
107.7367
106.6902
105.5409
104.2890
102.9343
101.4769
99.9169
98.6908
97.7986
97.2404
97.0161
97.1258
97.5694
98.3469
99.4584
100.3475
101.0144
101.4589
101.6811
101.6810
101.4586
101.0138
100.3468
99.7763
99.3025
98.9253
98.6448
98.4608
98.3735
98.3828
98.4887
98.4381
98.2309
97.8672
97.3470
96.6703
95.8370
94.8471
93.7008
92.8239
92.2165
91.8785
91.8101
92.0111
92.4816
93.2215
94.2310
95.7463
97.7676
100.2948
103.3279
106.8670
110.9119
115.4628
120.5196
125.1132
129.2436
132.9108
136.1147
138.8554
141.1329
142.9472
144.2983
145.1719
145.5683
145.4872
144.9288
143.8930
142.3798
140.3893
137.9214
135.8171
134.0766
132.6997
131.6864
131.0368
130.7509
130.8286
131.2700
131.6322
131.9152
132.1189
132.2434
132.2888
132.2549
132.1417
131.9494
131.4940
130.7756
129.7942
128.5497
127.0422
125.2716
123.2380
120.9413
118.9054
117.1303
115.6159
114.3624
113.3695
112.6375
112.1662
111.9557
111.8114
111.7335
111.7220
111.7767
111.8977
112.0851
112.3388
112.6588
113.0014
113.3667
113.7546
114.1651
114.5982
115.0540
115.5325
116.0335
116.5391
117.0493
117.5640
118.0832
118.6069
119.1352
119.6681
120.2054
120.4422
120.3783
120.0138
119.3486
118.3829
117.1164
115.5494
113.6817
112.1193
110.8622
109.9104
109.2638
108.9225
108.8865
109.1558
109.7303
110.2957
110.8519
111.3989
111.9368
112.4656
112.9852
113.4956
113.9969
114.4105
114.7366
114.9751
115.1261
115.1894
115.1651
115.0533
114.8538
114.6517
114.4467
114.2390
114.0286
113.8154
113.5995
113.3808
113.1594
113.0200
112.9625
112.9869
113.0934
113.2818
113.5521
113.9045
114.3388
115.4488
117.2346
119.6962
122.8335
126.6466
131.1354
136.3000
142.1404
147.3083
151.8037
155.6267
158.7773
161.2554
163.0611
164.1943
164.6551
164.8000
164.6289
164.1419
163.3389
162.2200
160.7851
159.0343
156.9676
155.2123
153.7685
152.6362
151.8153
151.3060
151.1081
151.2216
151.6467
151.3950
150.4666
148.8614
146.5795
143.6209
139.9856
135.6735
130.6847
126.4341
122.9217
120.1475
118.1115
116.8138
116.2543
116.4329
117.3498
117.9994
118.3817
118.4967
118.3444
117.9248
117.2379
116.2837
115.0622
113.9582
112.9717
112.1026
111.3511
110.7171
110.2005
109.8015
109.5199
109.1997
108.8407
108.4431
108.0068
107.5319
107.0182
106.4658
105.8748
105.3758
104.9688
104.6538
104.4308
104.2998
104.2608
104.3138
104.4588
104.5185
104.4928
104.3818
104.1854
103.9037
103.5366
103.0842
102.5464
102.1020
101.7509
101.4932
101.3290
101.2580
101.2805
101.3963
101.6056
101.7735
101.9003
101.9858
102.0301
102.0331
101.9949
101.9155
101.7948
101.5684
101.2362
100.7982
100.2544
99.6048
98.8495
97.9883
97.0214
96.0507
95.0763
94.0981
93.1161
92.1303
91.1408
90.1475
89.1505
88.7865
89.0558
89.9582
91.4937
93.6624
96.4642
99.8992
103.9674
107.7262
111.1757
114.3159
117.1468
119.6684
121.8807
123.7837
125.3774
126.8481
128.1958
129.4205
130.5222
131.5009
132.3567
133.0895
133.6992
134.2420
134.7178
135.1266
135.4684
135.7431
135.9509
136.0917
136.1655
136.3611
136.6787
137.1182
137.6797
138.3630
139.1682
140.0954
141.1445
141.9683
142.5668
142.9401
143.0881
143.0108
142.7083
142.1805
141.4275
140.5587
139.5742
138.4739
137.2579
135.9261
134.4786
132.9153
131.2364
129.6820
128.2521
126.9469
125.7662
124.7101
123.7786
122.9717
122.2893
121.6255
120.9801
120.3533
119.7450
119.1551
118.5838
118.0310
117.4967
116.8817
116.1859
115.4095
114.5522
113.6143
112.5957
111.4963
110.3162
109.3222
108.5144
107.8928
107.4573
107.2079
107.1448
107.2677
107.5768
107.8387
108.0532
108.2204
108.3404
108.4130
108.4383
108.4164
108.3471
108.4190
108.6321
108.9864
109.4818
110.1184
110.8961
111.8150
112.8751
113.7695
114.4983
115.0613
115.4588
115.6905
115.7566
115.6571
115.3918
115.0591
114.6590
114.1913
113.6562
113.0537
112.3836
111.6461
110.8412
110.0965
109.4121
108.7880
108.2242
107.7207
107.2774
106.8945
106.5719
106.5594
106.8572
107.4652
108.3834
109.6118
111.1504
112.9992
115.1582
117.2169
119.1753
121.0334
122.7912
124.4487
126.0058
127.4627
128.8192
129.8946
130.6889
131.2021
131.4342
131.3852
131.0551
130.4439
129.5515
128.6400
127.7093
126.7595
125.7905
124.8022
123.7949
122.7683
121.7226
120.8096
120.0294
119.3820
118.8674
118.4855
118.2364
118.1201
118.1365
118.1052
118.0260
117.8991
117.7245
117.5020
117.2318
116.9138
116.5480
116.2541
116.0321
115.8820
115.8039
115.7976
115.8633
116.0008
116.2103
116.4415
116.6945
116.9692
117.2656
117.5838
117.9238
118.2855
118.6689
118.8042
118.6914
118.3304
117.7213
116.8641
115.7587
114.4052
112.8036
111.0671
109.1958
107.1897
105.0487
102.7728
100.3621
97.8166
95.1362
92.9404
91.2291
90.0023
89.2600
89.0023
89.2291
89.9405
91.1363
92.3825
93.6788
95.0254
96.4223
97.8694
99.3667
100.9143
102.5121
104.1632
105.8675
107.6251
109.4360
111.3002
113.2176
115.1883
117.2123
119.0559
120.7190
122.2018
123.5041
124.6261
125.5676
126.3288
126.9095
127.2237
127.2714
127.0525
126.5671
125.8152
124.7967
123.5117
121.9602
120.4113
118.8651
117.3215
115.7807
114.2425
112.7070
111.1742
109.6440
108.2152
106.8878
105.6618
104.5371
103.5139
102.5920
101.7714
101.0523
100.6928
100.6930
101.0530
101.7725
102.8518
104.2908
106.0894
108.2477
110.3278
112.3297
114.2534
116.0988
117.8661
119.5551
121.1659
122.6985
124.2628
125.8589
127.4867
129.1462
130.8375
132.5605
134.3152
136.1017
137.6509
138.9630
140.0379
140.8755
141.4760
141.8392
141.9653
141.8541
141.3922
140.5796
139.4162
137.9020
136.0371
133.8214
131.2550
128.3378
125.6254
123.1178
120.8151
118.7171
116.8240
115.1357
113.6521
112.3734
111.3601
110.6123
110.1299
109.9129
109.9614
110.2753
110.8547
111.6995
113.0934
115.0364
117.5286
120.5699
124.1603
128.2998
132.9884
138.2262
142.8192
146.7674
150.0708
152.7295
154.7434
156.1125
156.8368
156.9164
156.6028
155.8962
154.7964
153.3036
151.4176
149.1386
146.4664
143.4012
140.7053
138.3789
136.4219
134.8342
133.6160
132.7673
132.2879
132.1779
132.1463
132.1932
132.3184
132.5220
132.8040
133.1644
133.6032
134.1204
134.3580
134.3160
133.9944
133.3933
132.5126
131.3523
129.9124
128.1929
126.6664
125.3328
124.1922
123.2445
122.4898
121.9279
121.5591
121.3831
121.1075
120.7321
120.2570
119.6822
119.0077
118.2334
117.3594
116.3857
115.5080
114.7263
114.0406
113.4508
112.9571
112.5594
112.2577
112.0520
112.1857
112.6590
113.4718
114.6241
116.1158
117.9471
120.1179
122.6282
125.4707
128.6455
132.1525
135.9918
140.1633
144.6671
149.5032
154.6715
158.9873
162.4506
165.0614
166.8197
167.7256
167.7789
166.9797
165.3280
163.6390
161.9127
160.1492
158.3483
156.5101
154.6347
152.7219
150.7719
148.8097
146.8353
144.8489
142.8503
140.8395
138.8167
136.7817
134.7345
133.0213
131.6419
130.5965
129.8850
129.5074
129.4636
129.7538
130.3779
130.5292
130.2076
129.4133
128.1461
126.4061
124.1932
121.5076
118.3491
115.7979
113.8538
112.5170
111.7874
111.6651
112.1499
113.2420
114.9413
115.8152
115.8639
115.0872
113.4853
111.0580
107.8054
103.7274
98.8242
94.6370
91.1657
88.4104
86.3711
85.0478
84.4405
84.5492
85.3739
85.8889
86.0944
85.9901
85.5763
84.8528
83.8197
82.4770
80.8246
80.2433
80.7329
82.2936
84.9253
88.6279
93.4016
99.2463
106.1620
112.1898
117.3297
121.5817
124.9458
127.4221
129.0104
129.7109
129.5234
129.0641
128.3328
127.3296
126.0545
124.5075
122.6886
120.5978
118.2350
115.5088
112.4192
108.9661
105.1496
100.9697
96.4264
91.5196
86.2493
81.7082
77.8963
74.8134
72.4597
70.8351
69.9397
69.7734
70.3362
71.0639
71.9567
73.0143
74.2370
75.6246
77.1771
78.8947
80.7771
82.8031
84.9727
87.2857
89.7422
92.3423
95.0859
97.9730
101.0036
103.5268
105.5425
107.0508
108.0516
108.5450
108.5309
108.0093
106.9803
106.5153
106.6142
107.2772
108.5041
110.2950
112.6499
115.5688
119.0517
122.0621
124.6001
126.6656
128.2587
129.3793
130.0275
130.2032
129.9065
129.5388
129.1001
128.5904
128.0097
127.3580
126.6353
125.8416
124.9769
124.1987
123.5071
122.9020
122.3834
121.9513
121.6058
121.3467
121.1742
121.0599
121.0037
121.0058
121.0660
121.1844
121.3609
121.5957
121.8886
122.2929
122.8085
123.4354
124.1737
125.0234
125.9843
127.0567
128.2403
129.2086
129.9615
130.4990
130.8212
130.9279
130.8193
130.4953
129.9558
129.2526
128.3854
127.3544
126.1594
124.8006
123.2780
121.5914
119.7410
117.9196
116.1273
114.3640
112.6298
110.9247
109.2486
107.6016
105.9836
104.8704
104.2621
104.1586
104.5599
105.4660
106.8770
108.7928
111.2133
113.4173
115.4047
117.1755
118.7296
120.0672
121.1881
122.0925
122.7802
123.2632
123.5416
123.6152
123.4841
123.1484
122.6079
121.8627
120.9129
119.8916
118.7990
117.6351
116.3998
115.0931
113.7151
112.2657
110.7449
109.4439
108.3624
107.5007
106.8587
106.4363
106.2336
106.2505
106.4872
107.1359
108.1968
109.6697
111.5547
113.8518
116.5611
119.6824
123.2158
126.4966
129.5248
132.3004
134.8235
137.0939
139.1117
140.8770
142.3896
143.6827
144.7563
145.6103
146.2448
146.6598
146.8552
146.8311
146.5874
146.0955
145.3554
144.3670
143.1303
141.6454
139.9123
137.9309
135.7013
133.3732
130.9467
128.4218
125.7985
123.0767
120.2565
117.3379
114.3209
111.6305
109.2667
107.2295
105.5190
104.1350
103.0776
102.3469
101.9427
101.3788
100.6550
99.7713
98.7278
97.5245
96.1614
94.6384
92.9556
91.3947
89.9558
88.6388
87.4438
86.3707
85.4196
84.5904
83.8832
83.6993
84.0389
84.9019
86.2882
88.1980
90.6312
93.5877
97.0677
100.1747
102.9087
105.2698
107.2580
108.8731
110.1153
110.9846
111.4808
111.8592
112.1196
112.2621
112.2866
112.1932
111.9819
111.6526
111.2054
110.8581
110.6108
110.4635
110.4161
110.4687
110.6212
110.8737
111.2261
111.4003
111.3963
111.2140
110.8535
110.3148
109.5978
108.7027
107.6292
106.6425
105.7424
104.9290
104.2022
103.5621
103.0086
102.5418
102.1617
101.8642
101.6493
101.5172
101.4676
101.5008
101.6166
101.8150
102.0961
102.3464
102.5660
102.7548
102.9128
103.0401
103.1366
103.2023
103.2373
103.2419
103.2163
103.1604
103.0741
102.9576
102.8108
102.6336
102.4262
102.3306
102.3468
102.4748
102.7147
103.0663
103.5299
104.1052
104.7923
105.5671
106.4295
107.3795
108.4170
109.5422
110.7550
112.0554
113.4434
114.9806
116.6669
118.5024
120.4871
122.6210
124.9040
127.3361
129.9175
132.4217
134.8487
137.1986
139.4713
141.6668
143.7852
145.8264
147.7905
149.5332
151.0545
152.3544
153.4329
154.2901
154.9259
155.3402
155.5332
155.8666
156.3404
156.9546
157.7092
158.6041
159.6395
160.8153
162.1314
163.0296
163.5098
163.5720
163.2162
162.4424
161.2506
159.6409
157.6131
155.7455
154.0380
152.4906
151.1034
149.8762
148.8092
147.9023
147.1556
146.5230
146.0047
145.6007
145.3108
145.1352
145.0738
145.1267
145.2937
145.3262
145.2240
144.9872
144.6157
144.1096
143.4689
142.6935
141.7835
141.0321
140.4392
140.0049
139.7292
139.6121
139.6535
139.8535
140.2121
140.5532
140.8766
141.1826
141.4709
141.7418
141.9950
142.2308
142.4490
142.6532
142.8434
143.0197
143.1820
143.3304
143.4648
143.5852
143.6917
143.6794
143.5484
143.2986
142.9301
142.4428
141.8369
141.1121
140.2687
139.5729
139.0250
138.6247
138.3723
138.2676
138.3106
138.5014
138.8399
139.0280
139.0658
138.9532
138.6903
138.2769
137.7132
136.9991
136.1347
135.2470
134.3363
133.4023
132.4452
131.4650
130.4615
129.4349
128.3852
127.6815
127.3239
127.3124
127.6470
128.3277
129.3544
130.7272
132.4461
134.0204
135.4502
136.7354
137.8759
138.8720
139.7234
140.4303
140.9926
141.3353
141.4583
141.3618
141.0456
140.5098
139.7543
138.7793
137.5846
136.4636
135.4162
134.4425
133.5424
132.7160
131.9632
131.2840
130.6786
130.1118
129.5839
129.0947
128.6442
128.2326
127.8597
127.5255
127.2301
126.8325
126.3325
125.7303
125.0258
124.2190
123.3099
122.2985
121.1848
120.2038
119.3553
118.6393
118.0560
117.6053
117.2871
117.1015
117.0485
117.0061
116.9743
116.9532
116.9426
116.9426
116.9533
116.9746
117.0064
117.0319
117.0509
117.0635
117.0696
117.0693
117.0626
117.0494
117.0298
117.1304
117.3512
117.6921
118.1532
118.7346
119.4361
120.2578
121.1997
121.8899
122.3285
122.5155
122.4508
122.1345
121.5666
120.7470
119.6758
118.6582
117.6941
116.7835
115.9264
115.1229
114.3729
113.6765
113.0336
112.3993
111.7737
111.1567
110.5484
109.9486
109.3576
108.7752
108.2014
107.6235
107.0414
106.4552
105.8649
105.2704
104.6718
104.0691
103.4623
102.9386
102.4981
102.1408
101.8667
101.6758
101.5680
101.5435
101.6021
101.5345
101.3407
101.0207
100.5744
100.0020
99.3033
98.4784
97.5273
96.6602
95.8772
95.1781
94.5631
94.0320
93.5850
93.2220
92.9431
92.9415
93.2173
93.7705
94.6012
95.7092
97.0946
98.7574
100.6977
102.1780
103.1985
103.7592
103.8599
103.5008
102.6818
101.4030
99.6643
98.1061
96.7283
95.5310
94.5142
93.6778
93.0219
92.5465
92.2515
91.7807
91.1341
90.3117
89.3135
88.1395
86.7896
85.2640
83.5625
82.2193
81.2343
80.6076
80.3392
80.4290
80.8771
81.6834
82.8480
83.7693
84.4475
84.8824
85.0740
85.0224
84.7276
84.1896
83.4083
82.9503
82.8157
83.0044
83.5164
84.3517
85.5103
86.9923
88.7976
90.7795
92.9381
95.2733
97.7852
100.4737
103.3389
106.3807
109.5992
112.4089
114.8098
116.8019
118.3852
119.5597
120.3255
120.6825
120.6307
120.5987
120.5867
120.5945
120.6222
120.6698
120.7373
120.8246
120.9318
120.8694
120.6374
120.2358
119.6645
118.9235
118.0130
116.9328
115.6830
114.4641
113.2761
112.1189
110.9927
109.8973
108.8328
107.7992
106.7964
105.8108
104.8422
103.8906
102.9561
102.0386
101.1382
100.2548
99.3885
98.5642
97.7820
97.0418
96.3437
95.6877
95.0737
94.5018
93.9719
93.3519
92.6418
91.8415
90.9512
89.9707
88.9001
87.7394
86.4886
85.1543
83.7365
82.2352
80.6503
78.9820
77.2301
75.3948
73.4759
71.6033
69.7769
67.9968
66.2629
64.5752
62.9338
61.3386
59.7897
58.4053
57.1856
56.1304
55.2399
54.5139
53.9525
53.5558
53.3236
53.3855
53.7414
54.3914
55.3354
56.5735
58.1056
59.9318
62.0520
64.1880
66.3398
68.5074
70.6908
72.8899
75.1048
77.3355
79.5820
81.8833
84.2394
86.6503
89.1160
91.6365
94.2117
96.8418
99.5267
101.9513
104.1157
106.0198
107.6637
109.0472
110.1706
111.0336
111.6364
112.2100
112.7542
113.2693
113.7550
114.2115
114.6387
115.0367
115.4054
115.7232
115.9901
116.2061
116.3712
116.4854
116.5487
116.5610
116.5225
116.6213
116.8573
117.2306
117.7412
118.3891
119.1743
120.0967
121.1565
122.0628
122.8158
123.4155
123.8617
124.1546
124.2942
124.2803
124.1131
124.4953
125.4267
126.9074
128.9374
131.5168
134.6455
138.3234
142.5507
146.4415
149.9958
153.2136
156.0950
158.6398
160.8482
162.7201
164.2555
165.6112
166.7873
167.7836
168.6003
169.2373
169.6947
169.9723
170.0703
170.2352
170.4672
170.7660
171.1319
171.5647
172.0645
172.6313
173.2651
173.8204
174.2972
174.6955
175.0154
175.2568
175.4198
175.5043
175.5103
175.4548
175.3378
175.1592
174.9192
174.6176
174.2546
173.8300
173.3439
172.7891
172.1657
171.4737
170.7131
169.8838
168.9859
168.0194
166.9842
166.3599
166.1464
166.3438
166.9520
167.9712
169.4011
171.2419
173.4936
175.6124
177.5985
179.4517
181.1721
182.7597
184.2145
185.5365
186.7256
187.6817
188.4047
188.8947
189.1516
189.1754
188.9661
188.5238
187.8483
187.3280
186.9627
186.7525
186.6973
186.7972
187.0521
187.4621
188.0272
188.4190
188.6374
188.6825
188.5543
188.2528
187.7779
187.1297
186.3082
185.2744
184.0283
182.5698
180.8989
179.0158
176.9203
174.6125
172.0923
169.8166
167.7854
165.9986
164.4563
163.1585
162.1051
161.2962
160.7318
160.2349
159.8056
159.4438
159.1495
158.9228
158.7636
158.6720
158.6479
158.5299
158.3179
158.0120
157.6121
157.1182
156.5304
155.8486
155.0729
154.1825
153.1773
152.0573
150.8226
149.4732
148.0090
146.4301
144.7364
142.9991
141.2182
139.3937
137.5256
135.6139
133.6586
131.6597
129.6172
127.6554
125.7743
123.9738
122.2541
120.6151
119.0568
117.5792
116.1823
114.8330
113.5313
112.2773
111.0708
109.9120
108.8007
107.7371
106.7211
105.7170
104.7247
103.7442
102.7757
101.8190
100.8741
99.9412
99.0200
98.0244
96.9542
95.8094
94.5902
93.2963
91.9280
90.4851
88.9677
87.6154
86.4283
85.4063
84.5495
83.8578
83.3314
82.9700
82.7738
82.6696
82.6573
82.7370
82.9086
83.1721
83.5276
83.9751
84.5144
85.3591
86.5091
87.9644
89.7250
91.7909
94.1621
96.8386
99.8204
102.3952
104.5629
106.3236
107.6773
108.6240
109.1636
109.2962
109.0218
108.7464
108.4699
108.1924
107.9138
107.6342
107.3536
107.0720
106.7893
106.4513
106.0581
105.6095
105.1057
104.5466
103.9322
103.2625
102.5376
101.7027
100.7579
99.7032
98.5386
97.2641
95.8796
94.3853
92.7810
91.2538
89.8037
88.4308
87.1349
85.9161
84.7744
83.7098
82.7223
81.8796
81.1818
80.6287
80.2205
79.9571
79.8385
79.8647
80.0357
80.2851
80.6129
81.0191
81.5036
82.0666
82.7080
83.4277
84.2259
84.8949
85.4348
85.8456
86.1273
86.2799
86.3033
86.1977
85.9629
85.8576
85.8819
86.0356
86.3189
86.7316
87.2739
87.9457
88.7470
89.4620
90.0909
90.6335
91.0899
91.4600
91.7440
91.9417
92.0532
92.2120
92.4180
92.6713
92.9718
93.3196
93.7147
94.1570
94.6466
95.1686
95.7230
96.3098
96.9291
97.5808
98.2649
98.9814
99.7303
100.4159
101.0382
101.5970
102.0925
102.5247
102.8935
103.1989
103.4410
103.6439
103.8075
