62.3065
61.9743
61.4900
60.8537
60.0653
59.1249
58.3185
57.6463
57.1080
56.7039
56.4338
56.2978
56.2959
56.4280
56.5175
56.5643
56.5685
56.5300
56.4489
56.3251
56.1587
55.9497
55.6870
55.3709
55.0012
54.5779
54.1011
53.5707
52.9868
52.3493
51.9705
51.8503
51.9888
52.3860
53.0417
53.9562
55.1292
56.5610
58.2604
60.2274
62.4621
64.9644
67.7344
70.7721
74.0774
77.6504
80.9088
83.8528
86.4823
88.7972
90.7977
92.4837
93.8552
94.9122
96.1261
97.4968
99.0244
100.7088
102.5501
104.5482
106.7032
109.0151
111.1397
113.0772
114.8275
116.3907
117.7666
118.9554
119.9570
120.7714
121.5303
122.2337
122.8815
123.4738
124.0106
124.4918
124.9176
125.2878
125.3911
125.2277
124.7974
124.1004
123.1365
121.9058
120.4083
118.6439
116.8181
114.9307
112.9819
110.9715
108.8997
106.7663
104.5714
102.3151
100.1142
97.9689
95.8791
93.8449
91.8662
89.9430
88.0753
86.2632
84.4570
82.6568
80.8625
79.0742
77.2918
75.5154
73.7450
71.9805
70.4632
69.1929
68.1698
67.3938
66.8649
66.5831
66.5484
66.7609
67.1174
67.6179
68.2625
69.0512
69.9839
71.0607
72.2816
73.6465
74.8759
75.9698
76.9282
77.7511
78.4384
78.9903
79.4067
79.6875
80.0652
80.5398
81.1113
81.7796
82.5448
83.4069
84.3659
85.4218
86.2430
86.8296
87.1816
87.2990
87.1818
86.8299
86.2434
85.4224
84.6627
83.9645
83.3277
82.7524
82.2385
81.7860
81.3950
81.0654
80.7709
80.5114
80.2870
80.0976
79.9433
79.8241
79.7399
79.6908
79.6498
79.6168
79.5920
79.5752
79.5666
79.5660
79.5735
79.5892
79.5366
79.4160
79.2272
78.9702
78.6451
78.2518
77.7905
77.2609
76.6859
76.0655
75.3997
74.6884
73.9316
73.1294
72.2818
71.3887
70.7141
70.2579
70.0201
70.0007
70.1997
70.6172
71.2531
72.1074
72.9697
73.8400
74.7183
75.6046
76.4988
77.4010
78.3112
79.2294
80.2969
81.5138
82.8799
84.3954
86.0602
87.8742
89.8377
91.9504
93.7350
95.1916
96.3201
97.1206
97.5930
97.7373
97.5535
97.0417
96.1265
94.8079
93.0860
90.9607
88.4321
85.5001
82.1647
78.4260
74.4689
70.2933
65.8993
61.2868
56.4559
51.4066
46.1389
40.6527
35.8005
31.5823
27.9981
25.0479
22.7317
21.0495
20.0013
19.5871
19.0948
18.5243
17.8757
17.1489
16.3440
15.4610
14.4998
13.4605
12.5384
11.7334
11.0457
10.4750
10.0216
9.6854
9.4663
9.3644
9.2714
9.1874
9.1123
9.0461
8.9889
8.9407
8.9013
8.8710
8.8468
8.8288
8.8171
8.8115
8.8122
8.8191
8.8322
8.8515
8.7521
8.5340
8.1971
7.7416
7.1673
6.4744
5.6627
4.7323
4.4063
4.6847
5.5674
7.0546
9.1462
11.8421
15.1425
19.0472
24.2233
30.6709
38.3898
47.3801
57.6418
69.1749
81.9794
96.0553
108.4225
119.0810
128.0308
135.2719
140.8043
144.6280
146.7431
147.1494
148.8037
151.7059
155.8561
161.2542
167.9002
175.7941
184.9360
195.3258
204.1938
211.5399
217.3641
221.6664
224.4468
225.7054
225.4421
223.6569
221.7561
219.7397
217.6076
215.3598
212.9964
210.5174
207.9228
205.2125
202.2153
198.9313
195.3605
191.5028
187.3582
182.9268
178.2086
173.2035
168.7267
164.7781
161.3578
158.4658
156.1021
154.2666
152.9594
152.1804
150.6340
148.3202
145.2388
141.3901
136.7738
131.3901
125.2390
118.3203
112.0133
106.3178
101.2339
96.7615
92.9007
89.6515
87.0139
84.9878
82.9969
81.0413
79.1209
77.2358
75.3859
73.5713
71.7918
70.0476
67.8397
65.1681
62.0328
58.4337
54.3709
49.8444
44.8541
39.4002
34.5195
30.2122
26.4782
23.3174
20.7300
18.7160
17.2752
16.4077
15.4228
14.3205
13.1008
11.7637
10.3092
8.7372
7.0479
5.2411
3.5451
1.9599
0.4855
-0.8780
-2.1308
-3.2728
-4.3039
-5.2243
-6.0142
-6.6737
-7.2027
-7.6012
-7.8693
-8.0069
-8.0140
-7.8907
-7.8058
-7.7592
-7.7510
-7.7812
-7.8497
-7.9567
-8.1020
-8.2857
-8.4733
-8.6648
-8.8603
-9.0597
-9.2630
-9.4703
-9.6815
-9.8966
-10.0853
-10.2476
-10.3834
-10.4929
-10.5759
-10.6325
-10.6626
-10.6664
-10.5756
-10.3904
-10.1106
-9.7363
-9.2675
-8.7042
-8.0463
-7.2940
-6.1938
-4.7456
-2.9496
-0.8057
1.6860
4.5257
7.7133
11.2487
14.6107
17.7993
20.8144
23.6560
26.3243
28.8190
31.1404
33.2883
35.5459
37.9133
40.3904
42.9773
45.6739
48.4802
51.3963
54.4222
57.4035
60.3404
63.2328
66.0807
68.8840
71.6429
74.3573
77.0272
80.4422
84.6022
89.5073
95.1574
101.5526
108.6929
116.5782
125.2085
132.9174
139.7047
145.5706
150.5149
154.5377
157.6390
159.8189
161.0772
161.9473
162.4294
162.5233
162.2291
161.5467
160.4762
159.0176
157.1708
155.5757
154.2322
153.1404
152.3002
151.7117
151.3748
151.2895
151.4559
151.4678
151.3252
151.0280
150.5762
149.9700
149.2092
148.2938
147.2240
146.1986
145.2179
144.2816
143.3899
142.5428
141.7402
140.9821
140.2686
139.3360
138.1843
136.8136
135.2238
133.4148
131.3869
129.1398
126.6737
124.4814
122.5631
120.9186
119.5480
118.4514
117.6286
117.0797
116.8047
116.3729
115.7842
115.0387
114.1363
113.0771
111.8611
110.4882
108.9585
107.4415
105.9372
104.4456
102.9668
101.5008
100.0474
98.6068
97.1789
95.9636
94.9607
94.1705
93.5927
93.2274
93.0747
93.1346
93.4069
93.3813
93.0578
92.4364
91.5170
90.2998
88.7846
86.9715
84.8604
82.8070
80.8112
78.8731
76.9925
75.1696
73.4044
71.6967
70.0467
68.2752
66.3821
64.3674
62.2312
59.9735
57.5942
55.0934
52.4710
49.7408
46.9027
43.9568
40.9031
37.7415
34.4721
31.0948
27.6097
24.5624
21.9530
19.7815
18.0479
16.7521
15.8942
15.4741
15.4919
15.3568
15.0688
14.6279
14.0341
13.2873
12.3877
11.3351
10.1297
9.2083
8.5710
8.2178
8.1487
8.3636
8.8627
9.6458
10.7131
11.6308
12.3990
13.0177
13.4870
13.8067
13.9769
13.9976
13.8689
13.7898
13.7603
13.7806
13.8505
13.9701
14.1394
14.3584
14.6270
15.3454
16.5135
18.1314
20.1991
22.7165
25.6836
29.1005
32.9671
36.7080
40.3231
43.8123
47.1758
50.4136
53.5255
56.5117
59.3720
62.1072
64.7170
67.2017
69.5611
71.7952
73.9041
75.8878
77.7462
79.8470
82.1901
84.7757
87.6036
90.6738
93.9865
97.5415
101.3389
104.9615
108.4094
111.6824
114.7807
117.7043
120.4530
123.0270
125.4262
127.5734
129.4684
131.1113
132.5022
133.6409
134.5276
135.1622
135.5447
135.8993
136.2261
136.5250
136.7961
137.0394
137.2548
137.4424
137.6021
137.8042
138.0486
138.3353
138.6644
139.0358
139.4496
139.9056
140.4041
140.6140
140.5354
140.1683
139.5127
138.5686
137.3360
135.8149
134.0052
132.2914
130.6734
129.1512
127.7249
126.3944
125.1597
124.0208
122.9777
121.7371
120.2988
118.6629
116.8294
114.7983
112.5696
110.1433
107.5193
105.0455
102.7216
100.5478
98.5240
96.6503
94.9266
93.3530
91.9294
90.0540
87.7270
84.9482
81.7176
78.0353
73.9013
69.3156
64.2781
59.6913
55.5552
51.8699
48.6353
45.8514
43.5182
41.6357
40.2040
38.1925
35.6014
32.4305
28.6800
24.3497
19.4398
13.9502
7.8808
2.5393
-2.0744
-5.9602
-9.1183
-11.5485
-13.2509
-14.2255
-14.4722
-14.8655
-15.4054
-16.0918
-16.9248
-17.9043
-19.0303
-20.3030
-21.7221
-22.9633
-24.0265
-24.9118
-25.6190
-26.1482
-26.4995
-26.6728
-26.6681
-26.6585
-26.6440
-26.6246
-26.6003
-26.5710
-26.5369
-26.4979
-26.4539
-26.3800
-26.2761
-26.1422
-25.9783
-25.7843
-25.5604
-25.3065
-25.0226
-23.9507
-22.0907
-19.4427
-16.0067
-11.7826
-6.7705
-0.9704
5.6178
11.7660
17.4741
22.7422
27.5702
31.9583
35.9063
39.4143
42.4823
45.9320
49.7635
53.9768
58.5719
63.5488
68.9074
74.6479
80.7701
86.8082
92.7622
98.6320
104.4178
110.1194
115.7369
121.2703
126.7196
132.1201
137.4716
142.7744
148.0282
153.2332
158.3894
163.4967
168.5551
173.1045
177.1449
180.6763
183.6987
186.2121
188.2165
189.7119
190.6983
191.5200
192.1771
192.6696
192.9974
193.1606
193.1592
192.9931
192.6624
192.3009
191.9086
191.4854
191.0314
190.5466
190.0310
189.4846
188.9073
187.8390
186.2796
184.2291
181.6877
178.6551
175.1315
171.1169
166.6112
162.4795
158.7219
155.3384
152.3289
149.6935
147.4321
145.5448
144.0316
142.2697
140.2593
138.0002
135.4925
132.7362
129.7313
126.4777
122.9756
119.4881
116.0152
112.5570
109.1134
105.6845
102.2702
98.8706
95.4856
92.2441
89.1460
86.1913
83.3801
80.7123
78.1880
75.8071
73.5696
71.4411
69.4217
67.5113
65.7100
64.0177
62.4344
60.9601
59.5948
58.1671
56.6767
55.1238
53.5084
51.8304
50.0899
48.2869
46.4213
44.6764
43.0523
41.5488
40.1661
38.9041
37.7629
36.7423
35.8425
34.9116
33.9495
32.9562
31.9319
30.8764
29.7898
28.6720
27.5231
26.5138
25.6441
24.9140
24.3234
23.8725
23.5611
23.3894
23.3572
22.9568
22.1881
21.0512
19.5460
17.6725
15.4308
12.8209
9.8427
7.2813
5.1367
3.4089
2.0979
1.2037
0.7263
0.6658
1.0220
1.6511
2.5530
3.7277
5.1753
6.8958
8.8890
11.1551
13.6941
16.5301
19.6632
23.0934
26.8207
30.8450
35.1664
39.7849
44.7004
49.1251
53.0589
56.5017
59.4536
61.9147
63.8848
65.3641
66.3524
67.6929
69.3855
71.4303
73.8272
76.5763
79.6776
83.1310
86.9366
90.6356
94.2281
97.7140
101.0934
104.3662
107.5324
110.5921
113.5453
116.0801
118.1966
119.8947
121.1744
122.0359
122.4789
122.5036
122.1100
121.6322
121.0701
120.4239
119.6935
118.8789
117.9801
116.9971
115.9299
115.1747
114.7316
114.6004
114.7813
115.2742
116.0792
117.1961
118.6251
120.1422
121.7474
123.4407
125.2222
127.0917
129.0493
131.0951
133.2289
135.0527
136.5663
137.7699
138.6633
139.2467
139.5199
139.4831
139.1362
138.6285
137.9603
137.1313
136.1417
134.9914
133.6804
132.2087
130.5764
128.6343
126.3823
123.8206
120.9491
117.7677
114.2766
110.4756
106.3649
102.4516
98.7358
95.2174
91.8966
88.7731
85.8472
83.1187
80.5877
78.2769
76.1864
74.3160
72.6660
71.2361
70.0265
69.0372
68.2680
67.2884
66.0983
64.6976
63.0864
61.2647
59.2325
56.9898
54.5366
52.2759
50.2078
48.3322
46.6491
45.1586
43.8606
42.7551
41.8422
40.7531
39.4879
38.0465
36.4290
34.6353
32.6654
30.5194
28.1972
26.0051
23.9430
22.0109
20.2089
18.5369
16.9950
15.5830
14.3012
13.2754
12.5059
11.9925
11.7353
11.7342
11.9893
12.5006
13.2680
13.8469
14.2372
14.4391
14.4523
14.2771
13.9133
13.3610
12.6201
12.0339
11.6025
11.3256
11.2035
11.2361
11.4233
11.7652
12.2618
13.1008
14.2822
15.8060
17.6722
19.8808
22.4318
25.3252
28.5609
31.5907
34.4145
37.0322
39.4440
41.6497
43.6494
45.4432
47.0309
48.4430
49.6795
50.7405
51.6258
52.3356
52.8698
53.2283
53.4113
53.5950
53.7795
53.9648
54.1508
54.3375
54.5250
54.7133
54.9023
55.0337
55.1074
55.1235
55.0820
54.9828
54.8260
54.6116
54.3395
53.8939
53.2749
52.4823
51.5163
50.3768
49.0638
47.5774
45.9174
44.4925
43.3026
42.3478
41.6281
41.1433
40.8936
40.8790
41.0994
41.4917
42.0558
42.7918
43.6996
44.7794
46.0309
47.4544
49.0497
51.0692
53.5129
56.3809
59.6730
63.3894
67.5300
72.0948
77.0838
81.8277
86.3264
90.5800
94.5884
98.3516
101.8698
105.1427
108.1705
111.0965
113.9208
116.6432
119.2638
121.7827
124.1997
126.5150
128.7284
130.7319
132.5256
134.1093
135.4830
136.6469
137.6009
138.3449
138.8790
139.3634
139.7979
140.1827
140.5178
140.8030
141.0385
141.2243
141.3602
141.4001
141.3438
141.1915
140.9430
140.5984
140.1578
139.6210
138.9881
138.3627
137.7447
137.1342
136.5311
135.9355
135.3474
134.7667
134.1935
133.6014
132.9903
132.3604
131.7115
131.0437
130.3570
129.6514
128.9269
128.2855
127.7272
127.2521
126.8601
126.5513
126.3256
126.1830
126.1236
125.8070
125.2333
124.4023
123.3143
121.9690
120.3666
118.5071
116.3904
114.3724
112.4532
110.6328
108.9111
107.2881
105.7640
104.3385
103.0119
101.6572
100.2746
98.8639
97.4253
95.9587
94.4641
92.9416
91.3910
89.7017
87.8736
85.9068
83.8013
81.5570
79.1739
76.6521
73.9916
71.5465
69.3168
67.3026
65.5039
63.9205
62.5527
61.4002
60.4632
59.7935
59.3909
59.2556
59.3875
59.7866
60.4530
61.3866
62.5874
63.0418
62.7497
61.7111
59.9262
57.3947
54.1169
50.0925
45.3218
40.9197
36.8864
33.2218
29.9259
26.9988
24.4404
22.2507
20.4297
18.9780
17.8954
17.1821
16.8379
16.8630
17.2573
18.0207
19.1534
20.2740
21.3825
22.4789
23.5631
24.6353
25.6954
26.7434
27.7792
28.5931
29.1849
29.5548
29.7026
29.6284
29.3322
28.8140
28.0737
27.6482
27.5374
27.7414
28.2600
29.0934
30.2415
31.7043
33.4818
35.2913
37.1327
39.0060
40.9112
42.8483
44.8174
46.8184
48.8514
51.0073
53.2861
55.6879
58.2127
60.8605
63.6312
66.5249
69.5415
72.5383
75.5152
78.4723
81.4095
84.3268
87.2243
90.1019
92.9596
96.1076
99.5457
103.2740
107.2925
111.6012
116.2000
121.0891
126.2683
130.8656
134.8810
138.3145
141.1660
143.4356
145.1233
146.2291
146.7530
147.0707
147.1822
147.0875
146.7867
146.2797
145.5666
144.6473
143.5218
142.4817
141.5270
140.6577
139.8738
139.1753
138.5621
138.0344
137.5921
136.8747
135.8824
134.6150
133.0727
131.2553
129.1630
126.7957
124.1534
121.5771
119.0669
116.6227
114.2446
111.9326
109.6866
107.5066
105.3928
103.1879
100.8921
98.5054
96.0277
93.4590
90.7994
88.0488
85.2072
82.3382
79.4418
76.5179
73.5666
70.5879
67.5817
64.5481
61.4870
58.4742
55.5095
52.5929
49.7246
46.9044
44.1324
41.4086
38.7330
36.1297
33.5987
31.1400
28.7537
26.4397
24.1980
22.0286
19.9315
18.1615
16.7185
15.6026
14.8136
14.3518
14.2169
14.4091
14.9283
15.8270
17.1051
18.7627
20.7997
23.2162
26.0121
29.1875
32.7424
35.4776
37.3930
38.4888
38.7649
38.2212
36.8579
34.6749
31.6722
29.0586
26.8340
24.9986
23.5522
22.4949
21.8266
21.5475
21.6574
21.6345
21.4786
21.1898
20.7681
20.2135
19.5260
18.7057
17.7524
16.8310
15.9415
15.0839
14.2583
13.4645
12.7027
11.9728
11.2748
10.4642
9.5409
8.5052
7.3568
6.0958
4.7222
3.2360
1.6373
0.1319
-1.2801
-2.5987
-3.8240
-4.9558
-5.9943
-6.9394
-7.7911
-8.5030
-9.0751
-9.5073
-9.7998
-9.9524
-9.9652
-9.8383
-9.5714
-9.3511
-9.1771
-9.0495
-8.9684
-8.9337
-8.9454
-9.0035
-9.1080
-9.0201
-8.7397
-8.2670
-7.6018
-6.7441
-5.6941
-4.4516
-3.0166
-1.5606
-0.0836
1.4146
2.9338
4.4741
6.0354
7.6178
9.2213
11.1870
13.5149
16.2049
19.2571
22.6715
26.4481
30.5869
35.0879
39.3375
43.3359
47.0829
50.5786
53.8230
56.8161
59.5579
62.0484
64.9781
68.3471
72.1555
76.4031
81.0900
86.2161
91.7816
97.7863
103.4374
108.7347
113.6783
118.2681
122.5043
126.3868
129.9155
133.0905
136.2017
139.2490
142.2325
145.1521
148.0078
150.7997
153.5277
156.1919
158.6812
160.9957
163.1353
165.1000
166.8899
168.5049
169.9451
171.2104
172.2969
173.2048
173.9339
174.4842
174.8559
175.0488
175.0629
174.8984
174.6794
174.4060
174.0783
173.6961
173.2595
172.7686
172.2232
171.6234
171.1071
170.6743
170.3249
170.0590
169.8765
169.7776
169.7620
169.8300
170.1963
170.8611
171.8243
173.0859
174.6459
176.5044
178.6612
181.1165
183.2346
185.0156
186.4595
187.5663
188.3359
188.7684
188.8638
188.6220
188.5465
188.6374
188.8946
189.3182
189.9080
190.6642
191.5867
192.6755
192.5448
191.1945
188.6247
184.8353
179.8264
173.5979
166.1499
157.4823
149.9658
143.6002
138.3856
134.3219
131.4093
129.6477
129.0370
129.5773
129.6429
129.2338
128.3500
126.9914
125.1581
122.8502
120.0674
116.8100
113.5779
110.3712
107.1898
104.0338
100.9031
97.7977
94.7177
91.6630
89.1835
87.2791
85.9500
85.1960
85.0172
85.4135
86.3850
87.9317
88.7041
88.7022
87.9261
86.3757
84.0510
80.9520
77.0788
72.4313
68.4023
64.9917
62.1997
60.0262
58.4711
57.5346
57.2165
57.5170
57.7156
57.8123
57.8071
57.7001
57.4912
57.1804
56.7678
56.2533
55.0314
53.1023
50.4657
47.1219
43.0707
38.3122
32.8463
26.6731
21.4665
17.2264
13.9529
11.6459
10.3055
9.9317
10.5244
12.0837
13.3083
14.1984
14.7539
14.9748
14.8611
14.4128
13.6299
12.5124
11.7645
11.3864
11.3779
11.7392
12.4701
13.5706
15.0409
16.8808
18.4029
19.6070
20.4932
21.0615
21.3118
21.2443
20.8588
20.1554
19.3437
18.4237
17.3954
16.2588
15.0139
13.6608
12.1993
10.6295
9.2559
8.0785
7.0974
6.3124
5.7237
5.3312
5.1349
5.1348
5.3629
5.8190
6.5033
7.4157
8.5563
9.9249
11.5217
13.3466
15.2692
17.2895
19.4075
21.6231
23.9364
26.3474
28.8561
31.4625
33.6188
35.3251
36.5814
37.3876
37.7438
37.6500
37.1062
36.1123
36.0244
36.8424
38.5663
41.1962
44.7320
49.1737
54.5214
60.7750
66.3785
71.3319
75.6352
79.2884
82.2915
84.6446
86.3475
87.4003
88.8709
90.7594
93.0656
95.7897
98.9316
102.4913
106.4688
110.8641
114.7119
118.0123
120.7653
122.9707
124.6288
125.7393
126.3024
126.3181
126.3852
126.5039
126.6740
126.8957
127.1688
127.4935
127.8696
128.2973
128.6002
128.7785
128.8321
128.7609
128.5651
128.2446
127.7994
127.2296
126.6862
126.1692
125.6787
125.2146
124.7771
124.3659
123.9813
123.6231
123.4176
123.3650
123.4652
123.7181
124.1239
124.6824
125.3937
126.2578
126.2714
125.4345
123.7471
121.2091
117.8206
113.5816
108.4920
102.5520
97.6123
93.6731
90.7343
88.7959
87.8579
87.9204
88.9832
91.0465
92.3853
92.9997
92.8896
92.0550
90.4960
88.2125
85.2046
81.4722
78.2448
75.5225
73.3053
71.5931
70.3859
69.6838
69.4868
69.7948
69.9844
70.0555
70.0082
69.8426
69.5585
69.1559
68.6350
67.9956
67.3322
66.6449
65.9335
65.1981
64.4388
63.6554
62.8480
62.0166
61.2196
60.4569
59.7285
59.0345
58.3748
57.7495
57.1585
56.6019
55.7814
54.6971
53.3491
51.7372
49.8615
47.7220
45.3187
42.6516
40.5567
39.0342
38.0838
37.7057
37.8999
38.6663
40.0050
41.9159
43.3530
44.3163
44.8057
44.8212
44.3629
43.4308
42.0248
40.1450
38.5526
37.2476
36.2300
35.4998
35.0571
34.9017
35.0338
35.4533
35.9219
36.4397
37.0067
37.6229
38.2882
39.0028
39.7664
40.5793
41.2509
41.7812
42.1702
42.4179
42.5244
42.4895
42.3134
41.9960
41.4994
40.8236
39.9687
38.9346
37.7214
36.3290
34.7574
33.0067
31.7910
31.1103
30.9646
31.3539
32.2783
33.7376
35.7320
38.2614
40.6623
42.9347
45.0785
47.0938
48.9806
50.7388
52.3685
53.8697
55.3103
56.6904
58.0099
59.2688
60.4671
61.6049
62.6821
63.6987
64.7076
65.7086
66.7020
67.6875
68.6653
69.6353
70.5975
71.5519
72.7514
74.1959
75.8855
77.8201
79.9997
82.4244
85.0941
88.0088
90.6087
92.8936
94.8636
96.5187
97.8589
98.8842
99.5946
99.9901
100.1557
100.0917
99.7978
99.2742
98.5207
97.5376
96.3246
94.8818
93.2795
91.5177
89.5964
87.5155
85.2751
82.8752
80.3157
77.5967
74.9623
72.4126
69.9474
67.5670
65.2711
63.0598
60.9332
58.8912
57.1502
55.7101
54.5710
53.7328
53.1955
52.9592
53.0239
53.3895
53.6328
53.7539
53.7527
53.6292
53.3835
53.0155
52.5252
51.9127
50.9450
49.6221
47.9441
45.9109
43.5225
40.7790
37.6804
34.2265
31.1284
28.3859
25.9990
23.9678
22.2922
20.9723
20.0081
19.3995
18.9122
18.5464
18.3019
18.1788
18.1771
18.2968
18.5378
18.9003
19.1683
19.3418
19.4209
19.4056
19.2958
19.0916
18.7930
18.3999
18.2671
18.3945
18.7821
19.4299
20.3380
21.5063
22.9348
24.6236
26.0459
27.2016
28.0909
28.7137
29.0699
29.1597
28.9830
28.5398
28.3904
28.5350
28.9734
29.7058
30.7320
32.0521
33.6660
35.5739
37.8063
40.3631
43.2445
46.4504
49.9807
53.8355
58.0149
62.5187
66.5976
70.2516
73.4806
76.2847
78.6638
80.6180
82.1472
83.2515
84.6659
86.3903
88.4247
90.7693
93.4238
96.3884
99.6631
103.2479
106.4980
109.4136
111.9947
114.2411
116.1531
117.7304
118.9732
119.8814
121.8435
124.8594
128.9291
134.0527
140.2301
147.4613
155.7464
165.0853
173.5088
181.0170
187.6097
193.2871
198.0490
201.8956
204.8268
206.8426
208.1358
208.7063
208.5542
207.6794
206.0820
203.7619
200.7192
196.9539
193.7521
191.1140
189.0394
187.5284
186.5810
186.1972
186.3770
187.1204
187.7132
188.1552
188.4466
188.5873
188.5773
188.4166
188.1053
187.6433
186.8800
185.8156
184.4498
182.7829
180.8147
178.5453
175.9746
173.1027
170.2593
167.4444
164.6581
161.9003
159.1710
156.4702
153.7979
151.1542
148.5411
145.9587
143.4069
140.8857
138.3952
135.9354
133.5062
131.1076
128.8317
126.6783
124.6475
122.7393
120.9537
119.2906
117.7502
116.3323
114.5500
112.4032
109.8920
107.0163
103.7762
100.1716
96.2025
91.8690
87.7387
83.8115
80.0876
76.5669
73.2494
70.1350
67.2239
64.5160
62.0156
59.7229
57.6378
55.7604
54.0905
52.6283
51.3737
50.3267
48.9901
47.3639
45.4480
43.2426
40.7475
37.9628
34.8885
31.5246
28.4562
25.6833
23.2058
21.0239
19.1374
17.5464
16.2510
15.2510
13.9468
12.3386
10.4261
8.2095
5.6888
2.8639
-0.2651
-3.6983
-6.3766
-8.2999
-9.4684
-9.8820
-9.5406
-8.4443
-6.5931
-3.9871
-1.9864
-0.5913
0.1984
0.3826
-0.0387
-1.0654
-2.6976
-4.9353
-6.0993
-6.1895
-5.2059
-3.1487
-0.0177
4.1871
9.4655
15.8178
21.8508
27.5645
32.9591
38.0344
42.7905
47.2274
51.3450
55.1434
58.7726
62.2326
65.5233
68.6448
71.5970
74.3800
76.9938
79.4383
81.4935
83.1594
84.4361
85.3234
85.8213
85.9300
85.6494
84.9795
84.4755
84.1374
83.9652
83.9589
84.1185
84.4441
84.9355
85.5929
86.2456
86.8938
87.5373
88.1763
88.8106
89.4404
90.0655
90.6860
91.1604
91.4886
91.6706
91.7065
91.5963
91.3398
90.9372
90.3885
89.8339
89.2735
88.7072
88.1351
87.5572
86.9734
86.3838
85.7884
85.1762
84.5472
83.9015
83.2389
82.5596
81.8636
81.1508
80.4212
79.7174
79.0396
78.3876
77.7614
77.1612
76.5868
76.0383
75.5156
74.7471
73.7328
72.4726
70.9666
69.2148
67.2171
64.9735
62.4842
60.1247
57.8953
55.7958
53.8263
51.9867
50.2771
48.6975
47.2478
46.1444
45.3874
44.9767
44.9123
45.1942
45.8224
46.7969
48.1178
49.2423
50.1704
50.9022
51.4376
51.7766
51.9193
51.8656
51.6156
51.4801
51.4593
51.5530
51.7613
52.0843
52.5218
53.0739
53.7406
53.9495
53.7006
52.9938
51.8293
50.2069
48.1267
45.5886
42.5928
39.9375
37.6229
35.6488
34.0154
32.7226
31.7703
31.1587
30.8877
30.5899
30.2655
29.9143
29.5365
29.1319
28.7007
28.2427
27.7580
27.5085
27.4942
27.7150
28.1709
28.8621
29.7883
30.9498
32.3464
33.5988
34.7070
35.6710
36.4908
37.1663
37.6977
38.0849
38.3279
38.7712
39.4149
40.2590
41.3034
42.5482
43.9933
45.6389
47.4848
49.0728
50.4031
51.4756
52.2903
52.8473
53.1464
53.1877
52.9712
52.8064
52.6932
52.6317
52.6219
52.6637
52.7571
52.9022
53.0989
53.6253
54.4813
55.6669
57.1822
59.0271
61.2016
63.7058
66.5396
69.1280
71.4710
73.5687
75.4209
77.0278
78.3893
79.5054
80.3762
81.1145
81.7205
82.1942
82.5354
82.7443
82.8208
82.7650
82.5768
83.0046
84.0485
85.7083
87.9843
90.8762
94.3842
98.5082
103.2482
107.5862
111.5220
115.0557
118.1874
120.9169
123.2443
125.1696
126.6928
128.1193
129.4492
130.6824
131.8190
132.8590
133.8022
134.6489
135.3989
136.1120
136.7883
137.4277
138.0303
138.5960
139.1249
139.6169
140.0721
140.4709
140.8132
141.0991
141.3286
141.5016
141.6183
141.6785
141.6823
141.7119
141.7675
141.8489
141.9562
142.0894
142.2485
142.4334
142.6442
142.6370
142.4117
141.9683
141.3068
140.4273
139.3297
138.0140
136.4802
134.9678
133.4767
132.0069
130.5585
129.1313
127.7255
126.3410
124.9779
123.8262
122.8861
122.1574
121.6403
121.3347
121.2406
121.3580
121.6870
121.9658
122.1944
122.3730
122.5014
122.5797
122.6078
122.5858
122.5137
122.2311
121.7378
121.0339
120.1195
118.9945
117.6589
116.1127
114.3559
112.6722
111.0615
109.5239
108.0593
106.6677
105.3492
104.1038
102.9314
101.6668
100.3102
98.8614
97.3205
95.6875
93.9624
92.1451
90.2358
88.1933
86.0177
83.7090
81.2671
78.6922
75.9841
73.1430
70.1687
66.7905
63.0085
58.8226
54.2328
49.2392
43.8418
38.0404
31.8352
26.6033
22.3447
19.0594
16.7473
15.4086
15.0431
15.6510
17.2321
18.6014
19.7587
20.7042
21.4377
21.9593
22.2691
22.3669
22.2529
22.1824
22.1554
22.1718
22.2318
22.3354
22.4824
22.6729
22.9070
23.1366
23.3619
23.5828
23.7994
24.0115
24.2193
24.4227
24.6218
24.8205
25.0188
25.2168
25.4145
25.6118
25.8088
26.0054
26.2017
26.3948
26.5849
26.7718
26.9556
27.1363
27.3138
27.4882
27.6595
27.8246
27.9834
28.1360
28.2824
28.4225
28.5564
28.6840
28.8054
29.0051
29.2831
29.6394
30.0740
30.5868
31.1780
31.8475
32.5953
33.4499
34.4113
35.4795
36.6545
37.9364
39.3251
40.8206
42.4229
43.8030
44.9609
45.8967
46.6103
47.1017
47.3709
47.4180
47.2428
47.2330
47.3884
47.7092
48.1952
48.8466
49.6632
50.6451
51.7923
52.8254
53.7442
54.5488
55.2392
55.8154
56.2774
56.6252
56.8588
57.1176
57.4016
57.7109
58.0454
58.4052
58.7901
59.2003
59.6358
60.1390
60.7100
61.3488
62.0554
62.8297
63.6718
64.5818
65.5595
66.4593
67.2812
68.0252
68.6913
69.2794
69.7897
70.2221
70.5766
70.7594
70.7705
70.6099
70.2776
69.7737
69.0980
68.2507
67.2317
66.4160
65.8036
65.3946
65.1889
65.1865
65.3874
65.7916
66.3992
67.0787
67.8302
68.6536
69.5490
70.5164
71.5557
72.6669
73.8502
74.9967
76.1065
77.1796
78.2160
79.2156
80.1786
81.1048
81.9944
83.0429
84.2504
85.6168
87.1422
88.8266
90.6699
92.6722
94.8335
96.8177
98.6249
100.2551
101.7083
102.9844
104.0836
105.0057
105.7507
106.4803
107.1943
107.8928
108.5757
109.2431
109.8950
110.5314
111.1522
111.3358
111.0822
110.3915
109.2635
107.6984
105.6960
103.2565
100.3798
97.8168
95.5676
93.6322
92.0106
90.7027
89.7086
89.0283
88.6618
88.1960
87.6309
86.9666
86.2030
85.3402
84.3781
83.3167
82.1561
80.9814
79.7926
78.5898
77.3730
76.1421
74.8972
73.6382
72.3651
71.4607
70.9249
70.7577
70.9591
71.5292
72.4678
73.7751
75.4510
77.4148
79.6664
82.2059
85.0333
88.1485
91.5517
95.2427
99.2215
102.7749
105.9028
108.6053
110.8822
112.7337
114.1597
115.1602
115.7352
116.3581
117.0290
117.7477
118.5143
119.3289
120.1913
121.1016
122.0598
122.7169
123.0729
123.1277
122.8814
122.3339
121.4853
120.3355
118.8846
117.2393
115.3995
113.3654
111.1368
108.7138
106.0964
103.2845
100.2782
97.6660
95.4479
93.6238
92.1937
91.1577
90.5158
90.2679
90.4140
90.4524
90.3829
90.2056
89.9204
89.5275
89.0267
88.4181
87.7017
87.0160
86.3611
85.7370
85.1437
84.5811
84.0493
83.5482
83.0779
82.6819
82.3603
82.1129
81.9398
81.8410
81.8165
81.8664
81.9905
82.0535
82.0553
81.9961
81.8756
81.6941
81.4514
81.1476
80.7827
80.4060
80.0175
79.6173
79.2053
78.7815
78.3460
77.8987
77.4396
77.2722
77.3965
77.8123
78.5199
79.5190
80.8099
82.3923
84.2665
85.8532
87.1525
88.1644
88.8889
89.3260
89.4756
89.3379
88.9128
88.5618
88.2849
88.0822
87.9537
87.8993
87.9191
88.0130
88.1810
88.3351
88.4752
88.6013
88.7135
88.8116
88.8958
88.9660
89.0223
88.8685
88.5046
87.9307
87.1467
86.1527
84.9486
83.5344
81.9102
80.3837
78.9548
77.6235
76.3900
75.2541
74.2159
73.2753
72.4324
71.4912
70.4517
69.3138
68.0777
66.7432
65.3104
63.7794
62.1500
60.6286
59.2153
57.9101
56.7129
55.6237
54.6426
53.7696
53.0045
51.9841
50.7082
49.1769
47.3902
45.3480
43.0504
40.4974
37.6889
35.3646
33.5245
32.1685
31.2968
30.9092
31.0058
31.5866
32.6515
33.5651
34.3272
34.9380
35.3974
35.7053
35.8619
35.8671
35.7209
35.5594
35.3828
35.1909
34.9838
34.7615
34.5240
34.2713
34.0034
33.8348
33.7657
33.7961
33.9258
34.1550
34.4836
34.9116
35.4390
36.0152
36.6403
37.3141
38.0367
38.8082
39.6284
40.4974
41.4152
42.3736
43.3726
44.4121
45.4922
46.6128
47.7741
48.9758
50.2182
51.1622
51.8080
52.1555
52.2047
51.9556
51.4083
50.5626
49.4187
48.1391
46.7238
45.1728
43.4861
41.6638
39.7058
37.6121
35.3827
33.4038
31.6752
30.1971
28.9694
27.9921
27.2653
26.7888
26.5628
26.2817
25.9456
25.5543
25.1081
24.6067
24.0503
23.4389
22.7724
22.1827
21.6699
21.2340
20.8749
20.5927
20.3873
20.2588
20.2072
20.4509
20.9900
21.8245
22.9543
24.3795
26.1001
28.1160
30.4273
32.6073
34.6562
36.5737
38.3601
40.0151
41.5390
42.9316
44.1929
45.5442
46.9854
48.5165
50.1375
51.8485
53.6493
55.5401
57.5208
59.2597
60.7569
62.0123
63.0260
63.7980
64.3282
64.6167
64.6634
64.3735
63.7471
62.7841
61.4845
59.8483
57.8756
55.5663
52.9204
50.6542
48.7677
47.2609
46.1338
45.3865
45.0188
45.0308
45.4225
45.5975
45.5557
45.2972
44.8220
44.1301
43.2214
42.0959
40.7538
39.6537
38.7956
38.1797
37.8057
37.6739
37.7840
38.1363
38.7306
39.8427
41.4726
43.6204
46.2860
49.4694
53.1706
57.3896
62.1265
66.5055
70.5266
74.1899
77.4954
80.4429
83.0327
85.2645
87.1385
89.5792
92.5865
96.1606
100.3013
105.0086
110.2826
116.1233
122.5307
128.7378
134.7447
140.5513
146.1576
151.5637
156.7695
161.7751
166.5804
170.8158
174.4814
177.5770
180.1028
182.0587
183.4447
184.2608
184.5071
185.0055
185.7562
186.7591
188.0142
189.5215
191.2811
193.2928
195.5568
197.4068
198.8429
199.8651
200.4733
200.6676
200.4480
199.8144
198.7668
197.2468
195.2543
192.7892
189.8517
186.4416
182.5591
178.2040
173.3765
168.9040
164.7867
161.0246
157.6175
154.5656
151.8689
149.5272
147.5407
145.4110
143.1381
140.7219
138.1625
135.4598
132.6140
129.6249
126.4925
123.4784
120.5826
117.8049
115.1455
112.6043
110.1814
107.8766
105.6901
103.6564
101.7756
100.0476
98.4725
97.0502
95.7808
94.6642
93.7004
92.8635
92.1536
91.5705
91.1143
90.7850
90.5826
90.5070
90.5584
90.4247
90.1058
89.6019
88.9129
88.0387
86.9795
85.7351
84.3057
83.0551
81.9834
81.0905
80.3766
79.8414
79.4852
79.3078
79.3092
79.2924
79.2573
79.2039
79.1322
79.0422
78.9339
78.8073
78.6624
78.4992
78.3176
78.1177
77.8994
77.6628
77.4078
77.1344
76.8427
76.6459
76.5440
76.5369
76.6248
76.8076
77.0852
77.4578
77.9252
78.4667
79.0823
79.7720
80.5357
81.3736
82.2855
83.2715
84.3316
84.5991
84.0740
82.7564
80.6462
77.7435
74.0482
69.5604
64.2799
59.8277
56.2036
53.4077
51.4399
50.3003
49.9889
50.5056
51.8505
52.9982
53.9489
54.7024
55.2588
55.6181
55.7802
55.7453
55.5132
55.3370
55.2169
55.1526
55.1444
55.1921
55.2957
55.4554
55.6709
55.9718
56.3581
56.8297
57.3867
58.0290
58.7567
59.5697
60.4680
61.2376
61.8785
62.3906
62.7739
63.0285
63.1544
63.1514
63.0198
62.8928
62.7706
62.6531
62.5403
62.4322
62.3289
62.2303
62.1364
62.0706
62.0331
62.0237
62.0424
62.0894
62.1645
62.2677
62.3991
62.4280
62.3544
62.1783
61.8996
61.5184
61.0346
60.4484
59.7596
59.0185
58.2250
57.3792
56.4811
55.5306
54.5278
53.4726
52.3651
51.3876
50.5400
49.8225
49.2348
48.7772
48.4495
48.2518
48.1841
48.1108
48.0319
47.9475
47.8574
47.7618
47.6606
47.5539
47.4415
47.3812
47.3730
47.4169
47.5129
47.6609
47.8610
48.1132
48.4174
48.5947
48.6448
48.5680
48.3640
48.0331
47.5751
46.9901
46.2780
45.6316
45.0511
44.5363
44.0872
43.7039
43.3864
43.1347
42.9487
42.7619
42.5745
42.3864
42.1976
42.0081
41.8179
41.6270
41.4354
41.1600
40.8007
40.3576
39.8307
39.2199
38.5253
37.7468
36.8846
36.1047
35.4073
34.7922
34.2596
33.8095
33.4417
33.1564
32.9534
32.8054
32.7123
32.6741
32.6909
32.7625
32.8890
33.0705
33.3068
33.3879
33.3137
33.0842
32.6995
32.1594
31.4641
30.6134
29.6075
29.4058
30.0082
31.4147
33.6254
36.6403
40.4593
45.0824
50.5097
55.1101
58.8836
61.8302
63.9500
65.2428
65.7087
65.3477
64.1599
63.3403
62.8890
62.8061
63.0914
63.7450
64.7670
66.1572
67.9157
69.7511
71.6634
73.6524
75.7184
77.8612
80.0808
82.3773
84.7507
86.9136
88.8661
90.6083
92.1400
93.4613
94.5722
95.4727
96.1628
96.5401
96.6047
96.3565
95.7956
94.9219
93.7354
92.2362
90.4242
88.7119
87.0992
85.5862
84.1728
82.8591
81.6451
80.5307
79.5159
78.5172
77.5345
76.5679
75.6172
74.6826
73.7640
72.8614
71.9749
71.1894
70.5049
69.9214
69.4390
69.0577
68.7773
68.5980
68.5198
68.4218
68.3042
68.1668
68.0098
67.8331
67.6366
67.4205
67.1846
67.2333
67.5665
68.1843
69.0865
70.2733
71.7447
73.5005
75.5409
77.3011
78.7813
79.9812
80.9011
81.5408
81.9004
81.9798
81.7791
81.5188
81.1987
80.8190
80.3796
79.8805
79.3218
78.7034
78.0253
77.4015
76.8321
76.3169
75.8561
75.4496
75.0974
74.7995
74.5559
74.3135
74.0721
73.8319
73.5927
73.3547
73.1178
72.8820
72.6473
72.6235
72.8107
73.2088
73.8178
74.6378
75.6687
76.9105
78.3633
79.6517
80.7758
81.7356
82.5310
83.1620
83.6288
83.9311
84.0692
84.3249
84.6982
85.1891
85.7976
86.5238
87.3676
88.3290
89.4080
90.3233
91.0748
91.6625
92.0864
92.3465
92.4429
92.3755
92.1443
91.8551
91.5077
91.1023
90.6387
90.1171
89.5374
88.8996
88.2037
87.6840
87.3405
87.1731
87.1820
87.3671
87.7284
88.2659
88.9795
89.5104
89.8583
90.0235
90.0058
89.8053
89.4219
88.8557
88.1067
87.7435
87.7660
88.1744
88.9686
90.1486
91.7144
93.6660
96.0034
98.2549
100.4203
102.4998
104.4933
106.4007
108.2222
109.9578
111.6073
113.0394
114.2541
115.2514
116.0313
116.5938
116.9389
117.0666
116.9768
116.7776
116.4689
116.0507
115.5230
114.8858
114.1391
113.2829
112.3172
111.3766
110.4611
109.5706
108.7052
107.8649
107.0496
106.2594
105.4943
104.8557
104.3434
103.9576
103.6982
103.5653
103.5588
103.6787
103.9251
103.6822
102.9500
101.7286
100.0180
97.8180
95.1289
91.9505
88.2828
85.0929
82.3808
80.1464
78.3899
77.1111
76.3101
75.9869
76.1414
76.2296
76.2514
76.2068
76.0957
75.9183
75.6745
75.3642
74.9876
74.4645
73.7949
72.9789
72.0164
70.9074
69.6519
68.2499
66.7015
65.5085
64.6708
64.1886
64.0617
64.2902
64.8741
65.8134
67.1080
67.6670
67.4902
66.5777
64.9295
62.5456
59.4260
55.5706
50.9796
47.1088
43.9583
41.5280
39.8181
38.8284
38.5589
39.0098
40.1809
41.1751
41.9923
42.6326
43.0959
43.3823
43.4918
43.4242
43.1798
42.9541
42.7472
42.5591
42.3898
42.2393
42.1076
41.9946
41.9005
41.9633
42.1831
42.5599
43.0938
43.7846
44.6324
45.6372
46.7990
47.7602
48.5209
49.0811
49.4408
49.5999
49.5584
49.3164
48.8739
48.5735
48.4151
48.3988
48.5246
48.7925
49.2025
49.7545
50.4486
51.0523
51.5654
51.9880
52.3201
52.5618
52.7129
52.7735
52.7436
52.7649
52.8374
52.9611
53.1360
53.3620
53.6393
53.9677
54.3473
55.0830
56.1747
57.6225
59.4264
61.5863
64.1023
66.9743
70.2024
73.0269
75.4479
77.4652
79.0791
80.2893
81.0960
81.4992
81.4987
81.4563
81.3719
81.2455
81.0771
80.8668
80.6144
80.3200
79.9837
79.7146
79.5126
79.3779
79.3104
79.3101
79.3771
79.5112
79.7126
79.7867
79.7336
79.5533
79.2458
78.8110
78.2490
77.5598
76.7434
75.9093
75.0576
74.1882
73.3012
72.3965
71.4741
70.5341
69.5765
68.9346
68.6087
68.5985
68.9042
69.5256
70.4630
71.7161
73.2851
74.6033
75.6705
76.4870
77.0526
77.3674
77.4313
77.2444
76.8066
76.4675
76.2271
76.0853
76.0421
76.0976
76.2518
76.5046
76.8560
77.1523
77.3935
77.5796
77.7105
77.7863
77.8070
77.7725
77.6829
77.5323
77.3206
77.0478
76.7139
76.3190
75.8630
75.3459
74.7678
74.2751
73.8679
73.5462
73.3100
73.1592
73.0939
73.1141
73.2197
73.3048
73.3693
73.4133
73.4368
73.4397
73.4221
73.3840
73.3253
73.2993
73.3059
73.3452
73.4172
73.5219
73.6593
73.8293
74.0320
74.1838
74.2847
74.3347
74.3338
74.2820
74.1793
74.0257
73.8212
73.7081
73.6863
73.7558
73.9166
74.1688
74.5123
74.9471
75.4732
75.9568
76.3979
76.7964
77.1523
77.4657
77.7366
77.9649
78.1506
78.2324
78.2101
78.0837
77.8533
77.5189
77.0805
76.5380
75.8915
75.5480
75.5075
75.7699
76.3353
77.2038
78.3752
79.8496
81.6270
83.2739
84.7903
86.1763
87.4317
88.5567
89.5513
90.4153
91.1488
91.7529
92.2276
92.5728
92.7886
92.8749
92.8318
92.6593
92.3573
92.0859
91.8452
91.6352
91.4558
91.3071
91.1890
91.1015
91.0447
90.9942
90.9498
90.9116
90.8796
90.8538
90.8342
90.8208
90.8136
90.7855
90.7364
90.6664
90.5754
90.4635
90.3307
90.1769
90.0022
89.7337
89.3714
88.9153
88.3655
87.7218
86.9844
86.1532
85.2282
84.4155
83.7152
83.1271
82.6515
82.2881
82.0371
81.8985
81.8721
81.9005
81.9835
82.1212
82.3136
82.5607
82.8625
83.2190
83.6301
83.9094
84.0567
84.0721
83.9555
83.7071
83.3267
82.8144
82.1702
81.5168
80.8544
80.1829
79.5024
78.8127
78.1140
77.4061
76.6892
76.0478
75.4820
74.9916
74.5768
74.2375
73.9737
73.7855
73.6727
73.6182
73.6220
73.6841
73.8044
73.9830
74.2199
74.5150
74.8683
75.1653
75.4060
75.5902
75.7181
75.7896
75.8047
75.7634
75.6657
75.5931
75.5454
75.5227
75.5249
75.5522
75.6044
75.6817
75.7839
75.9341
76.1322
76.3784
76.6725
77.0147
77.4048
77.8428
78.3289
78.6454
78.7922
78.7695
78.5771
78.2151
77.6835
76.9824
76.1116
75.3717
74.7627
74.2846
73.9373
73.7210
73.6355
73.6810
73.8573
73.8818
73.7544
73.4752
73.0442
72.4613
71.7266
70.8400
69.8016
69.1259
68.8131
68.8630
69.2758
70.0513
71.1896
72.6907
74.5546
76.2344
77.7301
79.0418
80.1695
81.1130
81.8725
82.4480
82.8394
83.0802
83.1706
83.1104
82.8997
82.5385
82.0268
81.3646
80.5518
79.6862
78.7679
77.7967
76.7727
75.6958
74.5662
73.3837
72.1485
71.1055
70.2549
69.5965
69.1304
68.8566
68.7752
68.8860
69.1891
69.2492
69.0661
68.6400
67.9708
67.0585
65.9031
64.5047
62.8631
61.4756
60.3419
59.4623
58.8366
58.4649
58.3471
58.4833
58.8735
59.2355
59.5695
59.8754
60.1532
60.4029
60.6245
60.8180
60.9834
61.1027
61.1759
61.2029
61.1837
61.1185
61.0070
60.8495
60.6458
60.5239
60.4839
60.5258
60.6494
60.8549
61.1423
61.5115
61.9625
62.2281
62.3083
62.2032
61.9125
61.4365
60.7751
59.9283
58.8960
58.0177
57.2932
56.7227
56.3061
56.0435
55.9347
55.9799
56.1789
56.5815
57.1876
57.9972
59.0103
60.2269
61.6470
63.2707
65.0978
66.8203
68.4380
69.9510
71.3594
72.6630
73.8619
74.9561
75.9456
76.8913
77.7931
78.6511
79.4653
80.2357
80.9622
81.6448
82.2837
82.8341
83.2959
83.6693
83.9541
84.1505
84.2584
84.2777
84.2086
84.0574
83.8241
83.5087
83.1113
82.6318
82.0702
81.4265
80.7007
79.9255
79.1008
78.2267
77.3031
76.3300
75.3075
74.2355
73.1140
72.1879
71.4573
70.9221
70.5823
70.4379
70.4890
70.7355
71.1774
71.5019
71.7089
71.7986
71.7709
71.6258
71.3632
70.9833
70.4859
70.0023
69.5324
69.0762
68.6338
68.2051
67.7901
67.3889
67.0014
66.7923
66.7617
66.9094
67.2357
67.7403
68.4234
69.2849
70.3249
71.2207
71.9724
72.5800
73.0434
73.3627
73.5378
73.5689
73.4558
73.5097
73.7307
74.1187
74.6737
75.3959
76.2850
77.3412
78.5644
79.5667
80.3480
80.9083
81.2477
81.3662
81.2636
80.9401
80.3957
79.9798
79.6925
79.5338
79.5037
79.6022
79.8292
80.1849
80.6691
80.9047
80.8917
80.6300
80.1197
79.3608
78.3532
77.0970
75.5922
74.2085
72.9460
71.8047
70.7846
69.8856
69.1078
68.4512
67.9158
67.3672
66.8054
66.2304
65.6422
65.0408
64.4262
63.7984
63.1575
62.5276
61.9089
61.3014
60.7050
60.1197
59.5455
58.9825
58.4306
57.9384
57.5059
57.1330
56.8198
56.5662
56.3723
56.2381
56.1635
56.1032
56.0570
56.0251
56.0074
56.0038
56.0145
56.0394
56.0785
55.9782
55.7386
55.3595
54.8410
54.1831
53.3859
52.4492
51.3732
50.4044
49.5430
48.7889
48.1421
47.6026
47.1704
46.8455
46.6279
46.4124
46.1987
45.9871
45.7774
45.5697
45.3639
45.1602
44.9584
45.5255
46.8616
48.9666
51.8405
55.4834
59.8951
65.0758
71.0255
76.3803
81.1402
85.3053
88.8756
91.8510
94.2316
96.0174
97.2082
98.3848
99.5471
100.6951
101.8288
102.9482
104.0533
105.1440
106.2205
107.0721
107.6990
108.1010
108.2781
108.2305
107.9580
107.4607
106.7386
105.8918
104.9203
103.8241
102.6031
101.2575
99.7871
98.1921
96.4723
94.8087
93.2012
91.6498
90.1546
88.7155
87.3326
86.0058
84.7352
83.4031
82.0097
80.5548
79.0385
77.4609
75.8218
74.1214
72.3595
70.7887
69.4090
68.2204
67.2229
66.4165
65.8012
65.3769
65.1438
64.9857
64.9027
64.8949
64.9621
65.1045
65.3219
65.6145
65.9821
66.4433
66.9980
67.6463
68.3881
69.2234
70.1523
71.1747
72.2907
73.3729
74.4212
75.4358
76.4166
77.3635
78.2767
79.1561
80.0017
80.8995
81.8495
82.8518
83.9063
85.0130
86.1720
87.3832
88.6466
89.7778
90.7767
91.6433
92.3777
92.9798
93.4496
93.7872
93.9925
94.0021
93.8161
93.4344
92.8570
92.0840
91.1152
89.9509
88.5908
87.4091
86.4059
85.5810
84.9345
84.4664
84.1766
84.0653
84.1324
84.0624
83.8553
83.5113
83.0301
82.4120
81.6568
80.7645
79.7352
78.6227
77.4269
76.1478
74.7855
73.3400
71.8112
70.1991
68.5038
66.9427
65.5157
64.2229
63.0642
62.0398
61.1495
60.3933
59.7714
59.1234
58.4496
57.7498
57.0241
56.2725
55.4949
54.6914
53.8619
53.1265
52.4851
51.9376
51.4842
51.1247
50.8593
50.6879
50.6104
50.6188
50.7130
50.8929
51.1587
51.5103
51.9477
52.4708
53.0798
54.1436
55.6623
57.6358
60.0642
62.9474
66.2855
70.0784
74.3261
78.1693
81.6079
84.6420
87.2714
89.4963
91.3166
92.7324
93.7435
94.7777
95.8350
96.9152
98.0185
99.1449
100.2942
101.4666
102.6620
103.7105
104.6122
105.3669
105.9747
106.4357
106.7497
106.9169
106.9371
106.7378
106.3191
105.6808
104.8230
103.7456
102.4488
100.9324
99.1966
97.6386
96.2587
95.0567
94.0326
93.1865
92.5184
92.0282
91.7159
91.5794
91.6185
91.8334
92.2239
92.7902
93.5322
94.4498
95.5432
96.4064
97.0393
97.4421
97.6146
97.5569
97.2690
96.7510
96.0027
95.3757
94.8700
94.4857
94.2228
94.0811
94.0608
94.1618
94.3842
94.4604
94.3905
94.1745
93.8124
93.3041
92.6497
91.8492
90.9026
89.9122
88.8780
87.8001
86.6783
85.5128
84.3036
83.0505
81.7537
80.6824
79.8367
79.2165
78.8218
78.6527
78.7091
78.9910
79.4985
79.9049
80.2101
80.4143
80.5173
80.5193
80.4201
80.2198
79.9184
79.7012
79.5681
79.5192
79.5545
79.6739
79.8774
80.1651
80.5370
80.3792
79.6919
78.4749
76.7283
74.4522
71.6464
68.3110
64.4459
61.1796
58.5118
56.4426
54.9721
54.1002
53.8270
54.1523
55.0763
55.7182
56.0779
56.1554
55.9508
55.4641
54.6952
53.6442
52.3110
51.1179
50.0649
49.1520
48.3792
47.7464
47.2538
46.9012
46.6887
46.5375
46.4475
46.4188
46.4513
46.5451
46.7002
46.9165
47.1941
47.8203
48.7953
50.1190
51.7913
53.8124
56.1822
58.9006
61.9678
64.6248
66.8717
68.7085
70.1351
71.1516
71.7580
71.9543
71.7404
71.5628
71.4214
71.3163
71.2474
71.2148
71.2185
71.2584
71.3345
71.4295
71.5434
71.6762
71.8278
71.9984
72.1878
72.3961
72.6232
72.7537
72.7875
72.7246
72.5650
72.3087
71.9557
71.5061
70.9597
70.4848
70.0813
69.7493
69.4888
69.2997
69.1821
69.1359
69.1611
69.0055
68.6688
68.1512
67.4527
66.5732
65.5127
64.2713
62.8489
61.6521
60.6810
59.9355
59.4156
59.1213
59.0526
59.2096
59.5922
59.9918
60.4086
60.8424
61.2932
61.7612
62.2462
62.7483
63.2675
63.4650
63.3411
62.8955
62.1284
61.0398
59.6295
57.8977
55.8444
54.0279
52.4483
51.1056
49.9999
49.1310
48.4990
48.1039
47.9456
47.6675
47.2696
46.7517
46.1140
45.3563
44.4788
43.4814
42.3641
41.3857
40.5462
39.8455
39.2836
38.8607
38.5765
38.4313
38.4249
38.3874
38.3190
38.2194
38.0889
37.9273
37.7346
37.5109
37.2562
37.0301
36.8327
36.6640
36.5239
36.4125
36.3298
36.2757
36.2503
36.2352
36.2304
36.2358
36.2516
36.2777
36.3140
36.3607
36.4176
36.6091
36.9352
37.3958
37.9910
38.7208
39.5851
40.5840
41.7174
42.8332
43.9312
45.0114
46.0739
47.1187
48.1458
49.1551
50.1468
51.2034
52.3252
53.5120
54.7638
56.0808
57.4628
58.9098
60.4220
61.8142
63.0865
64.2388
65.2712
66.1837
66.9763
67.6490
68.2017
69.0737
70.2651
71.7758
73.6059
75.7552
78.2239
81.0120
84.1193
87.4520
91.0100
94.7934
98.8021
103.0362
107.4956
112.1803
117.0904
122.5740
128.6313
135.2622
142.4666
150.2447
158.5964
167.5216
177.0205
185.2523
192.2171
197.9148
202.3454
205.5090
207.4055
208.0350
207.3974
206.7654
206.1391
205.5185
204.9035
204.2941
203.6903
203.0922
202.4998
201.6925
200.6705
199.4337
197.9821
196.3158
194.4346
192.3387
190.0280
187.5464
184.8939
182.0706
179.0764
175.9113
172.5753
169.0684
165.3907
161.5792
157.6339
153.5548
149.3419
144.9953
140.5148
135.9006
131.1526
126.7706
122.7545
119.1044
115.8202
112.9020
110.3498
108.1636
106.3433
104.0461
101.2718
98.0206
94.2923
90.0871
85.4049
80.2457
74.6095
69.5658
65.1148
61.2563
57.9904
55.3171
53.2364
51.7483
50.8527
49.9044
48.9032
47.8492
46.7424
45.5827
44.3703
43.1050
41.7870
40.4511
39.0974
37.7260
36.3367
34.9297
33.5049
32.0622
30.6018
29.1015
27.5614
25.9814
24.3616
22.7020
21.0025
19.2631
17.4839
15.8318
14.3067
12.9088
11.6378
10.4940
9.4772
8.5875
7.8248
7.1238
6.4844
5.9067
5.3906
4.9361
4.5433
4.2121
3.9426
3.5314
2.9786
2.2841
1.4480
0.4703
-0.6491
-1.9101
-3.3127
-4.5814
-5.7162
-6.7171
-7.5840
-8.3170
-8.9161
-9.3812
-9.7124
-9.9793
-10.1819
-10.3202
-10.3943
-10.4040
-10.3495
-10.2307
-10.0476
-9.9856
-10.0447
-10.2248
-10.5261
-10.9485
-11.4920
-12.1565
-12.9422
-13.4323
-13.6268
-13.5258
-13.1293
-12.4372
-11.4495
-10.1663
-8.5875
-6.9236
-5.1745
-3.3402
-1.4208
0.5839
2.6737
4.8486
7.1088
9.4254
11.7984
14.2279
16.7138
19.2562
21.8550
24.5103
27.2221
29.9323
32.6410
35.3482
38.0539
40.7581
43.4608
46.1619
48.8616
51.2035
53.1876
54.8139
56.0825
56.9932
57.5462
57.7415
57.5789
58.1220
59.3708
61.3252
63.9853
67.3510
71.4224
76.1995
81.6822
87.2349
92.8576
98.5504
104.3131
110.1459
116.0486
122.0214
128.0641
133.7749
139.1537
144.2005
148.9153
153.2981
157.3489
161.0677
164.4546
167.4972
170.1956
172.5498
174.5598
176.2256
177.5472
178.5246
179.1577
179.8883
180.7163
181.6418
182.6646
183.7849
185.0027
186.3178
187.7304
188.8628
189.7152
190.2875
190.5797
190.5917
190.3237
189.7756
188.9473
187.9371
186.7447
185.3704
183.8140
182.0756
180.1551
178.0526
175.7681
173.5929
171.5270
169.5705
167.7233
165.9855
164.3569
162.8378
161.4279
159.8199
158.0137
156.0093
153.8067
151.4060
148.8070
146.0099
143.0146
140.3572
138.0377
136.0561
134.4125
133.1068
132.1390
131.5092
131.2173
130.6667
129.8576
128.7900
127.4637
125.8788
124.0354
121.9334
119.5728
116.9736
114.1357
111.0593
107.7442
104.1905
100.3982
96.3673
92.0978
87.8065
83.4934
79.1585
74.8018
70.4233
66.0230
61.6009
57.1571
52.9790
49.0667
45.4203
42.0395
38.9246
36.0755
33.4921
31.1746
28.9221
26.7348
24.6126
22.5555
20.5635
18.6367
16.7750
14.9784
13.2783
11.6747
10.1676
8.7570
7.4430
6.2255
5.1044
4.0799
3.5055
3.3812
3.7070
4.4829
5.7090
7.3851
9.5113
12.0876
14.4062
16.4671
18.2704
19.8159
21.1037
22.1338
22.9062
23.4209
23.9104
24.3747
24.8138
25.2278
25.6166
25.9802
26.3186
26.6318
26.7164
26.5723
26.1994
25.5979
24.7678
23.7089
22.4213
20.9051
19.6171
18.5573
17.7258
17.1225
16.7474
16.6006
16.6820
16.9916
17.3514
17.7614
18.2215
18.7317
19.2922
19.9028
20.5635
21.2744
21.9478
22.5837
23.1821
23.7431
24.2665
24.7524
25.2008
25.6117
26.5090
27.8929
29.7632
32.1201
34.9634
38.2932
42.1095
46.4123
50.3399
53.8924
57.0697
59.8719
62.2989
64.3509
66.0276
67.3292
68.8939
70.7217
72.8126
75.1665
77.7835
80.6636
83.8067
87.2130
90.5669
93.8685
97.1178
100.3148
103.4595
106.5519
109.5919
112.5797
115.0907
117.1249
118.6824
119.7632
120.3672
120.4945
120.1450
119.3188
118.4486
117.5344
116.5762
115.5740
114.5279
113.4377
112.3035
111.1254
109.9540
108.7893
107.6315
106.4804
105.3361
104.1985
103.0677
101.9437
100.7056
99.3533
97.8869
96.3063
94.6116
92.8028
90.8798
88.8427
87.0326
85.4494
84.0931
82.9638
82.0614
81.3859
80.9374
80.7158
80.4764
80.2193
79.9444
79.6518
79.3414
79.0132
78.6673
78.3036
77.8809
77.3990
76.8581
76.2581
75.5991
74.8810
74.1038
73.2675
72.5890
72.0684
71.7055
71.5004
71.4532
71.5637
71.8320
72.2582
72.4949
72.5423
72.4003
72.0688
71.5481
70.8379
69.9383
68.8494
67.7613
66.6741
65.5878
64.5023
63.4177
62.3339
61.2510
60.1690
59.2611
58.5272
57.9675
57.5818
57.3702
57.3327
57.4693
57.7800
58.3601
59.2098
60.3289
61.7174
63.3755
65.3030
67.4999
69.9664
72.3029
74.5096
76.5865
78.5334
80.3505
82.0377
83.5951
85.0226
86.1604
87.0087
87.5673
87.8364
87.8158
87.5056
86.9058
86.0164
84.9024
83.5637
82.0005
80.2126
78.2000
75.9629
73.5011
70.8147
68.3935
66.2375
64.3466
62.7210
61.3605
60.2653
59.4352
58.8703
58.0232
56.8938
55.4821
53.7881
51.8118
49.5533
47.0125
44.1895
41.7112
39.5778
37.7891
36.3453
35.2463
34.4921
34.0827
34.0181
34.2221
34.6947
35.4360
36.4459
37.7244
39.2715
41.0872
43.1716
45.1731
47.0917
48.9275
50.6805
52.3506
53.9379
55.4423
56.8638
58.6496
60.7997
63.3140
66.1925
69.4352
73.0421
77.0133
81.3488
85.6794
90.0054
94.3265
98.6429
102.9546
107.2615
111.5636
115.8610
119.6727
122.9988
125.8392
128.1940
130.0631
131.4465
132.3443
132.7565
133.1698
133.5841
133.9997
134.4163
134.8340
135.2529
135.6729
136.0940
136.4347
136.6952
136.8754
136.9753
136.9948
136.9341
136.7930
136.5716
136.2306
135.7699
135.1896
134.4897
133.6701
132.7309
131.6721
130.4936
129.4037
128.4025
127.4900
126.6662
125.9310
125.2844
124.7265
124.2573
123.3698
122.0641
120.3402
118.1980
115.6375
112.6588
109.2619
105.4467
102.0301
99.0122
96.3930
94.1724
92.3504
90.9271
89.9024
89.2764
88.3534
87.1333
85.6162
83.8020
81.6909
79.2827
76.5774
73.5752
70.8718
68.4673
66.3616
64.5548
63.0469
61.8378
60.9276
60.3163
59.4968
58.4693
57.2337
55.7900
54.1382
52.2783
50.2103
47.9343
46.1814
44.9518
44.2454
44.0621
44.4021
45.2654
46.6518
48.5614
50.1774
51.4997
52.5283
53.2632
53.7045
53.8521
53.7060
53.2662
52.7478
52.1509
51.4754
50.7212
49.8885
48.9772
47.9873
46.9188
45.8121
44.6672
43.4841
42.2627
41.0032
39.7054
38.3695
36.9953
35.5985
34.1791
32.7371
31.2725
29.7853
28.2755
26.7431
25.1880
23.5281
21.7632
19.8935
17.9188
15.8392
13.6547
11.3653
8.9710
6.9212
5.2160
3.8552
2.8389
2.1672
1.8400
1.8572
2.2190
2.5060
2.7182
2.8557
2.9183
2.9062
2.8193
2.6576
2.4211
2.4948
2.8787
3.5727
4.5770
5.8914
7.5160
9.4509
11.6958
14.1082
16.6878
19.4347
22.3490
25.4306
28.6795
32.0957
35.6792
39.2067
42.6781
46.0935
49.4528
52.7561
56.0033
59.1944
62.3295
65.6359
69.1137
72.7629
76.5835
80.5754
84.7387
89.0733
93.5794
98.7090
104.4623
110.8392
117.8397
125.4638
133.7115
142.5828
152.0778
160.3637
167.4406
173.3084
177.9672
181.4170
183.6578
184.6895
184.5122
184.2119
183.7888
183.2427
182.5736
181.7817
180.8668
179.8290
178.6683
177.3742
175.9468
174.3861
172.6920
170.8646
168.9039
166.8098
164.5824
162.4072
160.2842
158.2134
156.1949
154.2286
152.3145
150.4527
148.6430
147.0831
145.7730
144.7126
143.9019
143.3410
143.0298
142.9683
143.1566
142.6868
141.5588
139.7726
137.3284
134.2259
130.4654
126.0467
120.9699
116.1106
111.4690
107.0449
102.8385
98.8496
95.0784
91.5247
88.1886
84.9109
81.6914
78.5303
75.4274
72.3829
69.3967
66.4688
63.5992
61.0933
58.9510
57.1725
55.7576
54.7064
54.0188
53.6950
53.7348
52.9343
51.2934
48.8122
45.4907
41.3288
36.3266
30.4840
23.8011
18.2234
13.7508
10.3833
8.1210
6.9638
6.9117
7.9648
10.1231
11.8864
13.2548
14.2284
14.8070
14.9907
14.7795
14.1735
13.1725
11.8123
10.0929
8.0142
5.5763
2.7792
-0.3772
-3.8928
-7.7676
-11.0440
-13.7220
-15.8015
-17.2826
-18.1652
-18.4495
-18.1353
-17.2227
-16.2671
-15.2686
-14.2272
-13.1428
-12.0155
-10.8452
-9.6320
-8.3759
-7.4105
-6.7358
-6.3518
-6.2586
-6.4560
-6.9442
-7.7231
-8.7927
-9.1059
-8.6627
-7.4631
-5.5071
-2.7947
0.6741
4.8993
9.8809
14.1822
17.8032
20.7439
23.0043
24.5844
25.4842
25.7037
25.2429
25.3911
26.1483
27.5145
29.4896
32.0738
35.2669
39.0690
43.4802
47.8594
52.2067
56.5221
60.8056
65.0571
69.2768
73.4646
77.6205
81.2485
84.3487
86.9211
88.9656
90.4823
91.4712
91.9322
91.8654
91.5401
90.9564
90.1141
89.0134
87.6542
86.0364
84.1602
82.0255
81.0216
81.1485
82.4062
84.7947
88.3140
92.9641
98.7449
105.6566
111.5185
116.3305
120.0927
122.8051
124.4677
125.0805
124.6435
123.1566
122.4306
122.4656
123.2615
124.8183
127.1360
130.2146
134.0541
138.6546
143.1053
147.4063
151.5576
155.5591
159.4109
163.1130
166.6654
170.0680
173.1024
175.7684
178.0661
179.9956
181.5567
182.7496
183.5741
184.0304
183.8081
182.9074
181.3281
179.0703
176.1340
172.5192
168.2258
163.2540
158.8430
154.9927
151.7033
148.9748
146.8070
145.2001
144.1540
143.6686
143.1820
142.6940
142.2047
141.7140
141.2219
140.7286
140.2339
139.7378
139.2426
138.7482
138.2548
137.7622
137.2704
136.7795
136.2895
135.8003
135.1359
134.2963
133.2814
132.0913
130.7259
129.1853
127.4694
125.5783
123.4439
121.0660
118.4447
115.5800
112.4719
109.1204
105.5255
101.6872
98.3584
95.5393
93.2297
91.4296
90.1391
89.3582
89.0868
89.3250
88.8466
87.6515
85.7399
83.1116
79.7667
75.7052
70.9270
65.4323
60.6221
56.4967
53.0558
50.2996
48.2281
46.8412
46.1389
46.1213
46.1648
46.2695
46.4354
46.6625
46.9508
47.3002
47.7108
48.1826
48.4640
48.5551
48.4559
48.1663
47.6863
47.0160
46.1553
45.1043
43.8963
42.5314
41.0095
39.3307
37.4949
35.5022
33.3525
31.0459
29.1071
27.5360
26.3328
25.4973
25.0297
24.9298
25.1978
25.8335
26.3583
26.7723
27.0754
27.2676
27.3490
27.3195
27.1791
26.9278
26.7448
26.6302
26.5840
26.6060
26.6964
26.8552
27.0822
27.3776
27.6988
28.0457
28.4184
28.8169
29.2411
29.6910
30.1668
30.6682
31.2595
31.9404
32.7111
33.5715
34.5217
35.5616
36.6913
37.9107
39.0482
40.1040
41.0779
41.9700
42.7803
43.5088
44.1555
44.7203
45.4031
46.2038
47.1224
48.1589
49.3134
50.5859
51.9762
53.4845
54.7998
55.9221
56.8513
57.5876
58.1309
58.4812
58.6385
58.6027
58.5688
58.5366
