55.9281
56.5424
57.4886
58.7668
60.3770
62.3191
64.2668
66.2200
68.1787
70.1430
72.1129
74.0883
76.0692
78.0556
79.4806
80.3442
80.6462
80.3868
79.5582
78.1605
76.1935
73.6574
73.0261
74.2996
77.4779
82.5610
89.1713
97.3089
106.9737
118.1657
129.4118
140.7120
148.9101
154.0061
157.8879
160.5554
162.0087
162.2478
162.2687
162.0713
161.6557
161.0219
160.2453
159.3261
158.2641
157.0595
155.8236
154.5565
153.2582
151.9286
150.5678
149.1758
147.7526
146.2982
145.1044
144.1715
143.4992
143.0877
142.9369
143.0469
143.4176
144.0490
144.8535
145.8309
146.9813
148.3046
149.8010
151.4703
153.3126
155.3279
157.3764
159.4581
161.5729
163.7210
165.9022
168.1166
170.3642
172.6450
174.5150
175.9743
177.0229
177.6608
177.8879
177.7043
177.1099
176.1049
175.0317
173.8903
172.6808
171.4032
170.0575
168.6436
167.1615
165.6113
163.9893
162.2954
160.5297
158.6921
156.7826
154.8013
152.7481
150.6231
148.5305
146.4703
144.4425
142.4471
140.4842
138.5537
136.6555
134.7898
132.8891
130.9533
128.9825
126.9767
124.9358
122.8599
120.7489
118.6029
116.4869
114.4009
112.3449
110.3190
108.3230
106.3570
104.4210
102.5151
100.7323
99.0726
97.5360
96.1226
94.8324
93.6652
92.6212
91.7004
90.5909
89.2930
87.8064
86.1313
84.2677
82.2154
79.9747
77.5453
75.3951
73.5238
71.9317
70.6186
69.5845
68.8296
68.3537
68.1568
67.8085
67.3088
66.6577
65.8551
64.9011
63.7956
62.5388
61.1305
60.7547
61.4115
63.1009
65.8228
69.5773
74.3644
80.1840
87.0361
93.0639
98.2673
102.6463
106.2010
108.9312
110.8371
111.9186
112.1757
112.5629
113.0801
113.7273
114.5046
115.4119
116.4493
117.6167
118.9141
120.0895
121.1428
122.0741
122.8833
123.5705
124.1356
124.5786
124.8996
125.4965
126.3693
127.5180
128.9426
130.6431
132.6195
134.8717
137.3999
139.5746
141.3956
142.8631
143.9770
144.7374
145.1442
145.1974
144.8971
144.3753
143.6321
142.6675
141.4814
140.0739
138.4450
136.5947
134.5229
132.6098
130.8554
129.2598
127.8229
126.5446
125.4251
124.4643
123.6623
122.9243
122.2503
121.6404
121.0946
120.6128
120.1951
119.8414
119.5518
119.1492
118.6335
118.0048
117.2631
116.4083
115.4405
114.3597
113.1658
111.8838
110.5136
109.0552
107.5087
105.8740
104.1511
102.3401
100.4409
98.5631
96.7068
94.8720
93.0587
91.2668
89.4963
87.7473
86.0198
84.4143
82.9307
81.5692
80.3296
79.2120
78.2164
77.3428
76.5912
75.7970
74.9602
74.0809
73.1591
72.1947
71.1877
70.1382
69.0461
68.0058
67.0171
66.0801
65.1948
64.3611
63.5792
62.8490
62.1704
61.5374
60.9498
60.4077
59.9110
59.4599
59.0542
58.6940
58.3792
58.0223
57.6233
57.1822
56.6989
56.1734
55.6058
54.9961
54.3442
53.7863
53.3222
52.9520
52.6757
52.4934
52.4049
52.4103
52.5097
52.3498
51.9309
51.2528
50.3156
49.1192
47.6637
45.9491
43.9753
43.2385
43.7386
45.4758
48.4499
52.6609
58.1090
64.7939
72.7159
80.1637
87.1372
93.6365
99.6615
104.7866
109.0115
112.3365
114.7614
116.8680
118.6563
120.1264
121.2782
122.1118
122.6271
122.8241
122.7028
122.7598
122.9951
123.4087
124.0005
124.7707
125.7190
126.8457
128.1506
129.2642
130.1863
130.9170
131.4564
131.8043
131.9608
131.9259
131.6996
131.6881
131.8912
132.3091
132.9417
133.7890
134.8511
136.1279
137.6193
138.6466
139.2097
139.3085
138.9430
138.1134
136.8195
135.0614
132.8391
131.0557
129.7114
128.8061
128.3397
128.3124
128.7241
129.5747
130.8644
131.6044
131.7946
131.4352
130.5260
129.0671
127.0585
124.5002
121.3922
118.8035
116.7342
115.1842
114.1535
113.6422
113.6502
114.1775
115.2242
115.8392
116.0225
115.7740
115.0938
113.9820
112.4384
110.4630
108.0560
105.6515
103.2494
100.8498
98.4526
96.0580
93.6658
91.2761
88.8889
86.7785
84.9450
83.3884
82.1087
81.1059
80.3800
79.9309
79.7587
79.3574
78.7269
77.8673
76.7785
75.4606
73.9136
72.1374
70.1320
68.4614
67.1255
66.1244
65.4580
65.1263
65.1294
65.4672
66.1397
66.6254
66.9243
67.0363
66.9615
66.6999
66.2514
65.6161
64.7939
63.9076
62.9572
61.9425
60.8637
59.7207
58.5136
57.2423
55.9068
54.7818
53.8672
53.1630
52.6693
52.3860
52.3131
52.4507
52.7987
53.1639
53.5463
53.9459
54.3627
54.7968
55.2480
55.7164
56.2020
56.6622
57.0969
57.5062
57.8899
58.2482
58.5811
58.8885
59.1704
59.4020
59.5834
59.7146
59.7955
59.8262
59.8067
59.7368
59.6168
65.0321
75.9828
92.4688
114.4903
132.8951
147.6833
158.8549
166.4098
172.8006
178.0273
182.0897
184.9880
186.7221
187.2920
186.6978
184.9393
183.4125
182.1174
181.0538
180.2219
179.6217
179.2530
179.1160
179.2106
179.2207
179.1463
178.9874
178.7440
178.4161
178.0037
177.5067
176.9253
176.4159
175.9787
175.6135
175.3204
175.0995
174.9506
174.8738
174.8691
174.1742
172.7893
170.7142
167.9489
164.4936
160.3481
155.5124
149.9867
144.8975
140.2449
136.0289
132.2495
128.9067
126.0005
123.5308
121.4978
119.7306
118.2292
116.9935
116.0237
115.3197
114.8815
114.7092
114.8026
114.3921
113.4776
112.0592
110.1368
107.7105
104.7802
101.3460
97.4079
94.1759
91.6500
89.8303
88.7168
88.3094
88.6081
89.6130
91.3241
92.4491
92.9880
92.9408
92.3075
91.0881
89.2826
86.8910
83.9134
81.2537
78.9119
76.8880
75.1820
73.7940
72.7239
71.9717
71.5374
71.1589
70.8361
70.5690
70.3576
70.2020
70.1021
70.0579
70.0694
69.9731
69.7690
69.4570
69.0372
68.5095
67.8740
67.1307
66.2795
65.5022
64.7988
64.1693
63.6137
63.1320
62.7242
62.3903
62.1303
61.8781
61.6336
61.3971
61.1683
60.9473
60.7341
60.5287
60.3311
60.1519
59.9909
59.8483
59.7240
59.6181
59.5304
59.4611
59.4102
59.5233
59.8005
60.2419
60.8474
61.6169
62.5506
63.6484
64.9103
66.0240
66.9895
67.8066
68.4756
68.9963
69.3688
69.5930
69.6690
70.1869
71.1466
72.5482
74.3917
76.6770
79.4043
82.5734
86.1844
90.2710
94.8333
99.8713
105.3850
111.3743
117.8393
124.7799
132.1962
139.0702
145.4019
151.1913
156.4383
161.1430
165.3053
168.9253
172.0030
174.5277
176.4993
177.9178
178.7833
179.0958
178.8552
178.0616
176.7149
175.3445
173.9503
172.5324
171.0907
169.6253
168.1361
166.6232
165.0866
163.6747
162.3877
161.2254
160.1880
159.2754
158.4876
157.8245
157.2863
156.4924
155.4428
154.1375
152.5764
150.7597
148.6872
146.3591
143.7752
141.0098
138.0629
134.9344
131.6244
128.1329
124.4598
120.6052
116.5690
113.0153
109.9440
107.3550
105.2485
103.6244
102.4827
101.8234
101.6465
101.3123
100.8208
100.1719
99.3656
98.4021
97.2811
96.0029
94.5673
93.2018
91.9064
90.6811
89.5259
88.4408
87.4258
86.4809
85.6061
84.6503
83.6134
82.4954
81.2965
80.0165
78.6554
77.2134
75.6902
74.2607
72.9248
71.6824
70.5336
69.4784
68.5167
67.6487
66.8742
66.2452
65.7618
65.4238
65.2314
65.1844
65.2830
65.5271
65.9166
66.1929
66.3560
66.4057
66.3422
66.1653
65.8752
65.4718
64.9552
64.5102
64.1370
63.8354
63.6055
63.4473
63.3608
63.3461
63.4030
63.3951
63.3225
63.1852
62.9831
62.7162
62.3846
61.9882
61.5271
61.1729
60.9255
60.7851
60.7516
60.8250
61.0053
61.2925
61.6867
62.0789
62.4694
62.8579
63.2447
63.6296
64.0126
64.3938
64.7731
65.2048
65.6887
66.2250
66.8136
67.4544
68.1476
68.8931
69.6908
70.8938
72.5020
74.5153
76.9338
79.7575
82.9865
86.6206
90.6598
94.7851
98.9965
103.2938
107.6772
112.1466
116.7020
121.3434
126.0708
130.8866
135.7908
140.7833
145.8642
151.0335
156.2912
161.6372
167.0716
171.6177
175.2756
178.0452
179.9266
180.9198
181.0247
180.2413
178.5697
176.5556
174.1991
171.5000
168.4585
165.0745
161.3480
157.2791
152.8677
149.0516
145.8309
143.2055
141.1755
139.7408
138.9016
138.6576
139.0090
139.0987
138.9267
138.4930
137.7976
136.8404
135.6215
134.1410
132.3987
130.4797
128.3842
126.1121
123.6633
121.0380
118.2360
115.2574
112.1022
109.3956
107.1375
105.3279
103.9669
103.0544
102.5904
102.5750
103.0081
103.3868
103.7110
103.9807
104.1960
104.3569
104.4633
104.5152
104.5127
104.3282
103.9616
103.4131
102.6824
101.7698
100.6751
99.3984
97.9397
96.4931
95.0586
93.6362
92.2260
90.8278
89.4418
88.0679
86.7062
85.4081
84.1738
83.0033
81.8964
80.8533
79.8740
78.9583
78.1064
77.3184
76.5942
75.9340
75.3375
74.8050
74.3363
73.9315
73.5906
73.3219
73.1256
73.0016
72.9499
72.9705
73.0634
73.2286
73.4661
73.7584
74.1055
74.5073
74.9639
75.4752
76.0413
76.6622
77.3378
78.0227
78.7167
79.4200
80.1324
80.8541
81.5849
82.3250
83.0742
83.7632
84.3918
84.9602
85.4683
85.9161
86.3037
86.6309
86.8979
87.1590
87.4143
87.6637
87.9072
88.1449
88.3767
88.6027
88.8229
89.0991
89.4314
89.8197
90.2641
90.7646
91.3212
91.9338
92.6025
93.1950
93.7114
94.1516
94.5157
94.8036
95.0154
95.1510
95.2105
96.2604
98.3008
101.3316
105.3528
110.3645
116.3666
123.3592
131.3422
138.7407
145.5548
151.7845
157.4297
162.4905
166.9668
170.8587
174.1661
176.9989
179.3569
181.2401
182.6487
183.5825
184.0415
184.0259
183.5355
182.8026
181.8271
180.6091
179.1486
177.4455
175.4999
173.3118
170.8811
168.5716
166.3832
164.3160
162.3700
160.5452
158.8415
157.2590
155.7977
154.3948
153.0503
151.7642
150.5365
149.3673
148.2564
147.2040
146.2100
144.8178
143.0275
140.8390
138.2523
135.2675
131.8846
128.1034
123.9241
120.1080
116.6549
113.5650
110.8381
108.4744
106.4738
104.8363
103.5619
102.4056
101.3672
100.4469
99.6446
98.9603
98.3940
97.9457
97.6155
97.0851
96.3547
95.4241
94.2935
92.9627
91.4319
89.7010
87.7699
85.9840
84.3431
82.8473
81.4965
80.2908
79.2302
78.3147
77.5442
76.6562
75.6506
74.5275
73.2868
71.9286
70.4528
68.8594
67.1485
65.4975
63.9064
62.3751
60.9037
59.4922
58.1405
56.8488
55.6169
54.5750
53.7231
53.0613
52.5895
52.3077
52.2160
52.3142
52.6025
52.9694
53.4148
53.9388
54.5414
55.2226
55.9823
56.8206
57.7375
58.6952
59.6936
60.7328
61.8128
62.9335
64.0950
65.2973
66.5403
67.8036
69.0872
70.3911
71.7152
73.0597
74.4244
75.8094
77.2147
78.5090
79.6925
80.7650
81.7266
82.5774
83.3172
83.9460
84.4640
84.9451
85.3895
85.7970
86.1676
86.5015
86.7985
87.0587
87.2820
87.3699
87.3223
87.1392
86.8206
86.3666
85.7771
85.0520
84.1915
83.7005
83.5790
83.8271
84.4446
85.4317
86.7882
88.5143
90.6099
93.3391
96.7021
100.6988
105.3291
110.5932
116.4910
123.0224
130.1876
136.4592
141.8371
146.3215
149.9123
152.6094
154.4130
155.3230
155.3394
155.0667
154.5049
153.6539
152.5139
151.0847
149.3664
147.3590
145.0625
142.9740
141.0935
139.4209
137.9564
136.6998
135.6513
134.8107
134.1781
133.4792
132.7139
131.8824
130.9844
130.0202
128.9896
127.8927
126.7295
125.4864
124.1633
122.7603
121.2774
119.7145
118.0718
116.3491
114.5465
112.6229
110.5782
108.4125
106.1257
103.7179
101.1890
98.5392
95.7682
93.3749
91.3593
89.7213
88.4610
87.5783
87.0733
86.9460
87.1963
87.4067
87.5772
87.7079
87.7986
87.8495
87.8605
87.8317
87.7629
87.6493
87.4908
87.2874
87.0392
86.7460
86.4080
86.0251
85.5973
85.1638
84.7247
84.2798
83.8293
83.3730
82.9111
82.4435
81.9702
81.4558
80.9002
80.3035
79.6656
78.9866
78.2665
77.5052
76.7028
76.0527
75.5549
75.2094
75.0161
74.9752
75.0865
75.3502
75.7661
76.2229
76.7205
77.2590
77.8384
78.4586
79.1197
79.8217
80.5645
81.3889
82.2951
83.2828
84.3523
85.5033
86.7361
88.0505
89.4465
90.7547
91.9751
93.1076
94.1523
95.1091
95.9781
96.7592
97.4526
98.0885
98.6670
99.1882
99.6520
100.0584
100.4075
100.6992
100.9334
101.0223
100.9657
100.7637
100.4162
99.9232
99.2849
98.5010
97.5718
96.7869
96.1464
95.6502
95.2984
95.0909
95.0278
95.1091
95.3347
95.4058
95.3224
95.0844
94.6919
94.1449
93.4434
92.5873
91.5767
91.4179
92.1109
93.6558
96.0525
99.3011
103.4015
108.3537
114.1578
119.8091
125.3077
130.6535
135.8465
140.8868
145.7744
150.5091
155.0912
158.8598
161.8150
163.9568
165.2851
165.8001
165.5017
164.3898
162.4646
160.4378
158.3095
156.0797
153.7485
151.3157
148.7814
146.1456
143.4083
140.8307
138.4129
136.1548
134.0564
132.1178
130.3389
128.7197
127.2603
125.8945
124.6222
123.4436
122.3587
121.3673
120.4695
119.6654
118.9548
117.8644
116.3942
114.5441
112.3142
109.7045
106.7149
103.3454
99.5961
96.1766
93.0869
90.3269
87.8966
85.7961
84.0254
82.5844
81.4732
80.5451
79.8001
79.2383
78.8595
78.6638
78.6513
78.8218
79.1754
79.5378
79.9089
80.2887
80.6772
81.0744
81.4803
81.8949
82.3183
82.6585
82.9157
83.0897
83.1807
83.1886
83.1133
82.9550
82.7136
82.4892
82.2819
82.0915
81.9182
81.7620
81.6227
81.5005
81.3953
81.3158
81.2620
81.2340
81.2316
81.2549
81.3039
81.3786
81.4790
81.5950
81.7265
81.8737
82.0364
82.2147
82.4086
82.6181
82.8431
83.0900
83.3586
83.6490
83.9612
84.2952
84.6510
85.0286
85.4280
85.7884
86.1098
86.3922
86.6357
86.8401
87.0056
87.1321
87.2196
87.3078
87.3966
87.4861
87.5763
87.6671
87.7586
87.8507
87.9435
88.0507
88.1721
88.3080
88.4581
88.6227
88.8015
88.9947
89.2022
89.4122
89.6246
89.8394
90.0566
90.2762
90.4983
90.7228
90.9497
91.3525
91.9313
92.6860
93.6166
94.7232
96.0057
97.4642
99.0986
100.6780
102.2024
103.6719
105.0864
106.4459
107.7504
108.9999
110.1945
112.3510
115.4697
119.5503
124.5930
130.5977
137.5645
145.4933
154.3841
162.5350
169.9458
176.6166
182.5475
187.7383
192.1892
195.9000
198.8709
201.2194
202.9454
204.0491
204.5303
204.3892
203.6256
202.2396
200.2313
197.9337
195.3470
192.4710
189.3059
185.8516
182.1080
178.0753
173.7534
169.8759
166.4429
163.4543
160.9101
158.8104
157.1551
155.9443
155.1779
153.9806
152.3526
150.2937
147.8039
144.8834
141.5319
137.7497
133.5366
129.4914
125.6142
121.9049
118.3635
114.9901
111.7846
108.7470
105.8774
103.3022
101.0215
99.0353
97.3435
95.9462
94.8433
94.0349
93.5210
92.9631
92.3614
91.7157
91.0261
90.2926
89.5151
88.6938
87.8285
86.9956
86.1950
85.4268
84.6910
83.9876
83.3165
82.6778
82.0715
81.3893
80.6314
79.7976
78.8880
77.9025
76.8413
75.7042
74.4913
73.3305
72.2218
71.1652
70.1607
69.2084
68.3081
67.4599
66.6638
65.9126
65.2063
64.5449
63.9284
63.3568
62.8301
62.3482
61.9113
61.5328
61.2128
60.9513
60.7483
60.6037
60.5176
60.4900
60.5208
60.5056
60.4444
60.3371
60.1838
59.9844
59.7390
59.4476
59.1101
58.8836
58.7683
58.7639
58.8707
59.0884
59.4172
59.8571
60.4081
60.8637
61.2240
61.4890
61.6587
61.7331
61.7122
61.5960
61.3845
61.2359
61.1501
61.1273
61.1674
61.2703
61.4362
61.6650
61.9566
62.2648
62.5895
62.9308
63.2885
63.6629
64.0537
64.4611
64.8850
65.1757
65.3331
65.3572
65.2481
65.0057
64.6301
64.1211
63.4790
63.3814
63.8285
64.8203
66.3567
68.4378
71.0635
74.2338
77.9488
82.0684
86.5924
91.5211
96.8543
102.5920
108.7343
115.2811
122.2325
128.3846
133.7374
138.2909
142.0452
145.0001
147.1558
148.5121
149.0692
149.3774
149.4366
149.2470
148.8084
148.1209
147.1844
145.9991
144.5649
143.2531
142.0638
140.9970
140.0527
139.2309
138.5316
137.9548
137.5004
137.1238
136.8248
136.6034
136.4598
136.3938
136.4054
136.4948
136.6618
136.5198
136.0687
135.3085
134.2393
132.8611
131.1738
129.1775
126.8721
124.6812
122.6049
120.6431
118.7959
117.0632
115.4450
113.9414
112.5523
111.4067
110.5046
109.8460
109.4308
109.2592
109.3310
109.6463
110.2051
110.7645
111.3245
111.8851
112.4462
113.0080
113.5703
114.1332
114.6966
115.1278
115.4266
115.5930
115.6272
115.5289
115.2984
114.9355
114.4403
114.0948
113.8992
113.8533
113.9573
114.2111
114.6146
115.1680
115.8711
116.6138
117.3962
118.2181
119.0796
119.9807
120.9214
121.9017
122.9216
123.7373
124.3489
124.7563
124.9595
124.9585
124.7535
124.3442
123.7308
123.0445
122.2854
121.4534
120.5486
119.5710
118.5205
117.3972
116.2010
114.9003
113.4948
111.9848
110.3702
108.6509
106.8270
104.8985
102.8654
100.9475
99.1450
97.4578
95.8858
94.4292
93.0878
91.8618
90.7510
89.5982
88.4034
87.1666
85.8877
84.5668
83.2039
81.7990
80.3520
78.9808
77.6855
76.4659
75.3221
74.2542
73.2620
72.3457
71.5051
70.6573
69.8021
68.9397
68.0700
67.1929
66.3086
65.4170
64.5181
63.7499
63.1126
62.6060
62.2303
61.9853
61.8711
61.8877
62.0350
63.0484
64.9276
67.6729
71.2841
75.7612
81.1043
87.3133
94.3883
100.6930
106.2274
110.9914
114.9851
118.2084
120.6615
122.3442
123.2565
123.8861
124.2330
124.2970
124.0783
123.5768
122.7925
121.7254
120.3756
119.1430
118.0276
117.0295
116.1486
115.3849
114.7385
114.2093
113.7974
113.3955
113.0037
112.6220
112.2504
111.8888
111.5373
111.1959
110.8646
110.4319
109.8976
109.2620
108.5248
107.6863
106.7462
105.7048
104.5618
103.5118
102.5545
101.6901
100.9185
100.2398
99.6539
99.1608
98.7606
98.5962
98.6678
98.9753
99.5186
100.2979
101.3131
102.5641
104.0511
105.7468
107.6511
109.7641
112.0858
114.6163
117.3553
120.3031
123.4596
126.1818
128.4698
130.3236
131.7432
132.7286
133.2797
133.3966
133.0792
132.6603
132.1396
131.5173
130.7934
129.9678
129.0405
128.0116
126.8810
125.4477
123.7117
121.6730
119.3316
116.6874
113.7406
110.4910
106.9388
103.7107
100.8069
98.2274
95.9720
94.0409
92.4340
91.1514
90.1930
89.2996
88.4712
87.7078
87.0094
86.3760
85.8076
85.3042
84.8658
84.3277
83.6898
82.9522
82.1148
81.1776
80.1406
79.0039
77.7675
76.6260
75.5796
74.6282
73.7718
73.0104
72.3441
71.7727
71.2964
70.7097
70.0126
69.2052
68.2874
67.2592
66.1207
64.8718
63.5125
62.2229
61.0029
59.8526
58.7719
57.7609
56.8195
55.9478
55.1457
54.4308
53.8029
53.2621
52.8084
52.4419
52.1624
51.9700
51.8647
52.0319
52.4716
53.1837
54.1682
55.4253
56.9547
58.7567
60.8311
63.4530
66.6222
70.3389
74.6030
79.4145
84.7734
90.6798
97.1336
103.2285
108.9645
114.3417
119.3601
124.0195
128.3201
132.2619
135.8447
138.9002
141.4283
143.4291
144.9024
145.8484
146.2670
146.1582
145.5221
145.0024
144.5993
144.3126
144.1425
144.0889
144.1518
144.3311
144.6270
144.9953
145.4360
145.9490
146.5345
147.1923
147.9226
148.7252
149.6002
150.3683
151.0295
151.5837
152.0311
152.3715
152.6050
152.7316
152.7513
152.5887
152.2438
151.7166
151.0070
150.1152
149.0411
147.7847
146.3460
145.1251
144.1221
143.3370
142.7697
142.4202
142.2886
142.3749
142.6790
142.9966
143.3277
143.6724
144.0307
144.4024
144.7877
145.1865
145.5989
145.6765
145.4193
144.8273
143.9006
142.6391
141.0428
139.1118
136.8460
134.3870
131.7350
128.8898
125.8515
122.6200
119.1954
115.5777
111.7669
108.1465
104.7166
101.4770
98.4280
95.5694
92.9012
90.4235
88.1362
86.0618
84.2004
82.5519
81.1163
79.8937
78.8839
78.0871
77.5032
76.9654
76.4737
76.0281
75.6285
75.2751
74.9677
74.7064
74.4912
74.1992
73.8305
73.3849
72.8626
72.2636
71.5877
70.8351
70.0057
69.2064
68.4370
67.6977
66.9883
66.3090
65.6597
65.0405
64.4512
63.9153
63.4329
63.0038
62.6282
62.3059
62.0371
61.8216
61.6596
61.3987
61.0391
60.5806
60.0234
59.3673
58.6125
57.7588
56.8064
55.9751
55.2649
54.6758
54.2079
53.8612
53.6355
53.5311
53.5477
53.8563
54.4567
55.3491
56.5334
58.0095
59.7776
61.8376
64.1895
67.1510
70.7221
74.9028
79.6932
85.0932
91.1028
97.7220
104.9508
111.9913
118.8435
125.5075
131.9831
138.2704
144.3694
150.2801
156.0026
160.9225
165.0399
168.3548
170.8672
172.5771
173.4845
173.5894
172.8918
172.0882
171.1786
170.1630
169.0415
167.8139
166.4804
165.0409
163.4954
162.0680
160.7586
159.5674
158.4942
157.5391
156.7020
155.9831
155.3822
154.6824
153.8835
152.9857
151.9889
150.8931
149.6983
148.4046
147.0118
145.4798
143.8086
141.9982
140.0486
137.9597
135.7316
133.3643
130.8578
128.5641
126.4834
124.6156
122.9608
121.5188
120.2897
119.2736
118.4704
117.6621
116.8488
116.0305
115.2072
114.3788
113.5454
112.7070
111.8636
110.8770
109.7473
108.4745
107.0585
105.4994
103.7972
101.9518
99.9634
97.9999
96.0616
94.1483
92.2601
90.3969
88.5588
86.7458
84.9578
83.1952
81.4579
79.7460
78.0593
76.3980
74.7621
73.1515
71.5662
70.1548
68.9173
67.8537
66.9640
66.2482
65.7063
65.3383
65.1442
64.9259
64.6835
64.4169
64.1261
63.8113
63.4722
63.1090
62.7217
62.3219
61.9098
61.4854
61.0486
60.5994
60.1378
59.6639
59.1777
58.6334
58.0312
57.3709
56.6527
55.8765
55.0424
54.1502
53.2001
52.3000
51.4501
50.6503
49.9005
49.2009
48.5513
47.9518
47.4025
46.8876
46.4073
45.9615
45.5503
45.1735
44.8313
44.5236
44.2505
44.2542
44.5348
45.0922
45.9265
47.0377
48.4258
50.0908
52.0326
53.9400
55.8130
57.6517
59.4559
61.2258
62.9612
64.6623
66.3290
69.1215
73.0398
78.0839
84.2539
91.5496
99.9712
109.5186
120.1919
129.6279
137.8267
144.7882
150.5126
154.9998
158.2497
160.2625
161.0380
161.4073
161.3703
160.9270
160.0774
158.8216
157.1595
155.0911
152.6164
150.2909
148.1144
146.0871
144.2088
142.4797
140.8996
139.4686
138.1868
136.9667
135.8085
134.7120
133.6774
132.7046
131.7935
130.9443
130.1569
129.2214
128.1380
126.9065
125.5270
123.9995
122.3239
120.5004
118.5288
116.4678
114.3175
112.0778
109.7488
107.3304
104.8226
102.2254
99.5389
97.1664
95.1079
93.3635
91.9332
90.8168
90.0146
89.5263
89.3521
89.1986
89.0658
88.9536
88.8622
88.7914
88.7413
88.7120
88.7033
88.5715
88.3166
87.9386
87.4375
86.8133
86.0660
85.1956
84.2021
83.0682
81.7940
80.3793
78.8242
77.1287
75.2927
73.3164
71.1997
69.3839
67.8690
66.6549
65.7418
65.1295
64.8182
64.8077
65.0981
65.3380
65.5272
65.6659
65.7540
65.7915
65.7785
65.7149
65.6006
65.4891
65.3801
65.2738
65.1701
65.0690
64.9705
64.8747
64.7814
64.8585
65.1058
65.5233
66.1111
66.8692
67.7975
68.8960
70.1648
71.0662
71.6002
71.7668
71.5659
70.9976
70.0619
68.7588
67.0883
66.5923
67.2708
69.1239
72.1515
76.3536
81.7302
88.2814
96.0071
104.4944
113.7433
123.7537
134.5257
142.9739
149.0983
152.8990
154.3759
155.6617
156.7563
157.6599
158.3723
158.8936
159.2238
159.3629
159.3109
159.2199
159.0901
158.9214
158.7137
158.4671
158.1816
157.8573
157.4940
157.7691
158.6826
160.2345
162.4248
165.2535
168.7206
172.8261
177.5700
181.6839
185.1679
188.0219
190.2458
191.8398
192.8039
193.1379
192.8420
192.1506
191.0637
189.5814
187.7037
185.4305
182.7618
179.6977
176.2381
172.8746
169.6073
166.4361
163.3610
160.3821
157.4992
154.7125
152.0220
149.7489
147.8935
146.4555
145.4352
144.8324
144.6471
144.8795
145.5293
145.6426
145.2193
144.2595
142.7630
140.7300
138.1604
135.0542
131.4114
127.9819
124.7657
121.7627
118.9731
116.3967
114.0337
111.8839
109.9473
108.3321
107.0382
106.0655
105.4141
105.0840
105.0752
105.3876
106.0214
106.2853
106.1795
105.7038
104.8584
103.6432
102.0582
100.1034
97.7788
95.7139
93.9086
92.3630
91.0770
90.0507
89.2840
88.7770
88.5297
88.1463
87.6270
86.9717
86.1804
85.2531
84.1898
82.9905
81.6552
80.3620
79.1107
77.9015
76.7342
75.6090
74.5258
73.4846
72.4853
71.6592
71.0060
70.5260
70.2190
70.0850
70.1241
70.3363
70.7215
70.9545
71.0355
70.9642
70.7408
70.3653
69.8377
69.1578
68.3259
67.6006
66.9819
66.4699
66.0645
65.7658
65.5737
65.4883
65.5095
65.5582
65.6345
65.7382
65.8695
66.0282
66.2145
66.4283
66.6696
66.9479
67.2631
67.6152
68.0043
68.4304
68.8934
69.3934
69.9303
70.1604
70.0837
69.7001
69.0097
68.0125
66.7085
65.0976
63.1799
63.2415
65.2824
69.3025
75.3020
83.2807
93.2386
105.1759
119.0924
130.7747
140.2226
147.4363
152.4156
155.1606
155.6714
153.9478
149.9899
146.6785
144.0135
141.9950
140.6229
139.8972
139.8180
140.3852
141.5989
142.3833
142.7383
142.6641
142.1605
141.2276
139.8655
138.0740
135.8532
133.9589
132.3913
131.1501
130.2355
129.6474
129.3859
129.4510
129.8426
130.1530
130.3823
130.5304
130.5974
130.5832
130.4879
130.3114
130.0537
129.6451
129.0855
128.3750
127.5135
126.5009
125.3375
124.0230
122.5576
120.9533
119.2102
117.3283
115.3075
113.1479
110.8494
108.4121
105.8360
103.6457
101.8413
100.4227
99.3900
98.7431
98.4821
98.6069
99.1175
99.5264
99.8336
100.0390
100.1426
100.1446
100.0447
99.8432
99.5398
99.0987
98.5198
97.8032
96.9487
95.9564
94.8264
93.5585
92.1529
90.7431
89.3290
87.9107
86.4882
85.0615
83.6306
82.1954
80.7561
79.4484
78.2724
77.2280
76.3154
75.5344
74.8851
74.3676
73.9816
73.6246
73.2966
72.9975
72.7273
72.4860
72.2736
72.0902
71.9357
71.8796
71.9219
72.0626
72.3018
72.6393
73.0752
73.6095
74.2422
74.9153
75.6288
76.3828
77.1772
78.0119
78.8871
79.8028
80.7588
81.4472
81.8680
82.0211
81.9067
81.5246
80.8749
79.9575
78.7725
77.7469
76.8805
76.1734
75.6255
75.2370
75.0078
74.9379
75.0272
75.0742
75.0789
75.0412
74.9611
74.8387
74.6740
74.4669
74.2175
73.8133
73.2545
72.5409
71.6727
70.6498
69.4721
68.1398
66.6528
66.2445
66.9151
68.6644
71.4925
75.3994
80.3851
86.4496
93.5929
100.2779
106.5048
112.2735
117.5840
122.4364
126.8305
130.7664
134.2442
137.0577
139.2071
140.6923
141.5133
141.6701
141.1628
139.9912
138.1555
136.1862
134.0834
131.8471
129.4772
126.9737
124.3368
121.5662
118.6622
115.9880
113.5438
111.3294
109.3450
107.5904
106.0658
104.7711
103.7062
102.4874
101.1145
99.5875
97.9066
96.0716
94.0825
91.9394
89.6423
87.5887
85.7785
84.2117
82.8884
81.8085
80.9720
80.3790
80.0295
79.9581
80.1649
80.6498
81.4129
82.4541
83.7736
85.3711
87.2469
89.0658
90.8279
92.5332
94.1817
95.7734
97.3083
98.7863
100.2076
101.3518
102.2190
102.8092
103.1224
103.1586
102.9178
102.3999
101.6050
100.8260
100.0628
99.3155
98.5840
97.8683
97.1685
96.4845
95.8164
95.0845
94.2888
93.4293
92.5060
91.5189
90.4681
89.3535
88.1750
87.1172
86.1801
85.3636
84.6677
84.0925
83.6379
83.3039
83.0906
82.8665
82.6316
82.3860
82.1296
81.8624
81.5844
81.2957
80.9962
80.8399
80.8269
80.9571
81.2306
81.6473
82.2073
82.9105
83.7569
84.5447
85.2739
85.9444
86.5562
87.1094
87.6039
88.0397
88.4169
88.7087
88.9153
89.0365
89.0723
89.0228
88.8880
88.6679
88.3624
88.0509
87.7334
87.4098
87.0802
86.7446
86.4030
86.0554
85.7017
85.3476
84.9929
84.6377
84.2820
83.9258
83.5691
83.2119
82.8541
82.9231
83.4187
84.3410
85.6901
87.4658
89.6682
92.2972
95.3530
98.8928
102.9166
107.4245
112.4164
117.8923
123.8523
130.2963
137.2243
143.3996
148.8222
153.4921
157.4093
160.5738
162.9855
164.6446
165.5509
166.0329
166.0905
165.7239
164.9328
163.7175
162.0778
160.0138
157.5254
155.3516
153.4923
151.9474
150.7171
149.8013
149.2000
148.9132
148.9409
149.0962
149.3791
149.7896
150.3278
150.9935
151.7868
152.7078
153.7563
154.4612
154.8224
154.8400
154.5139
153.8441
152.8307
151.4736
149.7729
147.9687
146.0610
144.0498
141.9352
139.7172
137.3956
134.9706
132.4421
130.3131
128.5835
127.2533
126.3226
125.7914
125.6596
125.9272
126.5943
127.0302
127.2351
127.2089
126.9515
126.4631
125.7435
124.7928
123.6111
122.4521
121.3158
120.2024
119.1116
118.0437
116.9985
115.9761
114.9764
113.9174
112.7992
111.6216
110.3848
109.0887
107.7333
106.3185
104.8445
103.4716
102.1998
101.0290
99.9594
98.9908
98.1233
97.3568
96.6915
96.1968
95.8727
95.7194
95.7366
95.9245
96.2831
96.8124
97.5122
98.0700
98.4856
98.7590
98.8903
98.8794
98.7264
98.4313
97.9940
97.6300
97.3395
97.1223
96.9785
96.9081
96.9110
96.9873
97.1370
97.0990
96.8733
96.4599
95.8589
95.0701
94.0937
92.9295
91.5777
90.3685
89.3021
88.3782
87.5971
86.9586
86.4629
86.1097
85.8993
85.3628
84.5004
83.3120
81.7976
79.9572
77.7908
75.2985
72.4801
70.1422
68.2849
66.9081
66.0118
65.5960
65.6607
66.2059
67.2317
69.0770
71.7418
75.2262
79.5301
84.6535
90.5965
97.3591
104.9411
111.8354
118.0417
123.5603
128.3910
132.5338
135.9888
138.7559
140.8352
142.5150
143.7953
144.6761
145.1574
145.2392
144.9216
144.2044
143.0877
141.8958
140.6285
139.2860
137.8681
136.3749
134.8064
133.1626
131.4435
129.9020
128.5381
127.3518
126.3430
125.5119
124.8583
124.3823
124.0839
123.4598
122.5099
121.2342
119.6328
117.7057
115.4528
112.8741
109.9697
107.0814
104.2092
101.3530
98.5130
95.6891
92.8813
90.0895
87.3139
85.0193
83.2056
81.8730
81.0214
80.6508
80.7611
81.3525
82.4249
83.4729
84.4966
85.4958
86.4707
87.4212
88.3473
89.2491
90.1265
90.8064
91.2889
91.5740
91.6617
91.5519
91.2447
90.7400
90.0379
89.3232
88.5958
87.8558
87.1031
86.3378
85.5598
84.7692
83.9659
83.2035
82.4821
81.8015
81.1619
80.5631
80.0053
79.4884
79.0123
78.5940
78.2334
77.9304
77.6851
77.4975
77.3676
77.2954
77.2808
77.2338
77.1543
77.0423
76.8979
76.7209
76.5116
76.2697
75.9954
75.8615
75.8682
76.0154
76.3031
76.7314
77.3001
78.0094
78.8592
79.5957
80.2190
80.7290
81.1259
81.4094
81.5798
81.6369
81.5807
81.4926
81.3725
81.2205
81.0365
80.8205
80.5725
80.2926
79.9807
79.6813
79.3944
79.1200
78.8581
78.6087
78.3717
78.1473
77.9353
77.5766
77.0710
76.4186
75.6194
74.6734
73.5806
72.3410
70.9546
70.4232
70.7469
71.9257
73.9596
76.8486
80.5927
85.1918
90.6460
95.8549
100.8185
105.5366
110.0095
114.2370
118.2191
121.9559
125.4474
128.2883
130.4786
132.0184
132.9077
133.1464
132.7345
131.6721
129.9591
128.4199
127.0544
125.8627
124.8447
124.0004
123.3299
122.8331
122.5101
122.4096
122.5316
122.8762
123.4434
124.2331
125.2453
126.4801
127.9375
129.1799
130.2074
131.0200
131.6177
132.0004
132.1682
132.1211
131.8590
131.1977
130.1370
128.6771
126.8179
124.5595
121.9017
118.8446
115.3883
112.3229
109.6485
107.3651
105.4727
103.9713
102.8608
102.1413
101.8128
101.9761
102.6313
103.7783
105.4171
107.5478
110.1703
113.2847
116.8909
119.8246
122.0858
123.6746
124.5908
124.8346
124.4059
123.3047
121.5310
119.8208
118.1743
116.5913
115.0719
113.6161
112.2239
110.8952
109.6301
108.2902
106.8755
105.3861
103.8218
102.1828
100.4690
98.6804
96.8169
95.1494
93.6778
92.4021
91.3223
90.4383
89.7502
89.2581
88.9618
88.7119
88.5083
88.3510
88.2401
88.1755
88.1572
88.1853
88.2598
88.3156
88.3529
88.3716
88.3717
88.3532
88.3162
88.2606
88.1864
88.1443
88.1342
88.1562
88.2103
88.2964
88.4146
88.5649
88.7472
88.7802
88.6638
88.3980
87.9829
87.4184
86.7045
85.8413
84.8287
83.9441
83.1875
82.5590
82.0585
81.6859
81.4414
81.3249
81.3364
81.3359
81.3232
81.2983
81.2614
81.2124
81.1512
81.0780
80.9926
81.1545
81.5638
82.2204
83.1243
84.2756
85.6741
87.3200
89.2132
92.2153
96.3263
101.5462
107.8750
115.3127
123.8592
133.5147
144.2790
153.2451
160.4131
165.7828
169.3542
171.1275
171.1026
169.2794
165.6581
162.3043
159.2182
156.3996
153.8487
151.5654
149.5497
147.8016
146.3212
144.9095
143.5666
142.2925
141.0871
139.9506
138.8828
137.8838
136.9536
136.1067
135.3429
134.6624
134.0650
133.5510
133.1201
132.7725
132.5080
131.8031
130.6577
129.0719
127.0455
124.5787
121.6713
118.3235
114.5352
111.0534
107.8781
105.0092
102.4468
100.1909
98.2415
96.5985
95.2620
94.1251
93.1879
92.4502
91.9121
91.5737
91.4349
91.4956
91.7560
92.0505
92.3791
92.7418
93.1386
93.5696
94.0346
94.5337
95.0670
95.3675
95.4354
95.2705
94.8730
94.2427
93.3798
92.2841
90.9558
89.7913
88.7906
87.9536
87.2805
86.7712
86.4257
86.2440
86.2262
86.2185
86.2209
86.2336
86.2564
86.2894
86.3326
86.3859
86.4495
86.5393
86.6553
86.7975
86.9661
87.1608
87.3818
87.6291
87.9026
88.0641
88.1137
88.0513
87.8770
87.5907
87.1924
86.6823
86.0601
85.5096
85.0307
84.6235
84.2879
84.0239
83.8316
83.7109
83.6618
83.4382
83.0399
82.4669
81.7194
80.7972
79.7004
78.4290
76.9829
75.5040
73.9923
72.4476
70.8702
69.2598
67.6166
65.9406
64.2317
62.6691
61.2528
59.9829
58.8593
57.8819
57.0509
56.3663
55.8279
55.5889
55.6493
56.0090
56.6681
57.6266
58.8844
60.4416
62.2982
64.8383
68.0621
71.9695
76.5605
81.8351
87.7933
94.4351
101.7606
108.5398
114.7729
120.4598
125.6006
130.1951
134.2435
137.7457
140.7017
143.1724
145.1578
146.6579
147.6727
148.2021
148.2463
147.8051
146.8786
145.9668
145.0696
144.1872
143.3194
142.4663
141.6279
140.8042
139.9952
139.2711
138.6320
138.0780
137.6089
137.2248
136.9257
136.7115
136.5824
136.2606
135.7461
135.0389
134.1391
133.0465
131.7613
130.2835
128.6129
127.0225
125.5122
124.0821
122.7321
121.4622
120.2725
119.1629
118.1335
117.2545
116.5260
115.9479
115.5202
115.2430
115.1163
115.1400
115.3141
115.3980
115.3915
115.2947
115.1076
114.8303
114.4626
114.0046
113.4563
112.8811
112.2790
111.6500
110.9940
110.3112
109.6015
108.8649
108.1013
107.3398
106.5802
105.8226
105.0670
104.3134
103.5618
102.8122
102.0645
101.3692
100.7263
100.1357
99.5975
99.1116
98.6782
98.2970
97.9683
97.7013
97.4960
97.3526
97.2709
97.2510
97.2929
97.3965
97.5620
97.6366
97.6204
97.5133
97.3155
97.0268
96.6473
96.1770
95.6158
95.1735
94.8499
94.6452
94.5593
94.5921
94.7438
95.0142
95.4035
95.4963
95.2926
94.7925
93.9959
92.9028
91.5133
89.8273
87.8448
85.9279
84.0766
82.2908
80.5705
78.9158
77.3267
75.8031
74.3451
73.0996
72.0665
71.2459
70.6377
70.2420
70.0588
70.0880
70.3297
70.4587
70.4750
70.3785
70.1693
69.8474
69.4128
68.8654
68.2053
68.4155
69.4961
71.4469
74.2680
77.9595
82.5212
87.9532
94.2556
100.1902
105.7572
110.9566
115.7883
120.2523
124.3487
128.0773
131.4384
134.3111
136.6954
138.5914
139.9991
140.9185
141.3495
141.2922
140.7465
140.1450
139.4875
138.7742
138.0051
137.1800
136.2991
135.3623
134.3696
133.4705
132.6652
131.9534
131.3353
130.8109
130.3801
130.0430
129.7995
129.3755
128.7710
127.9859
127.0204
125.8744
124.5478
123.0408
121.3532
119.7354
118.1874
116.7092
115.3007
113.9621
112.6932
111.4941
110.3648
109.2621
108.1861
107.1368
106.1141
105.1180
104.1486
103.2058
102.2897
101.6533
101.2965
101.2195
101.4221
101.9045
102.6665
103.7082
105.0296
106.1089
106.9459
107.5408
107.8935
108.0040
107.8723
107.4984
106.8824
106.1881
105.4157
104.5650
103.6361
102.6290
101.5437
100.3802
99.1385
97.9406
96.7867
95.6767
94.6105
93.5883
92.6100
91.6755
90.7850
90.0395
89.4389
88.9834
88.6728
88.5072
88.4867
88.6111
88.8805
89.0707
89.1816
89.2132
89.1655
89.0386
88.8324
88.5469
88.1821
87.8639
87.5921
87.3668
87.1879
87.0556
86.9697
86.9303
86.9374
86.8040
86.5300
86.1155
85.5605
84.8650
84.0289
83.0523
81.9352
80.9531
80.1061
79.3942
78.8173
78.3755
78.0688
77.8971
77.8605
77.8505
77.8671
77.9103
77.9802
78.0767
78.1999
78.3497
78.5261
78.6164
78.6207
78.5389
78.3711
78.1171
77.7772
77.3511
76.8391
76.8466
77.3738
78.4206
79.9871
82.0733
84.6790
87.8044
91.4495
95.0264
98.5350
101.9755
105.3477
108.6518
111.8876
115.0553
118.1547
121.0409
123.7139
126.1736
128.4201
130.4534
132.2734
133.8803
135.2738
136.3199
137.0184
137.3694
137.3729
137.0288
136.3373
135.2982
133.9115
132.6452
131.4990
130.4731
129.5675
128.7821
128.1169
127.5720
127.1474
126.7409
126.3526
125.9825
125.6305
125.2968
124.9812
124.6838
124.4046
123.9358
123.2775
122.4295
121.3920
120.1650
118.7484
117.1422
115.3464
113.6091
111.9302
110.3097
108.7476
107.2439
105.7986
104.4118
103.0834
102.0430
101.2908
100.8266
100.6506
100.7626
101.1627
101.8509
102.8272
103.6978
104.4627
105.1219
105.6754
106.1231
106.4652
106.7016
106.8322
106.8065
106.6245
106.2861
105.7914
105.1403
104.3329
103.3691
102.2490
101.1340
100.0240
98.9191
97.8194
96.7246
95.6350
94.5505
93.4710
92.5078
91.6609
90.9302
90.3158
89.8177
89.4358
89.1702
89.0209
88.7596
88.3864
87.9012
87.3041
86.5949
85.7739
84.8408
83.7959
82.8885
82.1188
81.4867
80.9922
80.6353
80.4161
80.3345
80.3905
80.4174
80.4152
80.3838
80.3233
80.2337
80.1149
79.9670
79.7900
79.6225
79.4646
79.3164
79.1777
79.0486
78.9291
78.8191
78.7188
78.6060
78.4807
78.3430
78.1928
78.0301
77.8549
77.6673
77.4672
77.2812
77.1093
76.9515
76.8078
76.6782
76.5626
76.4612
76.3738
76.6486
77.2856
78.2847
79.6459
81.3693
83.4548
85.9025
88.7123
91.7516
95.0204
98.5187
102.2464
106.2036
110.3903
114.8065
119.4521
123.7846
127.8039
131.5101
134.9031
137.9830
140.7497
143.2033
145.3437
146.9984
148.1675
148.8507
149.0483
148.7602
147.9864
146.7268
144.9816
143.4485
142.1276
141.0189
140.1224
139.4380
138.9658
138.7058
138.6580
138.5373
138.3438
138.0775
137.7384
137.3264
136.8416
136.2840
135.6536
134.9586
134.1991
133.3750
132.4863
131.5332
130.5154
129.4331
128.2863
126.9613
125.4580
123.7766
121.9170
119.8791
117.6631
115.2688
112.6964
110.5265
108.7593
107.3946
106.4324
105.8729
105.7159
105.9615
106.6097
107.0979
107.4260
107.5942
107.6024
107.4506
107.1388
106.6670
106.0352
105.4294
104.8496
104.2956
103.7677
103.2657
102.7897
102.3397
101.9156
101.5066
101.1127
100.7340
100.3703
100.0218
99.6884
99.3701
99.0669
98.7555
98.4359
98.1081
97.7721
97.4280
97.0756
96.7150
96.3462
95.9874
95.6387
95.3001
94.9715
94.6529
94.3443
94.0459
93.7574
93.4314
93.0678
92.6666
92.2278
91.7514
91.2374
90.6859
90.0968
89.4981
88.8898
88.2719
87.6445
87.0076
86.3610
85.7049
85.0392
84.4115
83.8217
83.2699
82.7560
82.2801
81.8421
81.4421
81.0800
80.7886
80.5679
80.4178
80.3384
80.3297
80.3916
80.5242
80.7275
80.8949
81.0264
81.1220
81.1817
81.2056
81.1935
81.1456
81.0618
81.0566
81.1300
81.2820
81.5127
81.8219
82.2098
82.6762
83.2213
84.4704
86.4235
89.0806
92.4418
96.5070
101.2761
106.7494
112.9266
118.6222
123.8362
128.5686
132.8194
136.5885
139.8761
142.6820
145.0063
147.0709
148.8757
150.4208
151.7061
152.7316
153.4974
154.0035
154.2498
154.4034
154.4642
154.4323
154.3077
154.0903
153.7802
153.3773
152.8818
152.4164
151.9814
151.5766
151.2021
150.8579
150.5440
150.2603
150.0069
149.3943
148.4225
147.0914
145.4011
143.3516
140.9428
138.1749
135.0477
131.9373
128.8436
125.7667
122.7065
119.6631
116.6365
113.6266
110.6335
107.9823
105.6731
103.7058
102.0805
100.7971
99.8557
99.2562
98.9987
98.7910
98.6331
98.5250
98.4668
98.4584
98.4998
98.5910
98.7320
98.7474
98.6372
98.4013
98.0398
97.5528
96.9400
96.2017
95.3377
94.5874
93.9507
93.4277
93.0183
92.7225
92.5403
92.4718
92.5170
92.3906
92.0928
91.6235
90.9827
90.1704
89.1866
88.0314
86.7047
85.3827
84.0655
82.7530
81.4453
80.1423
78.8441
77.5507
76.2620
75.1165
74.1144
73.2556
72.5401
71.9678
71.5389
71.2533
71.1109
70.8974
70.6127
70.2569
69.8298
69.3316
68.7622
68.1216
67.4099
66.8735
66.5124
66.3266
66.3162
66.4811
66.8213
67.3369
68.0277
68.4836
68.7044
68.6902
68.4409
67.9566
67.2372
66.2828
65.0934
64.0934
63.2827
62.6615
62.2296
61.9872
61.9342
62.0705
62.3963
62.5465
62.5212
62.3204
61.9441
61.3923
60.6650
59.7622
58.6838
58.5120
59.2469
60.8883
63.4364
66.8911
71.2523
76.5202
82.6946
88.2912
93.3100
97.7508
101.6139
104.8990
107.6063
109.7358
111.2874
112.5599
113.5534
114.2679
114.7033
114.8596
114.7369
114.3352
113.6544
112.9775
112.3045
111.6354
110.9702
110.3088
109.6514
108.9978
108.3481
107.9048
107.6679
107.6374
107.8133
108.1956
108.7843
109.5794
110.5808
111.2805
111.6783
111.7743
111.5684
111.0607
110.2512
109.1399
107.7268
106.2877
104.8226
103.3317
101.8148
100.2720
98.7032
97.1085
95.4879
94.2143
93.2877
92.7082
92.4756
92.5901
93.0517
93.8602
95.0158
96.3729
97.9315
99.6916
101.6532
103.8163
106.1810
108.7471
111.5148
113.8301
115.6931
117.1038
118.0621
118.5681
118.6217
118.2230
117.3720
116.6978
116.2006
115.8802
115.7368
115.7702
115.9805
116.3677
116.9318
117.4091
117.7994
118.1029
118.3196
118.4493
118.4922
118.4483
118.3175
118.1711
118.0092
117.8318
117.6389
117.4305
117.2065
116.9670
116.7120
116.5428
116.4595
116.4621
116.5506
116.7249
116.9851
117.3312
117.7631
117.8631
117.6310
117.0670
116.1710
114.9430
113.3830
111.4910
109.2670
107.1721
105.2064
103.3698
101.6624
100.0841
98.6349
97.3149
96.1240
95.1044
94.2561
93.5791
93.0735
92.7391
92.5760
92.5842
92.7637
93.1029
93.6018
94.2605
95.0788
96.0568
97.1945
98.4919
99.9491
101.0028
101.6531
101.8999
101.7433
101.1833
100.2199
98.8531
97.0828
96.1795
96.1432
96.9739
98.6716
101.2362
104.6678
108.9664
114.1320
118.7540
122.8326
126.3676
129.3591
131.8070
133.7114
135.0723
135.8897
136.5852
137.1587
137.6103
137.9399
138.1476
138.2334
138.1973
138.0392
137.8761
137.7081
137.5352
137.3572
137.1743
136.9865
136.7937
136.5959
136.2024
135.6133
134.8286
133.8482
132.6722
131.3005
129.7332
127.9702
126.5099
125.3522
124.4973
123.9450
123.6954
123.7484
124.1042
124.7626
125.0909
125.0892
124.7574
124.0955
123.1036
121.7816
120.1296
118.1474
116.4730
115.1063
114.0473
113.2960
112.8523
112.7164
112.8882
113.3676
113.7672
114.0869
114.3267
114.4865
114.5665
114.5666
114.4868
114.3271
114.0237
113.5764
112.9854
112.2506
111.3721
110.3497
109.1836
107.8738
106.8265
106.0417
105.5196
105.2600
105.2630
105.5286
106.0567
106.8475
107.0254
106.5905
105.5428
103.8823
101.6090
98.7229
95.2240
91.1122
87.6532
84.8470
82.6935
81.1927
80.3447
80.1495
80.6069
81.7171
82.6346
83.3593
83.8912
84.2304
84.3768
84.3305
84.0914
83.6595
83.1557
82.5801
81.9325
81.2131
80.4218
79.5585
78.6234
77.6164
76.7558
76.0417
75.4741
75.0529
74.7782
74.6499
74.6680
74.8327
74.8602
74.7507
74.5041
74.1204
73.5996
72.9417
72.1468
71.2148
70.4468
69.8428
69.4028
69.1269
69.0149
69.0670
69.2831
69.6632
69.9483
70.1385
70.2338
70.2341
70.1394
69.9498
69.6652
69.2857
69.9313
71.6019
74.2976
78.0183
82.7641
88.5350
95.3310
103.1520
109.8222
115.3417
119.7103
122.9281
124.9951
125.9113
125.6767
124.2914
122.8710
121.4156
119.9253
118.4000
116.8397
115.2444
113.6141
111.9489
110.4524
109.1248
107.9660
106.9760
106.1548
105.5024
105.0188
104.7041
104.4690
104.3135
104.2378
104.2417
104.3253
104.4886
104.7315
105.0541
105.1324
104.9665
104.5563
103.9018
103.0031
101.8601
100.4729
98.8413
97.2639
95.7406
94.2715
92.8564
91.4955
90.1886
88.9359
87.7373
86.7576
85.9968
85.4549
85.1318
85.0277
85.1424
85.4761
86.0286
86.6729
87.4091
88.2372
89.1571
90.1689
91.2725
92.4679
93.7552
94.9102
95.9327
96.8229
97.5806
98.2060
98.6990
99.0597
99.2879
99.5296
99.7849
100.0537
100.3359
100.6317
100.9409
101.2637
101.6000
101.8715
102.0783
102.2204
102.2977
102.3103
102.2581
102.1412
101.9595
101.7777
101.5957
101.4135
101.2312
101.0486
100.8659
100.6830
100.4999
100.4318
100.4787
100.6405
100.9174
101.3092
101.8160
102.4378
103.1746
103.7225
104.0816
104.2518
104.2331
104.0256
103.6292
103.0439
102.2698
101.5240
100.8066
100.1175
99.4568
98.8244
98.2204
97.6447
97.0974
96.4515
95.7070
94.8639
93.9222
92.8820
91.7431
90.5057
89.1696
88.0298
87.0862
86.3389
85.7877
85.4328
85.2741
85.3116
85.5453
85.8697
86.2846
86.7902
87.3864
88.0731
88.8505
89.7185
90.6771
92.3696
94.7959
97.9561
101.8501
106.4780
111.8397
117.9352
124.7647
131.0046
136.6551
141.7161
146.1876
150.0697
153.3623
156.0654
158.1791
159.9675
161.4307
162.5686
163.3814
163.8688
164.0311
163.8681
163.3799
162.7271
161.9097
160.9277
159.7812
158.4701
156.9944
155.3541
153.5492
151.8451
150.2417
148.7391
147.3374
146.0363
144.8361
143.7366
142.7379
141.6218
140.3883
139.0373
137.5690
135.9833
134.2802
132.4596
130.5217
128.5568
126.5649
124.5459
122.5000
120.4272
118.3273
116.2004
114.0466
112.2822
110.9074
109.9220
109.3262
109.1199
109.3030
109.8757
110.8379
111.7441
112.5942
113.3882
114.1262
114.8081
115.4339
116.0037
116.5174
116.8413
116.9753
116.9193
116.6735
116.2378
115.6123
114.7968
113.7915
112.6129
111.2613
109.7364
108.0383
106.1671
104.1227
101.9052
99.5144
97.3716
95.4768
93.8299
92.4309
91.2799
90.3769
89.7218
89.3146
88.8208
88.2402
87.5730
86.8191
85.9785
85.0512
84.0372
82.9366
81.8732
80.8471
79.8583
78.9068
77.9926
77.1156
76.2760
75.4736
74.8155
74.3016
73.9320
73.7067
73.6256
73.6888
73.8963
74.2480
74.4771
74.5836
74.5674
74.4286
74.1672
73.7831
73.2764
72.6471
72.0443
71.4682
70.9186
70.3955
69.8991
69.4292
68.9858
68.5691
68.1787
67.8146
67.4769
67.1656
66.8805
66.6219
66.3896
66.1836
65.9874
65.8010
65.6243
65.4575
65.3004
65.1531
65.0155
64.8878
65.4373
66.6641
68.5683
71.1497
74.4084
78.3445
82.9578
88.2484
93.1498
97.6620
101.7849
105.5187
108.8631
111.8184
114.3844
116.5612
118.4295
119.9895
121.2410
122.1841
122.8187
123.1450
123.1628
122.8722
122.4160
121.7942
121.0070
120.0541
118.9357
117.6518
116.2023
114.5872
113.2633
112.2305
111.4889
111.0383
110.8789
111.0107
111.4335
112.1476
112.7302
113.1815
113.5015
113.6901
113.7474
113.6733
113.4679
113.1311
112.6431
112.0037
111.2131
110.2712
109.1779
107.9334
106.5376
104.9905
103.6732
102.5859
101.7284
101.1007
100.7030
100.5351
100.5971
100.8889
101.2031
101.5398
101.8988
102.2802
102.6840
103.1101
103.5587
104.0296
104.4428
104.7983
105.0960
105.3360
105.5183
105.6428
105.7096
105.7187
105.6398
105.4729
105.2180
104.8752
104.4444
103.9256
103.3188
102.6241
101.9054
101.1626
100.3959
99.6051
98.7903
97.9515
97.0887
96.2019
95.3393
94.5008
93.6864
92.8962
92.1301
91.3881
90.6703
89.9767
89.3057
88.6572
88.0314
87.4282
86.8476
86.2896
85.7542
85.2415
84.8680
84.6339
84.5391
84.5836
84.7674
85.0906
85.5530
86.1548
86.7473
87.3305
87.9044
88.4691
89.0244
89.5704
90.1072
90.6346
91.1016
91.5080
91.8540
92.1394
92.3644
92.5288
92.6328
92.6762
92.6649
92.5990
92.4783
92.3029
92.0728
91.7881
91.4486
91.0544
90.6195
90.1437
89.6272
89.0698
88.4717
87.8328
87.1531
86.4327
86.8762
88.4837
91.2552
95.1907
100.2903
106.5538
113.9813
122.5728
129.8368
135.7733
140.3823
143.6637
145.6176
146.2440
145.5429
143.5142
141.7834
140.3504
139.2152
138.3778
137.8383
137.5966
137.6526
138.0066
138.2556
138.3997
138.4388
138.3731
138.2025
137.9269
137.5465
137.0611
136.6159
136.2109
135.8461
135.5214
135.2370
134.9927
134.7886
134.6247
134.3995
134.1131
133.7654
133.3565
132.8863
132.3549
131.7622
131.1083
130.2411
129.1606
127.8669
126.3599
124.6396
122.7060
120.5592
118.1991
116.1247
114.3359
112.8327
111.6152
110.6833
110.0371
109.6765
109.6015
109.3873
109.0339
108.5411
107.9092
107.1380
106.2275
105.1777
103.9888
102.9799
102.1512
101.5027
101.0343
100.7460
100.6380
100.7100
100.9622
101.1968
101.4139
101.6133
101.7951
101.9594
102.1061
102.2351
102.3466
102.3239
102.1671
101.8760
101.4508
100.8913
100.1977
99.3699
98.4079
97.5172
96.6977
95.9494
95.2724
94.6666
94.1321
93.6688
93.2768
92.8685
92.4441
92.0033
91.5464
91.0732
90.5838
90.0782
89.5563
89.0199
88.4689
87.9033
87.3231
86.7283
86.1189
85.4950
84.8564
84.2143
83.5686
82.9193
82.2664
81.6099
80.9499
80.2862
79.6190
79.0538
78.5907
78.2297
77.9708
77.8140
77.7593
77.8066
77.9560
78.0957
78.2257
78.3460
78.4566
78.5574
78.6486
78.7300
78.8017
78.7849
78.6794
78.4854
78.2029
77.8318
77.3721
76.8238
76.1869
76.2381
76.9774
78.4046
80.5199
83.3233
86.8146
90.9940
95.8614
100.3801
104.5501
108.3713
111.8437
114.9674
117.7424
120.1686
122.2461
124.0102
125.4608
126.5980
127.4217
127.9321
128.1290
128.0124
127.5825
127.1716
126.7797
126.4070
126.0533
125.7186
125.4031
125.1066
124.8291
124.6626
124.6071
124.6624
124.8288
125.1061
125.4943
125.9935
126.6036
126.9841
127.1349
127.0561
126.7476
126.2095
125.4418
124.4444
123.2174
121.9145
120.5358
119.0812
117.5507
115.9443
114.2621
112.5040
110.6701
109.0594
107.6720
106.5079
105.5670
104.8494
104.3551
104.0841
104.0364
103.9559
103.8426
103.6966
103.5179
103.3064
103.0621
102.7851
102.4753
102.2012
101.9627
101.7598
101.5925
101.4608
101.3647
101.3043
101.2795
101.0420
100.5919
99.9291
99.0537
97.9656
96.6649
95.1515
93.4255
91.8909
90.5477
89.3961
88.4358
87.6670
87.0897
86.7038
86.5094
86.2426
85.9035
85.4920
85.0082
84.4520
83.8235
83.1227
82.3495
81.5970
80.8653
80.1544
79.4642
78.7948
78.1461
77.5181
76.9109
76.4242
76.0580
75.8123
75.6870
75.6823
75.7981
76.0343
76.3911
76.7215
77.0257
77.3036
77.5552
77.7806
77.9796
78.1524
78.2989
78.3926
78.4336
78.4219
78.3574
78.2401
78.0701
77.8474
77.5719
77.2874
76.9939
76.6914
76.3799
76.0594
75.7298
75.3913
75.0437
74.8084
74.6853
74.6744
74.7758
74.9894
75.3153
75.7534
76.3037
77.2943
78.7253
80.5967
82.9084
85.6604
88.8527
92.4855
96.5585
100.7213
104.9738
109.3160
113.7480
118.2697
122.8811
127.5822
132.3731
136.5079
139.9867
142.8093
144.9759
146.4865
147.3410
147.5394
147.0817
146.6379
146.2080
145.7919
145.3898
145.0014
144.6270
144.2664
143.9197
143.6453
143.4430
143.3131
143.2553
143.2698
143.3566
143.5155
143.7468
143.6784
143.3105
142.6430
141.6760
140.4093
138.8431
136.9774
134.8121
132.6065
130.3608
128.0748
125.7487
123.3823
120.9758
118.5290
116.0420
113.7715
111.7175
109.8799
108.2588
106.8542
105.6661
104.6945
103.9393
103.3019
102.7823
102.3805
102.0966
101.9304
101.8820
101.9515
102.1387
102.2167
102.1855
102.0451
101.7954
101.4365
100.9684
100.3911
99.7046
99.0796
98.5161
98.0142
97.5738
97.1950
96.8777
96.6219
96.4277
96.2106
95.9706
95.7077
95.4219
95.1133
94.7817
94.4273
94.0500
93.7343
93.4802
93.2876
93.1567
93.0874
93.0797
93.1335
93.2490
93.3710
93.4995
93.6345
93.7760
93.9241
94.0786
94.2397
94.4073
94.5379
94.6315
94.6882
94.7078
94.6904
94.6361
94.5447
94.4164
94.1873
93.8574
93.4266
92.8951
92.2628
91.5298
90.6959
89.7612
88.8920
88.0883
87.3500
86.6772
86.0699
85.5281
85.0517
84.6408
84.1870
83.6904
83.1509
82.5685
81.9433
81.2752
80.5642
79.8104
79.1378
78.5465
78.0364
77.6075
77.2600
76.9936
76.8085
76.7046
77.5231
79.2639
81.9269
85.5123
90.0200
95.4500
101.8023
109.0769
115.4539
120.9333
125.5152
129.1995
131.9862
133.8754
134.8670
134.9610
135.0458
135.1215
135.1880
135.2454
135.2937
135.3328
135.3627
135.3835
135.2427
134.9402
134.4761
133.8504
133.0631
132.1142
131.0036
129.7314
128.6083
127.6341
126.8090
126.1329
125.6058
125.2278
124.9988
124.9187
124.6311
124.1359
123.4331
122.5227
121.4047
120.0791
118.5460
116.8052
115.0396
113.2491
111.4339
109.5938
107.7290
105.8393
103.9248
101.9854
100.3609
99.0513
98.0564
97.3764
97.0112
96.9608
97.2253
97.8046
98.3870
98.9727
99.5616
100.1537
100.7490
101.3476
101.9493
102.5542
103.0647
103.4808
103.8024
104.0297
104.1624
104.2008
104.1447
103.9942
103.7054
103.2784
102.7130
102.0094
101.1675
100.1873
99.0688
97.8121
96.6987
95.7288
94.9023
94.2192
93.6796
93.2833
93.0305
92.9210
92.6519
92.2231
91.6346
90.8864
89.9786
88.9110
87.6838
86.2968
85.1200
84.1533
83.3967
82.8503
82.5139
82.3876
82.4715
82.7655
83.0595
83.3536
83.6476
83.9418
84.2359
84.5302
84.8244
85.1187
85.3923
85.6452
85.8775
86.0891
86.2801
86.4504
86.6000
86.7290
86.8945
87.0965
87.3352
87.6103
87.9221
88.2704
88.6552
89.0766
89.4213
89.6894
89.8807
89.9954
90.0335
89.9948
89.8795
89.6875
89.9636
90.7079
91.9203
93.6009
95.7496
98.3664
101.4514
105.0046
108.6339
112.3393
116.1208
119.9785
123.9124
127.9223
132.0084
136.1707
139.7481
142.7408
145.1487
146.9717
148.2100
148.8635
148.9322
148.4162
147.7496
146.9326
145.9651
144.8472
143.5788
142.1599
140.5906
138.8708
137.2978
135.8715
134.5920
133.4593
132.4733
131.6341
130.9417
130.3960
129.8244
129.2269
128.6034
127.9540
127.2787
126.5775
125.8503
125.0973
124.1442
122.9913
121.6384
120.0857
118.3329
116.3803
114.2277
111.8752
109.7217
107.7671
106.0116
104.4551
103.0975
101.9390
100.9794
100.2188
99.5557
98.9900
98.5217
98.1509
97.8775
97.7015
97.6230
97.6419
97.5751
97.4225
97.1842
96.8601
96.4503
95.9547
95.3734
94.7064
94.1328
93.6526
93.2659
92.9727
92.7729
92.6665
92.6536
92.7341
92.7170
92.6024
92.3902
92.0805
91.6731
91.1682
90.5658
89.8657
89.2186
88.6243
88.0830
87.5945
87.1590
86.7763
86.4466
86.1697
85.9387
85.7536
85.6143
85.5209
85.4734
85.4717
85.5159
85.6059
85.6134
85.5382
85.3805
85.1401
84.8171
84.4115
83.9233
83.3525
82.7638
82.1573
81.5329
80.8906
80.2305
79.5526
78.8568
78.1431
77.5128
76.9659
76.5023
76.1221
75.8252
75.6117
75.4816
75.4348
75.4117
75.4122
75.4364
75.4842
75.5557
75.6508
75.7696
75.9120
76.0703
76.2446
76.4347
76.6408
76.8627
77.1006
77.3544
77.6241
78.4832
79.9318
81.9698
84.5972
87.8141
91.6205
96.0162
101.0015
105.4779
109.4457
112.9046
115.8549
118.2963
120.2291
121.6530
122.5682
123.3602
124.0288
124.5742
124.9963
125.2950
125.4705
125.5227
125.4517
125.4653
125.5637
125.7469
126.0148
126.3674
126.8048
127.3269
127.9338
128.4191
128.7827
129.0247
129.1450
129.1438
129.0209
128.7763
128.4102
127.9047
127.2598
126.4756
125.5520
124.4891
123.2868
121.9451
120.4641
118.9789
117.4894
115.9958
114.4979
112.9958
111.4894
109.9788
108.4640
107.1873
106.1485
105.3478
104.7851
104.4604
104.3737
104.5250
104.9144
105.3565
105.8512
106.3987
106.9988
107.6516
108.3572
109.1154
109.9263
110.5410
110.9596
111.1820
111.2083
111.0385
110.6725
110.1103
109.3520
108.6216
107.9193
107.2449
106.5986
105.9802
105.3898
104.8274
104.2930
103.6579
102.9220
102.0854
101.1481
100.1100
98.9712
97.7317
96.3915
95.1058
93.8749
92.6985
91.5768
90.5097
89.4972
88.5394
87.6362
86.7328
85.8293
84.9256
84.0217
83.1177
82.2135
81.3092
80.4046
79.3666
78.1950
76.8900
75.4514
73.8792
72.1736
70.3344
68.3617
66.6495
65.1978
64.0065
63.0758
62.4055
61.9956
61.8463
61.9574
62.0312
62.0677
62.0669
62.0287
61.9532
61.8404
61.6903
61.5028
61.3516
61.2367
61.1581
61.1157
61.1097
61.1399
61.2064
61.3092
62.0053
63.2948
65.1776
67.6537
70.7232
74.3861
78.6423
83.4918
88.5458
93.8042
99.2671
104.9345
110.8063
116.8825
123.1632
129.6484
135.2303
139.9090
143.6845
146.5568
148.5258
149.5916
149.7542
149.0136
148.1804
147.2546
146.2363
145.1254
143.9219
142.6258
141.2372
139.7560
138.4446
137.3030
136.3312
135.5292
134.8971
134.4347
134.1421
134.0194
133.8061
133.5023
133.1079
132.6231
132.0477
131.3818
130.6254
129.7785
128.7433
127.5198
126.1081
124.5081
122.7199
120.7434
118.5786
116.2256
114.1968
112.4921
111.1117
110.0554
109.3233
108.9154
108.8316
109.0721
109.2752
109.4411
109.5696
109.6609
109.7149
109.7315
109.7109
109.6530
109.5982
109.5465
