131.9095
131.1649
130.1106
128.7467
127.0731
125.0900
123.2950
121.6883
120.2699
119.0396
117.9976
117.1438
116.4783
116.0010
115.2637
114.2665
113.0093
111.4922
109.7152
107.6781
105.3812
102.8243
100.5996
98.7072
97.1469
95.9189
95.0231
94.4595
94.2282
94.3291
94.2510
93.9940
93.5581
92.9433
92.1495
91.1768
90.0252
88.6947
87.3653
86.0371
84.7100
83.3840
82.0591
80.7354
79.4128
78.0914
76.9244
75.9117
75.0535
74.3496
73.8002
73.4051
73.1645
73.0782
72.8179
72.3834
71.7748
70.9921
70.0354
68.9045
67.5995
66.1204
64.8987
63.9344
63.2275
62.7780
62.5859
62.6513
62.9740
63.5542
64.0185
64.3671
64.5998
64.7168
64.7179
64.6032
64.3727
64.0264
63.7733
63.6134
63.5466
63.5731
63.6927
63.9055
64.2115
64.6106
64.7944
64.7629
64.5161
64.0538
63.3763
62.4834
61.3752
60.0516
60.1454
61.6565
64.5849
68.9307
74.6938
81.8743
90.4721
100.4872
110.5539
120.6722
130.8419
141.0633
151.3361
161.6606
172.0365
182.4641
192.1675
201.1470
209.4024
216.9337
223.7411
229.8243
235.1836
239.8188
243.7517
246.9822
249.5104
251.3362
252.4597
252.8809
252.5998
251.6162
250.8791
250.3884
250.1441
250.1463
250.3948
250.8897
251.6310
252.6188
252.9702
252.6852
251.7639
250.2062
248.0122
245.1819
241.7152
237.6121
233.5343
229.4816
225.4541
221.4518
217.4747
213.5229
209.5961
205.6946
201.9709
198.4250
195.0568
191.8665
188.8539
186.0191
183.3621
180.8829
178.6170
176.5644
174.7251
173.0991
171.6864
170.4870
169.5009
168.7281
168.0172
167.3681
166.7809
166.2555
165.7920
165.3903
165.0505
164.7726
164.2364
163.4419
162.3891
161.0781
159.5088
157.6812
155.5953
153.2512
151.1161
149.1902
147.4735
145.9658
144.6673
143.5778
142.6975
142.0264
141.1178
139.9719
138.5886
136.9679
135.1099
133.0145
130.6817
128.1116
125.8721
123.9635
122.3855
121.1383
120.2218
119.6360
119.3809
119.4566
119.3499
119.0609
118.5894
117.9356
117.0995
116.0809
114.8800
113.4968
112.2287
111.0759
110.0383
109.1160
108.3089
107.6170
107.0403
106.5789
106.0878
105.5671
105.0167
104.4367
103.8270
103.1877
102.5188
101.8201
101.1608
100.5408
99.9600
99.4185
98.9163
98.4533
98.0297
97.6453
97.2505
96.8451
96.4293
96.0029
95.5661
95.1188
94.6610
94.1927
93.7479
93.3264
92.9285
92.5539
92.2028
91.8751
91.5709
91.2901
91.0579
90.8743
90.7394
90.6531
90.6154
90.6264
90.6859
90.7942
90.6436
90.2341
89.5659
88.6389
87.4531
86.0085
84.3051
82.3429
81.8744
82.8997
85.4186
89.4314
94.9378
101.9380
110.4319
120.4195
130.5317
140.7684
151.1295
161.6152
172.2254
182.9601
193.8193
204.8030
215.2126
225.0482
234.3098
242.9972
251.1106
258.6500
265.6153
272.0065
273.2166
269.2456
260.0935
245.7603
226.2459
201.5505
171.6739
136.6162
109.7048
90.9398
80.3211
77.8487
77.1500
78.2248
81.0732
85.6952
89.5730
92.7065
95.0957
96.7406
97.6412
97.7976
97.2097
95.8775
94.7258
93.7545
92.9636
92.3533
91.9233
91.6739
91.6049
91.7163
91.8124
91.8931
91.9584
92.0084
92.0431
92.0624
92.0663
92.0548
92.0397
92.0208
91.9983
91.9720
91.9420
91.9083
91.8709
91.8298
91.7875
91.7440
91.6992
91.6533
91.6061
91.5577
91.5081
91.4573
91.4053
91.3521
91.2976
91.2418
91.1848
91.1266
91.0672
91.0065
90.9446
90.8815
90.8171
90.7515
90.6846
90.6166
90.5473
90.4767
90.4052
90.3328
90.2593
90.1850
90.1096
90.0333
89.9561
89.8779
89.7989
89.7192
89.6387
89.5574
89.4754
89.3926
89.3091
89.2248
89.1398
89.0542
88.9678
88.8808
88.7931
88.7048
88.6158
88.5261
88.4359
88.3451
88.2539
88.1622
88.0699
87.9772
87.8839
87.7901
87.6959
87.6013
87.5063
87.4109
87.3150
87.2188
87.1221
87.0250
86.9274
86.8294
86.7309
86.6320
86.5326
86.4327
86.3324
86.2316
86.1320
86.0338
85.9367
85.8410
85.7465
85.6532
85.5612
85.4705
85.3689
85.2566
85.1334
84.9993
84.8545
84.6988
84.5323
84.3550
84.2607
84.2495
84.3214
84.4763
84.7142
85.0353
85.4393
85.9264
86.1229
86.0288
85.6440
84.9686
84.0025
82.7458
81.1985
79.3605
78.3719
78.2326
78.9425
80.5018
82.9105
86.1684
90.2757
95.2322
100.3587
105.6551
111.1214
116.7577
122.5638
128.5399
134.6858
141.0017
147.9783
155.6154
163.9132
172.8716
182.4907
192.7704
203.7108
215.3117
225.3852
233.9311
240.9496
246.4405
250.4039
252.8398
253.7481
253.1290
252.5467
252.0013
251.4928
251.0211
250.5863
250.1883
249.8272
249.5030
248.7116
247.4530
245.7271
243.5341
240.8739
237.7465
234.1520
230.0902
226.0574
222.0535
218.0787
214.1328
210.2159
206.3280
202.4690
198.6391
194.7980
190.9459
187.0826
183.2083
179.3229
175.4264
171.5188
167.6002
164.0371
160.8296
157.9777
155.4814
153.3407
151.5555
150.1260
149.0521
148.0047
146.9838
145.9895
145.0218
144.0806
143.1660
142.2779
141.4164
140.5805
139.7702
138.9855
138.2264
137.4929
136.7851
136.1028
135.4462
134.5475
133.4068
132.0241
130.3993
128.5325
126.4236
124.0728
121.4798
119.1549
117.0978
115.3087
113.7875
112.5342
111.5489
110.8315
110.3821
109.8467
109.2254
108.5182
107.7251
106.8460
105.8811
104.8302
103.6934
102.5422
101.3765
100.1964
99.0019
97.7929
96.5695
95.3316
94.0793
92.9202
91.8545
90.8820
90.0028
89.2169
88.5243
87.9250
87.4189
86.8212
86.1319
85.3510
84.4784
83.5142
82.4584
81.3110
80.0719
79.0106
78.1269
77.4209
76.8926
76.5420
76.3691
76.3739
76.5564
76.5771
76.4360
76.1332
75.6686
75.0422
74.2540
73.3040
72.1923
71.2339
70.4287
69.7768
69.2782
68.9328
68.7408
68.7020
68.8164
68.8775
68.8852
68.8394
68.7403
68.5878
68.3818
68.1225
67.8097
67.5369
67.3040
67.1110
66.9580
66.8449
66.7717
66.7385
66.7452
66.5425
66.1303
65.5087
64.6776
63.6372
62.3872
60.9279
59.2591
59.2821
60.9969
64.4035
69.5020
76.2922
84.7742
94.9481
106.8137
118.3849
129.6615
140.6437
151.3314
161.7246
171.8234
181.6276
191.1374
199.3794
206.3537
212.0603
216.4992
219.6703
221.5738
222.2095
221.5775
221.0077
220.5000
220.0546
219.6714
219.3503
219.0915
218.8948
218.7604
218.3232
217.5834
216.5409
215.1958
213.5479
211.5974
209.3442
206.7883
203.9291
200.7665
197.3007
193.5315
189.4590
185.0832
180.4041
175.4216
170.8952
166.8247
163.2103
160.0519
157.3495
155.1031
153.3127
151.9783
150.7370
149.5887
148.5334
147.5712
146.7020
145.9258
145.2427
144.6526
144.0919
143.5605
143.0585
142.5859
142.1427
141.7289
141.3444
140.9893
140.5343
139.9794
139.3245
138.5698
137.7150
136.7604
135.7059
134.5514
133.3128
131.9901
130.5832
129.0923
127.5172
125.8579
124.1146
122.2871
120.5910
119.0263
117.5930
116.2910
115.1204
114.0812
113.1734
112.3969
111.6095
110.8112
110.0019
109.1816
108.3504
107.5083
106.6552
105.7911
104.9411
104.1050
103.2830
102.4750
101.6809
100.9009
100.1349
99.3829
98.5842
97.7388
96.8467
95.9079
94.9224
93.8902
92.8113
91.6857
90.6705
89.7658
88.9714
88.2875
87.7140
87.2509
86.8983
86.6560
86.3550
85.9953
85.5767
85.0995
84.5634
83.9686
83.3151
82.6028
81.9510
81.3597
80.8289
80.3586
79.9488
79.5995
79.3107
79.0824
78.8014
78.4677
78.0812
77.6421
77.1502
76.6056
76.0083
75.3583
74.6937
74.0145
73.3207
72.6123
71.8894
71.1518
70.3997
69.6329
69.1640
68.9929
69.1196
69.5441
70.2664
71.2865
72.6045
74.2202
76.8026
80.3518
84.8676
90.3501
96.7994
104.2153
112.5979
121.9473
132.3419
143.7817
156.2669
169.7972
181.2382
190.5898
197.8519
203.0246
207.6996
211.8770
215.5568
218.7389
221.4234
223.6102
225.2993
226.4908
227.4305
228.1182
228.5542
228.7382
228.6704
228.3508
227.7792
226.9559
225.8536
224.4725
222.8124
220.8735
218.6558
216.1591
213.3836
210.3291
207.0556
203.5629
199.8511
195.9202
191.7702
187.4011
182.8128
178.0054
173.6067
169.6167
166.0353
162.8625
160.0985
157.7431
155.7963
154.2583
152.7394
151.2398
149.7594
148.2983
146.8563
145.4337
144.0302
142.6460
141.3962
140.2808
139.2998
138.4533
137.7411
137.1634
136.7202
136.4113
135.9935
135.4667
134.8310
134.0864
133.2328
132.2702
131.1987
130.0183
128.7670
127.4450
126.0521
124.5884
123.0539
121.4485
119.7724
118.0255
116.3405
114.7176
113.1567
111.6578
110.2209
108.8460
107.5332
106.2823
104.4750
102.1114
99.1913
95.7149
91.6820
87.0928
81.9471
76.2451
71.4394
67.5301
64.5171
62.4005
61.1803
60.8564
61.4289
62.8978
64.1260
65.1137
65.8607
66.3671
66.6329
66.6581
66.4426
65.9866
65.5828
65.2314
64.9324
64.6856
64.4912
64.3491
64.2594
64.2220
64.1790
64.1303
64.0761
64.0163
63.9508
63.8797
63.8031
63.7208
63.6371
63.5520
63.4655
63.3777
63.2884
63.1977
63.1057
63.0122
62.9670
62.9700
63.0214
63.1209
63.2687
63.4648
63.7092
64.0018
63.8163
63.1528
62.0113
60.3918
58.2942
55.7185
52.6649
49.1331
47.0598
46.4448
47.2882
49.5900
53.3501
58.5686
65.2454
73.3806
81.4046
89.3173
97.1187
104.8088
111.4328
116.9906
121.4823
124.9078
132.9939
145.7407
163.1481
185.2161
201.8153
212.9457
218.6074
218.8004
219.2324
219.9034
220.8135
221.9627
223.3509
224.9782
226.8446
228.9500
230.6000
231.7947
232.5341
232.8180
232.6466
232.0199
230.9378
229.4003
227.9482
226.5815
225.3001
224.1040
222.9933
221.9680
221.0281
220.1734
218.6849
216.5624
213.8060
210.4157
206.3914
201.7332
196.4410
190.5149
185.1168
180.2466
175.9044
172.0901
168.8038
166.0454
163.8150
162.1126
160.3848
158.6317
156.8532
155.0495
153.2204
151.3660
149.4862
147.5812
145.8989
144.4394
143.2027
142.1889
141.3978
140.8295
140.4840
140.3613
140.0350
139.5052
138.7719
137.8351
136.6948
135.3509
133.8035
132.0525
130.4077
128.8691
127.4366
126.1103
124.8902
123.7762
122.7683
121.8666
120.9394
119.9867
119.0084
118.0047
116.9753
115.9205
114.8401
113.7343
112.5160
111.1854
109.7424
108.1870
106.5192
104.7391
102.8466
100.8417
99.0390
97.4384
96.0400
94.8437
93.8495
93.0576
92.4677
92.0801
91.3637
90.3186
88.9449
87.2424
85.2113
82.8515
80.1629
77.1457
74.6402
72.6465
71.1645
70.1943
69.7358
69.7890
70.3540
71.4307
72.1208
72.4243
72.3411
71.8714
71.0150
69.7720
68.1424
66.1261
64.3507
62.8162
61.5224
60.4696
59.6575
59.0863
58.7560
58.6665
58.4595
58.1351
57.6932
57.1339
56.4571
55.6629
54.7512
53.7221
52.8719
52.2007
51.7083
51.3949
51.2605
51.3050
51.5284
51.9307
51.7963
51.1250
49.9169
48.1719
45.8901
43.0716
39.7161
35.8239
34.5654
35.9407
39.9498
46.5927
60.7627
82.4598
111.6841
148.4354
176.8994
197.0760
208.9653
212.5672
214.1263
213.6426
211.1162
206.5471
203.2763
201.3040
200.6302
201.2547
203.1777
206.3991
210.9189
216.7372
221.5756
225.4341
228.3127
230.2113
231.1301
231.0690
230.0280
228.0071
226.5691
225.7138
225.4413
225.7516
226.6447
228.1207
230.1794
232.8210
233.4715
232.1310
228.7995
223.4769
216.1634
206.8588
195.5632
182.2766
171.1242
162.1059
155.2219
150.4720
147.8562
147.3747
149.0273
152.8141
155.7319
157.7807
158.9606
159.2714
158.7133
157.2861
154.9900
151.8249
148.8028
145.9235
143.1872
140.5939
138.1435
135.8360
133.6714
131.6498
129.9217
128.4871
127.3460
126.4984
125.9443
125.6837
125.7166
126.0431
126.3844
126.7406
127.1117
127.4977
127.8986
128.3144
128.7450
129.1906
129.0067
128.1935
126.7508
124.6788
121.9774
118.6466
114.6864
110.0968
106.2651
103.1912
100.8753
99.3172
98.5170
98.4747
99.1903
100.6638
101.6185
102.0544
101.9715
101.3698
100.2493
98.6100
96.4519
93.7750
91.3155
89.0733
87.0485
85.2411
83.6510
82.2782
81.1228
80.1847
79.3830
78.7175
78.1883
77.7954
77.5388
77.4185
77.4345
77.5868
77.5056
77.1908
76.6424
75.8606
74.8452
73.5962
72.1137
70.3977
68.9290
67.7076
66.7336
66.0068
65.5274
65.2953
65.3106
65.5731
65.4699
65.0009
64.1662
62.9657
61.3995
59.4675
57.1698
54.5063
52.4590
51.0279
50.2130
50.0142
50.4317
51.4654
53.1152
55.3813
56.5091
56.4986
55.3499
53.0630
49.6378
45.0743
39.3726
32.5327
29.2291
29.4620
33.2312
40.5369
52.4981
69.1149
90.3873
116.3153
138.3996
156.6403
171.0373
181.5907
188.3005
191.1666
190.1891
185.3679
182.1461
180.5237
180.5006
182.0769
185.2526
190.0276
196.4020
204.3758
211.2023
216.8814
221.4133
224.7980
227.0353
228.1253
228.0681
226.8635
225.7006
224.5792
223.4995
222.4613
221.4647
220.5098
219.5964
218.7246
217.9975
217.4152
216.9776
216.6847
216.5365
216.5330
216.6743
216.9603
216.3731
214.9126
212.5790
209.3721
205.2920
200.3387
194.5122
187.8125
181.7538
176.3360
171.5591
167.4233
163.9284
161.0744
158.8615
157.2895
155.6827
154.0413
152.3652
150.6544
148.9089
147.1287
145.3138
143.4642
141.8395
140.4397
139.2647
138.3147
137.5895
137.0892
136.8139
136.7634
136.5812
136.2673
135.8217
135.2445
134.5355
133.6949
132.7226
131.6185
130.4678
129.2704
128.0264
126.7356
125.3981
124.0140
122.5832
121.1057
119.6698
118.2755
116.9228
115.6117
114.3422
113.1142
111.9279
110.7832
109.5080
108.1023
106.5662
104.8996
103.1025
101.1749
99.1169
96.9284
95.0996
93.6305
92.5211
91.7714
91.3813
91.3510
91.6804
92.3695
92.7317
92.7671
92.4756
91.8572
90.9120
89.6399
88.0409
86.1150
84.4273
82.9776
81.7659
80.7923
80.0568
79.5593
79.2999
79.2786
79.1653
78.9602
78.6631
78.2740
77.7931
77.2203
76.5555
75.7988
75.0284
74.2442
73.4462
72.6345
71.8090
70.9698
70.1169
69.2501
68.3882
67.5312
66.6791
65.8317
64.9893
64.1517
63.3189
62.4910
61.6008
60.6482
59.6333
58.5561
57.4166
56.2147
54.9505
53.6240
52.4004
51.2796
50.2617
49.3467
48.5346
47.8253
47.2189
46.7154
47.9783
51.0075
55.8031
62.3651
70.6934
80.7881
92.6492
106.2766
119.3733
131.9392
143.9743
155.4787
166.4523
176.8951
186.8072
196.1885
204.2492
210.9893
216.4088
220.5077
223.2861
224.7438
224.8810
223.6975
222.7156
221.9351
221.3562
220.9787
220.8027
220.8282
221.0551
221.4836
221.5331
221.2037
220.4953
219.4080
217.9418
216.0966
213.8725
211.2694
208.6990
206.1613
203.6561
201.1837
198.7438
196.3366
193.9621
191.6202
189.0633
186.2914
183.3045
180.1026
176.6858
173.0540
169.2071
165.1453
161.5092
158.2986
155.5137
153.1544
151.2208
149.7128
148.6304
147.9737
147.3162
146.6581
145.9992
145.3395
144.6792
144.0181
143.3563
142.6938
141.9989
141.2715
140.5117
139.7195
138.8948
138.0378
137.1483
136.2263
135.2789
134.3059
133.3074
132.2834
131.2339
130.1588
129.0582
127.9321
126.6330
125.1608
123.5156
121.6973
119.7060
117.5417
115.2044
112.6940
110.4431
108.4516
106.7197
105.2472
104.0342
103.0807
102.3866
101.9520
101.4290
100.8176
100.1178
99.3296
98.4530
97.4880
96.4345
95.2927
94.1866
93.1162
92.0817
91.0829
90.1198
89.1925
88.3010
87.4452
86.5651
85.6605
84.7316
83.7783
82.8006
81.7985
80.7720
79.7211
78.8024
78.0159
77.3616
76.8395
76.4496
76.1919
76.0664
76.0731
75.9075
75.5695
75.0591
74.3764
73.5214
72.4940
71.2943
69.9222
68.6189
67.3844
66.2188
65.1220
64.0939
63.1347
62.2444
61.4228
60.5458
59.6133
58.6253
57.5819
56.4830
55.3287
54.1188
52.8535
52.0341
51.6604
51.7326
52.2506
53.2144
54.6240
56.4795
58.7808
61.2843
63.9901
66.8983
70.0086
73.3213
76.8363
80.5535
84.4730
89.4034
95.3447
102.2968
110.2597
119.2336
129.2182
140.2138
152.2202
163.0703
172.7642
181.3017
188.6830
194.9080
199.9766
203.8890
206.6451
209.0552
211.1193
212.8375
214.2096
215.2358
215.9160
216.2502
216.2384
216.1933
216.1149
216.0031
215.8581
215.6797
215.4680
215.2230
214.9447
214.4802
213.8294
212.9924
211.9692
210.7598
209.3641
207.7823
206.0142
203.8211
201.2030
198.1600
194.6920
190.7990
186.4810
181.7380
176.5701
171.7967
167.4178
163.4334
159.8435
156.6482
153.8473
151.4410
149.4292
147.6056
145.9701
144.5227
143.2634
142.1923
141.3093
140.6145
140.1078
139.6630
139.2802
138.9593
138.7004
138.5034
138.3684
138.2953
138.2841
137.9834
137.3932
136.5135
135.3443
133.8855
132.1372
130.0994
127.7720
125.5662
123.4819
121.5191
119.6778
117.9581
116.3599
114.8833
113.5281
112.1410
110.7219
109.2709
107.7879
106.2729
104.7260
103.1471
101.5362
100.0362
98.6471
97.3687
96.2013
95.1447
94.1989
93.3640
92.6400
91.9278
91.2276
90.5394
89.8631
89.1987
88.5462
87.9057
87.2771
86.5718
85.7899
84.9314
83.9962
82.9843
81.8958
80.7307
79.4889
78.4041
77.4762
76.7053
76.0915
75.6346
75.3346
75.1917
75.2057
75.1267
74.9546
74.6895
74.3313
73.8801
73.3358
72.6985
71.9681
71.1514
70.2484
69.2591
68.1835
67.0217
65.7735
64.4390
63.0183
61.7016
60.4890
59.3806
58.3762
57.4759
56.6797
55.9876
55.3996
54.8097
54.2180
53.6244
53.0291
52.4318
51.8328
51.2319
50.6291
50.2591
50.1219
50.2174
50.5457
51.1067
51.9005
52.9270
54.1863
57.6114
63.2023
70.9590
80.8814
92.9697
107.2237
123.6435
142.2291
158.5365
172.5657
184.3166
193.7894
200.9839
205.9002
208.5382
208.8981
209.4862
210.3024
211.3469
212.6196
214.1204
215.8495
217.8067
219.9922
221.8841
223.4826
224.7875
225.7988
226.5167
226.9410
227.0718
226.9091
226.7891
226.7119
226.6773
226.6855
226.7364
226.8300
226.9664
227.1455
226.6321
225.4263
223.5280
220.9373
217.6541
213.6785
209.0105
203.6500
198.6018
193.8658
189.4420
185.3305
181.5313
178.0443
174.8695
172.0070
169.3018
166.7538
164.3632
162.1298
160.0537
158.1350
156.3735
154.7692
153.2970
151.9567
150.7485
149.6722
148.7279
147.9156
147.2352
146.6868
146.1078
145.4982
144.8579
144.1870
143.4854
142.7532
141.9903
141.1968
140.2902
139.2703
138.1372
136.8910
135.5315
134.0589
132.4731
130.7741
129.1091
127.4782
125.8813
124.3184
122.7896
121.2947
119.8339
118.4072
116.9460
115.4505
113.9207
112.3565
110.7579
109.1250
107.4576
105.7560
104.1321
102.5860
101.1176
99.7270
98.4142
97.1792
96.0220
94.9425
93.9495
93.0428
92.2226
91.4889
90.8416
90.2807
89.8062
89.4181
88.8788
88.1882
87.3463
86.3531
85.2086
83.9129
82.4658
80.8675
79.4308
78.1557
77.0422
76.0903
75.3001
74.6715
74.2045
73.8991
73.5174
73.0595
72.5252
71.9147
71.2279
70.4649
69.6255
68.7099
67.8382
67.0104
66.2266
65.4867
64.7908
64.1389
63.5308
62.9667
62.2911
61.5038
60.6049
59.5944
58.4723
57.2387
55.8934
54.4365
53.0984
51.8789
50.7782
49.7962
48.9329
48.1884
47.5626
47.0554
47.0378
47.5098
48.4712
49.9221
51.8626
54.2926
57.2121
60.6210
65.1074
70.6711
77.3121
85.0305
93.8263
103.6994
114.6498
126.6776
138.2885
149.4827
160.2600
170.6205
180.5642
190.0911
199.2011
207.8944
215.2840
221.3702
226.1528
229.6318
231.8073
232.6792
232.2476
230.5125
229.0652
227.9057
227.0341
226.4503
226.1544
226.1463
226.4261
226.9937
227.1816
226.9899
226.4185
225.4674
224.1366
222.4261
220.3360
217.8662
215.3566
212.8074
210.2184
207.5897
204.9213
202.2132
199.4654
196.6778
193.6894
190.5002
187.1102
183.5193
179.7276
175.7350
171.5416
167.1474
163.1409
159.5221
156.2910
153.4476
150.9919
148.9240
147.2437
145.9511
144.7964
143.7793
142.9000
142.1585
141.5548
141.0888
140.7605
140.5700
140.2800
139.8905
139.4014
138.8128
138.1247
137.3370
136.4498
135.4631
134.4134
133.3007
132.1251
130.8865
129.5849
128.2204
126.7928
125.3023
123.7353
122.0918
120.3717
118.5752
116.7021
114.7525
112.7264
110.6238
108.4953
106.3409
104.1606
101.9545
99.7225
97.4645
95.1807
92.8711
90.8687
89.1737
87.7860
86.7056
85.9325
85.4667
85.3082
85.4571
85.4814
85.3811
85.1562
84.8068
84.3328
83.7342
83.0110
82.1632
81.3579
80.5951
79.8748
79.1969
78.5615
77.9686
77.4181
76.9102
76.3306
75.6794
74.9567
74.1624
73.2964
72.3589
71.3498
70.2690
69.2538
68.3041
67.4199
66.6011
65.8479
65.1602
64.5379
63.9812
63.3829
62.7430
62.0616
61.3386
60.5740
59.7679
58.9202
58.0309
57.1793
56.3652
55.5887
54.8499
54.1486
53.4849
52.8588
52.2703
51.7276
51.2306
50.7793
50.3738
50.0141
49.7001
49.4318
49.2093
48.9208
48.5664
48.1461
47.6598
47.1075
46.4893
45.8051
45.0550
46.4509
49.9928
55.6807
63.5146
73.4946
85.6205
99.8924
116.3103
131.2308
144.6539
156.5795
167.0077
175.9384
183.3718
189.3077
193.7461
197.8418
201.5948
205.0049
208.0723
210.7969
213.1787
215.2178
216.9140
218.4268
219.7561
220.9019
221.8643
222.6431
223.2384
223.6503
223.8786
223.9491
223.8618
223.6166
223.2136
222.6528
221.9340
221.0575
220.0231
218.8110
217.4212
215.8538
214.1086
212.1857
210.0852
207.8069
205.3510
202.5902
199.5245
196.1539
192.4785
188.4982
184.2130
179.6229
174.7280
170.3235
166.4096
162.9861
160.0530
157.6105
155.6584
154.1968
153.2257
152.3986
151.7154
151.1763
150.7812
150.5301
150.4230
150.4599
150.6408
150.6386
150.4533
150.0848
149.5332
148.7985
147.8807
146.7798
145.4957
144.1884
142.8579
141.5042
140.1272
138.7270
137.3035
135.8569
134.3870
132.9495
131.5444
130.1718
128.8316
127.5239
126.2485
125.0056
123.7951
122.5438
121.2515
119.9183
118.5442
117.1292
115.6733
114.1765
112.6388
111.1490
109.7072
108.3134
106.9675
105.6696
104.4196
103.2176
102.0635
100.9307
99.8193
98.7291
97.6602
96.6127
95.5864
94.5814
93.5977
92.6233
91.6581
90.7021
89.7554
88.8179
87.8897
86.9707
86.0609
85.1786
84.3236
83.4961
82.6960
81.9232
81.1779
80.4600
79.7695
79.0271
78.2327
77.3864
76.4883
75.5382
74.5361
73.4822
72.3763
71.3833
70.5030
69.7356
69.0809
68.5391
68.1101
67.7939
67.5905
67.2658
66.8200
66.2529
65.5647
64.7552
63.8244
62.7725
61.5993
60.5695
59.6831
58.9400
58.3403
57.8839
57.5709
57.4012
57.3749
57.2833
57.1265
56.9044
56.6171
56.2645
55.8466
55.3635
54.8151
54.3492
53.9657
53.6646
53.4460
53.3097
53.2559
53.2845
53.3956
55.2315
58.7922
64.0777
71.0881
79.8234
90.2834
102.4683
116.3781
129.4563
141.7032
153.1185
163.7024
173.4548
182.3758
190.4652
197.7233
204.2219
209.9611
214.9409
219.1614
222.6224
225.3241
227.2663
228.4492
229.4651
230.3140
230.9960
231.5111
231.8592
232.0403
232.0545
231.9017
231.6597
231.3285
230.9080
230.3983
229.7994
229.1113
228.3339
227.4673
226.0396
224.0506
221.5005
218.3893
214.7169
210.4833
205.6885
200.3325
195.3533
190.7506
186.5247
182.6753
179.2027
176.1067
173.3873
171.0446
168.8931
166.9327
165.1635
163.5854
162.1985
161.0027
159.9981
159.1846
158.3671
157.5455
156.7199
155.8902
155.0565
154.2187
153.3769
152.5310
151.6896
150.8528
150.0204
149.1926
148.3693
147.5505
146.7362
145.9264
145.0443
144.0900
143.0634
141.9646
140.7934
139.5500
138.2343
136.8464
135.3673
133.7970
132.1356
130.3830
128.5393
126.6044
124.5783
122.4611
120.4663
118.5939
116.8440
115.2165
113.7114
112.3287
111.0684
109.9306
108.8615
107.8610
106.9293
106.0662
105.2718
104.5461
103.8891
103.3008
102.5721
101.7030
100.6936
99.5438
98.2536
96.8230
95.2521
93.5408
92.0156
90.6766
89.5237
88.5570
87.7764
87.1820
86.7737
86.5516
86.1792
85.6565
84.9836
84.1604
83.1870
82.0632
80.7893
79.3651
78.1227
77.0623
76.1838
75.4871
74.9724
74.6396
74.4887
74.5196
74.4055
74.1463
73.7420
73.1925
72.4980
71.6584
70.6737
69.5439
68.5153
67.5881
66.7620
66.0372
65.4137
64.8915
64.4705
64.1507
63.6824
63.0655
62.3000
61.3860
60.3234
59.1121
57.7524
56.2440
55.2800
54.8604
54.9852
55.6544
56.8679
58.6258
60.9282
63.7749
66.7642
69.8962
73.1709
76.5883
80.1483
83.8510
87.6963
91.6843
96.9383
103.4581
111.2439
120.2957
130.6134
142.1970
155.0465
169.1620
181.3956
191.7473
200.2170
206.8049
211.5109
214.3349
215.2771
214.3373
213.5165
212.8148
212.2320
211.7683
211.4236
211.1978
211.0911
211.1033
211.0113
210.8150
210.5144
210.1095
209.6003
208.9868
208.2690
207.4469
206.0647
204.1224
201.6199
198.5573
194.9346
190.7517
186.0087
180.7056
175.8384
171.4072
167.4120
163.8527
160.7294
158.0420
155.7907
153.9753
152.3113
150.7989
149.4379
148.2284
147.1704
146.2639
145.5089
144.9053
144.3078
143.7162
143.1306
142.5510
141.9774
141.4098
140.8481
140.2925
139.7036
139.0814
138.4259
137.7372
137.0151
136.2598
135.4712
134.6494
133.6436
132.4541
131.0806
129.5233
127.7822
125.8572
123.7483
121.4556
119.3231
117.3508
115.5388
113.8869
112.3953
111.0638
109.8926
108.8816
107.8651
106.8430
105.8153
104.7821
103.7434
102.6991
101.6492
100.5938
99.5174
98.4200
97.3017
96.1624
95.0021
93.8208
92.6186
91.3954
90.2491
89.1796
88.1870
87.2713
86.4324
85.6704
84.9852
84.3769
83.6816
82.8993
82.0299
81.0735
80.0301
78.8996
77.6822
76.3777
75.1568
74.0195
72.9659
71.9958
71.1094
70.3066
69.5874
68.9518
68.3607
67.8141
67.3120
66.8544
66.4413
66.0727
65.7486
65.4690
65.1765
64.8711
64.5528
64.2215
63.8774
63.5203
63.1503
62.7674
62.2493
61.5959
60.8072
59.8833
58.8242
57.6298
56.3002
54.8353
54.6760
55.8222
58.2740
62.0314
67.0943
73.4628
81.1368
90.1165
98.1109
105.1201
111.1441
116.1829
120.2366
123.3050
125.3883
126.4863
128.5207
131.4914
135.3985
140.2419
146.0217
152.7378
160.3902
168.9790
176.9740
184.3753
191.1829
197.3967
203.0168
208.0432
212.4758
216.3147
219.4626
221.9195
223.6854
224.7603
225.1442
224.8371
223.8389
222.1498
220.7717
219.7048
218.9489
218.5041
218.3704
218.5478
219.0363
219.8359
219.8113
218.9626
217.2899
214.7930
211.4719
207.3268
202.3575
196.5641
191.3090
186.5922
182.4136
178.7734
175.6714
173.1077
171.0823
169.5952
167.9900
166.2669
164.4257
162.4665
160.3893
158.1941
155.8808
153.4496
151.3576
149.6048
148.1913
147.1169
146.3819
145.9860
145.9294
146.2120
146.2650
146.0886
145.6825
145.0469
144.1818
143.0871
141.7628
140.2090
138.6782
137.1704
135.6856
134.2238
132.7849
131.3691
129.9763
128.6065
127.1973
125.7488
124.2609
122.7336
121.1671
119.5611
117.9158
116.2312
114.5232
112.7918
111.0371
109.2590
107.4575
105.6326
103.7844
101.9128
100.2676
98.8489
97.6565
96.6905
95.9510
95.4379
95.1511
95.0908
94.8742
94.5013
93.9722
93.2868
92.4451
91.4471
90.2929
88.9824
87.7848
86.7000
85.7282
84.8692
84.1232
83.4900
82.9697
82.5623
82.0040
81.2948
80.4347
79.4238
78.2619
76.9492
75.4855
73.8710
72.4761
71.3009
70.3455
69.6097
69.0936
68.7972
68.7204
68.8634
68.8683
68.7351
68.4639
68.0547
67.5073
66.8219
65.9985
65.0370
64.0893
63.1554
62.2353
61.3289
60.4364
59.5577
58.6928
57.8417
57.0391
56.2851
55.5796
54.9227
54.3144
53.7546
53.2434
52.7807
52.5901
52.6716
53.0251
53.6508
54.5485
55.7182
57.1601
58.8740
61.5741
65.2602
69.9325
75.5909
82.2355
89.8661
98.4829
108.0858
117.7371
127.4366
137.1846
146.9808
156.8254
166.7183
176.6595
186.6491
195.3364
202.7214
208.8041
213.5845
217.0626
219.2384
220.1120
219.6832
219.3897
219.2314
219.2084
219.3206
219.5680
219.9507
220.4686
221.1217
221.6944
222.1865
222.5982
222.9294
223.1801
223.3503
223.4401
223.4493
222.9667
221.9921
220.5256
218.5672
216.1169
213.1747
209.7406
205.8146
201.9611
198.1802
194.4717
190.8358
187.2725
183.7816
180.3633
177.0175
173.8792
170.9485
168.2254
165.7098
163.4017
161.3011
159.4081
157.7227
156.1299
154.6299
153.2225
151.9078
150.6858
149.5565
148.5200
147.5761
146.6831
145.8410
145.0499
144.3097
143.6204
142.9820
142.3946
141.8580
141.1681
140.3246
139.3277
138.1774
136.8736
135.4164
133.8057
132.0415
130.2897
128.5501
126.8229
125.1079
123.4053
121.7149
120.0369
118.3711
116.7196
115.0824
113.4594
111.8507
110.2563
108.6761
107.1102
105.5586
104.0714
102.6488
101.2907
99.9971
98.7681
97.6035
96.5035
95.4679
94.3813
93.2437
92.0550
90.8152
89.5243
88.1824
86.7894
85.3454
84.0708
82.9656
82.0299
81.2637
80.6669
80.2395
79.9816
79.8931
79.7195
79.4608
79.1169
78.6879
78.1737
77.5745
76.8900
76.1205
75.3661
74.6270
73.9031
73.1944
72.5009
71.8226
71.1595
70.5117
69.8308
69.1170
68.3701
67.5903
66.7774
65.9315
65.0526
64.1408
63.2316
62.3251
61.4213
60.5203
59.6219
58.7262
57.8333
56.9430
55.9859
54.9619
53.8711
52.7135
51.4890
50.1977
48.8395
47.4145
46.7231
46.7653
47.5412
49.0506
51.2937
54.2704
57.9808
62.4247
67.9595
74.5851
82.3015
91.1087
101.0067
111.9956
124.0753
137.2458
149.1630
159.8271
169.2379
177.3955
184.2998
189.9510
194.3489
197.4936
200.2872
202.7297
204.8211
206.5614
207.9505
208.9886
209.6756
210.0114
210.4100
210.8714
211.3955
211.9824
212.6320
213.3444
214.1195
214.9574
214.8374
213.7597
211.7241
208.7308
204.7796
199.8706
194.0038
187.1792
181.5627
177.1545
173.9543
171.9624
171.1786
171.6030
173.2356
176.0763
177.9184
178.7617
178.6064
177.4524
175.2997
172.1484
167.9983
162.8496
158.3595
154.5279
151.3548
148.8404
146.9845
145.7871
145.2483
145.3681
145.3326
145.1420
144.7961
144.2951
143.6388
142.8273
141.8606
140.7388
139.4219
137.9101
136.2034
134.3016
132.2050
129.9133
127.4267
124.7452
122.5365
120.8006
119.5377
118.7476
118.4304
118.5861
119.2146
120.3160
120.9747
121.1907
120.9640
120.2946
119.1825
117.6278
115.6303
113.1901
110.8728
108.6783
106.6067
104.6579
102.8320
101.1289
99.5487
98.0913
96.8838
95.9260
95.2181
94.7600
94.5518
94.5933
94.8847
95.4259
95.7139
95.7487
95.5303
95.0588
94.3341
93.3562
92.1251
90.6408
89.2690
88.0095
86.8624
85.8278
84.9055
84.0956
83.3981
82.8131
82.1249
81.3337
80.4394
79.4420
78.3415
77.1380
75.8314
74.4217
73.1836
72.1171
71.2222
70.4989
69.9471
69.5670
69.3584
69.3214
69.0586
68.5699
67.8553
66.9148
65.7484
64.3561
62.7380
60.8940
59.1677
57.5592
56.0684
54.6954
53.4401
52.3025
51.2826
50.3806
49.7308
49.3333
49.1881
49.2953
50.4052
52.5177
55.6330
59.7510
63.3759
66.5078
69.1466
71.2923
91.7048
130.3842
155.9669
168.4529
180.3406
191.6299
202.3209
212.4135
218.1557
219.5477
216.5892
209.2805
203.5270
199.3287
196.6858
195.5981
195.9891
197.8588
201.2072
206.0343
210.0431
213.2334
215.6055
217.1591
217.8944
217.8113
216.9099
215.1901
213.3409
211.3624
209.2545
207.0172
204.6506
202.1546
199.5292
196.7745
194.6754
193.2319
192.4441
192.3119
192.8353
194.0144
195.8492
198.3395
199.5915
199.6049
198.3800
195.9166
192.2148
187.2746
181.0960
173.6789
167.1673
161.5612
156.8606
153.0655
150.1759
148.1918
147.1132
146.9401
146.8416
146.8177
146.8683
146.9936
147.1934
147.4678
147.8167
148.2403
148.1277
147.4789
146.2939
144.5727
142.3153
139.5218
136.1921
132.3261
129.1096
126.5423
124.6244
123.3558
122.7365
122.7666
123.4459
124.7747
125.7784
126.4573
126.8112
126.8401
126.5441
125.9232
124.9774
123.7066
122.4794
121.2957
120.1555
119.0589
118.0059
116.9964
116.0304
115.1080
114.0142
112.7489
111.3121
109.7038
107.9241
105.9730
103.8504
101.5563
99.5466
97.8213
96.3804
95.2238
94.3516
93.7638
93.4603
93.4412
93.3180
93.0906
92.7591
92.3235
91.7837
91.1398
90.3917
89.5395
88.7818
88.1186
87.5499
87.0757
86.6960
86.4108
86.2201
86.1239
85.9526
85.7063
85.3849
84.9885
84.5170
83.9705
83.3488
82.6522
81.8760
81.0203
80.0851
79.0703
77.9760
76.8023
75.5490
74.2161
73.0010
71.9035
70.9236
70.0614
69.3169
68.6900
68.1808
67.7892
67.3376
66.8258
66.2540
65.6221
64.9300
64.1779
63.3657
62.4934
61.8273
61.3673
61.1134
61.0657
61.2241
61.5887
62.1594
62.9363
65.0780
68.5844
73.4557
79.6918
88.6785
100.4160
114.9041
132.1429
146.2561
157.2435
165.1053
169.8414
174.6497
179.5302
184.4830
189.5079
193.9159
197.7069
200.8808
203.4378
205.3778
206.7008
207.4068
207.4958
207.3714
207.0336
206.4824
205.7179
204.7400
203.5486
202.1439
200.5258
199.0096
197.5953
196.2828
195.0723
193.9636
192.9568
192.0519
191.2489
189.8200
187.7652
185.0845
181.7778
177.8453
173.2868
168.1025
162.2922
157.3494
153.2740
150.0660
147.7255
146.2524
145.6467
145.9085
147.0377
147.8463
148.3341
148.5013
148.3478
147.8736
147.0788
145.9633
144.5271
143.1935
141.9625
140.8341
139.8083
138.8850
138.0643
137.3463
136.7308
136.1493
135.6017
135.0882
134.6086
134.1629
133.7513
133.3736
133.0299
132.4731
131.7033
130.7204
129.5244
128.1154
126.4932
124.6581
122.6098
120.6354
118.7348
116.9081
115.1553
113.4763
111.8711
110.3398
108.8824
107.5212
106.2563
105.0876
104.0152
103.0391
102.1593
101.3757
100.6884
99.9748
99.2350
98.4689
97.6764
96.8578
96.0128
95.1415
94.2440
93.3741
92.5318
91.7171
90.9299
90.1704
89.4385
88.7342
88.0575
87.3762
86.6903
85.9999
85.3048
84.6052
83.9011
83.1923
82.4790
81.8023
81.1623
80.5589
79.9922
79.4622
78.9688
78.5121
78.0920
77.5597
76.9150
76.1580
75.2887
74.3071
73.2132
72.0069
70.6884
69.4115
68.1763
66.9828
65.8309
64.7206
63.6520
62.6251
61.6398
60.7110
59.8387
59.0228
58.2634
57.5605
56.9141
56.3241
55.7906
55.6683
55.9573
56.6575
57.7690
59.2917
61.2257
63.5709
66.3274
70.2912
75.4624
81.8410
89.4269
98.2202
108.2209
119.4289
131.8443
143.0917
153.1712
162.0827
169.8263
176.4019
181.8095
186.0492
189.1209
191.9700
194.5965
197.0003
199.1815
201.1401
202.8760
204.3894
205.6800
206.6305
207.2407
207.5107
207.4405
207.0300
206.2793
205.1884
203.7572
202.4907
201.3888
200.4515
199.6789
199.0710
198.6277
198.3490
198.2350
197.4913
196.1179
194.1148
191.4821
188.2197
184.3276
179.8059
174.6545
169.9704
165.7536
162.0042
158.7222
155.9074
153.5600
151.6799
150.2672
148.9582
147.7531
146.6517
145.6542
144.7604
143.9704
143.2843
142.7019
142.1633
141.6686
141.2176
140.8105
140.4472
140.1277
139.8521
139.6202
139.2578
138.7650
138.1417
137.3878
136.5035
135.4887
134.3434
133.0675
131.7574
130.4129
129.0340
127.6208
126.1732
124.6913
123.1750
121.6244
120.1052
118.6173
117.1608
115.7358
114.3420
112.9797
111.6487
110.3492
109.0883
107.8661
106.6826
105.5378
104.4316
103.3642
102.3354
101.3454
100.3539
99.3610
98.3666
97.3708
96.3737
95.3750
94.3750
93.3735
92.4349
91.5589
90.7458
89.9954
89.3078
88.6830
88.1209
87.6216
87.0655
86.4526
85.7830
85.0565
84.2733
83.4333
82.5365
81.5829
80.6601
79.7680
78.9068
78.0763
77.2766
76.5076
75.7695
75.0621
74.3523
73.6400
72.9253
72.2082
71.4886
70.7666
70.0422
69.3154
68.6431
68.0254
67.4622
66.9536
66.4996
66.1001
65.7552
65.4649
64.9758
64.2878
63.4011
62.3156
61.0314
59.5483
57.8664
55.9858
55.1286
55.2948
56.4845
58.6976
61.9341
66.1942
71.4776
77.7845
84.6838
92.1756
100.2597
108.9363
118.2163
128.0996
138.5863
149.6764
159.9075
169.2797
177.7929
185.4471
192.2423
198.1786
203.2559
207.4742
211.2033
214.4431
217.1937
219.4550
221.2271
222.5098
223.3034
223.6077
223.8683
224.0852
224.2585
224.3881
224.4741
224.5164
224.5151
224.4701
224.0617
223.2899
222.1546
220.6560
218.7940
216.5686
213.9798
211.0276
208.2323
205.5937
203.1120
200.7872
198.6191
196.6079
194.7535
193.0560
191.1161
188.9338
186.5092
183.8421
180.9327
177.7810
174.3868
170.7503
167.4256
164.4126
161.7115
159.3221
157.2445
155.4787
154.0246
152.8823
151.8558
150.9450
150.1500
149.4707
148.9071
148.4593
148.1273
147.9109
147.5849
147.1493
146.6039
145.9489
145.1842
144.3098
143.3257
142.2320
141.1060
139.9478
138.7574
137.5347
136.2797
134.9925
133.6730
132.3213
130.8635
129.2996
127.6295
125.8533
123.9710
121.9826
119.8881
117.6874
115.7285
114.0113
112.5358
111.3021
110.3101
109.5599
109.0514
108.7846
108.3300
107.6874
106.8570
105.8388
104.6326
103.2386
101.6567
99.8869
98.3022
96.9024
95.6876
94.6579
93.8131
93.1534
92.6786
92.3889
91.9854
91.4683
90.8375
90.0930
89.2348
88.2629
87.1774
85.9781
84.8862
83.9015
83.0241
82.2540
81.5911
81.0356
80.5873
80.2463
79.7864
79.2078
78.5104
77.6942
76.7592
75.7054
74.5327
73.2413
72.1280
71.1929
70.4359
69.8571
69.4565
69.2340
69.1896
69.3234
69.1551
68.6848
67.9123
66.8378
65.4611
63.7824
61.8016
59.5187
59.5124
61.7828
66.3297
73.1533
82.2535
93.6304
107.2838
123.2139
136.5296
147.2309
155.3179
160.7906
163.6488
163.8927
161.5223
156.5374
152.3368
148.9202
146.2879
144.4396
143.3755
143.0956
143.5997
144.8881
145.9984
146.9307
147.6850
148.2613
148.6596
148.8799
148.9222
148.7864
148.6658
148.5603
148.4700
148.3948
148.3347
148.2898
148.2600
148.2454
148.2320
148.2200
148.2093
148.2000
148.1919
148.1852
148.1798
148.1757
148.1716
148.1675
148.1634
148.1592
148.1551
148.1510
148.1468
148.1426
148.1423
148.1459
148.1532
148.1645
148.1796
148.1985
148.2213
148.2479
148.2634
148.2676
148.2607
148.2427
148.2135
148.1730
148.1215
148.0587
147.9197
147.7044
147.4128
147.0449
146.6008
146.0803
145.4836
144.8107
144.0994
143.3498
142.5618
141.7356
140.8711
139.9682
139.0271
138.0476
136.9494
135.7323
134.3964
132.9416
131.3681
129.6758
127.8646
125.9346
124.1111
122.3941
120.7836
119.2796
117.8821
116.5911
115.4066
114.3285
113.2821
112.2672
111.2840
110.3324
109.4123
108.5239
107.6670
106.8418
105.9645
105.0352
104.0538
103.0204
101.9350
100.7975
99.6080
98.3664
97.1696
96.0175
94.9100
93.8473
92.8293
91.8560
90.9275
90.0436
89.2114
88.4309
87.7021
87.0250
86.3995
85.8257
85.3035
84.8331
84.2654
83.6004
82.8383
81.9788
81.0222
79.9683
78.8171
77.5688
76.4960
75.5988
74.8772
74.3312
73.9608
73.7661
73.7469
73.9033
73.9104
73.7681
73.4765
73.0355
72.4452
71.7055
70.8165
69.7781
68.7418
67.7074
66.6752
65.6449
64.6167
63.5905
62.5663
61.5442
60.5039
59.4457
58.3693
57.2749
56.1624
55.0319
53.8833
52.7166
52.8192
54.1910
56.8320
60.7423
65.9219
72.3707
80.0887
89.0760
98.1707
107.3729
116.6826
126.0998
135.6244
145.2565
154.9960
164.8431
173.7989
181.8635
189.0368
195.3190
200.7099
205.2097
208.8182
211.5355
213.8303
215.7026
217.1524
218.1798
218.7846
218.9670
218.7269
218.0642
217.4409
216.8568
216.3119
215.8064
215.3400
214.9130
214.5252
214.1767
213.6675
212.9978
212.1675
211.1766
210.0250
208.7129
207.2402
205.6069
203.6257
201.2965
198.6194
195.5943
192.2213
188.5004
184.4315
180.0147
175.9540
172.2493
168.9007
165.9082
163.2718
160.9914
159.0672
157.4989
156.0519
154.7261
153.5215
152.4381
151.4758
150.6348
149.9149
149.3163
148.6777
147.9993
147.2809
146.5226
145.7245
144.8864
144.0084
143.0905
142.1314
141.1312
140.0897
139.0072
137.8834
136.7185
135.5124
134.2651
132.9711
131.6303
130.2427
128.8084
127.3273
125.7995
124.2248
122.6035
121.0147
119.4585
117.9349
116.4440
114.9856
113.5598
112.1667
110.8061
109.4609
108.1309
106.8161
105.5167
104.2326
102.9637
101.7101
100.4718
99.2968
98.1851
97.1368
96.1518
95.2301
94.3717
93.5767
92.8450
92.0364
91.1509
90.1886
89.1494
88.0333
86.8404
85.5705
84.2239
83.0159
81.9467
81.0161
80.2244
79.5713
79.0569
78.6813
78.4444
78.1939
77.9298
77.6522
77.3611
77.0563
76.7380
76.4062
76.0608
75.6742
75.2465
74.7777
74.2678
73.7168
73.1246
72.4913
71.8169
71.1068
70.3611
69.5796
68.7625
67.9098
67.0213
66.0972
65.1374
64.2715
63.4993
62.8209
62.2364
61.7457
61.3488
61.0456
60.8363
60.6324
60.4337
60.2403
60.0522
59.8694
59.6920
59.5198
59.3530
60.8454
63.9970
68.8080
75.2782
83.4076
93.1963
104.6443
117.7516
129.9681
141.2938
151.7289
161.2732
169.9268
177.6897
184.5618
190.5432
195.8797
200.5712
204.6178
208.0195
210.7763
212.8881
214.3550
215.1769
215.7734
216.1445
216.2901
216.2103
215.9051
215.3744
214.6183
213.6367
212.6042
211.5206
210.3861
209.2006
207.9641
206.6767
205.3382
203.9488
202.4310
200.7850
199.0107
197.1080
195.0771
192.9179
190.6304
188.2146
185.7384
183.2017
180.6047
177.9472
175.2293
172.4509
169.6122
166.7130
163.9951
161.4585
159.1031
156.9291
154.9363
153.1248
151.4945
150.0456
148.8253
147.8338
147.0709
146.5367
146.2312
146.1545
146.3064
146.6870
146.7557
146.5125
145.9573
145.0903
143.9114
142.4205
140.6178
138.5031
136.6770
135.1395
133.8905
132.9300
132.2581
131.8747
131.7799
131.9736
131.8739
131.4808
130.7943
129.8143
128.5410
126.9742
125.1140
122.9604
121.0062
119.2514
117.6960
116.3401
115.1835
114.2263
113.4685
112.9102
112.2177
111.3911
110.4305
109.3357
108.1068
106.7438
105.2467
103.6155
102.1079
100.7240
99.4637
98.3271
97.3141
96.4248
95.6591
95.0170
94.3256
93.5849
92.7949
91.9555
91.0668
90.1287
89.1413
88.1046
87.1069
86.1484
85.2290
84.3487
83.5075
82.7054
81.9424
81.2185
80.5241
79.8590
79.2233
78.6170
78.0401
77.4926
76.9745
76.4858
75.7774
74.8492
73.7013
72.3337
70.7464
68.9393
66.9125
64.6660
62.4901
60.3847
58.3499
56.3856
54.4919
52.6688
50.9163
49.2343
48.5024
48.7205
49.8888
52.0071
55.0756
59.0941
64.0626
69.9813
76.1787
82.6547
89.4095
96.4430
103.7551
111.3460
119.2156
127.3639
135.2318
142.8194
150.1266
157.1534
163.8999
170.3660
176.5518
182.4572
187.5579
191.8538
195.3450
198.0315
199.9132
200.9902
201.2625
200.7300
200.2867
199.9327
199.6678
199.4922
199.4058
199.4086
199.5007
199.6819
199.5874
199.2172
198.5713
197.6496
196.4522
194.9791
193.2302
191.2056
188.9981
186.6077
184.0344
181.2783
178.3392
175.2173
171.9124
168.4247
165.1971
162.2295
159.5220
157.0746
154.8873
152.9600
151.2928
149.8856
148.5948
147.4204
146.3623
145.4205
144.5951
143.8861
143.2934
142.8170
142.3156
141.7893
141.2380
140.6617
140.0604
139.4342
138.7829
138.1067
137.3843
136.6155
135.8005
134.9392
134.0316
133.0777
132.0776
131.0312
129.6906
128.0560
126.1273
123.9045
121.3875
118.5765
115.4714
112.0721
109.1775
106.7876
104.9023
103.5216
102.6456
102.2743
102.4076
103.0455
103.4035
103.4816
103.2798
102.7981
102.0364
100.9948
99.6733
98.0719
96.5050
94.9728
93.4751
92.0120
90.5835
89.1896
87.8303
86.5056
85.2595
84.0921
83.0033
81.9931
81.0616
80.2088
79.4345
78.7390
78.0492
77.3652
76.6870
76.0146
75.3480
74.6871
74.0320
73.3828
72.7631
72.1731
71.6127
71.0819
70.5807
70.1092
69.6673
69.2551
68.7618
68.1874
67.5321
66.7957
65.9782
65.0797
64.1002
63.0397
62.0634
61.1714
60.3637
59.6403
59.0012
58.4464
57.9758
57.5896
57.0624
56.3944
55.5855
54.6357
53.5450
52.3134
50.9409
49.4276
49.3878
50.8216
53.7291
58.1101
63.9647
71.2930
80.0948
90.3703
100.7778
111.3173
121.9890
132.7927
143.7284
154.7963
165.9961
177.3281
187.1162
195.3604
202.0607
207.2172
210.8298
212.8985
213.4234
212.4044
211.6171
211.0615
210.7376
210.6455
210.7850
211.1562
211.7592
212.5938
213.3351
213.9831
214.5377
214.9989
215.3668
215.6414
215.8226
215.9104
215.3872
214.2530
212.5077
210.1514
207.1841
203.6057
199.4162
194.6158
190.2190
186.2260
182.6367
179.4511
176.6692
174.2910
172.3165
170.7458
169.0770
167.3100
165.4450
163.4819
161.4206
159.2613
157.0039
154.6484
152.5205
150.6202
148.9475
147.5024
146.2849
145.2950
144.5327
143.9981
143.5202
143.0990
142.7345
142.4268
142.1758
141.9815
141.8440
141.7632
141.4917
141.0296
140.3767
139.5332
138.4990
137.2741
135.8585
134.2523
132.6799
131.1414
129.6367
128.1660
126.7291
125.3261
123.9569
122.6217
121.2930
119.9710
118.6557
117.3469
116.0448
114.7494
113.4605
112.1784
110.8625
109.5129
108.1296
106.7126
105.2619
103.7775
102.2594
100.7076
99.2766
97.9664
96.7770
95.7084
94.7607
93.9337
93.2275
92.6422
91.9614
91.1852
90.3137
89.3467
88.2843
87.1265
85.8732
84.5246
83.2755
82.1259
81.0757
80.1251
79.2740
78.5224
77.8703
77.3177
76.7185
76.0727
75.3803
74.6413
73.8557
73.0235
72.1447
71.2194
70.2783
69.3217
68.3494
67.3615
66.3580
65.3388
64.3040
63.2536
62.2721
61.3595
60.5157
59.7409
59.0350
58.3980
57.8299
57.3307
56.7426
56.0656
55.2997
54.4450
53.5014
52.4689
51.3475
50.1372
50.6069
52.7566
56.5863
62.0960
69.2857
78.1554
88.7051
100.9347
112.3079
122.8246
132.4849
141.2887
149.2359
156.3268
162.5611
167.9390
172.9532
177.6038
181.8908
185.8142
189.3740
192.5701
195.4027
197.8716
200.0646
201.9818
203.6231
204.9886
206.0782
206.8919
207.4298
207.6918
207.8752
207.9799
208.0059
207.9533
207.8219
207.6119
207.3233
206.9559
206.4986
205.9511
205.3137
204.5861
203.7686
202.8610
201.8633
200.7756
199.0830
196.7853
193.8826
190.3749
186.2623
181.5446
176.2220
170.2943
165.0910
160.6119
156.8570
153.8265
151.5202
149.9381
149.0804
148.9469
148.7934
148.6198
148.4262
148.2126
147.9790
147.7254
147.4517
147.1580
146.7085
146.1033
145.3423
144.4256
143.3531
142.1248
140.7408
139.2010
137.7467
136.3780
135.0949
133.8973
132.7853
131.7588
130.8179
129.9626
128.9887
127.8965
126.6858
125.3566
123.9090
122.3429
120.6583
118.8554
117.1380
115.5063
113.9603
112.5000
111.1252
109.8362
108.6328
107.5150
106.3079
105.0114
103.6255
102.1503
100.5856
98.9316
97.1882
95.3554
93.7195
92.2803
91.0379
89.9924
89.1436
88.4917
88.0365
87.7782
87.4116
86.9367
86.3536
85.6622
84.8625
83.9545
82.9383
81.8138
80.7844
79.8501
79.0108
78.2667
77.6177
77.0637
76.6048
76.2411
75.8024
75.2890
74.7007
74.0376
73.2997
72.4869
71.5993
70.6369
69.7245
68.8622
68.0499
67.2876
66.5753
65.9131
65.3010
64.7389
64.0389
63.2011
62.2254
61.1118
59.8604
58.4712
56.9441
55.2791
53.9322
52.9034
52.1926
51.7998
51.7251
51.9684
52.5298
53.4093
55.5417
58.9272
63.5657
69.4572
76.6017
84.9992
94.6497
105.5532
116.1343
126.3930
136.3292
145.9430
155.2344
164.2033
172.8498
181.1739
188.4533
194.6879
199.8778
204.0229
207.1234
209.1791
210.1901
210.1564
210.1684
210.2262
210.3298
210.4792
210.6743
210.9153
211.2019
211.5344
211.7908
211.9711
212.0754
212.1036
212.0557
211.9318
211.7318
211.4558
210.8602
209.9451
208.7106
207.1565
205.2829
203.0898
200.5772
197.7451
194.7231
191.5113
188.1096
184.5180
180.7366
176.7653
172.6042
168.2532
164.3655
160.9410
157.9798
155.4819
153.4472
151.8758
150.7677
150.1228
149.4726
148.8171
148.1562
147.4901
146.8186
146.1418
145.4596
144.7721
144.1440
143.5751
143.0655
142.6152
142.2242
141.8925
141.6201
141.4070
140.9932
140.3789
139.5640
138.5484
137.3323
135.9156
134.2982
132.4803
130.7558
129.1248
127.5872
126.1430
124.7923
123.5351
122.3713
121.3009
120.1686
118.9744
117.7183
116.4002
115.0203
113.5784
112.0746
110.5088
109.0032
107.5576
106.1721
104.8467
103.5814
102.3761
101.2309
100.1458
99.0564
97.9625
96.8643
95.7616
94.6546
93.5433
92.4275
91.3073
90.2664
89.3048
88.4224
87.6192
86.8953
86.2506
85.6852
85.1991
84.7385
84.3035
83.8941
83.5102
83.1520
82.8193
82.5122
82.2307
81.8805
81.4617
80.9742
80.4181
79.7933
79.0998
78.3377
77.5069
76.7292
76.0046
75.3331
74.7148
74.1495
73.6374
73.1784
72.7725
72.1553
71.3270
70.2875
69.0368
67.5748
65.9017
64.0174
61.9218
60.4901
59.7221
59.6180
60.1776
61.4010
63.2883
65.8393
69.0541
72.4458
76.0145
79.7600
83.6824
87.7817
92.0579
96.5110
101.1410
108.8626
119.6758
133.5806
150.5769
164.7135
175.9903
184.4073
189.9646
193.5964
195.3029
195.0840
192.9398
188.8159
182.7125
174.6295
164.5670
156.1209
149.2911
144.0777
140.4807
138.5002
138.1360
139.3882
142.2567
144.6611
146.6013
148.0772
149.0889
149.6363
149.7196
149.3386
148.4934
147.7715
147.1727
146.6972
146.3449
146.1158
146.0100
146.0273
146.1679
146.2924
146.4008
146.4931
146.5692
146.6293
146.6732
146.7011
146.7128
146.7255
146.7393
146.7540
146.7697
146.7864
146.8041
146.8228
146.8425
146.8916
146.9701
147.0779
147.2151
147.3817
147.5777
147.8031
148.0579
148.1277
148.0126
147.7125
147.2275
146.5576
145.7027
144.6629
143.4382
142.0013
140.3522
138.4910
136.4177
134.1322
131.6345
128.9247
126.0027
123.6360
121.8246
120.5685
119.8677
119.7222
120.1320
121.0970
122.6174
123.5499
123.8945
123.6513
122.8202
121.4013
119.3945
116.7998
113.6173
110.8308
108.4403
106.4458
104.8474
103.6449
102.8384
102.4279
102.4135
102.3285
102.1729
101.9467
101.6499
101.2826
100.8447
100.3362
99.7572
99.0329
98.1633
97.1484
95.9882
94.6828
93.2321
91.6361
89.8948
88.4477
87.2946
86.4358
85.8710
85.6004
85.6239
85.9415
86.5532
86.8445
86.8153
86.4657
85.7956
84.8051
83.4941
81.8626
79.9107
77.8241
75.6029
73.2470
70.7565
68.1314
65.3716
62.4771
59.4480
58.4479
59.4768
62.5347
67.6215
74.7373
83.8822
95.0560
108.2588
119.6780
129.3137
137.1658
143.2344
147.5194
150.0209
150.7388
149.6732
148.4610
147.1024
145.5972
143.9456
142.1474
140.2028
138.1116
135.8739
135.3419
136.5155
139.3947
143.9796
150.2701
158.2662
167.9680
179.3754
189.0967
197.1321
203.4814
208.1447
211.1220
212.4133
212.0185
209.9377
208.2685
207.0108
206.1647
205.7301
205.7071
206.0957
206.8958
208.1074
208.7267
208.7536
208.1881
207.0302
205.2800
202.9373
200.0023
196.4749
193.1028
189.8860
186.8245
183.9184
181.1675
178.5719
176.1316
173.8466
171.6128
169.4301
167.2985
165.2181
163.1887
161.2106
159.2835
157.4076
155.5493
153.7086
151.8855
150.0801
148.2922
146.5220
144.7694
143.0344
141.6195
140.5249
139.7503
139.2959
139.1616
139.3475
139.8536
140.6797
141.0980
141.1084
140.7109
139.9055
138.6922
137.0710
135.0419
132.6049
130.3332
128.2269
126.2860
124.5104
122.9001
121.4552
120.1757
119.0615
117.9870
116.9523
115.9573
115.0021
114.0866
113.2109
112.3749
111.5787
110.7690
109.9458
109.1091
108.2589
107.3953
106.5182
105.6275
104.7235
103.7962
102.8457
101.8720
100.8751
99.8550
98.8118
97.7453
96.6556
95.5337
94.3796
93.1933
91.9748
90.7240
89.4410
88.1259
86.7785
85.4836
84.2413
83.0515
81.9143
80.8296
79.7975
78.8179
77.8908
77.0816
76.3902
75.8166
75.3608
75.0229
74.8028
74.7005
74.7160
74.6283
74.4372
74.1429
73.7453
73.2444
72.6403
71.9328
71.1221
70.1964
69.1559
68.0005
66.7301
65.3449
63.8448
62.2298
60.4998
58.9081
57.4545
56.1390
54.9617
53.9226
53.0216
52.2588
51.6342
51.3962
51.5448
52.0800
53.0019
54.3104
56.0055
58.0873
60.5556
64.5131
69.9595
76.8950
85.3196
95.2331
106.6358
119.5274
133.9081
146.7442
158.0356
167.7824
175.9845
182.6420
187.7549
191.3231
193.3467
195.2290
196.9698
198.5692
200.0273
201.3440
202.5193
203.5532
204.4458
205.2229
205.8847
206.4310
206.8620
207.1777
207.3779
207.4627
207.4322
207.2663
206.9650
206.5283
205.9562
205.2488
204.4059
203.4277
202.3141
200.8683
199.0902
196.9798
194.5372
191.7624
188.6553
185.2159
181.4443
177.7631
174.1723
170.6719
167.2619
163.9423
160.7131
157.5743
154.5259
151.7936
149.3774
147.2774
145.4934
144.0256
142.8738
142.0382
141.5187
140.9895
140.4506
139.9019
139.3436
138.7755
138.1977
137.6101
137.0129
136.3195
135.5299
134.6441
133.6621
132.5839
131.4095
130.1389
128.7722
127.4992
126.3200
125.2346
124.2430
123.3451
122.5410
121.8308
121.2143
120.4149
119.4327
118.2677
116.9198
115.3891
113.6755
111.7791
109.6998
107.8455
106.2161
104.8117
103.6323
102.6778
101.9483
101.4437
101.1641
100.7154
100.0974
99.3102
98.3539
97.2284
95.9337
94.4699
92.8368
91.3444
89.9926
88.7813
87.7107
86.7806
85.9912
85.3423
84.8341
84.2930
83.7191
83.1123
82.4727
81.8003
81.0950
80.3569
79.5860
78.8638
78.1903
77.5657
76.9898
76.4627
75.9843
75.5547
75.1739
74.6802
74.0737
73.3543
72.5221
71.5770
70.5191
69.3483
68.0647
66.9146
65.8981
65.0151
64.2656
63.6497
63.1673
62.8184
62.6031
62.1866
61.5688
60.7498
59.7297
58.5083
57.0856
55.4618
53.6368
52.5116
52.0862
52.3606
53.3348
55.0089
57.3828
60.4565
64.2300
68.9089
74.4930
80.9825
88.3773
96.6774
105.8828
115.9936
127.0097
137.2562
146.7334
155.4410
163.3792
170.5478
176.9471
182.5768
187.4370
191.7887
195.6318
198.9663
201.7922
204.1095
205.9183
207.2184
208.0100
208.7004
209.2896
209.7777
210.1647
210.4505
210.6351
210.7186
210.7009
210.7000
210.7158
210.7483
210.7976
210.8637
210.9465
211.0460
211.1623
210.8326
210.0571
208.8356
207.1682
205.0549
202.4957
199.4905
196.0395
192.5689
189.0789
185.5693
182.0402
178.4915
174.9234
171.3357
167.7285
164.3775
161.2825
158.4436
155.8609
153.5342
151.4637
149.6493
148.0909
146.7314
145.5705
144.6084
143.8451
143.2805
142.9146
142.7475
142.7791
142.6763
142.4389
142.0671
141.5608
140.9200
140.1447
139.2349
138.1906
137.1571
136.1343
135.1224
134.1212
133.1308
132.1511
131.1822
130.2241
129.0963
127.7986
126.3313
124.6941
122.8872
120.9106
118.7642
116.4480
114.3224
112.3872
110.6424
109.0882
107.7244
106.5512
105.5684
104.7760
103.9418
103.0658
102.1478
101.1880
100.1862
99.1427
98.0572
96.9298
95.7292
94.4553
93.1081
91.6877
90.1939
88.6269
86.9866
85.2730
83.8004
82.5688
81.5783
80.8288
80.3203
80.0528
80.0263
80.2409
80.2693
80.1116
79.7678
79.2379
78.5218
77.6195
76.5312
75.2567
74.0714
72.9751
71.9679
71.0498
70.2208
69.4809
68.8301
68.2684
67.7122
67.1615
66.6163
66.0766
65.5424
65.0137
64.4904
63.9727
63.3864
62.7314
62.0077
61.2154
60.3545
59.4249
58.4267
57.3598
56.3066
55.2670
54.2410
53.2287
52.2300
51.2450
50.2736
49.3159
49.4271
50.6075
52.8569
56.1753
60.5627
66.0192
72.5447
80.1393
88.2160
96.7748
105.8156
115.3386
125.0256
134.8765
144.8914
155.0704
164.3986
172.8761
180.5029
187.2790
193.2044
198.2791
202.5031
205.8764
208.8383
211.3887
213.5278
215.2554
216.5717
217.4765
217.9699
218.0519
218.1408
218.2366
218.3394
218.4491
218.5656
218.6892
218.8196
218.9569
219.0302
219.0393
218.9843
218.8652
218.6819
218.4346
218.1231
217.7476
216.6859
214.9382
212.5045
209.3846
205.5788
201.0868
195.9088
190.0447
184.7272
179.9563
175.7319
172.0540
168.9227
166.3380
164.2998
162.8082
161.3282
159.8599
158.4033
156.9584
155.5252
154.1036
152.6938
151.2956
149.8765
148.4365
146.9756
145.4938
143.9910
142.4674
140.9229
139.3574
138.0013
136.8545
135.9170
135.1889
134.6700
134.3605
134.2603
134.3694
133.9801
133.0923
131.7060
129.8213
127.4381
124.5564
121.1763
117.2977
114.0407
111.4054
109.3917
107.9996
107.2291
107.0803
107.5530
108.6474
109.3839
109.7623
109.7827
109.4451
108.7495
107.6959
106.2844
104.5148
102.8424
101.2673
99.7893
98.4086
97.1251
95.9388
94.8497
93.8578
92.8610
91.8592
90.8524
89.8407
88.8241
87.8025
86.7760
85.7445
84.6947
83.6266
82.5403
81.4356
80.3127
79.1715
78.0120
76.8343
75.6888
74.5757
73.4948
72.4463
71.4300
70.4461
69.4945
68.5752
67.6324
66.6661
65.6764
64.6632
63.6266
62.5665
61.4829
60.3758
59.3239
58.3272
57.3857
56.4994
55.6682
54.8923
54.1715
53.5059
52.8010
52.0567
51.2731
50.4501
49.5878
48.6861
47.7451
46.7648
45.9236
45.2215
44.6585
44.2346
43.9498
43.8042
43.7976
43.9302
43.9029
43.7156
43.3684
42.8612
42.1941
41.3671
40.3801
39.2332
40.3435
43.7110
49.3357
57.2175
67.3566
79.7529
94.4064
111.3170
126.5259
140.0331
151.8385
161.9421
170.3439
177.0440
182.0423
185.3388
188.4477
191.3689
194.1025
196.6485
199.0067
201.1774
203.1604
204.9557
206.5770
208.0244
209.2978
210.3973
211.3227
212.0742
212.6518
213.0553
213.3265
213.4652
213.4715
213.3453
213.0868
212.6958
212.1724
211.5166
210.4845
209.0761
207.2914
205.1305
202.5932
199.6796
196.3898
192.7236
188.9152
184.9644
180.8714
176.6360
172.2583
167.7383
163.0761
158.2715
154.0032
150.2711
147.0754
144.4159
142.2927
140.7058
139.6552
139.1408
138.6618
138.2180
