100.3923
100.0962
99.6788
99.1400
98.4798
97.6983
97.0578
96.5585
96.2002
95.9830
95.9070
95.9720
96.1781
96.5253
96.8202
97.0630
97.2535
97.3917
97.4778
97.5116
97.4931
97.4225
97.2900
97.0958
96.8397
96.5219
96.1423
95.7008
95.1976
94.6326
94.1454
93.7360
93.4043
93.1505
92.9744
92.8761
92.8556
92.9129
92.8241
92.5893
92.2083
91.6813
91.0082
90.1891
89.2238
88.1125
87.1654
86.3824
85.7635
85.3088
85.0182
84.8917
84.9295
85.1313
85.0204
84.5967
83.8603
82.8111
81.4492
79.7745
77.7871
75.4868
74.8356
75.8333
78.4800
82.7756
88.7202
96.3137
105.5563
116.4477
125.8671
133.8145
140.2898
145.2930
148.8242
150.8834
151.4704
150.5854
149.9969
149.7049
149.7093
150.0102
150.6075
151.5013
152.6916
154.1783
154.9965
155.1463
154.6275
153.4402
151.5844
149.0602
145.8674
142.0061
138.4616
135.2341
132.3234
129.7295
127.4525
125.4924
123.8491
122.5227
121.3694
120.3891
119.5820
118.9479
118.4868
118.1989
118.0840
118.1422
117.8954
117.3437
116.4869
115.3252
113.8585
112.0869
110.0102
107.6286
105.5117
103.6594
102.0719
100.7490
99.6909
98.8974
98.3687
98.1046
97.7737
97.3761
96.9118
96.3807
95.7828
95.1181
94.3867
93.5886
92.7900
91.9909
91.1914
90.3915
89.5911
88.7902
87.9889
87.1872
86.3909
85.6000
84.8144
84.0343
83.2596
82.4902
81.7263
80.9677
80.1993
79.4210
78.6328
77.8347
77.0268
76.2089
75.3812
74.5436
73.7546
73.0143
72.3227
71.6797
71.0854
70.5398
70.0428
69.5945
69.1618
68.7448
68.3435
67.9579
67.5879
67.2337
66.8950
66.5721
66.2859
66.0363
65.8234
65.6472
65.5077
65.4049
65.3388
65.3093
65.2882
65.2754
65.2710
65.2749
65.2871
65.3076
65.3365
65.3737
65.5303
65.8061
66.2013
66.7158
67.3496
68.1027
68.9752
69.9670
71.7320
74.2701
77.5814
81.6659
86.5235
92.1544
98.5584
105.7355
112.3019
118.2574
123.6021
128.3359
132.4589
135.9711
138.8724
141.1629
143.3095
145.3123
147.1711
148.8861
150.4572
151.8844
153.1677
154.3071
155.1364
155.6555
155.8645
155.7634
155.3521
154.6307
153.5991
152.2574
150.8487
149.3731
147.8304
146.2209
144.5443
142.8008
140.9903
139.1129
137.0502
134.8022
132.3690
129.7504
126.9466
123.9576
120.7832
117.4236
114.3563
111.5813
109.0986
106.9083
105.0102
103.4044
102.0910
101.0699
100.1700
99.3915
98.7342
98.1982
97.7835
97.4901
97.3180
97.2671
97.2204
97.1778
97.1394
97.1051
97.0749
97.0489
97.0270
97.0093
96.8356
96.5060
96.0205
95.3791
94.5818
93.6286
92.5195
91.2544
90.0777
88.9893
87.9892
87.0775
86.2541
85.5189
84.8722
84.3137
83.7315
83.1255
82.4958
81.8424
81.1652
80.4642
79.7396
78.9911
78.1672
77.2678
76.2928
75.2423
74.1163
72.9148
71.6378
70.2853
69.1715
68.2966
67.6605
67.2632
67.1046
67.1849
67.5040
68.0619
68.2646
68.1122
67.6046
66.7419
65.5240
63.9510
62.0228
59.7395
58.4782
58.2391
59.0220
60.8271
63.6542
67.5034
72.3748
78.2682
84.5804
91.3114
98.4611
106.0297
111.8890
116.0392
118.4802
119.2120
120.6148
122.6884
125.4330
128.8485
132.9348
137.6921
143.1204
149.2195
154.4241
158.7342
162.1499
164.6710
166.2977
167.0298
166.8675
165.8107
164.7184
163.5906
162.4273
161.2285
159.9943
158.7246
157.4194
156.0787
154.5230
152.7522
150.7663
148.5653
146.1492
143.5181
140.6718
137.6105
134.5882
131.6047
128.6601
125.7545
122.8878
120.0600
117.2711
114.5212
112.1156
110.0545
108.3378
106.9656
105.9377
105.2543
104.9153
104.9207
104.6161
104.0015
103.0769
101.8422
100.2975
98.4428
96.2781
93.8034
91.7642
90.1607
88.9927
88.2603
87.9635
88.1022
88.6766
89.6865
90.3762
90.7458
90.7951
90.5241
89.9330
89.0217
87.7901
86.2384
84.8110
83.5080
82.3293
81.2751
80.3452
79.5397
78.8586
78.3018
77.8620
77.5393
77.3335
77.2447
77.2729
77.4181
77.6803
78.0594
78.1831
78.0511
77.6636
77.0206
76.1220
74.9679
73.5582
71.8929
70.4096
69.1081
67.9886
67.0509
66.2952
65.7213
65.3294
65.1193
65.0898
65.2408
65.5723
66.0844
66.7770
67.6501
68.7038
69.9380
70.9207
71.6520
72.1318
72.3602
72.3372
72.0627
71.5368
70.7594
70.3378
70.2720
70.5620
71.2077
72.2092
73.5666
75.2796
77.3485
80.6322
85.1308
90.8442
97.7724
105.9154
115.2733
125.8461
137.6336
147.4512
155.2986
161.1760
165.0834
167.4537
168.2869
167.5830
165.3420
162.9630
160.4459
157.7909
154.9978
152.0667
148.9976
145.7904
142.4453
139.8220
137.9205
136.7408
136.2829
136.5469
137.5328
139.2404
141.6699
143.0888
143.4971
142.8948
141.2820
138.6586
135.0246
130.3800
124.7248
119.6411
115.1289
111.1881
107.8188
105.0209
102.7945
101.1395
100.0560
99.1127
98.3094
97.6463
97.1234
96.7405
96.4978
96.3953
96.4329
96.4605
96.4781
96.4857
96.4834
96.4710
96.4487
96.4164
96.3742
96.0519
95.4498
94.5677
93.4056
91.9636
90.2417
88.2398
85.9580
84.1041
82.6781
81.6801
81.1101
80.9680
81.2538
81.9676
83.1094
83.8281
84.1238
83.9966
83.4463
82.4730
81.0768
79.2575
77.0152
75.1038
73.5233
72.2737
71.3549
70.7670
70.5100
70.5839
70.9887
71.2173
71.2699
71.1463
70.8466
70.3708
69.7189
68.8909
67.8868
66.6826
65.2784
63.6742
61.8700
59.8658
57.6615
55.2572
52.6529
51.8044
52.7117
55.3748
59.7938
65.9686
73.8991
83.5855
95.0277
104.7593
112.7802
119.0905
123.6901
126.5792
127.7575
127.2252
124.9823
123.4814
122.7225
122.7057
123.4309
124.8980
127.1073
130.0585
133.7517
137.1306
140.1952
142.9454
145.3813
147.5028
149.3100
150.8028
151.9812
152.6973
152.9510
152.7423
152.0711
150.9376
149.3417
147.2834
144.7626
142.6076
140.8181
139.3943
138.3362
137.6436
137.3167
137.3555
137.7599
137.9179
137.8295
137.4948
136.9136
136.0860
135.0121
133.6918
132.1250
130.2555
128.0831
125.6079
122.8299
119.7491
116.3654
112.6789
108.6896
105.2686
102.4159
100.1316
98.4155
97.2678
96.6883
96.6772
97.2344
97.5941
97.7562
97.7209
97.4881
97.0578
96.4300
95.6048
94.5820
93.7165
93.0083
92.4574
92.0638
91.8275
91.7485
91.8268
92.0624
92.0873
91.9017
91.5054
90.8985
90.0810
89.0528
87.8141
86.3647
85.0239
83.7917
82.6680
81.6530
80.7465
79.9486
79.2593
78.6786
78.2151
77.8688
77.6398
77.5280
77.5335
77.6561
77.8960
78.2532
78.4285
78.4220
78.2338
77.8637
77.3118
76.5781
75.6626
74.5653
73.4913
72.4407
71.4133
70.4093
69.4286
68.4712
67.5371
66.6263
65.7937
65.0393
64.3632
63.7652
63.2454
62.8039
62.4405
62.1554
62.1503
62.4253
62.9804
63.8156
64.9309
66.3263
68.0018
69.9573
72.3427
75.1580
78.4032
82.0782
86.1830
90.7178
95.6823
101.0768
107.0789
113.6886
120.9059
128.7308
134.9283
139.4982
142.4406
143.7555
144.9215
145.9385
146.8067
147.5259
148.0961
148.5175
148.7899
148.9134
148.9789
148.9864
148.9359
148.8275
148.6610
148.4366
148.1542
147.8137
147.0789
145.9496
144.4259
142.5077
140.1951
137.4880
134.3865
130.8906
127.4811
124.1582
120.9217
117.7718
114.9677
112.5094
110.3971
108.6305
107.0145
105.5491
104.2341
103.0697
102.0559
101.1925
100.4797
99.9175
99.4160
98.9754
98.5957
98.2768
98.0187
97.8214
97.6850
97.6095
97.5117
97.3918
97.2496
97.0853
96.8988
96.6900
96.4591
96.2060
95.9874
95.8034
95.6539
95.5389
95.4584
95.4125
95.4011
95.4243
95.2808
94.9705
94.4936
93.8500
93.0397
92.0627
90.9190
89.6086
88.3854
87.2492
86.2003
85.2384
84.3637
83.5761
82.8756
82.2623
81.6207
80.9509
80.2529
79.5267
78.7722
77.9895
77.1787
76.3395
75.5324
74.7574
74.0144
73.3034
72.6245
71.9775
71.3627
70.7798
70.1848
69.5775
68.9579
68.3262
67.6822
67.0260
66.3575
65.6768
65.0702
64.5377
64.0791
63.6947
63.3843
63.1479
62.9856
62.8974
63.7984
65.6886
68.5681
72.4369
77.2949
83.1422
89.9787
97.8044
105.1419
111.9911
118.3521
124.2247
129.6091
134.5052
138.9130
142.8325
146.2656
149.2121
151.6722
153.6458
155.1329
156.1335
156.6476
156.6753
156.6602
156.6024
156.5019
156.3586
156.1726
155.9439
155.6725
155.3583
154.8851
154.2528
153.4614
152.5109
151.4014
150.1327
148.7050
147.1182
145.3628
143.4386
141.3458
139.0842
136.6540
134.0552
131.2876
128.3513
125.3920
122.4094
119.4038
116.3750
113.3231
110.2480
107.1498
104.0285
101.4157
99.3115
97.7158
96.6287
96.0501
95.9801
96.4187
97.3658
98.0806
98.5633
98.8136
98.8318
98.6177
98.1714
97.4929
96.5821
95.6737
94.7678
93.8643
92.9632
92.0646
91.1684
90.2746
89.3832
88.5627
87.8132
87.1345
86.5267
85.9898
85.5238
85.1286
84.8044
84.4394
84.0337
83.5872
83.1000
82.5720
82.0033
81.3938
80.7435
80.1174
79.5153
78.9372
78.3833
77.8534
77.3476
76.8659
76.4082
75.8499
75.1910
74.4314
73.5712
72.6103
71.5489
70.3868
69.1240
67.9178
66.7680
65.6747
64.6378
63.6575
62.7336
61.8662
61.0552
60.5576
60.3733
60.5022
60.9445
61.7001
62.7689
64.1511
65.8466
67.6617
69.5965
71.6509
73.8250
76.1187
78.5321
81.0652
83.7179
86.7780
90.2456
94.1206
98.4030
103.0929
108.1902
113.6949
119.6071
125.0591
130.0508
134.5823
138.6535
142.2646
145.4154
148.1059
150.3363
152.1751
153.6226
154.6786
155.3431
155.6161
155.4978
154.9879
154.0867
153.2277
152.4111
151.6369
150.9050
150.2155
149.5683
148.9635
148.4010
147.4758
146.1878
144.5370
142.5235
140.1472
137.4081
134.3063
130.8418
127.6064
124.6002
121.8232
119.2755
116.9569
114.8675
113.0073
111.3763
109.7910
108.2513
106.7573
105.3090
103.9063
102.5493
101.2380
99.9724
98.8693
97.9288
97.1509
96.5356
96.0829
95.7928
95.6653
95.7003
95.6297
95.4534
95.1714
94.7837
94.2903
93.6912
92.9865
92.1760
91.4200
90.7183
90.0709
89.4780
88.9394
88.4552
88.0253
87.6499
87.2247
86.7499
86.2254
85.6512
85.0274
84.3539
83.6307
82.8578
82.1128
81.3956
80.7063
80.0448
79.4112
78.8054
78.2275
77.6774
77.1601
76.6755
76.2237
75.8046
75.4182
75.0646
74.7437
74.4556
74.0909
73.6496
73.1318
72.5373
71.8663
71.1186
70.2944
69.3936
68.5836
67.8643
67.2358
66.6980
66.2510
65.8947
65.6293
65.4545
65.4666
65.6653
66.0509
66.6231
67.3822
68.3279
69.4605
70.7797
72.8131
75.5605
79.0220
83.1976
88.0873
93.6911
100.0089
107.0408
113.6827
119.9346
125.7966
131.2685
136.3504
141.0423
145.3442
149.2562
152.4754
155.0019
156.8358
157.9769
158.4254
158.1812
157.2442
155.6146
154.2030
153.0092
152.0334
151.2756
150.7357
150.4138
150.3097
150.4237
150.0707
149.2507
147.9637
146.2098
143.9889
141.3010
138.1462
134.5245
131.1554
128.0390
125.1753
122.5643
120.2060
118.1004
116.2475
114.6473
113.0279
111.3891
109.7310
108.0536
106.3570
104.6410
102.9058
101.1512
99.6139
98.2940
97.1912
96.3058
95.6376
95.1867
94.9531
94.9367
94.9045
94.8565
94.7926
94.7129
94.6174
94.5060
94.3788
94.2357
93.9560
93.5397
92.9867
92.2971
91.4709
90.5080
89.4085
88.1723
86.9265
85.6710
84.4058
83.1309
81.8464
80.5521
79.2482
77.9345
76.7975
75.8371
75.0532
74.4460
74.0154
73.7613
73.6838
73.7830
73.8276
73.8177
73.7532
73.6342
73.4607
73.2327
72.9501
72.6131
72.1793
71.6489
71.0219
70.2981
69.4778
68.5607
67.5470
66.4367
65.4198
64.4964
63.6664
62.9299
62.2869
61.7373
61.2812
60.9186
60.7677
60.8283
61.1007
61.5846
62.2802
63.1875
64.3064
65.6370
67.7776
70.7283
74.4891
79.0600
84.4409
90.6319
97.6330
105.4441
112.9307
120.0927
126.9302
133.4432
138.6969
142.6914
145.4268
146.9030
148.3359
149.7256
151.0721
152.3754
153.6354
154.8522
156.0258
157.1562
157.9630
158.4464
158.6062
158.4424
157.9552
157.1444
156.0100
154.5522
153.1948
151.9379
150.7815
149.7256
148.7701
147.9151
147.1606
146.5065
145.3744
143.7642
141.6758
139.1094
136.0648
132.5422
128.5415
124.0626
120.0378
116.4670
113.3503
110.6876
108.4789
106.7243
105.4237
104.5771
103.7441
102.9248
102.1190
101.3269
100.5483
99.7834
99.0321
98.2943
97.6374
97.0614
96.5662
96.1518
95.8183
95.5656
95.3938
95.3028
95.1134
94.8257
94.4397
93.9553
93.3725
92.6915
91.9121
91.0343
90.1462
89.2477
88.3388
87.4195
86.4899
85.5499
84.5996
83.6388
82.7673
81.9849
81.2916
80.6875
80.1726
79.7468
79.4102
79.1627
78.7629
78.2108
77.5064
76.6497
75.6406
74.4792
73.1656
71.6996
70.4613
69.4509
68.6682
68.1133
67.7862
67.6868
67.8152
68.1714
68.3289
68.2877
68.0478
67.6092
66.9719
66.1359
65.1013
63.8679
62.8155
61.9443
61.2541
60.7450
60.4169
60.2699
60.3040
60.5192
61.2167
62.3967
64.0591
66.2039
68.8311
71.9407
75.5328
79.6072
85.2501
92.4614
101.2411
111.5893
120.6777
128.5063
135.0752
140.3843
144.8672
148.5240
151.3546
153.3590
154.5373
154.8894
154.4153
153.1150
152.0746
151.2941
150.7736
150.5129
150.5122
150.7714
151.2904
152.0694
152.5669
152.7830
152.7175
152.3706
151.7422
150.8324
149.6411
148.1683
146.7059
145.2539
143.8124
142.3812
140.9605
139.5502
138.1503
136.7608
135.0184
132.9232
130.4751
127.6741
124.5202
121.0135
117.1539
112.9414
109.2685
106.1353
103.5417
101.4878
99.9734
98.9987
98.5637
98.6682
98.7206
98.7206
98.6685
98.5640
98.4073
98.1984
97.9372
97.6237
97.2710
96.8788
96.4474
95.9765
95.4664
94.9169
94.3281
93.6999
93.0623
92.4153
91.7589
91.0930
90.4177
89.7330
89.0389
88.3354
87.5935
86.8134
85.9950
85.1383
84.2433
83.3100
82.3385
81.3286
80.3571
79.4240
78.5292
77.6728
76.8548
76.0752
75.3339
74.6309
73.9337
73.2421
72.5561
71.8758
71.2012
70.5322
69.8689
69.2113
68.5913
68.0089
67.4642
66.9571
66.4876
66.0558
65.6616
65.3050
64.7296
63.9354
62.9224
61.6906
60.2400
58.5706
56.6823
54.5753
53.5158
53.5038
54.5394
56.6225
59.7532
63.9315
69.1572
75.4306
80.7986
85.2613
88.8187
91.4708
93.2176
94.0590
93.9952
93.0260
93.1299
94.3067
96.5566
99.8794
104.2753
109.7442
116.2861
123.9010
130.6529
136.5419
141.5679
145.7309
149.0310
151.4680
153.0422
153.7533
154.3014
154.6865
154.9085
154.9675
154.8635
154.5964
154.1663
153.5732
152.8068
151.8674
150.7547
149.4688
148.0098
146.3776
144.5723
142.5937
140.6968
138.8815
137.1479
135.4958
133.9254
132.4366
131.0294
129.7039
128.1931
126.4969
124.6155
122.5488
120.2968
117.8595
115.2369
112.4290
109.9576
107.8228
106.0244
104.5625
103.4371
102.6482
102.1958
102.0799
101.8827
101.6041
101.2442
100.8029
100.2803
99.6764
98.9911
98.2245
97.5159
96.8653
96.2728
95.7384
95.2620
94.8437
94.4834
94.1812
93.8402
93.4605
93.0421
92.5850
92.0891
91.5546
90.9813
90.3692
89.7685
89.1790
88.6007
88.0337
87.4780
86.9335
86.4003
85.8783
85.3535
84.8258
84.2952
83.7618
83.2255
82.6863
82.1443
81.5994
81.0758
80.5734
80.0923
79.6325
79.1939
78.7766
78.3805
78.0057
77.6150
77.2086
76.7863
76.3482
75.8943
75.4246
74.9390
74.4377
73.8365
73.1355
72.3348
71.4342
70.4339
69.3338
68.1338
66.8341
65.8805
65.2731
65.0119
65.0968
65.5278
66.3051
67.4284
68.8980
70.9992
73.7322
77.0969
81.0933
85.7214
90.9813
96.8728
103.3961
109.6458
115.6219
121.3244
126.7533
131.9086
136.7904
141.3985
145.7330
149.3811
152.3429
154.6183
156.2074
157.1100
157.3263
156.8563
155.6999
154.6935
153.8372
153.1309
152.5747
152.1686
151.9126
151.8065
151.8506
151.5576
150.9276
149.9606
148.6565
147.0154
145.0372
142.7220
140.0698
137.2822
134.3592
131.3007
128.1069
124.7777
121.3131
117.7131
113.9777
110.6705
107.7915
105.3407
103.3180
101.7236
100.5573
99.8192
99.5093
99.1879
98.8550
98.5105
98.1545
97.7869
97.4079
97.0173
96.6151
96.2513
95.9259
95.6389
95.3902
95.1798
95.0079
94.8742
94.7790
94.6451
94.4725
94.2614
94.0116
93.7231
93.3960
93.0303
92.6260
91.9992
91.1500
90.0785
88.7845
87.2682
85.5294
83.5682
81.3847
79.4966
77.9041
76.6071
75.6056
74.8996
74.4892
74.3742
74.5548
74.6088
74.5362
74.3371
74.0114
73.5590
72.9802
72.2747
71.4426
70.6625
69.9343
69.2580
68.6337
68.0613
67.5408
67.0722
66.6556
66.2126
65.7433
65.2477
64.7257
64.1774
63.6028
63.0019
62.3747
61.8897
61.5471
61.3469
61.2890
61.3734
61.6002
61.9693
62.4807
63.3425
64.5547
66.1172
68.0300
70.2932
72.9068
75.8707
79.1850
82.9971
87.3071
92.1150
97.4208
103.2245
109.5260
116.3254
123.6227
130.1442
135.8898
140.8596
145.0536
148.4717
151.1140
152.9805
154.0711
154.8859
155.4249
155.6881
155.6754
155.3869
154.8225
153.9823
152.8663
151.8166
150.8331
149.9160
149.0651
148.2805
147.5622
146.9102
146.3245
145.5222
144.5031
143.2675
141.8152
140.1462
138.2606
136.1583
133.8394
131.4969
129.1308
126.7410
124.3276
121.8906
119.4299
116.9457
114.4378
112.1148
109.9767
108.0235
106.2552
104.6719
103.2734
102.0598
101.0311
100.0998
99.2658
98.5291
97.8899
97.3480
96.9034
96.5562
96.3063
96.0448
95.7715
95.4865
95.1899
94.8815
94.5614
94.2296
93.8861
93.4468
92.9115
92.2805
91.5536
90.7308
89.8122
88.7977
87.6874
86.6399
85.6553
84.7335
83.8746
83.0786
82.3455
81.6751
81.0677
80.4499
79.8217
79.1831
78.5341
77.8747
77.2049
76.5248
75.8342
75.1802
74.5628
73.9820
73.4377
72.9299
72.4588
72.0242
71.6261
71.2229
70.8146
70.4011
69.9825
69.5588
69.1299
68.6958
68.2566
67.7909
67.2985
66.7796
66.2340
65.6619
65.0632
64.4380
63.7861
63.1215
62.4442
61.7542
61.0515
60.3361
59.6079
58.8671
58.1135
58.6316
60.4213
63.4826
67.8155
73.4200
80.2962
88.4440
97.8634
104.8688
109.4602
111.6375
111.4008
113.4479
117.7788
124.3935
133.2919
140.9722
147.4345
152.6786
156.7047
159.5127
161.1027
161.4745
160.6283
159.8306
159.0815
158.3810
157.7291
157.1258
156.5710
156.0649
155.6073
155.0485
154.3886
153.6275
152.7652
151.8018
150.7372
149.5714
148.3044
146.8932
145.3377
143.6380
141.7940
139.8058
137.6733
135.3966
132.9757
130.5306
128.0614
125.5681
123.0508
120.5093
117.9437
115.3540
112.7402
110.4965
108.6231
107.1198
105.9867
105.2238
104.8310
104.8084
105.1560
105.3659
105.4380
105.3723
105.1689
104.8278
104.3489
103.7322
102.9778
102.2575
101.5712
100.9191
100.3009
99.7169
99.1669
98.6510
98.1692
97.6788
97.1800
96.6726
96.1567
95.6323
95.0994
94.5580
94.0081
93.4088
92.7603
92.0625
91.3154
90.5190
89.6733
88.7783
87.8340
86.9470
86.1173
85.3449
84.6298
83.9721
83.3716
82.8284
82.3426
81.8349
81.3053
80.7540
80.1808
79.5857
78.9688
78.3301
77.6696
76.9551
76.1868
75.3646
74.4884
73.5584
72.5744
71.5365
70.4448
69.4013
68.4059
67.4589
66.5600
65.7094
64.9070
64.1528
63.4469
63.1203
63.1731
63.6053
64.4168
65.6077
67.1781
69.1277
71.4568
76.0204
82.8184
91.8509
103.1179
111.8614
118.0814
121.7778
122.9508
124.4368
126.2359
128.3480
130.7732
133.5115
136.5628
139.9272
143.6047
146.6977
149.2063
151.1305
152.4702
153.2255
153.3964
152.9829
151.9849
150.9485
149.8736
148.7603
147.6085
146.4182
145.1895
143.9224
142.6167
141.3102
140.0027
138.6942
137.3848
136.0745
134.7632
133.4509
132.1378
130.5635
128.7281
126.6317
124.2741
121.6555
118.7757
115.6349
112.2330
109.0929
106.2145
103.5980
101.2432
99.1502
97.3189
95.7495
94.4418
93.2762
92.2526
91.3711
90.6316
90.0342
89.5788
89.2655
89.0942
88.9491
88.8302
88.7375
88.6709
88.6305
88.6163
88.6283
88.6664
88.6792
88.6665
88.6284
88.5649
88.4759
88.3616
88.2218
88.0566
87.7396
87.2706
86.6498
85.8772
84.9526
83.8762
82.6480
81.2678
80.0147
78.8886
77.8896
77.0176
76.2726
75.6547
75.1638
74.7999
74.4066
73.9838
73.5315
73.0498
72.5386
71.9979
71.4278
70.8282
70.2261
69.6217
69.0148
68.4054
67.7937
67.1795
66.5629
65.9438
65.3074
64.6536
63.9825
63.2939
62.5880
61.8647
61.1241
60.3660
59.7645
59.3193
59.0307
58.8985
58.9228
59.1035
59.4407
59.9344
61.2345
63.3410
66.2540
69.9734
75.3811
82.4771
91.2614
101.7339
110.1025
116.3671
120.5277
122.5843
125.1705
128.2863
131.9316
136.1066
139.7812
142.9554
145.6293
147.8029
149.4761
150.6490
151.3215
151.4937
151.5884
151.6057
151.5455
151.4078
151.1927
150.9001
150.5301
150.0826
149.5152
148.8279
148.0207
147.0937
146.0468
144.8800
143.5933
142.1867
140.6386
138.9492
137.1183
135.1459
133.0321
130.7769
128.3802
125.8420
123.3931
121.0333
118.7627
116.5813
114.4891
112.4861
110.5722
108.7476
107.1074
105.6518
104.3806
103.2939
102.3918
101.6741
101.1409
100.7923
100.5035
100.2746
100.1055
99.9964
99.9472
99.9578
100.0283
100.1587
100.1233
99.9223
99.5555
99.0231
98.3249
97.4610
96.4314
95.2361
94.1097
93.0522
92.0637
91.1441
90.2935
89.5117
88.7989
88.1550
87.5597
87.0130
86.5149
86.0653
85.6643
85.3119
85.0081
84.7529
84.3852
83.9052
83.3128
82.6080
81.7908
80.8613
79.8193
78.6650
77.5748
76.5488
75.5868
74.6890
73.8553
73.0858
72.3804
71.7391
71.1204
70.5242
69.9505
69.3994
68.8709
68.3649
67.8814
67.4205
66.8420
66.1459
65.3323
64.4011
63.3523
62.1859
60.9020
59.5005
58.6451
58.3359
58.5728
59.3559
60.6851
62.5605
64.9820
67.9497
71.4079
75.3565
79.7957
84.7253
90.1454
96.0560
102.4570
109.3486
115.6858
121.4686
126.6971
131.3711
135.4909
139.0562
142.0672
144.5238
146.6217
148.3608
149.7411
150.7628
151.4256
151.7297
151.6751
151.2617
150.8372
150.4015
149.9546
149.4965
149.0273
148.5469
148.0554
147.5527
146.9496
146.2462
145.4424
144.5383
143.5338
142.4290
141.2238
139.9183
138.2798
136.3085
134.0042
131.3670
128.3969
125.0939
121.4579
117.4890
113.9556
110.8574
108.1947
105.9673
104.1753
102.8186
101.8974
101.4115
100.9707
100.5752
100.2248
99.9195
99.6594
99.4445
99.2748
99.1502
98.9805
98.7655
98.5054
98.2001
97.8496
97.4539
97.0130
96.5269
95.9794
95.3704
94.7001
93.9682
93.1750
92.3203
91.4041
90.4265
89.4966
88.6142
87.7795
86.9925
86.2530
85.5612
84.9170
84.3204
83.5949
82.7403
81.7568
80.6444
79.4029
78.0325
76.5331
74.9047
73.5459
72.4567
71.6371
71.0870
70.8065
70.7956
71.0543
71.5826
71.8278
71.7899
71.4691
70.8651
69.9782
68.8081
67.3551
65.6189
63.9814
62.4424
61.0020
59.6602
58.4169
57.2723
56.2261
55.2786
55.1140
55.7322
57.1332
59.3172
62.2840
66.0337
70.5663
75.8817
84.0363
95.0300
108.8628
125.5347
137.8778
145.8922
149.5778
148.9347
148.3946
147.9577
147.6239
147.3931
147.2655
147.2410
147.3196
147.5013
147.7271
147.9971
148.3111
148.6692
149.0714
149.5177
150.0082
150.5427
150.6632
150.3698
149.6623
148.5409
147.0054
145.0560
142.6925
139.9151
137.6896
136.0160
134.8944
134.3247
134.3069
134.8410
135.9271
137.5651
138.5026
138.7395
138.2758
137.1116
135.2468
132.6815
129.4157
125.4493
121.8236
118.5386
115.5943
112.9908
110.7279
108.8058
107.2244
105.9837
104.7514
103.5275
102.3120
101.1049
99.9062
98.7159
97.5340
96.3605
95.4253
94.7283
94.2696
94.0491
94.0670
94.3231
94.8174
95.5500
95.7310
95.3602
94.4378
92.9637
90.9380
88.3605
85.2314
81.5506
78.4312
75.8731
73.8764
72.4410
71.5670
71.2544
71.5031
72.3132
73.1047
73.8778
74.6325
75.3686
76.0862
76.7854
77.4661
78.1283
78.2929
77.9601
77.1297
75.8018
73.9765
71.6536
68.8331
65.5152
62.7158
60.4348
58.6724
57.4284
56.7029
56.4960
56.8075
57.6375
58.2702
58.7056
58.9437
58.9844
58.8278
58.4739
57.9227
57.1742
59.2557
64.1673
71.9091
82.4809
91.8175
99.9189
106.7851
112.4160
117.1844
121.0903
124.1337
126.3145
127.6328
128.0886
127.6818
126.4126
125.2410
124.1670
123.1907
122.3121
121.5312
120.8479
120.2623
119.7743
119.7732
120.2589
121.2314
122.6907
124.6368
127.0698
129.9895
133.3961
136.3615
138.8859
140.9691
142.6111
143.8121
144.5720
144.8907
144.7683
144.6107
144.4180
144.1902
143.9273
143.6291
143.2959
142.9275
142.5240
141.2944
139.2387
136.3570
132.6492
128.1153
122.7554
116.5694
109.5574
103.6686
98.9031
95.2609
92.7420
91.3464
91.0741
91.9251
93.8994
95.4711
96.6404
97.4071
97.7713
97.7331
97.2923
96.4490
95.2031
94.1292
93.2270
92.4967
91.9382
91.5516
91.3368
91.2938
91.4227
91.5392
91.6433
91.7351
91.8145
91.8815
91.9362
91.9786
92.0085
91.8923
91.6298
91.2211
90.6662
89.9651
89.1177
88.1242
86.9844
85.9806
85.1127
84.3809
83.7851
83.3252
83.0013
82.8134
82.7615
82.6360
82.4368
82.1641
81.8178
81.3978
80.9043
80.3372
79.6964
79.0748
78.4724
77.8891
77.3249
76.7799
76.2540
75.7473
75.2597
74.7134
74.1086
73.4451
72.7230
71.9423
71.1030
70.2050
69.2484
68.4649
67.8545
67.4171
67.1528
67.0616
67.1435
67.3985
67.8265
67.9918
67.8944
67.5344
66.9116
66.0261
64.8780
63.4671
61.7935
61.8449
63.6214
67.1229
72.3493
79.3008
87.9774
98.3789
110.5054
120.7419
129.0883
135.5445
140.1108
142.7869
143.5729
142.4689
139.4748
137.4127
136.2827
136.0848
136.8189
138.4851
141.0833
144.6136
149.0760
152.8776
156.0183
158.4982
160.3174
161.4756
161.9731
161.8098
160.9856
160.1052
159.1685
158.1755
157.1263
156.0208
154.8590
153.6410
152.3667
151.1035
149.8513
148.6102
147.3802
146.1612
144.9533
143.7565
142.5707
140.9768
138.9746
136.5642
133.7457
130.5189
126.8840
122.8409
118.3895
114.4486
111.0182
108.0982
105.6887
103.7896
102.4010
101.5228
101.1551
100.8074
100.4798
100.1722
99.8847
99.6172
99.3698
99.1424
98.9350
98.6755
98.3640
98.0004
97.5846
97.1168
96.5969
96.0248
95.4007
94.7465
94.0621
93.3475
92.6028
91.8280
91.0231
90.1880
89.3227
88.4211
87.4830
86.5085
85.4977
84.4504
83.3667
82.2466
81.0901
80.0406
79.0981
78.2627
77.5342
76.9128
76.3984
75.9911
75.6907
75.3751
75.0443
74.6983
74.3370
73.9605
73.5688
73.1619
72.7397
72.2857
71.7998
71.2821
70.7325
70.1510
69.5377
68.8925
68.2155
67.5874
67.0085
66.4785
65.9976
65.5657
65.1828
64.8490
64.5642
64.2289
63.8430
63.4067
62.9199
62.3825
61.7946
61.1562
60.4673
59.9553
59.6201
59.4618
59.4804
59.6758
60.0481
60.5973
61.3233
62.9208
65.3898
68.7301
72.9420
78.0252
83.9800
90.8061
98.5038
105.6492
112.2425
118.2836
123.7725
128.7093
133.0938
136.9262
140.2065
143.1234
145.6771
147.8676
149.6947
151.1587
152.2593
152.9967
153.3708
153.5927
153.6624
153.5799
153.3452
152.9583
152.4193
151.7280
150.8845
150.0882
149.3392
148.6373
147.9826
147.3752
146.8149
146.3019
145.8360
144.7760
143.1219
140.8737
138.0314
134.5949
130.5644
125.9397
120.7209
116.1222
112.1437
108.7855
106.0473
103.9294
102.4316
101.5540
101.2966
101.0984
100.9595
100.8798
100.8594
100.8983
100.9964
101.1538
101.3704
101.5205
101.6039
101.6208
101.5711
101.4548
101.2719
101.0225
100.7064
100.2987
99.7992
99.2080
98.5252
97.7506
96.8843
95.9264
94.8767
93.9466
93.1361
92.4451
91.8738
91.4220
91.0898
90.8772
90.7842
90.5689
90.2311
89.7711
89.1886
88.4839
87.6567
86.7072
85.6354
84.6904
83.8721
83.1806
82.6160
82.1781
81.8670
81.6827
81.6252
81.4642
81.1997
80.8317
80.3602
79.7852
79.1067
78.3248
77.4393
76.6113
75.8408
75.1277
74.4720
73.8738
73.3330
72.8497
72.4239
71.9150
71.3232
70.6485
69.8908
69.0501
68.1265
67.1199
66.0304
65.4524
65.3859
65.8311
66.7878
68.2560
70.2358
72.7272
75.7301
79.2415
83.2614
87.7897
92.8265
98.3718
104.4255
110.9878
118.0584
124.4650
130.2075
135.2859
139.7002
143.4504
146.5365
148.9586
150.7165
152.2019
153.4148
154.3552
155.0230
155.4184
155.5412
155.3915
154.9693
154.5860
154.2416
153.9362
153.6696
153.4420
153.2533
153.1036
152.9927
152.3240
151.0973
149.3128
146.9704
144.0700
140.6118
136.5956
132.0216
127.7457
123.7680
120.0884
116.7071
113.6239
110.8389
108.3521
106.1634
104.2022
102.4685
100.9622
99.6834
98.6321
97.8083
97.2119
96.8430
96.5247
96.2570
96.0400
95.8737
95.7579
95.6928
95.6784
95.7146
95.6962
95.6233
95.4959
95.3140
95.0776
94.7866
94.4411
94.0411
93.6807
93.3599
93.0787
92.8371
92.6352
92.4729
92.3502
92.2671
91.9061
91.2673
90.3506
89.1560
87.6836
85.9333
83.9051
81.5991
79.6728
78.1262
76.9594
76.1723
75.7649
75.7372
76.0893
76.8211
77.3919
77.8017
78.0505
78.1383
78.0651
77.8310
77.4358
76.8796
76.3214
75.7611
75.1989
74.6346
74.0683
73.5000
72.9297
72.3573
71.7426
71.0856
70.3862
69.6445
68.8604
68.0341
67.1653
66.2542
65.4107
64.6345
63.9259
63.2847
62.7110
62.2048
61.7661
61.3948
61.2707
61.3937
61.7639
62.3812
63.2456
64.3572
65.7159
67.3217
69.6202
72.6113
76.2951
80.6715
85.7406
91.5023
97.9566
105.1036
111.8220
118.1117
123.9728
129.4053
134.4091
138.9844
143.1309
146.8489
149.9982
152.5788
154.5906
156.0339
156.9084
157.2142
156.9513
156.1198
155.4448
154.9263
154.5643
154.3588
154.3098
154.4173
154.6814
155.1020
155.1016
154.6803
153.8380
152.5749
150.8907
148.7856
146.2596
143.3127
140.5864
138.0807
135.7958
133.7314
131.8878
130.2648
128.8625
127.6808
126.2752
124.6458
122.7925
120.7153
118.4142
115.8893
113.1405
110.1678
107.6248
105.5116
103.8282
102.5745
101.7505
101.3564
101.3919
101.8573
102.1918
102.3954
102.4683
102.4103
102.2215
101.9018
101.4513
100.8700
100.3059
99.7590
99.2292
98.7167
98.2213
97.7431
97.2821
96.8383
96.3627
95.8554
95.3163
94.7455
94.1429
93.5086
92.8426
92.1447
91.3567
90.4783
89.5098
88.4509
87.3018
86.0624
84.7328
83.3129
82.0643
80.9869
80.0807
79.3458
78.7821
78.3896
78.1684
78.1185
77.9485
77.6584
77.2483
76.7181
76.0679
75.2977
74.4074
73.3970
72.4680
71.6203
70.8539
70.1687
69.5649
69.0424
68.6012
68.2413
67.8753
67.5032
67.1250
66.7407
66.3503
65.9538
65.5512
65.1424
64.7624
64.4110
64.0882
63.7942
63.5287
63.2920
63.0838
62.9044
63.1556
63.8376
64.9503
66.4937
68.4678
70.8726
73.7081
76.9744
80.7110
84.9180
89.5955
94.7433
100.3615
106.4502
113.0092
120.0386
126.3955
132.0799
137.0917
141.4311
145.0979
148.0922
150.4140
152.0632
153.5241
154.7966
155.8807
156.7764
157.4837
158.0027
158.3332
158.4754
158.4323
158.2039
157.7903
157.1913
156.4071
155.4376
154.2828
152.9427
151.3465
149.4940
147.3854
145.0205
142.3995
139.5223
136.3888
132.9992
129.6833
126.4412
123.2728
120.1781
117.1572
114.2100
111.3365
108.5368
106.2153
104.3722
103.0073
102.1207
101.7124
101.7823
102.3306
103.3571
104.0626
104.4471
104.5106
104.2530
103.6745
102.7749
101.5543
100.0127
98.7124
97.6535
96.8359
96.2597
95.9249
95.8313
95.9792
96.3684
96.5172
96.4256
96.0937
95.5214
94.7087
93.6557
92.3623
90.8285
89.4157
88.1238
86.9528
85.9028
84.9737
84.1655
83.4783
82.9120
82.2926
81.6202
80.8947
80.1161
79.2844
78.3996
77.4618
76.4709
75.6701
75.0595
74.6390
74.4087
74.3685
74.5185
74.8586
75.3888
75.7755
76.0187
76.1182
76.0743
75.8868
75.5557
75.0810
74.4629
73.8896
73.3614
72.8782
72.4400
72.0467
71.6984
71.3951
71.1368
70.8373
70.4967
70.1148
69.6918
69.2276
68.7222
68.1757
67.5879
67.1492
66.8595
66.7188
66.7271
66.8844
67.1907
67.6460
68.2503
69.3449
70.9297
73.0047
75.5699
78.6254
82.1710
86.2069
90.7331
95.4343
100.3106
105.3620
110.5885
115.9901
121.5668
127.3185
133.2454
138.5638
143.2740
147.3757
150.8691
153.7542
156.0309
157.6992
158.7592
159.5349
160.0265
160.2339
160.1571
159.7961
159.1509
158.2215
157.0079
155.7695
154.5062
153.2181
151.9052
150.5674
149.2048
147.8173
146.4051
144.7722
142.9189
140.8450
138.5506
136.0357
133.3002
130.3442
127.1677
124.0350
120.9462
117.9011
114.8999
111.9426
109.0290
106.1593
103.3334
100.9745
99.0826
97.6578
96.6999
96.2090
96.1852
96.6283
97.5384
98.3132
98.9526
99.4566
99.8252
100.0585
100.1563
100.1188
99.9460
99.7185
99.4366
99.1001
98.7091
98.2636
97.7635
97.2089
96.5998
96.0120
95.4454
94.9001
94.3760
93.8732
93.3917
92.9315
92.4926
91.9378
91.2673
90.4810
89.5788
88.5610
87.4273
86.1778
84.8126
83.5987
82.5363
81.6252
80.8655
80.2573
79.8004
79.4949
79.3409
79.1164
78.8214
78.4561
78.0203
77.5141
76.9375
76.2904
75.5729
74.8899
74.2413
73.6271
73.0474
72.5022
71.9914
71.5151
71.0732
70.6810
70.3384
70.0454
69.8021
69.6084
69.4643
69.3699
69.3251
69.0473
68.5364
67.7926
66.8157
65.6058
64.1629
62.4870
60.5781
60.0281
60.8372
63.0053
66.5324
71.4185
77.6636
85.2677
94.2308
102.3141
109.5177
115.8414
121.2854
125.8496
129.5340
132.3386
134.2635
136.2222
138.2150
140.2416
142.3022
144.3967
146.5251
148.6875
150.8838
152.6749
154.0609
155.0418
155.6175
155.7880
155.5534
154.9136
153.8687
152.7640
151.5996
150.3754
149.0915
147.7478
146.3443
144.8811
143.3581
141.7747
140.1310
138.4269
136.6624
134.8376
132.9523
131.0067
129.0008
126.9535
124.8648
122.7348
120.5635
118.3508
116.0968
113.8014
111.4647
109.4809
107.8500
106.5721
105.6471
105.0751
104.8560
104.9898
105.4765
105.7882
105.9247
105.8862
105.6727
105.2840
104.7202
103.9814
103.0675
102.2048
101.3933
100.6330
99.9239
99.2660
98.6593
98.1038
97.5996
97.0818
96.5506
96.0059
95.4478
94.8762
94.2912
93.6926
93.0807
92.4914
91.9249
91.3811
90.8600
90.3616
89.8860
89.4330
89.0028
88.4362
87.7333
86.8940
85.9183
84.8062
83.5577
82.1729
80.6517
79.3551
78.2831
77.4358
76.8130
76.4149
76.2413
76.2924
76.5681
76.7222
76.7545
76.6652
76.4542
76.1216
75.6672
75.0913
74.3936
73.7224
73.0776
72.4593
71.8675
71.3020
70.7631
70.2506
69.7645
69.3293
68.9449
68.6113
68.3286
68.0966
67.9156
67.7853
67.7059
67.8842
68.3202
69.0139
69.9652
71.1743
72.6411
74.3656
76.3478
79.1651
82.8177
87.3054
92.6282
98.7863
105.7795
113.6079
122.2715
129.9279
136.5771
142.2192
146.8541
150.4817
153.1022
154.7156
155.3217
155.8629
156.3391
156.7504
157.0967
157.3781
157.5945
157.7460
157.8325
157.7174
157.4007
156.8823
156.1622
155.2405
154.1172
152.7922
151.2656
149.6271
147.8767
146.0144
144.0402
141.9541
139.7561
137.4463
135.0245
132.4509
129.7256
126.8485
123.8195
120.6388
117.3063
113.8221
110.1860
107.1097
104.5932
102.6366
101.2397
100.4027
100.1255
100.4081
101.2505
101.8107
102.0888
102.0847
101.7985
101.2302
100.3797
99.2470
97.8322
96.5598
95.4296
94.4418
93.5963
92.8931
92.3323
91.9137
91.6375
91.3123
90.9382
90.5150
90.0428
89.5216
88.9515
88.3323
87.6641
86.9323
86.1367
85.2775
84.3545
83.3678
82.3174
81.2034
80.0256
78.8729
77.7453
76.6429
75.5655
74.5133
73.4861
72.4841
71.5072
70.6818
70.0082
69.4861
69.1157
68.8969
68.8297
68.9141
69.1501
69.1977
69.0567
68.7273
68.2093
67.5028
66.6078
65.5244
64.2524
63.1545
62.2308
61.4813
60.9058
60.5046
60.2774
60.2244
60.3456
60.3495
60.2361
60.0054
59.6575
59.1923
58.6098
57.9101
57.0931
56.2353
55.3368
54.3975
53.4174
52.3966
51.3350
50.2326
49.0895
49.0796
50.2029
52.4594
55.8491
60.3720
66.0281
72.8174
80.7400
88.1034
94.9078
101.1531
106.8393
111.9664
116.5344
120.5433
123.9932
127.2363
130.2726
133.1022
135.7249
138.1409
140.3502
142.3526
144.1483
145.6532
146.8671
147.7902
148.4223
148.7637
148.8141
148.5737
148.0423
147.4003
146.6477
145.7843
144.8103
143.7256
142.5302
141.2241
139.8073
138.3370
136.8132
135.2358
133.6048
131.9203
130.1822
128.3906
126.5454
124.5781
122.4886
120.2771
117.9434
115.4876
112.9097
110.2096
107.3874
104.8363
102.5562
100.5471
98.8091
97.3422
96.1463
95.2214
94.5676
93.9792
93.4561
92.9985
92.6062
92.2794
92.0179
91.8218
91.6911
91.5129
91.2871
91.0139
90.6931
90.3248
89.9090
89.4457
88.9348
88.2153
87.2872
86.1504
84.8049
83.2508
81.4881
79.5167
77.3366
76.3951
76.6921
78.2277
81.0019
85.0146
90.2658
96.7556
104.4840
110.9740
116.2256
120.2388
123.0136
124.5501
124.8481
123.9078
121.7292
119.8961
118.4088
117.2670
116.4710
116.0205
115.9158
116.1567
116.7432
117.2499
117.6769
118.0241
118.2915
118.4791
118.5869
118.6149
118.5632
118.5194
118.4836
118.4558
118.4361
118.4243
118.4204
118.4246
118.4368
118.4502
118.4647
118.4804
118.4973
118.5154
118.5346
118.5551
118.5767
118.5989
118.6216
118.6449
118.6687
118.6931
118.7181
118.7435
118.7696
118.7960
118.8228
118.8499
118.8775
118.9053
118.9336
118.9622
118.9912
119.0193
119.0464
119.0726
119.0978
119.1221
119.1454
119.1678
119.1893
119.2137
119.2411
119.2714
119.3046
119.3408
119.3800
119.4220
119.4671
119.5368
119.6311
119.7502
119.8938
120.0622
120.2552
120.4728
120.7151
120.7996
120.7262
120.4949
120.1058
119.5588
118.8540
117.9913
116.9707
115.7928
114.4575
112.9648
111.3147
109.5073
107.5425
105.4203
103.1407
101.1028
99.3065
97.7519
96.4389
95.3676
94.5380
93.9500
93.6037
93.2140
92.7810
92.3047
91.7850
91.2220
90.6157
89.9660
89.2731
88.6417
88.0719
87.5637
87.1171
86.7321
86.4087
86.1468
85.9466
85.6579
85.2806
84.8148
84.2605
83.6176
82.8862
82.0663
81.1579
80.2486
79.3384
78.4273
77.5152
76.6023
75.6885
74.7738
73.8582
72.9920
72.1752
71.4078
70.6898
70.0212
69.4019
68.8321
68.3116
67.8438
67.4286
67.0661
66.7561
66.4988
66.2941
66.1421
66.0427
65.8356
65.5208
65.0983
64.5681
63.9302
63.1846
62.3313
61.3703
60.4757
59.6477
58.8860
58.1909
57.5622
57.0000
56.5042
56.0749
55.9488
56.1259
56.6063
57.3898
58.4765
59.8665
61.5596
63.5559
66.1071
69.2132
72.8741
77.0898
81.8604
87.1858
93.0661
99.5012
105.7004
111.6637
117.3911
122.8826
128.1382
133.1579
137.9417
142.4896
146.4580
149.8471
152.6567
154.8869
156.5377
157.6090
158.1009
158.0135
157.8444
157.5936
157.2613
156.8473
156.3517
155.7745
155.1156
154.3751
153.5481
152.6345
151.6344
150.5477
149.3745
148.1147
146.7684
145.3355
143.7013
141.8657
139.8289
137.5907
135.1512
132.5103
129.6681
126.6246
123.7072
120.9159
118.2506
115.7115
113.2984
111.0115
108.8506
106.8158
105.0779
103.6371
102.4932
101.6463
101.0964
100.8434
100.8874
101.2284
101.4440
101.5344
101.4994
101.3391
101.0534
100.6425
100.1062
99.4446
98.6657
97.7694
96.7558
95.6249
94.3767
93.0111
91.5282
89.9280
88.5521
87.4004
86.4729
85.7697
85.2908
85.0361
85.0057
85.1995
85.2404
85.1284
84.8634
84.4455
83.8747
83.1509
82.2742
81.2445
80.2893
79.4084
78.6020
77.8699
77.2122
76.6290
76.1201
75.6856
75.2375
74.7759
74.3007
73.8118
73.3094
72.7934
72.2638
71.7207
71.1570
70.5728
69.9680
69.3427
68.6969
68.0306
67.3438
66.6364
65.9605
65.3160
64.7030
64.1214
63.5714
63.0527
62.5655
62.1098
62.0039
62.2478
62.8415
63.7850
65.0783
66.7214
68.7144
71.0571
74.1380
77.9570
82.5142
87.8095
93.8429
100.6145
108.1242
116.3720
123.8183
130.4630
136.3062
141.3478
145.5879
149.0265
151.6635
153.4989
155.0773
156.3987
157.4630
158.2702
158.8205
159.1136
159.1497
158.9288
158.6403
158.2842
157.8606
157.3695
156.8107
156.1845
155.4907
154.7293
153.8266
152.7824
151.5969
150.2700
148.8017
147.1920
145.4409
143.5484
141.4402
139.1162
136.5765
133.8210
130.8497
127.6627
124.2599
120.6413
117.3489
114.3824
111.7421
109.4278
107.4395
105.7773
104.4412
103.4312
102.5840
101.8998
101.3785
101.0201
100.8247
100.7922
100.9226
101.2159
101.2737
101.0962
100.6831
100.0346
99.1506
98.0312
96.6763
95.0860
93.7530
92.6773
91.8589
91.2979
90.9941
90.9477
91.1586
91.6269
91.8222
91.7447
91.3944
90.7711
89.8751
88.7061
87.2643
85.5497
84.0013
82.6193
81.4035
80.3541
79.4710
78.7542
78.2037
77.8196
77.4696
77.1539
76.8725
76.6252
76.4122
76.2334
76.0888
75.9785
75.6588
75.1296
74.3911
73.4432
72.2859
70.9192
69.3431
67.5575
66.0466
64.8102
63.8483
63.1609
62.7482
62.6099
62.7462
63.1570
63.4090
63.5021
63.4364
63.2118
62.8283
62.2859
61.5847
60.7246
60.9522
62.2675
64.6704
68.1610
72.7393
78.4052
85.1589
93.0002
99.0010
103.1613
105.4812
105.9606
108.6003
113.4001
120.3601
129.4803
137.2194
143.5773
148.5541
152.1497
154.7685
156.4104
157.0755
156.7638
156.4547
156.1483
155.8446
155.5435
155.2450
154.9492
154.6561
154.3656
153.9853
153.5152
152.9553
152.3057
151.5662
150.7369
149.8179
148.8090
147.5458
146.0282
144.2563
142.2301
139.9495
137.4146
134.6254
131.5818
128.5651
125.5754
122.6125
119.6767
116.7677
113.8857
111.0306
108.2025
105.6368
103.3335
101.2927
99.5144
97.9985
96.7450
95.7540
95.0254
94.4476
94.0205
93.7442
93.6186
93.6438
93.8198
94.1465
94.6239
94.6859
94.3323
93.5633
92.3788
90.7788
88.7633
86.3323
83.4858
81.0781
79.1093
77.5792
76.4880
75.8357
75.6221
75.8474
76.5115
77.0819
77.5586
77.9417
78.2311
78.4268
78.5288
78.5372
78.4519
78.1847
77.7355
77.1045
76.2915
75.2967
74.1199
72.7612
71.2205
69.9329
68.8984
68.1168
67.5883
67.3128
67.2904
67.5209
68.0045
68.2066
68.1271
67.7662
67.1237
66.1997
64.9942
63.5071
61.7386
60.2586
59.0672
58.1644
57.5502
57.8472
59.0556
61.1752
64.2061
66.1682
67.0614
66.8858
65.6414
78.8958
106.6488
122.8741
127.5718
132.7138
138.3001
144.3306
150.8055
154.6112
155.7476
154.2148
150.0129
146.6391
144.0937
142.3765
141.4875
141.3632
142.0037
143.4088
145.5787
146.8789
147.3093
146.8701
145.5611
143.3824
140.3340
136.4160
131.6282
127.5991
124.3288
121.8172
120.0644
119.0703
118.8349
119.3583
120.6404
121.7853
122.7929
123.6632
124.3963
124.9921
125.4506
125.7719
125.9559
125.8010
125.3072
124.4744
123.3027
121.7920
119.9424
117.7539
115.2264
112.8465
110.6142
108.5295
106.5923
104.8027
103.1608
101.6663
100.3195
99.0732
97.9275
96.8822
95.9375
95.0934
94.3497
93.7066
93.1640
92.6874
92.2767
91.9321
91.6534
91.4406
91.2939
91.2131
91.1983
91.0397
90.7373
90.2912
89.7012
88.9675
88.0899
87.0686
85.9035
84.7366
83.5678
82.3973
81.2250
80.0509
78.8750
77.6972
76.5177
75.5333
74.7441
74.1500
73.7511
73.5473
73.5387
73.7252
74.1069
74.3798
74.5439
74.5992
74.5457
74.3834
74.1123
73.7324
73.2437
72.5906
71.7729
70.7909
69.6443
68.3333
66.8578
65.2179
63.4135
61.9286
60.7632
59.9174
59.3911
59.1843
59.2971
59.7294
60.4812
60.7535
60.5464
59.8599
58.6938
57.0483
54.9234
52.3190
49.2351
48.9395
51.4321
56.7131
64.7823
75.6397
89.2855
105.7195
124.9417
139.5788
149.6307
155.0974
155.9789
155.9862
155.1190
153.3776
150.7618
148.6856
147.1489
146.1518
145.6942
145.7762
146.3978
147.5590
149.2596
150.6531
151.7394
152.5185
152.9904
153.1551
153.0125
152.5628
151.8059
151.3281
151.1294
151.2098
151.5693
152.2080
153.1257
154.3226
155.7986
156.2341
155.6291
153.9837
151.2977
147.5712
142.8043
136.9969
130.1489
124.3151
119.4955
115.6900
112.8986
111.1213
110.3582
110.6092
111.8743
112.6137
112.8274
112.5153
111.6775
110.3139
108.4247
106.0096
103.0689
100.5924
98.5801
97.0321
95.9483
95.3288
95.1735
95.4825
96.2557
96.8843
97.3683
97.7077
97.9025
97.9526
97.8582
97.6192
97.2355
96.8047
96.3266
95.8014
95.2289
94.6092
93.9424
93.2283
92.4670
91.7379
91.0410
90.3762
89.7436
89.1432
88.5749
88.0388
87.5349
87.0177
86.4872
85.9434
85.3863
84.8159
84.2322
83.6352
83.0249
82.4058
81.7779
81.1411
80.4955
79.8411
79.1779
78.5058
77.8249
77.1081
76.3552
75.5664
74.7416
73.8808
72.9840
72.0512
71.0825
70.2041
69.4162
68.7186
68.1115
67.5947
67.1684
66.8325
66.5869
66.3077
65.9947
65.6481
65.2677
64.8536
64.4059
63.9244
63.4092
63.8611
65.2802
67.6663
71.0196
75.3400
80.6274
86.8820
94.1037
101.1140
107.9128
114.5002
120.8762
127.0407
132.9938
138.7354
144.2656
149.1615
153.4230
157.0502
160.0431
162.4017
164.1259
165.2158
165.6714
165.9898
166.1711
166.2152
166.1222
165.8921
165.5248
165.0204
164.3788
163.6225
162.7516
161.7660
160.6657
159.4508
158.1211
156.6768
155.1178
153.3058
151.2407
148.9226
146.3515
143.5273
140.4501
137.1199
133.5366
129.7812
125.8535
121.7537
117.4817
113.0376
108.4212
103.6327
98.6720
94.0280
89.7007
85.6901
81.9962
78.6190
75.5585
72.8147
70.3876
68.3207
66.6142
65.2679
64.2820
63.6563
63.3909
63.4857
63.9409
64.3493
64.7110
65.0258
65.2939
65.5153
65.6899
65.8177
65.8987
65.9706
66.0333
66.0869
66.1313
66.1665
66.1926
66.2096
66.2174
66.2275
66.2399
66.2546
66.2717
66.2910
66.3127
66.3368
66.3631
66.3891
66.4149
66.4403
66.4655
66.4904
66.5150
66.5393
66.5633
66.5788
66.5858
66.5844
66.5744
66.5559
66.5290
66.4935
66.4496
66.4534
66.5049
66.6042
66.7512
66.9459
67.1884
67.4786
67.8165
67.9859
67.9868
67.8191
67.4829
66.9782
66.3049
65.4631
64.4528
64.6321
66.0010
68.5595
72.3076
77.2454
83.3728
90.6899
99.1965
105.8044
110.5134
113.3237
114.2351
116.7833
120.9681
126.7897
134.2479
140.8141
146.4884
151.2708
155.1612
158.1596
160.2660
161.4805
161.8031
162.0468
162.2118
162.2979
162.3053
162.2339
162.0837
161.8548
161.5470
160.9033
159.9236
158.6080
156.9565
154.9690
152.6456
149.9862
146.9909
144.2988
141.9100
139.8246
138.0424
136.5635
135.3879
134.5155
133.9465
133.0331
131.7754
130.1734
128.2270
125.9363
123.3013
120.3219
116.9982
114.0560
111.4954
109.3164
107.5189
106.1029
105.0685
104.4157
104.1443
103.8548
103.5470
103.2209
102.8766
102.5141
102.1333
101.7343
101.3171
100.7227
99.9512
99.0026
97.8770
96.5742
95.0943
93.4373
91.6032
90.0383
88.7426
87.7160
86.9587
86.4705
86.2516
86.3018
86.6212
86.8055
86.8548
86.7690
86.5482
86.1923
85.7013
85.0753
84.3142
83.5217
82.6977
81.8423
80.9554
80.0370
79.0872
78.1060
77.0933
76.1960
75.4144
74.7482
74.1975
73.7623
73.4427
73.2385
73.1499
72.9647
72.6830
72.3047
71.8299
71.2586
70.5908
69.8264
68.9654
68.1141
67.2723
66.4400
65.6173
64.8042
64.0006
63.2066
62.4221
61.9574
61.8125
61.9873
62.4819
63.2963
64.4304
65.8842
67.6579
70.3095
73.8390
78.2465
83.5320
89.6954
96.7368
104.6562
113.4535
121.4142
128.5382
134.8256
140.2763
144.8904
148.6679
151.6087
153.7129
155.6035
157.2804
158.7438
159.9935
161.0297
161.8522
162.4611
162.8564
163.1167
163.2419
163.2319
163.0870
162.8069
162.3918
161.8416
161.1563
160.0831
158.6219
156.7728
154.5357
151.9107
148.8977
145.4967
141.7079
138.2169
135.0239
132.1288
129.5317
127.2325
125.2312
123.5278
122.1224
120.6144
119.0037
117.2905
115.4746
113.5562
111.5351
109.4114
107.1851
105.2377
103.5691
102.1794
101.0686
100.2366
99.6835
99.4092
99.4139
99.3545
99.2311
99.0437
98.7923
98.4769
98.0975
97.6541
97.1467
96.5629
95.9028
95.1662
94.3532
93.4639
92.4981
91.4559
90.3374
89.2415
88.1682
87.1176
86.0895
85.0842
84.1014
83.1413
82.2038
81.2655
80.3265
79.3867
78.4462
77.5049
76.5629
75.6201
74.6765
73.6973
72.6825
71.6321
70.5460
69.4243
68.2670
67.0740
65.8454
64.7314
63.7321
62.8473
62.0772
61.4216
60.8807
60.4544
60.1427
59.7826
59.3741
58.9171
58.4117
57.8579
57.2557
56.6050
55.9060
55.2834
54.7374
54.2679
53.8750
53.5586
53.3188
53.1554
53.0687
53.7751
55.2748
57.5677
60.6539
64.5332
69.2058
74.6717
80.9308
87.1463
93.3182
99.4466
105.5315
111.5728
117.5705
123.5246
129.4352
134.6637
139.2100
143.0742
146.2562
148.7561
150.5739
151.7096
152.1631
152.5624
152.9076
153.1986
153.4354
153.6180
153.7465
153.8208
153.8410
153.7370
153.5089
153.1568
152.6805
152.0801
151.3556
150.5070
149.5343
148.3787
147.0403
145.5191
143.8149
141.9280
139.8582
137.6055
135.1700
132.6398
130.0149
127.2954
124.4812
121.5723
118.5688
115.4706
112.2777
109.4614
107.0218
104.9587
103.2723
101.9625
101.0293
100.4727
100.2927
100.0688
99.8010
99.4892
99.1336
98.7340
98.2905
97.8031
97.2717
96.7127
96.1259
95.5114
94.8692
94.1993
93.5017
92.7763
92.0232
91.2319
90.4024
89.5346
88.6286
87.6844
86.7019
85.6812
84.6222
83.6317
82.7097
81.8561
81.0710
80.3543
79.7061
79.1264
78.6151
78.0693
77.4889
76.8740
76.2245
75.5405
74.8219
74.0688
73.2811
72.5351
71.8307
71.1679
70.5468
69.9673
69.4295
68.9333
68.4787
68.0025
67.5047
66.9853
66.4442
65.8816
65.2972
64.6913
64.0637
63.4277
62.7833
62.1304
61.4690
60.7993
60.1210
59.4344
58.7393
58.3137
58.1578
58.2714
58.6546
59.3074
60.2298
61.4218
62.8833
65.3436
68.8027
73.2606
78.7173
85.1727
92.6269
101.0799
110.5316
119.0915
126.7594
133.5354
139.4195
144.3716
148.3916
151.4796
153.6356
155.5622
157.2594
158.7273
159.9657
160.9747
161.7543
162.3046
162.6254
162.7601
162.7087
162.4711
162.0474
161.4375
160.6415
159.6593
158.4910
157.1464
155.6255
153.9282
152.0547
150.0048
147.7786
145.3761
142.7973
140.1397
137.4032
134.5880
131.6941
128.7213
125.6697
122.5393
119.3302
116.4351
113.8541
111.5872
109.6344
107.9957
106.6710
105.6605
104.9640
104.3120
103.7045
103.1414
102.6228
102.1487
101.7190
101.3337
100.9930
100.6498
100.3044
99.9565
99.6063
99.2537
98.8988
98.5415
98.1819
97.7375
97.2084
96.5946
95.8960
95.1127
94.2446
93.2918
92.2543
91.2221
90.1951
89.1733
88.1568
87.1456
86.1396
85.1389
84.1434
83.1317
82.1038
81.0596
79.9992
78.9226
77.8298
76.7207
75.5954
74.5937
73.7158
72.9616
72.3310
71.8241
71.4410
71.1815
71.0457
70.7901
70.4148
69.9197
69.3048
68.5702
67.7157
66.7415
65.6475
64.5420
63.4250
62.2965
61.1565
60.0050
58.8420
57.6674
56.4814
56.2894
57.0916
58.8878
61.6780
65.4624
70.2408
76.0134
82.7800
88.8790
94.3106
99.0746
103.1711
106.6001
109.3615
111.4554
112.8818
114.7760
117.1381
119.9681
123.2659
127.0316
131.2652
135.9667
141.1360
145.3773
148.6908
151.0762
152.5338
153.0634
152.6650
151.3387
149.0844
147.2617
145.8704
144.9107
144.3824
144.2856
144.6204
145.3866
146.5843
147.3361
147.6419
147.5018
146.9157
145.8837
144.4057
142.4817
140.1118
137.6423
135.0732
132.4044
129.6360
126.7680
123.8003
120.7330
117.5661
114.6562
112.0032
109.6071
107.4681
105.5859
103.9608
102.5926
101.4813
100.4398
99.4681
98.5660
97.7337
96.9712
96.2784
95.6553
95.1019
94.6068
94.1700
93.7914
93.4711
93.2090
93.0052
92.8597
92.7725
92.6671
92.5436
92.4020
92.2422
92.0644
91.8684
91.6544
91.4222
90.9849
90.3426
89.4953
88.4428
87.1854
85.7228
84.0552
82.1825
80.5298
79.0970
77.8842
76.8914
76.1185
75.5656
75.2327
75.1197
74.9010
74.5768
74.1470
73.6115
72.9705
72.2238
71.3715
70.4136
69.4629
68.5195
67.5832
66.6542
65.7324
64.8178
63.9105
63.0104
62.2503
61.6303
61.1503
60.8105
60.6106
60.5509
60.6312
60.8515
60.7821
60.4229
59.7738
58.8349
57.5908
56.0414
54.1867
52.0267
51.4264
52.3859
54.9050
58.9839
63.8645
69.5469
76.0310
83.3169
92.8827
104.7285
112.5182
116.2520
119.7195
122.9209
125.8560
128.5250
131.1517
133.7360
136.2780
138.7777
141.3867
144.1050
146.9325
149.8694
152.4737
154.7456
156.6851
158.2920
159.5665
160.5086
161.1182
161.3953
161.3887
161.0983
160.5242
159.6663
158.5247
157.0993
155.3902
153.3973
151.4665
149.5977
147.7910
146.0463
144.3636
142.7430
141.1845
139.6880
138.0058
136.1378
134.0842
131.8448
129.4198
126.8090
124.0125
121.0303
118.3012
115.8252
113.6024
111.6328
109.9162
108.4528
107.2426
106.2855
105.3947
104.5702
103.8119
103.1201
102.4945
101.9352
101.4422
101.0155
100.5780
100.1296
99.6705
99.2004
98.7196
98.2279
97.7254
97.2120
96.6955
96.1757
95.6527
95.1265
94.5971
94.0645
93.5286
92.9895
92.3653
91.6559
90.8613
89.9815
89.0165
87.9664
86.8311
85.6106
84.3794
83.1375
81.8848
80.6214
79.3473
78.0625
76.7670
75.4607
74.2786
73.2206
72.2868
71.4772
70.7917
70.2304
69.7932
69.4802
69.0846
68.6064
68.0456
67.4022
66.6762
65.8676
64.9764
64.0027
63.1473
62.4102
61.7916
61.2913
60.9093
60.6458
60.5006
60.4738
60.2404
59.8006
59.1544
58.3016
57.2423
55.9766
54.5044
52.8257
52.3074
52.9494
54.7518
57.7146
61.8378
67.1214
73.5653
81.1697
88.3035
94.9668
101.1597
106.8820
112.1339
116.9153
121.2262
125.0666
128.6604
132.0077
135.1083
137.9624
140.5698
142.9307
145.0449
146.9126
148.4621
149.6934
150.6064
151.2013
151.4779
151.4363
151.0765
150.3985
149.7106
149.0127
148.3048
147.5871
146.8593
146.1216
145.3740
144.6164
143.6969
142.6154
141.3719
139.9665
138.3991
136.6698
134.7784
132.7252
130.6495
128.5514
126.4310
124.2882
122.1229
119.9353
117.7253
115.4930
113.5098
111.7760
110.2914
109.0560
108.0699
107.3331
106.8455
106.6071
106.3584
106.0993
105.8298
105.5499
105.2596
104.9589
104.6479
104.3264
103.9828
103.6172
103.2295
102.8197
102.3879
101.9340
101.4579
100.9599
100.4216
99.8432
99.2246
98.5659
97.8670
97.1279
96.3487
95.5293
94.6743
93.7839
92.8579
91.8965
90.8995
89.8670
88.7989
87.6954
86.6443
85.6458
84.6997
83.8062
82.9651
82.1766
81.4406
80.7570
80.0257
79.2464
78.4193
77.5444
76.6216
75.6509
74.6324
73.5661
72.6085
71.7598
71.0199
70.3889
69.8666
69.4532
69.1486
68.9529
68.7157
68.4371
68.1170
67.7556
67.3527
66.9084
66.4227
65.8956
65.6046
65.5498
65.7312
66.1487
66.8024
67.6923
68.8184
70.1806
72.4020
75.4824
79.4220
84.2207
89.8785
96.3955
103.7715
112.0067
119.4487
126.0975
131.9532
137.0158
141.2851
144.7614
147.4445
149.3344
150.9683
152.3463
153.4682
154.3342
154.9442
155.2982
155.3962
155.2382
155.0303
154.7724
154.4647
154.1070
153.6995
153.2420
152.7346
152.1773
151.3763
150.3315
149.0430
147.5109
145.7349
143.7153
141.4519
138.9449
136.3332
133.6171
130.7963
127.8711
124.8413
121.7069
118.4680
115.1246
112.0880
109.3584
106.9356
104.8198
103.0109
101.5088
100.3137
99.4254
98.5901
97.8077
97.0783
96.4018
95.7783
95.2077
94.6901
94.2254
93.7797
93.3530
92.9453
92.5566
92.1869
91.8362
91.5045
91.1918
90.8116
90.3640
89.8490
89.2665
88.6166
87.8992
87.1144
86.2621
85.3741
84.4503
83.4908
82.4955
81.4645
80.3977
79.2952
78.1569
77.0764
76.0538
75.0891
74.1822
73.3332
72.5420
71.8086
71.1331
70.4326
69.7069
68.9561
68.1803
67.3793
66.5532
65.7021
64.8259
63.9835
63.1751
62.4005
61.6599
60.9531
60.2803
59.6413
59.0363
58.4316
57.8273
57.2235
56.6200
56.0169
55.4143
54.8120
54.2101
53.8488
53.7281
53.8479
54.2083
54.8093
55.6509
56.7330
58.0557
60.0707
62.7778
66.1772
70.2689
75.0527
80.5288
86.6971
93.5577
100.0065
106.0437
111.6692
116.8830
121.6851
126.0755
130.0542
133.6212
136.8584
139.7659
142.3435
144.5914
146.5094
148.0977
149.3562
150.2849
151.0864
151.7606
152.3077
152.7276
153.0203
153.1857
153.2240
153.1351
152.8303
152.3096
151.5732
150.6208
149.4526
148.0686
146.4687
144.6530
142.7316
140.7045
138.5717
136.3332
133.9890
131.5391
128.9835
126.3223
123.6901
121.0869
118.5129
115.9679
113.4520
110.9651
108.5074
106.0786
104.0221
102.3376
101.0252
100.0850
99.5169
99.3209
99.4970
100.0453
100.4385
100.6768
100.7600
100.6883
100.4615
100.0797
99.5429
98.8512
98.2317
97.6844
